"cohort","ind","fish_size","Year","Age","AgeE","dtype","FMORT","M","Sel","FSIM","REG"
1,1,62.1565361544901,0,0,0.4996515099108,"M",0,0.25,1,"MED HIGH HIGH",NA
1,2,191.937277820495,5,5,5.49801227694784,"M",0,0.25,1,"MED HIGH HIGH",NA
1,3,99.9998779063554,1,1,1.50032352939231,"M",0,0.25,1,"MED HIGH HIGH",NA
1,4,62.6735297837235,0,0,0.499425713501034,"M",0,0.25,1,"MED HIGH HIGH",NA
1,5,63.5825842229925,0,0,0.500512600658723,"M",0,0.25,1,"MED HIGH HIGH",NA
1,6,97.6996784946928,1,1,1.50011791445116,"M",0,0.25,1,"MED HIGH HIGH",NA
1,7,211.880077160357,6,6,6.50077180536648,"M",0,0.25,1,"MED HIGH HIGH",NA
1,8,121.53947943749,2,2,2.50207822859803,"M",0,0.25,1,"MED HIGH HIGH",NA
1,9,173.411883212009,5,5,5.50036015594139,"M",0,0.25,1,"MED HIGH HIGH",NA
1,10,122.007798484611,2,2,2.49975429272068,"M",0,0.25,1,"MED HIGH HIGH",NA
1,11,176.068212953063,4,4,4.5014534050502,"M",0,0.25,1,"MED HIGH HIGH",NA
1,12,180.652317075765,4,4,4.50049978112884,"M",0,0.25,1,"MED HIGH HIGH",NA
2,1,138.7347640839,3,2,2.50104146630558,"M",0,0.25,1,"MED HIGH HIGH",NA
2,2,62.6228032099013,1,0,0.49958324652928,"M",0,0.25,1,"MED HIGH HIGH",NA
2,3,145.470467719286,4,3,3.50139438057351,"M",0,0.25,1,"MED HIGH HIGH",NA
2,4,62.4258743138673,1,0,0.499737712369463,"M",0,0.25,1,"MED HIGH HIGH",NA
2,5,141.956749146667,4,3,3.50111500032786,"M",0,0.25,1,"MED HIGH HIGH",NA
2,6,170.973801688919,6,5,5.49934418906563,"M",0,0.25,1,"MED HIGH HIGH",NA
2,7,159.18987127821,4,3,3.49987517314209,"M",0,0.25,1,"MED HIGH HIGH",NA
2,8,169.190659768144,5,4,4.49981812046802,"M",0,0.25,1,"MED HIGH HIGH",NA
2,9,183.255786224384,7,6,6.50023812422485,"M",0,0.25,1,"MED HIGH HIGH",NA
2,10,220.725224495138,11,10,10.5006254505074,"M",0,0.25,1,"MED HIGH HIGH",NA
3,1,152.273539398369,5,3,3.50039698077921,"M",0,0.25,1,"MED HIGH HIGH",NA
3,2,63.8647738853899,2,0,0.499921891320732,"M",0,0.25,1,"MED HIGH HIGH",NA
3,3,172.468356396321,5,3,3.50113033719122,"M",0,0.25,1,"MED HIGH HIGH",NA
3,4,257.351698689195,10,8,8.5000546268222,"M",0,0.25,1,"MED HIGH HIGH",NA
3,5,215.068773336871,13,11,11.4985838661499,"M",0,0.25,1,"MED HIGH HIGH",NA
3,6,201.539445936567,10,8,8.50029021058369,"M",0,0.25,1,"MED HIGH HIGH",NA
3,7,176.935772266749,6,4,4.4997541608628,"M",0,0.25,1,"MED HIGH HIGH",NA
3,8,61.6273897781676,2,0,0.500689292547464,"M",0,0.25,1,"MED HIGH HIGH",NA
3,9,105.618876665144,3,1,1.49800555701883,"M",0,0.25,1,"MED HIGH HIGH",NA
3,10,100.274825991954,3,1,1.50082290862595,"M",0,0.25,1,"MED HIGH HIGH",NA
3,11,62.7784867152198,2,0,0.500822722071867,"M",0,0.25,1,"MED HIGH HIGH",NA
3,12,192.803128431237,6,4,4.50032705177158,"M",0,0.25,1,"MED HIGH HIGH",NA
4,1,164.265947424731,8,5,5.49909577505843,"M",0,0.25,1,"MED HIGH HIGH",NA
4,2,100.706973321167,4,1,1.49855554963419,"M",0,0.25,1,"MED HIGH HIGH",NA
4,3,230.848757071213,16,13,13.500721585825,"M",0,0.25,1,"MED HIGH HIGH",NA
4,4,63.3491605011964,3,0,0.501119541936102,"M",0,0.25,1,"MED HIGH HIGH",NA
4,5,124.28464447178,5,2,2.50082266543954,"M",0,0.25,1,"MED HIGH HIGH",NA
4,6,217.30716906151,13,10,10.500885139829,"M",0,0.25,1,"MED HIGH HIGH",NA
4,7,141.542803802848,6,3,3.50238647796724,"M",0,0.25,1,"MED HIGH HIGH",NA
4,8,178.023917060996,9,6,6.49954354719203,"M",0,0.25,1,"MED HIGH HIGH",NA
4,9,61.8835018078968,3,0,0.500936194273235,"M",0,0.25,1,"MED HIGH HIGH",NA
4,10,172.939861440678,9,6,6.49934989056211,"M",0,0.25,1,"MED HIGH HIGH",NA
4,11,177.763408930837,9,6,6.49995367946539,"M",0,0.25,1,"MED HIGH HIGH",NA
4,12,179.183832384034,9,6,6.50144627030784,"M",0,0.25,1,"MED HIGH HIGH",NA
4,13,62.3180862100146,3,0,0.499321624104582,"M",0,0.25,1,"MED HIGH HIGH",NA
5,1,167.703153486951,8,4,4.49952864730979,"M",0,0.25,1,"MED HIGH HIGH",NA
5,2,233.74299129978,16,12,12.4986149042045,"M",0,0.25,1,"MED HIGH HIGH",NA
5,3,101.302152267114,5,1,1.49875234196015,"M",0,0.25,1,"MED HIGH HIGH",NA
5,4,156.215122670027,8,4,4.49785605848517,"M",0,0.25,1,"MED HIGH HIGH",NA
5,5,124.671695836614,6,2,2.50116087221678,"M",0,0.25,1,"MED HIGH HIGH",NA
5,6,217.979688943105,13,9,9.5000638939469,"M",0,0.25,1,"MED HIGH HIGH",NA
5,7,59.5465572096149,4,0,0.500030023939743,"M",0,0.25,1,"MED HIGH HIGH",NA
5,8,62.8150767589543,4,0,0.500172417304833,"M",0,0.25,1,"MED HIGH HIGH",NA
5,9,177.781798873457,8,4,4.49986628074888,"M",0,0.25,1,"MED HIGH HIGH",NA
5,10,156.171557478217,8,4,4.49957408088706,"M",0,0.25,1,"MED HIGH HIGH",NA
5,11,130.181475601864,6,2,2.50225002258036,"M",0,0.25,1,"MED HIGH HIGH",NA
6,1,154.828652366646,10,5,5.49981853047344,"M",0,0.25,1,"MED HIGH HIGH",NA
6,2,62.8554421245689,5,0,0.499346058451509,"M",0,0.25,1,"MED HIGH HIGH",NA
6,3,192.485086615731,16,11,11.4986958836027,"M",0,0.25,1,"MED HIGH HIGH",NA
6,4,170.101507857302,10,5,5.49973886853316,"M",0,0.25,1,"MED HIGH HIGH",NA
6,5,101.167142061823,6,1,1.49885246510451,"M",0,0.25,1,"MED HIGH HIGH",NA
6,6,151.965832121469,8,3,3.49958626751619,"M",0,0.25,1,"MED HIGH HIGH",NA
6,7,95.6645984336241,6,1,1.50029951874258,"M",0,0.25,1,"MED HIGH HIGH",NA
6,8,61.3963553385933,5,0,0.500557722833951,"M",0,0.25,1,"MED HIGH HIGH",NA
6,9,178.568401158147,13,8,8.49823085844467,"M",0,0.25,1,"MED HIGH HIGH",NA
6,10,59.9219817801195,5,0,0.497979565220195,"M",0,0.25,1,"MED HIGH HIGH",NA
6,11,156.19203890903,9,4,4.50076763755722,"M",0,0.25,1,"MED HIGH HIGH",NA
6,12,125.037887718563,7,2,2.49849925871527,"M",0,0.25,1,"MED HIGH HIGH",NA
6,13,95.458782981046,6,1,1.50052918076774,"M",0,0.25,1,"MED HIGH HIGH",NA
7,1,195.629901060911,15,9,9.49739040959873,"M",0,0.25,1,"MED HIGH HIGH",NA
7,2,202.264946209292,15,9,9.49956231698219,"M",0,0.25,1,"MED HIGH HIGH",NA
7,3,208.89479199988,15,9,9.50086948195298,"M",0,0.25,1,"MED HIGH HIGH",NA
7,4,173.875242703221,10,4,4.49955675112545,"M",0,0.25,1,"MED HIGH HIGH",NA
7,5,214.477921331613,14,8,8.49906753167237,"M",0,0.25,1,"MED HIGH HIGH",NA
7,6,179.777077098209,12,6,6.49887204458757,"M",0,0.25,1,"MED HIGH HIGH",NA
7,7,64.8180817306983,6,0,0.497895474517377,"M",0,0.25,1,"MED HIGH HIGH",NA
7,8,197.851416268587,13,7,7.49909127560849,"M",0,0.25,1,"MED HIGH HIGH",NA
7,9,61.0578628737845,6,0,0.5000233730265,"M",0,0.25,1,"MED HIGH HIGH",NA
7,10,62.91942578644,6,0,0.498766149589124,"M",0,0.25,1,"MED HIGH HIGH",NA
7,11,98.6725584157265,7,1,1.49970966773502,"M",0,0.25,1,"MED HIGH HIGH",NA
7,12,159.224584245789,10,4,4.4987884591836,"M",0,0.25,1,"MED HIGH HIGH",NA
8,1,62.843274383567,7,0,0.501070114622531,"M",0,0.25,1,"MED HIGH HIGH",NA
8,2,63.0774200192723,7,0,0.500110299360294,"M",0,0.25,1,"MED HIGH HIGH",NA
8,3,200.917088240805,13,6,6.49970892395377,"M",0,0.25,1,"MED HIGH HIGH",NA
8,4,63.484541941775,7,0,0.500323382479247,"M",0,0.25,1,"MED HIGH HIGH",NA
8,5,98.8769190981462,8,1,1.50029965789524,"M",0,0.25,1,"MED HIGH HIGH",NA
8,6,128.314173860151,9,2,2.49765876720775,"M",0,0.25,1,"MED HIGH HIGH",NA
8,7,60.80312794804,7,0,0.501604287614599,"M",0,0.25,1,"MED HIGH HIGH",NA
8,8,63.212255782682,7,0,0.500186944989368,"M",0,0.25,1,"MED HIGH HIGH",NA
8,9,128.895363833998,9,2,2.49864972186599,"M",0,0.25,1,"MED HIGH HIGH",NA
8,10,64.994744527537,7,0,0.500147572983308,"M",0,0.25,1,"MED HIGH HIGH",NA
8,11,99.1617617211362,8,1,1.49879112349313,"M",0,0.25,1,"MED HIGH HIGH",NA
8,12,219.546004870749,14,7,7.50082309978599,"M",0,0.25,1,"MED HIGH HIGH",NA
8,13,186.079267867359,12,5,5.49976246946236,"M",0,0.25,1,"MED HIGH HIGH",NA
8,14,157.619435944264,10,3,3.49923288596009,"M",0,0.25,1,"MED HIGH HIGH",NA
8,15,94.660037735595,8,1,1.50022857580896,"M",0,0.25,1,"MED HIGH HIGH",NA
9,1,120.046600344464,10,2,2.50010473330678,"M",0,0.25,1,"MED HIGH HIGH",NA
9,2,61.0155067477757,8,0,0.499122865477021,"M",0,0.25,1,"MED HIGH HIGH",NA
9,3,63.96097029564,8,0,0.5003062712891,"M",0,0.25,1,"MED HIGH HIGH",NA
9,4,234.471694246774,17,9,9.49982251961151,"M",0,0.25,1,"MED HIGH HIGH",NA
9,5,143.427655578666,11,3,3.49947283596652,"M",0,0.25,1,"MED HIGH HIGH",NA
9,6,62.7344311746068,8,0,0.500479998852497,"M",0,0.25,1,"MED HIGH HIGH",NA
9,7,123.32838349471,10,2,2.50100547853208,"M",0,0.25,1,"MED HIGH HIGH",NA
9,8,62.0879419587343,8,0,0.501421115894643,"M",0,0.25,1,"MED HIGH HIGH",NA
9,9,123.693524977131,10,2,2.50052907306848,"M",0,0.25,1,"MED HIGH HIGH",NA
9,10,153.872918881015,11,3,3.4991159103121,"M",0,0.25,1,"MED HIGH HIGH",NA
9,11,93.876942215646,9,1,1.4988352634677,"M",0,0.25,1,"MED HIGH HIGH",NA
9,12,212.374892927903,20,12,12.500300648466,"M",0,0.25,1,"MED HIGH HIGH",NA
10,1,190.181626402281,16,7,7.49939046065361,"M",0,0.25,1,"MED HIGH HIGH",NA
10,2,60.9445627436416,9,0,0.500122315775993,"M",0,0.25,1,"MED HIGH HIGH",NA
10,3,61.1367791547188,9,0,0.500105370088176,"M",0,0.25,1,"MED HIGH HIGH",NA
10,4,61.6217342729738,9,0,0.500532783444929,"M",0,0.25,1,"MED HIGH HIGH",NA
10,5,186.206364984433,14,5,5.49993715523983,"M",0,0.25,1,"MED HIGH HIGH",NA
10,6,93.4196602105499,10,1,1.49887402934885,"M",0,0.25,1,"MED HIGH HIGH",NA
10,7,96.9204894744817,10,1,1.50040264987067,"M",0,0.25,1,"MED HIGH HIGH",NA
10,8,128.73197258169,11,2,2.49981176101182,"M",0,0.25,1,"MED HIGH HIGH",NA
10,9,136.827837518151,12,3,3.50131441827195,"M",0,0.25,1,"MED HIGH HIGH",NA
10,10,142.173523640899,13,4,4.50036615769158,"M",0,0.25,1,"MED HIGH HIGH",NA
10,11,62.5494612156648,9,0,0.498998879359349,"M",0,0.25,1,"MED HIGH HIGH",NA
10,12,135.430604147918,11,2,2.49857835286214,"M",0,0.25,1,"MED HIGH HIGH",NA
10,13,163.412804897994,13,4,4.49783301541282,"M",0,0.25,1,"MED HIGH HIGH",NA
11,1,187.13075450869,17,7,7.49925499120612,"M",0,0.25,1,"MED HIGH HIGH",NA
11,2,64.074316356006,10,0,0.500848589764045,"M",0,0.25,1,"MED HIGH HIGH",NA
11,3,101.936143521672,11,1,1.50038827372258,"M",0,0.25,1,"MED HIGH HIGH",NA
11,4,102.574042717212,11,1,1.49928245621695,"M",0,0.25,1,"MED HIGH HIGH",NA
11,5,183.382921943188,15,5,5.4980221835307,"M",0,0.25,1,"MED HIGH HIGH",NA
11,6,216.952105854407,18,8,8.49965292250224,"M",0,0.25,1,"MED HIGH HIGH",NA
11,7,199.15912265036,17,7,7.50123570437657,"M",0,0.25,1,"MED HIGH HIGH",NA
11,8,155.66360911371,14,4,4.50045241536848,"M",0,0.25,1,"MED HIGH HIGH",NA
11,9,95.9054536061861,11,1,1.50010955379436,"M",0,0.25,1,"MED HIGH HIGH",NA
11,10,63.1898381704886,10,0,0.499399854929559,"M",0,0.25,1,"MED HIGH HIGH",NA
11,11,124.410686302957,12,2,2.5013397301912,"M",0,0.25,1,"MED HIGH HIGH",NA
11,12,132.643559278204,13,3,3.49804630717324,"M",0,0.25,1,"MED HIGH HIGH",NA
11,13,157.646864612958,14,4,4.49990882498439,"M",0,0.25,1,"MED HIGH HIGH",NA
12,1,59.1118305352526,11,0,0.499515305239998,"M",0,0.25,1,"MED HIGH HIGH",NA
12,2,65.0088545701556,11,0,0.500043625352106,"M",0,0.25,1,"MED HIGH HIGH",NA
12,3,100.198457324053,12,1,1.50058985988312,"M",0,0.25,1,"MED HIGH HIGH",NA
12,4,98.240508741136,12,1,1.50038974746477,"M",0,0.25,1,"MED HIGH HIGH",NA
12,5,59.917895939664,11,0,0.497942723532284,"M",0,0.25,1,"MED HIGH HIGH",NA
12,6,100.481297020736,12,1,1.50070589823485,"M",0,0.25,1,"MED HIGH HIGH",NA
12,7,214.358375204255,24,13,13.4986131993333,"M",0,0.25,1,"MED HIGH HIGH",NA
12,8,63.8253770452568,11,0,0.499937387352557,"M",0,0.25,1,"MED HIGH HIGH",NA
12,9,183.537906200755,16,5,5.49956656751081,"M",0,0.25,1,"MED HIGH HIGH",NA
12,10,111.998596984772,13,2,2.49938636755451,"M",0,0.25,1,"MED HIGH HIGH",NA
12,11,91.1306355093836,12,1,1.50024201482061,"M",0,0.25,1,"MED HIGH HIGH",NA
12,12,181.827133708363,21,10,10.5008531247787,"M",0,0.25,1,"MED HIGH HIGH",NA
13,1,124.506869203198,14,2,2.49852127036732,"M",0,0.25,1,"MED HIGH HIGH",NA
13,2,188.636263354515,17,5,5.50162579879571,"M",0,0.25,1,"MED HIGH HIGH",NA
13,3,137.860401020791,15,3,3.50234211629984,"M",0,0.25,1,"MED HIGH HIGH",NA
13,4,62.3981345171083,12,0,0.499174413678839,"M",0,0.25,1,"MED HIGH HIGH",NA
13,5,64.0606469767079,12,0,0.499768966577331,"M",0,0.25,1,"MED HIGH HIGH",NA
13,6,179.238097494084,19,7,7.49965241386669,"M",0,0.25,1,"MED HIGH HIGH",NA
13,7,131.000788125783,14,2,2.50021445192075,"M",0,0.25,1,"MED HIGH HIGH",NA
13,8,136.89044600682,15,3,3.50030537459923,"M",0,0.25,1,"MED HIGH HIGH",NA
13,9,66.7510178581692,12,0,0.498790563807782,"M",0,0.25,1,"MED HIGH HIGH",NA
13,10,199.082258708987,21,9,9.50182889518063,"M",0,0.25,1,"MED HIGH HIGH",NA
13,11,158.208267920905,16,4,4.50081200961339,"M",0,0.25,1,"MED HIGH HIGH",NA
14,1,152.074061075443,16,3,3.49992589051184,"M",0,0.25,1,"MED HIGH HIGH",NA
14,2,130.47454062415,15,2,2.50108598185798,"M",0,0.25,1,"MED HIGH HIGH",NA
14,3,62.5407178667826,13,0,0.499457567927163,"M",0,0.25,1,"MED HIGH HIGH",NA
14,4,131.63183078518,15,2,2.49884935842981,"M",0,0.25,1,"MED HIGH HIGH",NA
14,5,94.6412428200681,14,1,1.50138482691731,"M",0,0.25,1,"MED HIGH HIGH",NA
14,6,166.274166530734,17,4,4.49936276827651,"M",0,0.25,1,"MED HIGH HIGH",NA
14,7,194.00019421507,27,14,14.4977711766422,"M",0,0.25,1,"MED HIGH HIGH",NA
14,8,192.375030373444,21,8,8.4995840237143,"M",0,0.25,1,"MED HIGH HIGH",NA
14,9,103.344506485033,14,1,1.4995322214823,"M",0,0.25,1,"MED HIGH HIGH",NA
14,10,61.5634270931002,13,0,0.499261331812176,"M",0,0.25,1,"MED HIGH HIGH",NA
14,11,135.319706630407,15,2,2.49983217420286,"M",0,0.25,1,"MED HIGH HIGH",NA
14,12,155.327633160926,19,6,6.50077300447426,"M",0,0.25,1,"MED HIGH HIGH",NA
15,1,146.542706366849,18,4,4.50072013846728,"M",0,0.25,1,"MED HIGH HIGH",NA
15,2,122.075231574109,16,2,2.49930148493073,"M",0,0.25,1,"MED HIGH HIGH",NA
15,3,182.674311318233,19,5,5.49991287334841,"M",0,0.25,1,"MED HIGH HIGH",NA
15,4,96.7152103195429,15,1,1.49960672748449,"M",0,0.25,1,"MED HIGH HIGH",NA
15,5,97.5902288910838,15,1,1.50026655837657,"M",0,0.25,1,"MED HIGH HIGH",NA
15,6,61.9684717453342,14,0,0.499030414502912,"M",0,0.25,1,"MED HIGH HIGH",NA
15,7,65.0131337392501,14,0,0.500615135506497,"M",0,0.25,1,"MED HIGH HIGH",NA
15,8,62.4856461990866,14,0,0.499120781745637,"M",0,0.25,1,"MED HIGH HIGH",NA
15,9,223.320654284053,22,8,8.4997514067422,"M",0,0.25,1,"MED HIGH HIGH",NA
15,10,124.954605795385,16,2,2.49929770270137,"M",0,0.25,1,"MED HIGH HIGH",NA
15,11,190.780573181411,20,6,6.50023596614871,"M",0,0.25,1,"MED HIGH HIGH",NA
16,1,145.134867985513,18,3,3.5016001133814,"M",0,0.25,1,"MED HIGH HIGH",NA
16,2,63.5286986756202,15,0,0.497378540111826,"M",0,0.25,1,"MED HIGH HIGH",NA
16,3,62.4825168257214,15,0,0.498694786563091,"M",0,0.25,1,"MED HIGH HIGH",NA
16,4,146.698418968424,18,3,3.50148741436836,"M",0,0.25,1,"MED HIGH HIGH",NA
16,5,98.7530172559632,16,1,1.50049374613053,"M",0,0.25,1,"MED HIGH HIGH",NA
16,6,149.838099727324,19,4,4.49851928078341,"M",0,0.25,1,"MED HIGH HIGH",NA
16,7,94.6685852020051,16,1,1.49926288333373,"M",0,0.25,1,"MED HIGH HIGH",NA
16,8,121.288061367575,17,2,2.49978018073227,"M",0,0.25,1,"MED HIGH HIGH",NA
16,9,105.673316308331,16,1,1.50078308954589,"M",0,0.25,1,"MED HIGH HIGH",NA
16,10,62.82327438095,15,0,0.500453958765499,"M",0,0.25,1,"MED HIGH HIGH",NA
16,11,182.486523239417,20,5,5.49827340406763,"M",0,0.25,1,"MED HIGH HIGH",NA
16,12,99.7748146670811,16,1,1.49933141593251,"M",0,0.25,1,"MED HIGH HIGH",NA
17,1,187.331592291605,21,5,5.49996034419345,"M",0,0.25,1,"MED HIGH HIGH",NA
17,2,128.660661821498,18,2,2.49943329777511,"M",0,0.25,1,"MED HIGH HIGH",NA
17,3,153.265064638304,19,3,3.49918245244738,"M",0,0.25,1,"MED HIGH HIGH",NA
17,4,61.7748750556431,16,0,0.497920218413792,"M",0,0.25,1,"MED HIGH HIGH",NA
17,5,157.74382811968,19,3,3.50117425970813,"M",0,0.25,1,"MED HIGH HIGH",NA
17,6,175.542010451425,22,6,6.49739914574042,"M",0,0.25,1,"MED HIGH HIGH",NA
17,7,62.7475919255811,16,0,0.499380519018887,"M",0,0.25,1,"MED HIGH HIGH",NA
17,8,141.935665653151,19,3,3.49967526433096,"M",0,0.25,1,"MED HIGH HIGH",NA
17,9,63.7013779291479,16,0,0.499163236756312,"M",0,0.25,1,"MED HIGH HIGH",NA
17,10,217.867296072859,25,9,9.50109415422367,"M",0,0.25,1,"MED HIGH HIGH",NA
17,11,92.3103857203856,17,1,1.49949675714928,"M",0,0.25,1,"MED HIGH HIGH",NA
17,12,154.6751954464,21,5,5.49714965748855,"M",0,0.25,1,"MED HIGH HIGH",NA
18,1,64.3617333288294,17,0,0.500161113170275,"M",0,0.25,1,"MED HIGH HIGH",NA
18,2,94.7210282703309,18,1,1.49844012636724,"M",0,0.25,1,"MED HIGH HIGH",NA
18,3,182.023742300598,23,6,6.49962492706703,"M",0,0.25,1,"MED HIGH HIGH",NA
18,4,192.620642608698,31,14,14.4995107551049,"M",0,0.25,1,"MED HIGH HIGH",NA
18,5,194.322317912498,25,8,8.50202206756259,"M",0,0.25,1,"MED HIGH HIGH",NA
18,6,60.9579476610996,17,0,0.500253262250923,"M",0,0.25,1,"MED HIGH HIGH",NA
18,7,137.103100100014,19,2,2.49880996891473,"M",0,0.25,1,"MED HIGH HIGH",NA
18,8,63.6227329008282,17,0,0.499005260441559,"M",0,0.25,1,"MED HIGH HIGH",NA
18,9,61.7883666382659,17,0,0.499809553133613,"M",0,0.25,1,"MED HIGH HIGH",NA
18,10,197.347591909699,24,7,7.50038873934756,"M",0,0.25,1,"MED HIGH HIGH",NA
18,11,152.592693092279,20,3,3.50114035690842,"M",0,0.25,1,"MED HIGH HIGH",NA
18,12,62.5654523928183,17,0,0.501310058901672,"M",0,0.25,1,"MED HIGH HIGH",NA
18,13,60.7149098451664,17,0,0.50098242529741,"M",0,0.25,1,"MED HIGH HIGH",NA
19,1,65.4262301300821,18,0,0.501578124009809,"M",0,0.25,1,"MED HIGH HIGH",NA
19,2,191.278700047698,24,6,6.49941726530088,"M",0,0.25,1,"MED HIGH HIGH",NA
19,3,63.1022123903373,18,0,0.501375777678758,"M",0,0.25,1,"MED HIGH HIGH",NA
19,4,131.717946400101,20,2,2.50131832039797,"M",0,0.25,1,"MED HIGH HIGH",NA
19,5,201.260592392385,24,6,6.50142548615232,"M",0,0.25,1,"MED HIGH HIGH",NA
19,6,64.9221266179291,18,0,0.499028263747918,"M",0,0.25,1,"MED HIGH HIGH",NA
19,7,206.912554641649,26,8,8.49976459209062,"M",0,0.25,1,"MED HIGH HIGH",NA
19,8,191.191293066627,25,7,7.49892383608022,"M",0,0.25,1,"MED HIGH HIGH",NA
19,9,182.122544814367,22,4,4.50058453487265,"M",0,0.25,1,"MED HIGH HIGH",NA
19,10,62.445347797398,18,0,0.499498565069583,"M",0,0.25,1,"MED HIGH HIGH",NA
19,11,126.782696107158,20,2,2.5000835972524,"M",0,0.25,1,"MED HIGH HIGH",NA
19,12,121.248299462557,20,2,2.49953923701626,"M",0,0.25,1,"MED HIGH HIGH",NA
19,13,59.3755578587336,18,0,0.498490174331761,"M",0,0.25,1,"MED HIGH HIGH",NA
20,1,62.9609117695959,19,0,0.500741752028025,"M",0,0.25,1,"MED HIGH HIGH",NA
20,2,159.357324994913,22,3,3.49918988380563,"M",0,0.25,1,"MED HIGH HIGH",NA
20,3,63.3136794845269,19,0,0.500331150527448,"M",0,0.25,1,"MED HIGH HIGH",NA
20,4,188.341713908844,26,7,7.49869854860778,"M",0,0.25,1,"MED HIGH HIGH",NA
20,5,187.155359120092,24,5,5.5014026800358,"M",0,0.25,1,"MED HIGH HIGH",NA
20,6,60.8150888453514,19,0,0.500073036928815,"M",0,0.25,1,"MED HIGH HIGH",NA
20,7,100.286557981364,20,1,1.49980287653416,"M",0,0.25,1,"MED HIGH HIGH",NA
20,8,154.735750873113,22,3,3.4996138332165,"M",0,0.25,1,"MED HIGH HIGH",NA
20,9,61.258590200474,19,0,0.501769239442179,"M",0,0.25,1,"MED HIGH HIGH",NA
20,10,224.021992884612,29,10,10.5011009714669,"M",0,0.25,1,"MED HIGH HIGH",NA
21,1,179.507334837092,25,5,5.50003289319932,"M",0,0.25,1,"MED HIGH HIGH",NA
21,2,102.000199326764,21,1,1.50077287031585,"M",0,0.25,1,"MED HIGH HIGH",NA
21,3,67.2507632311635,20,0,0.499734988991123,"M",0,0.25,1,"MED HIGH HIGH",NA
21,4,64.0541701715523,20,0,0.500944294780891,"M",0,0.25,1,"MED HIGH HIGH",NA
21,5,220.490428504123,29,9,9.4999727926237,"M",0,0.25,1,"MED HIGH HIGH",NA
21,6,171.664206220538,25,5,5.50177548427992,"M",0,0.25,1,"MED HIGH HIGH",NA
21,7,203.126105672032,29,9,9.49845489636106,"M",0,0.25,1,"MED HIGH HIGH",NA
21,8,135.109793887796,23,3,3.49872927133216,"M",0,0.25,1,"MED HIGH HIGH",NA
21,9,96.3952598960884,21,1,1.49926329100399,"M",0,0.25,1,"MED HIGH HIGH",NA
21,10,122.058957652117,22,2,2.49901259367139,"M",0,0.25,1,"MED HIGH HIGH",NA
21,11,132.685645218146,23,3,3.5003650236506,"M",0,0.25,1,"MED HIGH HIGH",NA
21,12,99.5827010450128,21,1,1.50011991264106,"M",0,0.25,1,"MED HIGH HIGH",NA
21,13,178.820200654155,28,8,8.50049948850274,"M",0,0.25,1,"MED HIGH HIGH",NA
21,14,64.75328989921,20,0,0.500270075397509,"M",0,0.25,1,"MED HIGH HIGH",NA
22,1,127.482422436079,23,2,2.49826163623497,"M",0,0.25,1,"MED HIGH HIGH",NA
22,2,184.107509955857,27,6,6.50075469331197,"M",0,0.25,1,"MED HIGH HIGH",NA
22,3,116.549637937716,23,2,2.50049046191739,"M",0,0.25,1,"MED HIGH HIGH",NA
22,4,182.685789580136,27,6,6.49867172916253,"M",0,0.25,1,"MED HIGH HIGH",NA
22,5,154.255198958693,24,3,3.49893988127864,"M",0,0.25,1,"MED HIGH HIGH",NA
22,6,61.1347593881429,21,0,0.498790760663285,"M",0,0.25,1,"MED HIGH HIGH",NA
22,7,59.5761555549481,21,0,0.499842851494559,"M",0,0.25,1,"MED HIGH HIGH",NA
22,8,97.7900282123456,22,1,1.50061041181094,"M",0,0.25,1,"MED HIGH HIGH",NA
22,9,164.81833490063,25,4,4.4998864350518,"M",0,0.25,1,"MED HIGH HIGH",NA
22,10,99.2042450571324,22,1,1.4989322801425,"M",0,0.25,1,"MED HIGH HIGH",NA
23,1,176.291206376711,28,6,6.49851550302645,"M",0,0.25,1,"MED HIGH HIGH",NA
23,2,101.030406073974,23,1,1.50050373850456,"M",0,0.25,1,"MED HIGH HIGH",NA
23,3,63.1934909618165,22,0,0.501510301747874,"M",0,0.25,1,"MED HIGH HIGH",NA
23,4,184.24138153135,27,5,5.4999597712612,"M",0,0.25,1,"MED HIGH HIGH",NA
23,5,151.114104564753,26,4,4.49934343845424,"M",0,0.25,1,"MED HIGH HIGH",NA
23,6,62.895004721727,22,0,0.500128925219519,"M",0,0.25,1,"MED HIGH HIGH",NA
23,7,63.4919187551336,22,0,0.501966837330313,"M",0,0.25,1,"MED HIGH HIGH",NA
23,8,100.178816314373,23,1,1.49914743069144,"M",0,0.25,1,"MED HIGH HIGH",NA
23,9,97.6869563137973,23,1,1.50149296437825,"M",0,0.25,1,"MED HIGH HIGH",NA
23,10,66.2385922224708,22,0,0.499327190326873,"M",0,0.25,1,"MED HIGH HIGH",NA
23,11,179.235561969992,27,5,5.50064613464366,"M",0,0.25,1,"MED HIGH HIGH",NA
24,1,191.643560896218,34,11,11.4992355062126,"M",0,0.25,1,"MED HIGH HIGH",NA
24,2,247.519992296146,33,10,10.5001558666662,"M",0,0.25,1,"MED HIGH HIGH",NA
24,3,61.4533840725166,23,0,0.501139965253713,"M",0,0.25,1,"MED HIGH HIGH",NA
24,4,120.726064864123,25,2,2.50114345443498,"M",0,0.25,1,"MED HIGH HIGH",NA
24,5,151.492285853013,26,3,3.50127211179613,"M",0,0.25,1,"MED HIGH HIGH",NA
24,6,150.724359449392,26,3,3.49992465765781,"M",0,0.25,1,"MED HIGH HIGH",NA
24,7,64.3317439572192,23,0,0.499966487824602,"M",0,0.25,1,"MED HIGH HIGH",NA
24,8,161.418928414451,27,4,4.49935506805059,"M",0,0.25,1,"MED HIGH HIGH",NA
24,9,62.0029200428506,23,0,0.498569674578572,"M",0,0.25,1,"MED HIGH HIGH",NA
24,10,62.7913933969804,23,0,0.50018820340677,"M",0,0.25,1,"MED HIGH HIGH",NA
24,11,63.3039904033662,23,0,0.49968606468105,"M",0,0.25,1,"MED HIGH HIGH",NA
25,1,137.710669119233,26,2,2.4995922727827,"M",0,0.25,1,"MED HIGH HIGH",NA
25,2,125.649397271953,26,2,2.49993370582873,"M",0,0.25,1,"MED HIGH HIGH",NA
25,3,187.458876794149,29,5,5.49970726301346,"M",0,0.25,1,"MED HIGH HIGH",NA
25,4,59.4348867817767,24,0,0.501524510877528,"M",0,0.25,1,"MED HIGH HIGH",NA
25,5,63.2755599804296,24,0,0.498491415681783,"M",0,0.25,1,"MED HIGH HIGH",NA
25,6,104.007773723724,25,1,1.49953459789742,"M",0,0.25,1,"MED HIGH HIGH",NA
25,7,186.505313290339,37,13,13.5008482496952,"M",0,0.25,1,"MED HIGH HIGH",NA
25,8,62.8015998438691,24,0,0.500126419539727,"M",0,0.25,1,"MED HIGH HIGH",NA
25,9,62.7742046453495,24,0,0.499176086732522,"M",0,0.25,1,"MED HIGH HIGH",NA
25,10,179.878482389143,28,4,4.50109917562969,"M",0,0.25,1,"MED HIGH HIGH",NA
25,11,96.2807492615641,25,1,1.49920236013543,"M",0,0.25,1,"MED HIGH HIGH",NA
25,12,173.649799903667,29,5,5.49877774593028,"M",0,0.25,1,"MED HIGH HIGH",NA
25,13,131.907934839639,26,2,2.49996085705561,"M",0,0.25,1,"MED HIGH HIGH",NA
25,14,221.273552888445,35,11,11.5005656972124,"M",0,0.25,1,"MED HIGH HIGH",NA
26,1,134.48769650109,27,2,2.49954431162237,"M",0,0.25,1,"MED HIGH HIGH",NA
26,2,62.8905744974707,25,0,0.500565410166617,"M",0,0.25,1,"MED HIGH HIGH",NA
26,3,98.2405094845229,26,1,1.50042399088811,"M",0,0.25,1,"MED HIGH HIGH",NA
26,4,218.056371099591,39,14,14.5006391658046,"M",0,0.25,1,"MED HIGH HIGH",NA
26,5,64.896551520902,25,0,0.498740606339988,"M",0,0.25,1,"MED HIGH HIGH",NA
26,6,62.8219513132219,25,0,0.499820105402703,"M",0,0.25,1,"MED HIGH HIGH",NA
26,7,149.167607038504,28,3,3.49872939288752,"M",0,0.25,1,"MED HIGH HIGH",NA
26,8,99.560780362587,26,1,1.50157870320018,"M",0,0.25,1,"MED HIGH HIGH",NA
26,9,101.107533101449,26,1,1.50040652716018,"M",0,0.25,1,"MED HIGH HIGH",NA
26,10,63.6207972067039,25,0,0.499824128352507,"M",0,0.25,1,"MED HIGH HIGH",NA
26,11,61.840697014774,25,0,0.499430570825149,"M",0,0.25,1,"MED HIGH HIGH",NA
26,12,161.470246360399,29,4,4.50068852278888,"M",0,0.25,1,"MED HIGH HIGH",NA
27,1,62.7689615282229,26,0,0.499866243265453,"M",0,0.25,1,"MED HIGH HIGH",NA
27,2,98.3777532321196,27,1,1.49990652565266,"M",0,0.25,1,"MED HIGH HIGH",NA
27,3,138.673606794754,28,2,2.50019859032677,"M",0,0.25,1,"MED HIGH HIGH",NA
27,4,224.17527553762,34,8,8.49974138094968,"M",0,0.25,1,"MED HIGH HIGH",NA
27,5,148.996783055037,30,4,4.50107091912353,"M",0,0.25,1,"MED HIGH HIGH",NA
27,6,61.9410396196935,26,0,0.498341834107293,"M",0,0.25,1,"MED HIGH HIGH",NA
27,7,177.652160005956,31,5,5.49950555160603,"M",0,0.25,1,"MED HIGH HIGH",NA
27,8,168.108076203267,30,4,4.50030330954409,"M",0,0.25,1,"MED HIGH HIGH",NA
27,9,61.9715148692881,26,0,0.499380630153786,"M",0,0.25,1,"MED HIGH HIGH",NA
27,10,127.979059446075,28,2,2.50031699500039,"M",0,0.25,1,"MED HIGH HIGH",NA
27,11,143.227029004321,29,3,3.49879863455113,"M",0,0.25,1,"MED HIGH HIGH",NA
28,1,178.930524865282,33,6,6.49965566754841,"M",0,0.25,1,"MED HIGH HIGH",NA
28,2,184.653303387328,33,6,6.50025288112452,"M",0,0.25,1,"MED HIGH HIGH",NA
28,3,143.443203646896,30,3,3.49961912704097,"M",0,0.25,1,"MED HIGH HIGH",NA
28,4,137.685725709916,30,3,3.49832185723662,"M",0,0.25,1,"MED HIGH HIGH",NA
28,5,151.422714728338,30,3,3.49976018133254,"M",0,0.25,1,"MED HIGH HIGH",NA
28,6,65.1436119858189,27,0,0.497928136975512,"M",0,0.25,1,"MED HIGH HIGH",NA
28,7,196.243827477039,36,9,9.49995818251354,"M",0,0.25,1,"MED HIGH HIGH",NA
28,8,155.915424341595,32,5,5.49965681800997,"M",0,0.25,1,"MED HIGH HIGH",NA
28,9,61.8822602361589,27,0,0.500312368770621,"M",0,0.25,1,"MED HIGH HIGH",NA
28,10,195.701751774187,36,9,9.50111356501281,"M",0,0.25,1,"MED HIGH HIGH",NA
28,11,131.395077262403,29,2,2.4995786042858,"M",0,0.25,1,"MED HIGH HIGH",NA
29,1,62.5667516285131,28,0,0.50005312397997,"M",0,0.25,1,"MED HIGH HIGH",NA
29,2,211.729632605797,34,6,6.5003774656222,"M",0,0.25,1,"MED HIGH HIGH",NA
29,3,118.942209396567,30,2,2.50177099742628,"M",0,0.25,1,"MED HIGH HIGH",NA
29,4,214.007118676208,40,12,12.5000057408354,"M",0,0.25,1,"MED HIGH HIGH",NA
29,5,191.970117121784,33,5,5.50144782580187,"M",0,0.25,1,"MED HIGH HIGH",NA
29,6,60.4032392966565,28,0,0.499694981016828,"M",0,0.25,1,"MED HIGH HIGH",NA
29,7,102.492420027273,29,1,1.49882917616847,"M",0,0.25,1,"MED HIGH HIGH",NA
29,8,192.021715529338,35,7,7.50003249735439,"M",0,0.25,1,"MED HIGH HIGH",NA
29,9,192.45225839586,33,5,5.49847351760207,"M",0,0.25,1,"MED HIGH HIGH",NA
29,10,178.496412047421,34,6,6.49918145880945,"M",0,0.25,1,"MED HIGH HIGH",NA
29,11,160.831309809641,33,5,5.49857577721755,"M",0,0.25,1,"MED HIGH HIGH",NA
29,12,61.5926591765732,28,0,0.499535850924319,"M",0,0.25,1,"MED HIGH HIGH",NA
30,1,95.4693001230591,30,1,1.50088405929536,"M",0,0.25,1,"MED HIGH HIGH",NA
30,2,190.63797404309,39,10,10.4987925414537,"M",0,0.25,1,"MED HIGH HIGH",NA
30,3,191.732562755989,37,8,8.50009784052258,"M",0,0.25,1,"MED HIGH HIGH",NA
30,4,58.950243776864,29,0,0.499385309349085,"M",0,0.25,1,"MED HIGH HIGH",NA
30,5,150.227706397645,33,4,4.49955410794565,"M",0,0.25,1,"MED HIGH HIGH",NA
30,6,171.766660862338,33,4,4.49989243087688,"M",0,0.25,1,"MED HIGH HIGH",NA
30,7,123.505630475582,31,2,2.49983978477234,"M",0,0.25,1,"MED HIGH HIGH",NA
30,8,62.8782108128318,29,0,0.499384911623946,"M",0,0.25,1,"MED HIGH HIGH",NA
30,9,62.3025016181081,29,0,0.499797773235208,"M",0,0.25,1,"MED HIGH HIGH",NA
30,10,93.0722022317062,30,1,1.5010502592074,"M",0,0.25,1,"MED HIGH HIGH",NA
30,11,233.968189973651,39,10,10.4996003081496,"M",0,0.25,1,"MED HIGH HIGH",NA
30,12,102.816515445891,30,1,1.49993183780515,"M",0,0.25,1,"MED HIGH HIGH",NA
30,13,161.271824603393,34,5,5.49999119501312,"M",0,0.25,1,"MED HIGH HIGH",NA
31,1,188.151034351446,35,5,5.49876608964065,"M",0,0.25,1,"MED HIGH HIGH",NA
31,2,185.85607390726,40,10,10.5003561749144,"M",0,0.25,1,"MED HIGH HIGH",NA
31,3,95.4997105472137,31,1,1.50024431012126,"M",0,0.25,1,"MED HIGH HIGH",NA
31,4,133.365643612037,32,2,2.50092622518015,"M",0,0.25,1,"MED HIGH HIGH",NA
31,5,168.988810574998,34,4,4.50080502447557,"M",0,0.25,1,"MED HIGH HIGH",NA
31,6,173.073188393868,34,4,4.50064984424709,"M",0,0.25,1,"MED HIGH HIGH",NA
31,7,61.0292699902321,30,0,0.498776291322615,"M",0,0.25,1,"MED HIGH HIGH",NA
31,8,100.021020934362,31,1,1.4991512125738,"M",0,0.25,1,"MED HIGH HIGH",NA
31,9,102.901925564782,31,1,1.50137120126205,"M",0,0.25,1,"MED HIGH HIGH",NA
31,10,119.782469275677,32,2,2.49869688550765,"M",0,0.25,1,"MED HIGH HIGH",NA
31,11,229.628898874683,41,11,11.5007456070053,"M",0,0.25,1,"MED HIGH HIGH",NA
31,12,125.035589721562,32,2,2.50069673708198,"M",0,0.25,1,"MED HIGH HIGH",NA
31,13,178.851229446762,35,5,5.49947153731293,"M",0,0.25,1,"MED HIGH HIGH",NA
31,14,66.0493925733384,30,0,0.501141315245611,"M",0,0.25,1,"MED HIGH HIGH",NA
31,15,218.698628795192,39,9,9.49959115358334,"M",0,0.25,1,"MED HIGH HIGH",NA
32,1,100.738296237581,32,1,1.50001823389658,"M",0,0.25,1,"MED HIGH HIGH",NA
32,2,125.798738398442,33,2,2.49950548749406,"M",0,0.25,1,"MED HIGH HIGH",NA
32,3,184.556036078588,35,4,4.4991111402992,"M",0,0.25,1,"MED HIGH HIGH",NA
32,4,65.0051309305982,31,0,0.49865019306453,"M",0,0.25,1,"MED HIGH HIGH",NA
32,5,63.5662575472477,31,0,0.500827222887995,"M",0,0.25,1,"MED HIGH HIGH",NA
32,6,92.6669694300681,32,1,1.50125477808456,"M",0,0.25,1,"MED HIGH HIGH",NA
32,7,199.842738752849,37,6,6.50151954266436,"M",0,0.25,1,"MED HIGH HIGH",NA
32,8,188.802841911396,37,6,6.50008372445683,"M",0,0.25,1,"MED HIGH HIGH",NA
32,9,101.32488436367,32,1,1.50121917724911,"M",0,0.25,1,"MED HIGH HIGH",NA
32,10,98.4360008665675,32,1,1.50092112311081,"M",0,0.25,1,"MED HIGH HIGH",NA
32,11,180.387190245133,39,8,8.49930288140753,"M",0,0.25,1,"MED HIGH HIGH",NA
32,12,99.9237941951115,32,1,1.50051562658967,"M",0,0.25,1,"MED HIGH HIGH",NA
32,13,213.33559039087,40,9,9.50133775816794,"M",0,0.25,1,"MED HIGH HIGH",NA
33,1,153.12949710132,36,4,4.50031917795022,"M",0,0.25,1,"MED HIGH HIGH",NA
33,2,186.698242693407,40,8,8.50146925068664,"M",0,0.25,1,"MED HIGH HIGH",NA
33,3,216.440043803449,42,10,10.4986432378239,"M",0,0.25,1,"MED HIGH HIGH",NA
33,4,217.870312075629,42,10,10.4995378094644,"M",0,0.25,1,"MED HIGH HIGH",NA
33,5,171.802975677075,37,5,5.4997394556336,"M",0,0.25,1,"MED HIGH HIGH",NA
33,6,62.0003978984695,32,0,0.499597696704755,"M",0,0.25,1,"MED HIGH HIGH",NA
33,7,64.9511100664744,32,0,0.498356075629755,"M",0,0.25,1,"MED HIGH HIGH",NA
33,8,143.833781772361,36,4,4.49948928889047,"M",0,0.25,1,"MED HIGH HIGH",NA
33,9,104.638240025525,33,1,1.4982304651323,"M",0,0.25,1,"MED HIGH HIGH",NA
33,10,237.961966021627,44,12,12.4999638150109,"M",0,0.25,1,"MED HIGH HIGH",NA
33,11,125.378120398084,34,2,2.49814271232891,"M",0,0.25,1,"MED HIGH HIGH",NA
33,12,193.977641420539,37,5,5.49951008189604,"M",0,0.25,1,"MED HIGH HIGH",NA
33,13,127.422452895352,34,2,2.49826459433296,"M",0,0.25,1,"MED HIGH HIGH",NA
34,1,204.979513809006,41,8,8.50046825802481,"M",0,0.25,1,"MED HIGH HIGH",NA
34,2,186.121908902936,40,7,7.49949930268324,"M",0,0.25,1,"MED HIGH HIGH",NA
34,3,126.049372562199,35,2,2.50068431609612,"M",0,0.25,1,"MED HIGH HIGH",NA
34,4,95.9943061942299,34,1,1.50126925443247,"M",0,0.25,1,"MED HIGH HIGH",NA
34,5,59.9974171358892,33,0,0.500198663197432,"M",0,0.25,1,"MED HIGH HIGH",NA
34,6,183.127322790681,38,5,5.49960266372516,"M",0,0.25,1,"MED HIGH HIGH",NA
34,7,139.111742546712,36,3,3.49995379352546,"M",0,0.25,1,"MED HIGH HIGH",NA
34,8,176.967441702791,39,6,6.50141306952785,"M",0,0.25,1,"MED HIGH HIGH",NA
34,9,209.525945185314,43,10,10.4997747823652,"M",0,0.25,1,"MED HIGH HIGH",NA
34,10,62.6936487318665,33,0,0.501460425814273,"M",0,0.25,1,"MED HIGH HIGH",NA
34,11,101.561539306761,34,1,1.49929955020803,"M",0,0.25,1,"MED HIGH HIGH",NA
35,1,62.7893679632205,34,0,0.499435240734573,"M",0,0.25,1,"MED HIGH HIGH",NA
35,2,169.804318814238,38,4,4.50052141252571,"M",0,0.25,1,"MED HIGH HIGH",NA
35,3,165.140202081218,37,3,3.50026621048598,"M",0,0.25,1,"MED HIGH HIGH",NA
35,4,118.753543275559,36,2,2.50126698144733,"M",0,0.25,1,"MED HIGH HIGH",NA
35,5,95.7073158182316,35,1,1.49961233053506,"M",0,0.25,1,"MED HIGH HIGH",NA
35,6,168.036678401254,41,7,7.5002544384651,"M",0,0.25,1,"MED HIGH HIGH",NA
35,7,133.316869491147,36,2,2.50110497990278,"M",0,0.25,1,"MED HIGH HIGH",NA
35,8,61.987934032385,34,0,0.500770039017056,"M",0,0.25,1,"MED HIGH HIGH",NA
35,9,96.2494378119783,35,1,1.49944671335254,"M",0,0.25,1,"MED HIGH HIGH",NA
35,10,129.124352339832,36,2,2.49979425978166,"M",0,0.25,1,"MED HIGH HIGH",NA
35,11,63.306989814259,34,0,0.49971369774696,"M",0,0.25,1,"MED HIGH HIGH",NA
35,12,256.971305923377,47,13,13.50034787777,"M",0,0.25,1,"MED HIGH HIGH",NA
36,1,162.289116110751,39,4,4.50059614352554,"M",0,0.25,1,"MED HIGH HIGH",NA
36,2,98.0112222331777,36,1,1.49934621583668,"M",0,0.25,1,"MED HIGH HIGH",NA
36,3,66.2327859010632,35,0,0.498959470887994,"M",0,0.25,1,"MED HIGH HIGH",NA
36,4,135.32132711377,38,3,3.50057197756735,"M",0,0.25,1,"MED HIGH HIGH",NA
36,5,95.3587341591153,36,1,1.50009515644604,"M",0,0.25,1,"MED HIGH HIGH",NA
36,6,61.8751579395331,35,0,0.498767846397526,"M",0,0.25,1,"MED HIGH HIGH",NA
36,7,158.964122919011,39,4,4.50125440274067,"M",0,0.25,1,"MED HIGH HIGH",NA
36,8,130.862183122389,37,2,2.49981491519243,"M",0,0.25,1,"MED HIGH HIGH",NA
36,9,126.052348346382,37,2,2.49864177522131,"M",0,0.25,1,"MED HIGH HIGH",NA
36,10,124.268560497033,37,2,2.49918049126601,"M",0,0.25,1,"MED HIGH HIGH",NA
36,11,176.986815728007,40,5,5.50160214635741,"M",0,0.25,1,"MED HIGH HIGH",NA
37,1,59.6256656038437,36,0,0.498959208787591,"M",0,0.25,1,"MED HIGH HIGH",NA
37,2,65.2974282725229,36,0,0.500873205851785,"M",0,0.25,1,"MED HIGH HIGH",NA
37,3,63.7005746241603,36,0,0.501980054931796,"M",0,0.25,1,"MED HIGH HIGH",NA
37,4,120.622888320518,38,2,2.50117512381153,"M",0,0.25,1,"MED HIGH HIGH",NA
37,5,123.712279698085,38,2,2.49889030446611,"M",0,0.25,1,"MED HIGH HIGH",NA
37,6,117.701393818283,38,2,2.49906364046262,"M",0,0.25,1,"MED HIGH HIGH",NA
37,7,61.7060474944558,36,0,0.498657439622725,"M",0,0.25,1,"MED HIGH HIGH",NA
37,8,102.941467192418,37,1,1.49859028217252,"M",0,0.25,1,"MED HIGH HIGH",NA
37,9,63.7157493389204,36,0,0.497482006219333,"M",0,0.25,1,"MED HIGH HIGH",NA
37,10,95.3306769655335,37,1,1.49891571097782,"M",0,0.25,1,"MED HIGH HIGH",NA
37,11,167.892127986898,40,4,4.49927349684907,"M",0,0.25,1,"MED HIGH HIGH",NA
37,12,158.772785137957,39,3,3.49972570024282,"M",0,0.25,1,"MED HIGH HIGH",NA
38,1,63.4950020465733,37,0,0.500273672484708,"M",0,0.25,1,"MED HIGH HIGH",NA
38,2,137.026371025313,39,2,2.49980480248625,"M",0,0.25,1,"MED HIGH HIGH",NA
38,3,59.7734396748231,37,0,0.499527683057871,"M",0,0.25,1,"MED HIGH HIGH",NA
38,4,175.804821595667,44,7,7.497789234899,"M",0,0.25,1,"MED HIGH HIGH",NA
38,5,148.137380219208,42,5,5.50001106452055,"M",0,0.25,1,"MED HIGH HIGH",NA
38,6,193.931891967256,45,8,8.49919875415462,"M",0,0.25,1,"MED HIGH HIGH",NA
38,7,146.397139651802,40,3,3.49846175212822,"M",0,0.25,1,"MED HIGH HIGH",NA
38,8,199.99455274835,46,9,9.50064543477184,"M",0,0.25,1,"MED HIGH HIGH",NA
38,9,126.128179605919,39,2,2.50005016187373,"M",0,0.25,1,"MED HIGH HIGH",NA
38,10,63.2527433234029,37,0,0.500932034883188,"M",0,0.25,1,"MED HIGH HIGH",NA
38,11,179.56767767682,42,5,5.5009768978213,"M",0,0.25,1,"MED HIGH HIGH",NA
38,12,161.991367969673,41,4,4.50136023980526,"M",0,0.25,1,"MED HIGH HIGH",NA
39,1,171.613635114407,43,5,5.5016905098483,"M",0,0.25,1,"MED HIGH HIGH",NA
39,2,198.189698464699,51,13,13.4977500562635,"FISHED",0.288874871586449,0.25,1,"MED HIGH HIGH",NA
39,3,62.6223136601044,38,0,0.499401803702407,"M",0,0.25,1,"MED HIGH HIGH",NA
39,4,180.252309120086,45,7,7.49926437788556,"M",0,0.25,1,"MED HIGH HIGH",NA
39,5,182.700569340272,43,5,5.49997896266782,"M",0,0.25,1,"MED HIGH HIGH",NA
39,6,200.866774836956,44,6,6.49986691368851,"M",0,0.25,1,"MED HIGH HIGH",NA
39,7,99.6144798382193,39,1,1.49923666097093,"M",0,0.25,1,"MED HIGH HIGH",NA
39,8,209.756503288354,50,12,12.4999708312725,"M",0.29408713914454,0.25,1,"MED HIGH HIGH",NA
39,9,125.487021508605,40,2,2.49985847203011,"M",0,0.25,1,"MED HIGH HIGH",NA
39,10,91.1216793100459,39,1,1.5004502548237,"M",0,0.25,1,"MED HIGH HIGH",NA
39,11,179.797405739979,44,6,6.50002414424684,"M",0,0.25,1,"MED HIGH HIGH",NA
39,12,191.802751365104,45,7,7.50083022299558,"M",0,0.25,1,"MED HIGH HIGH",NA
40,1,64.2046832583005,39,0,0.500967071774319,"M",0,0.25,1,"MED HIGH HIGH",NA
40,2,62.8319817086913,39,0,0.499195345730267,"M",0,0.25,1,"MED HIGH HIGH",NA
40,3,98.6465126409938,40,1,1.50148283803138,"M",0,0.25,1,"MED HIGH HIGH",NA
40,4,63.7439078419533,39,0,0.501210169313345,"M",0,0.25,1,"MED HIGH HIGH",NA
40,5,122.069857589438,41,2,2.50142382827828,"M",0,0.25,1,"MED HIGH HIGH",NA
40,6,100.148077833919,40,1,1.50031877169739,"M",0,0.25,1,"MED HIGH HIGH",NA
40,7,137.756273314623,42,3,3.50246506183532,"M",0,0.25,1,"MED HIGH HIGH",NA
40,8,197.883545979448,47,8,8.50057050521131,"M",0,0.25,1,"MED HIGH HIGH",NA
40,9,97.0873486856915,40,1,1.50048260791795,"M",0,0.25,1,"MED HIGH HIGH",NA
40,10,65.1411406091419,39,0,0.499937559255142,"M",0,0.25,1,"MED HIGH HIGH",NA
40,11,181.06046500067,51,12,12.5020258813374,"FISHED",0.288874871586449,0.25,1,"MED HIGH HIGH",NA
40,12,64.8944722128127,39,0,0.499394503361789,"M",0,0.25,1,"MED HIGH HIGH",NA
41,1,190.78110218395,46,6,6.49966565942089,"M",0,0.25,1,"MED HIGH HIGH",NA
41,2,121.821539978231,42,2,2.49885597248942,"M",0,0.25,1,"MED HIGH HIGH",NA
41,3,103.731125938925,41,1,1.50074003921349,"M",0,0.25,1,"MED HIGH HIGH",NA
41,4,229.918286020128,46,6,6.49925550387055,"M",0,0.25,1,"MED HIGH HIGH",NA
41,5,166.523551336518,45,5,5.4994846401485,"M",0,0.25,1,"MED HIGH HIGH",NA
41,6,104.533253189534,41,1,1.50101270442804,"M",0,0.25,1,"MED HIGH HIGH",NA
41,7,99.7303322157681,41,1,1.500635145995,"M",0,0.25,1,"MED HIGH HIGH",NA
41,8,135.979417058715,42,2,2.50103365588765,"M",0,0.25,1,"MED HIGH HIGH",NA
41,9,172.332402852857,47,7,7.49884096714667,"M",0,0.25,1,"MED HIGH HIGH",NA
41,10,60.6196008728532,40,0,0.4992366772708,"M",0,0.25,1,"MED HIGH HIGH",NA
41,11,127.792218137292,42,2,2.50149192179286,"M",0,0.25,1,"MED HIGH HIGH",NA
41,12,62.1443459266679,40,0,0.498876427908515,"M",0,0.25,1,"MED HIGH HIGH",NA
41,13,201.367136618745,49,9,9.5008267613631,"M",0,0.25,1,"MED HIGH HIGH",NA
41,14,157.731636141627,43,3,3.50098765528491,"M",0,0.25,1,"MED HIGH HIGH",NA
42,1,64.1476215935139,41,0,0.501405167172516,"M",0,0.25,1,"MED HIGH HIGH",NA
42,2,174.601969581205,45,4,4.50034460896192,"M",0,0.25,1,"MED HIGH HIGH",NA
42,3,205.503818679643,50,9,9.49884494851341,"M",0.29408713914454,0.25,1,"MED HIGH HIGH",NA
42,4,149.289839145156,45,4,4.50019830211055,"M",0,0.25,1,"MED HIGH HIGH",NA
42,5,59.9172296373048,41,0,0.49892750724687,"M",0,0.25,1,"MED HIGH HIGH",NA
42,6,157.58990559924,46,5,5.5003957100544,"M",0,0.25,1,"MED HIGH HIGH",NA
42,7,62.8619674037774,41,0,0.499200485132419,"M",0,0.25,1,"MED HIGH HIGH",NA
42,8,139.20731501187,44,3,3.50131296601311,"M",0,0.25,1,"MED HIGH HIGH",NA
42,9,122.632986435563,43,2,2.49990629950009,"M",0,0.25,1,"MED HIGH HIGH",NA
42,10,129.552399589601,43,2,2.50094791436721,"M",0,0.25,1,"MED HIGH HIGH",NA
42,11,199.947195554715,49,8,8.49940408117448,"M",0,0.25,1,"MED HIGH HIGH",NA
42,12,63.1921659132422,41,0,0.500032589104727,"M",0,0.25,1,"MED HIGH HIGH",NA
42,13,182.757629694622,46,5,5.50114831749767,"M",0,0.25,1,"MED HIGH HIGH",NA
43,1,201.57871540148,50,8,8.49858453406979,"FISHED",0.29408713914454,0.25,1,"MED HIGH HIGH",NA
43,2,62.1536662010721,42,0,0.501245126334157,"M",0,0.25,1,"MED HIGH HIGH",NA
43,3,123.923224315916,44,2,2.49909117688601,"M",0,0.25,1,"MED HIGH HIGH",NA
43,4,59.8647739482845,42,0,0.498515161352338,"M",0,0.25,1,"MED HIGH HIGH",NA
43,5,104.648655731446,43,1,1.49810648209773,"M",0,0.25,1,"MED HIGH HIGH",NA
43,6,61.2895315713277,42,0,0.500357538692764,"M",0,0.25,1,"MED HIGH HIGH",NA
43,7,62.6647848210653,42,0,0.502046305856961,"M",0,0.25,1,"MED HIGH HIGH",NA
43,8,103.273486683055,43,1,1.4992181788816,"M",0,0.25,1,"MED HIGH HIGH",NA
43,9,130.970419131078,44,2,2.50051852098512,"M",0,0.25,1,"MED HIGH HIGH",NA
43,10,179.129609237706,46,4,4.49809529605429,"M",0,0.25,1,"MED HIGH HIGH",NA
43,11,180.512598286809,46,4,4.50079573044779,"M",0,0.25,1,"MED HIGH HIGH",NA
44,1,97.4135853127681,44,1,1.50075987311081,"M",0,0.25,1,"MED HIGH HIGH",NA
44,2,200.110943842891,49,6,6.49864195131091,"M",0,0.25,1,"MED HIGH HIGH",NA
44,3,128.835956685052,45,2,2.50021404303316,"M",0,0.25,1,"MED HIGH HIGH",NA
44,4,180.974123687841,48,5,5.49995681523537,"M",0,0.25,1,"MED HIGH HIGH",NA
44,5,102.86128848473,44,1,1.49921735946563,"M",0,0.25,1,"MED HIGH HIGH",NA
44,6,173.644071157806,47,4,4.50033759887591,"M",0,0.25,1,"MED HIGH HIGH",NA
44,7,98.4895325673417,44,1,1.49991686019764,"M",0,0.25,1,"MED HIGH HIGH",NA
44,8,127.45655791003,45,2,2.50058832665342,"M",0,0.25,1,"MED HIGH HIGH",NA
44,9,61.5546711591497,43,0,0.498947763448584,"M",0,0.25,1,"MED HIGH HIGH",NA
44,10,126.408040194991,45,2,2.50039909068678,"M",0,0.25,1,"MED HIGH HIGH",NA
44,11,62.6247671946931,43,0,0.500597240395814,"M",0,0.25,1,"MED HIGH HIGH",NA
45,1,62.7321021192277,44,0,0.499003271284599,"M",0,0.25,1,"MED HIGH HIGH",NA
45,2,154.191009629509,48,4,4.50028084767674,"M",0,0.25,1,"MED HIGH HIGH",NA
45,3,121.340586870599,46,2,2.49896625061198,"M",0,0.25,1,"MED HIGH HIGH",NA
45,4,195.143866786159,55,11,11.5003948021066,"FISHED",0.281018901895732,0.25,1,"MED HIGH HIGH",NA
45,5,98.8578396107239,45,1,1.49891003308133,"M",0,0.25,1,"MED HIGH HIGH",NA
45,6,199.098174431541,53,9,9.49873887494384,"M",0.247903870441951,0.25,1,"MED HIGH HIGH",NA
45,7,125.965046628266,46,2,2.5004134511661,"M",0,0.25,1,"MED HIGH HIGH",NA
45,8,61.2484569787288,44,0,0.500572595193128,"M",0,0.25,1,"MED HIGH HIGH",NA
45,9,60.0604361656632,44,0,0.500239571231838,"M",0,0.25,1,"MED HIGH HIGH",NA
45,10,196.991898648103,50,6,6.49953844877254,"M",0.29408713914454,0.25,1,"MED HIGH HIGH",NA
45,11,200.010642487584,52,8,8.50222434987164,"FISHED",0.266144293686375,0.25,1,"MED HIGH HIGH",NA
46,1,147.363837031934,48,3,3.50037719220945,"M",0,0.25,1,"MED HIGH HIGH",NA
46,2,197.209860256956,51,6,6.50113383326133,"FISHED",0.288874871586449,0.25,1,"MED HIGH HIGH",NA
46,3,102.981253541253,46,1,1.50069923373086,"M",0,0.25,1,"MED HIGH HIGH",NA
46,4,196.0086686987,50,5,5.49960732872848,"M",0.29408713914454,0.25,1,"MED HIGH HIGH",NA
46,5,179.441383811883,50,5,5.49834629789535,"M",0.29408713914454,0.25,1,"MED HIGH HIGH",NA
46,6,127.861555999808,47,2,2.50114395702288,"M",0,0.25,1,"MED HIGH HIGH",NA
46,7,102.446191728991,46,1,1.49980722392048,"M",0,0.25,1,"MED HIGH HIGH",NA
46,8,100.017331455314,46,1,1.50105821862448,"M",0,0.25,1,"MED HIGH HIGH",NA
46,9,105.240979820778,46,1,1.4991468544442,"M",0,0.25,1,"MED HIGH HIGH",NA
46,10,193.420600051298,52,7,7.49971830141703,"M",0.266144293686375,0.25,1,"MED HIGH HIGH",NA
46,11,155.657830467636,50,5,5.49884324986211,"M",0.29408713914454,0.25,1,"MED HIGH HIGH",NA
46,12,64.7489193710132,45,0,0.499055243716546,"M",0,0.25,1,"MED HIGH HIGH",NA
47,1,61.1676414623666,46,0,0.499996098929488,"M",0,0.25,1,"MED HIGH HIGH",NA
47,2,92.3992760504279,47,1,1.50057340800615,"M",0,0.25,1,"MED HIGH HIGH",NA
47,3,162.780004411129,50,4,4.50014687409762,"M",0.29408713914454,0.25,1,"MED HIGH HIGH",NA
47,4,61.2715937817927,46,0,0.500863199389948,"M",0,0.25,1,"MED HIGH HIGH",NA
47,5,60.6875993052285,46,0,0.500028641677446,"M",0,0.25,1,"MED HIGH HIGH",NA
47,6,169.678594827789,51,5,5.50005012904622,"FISHED",0.288874871586449,0.25,1,"MED HIGH HIGH",NA
47,7,204.258529574853,52,6,6.50255981130484,"FISHED",0.266144293686375,0.25,1,"MED HIGH HIGH",NA
47,8,62.1837018108717,46,0,0.498807336309581,"M",0,0.25,1,"MED HIGH HIGH",NA
47,9,156.131503307509,50,4,4.4990384456106,"FISHED",0.29408713914454,0.25,1,"MED HIGH HIGH",NA
47,10,175.333280288135,51,5,5.50053443431872,"FISHED",0.288874871586449,0.25,1,"MED HIGH HIGH",NA
47,11,125.644258533745,48,2,2.49880026414782,"M",0,0.25,1,"MED HIGH HIGH",NA
47,12,186.92494934732,51,5,5.4988634778222,"M",0.288874871586449,0.25,1,"MED HIGH HIGH",NA
48,1,121.465157263126,49,2,2.49971337937006,"M",0,0.25,1,"MED HIGH HIGH",NA
48,2,125.992880823712,49,2,2.50082675256824,"M",0,0.25,1,"MED HIGH HIGH",NA
48,3,61.8194203568389,47,0,0.499706380548975,"M",0,0.25,1,"MED HIGH HIGH",NA
48,4,65.8004602220605,47,0,0.500977388222567,"M",0,0.25,1,"MED HIGH HIGH",NA
48,5,128.90244969624,49,2,2.49918541921589,"M",0,0.25,1,"MED HIGH HIGH",NA
48,6,138.470999867808,50,3,3.50055880277236,"M",0.29408713914454,0.25,1,"MED HIGH HIGH",NA
48,7,144.505130526639,50,3,3.49962356306812,"M",0.29408713914454,0.25,1,"MED HIGH HIGH",NA
48,8,165.78954753018,51,4,4.50112236411838,"FISHED",0.288874871586449,0.25,1,"MED HIGH HIGH",NA
48,9,183.31541483255,52,5,5.49944807355129,"M",0.266144293686375,0.25,1,"MED HIGH HIGH",NA
48,10,156.419504211753,51,4,4.49967932336109,"M",0.288874871586449,0.25,1,"MED HIGH HIGH",NA
48,11,61.0285764662294,47,0,0.499632413760363,"M",0,0.25,1,"MED HIGH HIGH",NA
49,1,152.198623696643,51,3,3.4997832018141,"FISHED",0.288874871586449,0.25,1,"MED HIGH HIGH",NA
49,2,137.598651223107,51,3,3.49985656058029,"M",0.288874871586449,0.25,1,"MED HIGH HIGH",NA
49,3,182.629195180943,54,6,6.50094221599768,"M",0.277010778896511,0.25,1,"MED HIGH HIGH",NA
49,4,193.588540131073,54,6,6.50036924110192,"M",0.277010778896511,0.25,1,"MED HIGH HIGH",NA
49,5,128.969470071739,50,2,2.50144960732242,"FISHED",0.29408713914454,0.25,1,"MED HIGH HIGH",NA
49,6,119.858514083667,50,2,2.49951511466017,"M",0.29408713914454,0.25,1,"MED HIGH HIGH",NA
49,7,64.0907521455652,48,0,0.500718793483169,"M",0,0.25,1,"MED HIGH HIGH",NA
49,8,91.6095923605915,49,1,1.50159538858704,"M",0,0.25,1,"MED HIGH HIGH",NA
49,9,134.966292029923,51,3,3.49955467089714,"M",0.288874871586449,0.25,1,"MED HIGH HIGH",NA
49,10,148.150314272317,51,3,3.49866290794284,"M",0.288874871586449,0.25,1,"MED HIGH HIGH",NA
49,11,200.944164451961,54,6,6.49926742518768,"M",0.277010778896511,0.25,1,"MED HIGH HIGH",NA
49,12,97.8062157969337,49,1,1.49993757136544,"M",0,0.25,1,"MED HIGH HIGH",NA
49,13,144.601033644764,51,3,3.49829996099782,"M",0.288874871586449,0.25,1,"MED HIGH HIGH",NA
50,1,96.9088115340669,50,1,1.5002748128818,"M",0.29408713914454,0.25,1,"MED HIGH HIGH",NA
50,2,91.0887523266433,50,1,1.50028751137207,"M",0.29408713914454,0.25,1,"MED HIGH HIGH",NA
50,3,100.934110327866,50,1,1.50019792475094,"M",0.29408713914454,0.25,1,"MED HIGH HIGH",NA
50,4,145.427170001494,52,3,3.50110656257669,"M",0.266144293686375,0.25,1,"MED HIGH HIGH",NA
50,5,102.683374474168,50,1,1.50063864106037,"FISHED",0.29408713914454,0.25,1,"MED HIGH HIGH",NA
50,6,61.5962235922088,49,0,0.499210883408078,"M",0,0.25,1,"MED HIGH HIGH",NA
50,7,62.1786171921791,49,0,0.500106833487939,"M",0,0.25,1,"MED HIGH HIGH",NA
50,8,64.5428881379104,49,0,0.500202492326389,"M",0,0.25,1,"MED HIGH HIGH",NA
50,9,99.3776032682143,50,1,1.49850314092479,"M",0.29408713914454,0.25,1,"MED HIGH HIGH",NA
50,10,93.9447819149893,50,1,1.49855112814121,"M",0.29408713914454,0.25,1,"MED HIGH HIGH",NA
50,11,141.114545737996,52,3,3.49966043985127,"FISHED",0.266144293686375,0.25,1,"MED HIGH HIGH",NA
51,1,63.4151456379507,50,0,0.499845355024293,"M",0.29408713914454,0.25,1,"MED HIGH HIGH",NA
51,2,130.863590189971,52,2,2.49892833748561,"M",0.266144293686375,0.25,1,"MED HIGH HIGH",NA
51,3,61.4885590511464,50,0,0.501629406400494,"FISHED",0.29408713914454,0.25,1,"MED HIGH HIGH",NA
51,4,105.576384885513,51,1,1.49842228697396,"FISHED",0.288874871586449,0.25,1,"MED HIGH HIGH",NA
51,5,99.591223879969,51,1,1.49880972950224,"M",0.288874871586449,0.25,1,"MED HIGH HIGH",NA
51,6,61.4175925920431,50,0,0.499720448641466,"M",0.29408713914454,0.25,1,"MED HIGH HIGH",NA
51,7,59.614109398214,50,0,0.500695136907058,"FISHED",0.29408713914454,0.25,1,"MED HIGH HIGH",NA
51,8,148.454056701845,53,3,3.50051986359312,"M",0.247903870441951,0.25,1,"MED HIGH HIGH",NA
51,9,64.2654524954424,50,0,0.500253653870185,"M",0.29408713914454,0.25,1,"MED HIGH HIGH",NA
51,10,129.965168162663,52,2,2.50072902088545,"FISHED",0.266144293686375,0.25,1,"MED HIGH HIGH",NA
51,11,60.2768829347851,50,0,0.499682414389513,"M",0.29408713914454,0.25,1,"MED HIGH HIGH",NA
52,1,64.9817532965058,51,0,0.500357599486351,"M",0.288874871586449,0.25,1,"MED HIGH HIGH",NA
52,2,99.1858151225425,52,1,1.49986381078659,"M",0.266144293686375,0.25,1,"MED HIGH HIGH",NA
52,3,63.3763066365863,51,0,0.500765822828716,"FISHED",0.288874871586449,0.25,1,"MED HIGH HIGH",NA
52,4,94.6149328560692,52,1,1.50021773316203,"M",0.266144293686375,0.25,1,"MED HIGH HIGH",NA
52,5,148.756134700591,54,3,3.49898426667675,"FISHED",0.277010778896511,0.25,1,"MED HIGH HIGH",NA
52,6,126.982631959744,53,2,2.50122083350566,"M",0.247903870441951,0.25,1,"MED HIGH HIGH",NA
52,7,61.7009534282173,51,0,0.500768566785364,"M",0.288874871586449,0.25,1,"MED HIGH HIGH",NA
52,8,60.1045433660466,51,0,0.501073012858624,"M",0.288874871586449,0.25,1,"MED HIGH HIGH",NA
52,9,61.5428355547108,51,0,0.498958847307255,"FISHED",0.288874871586449,0.25,1,"MED HIGH HIGH",NA
52,10,62.2983575178827,51,0,0.501458027668084,"M",0.288874871586449,0.25,1,"MED HIGH HIGH",NA
52,11,211.696819631182,59,8,8.4994681532063,"M",0.269199007307179,0.25,1,"MED HIGH HIGH",NA
53,1,118.998481550061,54,2,2.49975749652675,"FISHED",0.277010778896511,0.25,1,"MED HIGH HIGH",NA
53,2,119.218984422783,54,2,2.49936199455709,"FISHED",0.277010778896511,0.25,1,"MED HIGH HIGH",NA
53,3,94.4915341679431,53,1,1.49935482674314,"FISHED",0.247903870441951,0.25,1,"MED HIGH HIGH",NA
53,4,96.3129147131344,53,1,1.49946944247025,"M",0.247903870441951,0.25,1,"MED HIGH HIGH",NA
53,5,96.6803603943736,53,1,1.49920808440264,"FISHED",0.247903870441951,0.25,1,"MED HIGH HIGH",NA
53,6,62.1885869004397,52,0,0.499139996258161,"M",0.266144293686375,0.25,1,"MED HIGH HIGH",NA
53,7,104.584234853459,53,1,1.49899456453235,"M",0.247903870441951,0.25,1,"MED HIGH HIGH",NA
53,8,176.845985958828,56,4,4.50116117424476,"M",0.295944641018286,0.25,1,"MED HIGH HIGH",NA
53,9,61.1499250035536,52,0,0.499777353664944,"M",0.266144293686375,0.25,1,"MED HIGH HIGH",NA
53,10,65.6768867988942,52,0,0.499858452072844,"M",0.266144293686375,0.25,1,"MED HIGH HIGH",NA
54,1,61.3337983270556,53,0,0.501145072945289,"FISHED",0.247903870441951,0.25,1,"MED HIGH HIGH",NA
54,2,142.655383689213,56,3,3.50037658362068,"M",0.295944641018286,0.25,1,"MED HIGH HIGH",NA
54,3,62.0968102223803,53,0,0.500844412149832,"M",0.247903870441951,0.25,1,"MED HIGH HIGH",NA
54,4,63.8127856525366,53,0,0.50085049232321,"M",0.247903870441951,0.25,1,"MED HIGH HIGH",NA
54,5,99.6861524502782,54,1,1.49987392663847,"M",0.277010778896511,0.25,1,"MED HIGH HIGH",NA
54,6,118.462854147172,55,2,2.49965705705287,"FISHED",0.281018901895732,0.25,1,"MED HIGH HIGH",NA
54,7,143.665857864773,56,3,3.49866134659297,"M",0.295944641018286,0.25,1,"MED HIGH HIGH",NA
54,8,96.4022335231594,54,1,1.49918437271439,"M",0.277010778896511,0.25,1,"MED HIGH HIGH",NA
54,9,161.283537765408,58,5,5.50100885543395,"FISHED",0.278362347488292,0.25,1,"MED HIGH HIGH",NA
54,10,62.3400985292162,53,0,0.500809566415089,"M",0.247903870441951,0.25,1,"MED HIGH HIGH",NA
54,11,175.465641106613,59,6,6.49934967628579,"M",0.269199007307179,0.25,1,"MED HIGH HIGH",NA
55,1,65.1423369944624,54,0,0.501201577377105,"M",0.277010778896511,0.25,1,"MED HIGH HIGH",NA
55,2,96.517944317378,55,1,1.50120495312178,"M",0.281018901895732,0.25,1,"MED HIGH HIGH",NA
55,3,62.0210385680476,54,0,0.501006875684101,"M",0.277010778896511,0.25,1,"MED HIGH HIGH",NA
55,4,105.293792454638,55,1,1.49891919699379,"M",0.281018901895732,0.25,1,"MED HIGH HIGH",NA
55,5,98.1597452004999,55,1,1.49963544638025,"FISHED",0.281018901895732,0.25,1,"MED HIGH HIGH",NA
55,6,64.2006974566814,54,0,0.499358884079062,"M",0.277010778896511,0.25,1,"MED HIGH HIGH",NA
55,7,98.754925381262,55,1,1.50053153020366,"M",0.281018901895732,0.25,1,"MED HIGH HIGH",NA
55,8,96.9256795353991,55,1,1.49943569605173,"M",0.281018901895732,0.25,1,"MED HIGH HIGH",NA
55,9,128.012625030759,56,2,2.49971882173863,"FISHED",0.295944641018286,0.25,1,"MED HIGH HIGH",NA
55,10,170.99576392234,59,5,5.50034360214085,"M",0.269199007307179,0.25,1,"MED HIGH HIGH",NA
55,11,169.803441599245,59,5,5.49926965752919,"FISHED",0.269199007307179,0.25,1,"MED HIGH HIGH",NA
55,12,163.9906428196,60,6,6.49975871195349,"FISHED",0.214096933207475,0.25,1,"MED HIGH HIGH",NA
55,13,99.192879543665,55,1,1.49898312430637,"FISHED",0.281018901895732,0.25,1,"MED HIGH HIGH",NA
56,1,58.171942304343,55,0,0.499647851975667,"M",0.281018901895732,0.25,1,"MED HIGH HIGH",NA
56,2,93.4745767671059,56,1,1.50163575542966,"M",0.295944641018286,0.25,1,"MED HIGH HIGH",NA
56,3,61.5114003321193,55,0,0.499429137874993,"FISHED",0.281018901895732,0.25,1,"MED HIGH HIGH",NA
56,4,96.8902617388229,56,1,1.49829190474918,"M",0.295944641018286,0.25,1,"MED HIGH HIGH",NA
56,5,61.6674158318676,55,0,0.500525727258923,"FISHED",0.281018901895732,0.25,1,"MED HIGH HIGH",NA
56,6,67.8581864286976,55,0,0.500354322659503,"FISHED",0.281018901895732,0.25,1,"MED HIGH HIGH",NA
56,7,63.6279350350528,55,0,0.500541802159913,"FISHED",0.281018901895732,0.25,1,"MED HIGH HIGH",NA
56,8,62.034941127271,55,0,0.500255440726929,"M",0.281018901895732,0.25,1,"MED HIGH HIGH",NA
56,9,62.2118231862311,55,0,0.499807162040731,"M",0.281018901895732,0.25,1,"MED HIGH HIGH",NA
56,10,93.681910943871,56,1,1.49986391620009,"M",0.295944641018286,0.25,1,"MED HIGH HIGH",NA
56,11,98.4720134420259,56,1,1.50012355415096,"M",0.295944641018286,0.25,1,"MED HIGH HIGH",NA
57,1,173.320954561084,61,5,5.50058991286317,"M",0.237709125922993,0.25,1,"MED HIGH HIGH",NA
57,2,186.715862621498,60,4,4.50197490775202,"M",0.214096933207475,0.25,1,"MED HIGH HIGH",NA
57,3,98.5432261501133,57,1,1.49821254060378,"M",0.275570473866537,0.25,1,"MED HIGH HIGH",NA
57,4,63.318742678824,56,0,0.500425011450876,"FISHED",0.295944641018286,0.25,1,"MED HIGH HIGH",NA
57,5,63.881768559724,56,0,0.499824668312116,"M",0.295944641018286,0.25,1,"MED HIGH HIGH",NA
57,6,129.275314326454,58,2,2.49865173581661,"FISHED",0.278362347488292,0.25,1,"MED HIGH HIGH",NA
57,7,61.8446034233655,56,0,0.500273326251397,"M",0.295944641018286,0.25,1,"MED HIGH HIGH",NA
57,8,98.7980719745759,57,1,1.50003143554582,"M",0.275570473866537,0.25,1,"MED HIGH HIGH",NA
57,9,96.5444465423662,57,1,1.50082862660014,"M",0.275570473866537,0.25,1,"MED HIGH HIGH",NA
57,10,99.9173646253877,57,1,1.50081781662339,"M",0.275570473866537,0.25,1,"MED HIGH HIGH",NA
57,11,100.668238797726,57,1,1.49819860015594,"M",0.275570473866537,0.25,1,"MED HIGH HIGH",NA
58,1,61.4208314942085,57,0,0.500928617952048,"FISHED",0.275570473866537,0.25,1,"MED HIGH HIGH",NA
58,2,63.4291132019683,57,0,0.500271048634367,"FISHED",0.275570473866537,0.25,1,"MED HIGH HIGH",NA
58,3,97.8720529945224,58,1,1.50129595942963,"M",0.278362347488292,0.25,1,"MED HIGH HIGH",NA
58,4,63.4357505639039,57,0,0.502524885683488,"M",0.275570473866537,0.25,1,"MED HIGH HIGH",NA
58,5,61.7489639835988,57,0,0.500428854340605,"M",0.275570473866537,0.25,1,"MED HIGH HIGH",NA
58,6,116.24720233947,59,2,2.50054968188567,"FISHED",0.269199007307179,0.25,1,"MED HIGH HIGH",NA
58,7,98.1500485383847,58,1,1.50083229714122,"M",0.278362347488292,0.25,1,"MED HIGH HIGH",NA
58,8,159.958765186886,61,4,4.50133738931444,"M",0.237709125922993,0.25,1,"MED HIGH HIGH",NA
58,9,93.426063341462,58,1,1.4990573503349,"FISHED",0.278362347488292,0.25,1,"MED HIGH HIGH",NA
58,10,98.7112351117275,58,1,1.50096312929286,"M",0.278362347488292,0.25,1,"MED HIGH HIGH",NA
59,1,100.957747949199,59,1,1.50064232627168,"M",0.269199007307179,0.25,1,"MED HIGH HIGH",NA
59,2,65.5650461884241,58,0,0.499703887852478,"M",0.278362347488292,0.25,1,"MED HIGH HIGH",NA
59,3,125.554745247427,60,2,2.5019207605708,"M",0.214096933207475,0.25,1,"MED HIGH HIGH",NA
59,4,97.2943784313317,59,1,1.49982544755805,"M",0.269199007307179,0.25,1,"MED HIGH HIGH",NA
59,5,63.8116480517089,58,0,0.501130264970162,"FISHED",0.278362347488292,0.25,1,"MED HIGH HIGH",NA
59,6,98.764059927706,59,1,1.50231022144675,"FISHED",0.269199007307179,0.25,1,"MED HIGH HIGH",NA
59,7,149.818598586795,61,3,3.50045973889046,"M",0.237709125922993,0.25,1,"MED HIGH HIGH",NA
59,8,60.9682684516569,58,0,0.500393651234914,"M",0.278362347488292,0.25,1,"MED HIGH HIGH",NA
59,9,63.4974051054713,58,0,0.500278497081786,"M",0.278362347488292,0.25,1,"MED HIGH HIGH",NA
59,10,60.296300873728,58,0,0.499144782981618,"FISHED",0.278362347488292,0.25,1,"MED HIGH HIGH",NA
59,11,60.3252493190613,58,0,0.497636287523155,"FISHED",0.278362347488292,0.25,1,"MED HIGH HIGH",NA
60,1,130.560801798752,61,2,2.49947098982559,"FISHED",0.237709125922993,0.25,1,"MED HIGH HIGH",NA
60,2,64.5397745002476,59,0,0.49880858079435,"FISHED",0.269199007307179,0.25,1,"MED HIGH HIGH",NA
60,3,64.0725796072483,59,0,0.500350846988446,"M",0.269199007307179,0.25,1,"MED HIGH HIGH",NA
60,4,62.0690593096302,59,0,0.500721143218403,"M",0.269199007307179,0.25,1,"MED HIGH HIGH",NA
60,5,144.843403820257,62,3,3.50158093629486,"FISHED",0.265232778876089,0.25,1,"MED HIGH HIGH",NA
60,6,143.197359371965,62,3,3.49917872064564,"M",0.265232778876089,0.25,1,"MED HIGH HIGH",NA
60,7,137.631007020423,62,3,3.50004120066263,"M",0.265232778876089,0.25,1,"MED HIGH HIGH",NA
60,8,122.164594465857,61,2,2.49987370115007,"FISHED",0.237709125922993,0.25,1,"MED HIGH HIGH",NA
60,9,62.6326116956118,59,0,0.499043866184323,"M",0.269199007307179,0.25,1,"MED HIGH HIGH",NA
60,10,94.1216480116264,60,1,1.49998935804813,"M",0.214096933207475,0.25,1,"MED HIGH HIGH",NA
60,11,124.675406998739,61,2,2.49991517101368,"M",0.237709125922993,0.25,1,"MED HIGH HIGH",NA
61,1,159.336875463579,64,4,4.49844310397751,"FISHED",0.275314411753789,0.25,1,"MED HIGH HIGH",NA
61,2,103.782852670606,61,1,1.49989575857635,"M",0.237709125922993,0.25,1,"MED HIGH HIGH",NA
61,3,189.413718144262,68,8,8.49963180634981,"FISHED",0.302927213534713,0.25,1,"MED HIGH HIGH",NA
61,4,61.0705376162807,60,0,0.500444892122692,"FISHED",0.214096933207475,0.25,1,"MED HIGH HIGH",NA
61,5,141.88781719245,63,3,3.50124498617026,"M",0.29892200937029,0.25,1,"MED HIGH HIGH",NA
61,6,64.7746932345334,60,0,0.501134683883975,"FISHED",0.214096933207475,0.25,1,"MED HIGH HIGH",NA
61,7,209.059812683435,67,7,7.49967976769952,"M",0.387577905016951,0.25,1,"MED HIGH HIGH",NA
61,8,99.4183354385557,61,1,1.50077579152685,"M",0.237709125922993,0.25,1,"MED HIGH HIGH",NA
61,9,122.91902947312,62,2,2.50110521508721,"M",0.265232778876089,0.25,1,"MED HIGH HIGH",NA
61,10,60.2612690138214,60,0,0.499164501061996,"FISHED",0.214096933207475,0.25,1,"MED HIGH HIGH",NA
62,1,133.008621631808,63,2,2.49820745802772,"FISHED",0.29892200937029,0.25,1,"MED HIGH HIGH",NA
62,2,61.0910726140047,61,0,0.499645334748007,"FISHED",0.237709125922993,0.25,1,"MED HIGH HIGH",NA
62,3,65.256148386485,61,0,0.497835513032199,"M",0.237709125922993,0.25,1,"MED HIGH HIGH",NA
62,4,62.1746958938103,61,0,0.499994080029519,"M",0.237709125922993,0.25,1,"MED HIGH HIGH",NA
62,5,129.934717427232,63,2,2.49953293894542,"M",0.29892200937029,0.25,1,"MED HIGH HIGH",NA
62,6,99.9614949922328,62,1,1.50036475611043,"M",0.265232778876089,0.25,1,"MED HIGH HIGH",NA
62,7,99.0152208464861,62,1,1.49963980891602,"M",0.265232778876089,0.25,1,"MED HIGH HIGH",NA
62,8,97.6950148136648,62,1,1.49965189013938,"FISHED",0.265232778876089,0.25,1,"MED HIGH HIGH",NA
62,9,93.8288175762352,62,1,1.50136046319405,"FISHED",0.265232778876089,0.25,1,"MED HIGH HIGH",NA
62,10,63.0212472826165,61,0,0.500940325599439,"M",0.237709125922993,0.25,1,"MED HIGH HIGH",NA
62,11,96.5135114128973,62,1,1.49876301715034,"M",0.265232778876089,0.25,1,"MED HIGH HIGH",NA
62,12,61.958903331243,61,0,0.500760936239392,"M",0.237709125922993,0.25,1,"MED HIGH HIGH",NA
63,1,176.069143950446,69,7,7.5011129583456,"FISHED",0.392215048288927,0.25,1,"MED HIGH HIGH",NA
63,2,61.4782507403752,62,0,0.499973820908254,"M",0.265232778876089,0.25,1,"MED HIGH HIGH",NA
63,3,63.3975374278397,62,0,0.499181595979909,"FISHED",0.265232778876089,0.25,1,"MED HIGH HIGH",NA
63,4,149.797479747237,65,3,3.4999148541447,"FISHED",0.255652625835501,0.25,1,"MED HIGH HIGH",NA
63,5,61.3521545755045,62,0,0.498721447690469,"M",0.265232778876089,0.25,1,"MED HIGH HIGH",NA
63,6,92.0398385542056,63,1,1.49958355080148,"FISHED",0.29892200937029,0.25,1,"MED HIGH HIGH",NA
63,7,92.1329037318151,63,1,1.49924268576972,"FISHED",0.29892200937029,0.25,1,"MED HIGH HIGH",NA
63,8,91.852071093458,63,1,1.50054959151723,"M",0.29892200937029,0.25,1,"MED HIGH HIGH",NA
63,9,151.413391960178,65,3,3.50000046816737,"FISHED",0.255652625835501,0.25,1,"MED HIGH HIGH",NA
63,10,100.615015564067,63,1,1.50005971046104,"M",0.29892200937029,0.25,1,"MED HIGH HIGH",NA
63,11,61.8221805757483,62,0,0.499026926206054,"M",0.265232778876089,0.25,1,"MED HIGH HIGH",NA
64,1,63.9167056986013,63,0,0.50068246968827,"M",0.29892200937029,0.25,1,"MED HIGH HIGH",NA
64,2,197.313736535096,69,6,6.49938262367604,"M",0.392215048288927,0.25,1,"MED HIGH HIGH",NA
64,3,137.711533370936,65,2,2.50074929844442,"M",0.255652625835501,0.25,1,"MED HIGH HIGH",NA
64,4,102.097983113205,64,1,1.50012634513804,"FISHED",0.275314411753789,0.25,1,"MED HIGH HIGH",NA
64,5,61.3717841737318,63,0,0.500089578112112,"M",0.29892200937029,0.25,1,"MED HIGH HIGH",NA
64,6,63.8777628877693,63,0,0.500123795914486,"M",0.29892200937029,0.25,1,"MED HIGH HIGH",NA
64,7,158.575431750328,67,4,4.49997062336031,"M",0.387577905016951,0.25,1,"MED HIGH HIGH",NA
64,8,151.06386723691,66,3,3.50056039173661,"M",0.240314859268256,0.25,1,"MED HIGH HIGH",NA
64,9,62.1850019392389,63,0,0.499081590494296,"FISHED",0.29892200937029,0.25,1,"MED HIGH HIGH",NA
65,1,64.8058798010042,64,0,0.500348680882336,"FISHED",0.275314411753789,0.25,1,"MED HIGH HIGH",NA
65,2,130.590909859461,66,2,2.49884990241704,"M",0.240314859268256,0.25,1,"MED HIGH HIGH",NA
65,3,153.561768294309,67,3,3.49978897094107,"FISHED",0.387577905016951,0.25,1,"MED HIGH HIGH",NA
65,4,63.3914080110333,64,0,0.499040181568868,"FISHED",0.275314411753789,0.25,1,"MED HIGH HIGH",NA
65,5,127.902574329487,66,2,2.50005609321365,"M",0.240314859268256,0.25,1,"MED HIGH HIGH",NA
65,6,142.738250292504,67,3,3.50245941664371,"M",0.387577905016951,0.25,1,"MED HIGH HIGH",NA
65,7,61.6327786168922,64,0,0.501073460853309,"M",0.275314411753789,0.25,1,"MED HIGH HIGH",NA
65,8,61.1452071853588,64,0,0.500356611484583,"M",0.275314411753789,0.25,1,"MED HIGH HIGH",NA
65,9,60.9335534122999,64,0,0.500177683186041,"FISHED",0.275314411753789,0.25,1,"MED HIGH HIGH",NA
65,10,98.8839902300991,65,1,1.50114542599916,"M",0.255652625835501,0.25,1,"MED HIGH HIGH",NA
65,11,131.884066536206,66,2,2.49843782591476,"FISHED",0.240314859268256,0.25,1,"MED HIGH HIGH",NA
65,12,60.9329804503062,64,0,0.500991037286629,"M",0.275314411753789,0.25,1,"MED HIGH HIGH",NA
66,1,98.4186018163352,66,1,1.50106372208415,"M",0.240314859268256,0.25,1,"MED HIGH HIGH",NA
66,2,62.7747479072104,65,0,0.501168003590716,"M",0.255652625835501,0.25,1,"MED HIGH HIGH",NA
66,3,64.0322869183214,65,0,0.498502768774269,"M",0.255652625835501,0.25,1,"MED HIGH HIGH",NA
66,4,99.1164496007176,66,1,1.49918922015658,"FISHED",0.240314859268256,0.25,1,"MED HIGH HIGH",NA
66,5,63.0176658357011,65,0,0.500169802038613,"M",0.255652625835501,0.25,1,"MED HIGH HIGH",NA
66,6,63.2883176957777,65,0,0.501392921275272,"FISHED",0.255652625835501,0.25,1,"MED HIGH HIGH",NA
66,7,94.1113785896044,66,1,1.50042719837867,"M",0.240314859268256,0.25,1,"MED HIGH HIGH",NA
66,8,134.029796000763,67,2,2.49863352671069,"FISHED",0.387577905016951,0.25,1,"MED HIGH HIGH",NA
66,9,149.688645040865,68,3,3.5000748028707,"FISHED",0.302927213534713,0.25,1,"MED HIGH HIGH",NA
66,10,134.074540443995,67,2,2.49941019601333,"M",0.387577905016951,0.25,1,"MED HIGH HIGH",NA
66,11,60.7358418260506,65,0,0.498912317708115,"M",0.255652625835501,0.25,1,"MED HIGH HIGH",NA
67,1,64.0630942618621,66,0,0.499790422878242,"FISHED",0.240314859268256,0.25,1,"MED HIGH HIGH",NA
67,2,65.3427578325434,66,0,0.500600794044503,"M",0.240314859268256,0.25,1,"MED HIGH HIGH",NA
67,3,99.9951396017788,67,1,1.5019288602773,"FISHED",0.387577905016951,0.25,1,"MED HIGH HIGH",NA
67,4,95.7911872549962,67,1,1.50104857106387,"M",0.387577905016951,0.25,1,"MED HIGH HIGH",NA
67,5,96.4930942380777,67,1,1.4993706013524,"M",0.387577905016951,0.25,1,"MED HIGH HIGH",NA
67,6,120.892665624138,68,2,2.49963149156462,"M",0.302927213534713,0.25,1,"MED HIGH HIGH",NA
67,7,61.4672838257127,66,0,0.501421548025775,"M",0.240314859268256,0.25,1,"MED HIGH HIGH",NA
67,8,152.014692795962,70,4,4.4992030113192,"M",0.309030927321874,0.25,1,"MED HIGH HIGH",NA
67,9,202.367797481374,72,6,6.50039888116615,"M",0.37520164239686,0.25,1,"MED HIGH HIGH",NA
67,10,63.8276256040238,66,0,0.499470011612635,"FISHED",0.240314859268256,0.25,1,"MED HIGH HIGH",NA
68,1,65.8473059548705,67,0,0.499079825674745,"FISHED",0.387577905016951,0.25,1,"MED HIGH HIGH",NA
68,2,60.3417588096858,67,0,0.501836173067172,"M",0.387577905016951,0.25,1,"MED HIGH HIGH",NA
68,3,65.7468114212926,67,0,0.499021666057194,"M",0.387577905016951,0.25,1,"MED HIGH HIGH",NA
68,4,60.9040160854267,67,0,0.500116988306585,"FISHED",0.387577905016951,0.25,1,"MED HIGH HIGH",NA
68,5,63.4687709096624,67,0,0.500045114652863,"M",0.387577905016951,0.25,1,"MED HIGH HIGH",NA
68,6,63.6803875839648,67,0,0.499654593823329,"FISHED",0.387577905016951,0.25,1,"MED HIGH HIGH",NA
68,7,104.075150030162,68,1,1.50077348208282,"M",0.302927213534713,0.25,1,"MED HIGH HIGH",NA
68,8,62.6958747887392,67,0,0.500137422080737,"M",0.387577905016951,0.25,1,"MED HIGH HIGH",NA
68,9,126.354781582066,69,2,2.50047627142004,"FISHED",0.392215048288927,0.25,1,"MED HIGH HIGH",NA
68,10,99.786133154104,68,1,1.49906296048278,"FISHED",0.302927213534713,0.25,1,"MED HIGH HIGH",NA
68,11,62.9455194201531,67,0,0.499910549685738,"FISHED",0.387577905016951,0.25,1,"MED HIGH HIGH",NA
69,1,62.7876961656134,68,0,0.500829018667108,"M",0.302927213534713,0.25,1,"MED HIGH HIGH",NA
69,2,63.2981061758029,68,0,0.499610456990884,"FISHED",0.302927213534713,0.25,1,"MED HIGH HIGH",NA
69,3,62.0944066256535,68,0,0.498284518140896,"M",0.302927213534713,0.25,1,"MED HIGH HIGH",NA
69,4,97.7367048346507,69,1,1.49824748120053,"FISHED",0.392215048288927,0.25,1,"MED HIGH HIGH",NA
69,5,64.6258013245721,68,0,0.501675188115554,"M",0.302927213534713,0.25,1,"MED HIGH HIGH",NA
69,6,129.659655163707,70,2,2.49964720640346,"M",0.309030927321874,0.25,1,"MED HIGH HIGH",NA
69,7,62.020781546583,68,0,0.501646786851825,"FISHED",0.302927213534713,0.25,1,"MED HIGH HIGH",NA
69,8,125.304045646496,70,2,2.49856901268126,"M",0.309030927321874,0.25,1,"MED HIGH HIGH",NA
69,9,139.878539978501,71,3,3.50031697403062,"M",0.301269473927096,0.25,1,"MED HIGH HIGH",NA
69,10,125.445174589525,70,2,2.49903895839716,"FISHED",0.309030927321874,0.25,1,"MED HIGH HIGH",NA
69,11,62.7168656979971,68,0,0.499456928227229,"M",0.302927213534713,0.25,1,"MED HIGH HIGH",NA
70,1,131.21947881471,71,2,2.49977431257942,"M",0.301269473927096,0.25,1,"MED HIGH HIGH",NA
70,2,59.2949692012473,69,0,0.501354735253919,"FISHED",0.392215048288927,0.25,1,"MED HIGH HIGH",NA
70,3,132.79584636757,71,2,2.49763336322138,"M",0.301269473927096,0.25,1,"MED HIGH HIGH",NA
70,4,64.3149258093817,69,0,0.49896733118108,"M",0.392215048288927,0.25,1,"MED HIGH HIGH",NA
70,5,63.4095786630139,69,0,0.499547290474805,"M",0.392215048288927,0.25,1,"MED HIGH HIGH",NA
70,6,131.590460922508,71,2,2.50087137847396,"FISHED",0.301269473927096,0.25,1,"MED HIGH HIGH",NA
70,7,95.0590649804011,70,1,1.50166193555193,"M",0.309030927321874,0.25,1,"MED HIGH HIGH",NA
70,8,62.016713292077,69,0,0.501195225402198,"M",0.392215048288927,0.25,1,"MED HIGH HIGH",NA
70,9,62.208209883977,69,0,0.499059968815868,"FISHED",0.392215048288927,0.25,1,"MED HIGH HIGH",NA
70,10,61.6883777492289,69,0,0.500613303065771,"M",0.392215048288927,0.25,1,"MED HIGH HIGH",NA
70,11,162.576855717851,73,4,4.49917420987384,"M",0.354235497396439,0.25,1,"MED HIGH HIGH",NA
71,1,59.9323834963141,70,0,0.499493081558826,"M",0.309030927321874,0.25,1,"MED HIGH HIGH",NA
71,2,101.987337685742,71,1,1.50103167234727,"FISHED",0.301269473927096,0.25,1,"MED HIGH HIGH",NA
71,3,63.2316249968905,70,0,0.500884667810192,"M",0.309030927321874,0.25,1,"MED HIGH HIGH",NA
71,4,61.1230448346707,70,0,0.499152502556451,"FISHED",0.309030927321874,0.25,1,"MED HIGH HIGH",NA
71,5,59.8756115677425,70,0,0.499351906568345,"M",0.309030927321874,0.25,1,"MED HIGH HIGH",NA
71,6,96.1179435972267,71,1,1.50103082403474,"FISHED",0.301269473927096,0.25,1,"MED HIGH HIGH",NA
71,7,60.7274314304658,70,0,0.49987230951296,"M",0.309030927321874,0.25,1,"MED HIGH HIGH",NA
71,8,98.0908782882511,71,1,1.50092576235445,"M",0.301269473927096,0.25,1,"MED HIGH HIGH",NA
71,9,134.355809028739,72,2,2.50073094075764,"M",0.37520164239686,0.25,1,"MED HIGH HIGH",NA
71,10,62.8531312118425,70,0,0.499546329596725,"M",0.309030927321874,0.25,1,"MED HIGH HIGH",NA
72,1,63.9589773767023,71,0,0.498704650140441,"M",0.301269473927096,0.25,1,"MED HIGH HIGH",NA
72,2,64.0640774704173,71,0,0.500088981723745,"M",0.301269473927096,0.25,1,"MED HIGH HIGH",NA
72,3,101.629980632634,72,1,1.49949060026499,"M",0.37520164239686,0.25,1,"MED HIGH HIGH",NA
72,4,106.849228689221,72,1,1.50040122223682,"M",0.37520164239686,0.25,1,"MED HIGH HIGH",NA
72,5,149.431468910828,74,3,3.49848189250052,"FISHED",0.302474005357362,0.25,1,"MED HIGH HIGH",NA
72,6,62.7182012257422,71,0,0.499760831985185,"M",0.301269473927096,0.25,1,"MED HIGH HIGH",NA
72,7,95.0054439152225,72,1,1.49858204383033,"FISHED",0.37520164239686,0.25,1,"MED HIGH HIGH",NA
72,8,130.120790160975,73,2,2.50088875653786,"FISHED",0.354235497396439,0.25,1,"MED HIGH HIGH",NA
72,9,100.417197587671,72,1,1.49960968648383,"M",0.37520164239686,0.25,1,"MED HIGH HIGH",NA
73,1,95.8845873120464,73,1,1.5018338479741,"FISHED",0.354235497396439,0.25,1,"MED HIGH HIGH",NA
73,2,62.2373428149777,72,0,0.499730873792977,"FISHED",0.37520164239686,0.25,1,"MED HIGH HIGH",NA
73,3,178.605384611123,77,5,5.49996160822872,"FISHED",0.348082670662552,0.25,1,"MED HIGH HIGH",NA
73,4,61.6462014671445,72,0,0.499127132037169,"FISHED",0.37520164239686,0.25,1,"MED HIGH HIGH",NA
73,5,128.783235373739,74,2,2.49935741497156,"M",0.302474005357362,0.25,1,"MED HIGH HIGH",NA
73,6,60.6876580519644,72,0,0.498971205439607,"M",0.37520164239686,0.25,1,"MED HIGH HIGH",NA
73,7,102.756630881793,73,1,1.49962845162511,"FISHED",0.354235497396439,0.25,1,"MED HIGH HIGH",NA
73,8,142.606018131543,75,3,3.49963955398604,"M",0.309673371165991,0.25,1,"MED HIGH HIGH",NA
73,9,63.4549106233162,72,0,0.501431099894343,"FISHED",0.37520164239686,0.25,1,"MED HIGH HIGH",NA
73,10,139.363806648504,75,3,3.5001218200126,"M",0.309673371165991,0.25,1,"MED HIGH HIGH",NA
73,11,99.3966772716595,73,1,1.49816159296481,"FISHED",0.354235497396439,0.25,1,"MED HIGH HIGH",NA
74,1,176.448538315442,78,5,5.49959211749417,"FISHED",0.326416311436333,0.25,1,"MED HIGH HIGH",NA
74,2,100.773991778136,74,1,1.50147239733349,"M",0.302474005357362,0.25,1,"MED HIGH HIGH",NA
74,3,62.152891321001,73,0,0.497487652643038,"FISHED",0.354235497396439,0.25,1,"MED HIGH HIGH",NA
74,4,60.9182428039607,73,0,0.499327982198479,"FISHED",0.354235497396439,0.25,1,"MED HIGH HIGH",NA
74,5,65.6089329552674,73,0,0.501242237344854,"M",0.354235497396439,0.25,1,"MED HIGH HIGH",NA
74,6,89.5375124569667,74,1,1.50047849851989,"FISHED",0.302474005357362,0.25,1,"MED HIGH HIGH",NA
74,7,61.5139083143835,73,0,0.502064600606206,"FISHED",0.354235497396439,0.25,1,"MED HIGH HIGH",NA
74,8,200.520308465335,79,6,6.50089126551883,"M",0.339583669509739,0.25,1,"MED HIGH HIGH",NA
74,9,205.296947389206,81,8,8.49985993559772,"FISHED",0.303131581703201,0.25,1,"MED HIGH HIGH",NA
74,10,94.8787004713868,74,1,1.5013303888262,"FISHED",0.302474005357362,0.25,1,"MED HIGH HIGH",NA
74,11,96.6025513086772,74,1,1.49956509012444,"FISHED",0.302474005357362,0.25,1,"MED HIGH HIGH",NA
75,1,64.7902654595888,74,0,0.500811215252836,"M",0.302474005357362,0.25,1,"MED HIGH HIGH",NA
75,2,59.8198429772723,74,0,0.501192446666908,"FISHED",0.302474005357362,0.25,1,"MED HIGH HIGH",NA
75,3,178.04333795668,78,4,4.50153104854399,"FISHED",0.326416311436333,0.25,1,"MED HIGH HIGH",NA
75,4,65.7868859353203,74,0,0.50003424547865,"FISHED",0.302474005357362,0.25,1,"MED HIGH HIGH",NA
75,5,99.0838490387753,75,1,1.50036101035271,"M",0.309673371165991,0.25,1,"MED HIGH HIGH",NA
75,6,146.467783837127,77,3,3.50024937417093,"FISHED",0.348082670662552,0.25,1,"MED HIGH HIGH",NA
75,7,62.1832269398548,74,0,0.498166202973033,"FISHED",0.302474005357362,0.25,1,"MED HIGH HIGH",NA
75,8,60.9694902026333,74,0,0.500341570420221,"FISHED",0.302474005357362,0.25,1,"MED HIGH HIGH",NA
76,1,96.0771061048931,76,1,1.50086873898645,"FISHED",0.315581396408379,0.25,1,"MED HIGH HIGH",NA
76,2,61.8540661796354,75,0,0.499804443359765,"FISHED",0.309673371165991,0.25,1,"MED HIGH HIGH",NA
76,3,100.994789121252,76,1,1.49835544947355,"FISHED",0.315581396408379,0.25,1,"MED HIGH HIGH",NA
76,4,95.4500263577552,76,1,1.50015667349594,"M",0.315581396408379,0.25,1,"MED HIGH HIGH",NA
76,5,60.0021811110575,75,0,0.500599044161842,"FISHED",0.309673371165991,0.25,1,"MED HIGH HIGH",NA
76,6,59.3387869936343,75,0,0.499142301964763,"FISHED",0.309673371165991,0.25,1,"MED HIGH HIGH",NA
76,7,150.400537534707,78,3,3.49994681007868,"M",0.326416311436333,0.25,1,"MED HIGH HIGH",NA
76,8,152.381978509263,80,5,5.49973935693443,"M",0.35093779261224,0.25,1,"MED HIGH HIGH",NA
76,9,64.3604829108628,75,0,0.4990498150752,"FISHED",0.309673371165991,0.25,1,"MED HIGH HIGH",NA
77,1,60.9513237710105,76,0,0.501237147267104,"FISHED",0.315581396408379,0.25,1,"MED HIGH HIGH",NA
77,2,62.1847085271365,76,0,0.500114964010905,"FISHED",0.315581396408379,0.25,1,"MED HIGH HIGH",NA
77,3,62.2384505182531,76,0,0.49940872631505,"FISHED",0.315581396408379,0.25,1,"MED HIGH HIGH",NA
77,4,62.87637630987,76,0,0.497518044144958,"M",0.315581396408379,0.25,1,"MED HIGH HIGH",NA
77,5,133.089221025048,78,2,2.49896137633167,"M",0.326416311436333,0.25,1,"MED HIGH HIGH",NA
77,6,184.025549698422,81,5,5.50028421044835,"FISHED",0.303131581703201,0.25,1,"MED HIGH HIGH",NA
77,7,138.379492682625,79,3,3.50084845636098,"M",0.339583669509739,0.25,1,"MED HIGH HIGH",NA
77,8,103.946520424957,77,1,1.49882913113347,"FISHED",0.348082670662552,0.25,1,"MED HIGH HIGH",NA
77,9,61.9034328501823,76,0,0.498981073497532,"FISHED",0.315581396408379,0.25,1,"MED HIGH HIGH",NA
78,1,65.161405841935,77,0,0.499427639682858,"FISHED",0.348082670662552,0.25,1,"MED HIGH HIGH",NA
78,2,159.417459706333,80,3,3.5006141711716,"FISHED",0.35093779261224,0.25,1,"MED HIGH HIGH",NA
78,3,98.2403172392996,78,1,1.50085654344886,"FISHED",0.326416311436333,0.25,1,"MED HIGH HIGH",NA
78,4,62.4190621098837,77,0,0.499424544703199,"M",0.348082670662552,0.25,1,"MED HIGH HIGH",NA
78,5,64.2167788584081,77,0,0.499725894697555,"FISHED",0.348082670662552,0.25,1,"MED HIGH HIGH",NA
78,6,64.1101679751694,77,0,0.500557308405717,"FISHED",0.348082670662552,0.25,1,"MED HIGH HIGH",NA
78,7,63.6247116532183,77,0,0.49975306401666,"FISHED",0.348082670662552,0.25,1,"MED HIGH HIGH",NA
78,8,147.800740379177,80,3,3.49898861100777,"M",0.35093779261224,0.25,1,"MED HIGH HIGH",NA
78,9,216.401697628277,85,8,8.499846635337,"M",0.393147483305074,0.25,1,"MED HIGH HIGH",NA
78,10,61.7279201165313,77,0,0.500377635428571,"M",0.348082670662552,0.25,1,"MED HIGH HIGH",NA
78,11,132.346341191517,79,2,2.49886289091829,"FISHED",0.339583669509739,0.25,1,"MED HIGH HIGH",NA
78,12,119.684302660833,79,2,2.49977240348022,"M",0.339583669509739,0.25,1,"MED HIGH HIGH",NA
79,1,168.716083017742,83,5,5.49905585321299,"FISHED",0.397713479679078,0.25,1,"MED HIGH HIGH",NA
79,2,62.8510333461062,78,0,0.502162020025372,"M",0.326416311436333,0.25,1,"MED HIGH HIGH",NA
79,3,117.572978889907,80,2,2.49901922024683,"M",0.35093779261224,0.25,1,"MED HIGH HIGH",NA
79,4,61.8610093159442,78,0,0.499786034460054,"M",0.326416311436333,0.25,1,"MED HIGH HIGH",NA
79,5,164.109803003743,81,3,3.49943450846489,"M",0.303131581703201,0.25,1,"MED HIGH HIGH",NA
79,6,97.2755518156351,79,1,1.49817357644101,"FISHED",0.339583669509739,0.25,1,"MED HIGH HIGH",NA
79,7,60.7425039841797,78,0,0.499717616065553,"FISHED",0.326416311436333,0.25,1,"MED HIGH HIGH",NA
79,8,95.632867501112,79,1,1.50108256110875,"M",0.339583669509739,0.25,1,"MED HIGH HIGH",NA
79,9,65.3633507450722,78,0,0.499179399669947,"M",0.326416311436333,0.25,1,"MED HIGH HIGH",NA
79,10,63.2879540910589,78,0,0.502169288679967,"M",0.326416311436333,0.25,1,"MED HIGH HIGH",NA
79,11,165.452021271006,83,5,5.50199362573822,"FISHED",0.397713479679078,0.25,1,"MED HIGH HIGH",NA
79,12,102.880731395683,79,1,1.49992809699619,"FISHED",0.339583669509739,0.25,1,"MED HIGH HIGH",NA
80,1,63.9266595678674,79,0,0.499870853419638,"M",0.339583669509739,0.25,1,"MED HIGH HIGH",NA
80,2,63.020756899612,79,0,0.500258439135814,"M",0.339583669509739,0.25,1,"MED HIGH HIGH",NA
80,3,124.970808428985,81,2,2.49989709665388,"FISHED",0.303131581703201,0.25,1,"MED HIGH HIGH",NA
80,4,63.8070095756541,79,0,0.500402128645057,"M",0.339583669509739,0.25,1,"MED HIGH HIGH",NA
80,5,60.9923285562499,79,0,0.499302393795554,"M",0.339583669509739,0.25,1,"MED HIGH HIGH",NA
80,6,149.934765756745,82,3,3.49955123475189,"M",0.304122373834252,0.25,1,"MED HIGH HIGH",NA
80,7,63.2385295211395,79,0,0.49820159102329,"FISHED",0.339583669509739,0.25,1,"MED HIGH HIGH",NA
80,8,189.880661025136,87,8,8.49971978665629,"M",0.368829185003415,0.25,1,"MED HIGH HIGH",NA
80,9,62.0925959013073,79,0,0.500712308731714,"FISHED",0.339583669509739,0.25,1,"MED HIGH HIGH",NA
80,10,61.5412256959337,79,0,0.498755152438325,"M",0.339583669509739,0.25,1,"MED HIGH HIGH",NA
80,11,102.257079778572,80,1,1.49981500158418,"M",0.35093779261224,0.25,1,"MED HIGH HIGH",NA
81,1,61.5837897948707,80,0,0.500158995146609,"FISHED",0.35093779261224,0.25,1,"MED HIGH HIGH",NA
81,2,66.5486848859757,80,0,0.498885453385771,"M",0.35093779261224,0.25,1,"MED HIGH HIGH",NA
81,3,59.9856593278189,80,0,0.499315139952448,"M",0.35093779261224,0.25,1,"MED HIGH HIGH",NA
81,4,169.232239269261,84,4,4.50040824547535,"M",0.346815228648484,0.25,1,"MED HIGH HIGH",NA
81,5,62.3640757924075,80,0,0.499249517213826,"M",0.35093779261224,0.25,1,"MED HIGH HIGH",NA
81,6,65.5406401176974,80,0,0.499849892994317,"FISHED",0.35093779261224,0.25,1,"MED HIGH HIGH",NA
81,7,181.808391359544,85,5,5.4989589753635,"FISHED",0.393147483305074,0.25,1,"MED HIGH HIGH",NA
81,8,97.122423284804,81,1,1.50091122476237,"FISHED",0.303131581703201,0.25,1,"MED HIGH HIGH",NA
81,9,209.319115283667,86,6,6.50115625878492,"M",0.321461104881018,0.25,1,"MED HIGH HIGH",NA
81,10,63.5331002641573,80,0,0.499978614660115,"M",0.35093779261224,0.25,1,"MED HIGH HIGH",NA
81,11,63.6310421015648,80,0,0.500194911942831,"FISHED",0.35093779261224,0.25,1,"MED HIGH HIGH",NA
81,12,63.0289530440362,80,0,0.498803372140711,"FISHED",0.35093779261224,0.25,1,"MED HIGH HIGH",NA
81,13,162.663894430097,85,5,5.49981047972904,"FISHED",0.393147483305074,0.25,1,"MED HIGH HIGH",NA
81,14,63.0167540892919,80,0,0.500189856154097,"M",0.35093779261224,0.25,1,"MED HIGH HIGH",NA
82,1,118.867476627403,83,2,2.49960740193017,"M",0.397713479679078,0.25,1,"MED HIGH HIGH",NA
82,2,61.4669197477228,81,0,0.500709166173503,"M",0.303131581703201,0.25,1,"MED HIGH HIGH",NA
82,3,129.268257525837,83,2,2.49922340723605,"M",0.397713479679078,0.25,1,"MED HIGH HIGH",NA
82,4,96.3217566521822,82,1,1.50004351678885,"M",0.304122373834252,0.25,1,"MED HIGH HIGH",NA
82,5,98.866840849735,82,1,1.49867972265607,"FISHED",0.304122373834252,0.25,1,"MED HIGH HIGH",NA
82,6,62.8719875949779,81,0,0.501342147250132,"M",0.303131581703201,0.25,1,"MED HIGH HIGH",NA
82,7,61.1413912967468,81,0,0.499329329017019,"M",0.303131581703201,0.25,1,"MED HIGH HIGH",NA
82,8,65.5516652508839,81,0,0.50256947480016,"FISHED",0.303131581703201,0.25,1,"MED HIGH HIGH",NA
82,9,97.0750660370569,82,1,1.49999975451461,"FISHED",0.304122373834252,0.25,1,"MED HIGH HIGH",NA
82,10,102.015179595131,82,1,1.49998754086535,"FISHED",0.304122373834252,0.25,1,"MED HIGH HIGH",NA
82,11,62.0929731030075,81,0,0.499626355270655,"M",0.303131581703201,0.25,1,"MED HIGH HIGH",NA
82,12,65.2838030802338,81,0,0.50061580240867,"M",0.303131581703201,0.25,1,"MED HIGH HIGH",NA
83,1,122.967336100827,84,2,2.50050096679182,"FISHED",0.346815228648484,0.25,1,"MED HIGH HIGH",NA
83,2,123.563586160308,84,2,2.49977853958747,"FISHED",0.346815228648484,0.25,1,"MED HIGH HIGH",NA
83,3,62.8903936175935,82,0,0.50005500603565,"M",0.304122373834252,0.25,1,"MED HIGH HIGH",NA
83,4,64.1100811117912,82,0,0.498740629486298,"FISHED",0.304122373834252,0.25,1,"MED HIGH HIGH",NA
83,5,99.4540905128127,83,1,1.49881356989065,"M",0.397713479679078,0.25,1,"MED HIGH HIGH",NA
83,6,62.2947908722305,82,0,0.499541321625595,"M",0.304122373834252,0.25,1,"MED HIGH HIGH",NA
83,7,169.869695789008,86,4,4.50157165266734,"M",0.321461104881018,0.25,1,"MED HIGH HIGH",NA
83,8,62.2181721123554,82,0,0.500802224489122,"FISHED",0.304122373834252,0.25,1,"MED HIGH HIGH",NA
83,9,61.4726645911581,82,0,0.500519586385629,"FISHED",0.304122373834252,0.25,1,"MED HIGH HIGH",NA
83,10,97.714911424602,83,1,1.50224335701068,"M",0.397713479679078,0.25,1,"MED HIGH HIGH",NA
83,11,64.9204567275603,82,0,0.499145550067217,"FISHED",0.304122373834252,0.25,1,"MED HIGH HIGH",NA
83,12,103.758058457716,83,1,1.50019868517983,"M",0.397713479679078,0.25,1,"MED HIGH HIGH",NA
83,13,97.732366533656,83,1,1.49933267331645,"M",0.397713479679078,0.25,1,"MED HIGH HIGH",NA
84,1,62.5211593866383,83,0,0.501772015133574,"M",0.397713479679078,0.25,1,"MED HIGH HIGH",NA
84,2,61.70496555423,83,0,0.499791314407932,"M",0.397713479679078,0.25,1,"MED HIGH HIGH",NA
84,3,63.7093337397797,83,0,0.500177796815004,"FISHED",0.397713479679078,0.25,1,"MED HIGH HIGH",NA
84,4,60.0280986456968,83,0,0.498865923293662,"FISHED",0.397713479679078,0.25,1,"MED HIGH HIGH",NA
84,5,127.495242315737,85,2,2.49985230471812,"M",0.393147483305074,0.25,1,"MED HIGH HIGH",NA
84,6,61.7011472230731,83,0,0.500409007469235,"FISHED",0.397713479679078,0.25,1,"MED HIGH HIGH",NA
84,7,64.2113829941986,83,0,0.500587800121511,"M",0.397713479679078,0.25,1,"MED HIGH HIGH",NA
84,8,94.236192993414,84,1,1.499431653853,"M",0.346815228648484,0.25,1,"MED HIGH HIGH",NA
84,9,60.4168502216734,83,0,0.499132670391159,"M",0.397713479679078,0.25,1,"MED HIGH HIGH",NA
84,10,61.7373029073888,83,0,0.499108094344081,"M",0.397713479679078,0.25,1,"MED HIGH HIGH",NA
84,11,62.4133981488825,83,0,0.499168534214722,"M",0.397713479679078,0.25,1,"MED HIGH HIGH",NA
85,1,120.831603774958,86,2,2.49965932673183,"FISHED",0.321461104881018,0.25,1,"MED HIGH HIGH",NA
85,2,61.4204410170755,84,0,0.499932687124431,"M",0.346815228648484,0.25,1,"MED HIGH HIGH",NA
85,3,140.605532384614,87,3,3.50114231999004,"M",0.368829185003415,0.25,1,"MED HIGH HIGH",NA
85,4,62.4097285447175,84,0,0.500462531494223,"M",0.346815228648484,0.25,1,"MED HIGH HIGH",NA
85,5,116.342223140567,86,2,2.49992420163344,"M",0.321461104881018,0.25,1,"MED HIGH HIGH",NA
85,6,62.6094688205293,84,0,0.500782137299431,"FISHED",0.346815228648484,0.25,1,"MED HIGH HIGH",NA
85,7,98.3166273440399,85,1,1.49985419481854,"FISHED",0.393147483305074,0.25,1,"MED HIGH HIGH",NA
85,8,61.4978574310486,84,0,0.4995660197208,"FISHED",0.346815228648484,0.25,1,"MED HIGH HIGH",NA
85,9,95.6472029948544,85,1,1.50133397498052,"M",0.393147483305074,0.25,1,"MED HIGH HIGH",NA
85,10,60.7081067991001,84,0,0.499918188623225,"FISHED",0.346815228648484,0.25,1,"MED HIGH HIGH",NA
85,11,97.6076634002024,85,1,1.49888917278018,"FISHED",0.393147483305074,0.25,1,"MED HIGH HIGH",NA
86,1,61.217092783127,85,0,0.501543211901042,"FISHED",0.393147483305074,0.25,1,"MED HIGH HIGH",NA
86,2,194.155526973814,89,4,4.49870035262823,"M",0.321015608776361,0.25,1,"MED HIGH HIGH",NA
86,3,98.8444389187684,86,1,1.49999969426895,"M",0.321461104881018,0.25,1,"MED HIGH HIGH",NA
86,4,121.339968601707,87,2,2.50029473550239,"M",0.368829185003415,0.25,1,"MED HIGH HIGH",NA
86,5,61.2509094919939,85,0,0.49864390148068,"FISHED",0.393147483305074,0.25,1,"MED HIGH HIGH",NA
86,6,193.54354387431,91,6,6.49944568324952,"M",0.312975574657321,0.25,1,"MED HIGH HIGH",NA
86,7,127.98315658354,87,2,2.50019937304029,"M",0.368829185003415,0.25,1,"MED HIGH HIGH",NA
86,8,61.4277760176551,85,0,0.500720897395983,"FISHED",0.393147483305074,0.25,1,"MED HIGH HIGH",NA
86,9,62.539361425736,85,0,0.499777169306619,"FISHED",0.393147483305074,0.25,1,"MED HIGH HIGH",NA
86,10,152.462766283988,88,3,3.50131568297967,"M",0.339135226001963,0.25,1,"MED HIGH HIGH",NA
87,1,63.9273175257679,86,0,0.498787623112373,"M",0.321461104881018,0.25,1,"MED HIGH HIGH",NA
87,2,93.379717169584,87,1,1.4999281408304,"M",0.368829185003415,0.25,1,"MED HIGH HIGH",NA
87,3,63.7602359675078,86,0,0.499869481261397,"M",0.321461104881018,0.25,1,"MED HIGH HIGH",NA
87,4,62.6571089202404,86,0,0.499833657108595,"FISHED",0.321461104881018,0.25,1,"MED HIGH HIGH",NA
87,5,146.04402922089,89,3,3.50159591118163,"FISHED",0.321015608776361,0.25,1,"MED HIGH HIGH",NA
87,6,99.8897938818172,87,1,1.50010292218174,"M",0.368829185003415,0.25,1,"MED HIGH HIGH",NA
87,7,63.6955697314887,86,0,0.501172761268351,"FISHED",0.321461104881018,0.25,1,"MED HIGH HIGH",NA
87,8,97.3356421859095,87,1,1.49996085557815,"M",0.368829185003415,0.25,1,"MED HIGH HIGH",NA
87,9,65.1533695965887,86,0,0.499390382239401,"FISHED",0.321461104881018,0.25,1,"MED HIGH HIGH",NA
87,10,89.8317252732535,87,1,1.50024590673578,"FISHED",0.368829185003415,0.25,1,"MED HIGH HIGH",NA
87,11,61.0324386037502,86,0,0.499987165275393,"M",0.321461104881018,0.25,1,"MED HIGH HIGH",NA
88,1,63.3265719381448,87,0,0.50051511824021,"M",0.368829185003415,0.25,1,"MED HIGH HIGH",NA
88,2,172.999004171727,92,5,5.49922709015727,"FISHED",0.353715231316164,0.25,1,"MED HIGH HIGH",NA
88,3,101.656575971385,88,1,1.49933318236551,"M",0.339135226001963,0.25,1,"MED HIGH HIGH",NA
88,4,144.257967291513,90,3,3.50242375942825,"FISHED",0.319863431947306,0.25,1,"MED HIGH HIGH",NA
88,5,104.586311675393,88,1,1.49911490173786,"M",0.339135226001963,0.25,1,"MED HIGH HIGH",NA
88,6,163.518111528548,91,4,4.50048663076374,"FISHED",0.312975574657321,0.25,1,"MED HIGH HIGH",NA
88,7,63.0651864674359,87,0,0.49932301923899,"FISHED",0.368829185003415,0.25,1,"MED HIGH HIGH",NA
88,8,137.233056681043,90,3,3.50093815654058,"FISHED",0.319863431947306,0.25,1,"MED HIGH HIGH",NA
88,9,155.362608978647,90,3,3.50239396640101,"FISHED",0.319863431947306,0.25,1,"MED HIGH HIGH",NA
88,10,135.886963710679,90,3,3.49933937485509,"M",0.319863431947306,0.25,1,"MED HIGH HIGH",NA
88,11,96.7598851101787,88,1,1.5005731771924,"FISHED",0.339135226001963,0.25,1,"MED HIGH HIGH",NA
88,12,104.743826985826,88,1,1.49845301694277,"M",0.339135226001963,0.25,1,"MED HIGH HIGH",NA
89,1,62.5035802423634,88,0,0.498937659745517,"M",0.339135226001963,0.25,1,"MED HIGH HIGH",NA
89,2,62.1572271249719,88,0,0.500174047997611,"FISHED",0.339135226001963,0.25,1,"MED HIGH HIGH",NA
89,3,98.2225030494151,89,1,1.49929950136505,"FISHED",0.321015608776361,0.25,1,"MED HIGH HIGH",NA
89,4,66.6634169373373,88,0,0.499550451619715,"FISHED",0.339135226001963,0.25,1,"MED HIGH HIGH",NA
89,5,122.121396090868,90,2,2.49953379855529,"M",0.319863431947306,0.25,1,"MED HIGH HIGH",NA
89,6,154.278661521177,91,3,3.50048615164229,"M",0.312975574657321,0.25,1,"MED HIGH HIGH",NA
89,7,119.348246562438,90,2,2.49855333397904,"FISHED",0.319863431947306,0.25,1,"MED HIGH HIGH",NA
89,8,120.507651105231,90,2,2.50047624656834,"M",0.319863431947306,0.25,1,"MED HIGH HIGH",NA
89,9,96.2558320313761,89,1,1.49983148305038,"FISHED",0.321015608776361,0.25,1,"MED HIGH HIGH",NA
89,10,124.425264467662,90,2,2.49965207461054,"FISHED",0.319863431947306,0.25,1,"MED HIGH HIGH",NA
89,11,173.347257316936,93,5,5.5002208530535,"M",0.388189702690579,0.25,1,"MED HIGH HIGH",NA
90,1,177.254953158426,93,4,4.49949557495174,"M",0.388189702690579,0.25,1,"MED HIGH HIGH",NA
90,2,64.5845709982594,89,0,0.49926686420395,"M",0.321015608776361,0.25,1,"MED HIGH HIGH",NA
90,3,124.450168083936,91,2,2.50067608297404,"M",0.312975574657321,0.25,1,"MED HIGH HIGH",NA
90,4,120.028361835141,91,2,2.49811771179526,"M",0.312975574657321,0.25,1,"MED HIGH HIGH",NA
90,5,62.7456352952743,89,0,0.499137583129835,"M",0.321015608776361,0.25,1,"MED HIGH HIGH",NA
90,6,92.4227158905177,90,1,1.49815702742634,"M",0.319863431947306,0.25,1,"MED HIGH HIGH",NA
90,7,95.6918773774799,90,1,1.50141747713791,"M",0.319863431947306,0.25,1,"MED HIGH HIGH",NA
90,8,151.208891746851,92,3,3.5011455210501,"FISHED",0.353715231316164,0.25,1,"MED HIGH HIGH",NA
90,9,64.1220334590326,89,0,0.501024716414868,"M",0.321015608776361,0.25,1,"MED HIGH HIGH",NA
90,10,64.1328298901456,89,0,0.499506397558982,"FISHED",0.321015608776361,0.25,1,"MED HIGH HIGH",NA
90,11,60.0911102716335,89,0,0.49938270729634,"M",0.321015608776361,0.25,1,"MED HIGH HIGH",NA
91,1,152.221197162614,93,3,3.50056967910337,"M",0.388189702690579,0.25,1,"MED HIGH HIGH",NA
91,2,151.403171101866,93,3,3.5000352160099,"M",0.388189702690579,0.25,1,"MED HIGH HIGH",NA
91,3,63.9297121363501,90,0,0.499280029381335,"M",0.319863431947306,0.25,1,"MED HIGH HIGH",NA
91,4,94.9334987164876,91,1,1.50041100377954,"FISHED",0.312975574657321,0.25,1,"MED HIGH HIGH",NA
91,5,66.2250995745146,90,0,0.498121973531093,"FISHED",0.319863431947306,0.25,1,"MED HIGH HIGH",NA
91,6,66.5582930261666,90,0,0.500475613258756,"M",0.319863431947306,0.25,1,"MED HIGH HIGH",NA
91,7,62.9318538932525,90,0,0.50052414966794,"FISHED",0.319863431947306,0.25,1,"MED HIGH HIGH",NA
91,8,101.783399453141,91,1,1.50008944038485,"FISHED",0.312975574657321,0.25,1,"MED HIGH HIGH",NA
91,9,61.8375864345473,90,0,0.50050562079371,"M",0.319863431947306,0.25,1,"MED HIGH HIGH",NA
91,10,64.2586164184846,90,0,0.49903227725802,"FISHED",0.319863431947306,0.25,1,"MED HIGH HIGH",NA
92,1,65.6263870937538,91,0,0.499019774067314,"M",0.312975574657321,0.25,1,"MED HIGH HIGH",NA
92,2,104.740368794075,92,1,1.49983597031591,"M",0.353715231316164,0.25,1,"MED HIGH HIGH",NA
92,3,63.7219710730083,91,0,0.499931129288766,"M",0.312975574657321,0.25,1,"MED HIGH HIGH",NA
92,4,134.364288685465,93,2,2.4990716538239,"FISHED",0.388189702690579,0.25,1,"MED HIGH HIGH",NA
92,5,134.640992954099,93,2,2.50149874718882,"FISHED",0.388189702690579,0.25,1,"MED HIGH HIGH",NA
92,6,102.43029591298,92,1,1.50136413056749,"FISHED",0.353715231316164,0.25,1,"MED HIGH HIGH",NA
92,7,63.7345569433361,91,0,0.49903501603559,"M",0.312975574657321,0.25,1,"MED HIGH HIGH",NA
92,8,98.4350327986593,92,1,1.50033455029016,"FISHED",0.353715231316164,0.25,1,"MED HIGH HIGH",NA
92,9,61.9541571395309,91,0,0.501954647583619,"M",0.312975574657321,0.25,1,"MED HIGH HIGH",NA
92,10,64.4613104165395,91,0,0.500381576494734,"FISHED",0.312975574657321,0.25,1,"MED HIGH HIGH",NA
93,1,59.6928563837021,92,0,0.499695727951763,"M",0.353715231316164,0.25,1,"MED HIGH HIGH",NA
93,2,100.581241502346,93,1,1.50009944887761,"FISHED",0.388189702690579,0.25,1,"MED HIGH HIGH",NA
93,3,122.936962785353,94,2,2.49881069844841,"M",0.323094933014363,0.25,1,"MED HIGH HIGH",NA
93,4,166.061346927255,96,4,4.50065453483931,"M",0.327457761624828,0.25,1,"MED HIGH HIGH",NA
93,5,64.3919540854493,92,0,0.499915018106725,"M",0.353715231316164,0.25,1,"MED HIGH HIGH",NA
93,6,62.384045055195,92,0,0.499864849089536,"FISHED",0.353715231316164,0.25,1,"MED HIGH HIGH",NA
93,7,96.614724693007,93,1,1.50122756550107,"M",0.388189702690579,0.25,1,"MED HIGH HIGH",NA
93,8,61.1050962813026,92,0,0.498775972322078,"M",0.353715231316164,0.25,1,"MED HIGH HIGH",NA
93,9,91.9001569476978,93,1,1.50032587148265,"FISHED",0.388189702690579,0.25,1,"MED HIGH HIGH",NA
93,10,63.8902253919111,92,0,0.499640922388688,"M",0.353715231316164,0.25,1,"MED HIGH HIGH",NA
93,11,62.5698389641371,92,0,0.500192334627953,"FISHED",0.353715231316164,0.25,1,"MED HIGH HIGH",NA
93,12,60.808309562557,92,0,0.501264339828613,"FISHED",0.353715231316164,0.25,1,"MED HIGH HIGH",NA
93,13,65.1665654018107,92,0,0.500041606950989,"FISHED",0.353715231316164,0.25,1,"MED HIGH HIGH",NA
94,1,124.258382621232,95,2,2.50128054383875,"M",0.306598273687996,0.25,1,"MED HIGH HIGH",NA
94,2,124.878562822303,95,2,2.49995869740709,"FISHED",0.306598273687996,0.25,1,"MED HIGH HIGH",NA
94,3,64.8687564607491,93,0,0.499153854132208,"M",0.388189702690579,0.25,1,"MED HIGH HIGH",NA
94,4,126.209449942382,95,2,2.4998092264014,"M",0.306598273687996,0.25,1,"MED HIGH HIGH",NA
94,5,171.259410354835,97,4,4.49896331480393,"FISHED",0.343747543985955,0.25,1,"MED HIGH HIGH",NA
94,6,62.4672329694922,93,0,0.502008090974976,"FISHED",0.388189702690579,0.25,1,"MED HIGH HIGH",NA
94,7,60.4347364220936,93,0,0.502394216390909,"M",0.388189702690579,0.25,1,"MED HIGH HIGH",NA
94,8,94.7873321373511,94,1,1.49872030880225,"FISHED",0.323094933014363,0.25,1,"MED HIGH HIGH",NA
94,9,97.5327213153823,94,1,1.49952323025016,"M",0.323094933014363,0.25,1,"MED HIGH HIGH",NA
94,10,61.299696732939,93,0,0.500153959767109,"FISHED",0.388189702690579,0.25,1,"MED HIGH HIGH",NA
94,11,62.8374180625926,93,0,0.500399735099255,"FISHED",0.388189702690579,0.25,1,"MED HIGH HIGH",NA
95,1,59.9707240853992,94,0,0.501394076858079,"FISHED",0.323094933014363,0.25,1,"MED HIGH HIGH",NA
95,2,62.3566332908863,94,0,0.500238965650968,"M",0.323094933014363,0.25,1,"MED HIGH HIGH",NA
95,3,163.286409270819,97,3,3.50086204795614,"M",0.343747543985955,0.25,1,"MED HIGH HIGH",NA
95,4,60.5416811825628,94,0,0.498565175243492,"M",0.323094933014363,0.25,1,"MED HIGH HIGH",NA
95,5,67.2429980360351,94,0,0.499941747813776,"M",0.323094933014363,0.25,1,"MED HIGH HIGH",NA
95,6,61.6411740406284,94,0,0.49968592467772,"M",0.323094933014363,0.25,1,"MED HIGH HIGH",NA
95,7,101.938572147349,95,1,1.49758345536096,"M",0.306598273687996,0.25,1,"MED HIGH HIGH",NA
95,8,61.9306624192344,94,0,0.500074575367128,"M",0.323094933014363,0.25,1,"MED HIGH HIGH",NA
95,9,101.059625360409,95,1,1.49897373908006,"FISHED",0.306598273687996,0.25,1,"MED HIGH HIGH",NA
95,10,64.1364471006791,94,0,0.499903620791012,"M",0.323094933014363,0.25,1,"MED HIGH HIGH",NA
95,11,105.989617332589,95,1,1.50074872939919,"M",0.306598273687996,0.25,1,"MED HIGH HIGH",NA
96,1,156.286922288852,98,3,3.49880785170205,"M",0.355595250357874,0.25,1,"MED HIGH HIGH",NA
96,2,64.5607910018162,95,0,0.499946574998544,"M",0.306598273687996,0.25,1,"MED HIGH HIGH",NA
96,3,61.4865765953887,95,0,0.498537085999301,"FISHED",0.306598273687996,0.25,1,"MED HIGH HIGH",NA
97,1,61.9645879323261,96,0,0.500554298296704,"M",0.327457761624828,0.25,1,"MED HIGH HIGH",NA
97,2,128.317576427268,98,2,2.4982768580621,"M",0.355595250357874,0.25,1,"MED HIGH HIGH",NA
97,3,157.415546462126,100,4,4.49940240252731,"M",0.323259805818088,0.25,1,"MED HIGH HIGH",NA
97,4,101.563811158498,97,1,1.49862717281962,"FISHED",0.343747543985955,0.25,1,"MED HIGH HIGH",NA
97,5,97.4974727274804,97,1,1.50045663912945,"M",0.343747543985955,0.25,1,"MED HIGH HIGH",NA
97,6,64.1219722418664,96,0,0.498778306565301,"FISHED",0.327457761624828,0.25,1,"MED HIGH HIGH",NA
97,7,101.167527594973,97,1,1.49783809082215,"FISHED",0.343747543985955,0.25,1,"MED HIGH HIGH",NA
97,8,101.040229352256,97,1,1.49976744358217,"M",0.343747543985955,0.25,1,"MED HIGH HIGH",NA
98,1,61.7407189948349,97,0,0.499145644900341,"FISHED",0.343747543985955,0.25,1,"MED HIGH HIGH",NA
98,2,98.7921457174293,98,1,1.49893851216598,"FISHED",0.355595250357874,0.25,1,"MED HIGH HIGH",NA
98,3,99.2022899287387,98,1,1.50144920318069,"M",0.355595250357874,0.25,1,"MED HIGH HIGH",NA
98,4,102.432618902555,98,1,1.49822119523711,"FISHED",0.355595250357874,0.25,1,"MED HIGH HIGH",NA
98,5,99.0078458555063,98,1,1.49847151534095,"M",0.355595250357874,0.25,1,"MED HIGH HIGH",NA
98,6,62.7243147465929,97,0,0.500293852919209,"FISHED",0.343747543985955,0.25,1,"MED HIGH HIGH",NA
98,7,98.6885361152336,98,1,1.49908345661201,"FISHED",0.355595250357874,0.25,1,"MED HIGH HIGH",NA
98,8,60.9622935192445,97,0,0.498526897575048,"M",0.343747543985955,0.25,1,"MED HIGH HIGH",NA
98,9,102.29311583857,98,1,1.50179819410546,"FISHED",0.355595250357874,0.25,1,"MED HIGH HIGH",NA
98,10,64.7151915805779,97,0,0.497500757510859,"FISHED",0.343747543985955,0.25,1,"MED HIGH HIGH",NA
99,1,123.293794280064,100,2,2.50030863931369,"FISHED",0.323259805818088,0.25,1,"MED HIGH HIGH",NA
99,2,62.1439604959838,98,0,0.500731330916856,"FISHED",0.355595250357874,0.25,1,"MED HIGH HIGH",NA
99,3,64.9671257926814,98,0,0.500310905108816,"FISHED",0.355595250357874,0.25,1,"MED HIGH HIGH",NA
99,4,63.1964106703661,98,0,0.499435975752826,"M",0.355595250357874,0.25,1,"MED HIGH HIGH",NA
99,5,61.3183744611958,98,0,0.500079129147316,"FISHED",0.355595250357874,0.25,1,"MED HIGH HIGH",NA
99,6,62.8204117666268,98,0,0.49857970558838,"FISHED",0.355595250357874,0.25,1,"MED HIGH HIGH",NA
99,7,60.7836826838757,98,0,0.499118037278549,"M",0.355595250357874,0.25,1,"MED HIGH HIGH",NA
99,8,58.1826757341081,98,0,0.499789288153073,"M",0.355595250357874,0.25,1,"MED HIGH HIGH",NA
99,9,101.790414753959,99,1,1.49954331486045,"M",0.322807995253243,0.25,1,"MED HIGH HIGH",NA
99,10,98.2751741425884,99,1,1.50112088907681,"FISHED",0.322807995253243,0.25,1,"MED HIGH HIGH",NA
100,1,62.3220795235582,99,0,0.49992486387938,"FISHED",0.322807995253243,0.25,1,"MED HIGH HIGH",NA
100,2,63.0004857043546,99,0,0.500586598517902,"M",0.322807995253243,0.25,1,"MED HIGH HIGH",NA
100,3,62.698523572319,99,0,0.498538865744972,"FISHED",0.322807995253243,0.25,1,"MED HIGH HIGH",NA
100,4,62.1430482147108,99,0,0.498617497748148,"M",0.322807995253243,0.25,1,"MED HIGH HIGH",NA
100,5,62.2285882643778,99,0,0.49970726925329,"FISHED",0.322807995253243,0.25,1,"MED HIGH HIGH",NA
100,6,63.1827203620717,99,0,0.498797695578759,"FISHED",0.322807995253243,0.25,1,"MED HIGH HIGH",NA
100,7,66.1870325505931,99,0,0.499253226543908,"FISHED",0.322807995253243,0.25,1,"MED HIGH HIGH",NA
