"cohort","uni_ind","ind","fish_size","Year","Age","AgeE","FMORT","M","Sel","FSIM","REG"
1,3,3,128.826250567346,2,2,2.50121213715614,0,0.25,0.136434629010993,"MED LOW","R1"
1,7,7,126.655515858779,2,2,2.5010465842634,0,0.25,0.112483170799895,"MED LOW","R1"
1,10,10,125.057472765774,2,2,2.500945627219,0,0.25,0.0972749091433648,"MED LOW","R1"
1,1,1,152.434329009511,3,3,3.50040710293033,0,0.25,0.634543909235459,"MED LOW","R1"
1,7,7,148.224154407855,3,3,3.50141528655732,0,0.25,0.531032886958933,"MED LOW","R1"
1,1,1,170.278365088437,4,4,4.49960359240918,0,0.25,0.914001925932534,"MED LOW","R1"
1,3,3,168.767613242287,4,4,4.50111926648523,0,0.25,0.901154397988802,"MED LOW","R1"
1,7,7,164.926448436058,4,4,4.50000961630145,0,0.25,0.860579919485167,"MED LOW","R1"
2,17,4,154.581549684287,4,3,3.49943642589593,0,0.25,0.683471737892938,"MED LOW","R1"
2,21,8,153.400583728604,4,3,3.50058443243956,0,0.25,0.656980375946572,"MED LOW","R1"
2,22,9,147.184135081729,4,3,3.50064521144284,0,0.25,0.504673782073464,"MED LOW","R1"
2,24,11,136.858405190089,4,3,3.50133880441717,0,0.25,0.263142222291881,"MED LOW","R1"
3,35,10,122.283335394494,4,2,2.49930489842632,0,0.25,0.0751919692519911,"MED LOW","R1"
1,1,1,184.268253840326,5,5,5.50104223463686,0,0.25,0.977772232546771,"MED LOW","R1"
1,3,3,182.455543974418,5,5,5.50115458630837,0,0.25,0.973400047444808,"MED LOW","R1"
1,7,7,177.860348977337,5,5,5.50073288693605,0,0.25,0.958246614597008,"MED LOW","R1"
2,15,2,175.141404880033,5,4,4.50086958639979,0,0.25,0.945692944245708,"MED LOW","R1"
2,17,4,173.021071664665,5,4,4.49890951437498,0,0.25,0.9335150388849,"MED LOW","R1"
2,21,8,171.511492981213,5,4,4.50074097823012,0,0.25,0.923346562373478,"MED LOW","R1"
2,22,9,163.609703558824,5,4,4.49975262442391,0,0.25,0.843753131930158,"MED LOW","R1"
3,27,2,148.694479661741,5,3,3.50108906837829,0,0.25,0.54290535899109,"MED LOW","R1"
3,28,3,140.746387095704,5,3,3.50009373590866,0,0.25,0.346390303931215,"MED LOW","R1"
3,32,7,151.802133025973,5,3,3.49987949044812,0,0.25,0.619534288300626,"MED LOW","R1"
4,47,10,126.654601717046,5,2,2.49910991790695,0,0.25,0.112473905347617,"MED LOW","R1"
1,1,1,195.236455564674,6,6,6.50066374777124,0,0.25,0.992590550280952,"MED LOW","R1"
1,3,3,193.150181965988,6,6,6.50162486511278,0,0.25,0.99085841389647,"MED LOW","R1"
1,7,7,187.876085913186,6,6,6.50021892297222,0,0.25,0.984484005099332,"MED LOW","R1"
2,15,2,190.12377230057,6,5,5.50041481599735,0,0.25,0.987610746259163,"MED LOW","R1"
2,17,4,187.56687887083,6,5,5.49885627752226,0,0.25,0.983997079682343,"MED LOW","R1"
2,21,8,185.750094236927,6,5,5.50158544887013,0,0.25,0.980817523254873,"MED LOW","R1"
2,22,9,176.28968137921,6,5,5.50039192838324,0,0.25,0.951378724490537,"MED LOW","R1"
2,24,11,160.959892919425,6,5,5.49934549369829,0,0.25,0.804927532359162,"MED LOW","R1"
3,27,2,165.522610341303,6,4,4.49943742994866,0,0.25,0.86768515883573,"MED LOW","R1"
3,32,7,169.472534819423,6,4,4.5008033924672,0,0.25,0.907349210005171,"MED LOW","R1"
3,37,12,162.918268970356,6,4,4.50162865374629,0,0.25,0.834273121800339,"MED LOW","R1"
4,39,2,141.605334775857,6,3,3.50080009911936,0,0.25,0.366390485524135,"MED LOW","R1"
4,43,6,160.640033596803,6,3,3.49844312682459,0,0.25,0.799777618394954,"MED LOW","R1"
4,45,8,135.64230232841,6,3,3.50129275778444,0,0.25,0.239909805681786,"MED LOW","R1"
4,46,9,137.446683777779,6,3,3.50080976616147,0,0.25,0.27488629861199,"MED LOW","R1"
4,48,11,147.192369711812,6,3,3.50079918108575,0,0.25,0.504882783375796,"MED LOW","R1"
1,3,3,201.506103982911,7,7,7.49914427256275,0,0.25,0.996065912164071,"MED LOW","R1"
1,7,7,195.632059143998,7,7,7.49954981082116,0,0.25,0.992880187725194,"MED LOW","R1"
2,17,4,199.041173459599,7,6,6.5009615583216,0,0.25,0.994952812359939,"MED LOW","R1"
2,22,9,186.078191149798,7,6,6.49976326625006,0,0.25,0.98143434405237,"MED LOW","R1"
2,24,11,168.661950079699,7,6,6.49915522228972,0,0.25,0.900194657898156,"MED LOW","R1"
3,27,2,178.572242965196,7,5,5.50104811818949,0,0.25,0.961044656525334,"MED LOW","R1"
3,31,6,160.721908558433,7,5,5.49978520011364,0,0.25,0.801105483969681,"MED LOW","R1"
3,37,12,175.465846309258,7,5,5.49884280173213,0,0.25,0.947360109843681,"MED LOW","R1"
4,42,5,148.980009929034,7,4,4.49887458904054,0,0.25,0.550090192867,"MED LOW","R1"
4,43,6,180.807206002003,7,4,4.50059354977715,0,0.25,0.968705735185887,"MED LOW","R1"
4,45,8,149.140493789181,7,4,4.50087544816731,0,0.25,0.554119509195474,"MED LOW","R1"
4,46,9,151.384961557858,7,4,4.49978911650407,0,0.25,0.609501094216417,"MED LOW","R1"
5,56,7,144.837174677514,7,3,3.49934314408128,0,0.25,0.445320357313548,"MED LOW","R1"
1,3,3,208.03474317649,8,8,8.50140396982163,0,0.25,0.997968612263123,"MED LOW","R1"
1,7,7,201.638119521019,8,8,8.49840814439492,0,0.25,0.996118088926947,"MED LOW","R1"
2,22,9,193.634586349074,8,7,7.5004582152423,0,0.25,0.991293324741934,"MED LOW","R1"
2,24,11,174.417195035704,8,7,7.50003042357436,0,0.25,0.941790431323333,"MED LOW","R1"
3,31,6,168.393477449467,8,6,6.50089326965661,0,0.25,0.897718768386363,"MED LOW","R1"
3,37,12,185.136160959711,8,6,6.50127494051099,0,0.25,0.979608905061183,"MED LOW","R1"
4,42,5,158.998101024573,8,5,5.49994178556477,0,0.25,0.771745876557101,"MED LOW","R1"
4,43,6,196.984898541963,8,5,5.50173879747245,0,0.25,0.993788275597822,"MED LOW","R1"
4,46,9,161.820317718035,8,5,5.50025273793769,0,0.25,0.818280680138636,"MED LOW","R1"
4,47,10,177.858427294031,8,5,5.49973139066729,0,0.25,0.958238807416942,"MED LOW","R1"
4,48,11,176.302098471833,8,5,5.49876240602829,0,0.25,0.951437009535116,"MED LOW","R1"
6,62,4,155.327141572345,8,3,3.49880474207467,0,0.25,0.699616952787017,"MED LOW","R1"
1,7,7,206.289084677669,9,9,9.49951749222442,0,0.25,0.997575643357895,"MED LOW","R1"
2,22,9,199.467865341063,9,8,8.50033445314703,0,0.25,0.995165768567406,"MED LOW","R1"
2,24,11,178.717714210564,9,8,8.49887110863821,0,0.25,0.961593864851786,"MED LOW","R1"
3,31,6,174.122856513936,9,7,7.50023011557016,0,0.25,0.940130310551076,"MED LOW","R1"
3,37,12,192.588992921849,9,7,7.49961420030526,0,0.25,0.990327595789482,"MED LOW","R1"
4,47,10,187.87388471394,9,6,6.50075340489304,0,0.25,0.984480590818544,"MED LOW","R1"
4,48,11,186.092394924421,9,6,6.49998118956142,0,0.25,0.981460603064422,"MED LOW","R1"
6,62,4,173.975507162564,9,4,4.49864685360244,0,0.25,0.939282675635035,"MED LOW","R1"
6,68,10,153.715647482893,9,4,4.49758790558892,0,0.25,0.664152736175661,"MED LOW","R1"
6,70,12,139.199748011274,9,4,4.49916292174981,0,0.25,0.311744082719458,"MED LOW","R1"
7,80,10,157.223321656424,9,3,3.49918783975677,0,0.25,0.738463566006055,"MED LOW","R1"
8,85,2,143.140324045512,9,2,2.5001049843686,0,0.25,0.40326431041884,"MED LOW","R1"
8,91,8,132.437934756108,9,2,2.50002552308865,0,0.25,0.185650899089317,"MED LOW","R1"
1,7,7,209.890692975038,10,10,10.5007127643821,0,0.25,0.998316913810435,"MED LOW","R1"
2,22,9,203.970957477063,10,9,9.50034112482037,0,0.25,0.996934262962029,"MED LOW","R1"
3,31,6,178.401744565472,10,8,8.50037518167875,0,0.25,0.960391368592977,"MED LOW","R1"
4,45,8,172.22642188041,10,7,7.50017876103565,0,0.25,0.928328908436218,"MED LOW","R1"
4,48,11,193.650356945016,10,7,7.49922750434212,0,0.25,0.991307133848715,"MED LOW","R1"
6,62,4,188.717094856691,10,5,5.50094009574745,0,0.25,0.985735805668468,"MED LOW","R1"
6,63,5,174.87065401768,10,5,5.50025128339682,0,0.25,0.944263698168609,"MED LOW","R1"
7,78,8,144.633242602831,10,4,4.499835929385,0,0.25,0.440211803717915,"MED LOW","R1"
7,80,10,176.407600128321,10,4,4.49955386265252,0,0.25,0.951929559287709,"MED LOW","R1"
8,85,2,171.563581424177,10,3,3.49995005882104,0,0.25,0.923720044676026,"MED LOW","R1"
8,87,4,146.052594394744,10,3,3.50024543920072,0,0.25,0.475970439722631,"MED LOW","R1"
8,92,9,153.474624331121,10,3,3.49947452441549,0,0.25,0.658672497727897,"MED LOW","R1"
8,94,11,149.986572924776,10,3,3.5002741512969,0,0.25,0.575232868074718,"MED LOW","R1"
9,105,11,139.410712762129,10,2,2.5000657668197,0,0.25,0.316358328737809,"MED LOW","R1"
2,22,9,207.447190795092,11,10,10.499380367653,0,0.25,0.997844010245154,"MED LOW","R1"
6,62,4,200.370363165503,11,6,6.49966082375849,0,0.25,0.995587185121025,"MED LOW","R1"
6,63,5,184.456000972445,11,6,6.49858215772871,0,0.25,0.978182777723422,"MED LOW","R1"
7,78,8,153.91777784115,11,5,5.50149432775987,0,0.25,0.668714891555552,"MED LOW","R1"
7,81,11,169.63654051603,11,5,5.50016766112208,0,0.25,0.908739614576599,"MED LOW","R1"
8,85,2,195.019606556021,11,4,4.50017344354064,0,0.25,0.992426854981117,"MED LOW","R1"
8,87,4,162.179491575609,11,4,4.50033735437962,0,0.25,0.823640538139011,"MED LOW","R1"
8,92,9,171.606057233964,11,4,4.49963319382474,0,0.25,0.924023366363623,"MED LOW","R1"
8,93,10,167.666241401305,11,4,4.49936301475349,0,0.25,0.890737122251788,"MED LOW","R1"
9,96,2,141.661291372992,11,3,3.50006632815485,0,0.25,0.367710413879477,"MED LOW","R1"
9,97,3,146.23857795217,11,3,3.49876285661281,0,0.25,0.480682372408117,"MED LOW","R1"
9,98,4,161.712368598145,11,3,3.50103814824506,0,0.25,0.816645218461386,"MED LOW","R1"
9,105,11,166.209062690527,11,3,3.49967099937121,0,0.25,0.875483909619098,"MED LOW","R1"
10,109,3,127.203671465495,11,2,2.50182423569253,0,0.25,0.118160278411243,"MED LOW","R1"
10,116,10,123.768889754541,11,2,2.50030425674244,0,0.25,0.0863759501462105,"MED LOW","R1"
10,118,12,124.748353233315,11,2,2.49964526014396,0,0.25,0.0945534791548186,"MED LOW","R1"
2,22,9,210.1307241798,12,11,11.5002232232355,0,0.25,0.998357369845365,"MED LOW","R1"
6,62,4,209.582305942281,12,7,7.4994145458476,0,0.25,0.998263473484023,"MED LOW","R1"
6,63,5,191.834490723242,12,7,7.49970390887158,0,0.25,0.989565542870882,"MED LOW","R1"
7,78,8,160.742686582454,12,6,6.49888357871651,0,0.25,0.80144141132434,"MED LOW","R1"
7,81,11,178.490086618702,12,6,6.50156719253196,0,0.25,0.960731163997372,"MED LOW","R1"
8,85,2,214.37647011518,12,5,5.49877847126532,0,0.25,0.998931993923363,"MED LOW","R1"
8,87,4,174.586317388322,12,5,5.50048425911825,0,0.25,0.942724677745835,"MED LOW","R1"
8,92,9,185.863814433424,12,5,5.49905049707276,0,0.25,0.981033559129456,"MED LOW","R1"
8,93,10,181.135952469738,12,5,5.50063860043142,0,0.25,0.969701922016143,"MED LOW","R1"
9,96,2,156.65299898872,12,4,4.50069587039323,0,0.25,0.727126460427422,"MED LOW","R1"
2,22,9,212.202320292034,13,12,12.5002106683238,0,0.25,0.998668539762885,"MED LOW","R1"
6,62,4,216.864373725658,13,8,8.50000297208072,0,0.25,0.999170200279918,"MED LOW","R1"
6,63,5,197.514213247583,13,8,8.50111963533806,0,0.25,0.994111383780657,"MED LOW","R1"
7,78,8,165.759564447798,13,7,7.50089954596748,0,0.25,0.870422909588021,"MED LOW","R1"
7,81,11,185.232099640567,13,7,7.49907332420996,0,0.25,0.979802575768161,"MED LOW","R1"
8,85,2,230.350539239928,13,6,6.49816763095956,0,0.25,0.999788860112058,"MED LOW","R1"
8,87,4,184.131199148321,13,6,6.49871635510135,0,0.25,0.977467778341486,"MED LOW","R1"
8,92,9,197.075484324494,13,6,6.50059241938015,0,0.25,0.993844795277313,"MED LOW","R1"
8,93,10,191.633486495695,13,6,6.50067718481167,0,0.25,0.989352694698763,"MED LOW","R1"
9,96,2,168.030477809516,13,5,5.49876701951868,0,0.25,0.894284689200162,"MED LOW","R1"
10,108,2,166.680857310734,13,4,4.49917727346549,0,0.25,0.880612612783676,"MED LOW","R1"
10,109,3,165.892938435662,13,4,4.49891320656508,0,0.25,0.871942598080725,"MED LOW","R1"
10,111,5,155.181049263506,13,4,4.50028848523541,0,0.25,0.696490531517172,"MED LOW","R1"
11,129,10,163.957055741372,13,3,3.50039825011001,0,0.25,0.848346417125822,"MED LOW","R1"
11,131,12,151.083609357384,13,3,3.50059410806461,0,0.25,0.602194806832153,"MED LOW","R1"
11,132,13,142.21501672334,13,3,3.49950545108835,0,0.25,0.380876230925096,"MED LOW","R1"
12,142,9,123.793067930602,13,2,2.50046955482854,0,0.25,0.0865698732002573,"MED LOW","R1"
2,22,9,213.801521731701,14,13,13.4984899332295,0,0.25,0.99886786513906,"MED LOW","R1"
6,63,5,201.88627976025,14,9,9.49985172402414,0,0.25,0.996214311130735,"MED LOW","R1"
7,81,11,190.366171238531,14,8,8.50010923801796,0,0.25,0.98790829884626,"MED LOW","R1"
8,87,4,191.474315686556,14,7,7.4999434825029,0,0.25,0.989181102498382,"MED LOW","R1"
8,92,9,205.891845831273,14,7,7.50147151295172,0,0.25,0.997476115917246,"MED LOW","R1"
10,109,3,179.014702725519,14,5,5.50137180983156,0,0.25,0.962692113915427,"MED LOW","R1"
11,123,4,165.283915317575,14,4,4.49854304708384,0,0.25,0.864877886605909,"MED LOW","R1"
11,128,9,177.972164980508,14,4,4.49979676466133,0,0.25,0.958698490658198,"MED LOW","R1"
11,129,10,185.099477803095,14,4,4.50100084165556,0,0.25,0.97953437344996,"MED LOW","R1"
11,131,12,168.557604347005,14,4,4.501516518339,0,0.25,0.899238761883056,"MED LOW","R1"
11,132,13,157.347762949317,14,4,4.49895815636337,0,0.25,0.740896431217061,"MED LOW","R1"
11,133,14,149.787784137879,14,4,4.49953196475501,0,0.25,0.570293899796629,"MED LOW","R1"
12,136,3,129.697339905002,14,3,3.4989905218921,0,0.25,0.147194051344267,"MED LOW","R1"
12,142,9,144.259075337703,14,3,3.49785678289765,0,0.25,0.430872417403461,"MED LOW","R1"
12,144,11,164.28081504157,14,3,3.50088603261418,0,0.25,0.852527312192329,"MED LOW","R1"
13,154,8,134.836180472455,14,2,2.49824905916885,0,0.25,0.225303749279868,"MED LOW","R1"
6,63,5,205.251755011772,15,10,10.5014975188122,0,0.25,0.997307097788979,"MED LOW","R1"
7,81,11,194.275788601703,15,9,9.50081158550663,0,0.25,0.991837617209288,"MED LOW","R1"
10,109,3,189.199010755227,15,6,6.50051133452508,0,0.25,0.986407695094912,"MED LOW","R1"
10,111,5,174.691869737439,15,6,6.50147423901385,0,0.25,0.943300601553577,"MED LOW","R1"
11,126,7,156.963806294494,15,5,5.49966685345687,0,0.25,0.733342727957612,"MED LOW","R1"
11,128,9,193.546530722597,15,5,5.50047483852494,0,0.25,0.991215820567605,"MED LOW","R1"
11,129,10,202.210306581007,15,5,5.49847989809676,0,0.25,0.996336382000721,"MED LOW","R1"
11,131,12,182.203800328612,15,5,5.50164149640357,0,0.25,0.972730165213863,"MED LOW","R1"
11,132,13,168.852351104101,15,5,5.50212103009999,0,0.25,0.901918127569415,"MED LOW","R1"
11,133,14,159.945123655067,15,5,5.49996990245753,0,0.25,0.788240023663998,"MED LOW","R1"
12,144,11,185.519529265376,15,4,4.50153440019883,0,0.25,0.980372085732172,"MED LOW","R1"
13,149,3,157.247745797877,15,3,3.50014280599112,0,0.25,0.73894222714598,"MED LOW","R1"
13,150,4,152.454514676471,15,3,3.49997113064406,0,0.25,0.635019052587414,"MED LOW","R1"
13,151,5,145.957898069083,15,3,3.50027123205224,0,0.25,0.473572878066159,"MED LOW","R1"
13,154,8,159.700179684156,15,3,3.50023327980287,0,0.25,0.784059067974909,"MED LOW","R1"
6,63,5,207.842388899841,16,11,11.5013303219038,0,0.25,0.997928631917418,"MED LOW","R1"
7,81,11,197.25297885602,16,10,10.4997860541208,0,0.25,0.99395406275644,"MED LOW","R1"
10,111,5,181.043364362468,16,7,7.50045201833206,0,0.25,0.969424505845313,"MED LOW","R1"
11,128,9,205.965270821465,16,6,6.50100754858282,0,0.25,0.997494814585609,"MED LOW","R1"
11,129,10,216.058316076431,16,6,6.4999131926647,0,0.25,0.999099496045984,"MED LOW","R1"
11,132,13,177.598651784409,16,6,6.49934968334054,0,0.25,0.957170478615824,"MED LOW","R1"
11,133,14,167.517588112828,16,6,6.49977699368073,0,0.25,0.889259505573685,"MED LOW","R1"
12,144,11,202.722942691126,16,5,5.50040914968896,0,0.25,0.996521546328198,"MED LOW","R1"
13,149,3,176.438971894975,16,4,4.4981341731028,0,0.25,0.952075105653304,"MED LOW","R1"
13,150,4,170.304107507009,16,4,4.49759512920893,0,0.25,0.914207145994022,"MED LOW","R1"
13,157,11,159.94788926256,16,4,4.49771431179042,0,0.25,0.788286890141624,"MED LOW","R1"
14,160,2,142.445051527348,16,3,3.50035419901718,0,0.25,0.386398908159551,"MED LOW","R1"
14,162,4,157.445680610574,16,3,3.49797072384941,0,0.25,0.742800374700335,"MED LOW","R1"
6,63,5,209.836574992571,17,12,12.4985811247912,0,0.25,0.99830765595004,"MED LOW","R1"
10,111,5,185.845667227043,17,8,8.49995121995862,0,0.25,0.980999245313702,"MED LOW","R1"
11,128,9,215.867767539288,17,7,7.5006872043845,0,0.25,0.999081920663257,"MED LOW","R1"
11,129,10,227.265684782786,17,7,7.50067210949438,0,0.25,0.999711222688212,"MED LOW","R1"
11,132,13,184.247979388418,17,7,7.49955681993542,0,0.25,0.977727449420014,"MED LOW","R1"
11,133,14,173.162985499321,17,7,7.49899345878378,0,0.25,0.934403753258242,"MED LOW","R1"
12,144,11,216.657752038743,17,6,6.50024410062239,0,0.25,0.999152623106766,"MED LOW","R1"
13,150,4,184.299167724348,17,5,5.49866051654103,0,0.25,0.977840347197878,"MED LOW","R1"
13,151,5,174.444027461854,17,5,5.5025310624786,0,0.25,0.941939604414391,"MED LOW","R1"
13,157,11,171.934048079524,17,5,5.50003556063765,0,0.25,0.926328520994618,"MED LOW","R1"
14,160,2,157.636568749544,17,4,4.49991380924958,0,0.25,0.7464856803489,"MED LOW","R1"
14,162,4,176.693252551988,17,4,4.49941220690448,0,0.25,0.953239464583893,"MED LOW","R1"
14,167,9,154.444210371444,17,4,4.50006396159609,0,0.25,0.680447346783688,"MED LOW","R1"
14,169,11,159.113963313421,17,4,4.49992519873565,0,0.25,0.773811487386631,"MED LOW","R1"
15,174,2,141.376020746686,17,3,3.50029030575435,0,0.25,0.361002423356548,"MED LOW","R1"
15,179,7,149.443588685157,17,3,3.4997983678904,0,0.25,0.561709621053551,"MED LOW","R1"
15,180,8,155.58850519425,17,3,3.49975354919754,0,0.25,0.705164047942978,"MED LOW","R1"
16,191,7,124.678412225181,17,2,2.49934226094494,0,0.25,0.0939472646440399,"MED LOW","R1"
11,128,9,223.763853653164,18,8,8.50055409339286,0,0.25,0.999587975918581,"MED LOW","R1"
11,129,10,236.335949600388,18,8,8.50017983700534,0,0.25,0.999885003223461,"MED LOW","R1"
11,132,13,189.303094596723,18,8,8.49833576956141,0,0.25,0.986548658611884,"MED LOW","R1"
11,133,14,177.371722539844,18,8,8.49957363750071,0,0.25,0.956215910249435,"MED LOW","R1"
12,144,11,227.944983633364,18,7,7.49991205325396,0,0.25,0.999730463380202,"MED LOW","R1"
13,150,4,195.272062868031,18,6,6.50002598834254,0,0.25,0.992617091846416,"MED LOW","R1"
13,151,5,183.968689870678,18,6,6.50183337029192,0,0.25,0.977101497452148,"MED LOW","R1"
13,157,11,181.105401592859,18,6,6.49943793231821,0,0.25,0.969610654875895,"MED LOW","R1"
14,160,2,169.19418986492,18,5,5.50068401111464,0,0.25,0.904945893823436,"MED LOW","R1"
14,162,4,191.998864848644,18,5,5.50034677810846,0,0.25,0.989736468998368,"MED LOW","R1"
14,167,9,165.42199898209,18,5,5.50003645561204,0,0.25,0.866507951922519,"MED LOW","R1"
15,173,1,157.663332979498,18,4,4.50099467521771,0,0.25,0.746999596451293,"MED LOW","R1"
15,176,4,158.999473913278,18,4,4.50015802470897,0,0.25,0.77177043022576,"MED LOW","R1"
15,180,8,174.310331662796,18,4,4.50027088384699,0,0.25,0.941192757006684,"MED LOW","R1"
16,187,3,155.92967626032,18,3,3.49931271083755,0,0.25,0.712314420687455,"MED LOW","R1"
16,189,5,153.21716156064,18,3,3.49973085081168,0,0.25,0.652771300856736,"MED LOW","R1"
16,194,10,149.231452240974,18,3,3.49977780739499,0,0.25,0.55640011086304,"MED LOW","R1"
16,196,12,153.843816207325,18,3,3.49653145149582,0,0.25,0.667049169612803,"MED LOW","R1"
17,204,8,129.437471752084,18,2,2.49868903845521,0,0.25,0.143912727608491,"MED LOW","R1"
11,129,10,243.676629292205,19,9,9.49985645157552,0,0.25,0.999945421073252,"MED LOW","R1"
12,144,11,237.087670403771,19,8,8.50115405781572,0,0.25,0.99989345275017,"MED LOW","R1"
13,150,4,203.875414762516,19,7,7.49938009480231,0,0.25,0.996904471023735,"MED LOW","R1"
13,151,5,191.294139073431,19,7,7.49892472389997,0,0.25,0.98898356317816,"MED LOW","R1"
13,157,11,188.122972989254,19,7,7.49931937805678,0,0.25,0.984862296257049,"MED LOW","R1"
14,160,2,177.987163199502,19,6,6.5000973316967,0,0.25,0.958758745074188,"MED LOW","R1"
14,162,4,204.169842491361,19,6,6.49846718227528,0,0.25,0.996995365201467,"MED LOW","R1"
14,167,9,173.706556576738,19,6,6.5003412857043,0,0.25,0.937706517492497,"MED LOW","R1"
15,173,1,169.22587456156,19,5,5.49949272912488,0,0.25,0.905222258058979,"MED LOW","R1"
15,174,2,167.607601923656,19,5,5.50013643281503,0,0.25,0.890156321643462,"MED LOW","R1"
15,176,4,170.80890531291,19,5,5.50037528552344,0,0.25,0.918142658686779,"MED LOW","R1"
15,179,7,179.708159554964,19,5,5.50033179915764,0,0.25,0.965140138297809,"MED LOW","R1"
15,180,8,189.120884453961,19,5,5.50003075670201,0,0.25,0.986300930316815,"MED LOW","R1"
16,187,3,174.74759129669,19,4,4.4986609469909,0,0.25,0.943602435015458,"MED LOW","R1"
16,189,5,171.27727260334,19,4,4.50141304615785,0,0.25,0.921646364807277,"MED LOW","R1"
16,191,7,161.460046363937,19,4,4.49907663979566,0,0.25,0.812777995565383,"MED LOW","R1"
16,193,9,162.037150393972,19,4,4.50024047375343,0,0.25,0.821531423842396,"MED LOW","R1"
16,194,10,166.203778438776,19,4,4.50033912519281,0,0.25,0.875425410517738,"MED LOW","R1"
17,202,6,132.046356391435,19,3,3.50075018738708,0,0.25,0.17971508460216,"MED LOW","R1"
17,205,9,142.781841750936,19,3,3.49869196780893,0,0.25,0.394537212315044,"MED LOW","R1"
11,129,10,249.617533931867,20,10,10.5000846241841,0,0.25,0.999970141236139,"MED LOW","R1"
12,144,11,244.493270322675,20,9,9.50034971404454,0,0.25,0.999949763759533,"MED LOW","R1"
13,150,4,210.620914728671,20,8,8.49896030832127,0,0.25,0.998436998120797,"MED LOW","R1"
13,151,5,196.928166162138,20,8,8.50121798483419,0,0.25,0.993752615918581,"MED LOW","R1"
13,157,11,193.492552106654,20,8,8.49884209427238,0,0.25,0.991167972390202,"MED LOW","R1"
14,162,4,213.848167925743,20,7,7.5012500454826,0,0.25,0.998873208337188,"MED LOW","R1"
14,167,9,179.958625820672,20,7,7.49931193601268,0,0.25,0.965985689102321,"MED LOW","R1"
15,173,1,178.023179972613,20,6,6.49992132353383,0,0.25,0.958903096845267,"MED LOW","R1"
15,174,2,176.184960072071,20,6,6.49947006267829,0,0.25,0.950884522344063,"MED LOW","R1"
15,176,4,179.823951255652,20,6,6.49956480482776,0,0.25,0.965533529460239,"MED LOW","R1"
15,180,8,200.837287997623,20,6,6.49940027414455,0,0.25,0.995790646244652,"MED LOW","R1"
16,186,2,169.198388593971,20,5,5.49936522098128,0,0.25,0.904982557915411,"MED LOW","R1"
16,187,3,189.64842956284,20,5,5.50097420433658,0,0.25,0.987006103764622,"MED LOW","R1"
16,191,7,173.730514561821,20,5,5.49961518450002,0,0.25,0.937848456584732,"MED LOW","R1"
16,193,9,174.416942356712,20,5,5.5004760130732,0,0.25,0.941789024863696,"MED LOW","R1"
16,194,10,179.386229484156,20,5,5.49826283226785,0,0.25,0.96402354122914,"MED LOW","R1"
17,204,8,169.855842471039,20,4,4.50003333674455,0,0.25,0.910569468255456,"MED LOW","R1"
18,209,3,155.78824746143,20,3,3.50053799017268,0,0.25,0.709362865990999,"MED LOW","R1"
19,223,8,146.298061915102,20,2,2.49944735500879,0,0.25,0.482190177018539,"MED LOW","R1"
11,129,10,254.425582970826,21,11,11.4977016557534,0,0.25,0.999981674064972,"MED LOW","R1"
13,150,4,215.909756839449,21,9,9.50077408575599,0,0.25,0.999085822784657,"MED LOW","R1"
13,157,11,197.60115012004,21,9,9.50059776713044,0,0.25,0.99416283125002,"MED LOW","R1"
14,162,4,221.544343694323,21,8,8.50046749191779,0,0.25,0.999483884909725,"MED LOW","R1"
14,167,9,184.676846363456,21,8,8.4990330608974,0,0.25,0.978656215087849,"MED LOW","R1"
15,174,2,182.688597389494,21,7,7.5016107613812,0,0.25,0.974005910371436,"MED LOW","R1"
15,176,4,186.705828172458,21,7,7.49828141723577,0,0.25,0.982560551529427,"MED LOW","R1"
15,180,8,210.105957029329,21,7,7.50089969558645,0,0.25,0.998353240789166,"MED LOW","R1"
16,186,2,177.991935939143,21,6,6.49979663926517,0,0.25,0.958777901609704,"MED LOW","R1"
16,187,3,201.447557181645,21,6,6.49966336661975,0,0.25,0.996042549566688,"MED LOW","R1"
16,191,7,183.154094635294,21,6,6.49968944929628,0,0.25,0.975176101279729,"MED LOW","R1"
17,204,8,183.760975111362,21,5,5.50019647130161,0,0.25,0.976624853149356,"MED LOW","R1"
18,209,3,174.56630303816,21,4,4.5005586598626,0,0.25,0.942614855779269,"MED LOW","R1"
18,210,4,154.168114408567,21,4,4.49940163754623,0,0.25,0.674321369156729,"MED LOW","R1"
18,212,6,175.690161573618,21,4,4.49973293625589,0,0.25,0.94848438431346,"MED LOW","R1"
19,223,8,176.130283289817,21,3,3.50104551677959,0,0.25,0.950624601581277,"MED LOW","R1"
19,225,10,151.654773307246,21,3,3.49896676345969,0,0.25,0.61600137071128,"MED LOW","R1"
19,226,11,158.164466120746,21,3,3.49933800029973,0,0.25,0.756494328243304,"MED LOW","R1"
11,129,10,258.316797686967,22,12,12.4988064746895,0,0.25,0.999987655150067,"MED LOW","R1"
14,162,4,227.664319909471,22,9,9.50002023305147,0,0.25,0.999722674217337,"MED LOW","R1"
15,173,1,189.8092015945,22,8,8.49950114903056,0,0.25,0.987213798685455,"MED LOW","R1"
15,176,4,191.959293345999,22,8,8.50219183312128,0,0.25,0.989695575122593,"MED LOW","R1"
15,180,8,217.438260436187,22,8,8.49984055712133,0,0.25,0.999217132658663,"MED LOW","R1"
16,187,3,210.790616281958,22,7,7.50188292291782,0,0.25,0.998463657253788,"MED LOW","R1"
16,191,7,190.391296995386,22,7,7.49995797823994,0,0.25,0.987938734826257,"MED LOW","R1"
17,204,8,194.652294914438,22,6,6.50010476065137,0,0.25,0.992141350755819,"MED LOW","R1"
18,209,3,189.429678442174,22,5,5.50019996316561,0,0.25,0.986718152363663,"MED LOW","R1"
18,210,4,165.096415815693,22,5,5.49998925607275,0,0.25,0.862637618735723,"MED LOW","R1"
18,212,6,190.786473672281,22,5,5.4998938098486,0,0.25,0.988407592779157,"MED LOW","R1"
19,223,8,201.026201870505,22,4,4.49905980065473,0,0.25,0.995870285684221,"MED LOW","R1"
19,226,11,177.61727966926,22,4,4.49926143054774,0,0.25,0.957247947114037,"MED LOW","R1"
20,233,5,162.201075999766,22,3,3.50126931727701,0,0.25,0.823958645275234,"MED LOW","R1"
20,234,6,135.02432729767,22,3,3.4982193253157,0,0.25,0.228655510110422,"MED LOW","R1"
20,235,7,167.725227277691,22,3,3.50161897241996,0,0.25,0.891318633844289,"MED LOW","R1"
21,251,11,120.09060668562,22,2,2.50216177243913,0,0.25,0.0611012851097191,"MED LOW","R1"
11,129,10,261.466006824482,23,13,13.4987354895267,0,0.25,0.999991033497846,"MED LOW","R1"
14,162,4,232.530906900231,23,10,10.5022129343217,0,0.25,0.999830782493957,"MED LOW","R1"
15,173,1,193.683907590257,23,9,9.49922774615485,0,0.25,0.991336439407256,"MED LOW","R1"
15,176,4,195.969666775116,23,9,9.49893526743742,0,0.25,0.993118454933433,"MED LOW","R1"
15,180,8,223.238734384098,23,9,9.50120792926452,0,0.25,0.999565421827386,"MED LOW","R1"
16,187,3,218.188854200228,23,8,8.49923708567413,0,0.25,0.999274536228818,"MED LOW","R1"
16,191,7,195.94938612845,23,8,8.4995772581905,0,0.25,0.993104368066133,"MED LOW","R1"
18,209,3,201.194470994733,23,6,6.50033973835834,0,0.25,0.995939957564833,"MED LOW","R1"
18,210,4,173.337775531859,23,6,6.50050910915709,0,0.25,0.935483167670049,"MED LOW","R1"
18,212,6,202.764977259027,23,6,6.49769990822453,0,0.25,0.996536308969646,"MED LOW","R1"
19,217,2,164.392070932153,23,5,5.49947878680207,0,0.25,0.853941857524675,"MED LOW","R1"
19,223,8,221.802621909462,23,5,5.50043147844679,0,0.25,0.999497236670828,"MED LOW","R1"
20,230,2,159.922431441298,23,4,4.49851216913994,0,0.25,0.787855190838697,"MED LOW","R1"
20,232,4,155.656062137751,23,4,4.50021533410843,0,0.25,0.706588122466178,"MED LOW","R1"
20,233,5,182.82464709024,23,4,4.49978941553914,0,0.25,0.974353364241022,"MED LOW","R1"
20,234,6,148.373309467759,23,4,4.50052542094039,0,0.25,0.534802476001892,"MED LOW","R1"
20,240,12,150.272208709891,23,4,4.49896630703295,0,0.25,0.582303119677116,"MED LOW","R1"
21,242,2,155.861127454495,23,3,3.50029927465902,0,0.25,0.710886070303852,"MED LOW","R1"
21,243,3,155.925072423068,23,3,3.50090986456691,0,0.25,0.712218622465621,"MED LOW","R1"
21,249,9,137.302852244838,23,3,3.50068698551201,0,0.25,0.271985050992182,"MED LOW","R1"
21,251,11,139.169770525936,23,3,3.49831914214874,0,0.25,0.311091404948784,"MED LOW","R1"
21,254,14,136.321523730997,23,3,3.49982051245961,0,0.25,0.252709933484744,"MED LOW","R1"
22,261,7,124.836814698416,23,2,2.50188985072539,0,0.25,0.0953252359989389,"MED LOW","R1"
11,129,10,264.014701490615,24,14,14.5004615494748,0,0.25,0.99999307787597,"MED LOW","R1"
14,162,4,236.400802485776,24,11,11.499939174298,0,0.25,0.999885757865257,"MED LOW","R1"
15,173,1,196.631959433425,24,10,10.5017244560903,0,0.25,0.993563102432891,"MED LOW","R1"
15,176,4,199.031092807208,24,10,10.5003282329219,0,0.25,0.994947669968148,"MED LOW","R1"
15,180,8,227.827401294543,24,10,10.4993910670956,0,0.25,0.999727227138681,"MED LOW","R1"
16,187,3,224.047098668946,24,9,9.50124210944189,0,0.25,0.999599651692072,"MED LOW","R1"
16,191,7,200.217935392932,24,9,9.50065047602828,0,0.25,0.995518668054191,"MED LOW","R1"
18,210,4,179.552831965695,24,7,7.50191661753737,0,0.25,0.96460562600852,"MED LOW","R1"
18,212,6,212.269586546378,24,7,7.49973165310614,0,0.25,0.998677590273964,"MED LOW","R1"
19,217,2,172.540352627495,24,6,6.49986244166594,0,0.25,0.930420895003966,"MED LOW","R1"
20,234,6,158.287416111847,24,5,5.49830712361188,0,0.25,0.758786535283634,"MED LOW","R1"
20,240,12,160.513494175013,24,5,5.49746734550166,0,0.25,0.797712322927569,"MED LOW","R1"
21,242,2,174.659718329706,24,4,4.49969958030166,0,0.25,0.94312575315502,"MED LOW","R1"
21,243,3,174.741689339721,24,4,4.49847240463198,0,0.25,0.943570536868552,"MED LOW","R1"
21,247,7,172.318689670496,24,4,4.49881784192889,0,0.25,0.928949717746836,"MED LOW","R1"
21,248,8,163.214843072143,24,4,4.4988226794605,0,0.25,0.838394637161102,"MED LOW","R1"
22,260,6,137.293815647654,24,3,3.50120597046286,0,0.25,0.27180341415196,"MED LOW","R1"
22,261,7,145.701819894148,24,3,3.50046534583138,0,0.25,0.467095795238319,"MED LOW","R1"
22,262,8,154.676716177691,24,3,3.49986519374838,0,0.25,0.685558385332052,"MED LOW","R1"
23,267,2,126.903424161004,24,2,2.50034002939735,0,0.25,0.115020597827589,"MED LOW","R1"
23,273,8,137.022143468378,24,2,2.49775123972209,0,0.25,0.266378400614553,"MED LOW","R1"
14,162,4,239.478132012906,25,12,12.4978928051988,0,0.25,0.999916411808905,"MED LOW","R1"
15,173,1,198.874970820489,25,11,11.5011459598028,0,0.25,0.994867359498289,"MED LOW","R1"
15,176,4,201.368114412709,25,11,11.4982310935349,0,0.25,0.996010627494184,"MED LOW","R1"
15,180,8,231.4574260484,25,11,11.4990036123538,0,0.25,0.999811299994088,"MED LOW","R1"
16,187,3,228.6859097797,25,10,10.4993171639163,0,0.25,0.999749991279162,"MED LOW","R1"
16,191,7,203.496132699074,25,10,10.4992468148711,0,0.25,0.99678332991265,"MED LOW","R1"
18,210,4,184.239792346757,25,8,8.5012114169006,0,0.25,0.977709340531499,"MED LOW","R1"
18,212,6,219.811229544685,25,8,8.50224031837475,0,0.25,0.999384646013088,"MED LOW","R1"
19,217,2,178.675748311399,25,7,7.49992343435116,0,0.25,0.961436195334565,"MED LOW","R1"
20,240,12,168.158411363461,25,6,6.49950254338364,0,0.25,0.895506427150575,"MED LOW","R1"
21,242,2,189.542392440833,25,5,5.50063575686591,0,0.25,0.986867300208137,"MED LOW","R1"
21,243,3,189.641307299797,25,5,5.4987813395792,0,0.25,0.986996826183562,"MED LOW","R1"
21,247,7,186.721185130929,25,5,5.49943260420083,0,0.25,0.982587249306501,"MED LOW","R1"
21,248,8,175.819131274262,25,5,5.49982858937408,0,0.25,0.949120464885627,"MED LOW","R1"
22,262,8,173.142835451484,25,4,4.50134835941199,0,0.25,0.934278242717274,"MED LOW","R1"
22,263,9,179.696235429132,25,4,4.5006206754893,0,0.25,0.96509938228109,"MED LOW","R1"
23,267,2,148.568798494522,25,3,3.50111222421038,0,0.25,0.539736981128223,"MED LOW","R1"
23,272,7,144.935788378827,25,3,3.5004738072334,0,0.25,0.447794876344681,"MED LOW","R1"
23,273,8,162.802368376587,25,3,3.50079152777748,0,0.25,0.832639700905049,"MED LOW","R1"
24,279,2,125.558583043711,25,2,2.50074693084563,0,0.25,0.101835171285625,"MED LOW","R1"
24,282,5,137.003496240404,25,2,2.50042858269601,0,0.25,0.266008574329449,"MED LOW","R1"
24,288,11,134.014244057256,25,2,2.49829249447926,0,0.25,0.211072177469509,"MED LOW","R1"
15,173,1,200.581555490687,26,12,12.5001194177844,0,0.25,0.995680396819221,"MED LOW","R1"
15,180,8,234.329083540822,26,12,12.497185503539,0,0.25,0.999859016904549,"MED LOW","R1"
16,187,3,232.359120864721,26,11,11.502298366051,0,0.25,0.999827805651359,"MED LOW","R1"
16,191,7,206.013750960487,26,11,11.4992438205447,0,0.25,0.99750708490463,"MED LOW","R1"
18,212,6,225.7953134133,26,9,9.5008588413644,0,0.25,0.999664742245884,"MED LOW","R1"
19,217,2,183.295505163888,26,8,8.50138108273237,0,0.25,0.975521307841153,"MED LOW","R1"
20,232,4,181.744016784156,26,7,7.4993027888347,0,0.25,0.971464135890289,"MED LOW","R1"
20,240,12,173.865190948629,26,7,7.49916542601848,0,0.25,0.938640741604792,"MED LOW","R1"
21,247,7,198.064713159242,26,6,6.49951983129171,0,0.25,0.994429707171242,"MED LOW","R1"
21,248,8,185.54004807739,26,6,6.50062162898017,0,0.25,0.980412134328021,"MED LOW","R1"
22,260,6,161.59657975975,26,5,5.50029117840269,0,0.25,0.814878319914348,"MED LOW","R1"
22,262,8,187.713553029292,26,5,5.49992081115287,0,0.25,0.984229901771424,"MED LOW","R1"
22,263,9,195.636262590617,26,5,5.50079556658324,0,0.25,0.992883204091854,"MED LOW","R1"
23,267,2,165.363260628705,26,4,4.49962875276391,0,0.25,0.865816593424719,"MED LOW","R1"
23,272,7,160.7703700152,26,4,4.49924614435473,0,0.25,0.801888318017755,"MED LOW","R1"
23,273,8,183.60295795205,26,4,4.5020355711722,0,0.25,0.9762557775675,"MED LOW","R1"
23,276,11,159.122405966331,26,4,4.50050613632147,0,0.25,0.77396148600689,"MED LOW","R1"
24,280,3,154.489670642739,26,3,3.50139864107983,0,0.25,0.681450139561657,"MED LOW","R1"
24,282,5,162.77584238805,26,3,3.49859625614526,0,0.25,0.83226405843838,"MED LOW","R1"
24,283,6,145.242289846784,26,3,3.5009589603333,0,0.25,0.455501917922954,"MED LOW","R1"
24,284,7,155.611980828971,26,3,3.49927338917991,0,0.25,0.705659361226549,"MED LOW","R1"
25,291,3,122.638141056986,26,2,2.50076661629183,0,0.25,0.077735681732233,"MED LOW","R1"
25,294,6,134.707333309885,26,2,2.5015844434782,0,0.25,0.223028572067953,"MED LOW","R1"
25,295,7,129.770424431163,26,2,2.50102465117779,0,0.25,0.14812796546522,"MED LOW","R1"
15,173,1,201.880002414921,27,13,13.5012291966601,0,0.25,0.996211906681377,"MED LOW","R1"
15,180,8,236.600808201934,27,13,13.500897477545,0,0.25,0.999888054132862,"MED LOW","R1"
16,187,3,235.267728124852,27,12,12.4992364897952,0,0.25,0.99987183096338,"MED LOW","R1"
16,191,7,207.947253162542,27,12,12.5015285445765,0,0.25,0.997950524067549,"MED LOW","R1"
19,217,2,186.77403441867,27,9,9.49939370418389,0,0.25,0.982678820316556,"MED LOW","R1"
20,232,4,186.601031798092,27,8,8.50002284351785,0,0.25,0.982377288685408,"MED LOW","R1"
20,240,12,178.125189118772,27,8,8.50051958254834,0,0.25,0.959309319678181,"MED LOW","R1"
21,247,7,206.99897239804,27,7,7.50315475671242,0,0.25,0.997743853649846,"MED LOW","R1"
22,260,6,169.380492270783,27,6,6.49902365027049,0,0.25,0.906560585909018,"MED LOW","R1"
22,262,8,199.210598379452,27,6,6.5000877760568,0,0.25,0.995038465074731,"MED LOW","R1"
22,263,9,208.393197460318,27,6,6.50080333241884,0,0.25,0.998041072630671,"MED LOW","R1"
23,267,2,178.381912143079,27,5,5.50146573309128,0,0.25,0.96031469936938,"MED LOW","R1"
23,273,8,200.38576447245,27,5,5.50122971313013,0,0.25,0.995594049806166,"MED LOW","R1"
23,276,11,170.954675218522,27,5,5.50078001574085,0,0.25,0.919248143892424,"MED LOW","R1"
24,282,5,183.568608524913,27,4,4.49922604803611,0,0.25,0.976174799549808,"MED LOW","R1"
24,283,6,161.156851504739,27,4,4.49983972367365,0,0.25,0.808048416417679,"MED LOW","R1"
24,284,7,174.340411931044,27,4,4.50093444866504,0,0.25,0.941361571809179,"MED LOW","R1"
25,293,5,159.92564614536,27,3,3.50018153959226,0,0.25,0.787909739433043,"MED LOW","R1"
25,295,7,152.568799957656,27,3,3.50163819545381,0,0.25,0.637704193384462,"MED LOW","R1"
25,296,8,138.804676535672,27,3,3.49928775353067,0,0.25,0.303203187458827,"MED LOW","R1"
15,180,8,238.397935104959,28,14,14.5009739386519,0,0.25,0.999906723562764,"MED LOW","R1"
16,187,3,237.570889037164,28,13,13.5012676656346,0,0.25,0.999898553525839,"MED LOW","R1"
16,191,7,209.432160871806,28,13,13.5000885906196,0,0.25,0.998236845077489,"MED LOW","R1"
19,217,2,189.393255767917,28,10,10.5008067494069,0,0.25,0.986669600052572,"MED LOW","R1"
20,232,4,190.277818652069,28,9,9.50074921540184,0,0.25,0.98780066968467,"MED LOW","R1"
20,240,12,181.30519355714,28,9,9.5003393592578,0,0.25,0.970202719269704,"MED LOW","R1"
21,247,7,214.035671028909,28,8,8.49848668973753,0,0.25,0.998894433392285,"MED LOW","R1"
22,260,6,175.205251520393,28,7,7.49765411623348,0,0.25,0.946024910962953,"MED LOW","R1"
22,262,8,208.282358303269,28,7,7.49900635990528,0,0.25,0.998018946732449,"MED LOW","R1"
23,267,2,188.473648686862,28,6,6.4998233336306,0,0.25,0.98538405193807,"MED LOW","R1"
23,272,7,182.218866187836,28,6,6.4999020560729,0,0.25,0.972770712270817,"MED LOW","R1"
23,273,8,213.926851549782,28,6,6.50017443741508,0,0.25,0.998882164318491,"MED LOW","R1"
24,281,4,152.02252332217,28,5,5.50062683950974,0,0.25,0.624794457718139,"MED LOW","R1"
24,282,5,200.343919594596,28,5,5.4998813905207,0,0.25,0.995575373822109,"MED LOW","R1"
24,283,6,173.370065077465,28,5,5.50104610562874,0,0.25,0.935680753373658,"MED LOW","R1"
24,284,7,189.157167672935,28,5,5.50130180663685,0,0.25,0.986350616204984,"MED LOW","R1"
25,293,5,179.885483955513,28,4,4.50102613108608,0,0.25,0.965740835523933,"MED LOW","R1"
25,295,7,170.449868289816,28,4,4.50115451349716,0,0.25,0.915360809057605,"MED LOW","R1"
25,298,10,168.449191877331,28,4,4.50040159722325,0,0.25,0.898237008881721,"MED LOW","R1"
26,303,3,153.239902562051,28,3,3.50017109685959,0,0.25,0.653294464375271,"MED LOW","R1"
26,313,13,158.71014115267,28,3,3.50083094563577,0,0.25,0.766554738330084,"MED LOW","R1"
16,191,7,210.572553110659,29,14,14.5000613043739,0,0.25,0.998429316570199,"MED LOW","R1"
19,217,2,191.365445729212,29,11,11.5021435294591,0,0.25,0.989062164198339,"MED LOW","R1"
20,240,12,183.679004019999,29,10,10.498962043219,0,0.25,0.976434100282898,"MED LOW","R1"
21,247,7,219.577834771666,29,9,9.50117009850519,0,0.25,0.999369899039703,"MED LOW","R1"
23,267,2,196.296513163775,29,7,7.50035340368493,0,0.25,0.993341579101588,"MED LOW","R1"
23,272,7,189.355396745429,29,7,7.49937089078343,0,0.25,0.986618947474885,"MED LOW","R1"
23,273,8,224.852380543576,29,7,7.49912517433891,0,0.25,0.999631071010453,"MED LOW","R1"
24,282,5,213.878004460087,29,6,6.49948982655068,0,0.25,0.998876612816915,"MED LOW","R1"
24,283,6,182.742775993349,29,6,6.50146807980783,0,0.25,0.974144821344698,"MED LOW","R1"
24,284,7,200.879252108003,29,6,6.5006051674356,0,0.25,0.995808467937216,"MED LOW","R1"
25,293,5,195.865883629399,29,5,5.50132083544577,0,0.25,0.993046065211286,"MED LOW","R1"
25,295,7,184.47422736434,29,5,5.50014206774209,0,0.25,0.978222236213957,"MED LOW","R1"
25,298,10,182.073866204044,29,5,5.50054712989266,0,0.25,0.97237802688631,"MED LOW","R1"
26,303,3,171.306308141087,29,4,4.49789285197887,0,0.25,0.921858991643646,"MED LOW","R1"
26,309,9,164.685828263983,29,4,4.50048241564014,0,0.25,0.857622764470324,"MED LOW","R1"
26,312,12,162.93093564348,29,4,4.49938799586635,0,0.25,0.834450860337679,"MED LOW","R1"
26,313,13,178.319420894974,29,4,4.49870725530001,0,0.25,0.960072185922389,"MED LOW","R1"
27,318,5,153.808632221773,29,3,3.49996778205197,0,0.25,0.666255305214918,"MED LOW","R1"
27,322,9,142.987990737742,29,3,3.49873430495339,0,0.25,0.399547988827356,"MED LOW","R1"
28,337,12,133.380659536124,29,2,2.5005450447658,0,0.25,0.200559037434877,"MED LOW","R1"
19,217,2,192.850441735583,30,12,12.4985578032777,0,0.25,0.990578589636625,"MED LOW","R1"
20,240,12,185.451006613953,30,11,11.4995350346039,0,0.25,0.980237761017095,"MED LOW","R1"
21,247,7,223.942890114068,30,10,10.4984911630434,0,0.25,0.999595395024457,"MED LOW","R1"
23,267,2,202.360604151353,30,8,8.50021172379861,0,0.25,0.996391664455847,"MED LOW","R1"
23,272,7,194.826992137713,30,8,8.49915432466919,0,0.25,0.992278447167111,"MED LOW","R1"
23,273,8,233.667565256041,30,8,8.50008019610621,0,0.25,0.999849223934925,"MED LOW","R1"
24,282,5,224.797113642948,30,7,7.49970162149627,0,0.25,0.999628995760736,"MED LOW","R1"
24,283,6,189.935617532526,30,7,7.500177800072,0,0.25,0.987374806071895,"MED LOW","R1"
24,284,7,210.153027413239,30,7,7.50095122424733,0,0.25,0.99836107928396,"MED LOW","R1"
25,293,5,208.660234774239,30,6,6.50007036672878,0,0.25,0.998093371442253,"MED LOW","R1"
25,295,7,195.473718211174,30,6,6.50144815102683,0,0.25,0.992765634127696,"MED LOW","R1"
26,312,12,175.48093267113,30,5,5.50025001044611,0,0.25,0.94743644446726,"MED LOW","R1"
27,316,3,158.216009245182,30,4,4.499918546475,0,0.25,0.757457062669669,"MED LOW","R1"
27,318,5,172.032781272482,30,4,4.49996342505474,0,0.25,0.927009723790286,"MED LOW","R1"
28,328,3,137.404984940327,30,3,3.50065391421231,0,0.25,0.274043209766941,"MED LOW","R1"
28,330,5,144.736564499197,30,3,3.49939210222853,0,0.25,0.44279853218636,"MED LOW","R1"
28,331,6,138.377967079699,30,3,3.50003815501649,0,0.25,0.294128697697078,"MED LOW","R1"
28,333,8,146.623171487184,30,3,3.49962533058728,0,0.25,0.490436092841944,"MED LOW","R1"
28,334,9,158.483476390982,30,3,3.50011603329926,0,0.25,0.762411214152112,"MED LOW","R1"
29,341,4,126.542919885673,30,2,2.4991560276821,0,0.25,0.111346938531813,"MED LOW","R1"
29,344,7,124.040592013745,30,2,2.49802122715454,0,0.25,0.0885779348928445,"MED LOW","R1"
20,240,12,186.773771528048,31,12,12.5018149651218,0,0.25,0.982678365983525,"MED LOW","R1"
23,267,2,207.061337445933,31,9,9.49854396407433,0,0.25,0.997758062667963,"MED LOW","R1"
23,273,8,240.780033820173,31,9,9.49886189638529,0,0.25,0.999926761047447,"MED LOW","R1"
24,282,5,233.606497249757,31,8,8.50030996992548,0,0.25,0.999848286304039,"MED LOW","R1"
24,283,6,195.455575405122,31,8,8.49893929637708,0,0.25,0.99275239222189,"MED LOW","R1"
24,284,7,217.48985465488,31,8,8.50090987429919,0,0.25,0.999221219788171,"MED LOW","R1"
25,293,5,218.903747111728,31,7,7.50093007660249,0,0.25,0.99932529392591,"MED LOW","R1"
25,295,7,204.100764783972,31,7,7.49982649164667,0,0.25,0.996974281735699,"MED LOW","R1"
26,301,1,159.863334096893,31,6,6.50013520350856,0,0.25,0.786850573196826,"MED LOW","R1"
26,312,12,185.153405627975,31,6,6.50063298443475,0,0.25,0.979643850300743,"MED LOW","R1"
27,316,3,169.880377001535,31,5,5.5002654543692,0,0.25,0.910772113789787,"MED LOW","R1"
27,322,9,170.001961032953,31,5,5.49876481785504,0,0.25,0.911770248729271,"MED LOW","R1"
28,328,3,151.333018258857,31,4,4.5006566759931,0,0.25,0.60824512709419,"MED LOW","R1"
28,333,8,162.900359170356,31,4,4.50057197172457,0,0.25,0.834021550876432,"MED LOW","R1"
28,334,9,178.027694039287,31,4,4.49862042131626,0,0.25,0.95892115465225,"MED LOW","R1"
29,339,2,143.971027814255,31,3,3.49888464955477,0,0.25,0.423715615304146,"MED LOW","R1"
29,344,7,144.600903082104,31,3,3.49990429518099,0,0.25,0.439402823466918,"MED LOW","R1"
23,267,2,210.705229589379,32,10,10.4999066948883,0,0.25,0.998450300736223,"MED LOW","R1"
23,273,8,246.518678071635,32,10,10.4987585270036,0,0.25,0.999959101165784,"MED LOW","R1"
24,284,7,223.294290518587,32,9,9.49895614650906,0,0.25,0.999567865215627,"MED LOW","R1"
25,293,5,227.104987160592,32,8,8.501149281589,0,0.25,0.999706473740596,"MED LOW","R1"
25,295,7,210.867071843599,32,8,8.49984691708395,0,0.25,0.998475519163587,"MED LOW","R1"
26,301,1,164.801382081532,32,7,7.50015720065605,0,0.25,0.859049364919664,"MED LOW","R1"
26,312,12,192.608127162553,32,7,7.49706959253287,0,0.25,0.990346187334024,"MED LOW","R1"
27,316,3,178.767397783235,32,6,6.50126021884914,0,0.25,0.961779730301642,"MED LOW","R1"
28,328,3,161.75927675306,32,5,5.49954347978422,0,0.25,0.81735728945568,"MED LOW","R1"
28,333,8,175.444515606952,32,5,5.5007510588727,0,0.25,0.947252001156381,"MED LOW","R1"
29,339,2,159.555069491526,32,4,4.49831931732105,0,0.25,0.781554114029157,"MED LOW","R1"
29,340,3,167.19241293288,32,4,4.49965723795619,0,0.25,0.885966180740697,"MED LOW","R1"
29,343,6,165.757573697803,32,4,4.49959989023805,0,0.25,0.870400110769743,"MED LOW","R1"
30,359,9,160.791448316088,32,3,3.50059389064314,0,0.25,0.802228086795491,"MED LOW","R1"
30,361,11,146.691432913958,32,3,3.50014048558586,0,0.25,0.492168253037474,"MED LOW","R1"
30,362,12,158.055892353141,32,3,3.49970649381865,0,0.25,0.754457898009668,"MED LOW","R1"
31,367,4,128.388711969937,32,2,2.50010400901194,0,0.25,0.131284570417715,"MED LOW","R1"
23,273,8,251.148862029271,33,11,11.4983811442455,0,0.25,0.999974440647189,"MED LOW","R1"
24,284,7,227.886394787401,33,10,10.5003266435497,0,0.25,0.999728855654754,"MED LOW","R1"
25,293,5,233.67112737921,33,9,9.49984074616995,0,0.25,0.999849278448154,"MED LOW","R1"
25,295,7,216.173976221456,33,9,9.50039973324796,0,0.25,0.999109999682974,"MED LOW","R1"
26,301,1,168.424405386602,33,8,8.50054792331546,0,0.25,0.898006739784531,"MED LOW","R1"
27,316,3,185.53837243219,33,7,7.49969704719738,0,0.25,0.980408866810545,"MED LOW","R1"
28,328,3,169.564173805058,33,6,6.49730403348552,0,0.25,0.908128434135005,"MED LOW","R1"
29,339,2,171.467881479848,33,5,5.49897661263239,0,0.25,0.923032572140094,"MED LOW","R1"
29,340,3,180.568740324571,33,5,5.4984375732035,0,0.25,0.967963361983285,"MED LOW","R1"
30,353,3,163.045201495825,33,4,4.49970079691503,0,0.25,0.836047334818697,"MED LOW","R1"
30,359,9,181.002688881218,33,4,4.50227173391523,0,0.25,0.969301856032462,"MED LOW","R1"
30,361,11,162.986643502683,33,4,4.49908428504821,0,0.25,0.835230738551223,"MED LOW","R1"
31,369,6,149.897689437365,33,3,3.5003948430046,0,0.25,0.573026325783649,"MED LOW","R1"
31,372,9,138.241364366217,33,3,3.49998555009616,0,0.25,0.291257377844188,"MED LOW","R1"
31,373,10,149.312321042928,33,3,3.50032739959623,0,0.25,0.558425743551586,"MED LOW","R1"
23,273,8,254.884692748538,34,12,12.5009187369321,0,0.25,0.999982508700286,"MED LOW","R1"
24,284,7,231.519378614048,34,11,11.4988620398037,0,0.25,0.999812483006071,"MED LOW","R1"
25,293,5,238.928161329402,34,10,10.4981598651348,0,0.25,0.999911611905179,"MED LOW","R1"
25,295,7,220.336251717902,34,10,10.5002449703803,0,0.25,0.99941657093005,"MED LOW","R1"
26,301,1,171.082601076461,34,9,9.50115795095459,0,0.25,0.920207066564358,"MED LOW","R1"
27,316,3,190.69714260084,34,8,8.5000050668209,0,0.25,0.988303206852707,"MED LOW","R1"
28,328,3,175.40676997953,34,7,7.49983072193209,0,0.25,0.947060184093208,"MED LOW","R1"
28,333,8,192.561939728529,34,7,7.50185817690529,0,0.25,0.990301249379117,"MED LOW","R1"
29,339,2,180.574318205829,34,6,6.50185569331646,0,0.25,0.967980919560369,"MED LOW","R1"
29,340,3,190.982081414476,34,6,6.500474669975,0,0.25,0.988632961581154,"MED LOW","R1"
30,356,6,171.781021847153,34,5,5.50022492302957,0,0.25,0.925261157423906,"MED LOW","R1"
30,359,9,197.222365036741,34,5,5.50041532334979,0,0.25,0.993935355117435,"MED LOW","R1"
30,361,11,175.547284864444,34,5,5.49978865072299,0,0.25,0.947770936584867,"MED LOW","R1"
31,369,6,167.04970321366,34,4,4.50094162438785,0,0.25,0.884494082132634,"MED LOW","R1"
31,370,7,184.909501751582,34,4,4.49985023775732,0,0.25,0.97914409884009,"MED LOW","R1"
31,373,10,166.306411931541,34,4,4.50051225849143,0,0.25,0.876557400674174,"MED LOW","R1"
32,376,2,151.214904837181,34,3,3.50123529277834,0,0.25,0.605383877299856,"MED LOW","R1"
32,379,5,142.386401640828,34,3,3.50043059310289,0,0.25,0.38498799989718,"MED LOW","R1"
32,380,6,156.088571024461,34,3,3.49806883512218,0,0.25,0.715609072768019,"MED LOW","R1"
32,382,8,149.913170507656,34,3,3.49963399884938,0,0.25,0.573410856714546,"MED LOW","R1"
32,383,9,144.126460334897,34,3,3.49838313603151,0,0.25,0.427573701263414,"MED LOW","R1"
33,391,4,131.496589433084,34,2,2.50130970838071,0,0.25,0.171632952441847,"MED LOW","R1"
34,403,4,101.149385928641,34,1,1.50043593053614,0,0.25,0.00942124706527421,"MED LOW","R1"
23,273,8,257.898920971587,35,13,13.5007181976523,0,0.25,0.999987120119425,"MED LOW","R1"
24,284,7,234.393566723042,35,12,12.4988454080089,0,0.25,0.999859936795433,"MED LOW","R1"
25,295,7,223.600779599845,35,11,11.5009994932243,0,0.25,0.999581100005243,"MED LOW","R1"
26,301,1,173.03290714148,35,10,10.4980958425795,0,0.25,0.933589582219969,"MED LOW","R1"
27,316,3,194.627582608771,35,9,9.50044406482979,0,0.25,0.992121763406556,"MED LOW","R1"
29,339,2,187.53549495617,35,7,7.500652815296,0,0.25,0.983946825215938,"MED LOW","R1"
29,340,3,199.088766416973,35,7,7.49852152992935,0,0.25,0.994977020469273,"MED LOW","R1"
30,359,9,210.238780023357,35,6,6.49926316403079,0,0.25,0.998375263796268,"MED LOW","R1"
30,361,11,185.229253106572,35,6,6.49994561559778,0,0.25,0.979796855508746,"MED LOW","R1"
31,369,6,180.397963705395,35,5,5.4992885971094,0,0.25,0.967421278499115,"MED LOW","R1"
31,370,7,201.978531249229,35,5,5.49985458756348,0,0.25,0.996249471922207,"MED LOW","R1"
31,373,10,179.508929045475,35,5,5.50174806157587,0,0.25,0.964453121867727,"MED LOW","R1"
32,376,2,168.724714572885,35,4,4.50070081254374,0,0.25,0.900765743448868,"MED LOW","R1"
32,378,4,175.378978701346,35,4,4.4988811255052,0,0.25,0.946918532652261,"MED LOW","R1"
32,380,6,174.951313573019,35,4,4.4997799032328,0,0.25,0.944693147739043,"MED LOW","R1"
32,382,8,167.069369865804,35,4,4.49966070971867,0,0.25,0.884697927438154,"MED LOW","R1"
32,383,9,159.750742303043,35,4,4.49957229617405,0,0.25,0.784926996690461,"MED LOW","R1"
33,391,4,154.989734032956,35,3,3.50198150100886,0,0.25,0.692368715222263,"MED LOW","R1"
33,394,7,140.488397239037,35,3,3.50054822681192,0,0.25,0.340483905942081,"MED LOW","R1"
23,273,8,260.330929395782,36,14,14.5008596161665,0,0.25,0.999989938244358,"MED LOW","R1"
25,295,7,226.16119211965,36,12,12.5020607924906,0,0.25,0.999676964138998,"MED LOW","R1"
26,301,1,174.463837814403,36,11,11.5009674625616,0,0.25,0.942049508487432,"MED LOW","R1"
27,316,3,197.62216429218,36,10,10.4999211027193,0,0.25,0.99417519980013,"MED LOW","R1"
29,339,2,192.856783974875,36,8,8.49860101075191,0,0.25,0.990584597428136,"MED LOW","R1"
29,340,3,205.399742035877,36,8,8.49919286137458,0,0.25,0.997347150920503,"MED LOW","R1"
30,361,11,192.69228834034,36,7,7.49934391830009,0,0.25,0.990427542234984,"MED LOW","R1"
31,369,6,190.786018453898,36,6,6.49972571941931,0,0.25,0.988407063184179,"MED LOW","R1"
31,370,7,215.787377633566,36,6,6.50036195299959,0,0.25,0.999074403435217,"MED LOW","R1"
32,377,3,162.436193403647,36,5,5.5006016777958,0,0.25,0.827394567083206,"MED LOW","R1"
32,378,4,190.410627963516,36,5,5.49981847417456,0,0.25,0.987962099794025,"MED LOW","R1"
32,379,5,169.107011655568,36,5,5.5001226120179,0,0.25,0.904181771984877,"MED LOW","R1"
32,380,6,189.89430203264,36,5,5.50042535356368,0,0.25,0.9873224067286,"MED LOW","R1"
32,382,8,180.421496604682,36,5,5.50044550055822,0,0.25,0.967496500468392,"MED LOW","R1"
33,389,2,174.087664418805,36,4,4.49993886531925,0,0.25,0.939928878854765,"MED LOW","R1"
33,390,3,187.152215100301,36,4,4.49918705180454,0,0.25,0.983320421529433,"MED LOW","R1"
33,391,4,173.543458442571,36,4,4.50105195043534,0,0.25,0.936732173155693,"MED LOW","R1"
33,395,8,153.624539739835,36,4,4.50007683431448,0,0.25,0.662086278594173,"MED LOW","R1"
34,403,4,153.600200671811,36,3,3.50110461644122,0,0.25,0.661533179828579,"MED LOW","R1"
34,409,10,158.518064219312,36,3,3.50196129558602,0,0.25,0.763046753715561,"MED LOW","R1"
35,424,13,132.881524406339,36,2,2.50002101478374,0,0.25,0.192556664392935,"MED LOW","R1"
25,295,7,228.169357621265,37,13,13.5010429383476,0,0.25,0.999736532740491,"MED LOW","R1"
26,301,1,175.513705128789,37,12,12.4994223683629,0,0.25,0.947601907843855,"MED LOW","R1"
27,316,3,199.903720413252,37,11,11.4989272208172,0,0.25,0.995374067170498,"MED LOW","R1"
29,339,2,196.92450382112,37,9,9.50054402553767,0,0.25,0.993750306941767,"MED LOW","R1"
29,340,3,210.312775322617,37,9,9.4991477641434,0,0.25,0.998387404958289,"MED LOW","R1"
31,369,6,198.870343862793,37,7,7.50073720984168,0,0.25,0.994864960073797,"MED LOW","R1"
32,378,4,202.329752716413,37,6,6.50051033494613,0,0.25,0.996380384889883,"MED LOW","R1"
32,379,5,177.88807086948,37,6,6.49887233315043,0,0.25,0.958359084503437,"MED LOW","R1"
32,380,6,201.732077135043,37,6,6.49946911009594,0,0.25,0.996154803550079,"MED LOW","R1"
32,382,8,190.813034073403,37,6,6.50103297229139,0,0.25,0.988438451434097,"MED LOW","R1"
32,383,9,180.838805892804,37,6,6.49866213271583,0,0.25,0.968802851858122,"MED LOW","R1"
33,389,2,188.852337187913,37,5,5.5008698718062,0,0.25,0.985927597956015,"MED LOW","R1"
33,390,3,204.717624293121,37,5,5.50078182909554,0,0.25,0.997157451520777,"MED LOW","R1"
33,391,4,188.196272926582,37,5,5.50028867054886,0,0.25,0.984972850992348,"MED LOW","R1"
33,395,8,164.45571967528,37,5,5.49961553210407,0,0.25,0.854746040222217,"MED LOW","R1"
34,403,4,171.76646674611,37,4,4.50045676020263,0,0.25,0.925158897980141,"MED LOW","R1"
34,406,7,155.929839559183,37,4,4.50116054868723,0,0.25,0.712317818316975,"MED LOW","R1"
34,409,10,178.072203701624,37,4,4.50010930767374,0,0.25,0.959098802307833,"MED LOW","R1"
35,412,1,147.26228604653,37,3,3.50121173684226,0,0.25,0.506657238114157,"MED LOW","R1"
35,417,6,136.228190125045,37,3,3.49909935187702,0,0.25,0.250924538361092,"MED LOW","R1"
35,418,7,150.200974014526,37,3,3.49970002790528,0,0.25,0.580542914943614,"MED LOW","R1"
35,424,13,156.938907248431,37,3,3.4995459711247,0,0.25,0.732848071449864,"MED LOW","R1"
36,435,10,137.604794994227,37,2,2.49909751880812,0,0.25,0.278097661611274,"MED LOW","R1"
26,301,1,176.283987993412,38,13,13.5015933129408,0,0.25,0.951351977909293,"MED LOW","R1"
27,316,3,201.642026087946,38,12,12.5005079484623,0,0.25,0.996119622381044,"MED LOW","R1"
29,340,3,214.137524067379,38,10,10.4998146715486,0,0.25,0.99890579511872,"MED LOW","R1"
31,369,6,205.161831431852,38,8,8.5009302881996,0,0.25,0.997282465713242,"MED LOW","R1"
32,377,3,176.245822733673,38,7,7.49925038595988,0,0.25,0.95117232308053,"MED LOW","R1"
32,378,4,211.780847030638,38,7,7.49789227725004,0,0.25,0.998610406535314,"MED LOW","R1"
32,379,5,184.567421118258,38,7,7.49927936206446,0,0.25,0.978422904246667,"MED LOW","R1"
32,380,6,211.109914757935,38,7,7.49888185843042,0,0.25,0.998512592565552,"MED LOW","R1"
32,382,8,198.900438655133,38,7,7.49898921414974,0,0.25,0.994880546528072,"MED LOW","R1"
32,383,9,187.82804019071,38,7,7.49895680215254,0,0.25,0.984409313054658,"MED LOW","R1"
33,389,2,200.52673388418,38,6,6.49918859433428,0,0.25,0.995656390869328,"MED LOW","R1"
33,390,3,218.992523584065,38,6,6.50030866448845,0,0.25,0.999331344140054,"MED LOW","R1"
33,391,4,199.768341561575,38,6,6.49891291231469,0,0.25,0.995310343408489,"MED LOW","R1"
34,406,7,167.175718946725,38,5,5.50056394650155,0,0.25,0.885794824656025,"MED LOW","R1"
34,409,10,193.667681493919,38,5,5.49862359824948,0,0.25,0.991322278610556,"MED LOW","R1"
35,412,1,163.708575204331,38,4,4.49992095527964,0,0.25,0.845072005946561,"MED LOW","R1"
35,418,7,167.435070914924,38,4,4.49916692097564,0,0.25,0.888431753782607,"MED LOW","R1"
35,424,13,176.042365516276,38,4,4.50155770244709,0,0.25,0.950203924858717,"MED LOW","R1"
36,427,2,149.64441897254,38,3,3.49979725237351,0,0.25,0.56672318327867,"MED LOW","R1"
36,429,4,158.265208026856,38,3,3.49943868405857,0,0.25,0.758373592249833,"MED LOW","R1"
36,433,8,155.885409447405,38,3,3.49821927112633,0,0.25,0.711392514909788,"MED LOW","R1"
36,435,10,163.631743960621,38,3,3.50087402959673,0,0.25,0.844047924579682,"MED LOW","R1"
36,436,11,141.576311281699,38,3,3.50021874188539,0,0.25,0.365706654403014,"MED LOW","R1"
37,442,4,127.545531852308,38,2,2.49919306020792,0,0.25,0.121825200743967,"MED LOW","R1"
37,444,6,113.129776152084,38,2,2.49935792461981,0,0.25,0.031100879813736,"MED LOW","R1"
37,448,10,124.310490474944,38,2,2.49885786900064,0,0.25,0.0908153511159399,"MED LOW","R1"
26,301,1,176.849141021229,39,14,14.499215386666,0,0.25,0.953939929909979,"MED LOW","R1"
29,340,3,217.115053855348,39,11,11.5000810266242,0,0.25,0.999191037085677,"MED LOW","R1"
32,377,3,180.681986483583,39,8,8.5002343742098,0,0.25,0.968318010857699,"MED LOW","R1"
32,380,6,218.538999845341,39,8,8.50031255016839,0,0.25,0.999299856472833,"MED LOW","R1"
32,382,8,205.194609567327,39,8,8.5012753494156,0,0.25,0.997291470293399,"MED LOW","R1"
32,383,9,193.173348707691,39,8,8.49974244310698,0,0.25,0.990879695352215,"MED LOW","R1"
33,389,2,209.757655581744,39,7,7.49987661680467,0,0.25,0.998294064159342,"MED LOW","R1"
33,390,3,230.593320783249,39,7,7.49993395783884,0,0.25,0.999794000067053,"MED LOW","R1"
33,391,4,208.907389397001,39,7,7.49917631947377,0,0.25,0.998140533564946,"MED LOW","R1"
33,395,8,178.754962678057,39,7,7.49875190207625,0,0.25,0.961733291969613,"MED LOW","R1"
34,406,7,175.694830378859,39,6,6.49937226265176,0,0.25,0.94850754156803,"MED LOW","R1"
35,412,1,176.407538388531,39,5,5.4985369660877,0,0.25,0.95192927243837,"MED LOW","R1"
35,416,5,191.391716889555,39,5,5.50087837843368,0,0.25,0.989090982764796,"MED LOW","R1"
35,418,7,180.859184665441,39,5,5.50166512704475,0,0.25,0.96886532763582,"MED LOW","R1"
35,424,13,191.212017185649,39,5,5.4989854234559,0,0.25,0.988892348340878,"MED LOW","R1"
36,426,1,163.210296950373,39,4,4.49976996285081,0,0.25,0.838332088543218,"MED LOW","R1"
36,429,4,177.746865705062,39,4,4.49848582190355,0,0.25,0.957783167968091,"MED LOW","R1"
36,430,5,157.248181388202,39,4,4.50071240752172,0,0.25,0.738950758644301,"MED LOW","R1"
36,435,10,184.677609055661,39,4,4.50039852983862,0,0.25,0.978657832569508,"MED LOW","R1"
36,436,11,156.546427716914,39,4,4.5007664509145,0,0.25,0.724974271098766,"MED LOW","R1"
36,438,13,157.036036869812,39,4,4.49843889430052,0,0.25,0.734774393428512,"MED LOW","R1"
37,440,2,147.099922997982,39,3,3.50070505644538,0,0.25,0.502536333160029,"MED LOW","R1"
37,441,3,147.081570882558,39,3,3.50116280415361,0,0.25,0.502070509597317,"MED LOW","R1"
37,442,4,149.462377270099,39,3,3.49963259530926,0,0.25,0.562179213582771,"MED LOW","R1"
37,447,9,139.915433894991,39,3,3.50049136518717,0,0.25,0.327544316445373,"MED LOW","R1"
38,455,5,128.161127983871,39,2,2.50014267804463,0,0.25,0.128671604020634,"MED LOW","R1"
29,340,3,219.433031905642,40,12,12.4995100512946,0.859502382192597,0.25,0.999360572715244,"MED LOW","R1"
32,377,3,184.007847239378,40,9,9.50035075381444,0.859502382192597,0.25,0.977190282789237,"MED LOW","R1"
32,380,6,224.424291045222,40,9,9.49896794425445,0.859502382192597,0.25,0.999614688252133,"MED LOW","R1"
32,382,8,210.093163494181,40,9,9.49995430137258,0.859502382192597,0.25,0.99835110385754,"MED LOW","R1"
32,383,9,197.261396399878,40,9,9.49934888961755,0.859502382192597,0.25,0.993959196528325,"MED LOW","R1"
33,391,4,216.124957661818,40,8,8.50019189097712,0.859502382192597,0.25,0.999105563107965,"MED LOW","R1"
34,406,7,182.148328330608,40,7,7.50212097691949,0.859502382192597,0.25,0.972580365851262,"MED LOW","R1"
35,412,1,186.21301270595,40,6,6.49945666183258,0.859502382192597,0.25,0.981682129613138,"MED LOW","R1"
35,416,5,203.466128647604,40,6,6.4988273730731,0.859502382192597,0.25,0.996773547428151,"MED LOW","R1"
35,418,7,191.315597381946,40,6,6.50008077497884,0.859502382192597,0.25,0.989007275149661,"MED LOW","R1"
35,424,13,203.257916338759,40,6,6.50272083637316,0.859502382192597,0.25,0.996704840353758,"MED LOW","R1"
36,426,1,175.813714946444,40,5,5.50025366759968,0.859502382192597,0.25,0.949093901633684,"MED LOW","R1"
36,429,4,193.273732176217,40,5,5.49963333136676,0.859502382192597,0.25,0.990971343961121,"MED LOW","R1"
36,430,5,168.734510071434,40,5,5.50078414300552,0.859502382192597,0.25,0.900854608599636,"MED LOW","R1"
36,435,10,201.695678986581,40,5,5.49981960121848,0.859502382192597,0.25,0.996140621932489,"MED LOW","R1"
36,438,13,168.483511712156,40,5,5.49800650996723,0.859502382192597,0.25,0.898555082663345,"MED LOW","R1"
37,440,2,163.503177156863,40,4,4.50068165787067,0.859502382192597,0.25,0.84232192641581,"MED LOW","R1"
37,441,3,163.479963984644,40,4,4.49957474930949,0.859502382192597,0.25,0.842008641993547,"MED LOW","R1"
37,442,4,166.496887378262,40,4,4.49926144938949,0.859502382192597,0.25,0.878634820610226,"MED LOW","R1"
37,443,5,161.780046634944,40,4,4.49925212734641,0.859502382192597,0.25,0.817671891946557,"MED LOW","R1"
37,445,7,155.228870837638,40,4,4.500142264229,0.859502382192597,0.25,0.697515949422263,"MED LOW","R1"
37,447,9,154.466455788315,40,4,4.49998940115128,0.859502382192597,0.25,0.680938260210798,"MED LOW","R1"
37,448,10,160.818360327704,40,4,4.49774134852543,0.859502382192597,0.25,0.802661252863313,"MED LOW","R1"
38,455,5,150.320300156586,40,3,3.49988689151703,0.859502382192597,0.25,0.583490274584512,"MED LOW","R1"
38,456,6,154.77279178299,40,3,3.50199424046494,0.859502382192597,0.25,0.687657389587816,"MED LOW","R1"
38,459,9,147.764990125298,40,3,3.50045014164386,0.859502382192597,0.25,0.519408060615512,"MED LOW","R1"
38,461,11,154.45554207839,40,3,3.49822370420731,0.859502382192597,0.25,0.680697465761403,"MED LOW","R1"
38,463,13,143.607875198379,40,3,3.49900468745266,0.859502382192597,0.25,0.414738513391829,"MED LOW","R1"
39,470,6,118.770223290281,40,2,2.49845000605013,0.859502382192597,0.25,0.0538480811869266,"MED LOW","R1"
32,380,6,229.086594962849,41,10,10.4997549589326,0.890112818843792,0.25,0.999759955758049,"MED LOW","R1"
32,383,9,200.387901423957,41,10,10.4998350012553,0.890112818843792,0.25,0.995595001449927,"MED LOW","R1"
35,412,1,193.784286454439,41,7,7.4997266691252,0.890112818843792,0.25,0.991423534013028,"MED LOW","R1"
36,430,5,177.464749059813,41,6,6.5001042871505,0.890112818843792,0.25,0.956609653420049,"MED LOW","R1"
37,440,2,176.162714512328,41,5,5.50110590969342,0.890112818843792,0.25,0.950778929042371,"MED LOW","R1"
37,443,5,174.111078317266,41,5,5.50027107041321,0.890112818843792,0.25,0.940062965293752,"MED LOW","R1"
37,445,7,166.347876603082,41,5,5.4996967850772,0.890112818843792,0.25,0.877012220746111,"MED LOW","R1"
37,448,10,172.967801558676,41,5,5.50051223836014,0.890112818843792,0.25,0.933178565051721,"MED LOW","R1"
38,455,5,167.586741294386,41,4,4.5004691858316,0.890112818843792,0.25,0.889949053678082,"MED LOW","R1"
38,463,13,159.09808559918,41,4,4.50047724293456,0.890112818843792,0.25,0.773529201015776,"MED LOW","R1"
39,467,3,155.954152027926,41,3,3.50054546236931,0.890112818843792,0.25,0.712823401494392,"MED LOW","R1"
39,471,7,141.383618727722,41,3,3.49865918664474,0.890112818843792,0.25,0.36118039820992,"MED LOW","R1"
39,472,8,145.144758835664,41,3,3.49909214565484,0.890112818843792,0.25,0.453046988694495,"MED LOW","R1"
39,473,9,144.489855333593,41,3,3.499603554026,0.890112818843792,0.25,0.436627415386785,"MED LOW","R1"
32,383,9,202.77902657748,42,11,11.5001555363013,0.939320836883137,0.25,0.996541229189601,"MED LOW","R1"
36,430,5,184.100208909178,42,7,7.50141821421288,0.939320836883137,0.25,0.977398373694317,"MED LOW","R1"
37,440,2,185.93296403124,42,6,6.50040532477131,0.939320836883137,0.25,0.981163755199432,"MED LOW","R1"
37,448,10,182.283897113798,42,6,6.50034503677004,0.939320836883137,0.25,0.972945059928816,"MED LOW","R1"
38,455,5,181.040763278663,42,5,5.50115697123711,0.939320836883137,0.25,0.969416676954693,"MED LOW","R1"
39,467,3,174.778969046788,42,4,4.49973680679845,0.939320836883137,0.25,0.943771737006112,"MED LOW","R1"
39,472,8,161.033850189341,42,4,4.49956633777045,0.939320836883137,0.25,0.806103899488173,"MED LOW","R1"
39,473,9,160.208403697759,42,4,4.50044327321163,0.939320836883137,0.25,0.792667596918094,"MED LOW","R1"
40,481,6,136.633290975182,42,3,3.49952256905652,0.939320836883137,0.25,0.258734460846498,"MED LOW","R1"
40,484,9,151.411845614213,42,3,3.50037925554484,0.939320836883137,0.25,0.610150570968435,"MED LOW","R1"
41,488,1,134.745395409716,42,2,2.49976536138071,0.939320836883137,0.25,0.223698961900168,"MED LOW","R1"
41,490,3,133.305719023984,42,2,2.49947415948812,0.939320836883137,0.25,0.199341844608943,"MED LOW","R1"
32,383,9,204.607739295284,43,12,12.4983398387514,0.979537923578488,0.25,0.997125651626737,"MED LOW","R1"
36,430,5,189.143521866722,43,8,8.49906802184147,0.979537923578488,0.25,0.986331950654726,"MED LOW","R1"
37,448,10,189.427405588154,43,7,7.50145613137493,0.979537923578488,0.25,0.986715127704134,"MED LOW","R1"
38,455,5,191.524145818749,43,6,6.49984612321479,0.979537923578488,0.25,0.989235113342414,"MED LOW","R1"
39,472,8,173.223872081288,43,5,5.49864542177625,0.979537923578488,0.25,0.934781650411668,"MED LOW","R1"
39,473,9,172.243321461945,43,5,5.50044811155853,0.979537923578488,0.25,0.928442987836886,"MED LOW","R1"
41,490,3,157.537132493528,43,3,3.50243989491174,0.979537923578488,0.25,0.744570314675447,"MED LOW","R1"
41,493,6,147.589201968326,43,3,3.49939869659535,0.979537923578488,0.25,0.514951310614808,"MED LOW","R1"
42,506,9,134.307979988278,43,2,2.49961501215446,0.979537923578488,0.25,0.216081233821039,"MED LOW","R1"
39,473,9,181.457864830396,44,6,6.50133906669301,0.95322435841311,0.25,0.970647594714468,"MED LOW","R1"
40,481,6,160.631052553759,44,5,5.49858995691273,0.95322435841311,0.25,0.799631558188143,"MED LOW","R1"
41,490,3,176.810763075646,44,4,4.50111141396215,0.95322435841311,0.25,0.953768415653166,"MED LOW","R1"
42,505,8,132.862212958324,44,3,3.499834362514,0.95322435841311,0.25,0.192251995475988,"MED LOW","R1"
43,509,2,133.102878009,44,2,2.49851375890726,0.95322435841311,0.25,0.196075140419363,"MED LOW","R1"
42,503,6,147.154372971122,45,4,4.49894749095533,1.00620266063836,0.25,0.503918383518396,"MED LOW","R1"
43,517,10,153.299956317014,45,3,3.50022651061992,1.00620266063836,0.25,0.65467423658471,"MED LOW","R1"
44,528,10,127.020227287962,45,2,2.50034780844889,1.00620266063836,0.25,0.116233288532548,"MED LOW","R1"
42,505,8,155.156559423627,46,5,5.49974950463015,1.00253959887599,0.25,0.695964647489055,"MED LOW","R1"
43,517,10,171.382989101853,46,4,4.49981563578879,1.00253959887599,0.25,0.922417988488186,"MED LOW","R1"
44,528,10,148.731247412296,46,3,3.49933599351828,1.00253959887599,0.25,0.543831616665575,"MED LOW","R1"
44,522,4,157.827436111251,47,4,4.49958178268413,0.86172822069738,0.25,0.750135548071874,"MED LOW","R1"
45,531,3,153.91118401183,47,3,3.49971560178003,0.86172822069738,0.25,0.668566559774303,"MED LOW","R1"
45,534,6,168.105114956311,47,3,3.49915649446025,0.86172822069738,0.25,0.894998980729006,"MED LOW","R1"
45,537,9,152.950386286777,47,3,3.49888352228946,0.86172822069738,0.25,0.646606756469794,"MED LOW","R1"
45,539,11,136.865404218221,47,3,3.5011429713835,0.86172822069738,0.25,0.26328003510472,"MED LOW","R1"
46,541,2,137.552663332086,47,2,2.49873599756866,0.86172822069738,0.25,0.277036281101772,"MED LOW","R1"
45,531,3,172.163843081599,48,4,4.50117552080988,0.896201155917241,0.25,0.927905012007499,"MED LOW","R1"
45,539,11,150.661190870599,48,4,4.5004655971104,0.896201155917241,0.25,0.591876800497653,"MED LOW","R1"
46,541,2,163.557494185511,48,3,3.50061674285819,0.896201155917241,0.25,0.843053014579678,"MED LOW","R1"
47,553,4,123.090147113948,48,2,2.49925024516135,0.896201155917241,0.25,0.0810903204694625,"MED LOW","R1"
48,558,2,105.785164557502,48,1,1.50046323156535,0.896201155917241,0.25,0.0149992784698795,"MED LOW","R1"
45,531,3,186.534831633391,49,5,5.49976106752297,0.882303266812455,0.25,0.982260547681837,"MED LOW","R1"
46,546,7,152.246509211369,49,4,4.50081475192706,0.882303266812455,0.25,0.630110423340366,"MED LOW","R1"
46,549,10,153.088721091875,49,4,4.49959556803187,0.882303266812455,0.25,0.649809587417854,"MED LOW","R1"
48,561,5,131.314147189513,49,2,2.49971154985101,0.882303266812455,0.25,0.169015327201076,"MED LOW","R1"
47,554,5,153.344711876432,50,4,4.50016827227406,1.32258064516129,0.25,0.655700833353935,"MED LOW","R1"
48,557,1,154.341164000235,50,3,3.50026313951953,1.32258064516129,0.25,0.678168102139816,"MED LOW","R1"
48,558,2,164.510305069415,50,3,3.4984933415613,1.32258064516129,0.25,0.855432779623186,"MED LOW","R1"
48,561,5,154.733414121997,50,3,3.50022458294228,1.32258064516129,0.25,0.686798013610235,"MED LOW","R1"
49,574,9,125.707589548037,50,2,2.49883459047557,1.32258064516129,0.25,0.103227299780858,"MED LOW","R1"
48,557,1,172.713579884887,51,4,4.50067832339455,1.32258064516129,0.25,0.931550931855987,"MED LOW","R1"
49,569,4,146.348314527129,51,3,3.50046199470147,1.32258064516129,0.25,0.483464238449414,"MED LOW","R1"
49,570,5,163.690376338113,51,3,3.49904577952115,1.32258064516129,0.25,0.844829931256986,"MED LOW","R1"
49,571,6,142.781489743062,51,3,3.50091576861064,1.32258064516129,0.25,0.394528674814807,"MED LOW","R1"
50,579,5,130.938993314482,51,2,2.50040865151036,1.32258064516129,0.25,0.163732818765565,"MED LOW","R1"
48,557,1,187.196567473164,52,5,5.49848389532114,1.32258064516129,0.25,0.983394119682994,"MED LOW","R1"
49,569,4,162.553024872147,52,4,4.50237922256964,1.32258064516129,0.25,0.829082064376183,"MED LOW","R1"
49,571,6,158.059151866142,52,4,4.49979135242946,1.32258064516129,0.25,0.754519201003077,"MED LOW","R1"
50,577,3,143.722225564105,52,3,3.49914101766806,1.32258064516129,0.25,0.417559439254768,"MED LOW","R1"
50,579,5,154.206677298031,52,3,3.50013321449911,1.32258064516129,0.25,0.675180646656383,"MED LOW","R1"
50,583,9,136.545491880197,52,3,3.49944935485989,1.32258064516129,0.25,0.257028430464576,"MED LOW","R1"
51,594,10,127.484055744485,52,2,2.50166040050947,1.32258064516129,0.25,0.121159002198257,"MED LOW","R1"
50,577,3,159.241953647745,53,4,4.49977001599898,1.32258064516129,0.25,0.776077898998636,"MED LOW","R1"
51,585,1,143.782133519365,53,3,3.49985203251722,1.32258064516129,0.25,0.419039486119906,"MED LOW","R1"
51,587,3,157.730888134333,53,3,3.49907985389225,1.32258064516129,0.25,0.748293696297171,"MED LOW","R1"
51,594,10,149.376767901443,53,3,3.500880877974,1.32258064516129,0.25,0.560038645400974,"MED LOW","R1"
50,577,3,171.096451815699,54,5,5.49921767158659,1.32258064516129,0.25,0.920310264467432,"MED LOW","R1"
50,583,9,160.502860436697,54,5,5.49987145794403,1.32258064516129,0.25,0.797538043617007,"MED LOW","R1"
51,587,3,177.059780667743,54,4,4.49713911486952,1.32258064516129,0.25,0.954870561908373,"MED LOW","R1"
51,588,4,161.450762620982,54,4,4.50104749957547,1.32258064516129,0.25,0.812634517826694,"MED LOW","R1"
51,592,8,154.894845084511,54,4,4.50099799175354,1.32258064516129,0.25,0.690312870045472,"MED LOW","R1"
51,594,10,166.388212860421,54,4,4.50128411109936,1.32258064516129,0.25,0.877453280176151,"MED LOW","R1"
52,600,5,165.720582346417,54,3,3.49923923496036,1.32258064516129,0.25,0.869975850457995,"MED LOW","R1"
52,604,9,141.63079742712,54,3,3.50051477716459,1.32258064516129,0.25,0.366990862262611,"MED LOW","R1"
52,605,10,135.687050147599,54,3,3.49827061452334,1.32258064516129,0.25,0.240739278802479,"MED LOW","R1"
53,610,4,113.046667327211,54,2,2.49967867616481,1.32258064516129,0.25,0.030847608853263,"MED LOW","R1"
51,592,8,165.953631492747,55,5,5.4978659003276,1.32258064516129,0.25,0.872629098029554,"MED LOW","R1"
51,594,10,179.606733138656,55,5,5.50048430092921,1.32258064516129,0.25,0.96479199895122,"MED LOW","R1"
52,598,3,149.494089987877,55,4,4.49897753890523,1.32258064516129,0.25,0.562971572349699,"MED LOW","R1"
52,605,10,149.196075957515,55,4,4.49746443022423,1.32258064516129,0.25,0.55551339817328,"MED LOW","R1"
53,608,2,138.298636564853,55,3,3.49947099125779,1.32258064516129,0.25,0.292459199870167,"MED LOW","R1"
53,617,11,156.667403311941,55,3,3.50138060347541,1.32258064516129,0.25,0.727416544896338,"MED LOW","R1"
52,605,10,159.251324073344,56,5,5.49986728253823,1.32258064516129,0.25,0.776243191085744,"MED LOW","R1"
53,609,3,158.300202960435,56,4,4.50095950045386,1.32258064516129,0.25,0.759024078862934,"MED LOW","R1"
53,610,4,141.687059827599,56,4,4.49824578029276,1.32258064516129,0.25,0.368318920049586,"MED LOW","R1"
54,618,1,144.802678004912,56,3,3.50197445547131,1.32258064516129,0.25,0.444455363636826,"MED LOW","R1"
54,619,2,152.391194152115,56,3,3.50097163510923,1.32258064516129,0.25,0.633527695411369,"MED LOW","R1"
54,623,6,150.341355757355,56,3,3.49923976157168,1.32258064516129,0.25,0.584009735996408,"MED LOW","R1"
54,618,1,160.602582816132,57,4,4.50072275056236,1.32258064516129,0.25,0.799168022388525,"MED LOW","R1"
54,619,2,170.223358613109,57,4,4.4999506578737,1.32258064516129,0.25,0.913561920123482,"MED LOW","R1"
54,623,6,167.613507040123,57,4,4.49820883682708,1.32258064516129,0.25,0.890214931786875,"MED LOW","R1"
54,627,10,169.605910186605,57,4,4.49952164597858,1.32258064516129,0.25,0.908481370689999,"MED LOW","R1"
55,635,8,155.754848225715,57,3,3.50005838413897,1.32258064516129,0.25,0.708663235592056,"MED LOW","R1"
55,637,10,147.947629970109,57,3,3.49977047526281,1.32258064516129,0.25,0.524035242194762,"MED LOW","R1"
53,610,4,156.906408888971,58,6,6.49940306010075,1.32258064516129,0.25,0.732201566774593,"MED LOW","R1"
55,635,8,174.523496333717,58,4,4.50072709812605,1.32258064516129,0.25,0.942379304377183,"MED LOW","R1"
56,639,2,164.61149883491,58,3,3.49777482550459,1.32258064516129,0.25,0.856698760453636,"MED LOW","R1"
57,655,8,124.94504109314,58,2,2.50131248381029,1.32258064516129,0.25,0.0962770875852161,"MED LOW","R1"
57,648,1,141.322341305689,59,3,3.50034610209885,1.32258064516129,0.25,0.359746127528434,"MED LOW","R1"
58,659,2,120.967185393224,59,2,2.50231184391643,1.32258064516129,0.25,0.0664110002897589,"MED LOW","R1"
57,648,1,156.228016411933,60,4,4.49930332174779,1.32258064516129,0.25,0.718481634237475,"MED LOW","R1"
57,656,9,158.995757671531,60,4,4.49994368179333,1.32258064516129,0.25,0.771703962151538,"MED LOW","R1"
58,661,4,149.710977870936,60,3,3.49961331470792,1.32258064516129,0.25,0.568381813912331,"MED LOW","R1"
58,666,9,145.839917377571,60,3,3.50186855100122,1.32258064516129,0.25,0.470587509723016,"MED LOW","R1"
57,648,1,167.528070356703,61,5,5.49864310393124,1.32258064516129,0.25,0.889364270007322,"MED LOW","R1"
58,659,2,155.035999046587,61,4,4.49947481795349,1.32258064516129,0.25,0.69336832875524,"MED LOW","R1"
59,668,1,157.352510839076,61,3,3.50059176167778,1.32258064516129,0.25,0.740988961874017,"MED LOW","R1"
59,669,2,159.544537885244,61,3,3.5016515856769,1.32258064516129,0.25,0.781371500551049,"MED LOW","R1"
59,678,11,150.548100387463,61,3,3.49960134420333,1.32258064516129,0.25,0.589100241863597,"MED LOW","R1"
59,668,1,176.573550984848,62,4,4.50105253380459,1.32258064516129,0.25,0.952694736923866,"MED LOW","R1"
60,683,5,153.112005970936,62,3,3.49864617919509,1.32258064516129,0.25,0.650347380142122,"MED LOW","R1"
60,685,7,152.893222378014,62,3,3.50013767525546,1.32258064516129,0.25,0.64527938206774,"MED LOW","R1"
60,686,8,148.092886453607,62,3,3.50173753216299,1.32258064516129,0.25,0.527712411187662,"MED LOW","R1"
60,679,1,163.029991015029,63,4,4.49860381448485,1.32258064516129,0.25,0.835835536644893,"MED LOW","R1"
60,684,6,165.485327001128,63,4,4.49939559488672,1.32258064516129,0.25,0.867249953229081,"MED LOW","R1"
61,690,3,151.543211802666,63,3,3.49859440765306,1.32258064516129,0.25,0.613318519133341,"MED LOW","R1"
61,691,4,154.806323994346,63,3,3.49908909092755,1.32258064516129,0.25,0.688388179096941,"MED LOW","R1"
61,695,8,146.152637940551,63,3,3.4995526737862,1.32258064516129,0.25,0.478504586037383,"MED LOW","R1"
60,679,1,175.598917870447,64,5,5.4985003703353,1.32258064516129,0.25,0.948029834368728,"MED LOW","R1"
61,692,5,152.08213665521,64,4,4.50011808918544,1.32258064516129,0.25,0.626212290901618,"MED LOW","R1"
62,697,2,173.962740825985,65,4,4.49921674871499,1.32258064516129,0.25,0.939208710495049,"MED LOW","R1"
63,705,1,157.62171666723,65,3,3.49906793241077,1.32258064516129,0.25,0.746200199318178,"MED LOW","R1"
63,706,2,151.15227203149,65,3,3.49989221850893,1.32258064516129,0.25,0.603863673603781,"MED LOW","R1"
63,715,11,154.534550805022,65,3,3.49903253283693,1.32258064516129,0.25,0.682438489621353,"MED LOW","R1"
64,725,10,113.966434291027,65,2,2.50016721934343,1.32258064516129,0.25,0.0337651896497305,"MED LOW","R1"
63,708,4,166.555549644579,66,4,4.50007406983392,1.32258064516129,0.25,0.879268524413605,"MED LOW","R1"
63,715,11,172.960943860964,66,4,4.49980461049458,1.32258064516129,0.25,0.933135134590533,"MED LOW","R1"
64,719,4,132.085242498113,66,3,3.50064644676786,1.32258064516129,0.25,0.180297854686392,"MED LOW","R1"
64,721,6,161.061754587514,66,3,3.50191635389515,1.32258064516129,0.25,0.806546345767529,"MED LOW","R1"
64,725,10,130.850394525431,66,3,3.50155708883682,1.32258064516129,0.25,0.162504818426164,"MED LOW","R1"
65,727,1,119.357015094696,66,2,2.50033241551843,1.32258064516129,0.25,0.056965448271669,"MED LOW","R1"
65,729,3,138.905760269108,66,2,2.49909306964876,1.32258064516129,0.25,0.305375888629346,"MED LOW","R1"
63,715,11,187.494457350525,67,5,5.50032590111252,1.32258064516129,0.25,0.983880878204615,"MED LOW","R1"
64,721,6,181.351773117025,67,4,4.50003906437999,1.32258064516129,0.25,0.97033913786255,"MED LOW","R1"
64,722,7,145.465075341864,67,4,4.49851478395234,1.32258064516129,0.25,0.461117526871677,"MED LOW","R1"
64,726,11,162.114930256179,67,4,4.50236990209049,1.32258064516129,0.25,0.822686349577936,"MED LOW","R1"
65,729,3,165.487402799274,67,3,3.5013041562063,1.32258064516129,0.25,0.86727421570027,"MED LOW","R1"
66,737,2,148.933051229997,68,3,3.50131483750355,1.32258064516129,0.25,0.548909918738089,"MED LOW","R1"
66,739,4,159.562014620984,68,3,3.49917218721056,1.32258064516129,0.25,0.781674479410307,"MED LOW","R1"
66,740,5,152.855196221848,68,3,3.50062865238784,1.32258064516129,0.25,0.644395153918541,"MED LOW","R1"
66,739,4,179.416686454187,69,4,4.50050621475705,1.32258064516129,0.25,0.964130637469895,"MED LOW","R1"
66,740,5,170.815252018229,69,4,4.50026510938879,1.32258064516129,0.25,0.91819107633335,"MED LOW","R1"
66,741,6,156.186389094326,69,4,4.5001173105207,1.32258064516129,0.25,0.717625964910557,"MED LOW","R1"
68,755,1,116.825214383294,69,2,2.49981590860535,1.32258064516129,0.25,0.0446289197402733,"MED LOW","R1"
67,754,10,181.463271355492,70,4,4.50151732804509,1.32258064516129,0.25,0.970663230361674,"MED LOW","R1"
69,765,1,124.826141914731,70,2,2.49868666312769,1.32258064516129,0.25,0.0952318262541365,"MED LOW","R1"
69,768,4,135.082335455198,70,2,2.49903891749824,1.32258064516129,0.25,0.229695950123173,"MED LOW","R1"
68,758,4,165.350418971386,71,4,4.50091435481553,1.32258064516129,0.25,0.86566504288494,"MED LOW","R1"
68,763,9,148.264816098853,71,4,4.49962329304614,1.32258064516129,0.25,0.532060897452711,"MED LOW","R1"
69,771,7,145.114272061701,71,3,3.49805203511544,1.32258064516129,0.25,0.452280076160932,"MED LOW","R1"
69,773,9,157.539981875648,71,3,3.50005196833436,1.32258064516129,0.25,0.744625332271503,"MED LOW","R1"
70,782,8,152.39713728801,72,3,3.50128403772898,1.32258064516129,0.25,0.633667780523354,"MED LOW","R1"
70,775,1,155.698333885608,73,4,4.50055927917954,1.32258064516129,0.25,0.7074771459221,"MED LOW","R1"
71,790,7,144.915612119695,73,3,3.49970076877291,1.32258064516129,0.25,0.44728837784318,"MED LOW","R1"
71,793,10,152.511078473815,73,3,3.50029070568139,1.32258064516129,0.25,0.636349085059526,"MED LOW","R1"
71,787,4,164.305361955496,74,4,4.49818881242268,1.32258064516129,0.25,0.852840380947434,"MED LOW","R1"
71,793,10,170.376246487522,74,4,4.50034755919154,1.32258064516129,0.25,0.914779879734347,"MED LOW","R1"
72,794,1,151.342994880317,74,3,3.50056901643025,1.32258064516129,0.25,0.608486469393854,"MED LOW","R1"
72,800,7,153.501010453469,74,3,3.49907310953088,1.32258064516129,0.25,0.65927455264855,"MED LOW","R1"
72,801,8,142.49793171589,74,3,3.50075251349111,1.32258064516129,0.25,0.387672656103247,"MED LOW","R1"
73,811,10,134.441716372864,74,2,2.50098821344055,1.32258064516129,0.25,0.218390176148354,"MED LOW","R1"
71,787,4,177.119200317979,75,5,5.49849756525982,1.32258064516129,0.25,0.955129829116753,"MED LOW","R1"
72,794,1,168.88777713402,75,4,4.49973090466746,1.32258064516129,0.25,0.902235855252215,"MED LOW","R1"
72,801,8,157.702974014446,75,4,4.50035611979293,1.32258064516129,0.25,0.747759500935179,"MED LOW","R1"
73,804,3,152.335695795728,75,3,3.49991441188103,1.32258064516129,0.25,0.632218461673556,"MED LOW","R1"
73,810,9,141.838827921188,75,3,3.50061818101311,1.32258064516129,0.25,0.371911285065729,"MED LOW","R1"
72,794,1,182.599614268611,76,5,5.49969378249106,1.32258064516129,0.25,0.973776184829133,"MED LOW","R1"
73,805,4,161.208324759441,76,4,4.50063500657094,1.32258064516129,0.25,0.80885772783611,"MED LOW","R1"
75,823,3,130.730425404652,76,2,2.49968456481537,1.32258064516129,0.25,0.160853862240091,"MED LOW","R1"
75,825,5,116.559599179716,76,2,2.50065315648061,1.32258064516129,0.25,0.0434930749249631,"MED LOW","R1"
73,805,4,173.431249624767,77,5,5.49870532451694,1.32258064516129,0.25,0.936053608154077,"MED LOW","R1"
73,807,6,172.676676946484,77,5,5.4985352365561,1.32258064516129,0.25,0.931311632270139,"MED LOW","R1"
74,817,6,157.766683944156,77,4,4.501719765895,1.32258064516129,0.25,0.748977624826294,"MED LOW","R1"
75,823,3,153.914029099513,77,3,3.50126692740944,1.32258064516129,0.25,0.668630565679105,"MED LOW","R1"
75,824,4,145.582304242815,77,3,3.50085500524338,1.32258064516129,0.25,0.464076498838831,"MED LOW","R1"
76,831,4,117.957017943983,77,2,2.49908586052209,1.32258064516129,0.25,0.0497931132757994,"MED LOW","R1"
76,834,7,123.704607541427,77,2,2.49905628443734,1.32258064516129,0.25,0.085862281145006,"MED LOW","R1"
73,805,4,182.812586092598,78,6,6.49938865515858,1.32258064516129,0.25,0.974322745524648,"MED LOW","R1"
75,823,3,172.167479408825,78,4,4.4991871777907,1.32258064516129,0.25,0.927929706920535,"MED LOW","R1"
75,825,5,147.546891520654,78,4,4.49985572749741,1.32258064516129,0.25,0.513878233552858,"MED LOW","R1"
77,844,8,123.734128336762,78,2,2.49992820263613,1.32258064516129,0.25,0.0860978325861399,"MED LOW","R1"
73,805,4,190.012947290295,79,7,7.4984515970417,1.32258064516129,0.25,0.987472307366614,"MED LOW","R1"
73,807,6,189.059820751011,79,7,7.50017608964828,1.32258064516129,0.25,0.9862169073114,"MED LOW","R1"
77,837,1,149.692283036524,79,3,3.50054295783852,1.32258064516129,0.25,0.567916096649982,"MED LOW","R1"
77,842,6,142.815456745078,79,3,3.49990189376391,1.32258064516129,0.25,0.395352796802799,"MED LOW","R1"
77,843,7,149.966775528086,79,3,3.50093526555184,1.32258064516129,0.25,0.574741651765778,"MED LOW","R1"
78,846,1,130.984069512507,79,2,2.50053659987716,1.32258064516129,0.25,0.16436044452799,"MED LOW","R1"
78,848,3,128.896410445506,79,2,2.49882244810281,1.32258064516129,0.25,0.137276096998279,"MED LOW","R1"
78,854,9,129.884278795723,79,2,2.49979071954812,1.32258064516129,0.25,0.149592605662845,"MED LOW","R1"
78,858,13,127.72127467448,79,2,2.50110174705328,1.32258064516129,0.25,0.123747093770429,"MED LOW","R1"
76,831,4,160.082391919005,80,5,5.50026723945132,1.32258064516129,0.25,0.790557038888509,"MED LOW","R1"
77,837,1,166.788805630987,80,4,4.50026243466265,1.32258064516129,0.25,0.881760109709181,"MED LOW","R1"
78,846,1,154.269943233103,80,3,3.50160655277269,1.32258064516129,0.25,0.676587816290134,"MED LOW","R1"
78,848,3,151.346609026655,80,3,3.5007361702379,1.32258064516129,0.25,0.608573885347846,"MED LOW","R1"
78,850,5,156.563620702995,80,3,3.50018697453813,1.32258064516129,0.25,0.72532219250925,"MED LOW","R1"
78,854,9,152.728188792322,80,3,3.49852066940691,1.32258064516129,0.25,0.641434708785421,"MED LOW","R1"
78,858,13,149.70717694434,80,3,3.49944100350596,1.32258064516129,0.25,0.568287136711865,"MED LOW","R1"
78,846,1,172.622498397405,81,4,4.50056960631026,1.32258064516129,0.25,0.930958903662006,"MED LOW","R1"
78,848,3,168.892378513856,81,4,4.49809824502371,1.32258064516129,0.25,0.902277056533321,"MED LOW","R1"
78,856,11,156.692003381984,81,4,4.4986399884696,1.32258064516129,0.25,0.727911512446587,"MED LOW","R1"
79,866,8,145.904899951837,81,3,3.49973806212365,1.32258064516129,0.25,0.472231573885491,"MED LOW","R1"
80,871,3,127.064829524034,81,2,2.49774367913046,1.32258064516129,0.25,0.116699286515457,"MED LOW","R1"
80,876,8,139.812272020854,81,2,2.5011069122909,1.32258064516129,0.25,0.325241444558969,"MED LOW","R1"
79,866,8,161.992998453504,82,4,4.50206996006684,1.32258064516129,0.25,0.82087321153229,"MED LOW","R1"
80,869,1,143.035494861378,82,3,3.50086398197475,1.32258064516129,0.25,0.400705680071049,"MED LOW","R1"
80,871,3,148.793291404445,82,3,3.50071663542681,1.32258064516129,0.25,0.545393946023226,"MED LOW","R1"
80,873,5,160.774891520612,82,3,3.50036453945476,1.32258064516129,0.25,0.801961238812739,"MED LOW","R1"
80,876,8,166.783518478263,82,3,3.49910882760039,1.32258064516129,0.25,0.881704130097328,"MED LOW","R1"
80,878,10,140.630690208413,82,3,3.50054010613739,1.32258064516129,0.25,0.34373556079376,"MED LOW","R1"
80,876,8,188.773161881601,83,4,4.50088254543813,1.32258064516129,0.25,0.985815627091764,"MED LOW","R1"
81,884,6,150.718285814818,83,3,3.50084319316065,1.32258064516129,0.25,0.593276363169345,"MED LOW","R1"
82,889,3,129.919125666581,83,2,2.49983706615897,1.32258064516129,0.25,0.150043260261742,"MED LOW","R1"
82,892,6,123.537717184391,83,2,2.49920713324914,1.32258064516129,0.25,0.0845415861506119,"MED LOW","R1"
82,896,10,123.097496396754,83,2,2.49934126832982,1.32258064516129,0.25,0.0811459399743778,"MED LOW","R1"
80,878,10,166.504483186978,84,5,5.49954432128406,1.32258064516129,0.25,0.878717036217858,"MED LOW","R1"
81,884,6,168.092803610489,84,4,4.4996500956616,1.32258064516129,0.25,0.89488145293743,"MED LOW","R1"
81,886,8,175.563709155689,84,4,4.49880104389538,1.32258064516129,0.25,0.947853423023842,"MED LOW","R1"
82,889,3,152.776980414963,84,3,3.50039974241413,1.32258064516129,0.25,0.642573293773918,"MED LOW","R1"
82,891,5,164.562482895898,84,3,3.50094832979793,1.32258064516129,0.25,0.856086705083213,"MED LOW","R1"
82,892,6,143.906646853024,84,3,3.49978034596351,1.32258064516129,0.25,0.422120267845446,"MED LOW","R1"
80,878,10,174.933446410642,85,6,6.49971189611048,1.32258064516129,0.25,0.944598288371191,"MED LOW","R1"
81,884,6,181.646839407414,85,5,5.4990214479441,1.32258064516129,0.25,0.97118934081539,"MED LOW","R1"
82,889,3,170.71544877573,85,4,4.50106803356828,1.32258064516129,0.25,0.917426671331771,"MED LOW","R1"
82,891,5,185.885129392039,85,4,4.49912926572756,1.32258064516129,0.25,0.981073785116616,"MED LOW","R1"
82,896,10,158.710314685541,85,4,4.5015690650079,1.32258064516129,0.25,0.766557891246865,"MED LOW","R1"
83,899,2,156.145472232872,85,3,3.49934323760223,1.32258064516129,0.25,0.716783363897719,"MED LOW","R1"
83,901,4,155.254398803359,85,3,3.49917115540586,1.32258064516129,0.25,0.698062530849569,"MED LOW","R1"
83,903,6,166.450326868722,85,3,3.50092314074258,1.32258064516129,0.25,0.878129808197552,"MED LOW","R1"
83,906,9,154.889897335898,85,3,3.49950818837111,1.32258064516129,0.25,0.690205465458998,"MED LOW","R1"
85,919,1,98.5142291494764,85,1,1.50089835779363,1.32258064516129,0.25,0.0072255822821077,"MED LOW","R1"
83,899,2,175.0242795099,86,4,4.49973190091007,1.32258064516129,0.25,0.945078949347207,"MED LOW","R1"
84,909,2,145.08111106942,86,3,3.49816418071637,1.32258064516129,0.25,0.451446149436781,"MED LOW","R1"
84,912,5,137.944747034024,86,3,3.50101368516326,1.32258064516129,0.25,0.285079884501479,"MED LOW","R1"
84,915,8,165.903222447673,87,4,4.50021711769424,1.32258064516129,0.25,0.872059142382627,"MED LOW","R1"
84,918,11,162.870415652764,87,4,4.4993735991125,1.32258064516129,0.25,0.833600264640521,"MED LOW","R1"
85,919,1,147.570110904346,87,3,3.49815209738923,1.32258064516129,0.25,0.514467139755211,"MED LOW","R1"
85,924,6,148.117507309645,87,3,3.49908605675728,1.32258064516129,0.25,0.528335401422613,"MED LOW","R1"
86,930,3,132.537348055719,87,2,2.50012016431799,1.32258064516129,0.25,0.187181751094692,"MED LOW","R1"
87,943,4,97.0707541525075,87,1,1.49987139094789,1.32258064516129,0.25,0.00624670353969734,"MED LOW","R1"
85,924,6,164.791327692047,88,4,4.50022483387973,1.32258064516129,0.25,0.858925711936413,"MED LOW","R1"
86,935,8,155.314391905351,88,3,3.50056451457088,1.32258064516129,0.25,0.699344838513413,"MED LOW","R1"
87,940,1,119.41547118865,88,2,2.49840170959954,1.32258064516129,0.25,0.0572851284266796,"MED LOW","R1"
87,945,6,127.846202275129,88,2,2.49895368916247,1.32258064516129,0.25,0.125129065648678,"MED LOW","R1"
87,946,7,135.915609953415,88,2,2.50032051168352,1.32258064516129,0.25,0.245006483807879,"MED LOW","R1"
85,924,6,177.6990638603,89,5,5.50022695598302,1.32258064516129,0.25,0.957586484796706,"MED LOW","R1"
86,928,1,160.694966956199,89,4,4.4997188424065,1.32258064516129,0.25,0.800669271496062,"MED LOW","R1"
86,929,2,144.762075960592,89,4,4.4996333738207,1.32258064516129,0.25,0.443437711088746,"MED LOW","R1"
86,938,11,173.760985418492,89,4,4.49841518144389,1.32258064516129,0.25,0.93802854491235,"MED LOW","R1"
87,945,6,149.881253983216,89,3,3.49932233247277,1.32258064516129,0.25,0.572617992511349,"MED LOW","R1"
87,947,8,150.272574348123,90,4,4.50160725300743,1.32258064516129,0.25,0.582312149207876,"MED LOW","R1"
87,951,12,148.537887338428,90,4,4.50144352168298,1.32258064516129,0.25,0.53895721947222,"MED LOW","R1"
88,952,1,154.441821842275,90,3,3.50013814382479,1.32258064516129,0.25,0.680394612741058,"MED LOW","R1"
88,955,4,136.979188856286,90,3,3.49890974142602,1.32258064516129,0.25,0.265526983222058,"MED LOW","R1"
88,960,9,151.684848549745,90,3,3.50036681243427,1.32258064516129,0.25,0.616723426748805,"MED LOW","R1"
88,962,11,158.759951768516,90,3,3.49884806569322,1.32258064516129,0.25,0.767458530797614,"MED LOW","R1"
89,967,5,128.057537466084,90,2,2.50211924871727,1.32258064516129,0.25,0.127496997786173,"MED LOW","R1"
86,929,2,160.911042100108,91,6,6.50131684815076,1.32258064516129,0.25,0.80414754850099,"MED LOW","R1"
87,951,12,158.480150460284,91,5,5.49999043296924,1.32258064516129,0.25,0.762350039507945,"MED LOW","R1"
88,955,4,150.802814307248,91,4,4.49982532215134,1.32258064516129,0.25,0.595345617869711,"MED LOW","R1"
88,960,9,169.323122725655,91,4,4.50016703107807,1.32258064516129,0.25,0.906066000414253,"MED LOW","R1"
89,967,5,150.175846936751,91,3,3.50003914855257,1.32258064516129,0.25,0.57992153472798,"MED LOW","R1"
90,975,2,137.688477299471,91,2,2.49916462537407,1.32258064516129,0.25,0.279806617879112,"MED LOW","R1"
87,951,12,165.867419866725,92,6,6.50029783627614,1.32258064516129,0.25,0.871653015828606,"MED LOW","R1"
89,968,6,152.130777490929,92,4,4.49875591419387,1.32258064516129,0.25,0.627367553445906,"MED LOW","R1"
89,969,7,149.936183980872,92,4,4.50164746841232,1.32258064516129,0.25,0.573982319233562,"MED LOW","R1"
90,974,1,135.333946700874,92,3,3.50063774466636,1.32258064516129,0.25,0.234247252737445,"MED LOW","R1"
89,969,7,160.119204827471,93,5,5.50043984442936,1.32258064516129,0.25,0.791175242831739,"MED LOW","R1"
90,974,1,148.757589325498,93,4,4.50115114470153,1.32258064516129,0.25,0.544495039385454,"MED LOW","R1"
90,982,9,155.169216766377,93,4,4.50009264418123,1.32258064516129,0.25,0.696236509764254,"MED LOW","R1"
91,986,3,139.086985206373,93,3,3.49981764915125,1.32258064516129,0.25,0.309292882326491,"MED LOW","R1"
91,987,4,149.414741996994,93,3,3.49951738440876,1.32258064516129,0.25,0.560988426379067,"MED LOW","R1"
91,991,8,147.576358283188,93,3,3.49966814484306,1.32258064516129,0.25,0.514625583344216,"MED LOW","R1"
91,992,9,149.819139259118,93,3,3.50054463336022,1.32258064516129,0.25,0.57107388388951,"MED LOW","R1"
92,1000,7,119.825858102284,93,2,2.50011537696397,1.32258064516129,0.25,0.0595772755119769,"MED LOW","R1"
90,974,1,158.73749900653,94,5,5.49937911885233,1.32258064516129,0.25,0.767051437123557,"MED LOW","R1"
91,991,8,164.106040038328,94,4,4.49972544377796,1.32258064516129,0.25,0.850282305384515,"MED LOW","R1"
91,992,9,166.949922777057,94,4,4.49902564255791,1.32258064516129,0.25,0.883455022664291,"MED LOW","R1"
92,1000,7,138.807567187284,94,3,3.50013222506801,1.32258064516129,0.25,0.303265197970227,"MED LOW","R1"
93,1012,10,118.505524954197,94,2,2.5004454496629,1.32258064516129,0.25,0.052495122303608,"MED LOW","R1"
92,994,1,162.080401014352,95,4,4.50039297681246,1.32258064516129,0.25,0.822174362253552,"MED LOW","R1"
93,1009,7,151.349028162055,95,3,3.49877807528658,1.32258064516129,0.25,0.608632393483912,"MED LOW","R1"
93,1011,9,149.265489535595,96,4,4.50019300042245,1.32258064516129,0.25,0.557252922578526,"MED LOW","R1"
93,1012,10,150.8345051769,96,4,4.50132407203188,1.32258064516129,0.25,0.596120540842688,"MED LOW","R1"
94,1022,8,159.846781459731,96,3,3.50102781607275,1.32258064516129,0.25,0.786568567743051,"MED LOW","R1"
95,1027,4,124.146018001246,96,2,2.49809083865896,1.32258064516129,0.25,0.0894459154283409,"MED LOW","R1"
95,1030,7,150.501708069847,97,3,3.50039359876167,1.32258064516129,0.25,0.587959579215172,"MED LOW","R1"
96,1036,4,126.844168278161,97,2,2.49917805350121,1.32258064516129,0.25,0.114409601266614,"MED LOW","R1"
95,1030,7,167.817374095609,98,4,4.49982170946214,1.32258064516129,0.25,0.89222162337573,"MED LOW","R1"
97,1042,1,128.742989846072,98,2,2.500217866841,1.32258064516129,0.25,0.135441674746776,"MED LOW","R1"
97,1045,4,131.643169341679,98,2,2.50118097313684,1.32258064516129,0.25,0.173759240113035,"MED LOW","R1"
97,1045,4,155.195745834784,99,3,3.50054261623527,1.32258064516129,0.25,0.696805872669437,"MED LOW","R1"
97,1050,9,158.234523039753,99,3,3.4993943553732,1.32258064516129,0.25,0.757802235335992,"MED LOW","R1"
98,1053,3,129.425833825664,99,2,2.5008020714971,1.32258064516129,0.25,0.143767210295853,"MED LOW","R1"
