"cohort","uni_ind","ind","fish_size","Year","Age","AgeE","FMORT","M","Sel","FSIM","REG"
1,7,7,137.856239145342,3,3,3.50083652241416,0,0.25,0.283251911636138,"HIGH LOW","R1"
2,17,6,128.950485736758,3,2,2.49971019197107,0,0.25,0.137927627642013,"HIGH LOW","R1"
2,19,8,126.229853475334,3,2,2.50056663329188,0,0.25,0.108240354617152,"HIGH LOW","R1"
1,2,2,142.800612727882,4,4,4.49765075396535,0,0.25,0.394992571429707,"HIGH LOW","R1"
1,8,8,165.593022509519,4,4,4.50049587947807,0,0.25,0.868503776409315,"HIGH LOW","R1"
1,9,9,157.604019454071,4,4,4.49986060798163,0,0.25,0.745859753401461,"HIGH LOW","R1"
1,11,11,163.412708877458,4,4,4.50074610905212,0,0.25,0.841098113648981,"HIGH LOW","R1"
2,12,1,153.02339767988,4,3,3.50050398812785,0,0.25,0.648298832817579,"HIGH LOW","R1"
1,2,2,151.783890186489,5,5,5.49992028426242,0,0.25,0.61909759763368,"HIGH LOW","R1"
1,4,4,158.429965688303,5,5,5.49977821613614,0,0.25,0.761425663446764,"HIGH LOW","R1"
1,9,9,169.155657871895,5,5,5.50002748731271,0,0.25,0.904608833564265,"HIGH LOW","R1"
2,12,1,171.029916718158,5,4,4.49718487793118,0,0.25,0.919813414529718,"HIGH LOW","R1"
2,17,6,168.98856688034,5,4,4.50017521928712,0,0.25,0.903134799650252,"HIGH LOW","R1"
2,19,8,164.177558456197,5,4,4.49939251251174,0,0.25,0.851204353489859,"HIGH LOW","R1"
3,23,1,143.711784062882,5,3,3.49963871569481,0,0.25,0.417301629452921,"HIGH LOW","R1"
3,24,2,144.601666981242,5,3,3.5005483152867,0,0.25,0.439421928877301,"HIGH LOW","R1"
3,33,11,154.381289963868,5,3,3.49946359336039,0,0.25,0.679056649851325,"HIGH LOW","R1"
1,2,2,158.353297650063,6,6,6.49963262185965,0,0.25,0.760008719584702,"HIGH LOW","R1"
1,4,4,165.810930639044,6,6,6.49917911505589,0,0.25,0.871009994994113,"HIGH LOW","R1"
3,26,4,160.727136337048,6,4,4.49990272124615,0,0.25,0.801190043944849,"HIGH LOW","R1"
3,33,11,172.764899713931,6,4,4.49987307897525,0,0.25,0.931882434842963,"HIGH LOW","R1"
4,36,2,133.900023580406,6,3,3.49938829962476,0,0.25,0.209147494625554,"HIGH LOW","R1"
4,39,5,164.933823550704,6,3,3.50197082818061,0,0.25,0.860669739393335,"HIGH LOW","R1"
4,46,12,158.104196839118,6,3,3.50100618577039,0,0.25,0.755365322468997,"HIGH LOW","R1"
5,50,2,141.225888750336,6,2,2.49965596632093,0,0.25,0.357493615734004,"HIGH LOW","R1"
3,23,1,171.080870102175,7,5,5.49805652370265,0,0.25,0.920194160992732,"HIGH LOW","R1"
3,26,4,172.859417453637,7,5,5.49928038539563,0,0.25,0.932489085328853,"HIGH LOW","R1"
3,33,11,187.258363127042,7,5,5.5012875593438,0,0.25,0.983496268981113,"HIGH LOW","R1"
4,37,3,160.41494684744,7,4,4.49985410574762,0,0.25,0.796092911767675,"HIGH LOW","R1"
4,45,11,148.265368322675,7,4,4.50094881774329,0,0.25,0.532074856944186,"HIGH LOW","R1"
4,46,12,177.539763464558,7,4,4.49894981845121,0,0.25,0.956924694567502,"HIGH LOW","R1"
5,49,1,155.059784135292,7,3,3.50016633181603,0,0.25,0.693881529617673,"HIGH LOW","R1"
5,50,2,168.809736994519,7,3,3.5005360435065,0,0.25,0.901534712610634,"HIGH LOW","R1"
5,56,8,139.999827152021,7,3,3.50078097221188,0,0.25,0.329434420095644,"HIGH LOW","R1"
6,62,1,125.565360562625,7,2,2.49982323984668,0,0.25,0.101898128881265,"HIGH LOW","R1"
3,23,1,180.133580346216,8,6,6.50035089561373,0,0.25,0.96656454529421,"HIGH LOW","R1"
3,26,4,182.1602867753,8,6,6.5009426128264,0,0.25,0.972612726501289,"HIGH LOW","R1"
3,33,11,198.684872096885,8,6,6.49960365967826,0,0.25,0.994767854639184,"HIGH LOW","R1"
4,36,2,156.6567144767,8,5,5.499637456565,0,0.25,0.727201304012078,"HIGH LOW","R1"
4,45,11,158.161028734168,8,5,5.50163322800866,0,0.25,0.756430031856297,"HIGH LOW","R1"
4,46,12,193.023025299175,8,5,5.50030220272417,0,0.25,0.990740726009521,"HIGH LOW","R1"
5,52,4,159.261955348899,8,4,4.4993264293495,0,0.25,0.776430619088428,"HIGH LOW","R1"
5,57,9,177.822586226837,8,4,4.49944181104004,0,0.25,0.958092940611954,"HIGH LOW","R1"
5,61,13,174.047363146362,8,4,4.49954514940141,0,0.25,0.939697424190442,"HIGH LOW","R1"
6,62,1,146.710953581495,8,3,3.49952726199711,0,0.25,0.492663633949248,"HIGH LOW","R1"
6,63,2,148.15635985337,8,3,3.50314613959605,0,0.25,0.529318320821627,"HIGH LOW","R1"
6,64,3,151.907399722581,8,3,3.49942582991297,0,0.25,0.622050329830063,"HIGH LOW","R1"
6,65,4,148.017393605306,8,3,3.50025911374558,0,0.25,0.52580165908214,"HIGH LOW","R1"
6,71,10,151.232685944628,8,3,3.50161660615339,0,0.25,0.605815084799336,"HIGH LOW","R1"
3,23,1,187.048125324316,9,7,7.50282321324009,0,0.25,0.983146195617566,"HIGH LOW","R1"
3,33,11,207.693423297959,9,7,7.50060074609246,0,0.25,0.997897131082464,"HIGH LOW","R1"
4,46,12,205.357700261803,9,6,6.50101603969957,0,0.25,0.997335832995654,"HIGH LOW","R1"
5,52,4,171.120174575944,9,5,5.50006981636147,0,0.25,0.92048673279791,"HIGH LOW","R1"
5,57,9,193.36540930314,9,5,5.49943098820169,0,0.25,0.991054246228439,"HIGH LOW","R1"
6,62,1,163.011319846815,9,4,4.49989736571876,0,0.25,0.83557524963883,"HIGH LOW","R1"
6,63,2,164.840550881975,9,4,4.5011106870178,0,0.25,0.85953021504092,"HIGH LOW","R1"
6,65,4,164.6645049002,9,4,4.49974025668704,0,0.25,0.857358198885694,"HIGH LOW","R1"
6,71,10,168.74734857138,9,4,4.49934591768735,0,0.25,0.900970972735607,"HIGH LOW","R1"
6,75,14,162.923585790763,9,4,4.49999343021305,0,0.25,0.834347745947485,"HIGH LOW","R1"
7,77,2,147.891792385734,9,3,3.50144769406374,0,0.25,0.522620997710982,"HIGH LOW","R1"
7,78,3,147.762297439419,9,3,3.49960631633248,0,0.25,0.519339814533696,"HIGH LOW","R1"
3,23,1,192.329519621194,10,8,8.49934355224864,0,0.25,0.990071954073979,"HIGH LOW","R1"
3,33,11,214.795679547576,10,8,8.49883247253976,0,0.25,0.998976452428266,"HIGH LOW","R1"
4,45,11,170.963342469894,10,7,7.49919089399617,0,0.25,0.919313443564515,"HIGH LOW","R1"
4,46,12,215.18406682841,10,7,7.50021960077962,0,0.25,0.999015990475059,"HIGH LOW","R1"
5,52,4,180.178334292025,10,6,6.49962030987334,0,0.25,0.966711084382867,"HIGH LOW","R1"
6,63,2,177.757815635912,10,5,5.499440526786,0,0.25,0.957828099140932,"HIGH LOW","R1"
6,65,4,177.5477058364,10,5,5.50013299115727,0,0.25,0.956957922313851,"HIGH LOW","R1"
6,71,10,182.431249575852,10,5,5.50078529781577,0,0.25,0.973336104865878,"HIGH LOW","R1"
6,75,14,175.472178764608,10,5,5.50046716636824,0,0.25,0.947392163815599,"HIGH LOW","R1"
7,77,2,164.505422532256,10,4,4.50040915168584,0,0.25,0.855371462417176,"HIGH LOW","R1"
7,82,7,168.373125475472,10,4,4.50160620706824,0,0.25,0.89752887743689,"HIGH LOW","R1"
8,87,1,145.39388678916,10,3,3.49787076575935,0,0.25,0.459321981080385,"HIGH LOW","R1"
8,88,2,139.234140284837,10,3,3.50135240909165,0,0.25,0.31249380215064,"HIGH LOW","R1"
8,92,6,155.371818117127,10,3,3.49930786774999,0,0.25,0.700569367439583,"HIGH LOW","R1"
8,94,8,152.421949620927,10,3,3.49977385913472,0,0.25,0.63425238542466,"HIGH LOW","R1"
3,33,11,220.395030953739,11,9,9.50118468341761,0,0.25,0.999420040449489,"HIGH LOW","R1"
4,45,11,175.013578978132,11,8,8.49860705642919,0,0.25,0.945022530155272,"HIGH LOW","R1"
4,46,12,223.012200135033,11,8,8.50006786227926,0,0.25,0.999555314943993,"HIGH LOW","R1"
5,52,4,187.097607403024,11,7,7.50028009595893,0,0.25,0.983229240855311,"HIGH LOW","R1"
6,63,2,187.75864387129,11,6,6.501832344,0,0.25,0.98430080424457,"HIGH LOW","R1"
6,65,4,187.518016205708,11,6,6.50183646099669,0,0.25,0.983918769552593,"HIGH LOW","R1"
6,75,14,185.143399329879,11,6,6.49943885062575,0,0.25,0.97962358031254,"HIGH LOW","R1"
7,82,7,181.982708721984,11,5,5.49763757142083,0,0.25,0.972128345292278,"HIGH LOW","R1"
8,87,1,161.348075298913,11,4,4.49868234264008,0,0.25,0.811041868320001,"HIGH LOW","R1"
8,89,3,169.910740119407,11,4,4.49824018855653,0,0.25,0.911022327609949,"HIGH LOW","R1"
8,90,4,156.012779102484,11,4,4.50214185525024,0,0.25,0.714040379321543,"HIGH LOW","R1"
8,92,6,174.032731588348,11,4,4.49972008761679,0,0.25,0.939613187221848,"HIGH LOW","R1"
8,93,7,161.346498489479,11,4,4.49673526139359,0,0.25,0.811017331727139,"HIGH LOW","R1"
9,100,2,147.173113773065,11,3,3.50082746934797,0,0.25,0.50439405016281,"HIGH LOW","R1"
9,106,8,162.286507378632,11,3,3.49949317575471,0,0.25,0.825213289833343,"HIGH LOW","R1"
10,111,1,136.858134329455,11,2,2.4981082965629,0,0.25,0.26313688990278,"HIGH LOW","R1"
10,115,5,123.621083752129,11,2,2.50108091759499,0,0.25,0.0851989908854999,"HIGH LOW","R1"
3,33,11,224.809506448253,12,10,10.4993578220266,0,0.25,0.999629462118172,"HIGH LOW","R1"
4,45,11,178.020755469403,12,9,9.5017384983585,0,0.25,0.958893394869105,"HIGH LOW","R1"
5,52,4,192.383045271777,12,8,8.49842139588193,0,0.25,0.990125231207374,"HIGH LOW","R1"
6,63,2,195.50150331551,12,7,7.49955737182034,0,0.25,0.992785867123908,"HIGH LOW","R1"
6,65,4,195.234040301942,12,7,7.49955426601657,0,0.25,0.992588746526174,"HIGH LOW","R1"
6,75,14,192.597024402992,12,7,7.50035621626747,0,0.25,0.990335403790929,"HIGH LOW","R1"
7,82,7,192.606522456168,12,6,6.50030849488989,0,0.25,0.990344629501599,"HIGH LOW","R1"
8,87,1,173.597384597224,12,5,5.49942792011957,0,0.25,0.937055889056258,"HIGH LOW","R1"
8,90,4,167.273715151333,12,5,5.5005958080528,0,0.25,0.886797511436978,"HIGH LOW","R1"
8,93,7,173.595509943507,12,5,5.50087301195953,0,0.25,0.937044661574857,"HIGH LOW","R1"
8,94,8,184.249295993322,12,5,5.49998660379257,0,0.25,0.977730360271556,"HIGH LOW","R1"
9,100,2,163.595761060077,12,4,4.49930867792467,0,0.25,0.843566415210233,"HIGH LOW","R1"
9,101,3,166.515831537432,12,4,4.50002497983837,0,0.25,0.878839779188109,"HIGH LOW","R1"
9,108,10,171.267659404453,12,4,4.50087921940681,0,0.25,0.921575850914951,"HIGH LOW","R1"
10,111,1,162.56909973861,12,3,3.50034817988847,0,0.25,0.82931321964625,"HIGH LOW","R1"
10,115,5,144.021684019445,12,3,3.50090423417793,0,0.25,0.424971986598367,"HIGH LOW","R1"
10,117,7,149.006093851624,12,3,3.49933011287733,0,0.25,0.550745551407314,"HIGH LOW","R1"
10,120,10,149.180939684776,12,3,3.4987742813629,0,0.25,0.555133896508634,"HIGH LOW","R1"
11,122,1,126.547851035835,12,2,2.50026383042466,0,0.25,0.111396489006312,"HIGH LOW","R1"
11,127,6,117.454952004191,12,2,2.50141532757329,0,0.25,0.0474358582800263,"HIGH LOW","R1"
3,33,11,228.289837021937,13,11,11.498331133684,0,0.25,0.99973973515399,"HIGH LOW","R1"
6,63,2,201.496194051311,13,8,8.50079954142132,0,0.25,0.996061967371836,"HIGH LOW","R1"
6,65,4,201.205472047631,13,8,8.4998130949646,0,0.25,0.995944471569343,"HIGH LOW","R1"
6,75,14,198.341545102895,13,8,8.50142141131895,0,0.25,0.994583257511603,"HIGH LOW","R1"
7,82,7,200.899606543631,13,7,7.50037170932008,0,0.25,0.995817085159676,"HIGH LOW","R1"
8,87,1,183.002161166962,13,6,6.4982443188516,0,0.25,0.974799919684704,"HIGH LOW","R1"
8,90,4,175.806026277563,13,6,6.49908569558253,0,0.25,0.949056171618901,"HIGH LOW","R1"
8,94,8,195.214619957335,13,6,6.501031033534,0,0.25,0.992574227269137,"HIGH LOW","R1"
9,100,2,176.273062699072,13,5,5.50216894112198,0,0.25,0.951300613586264,"HIGH LOW","R1"
10,113,3,175.003809836919,13,4,4.49906558653963,0,0.25,0.94497097411332,"HIGH LOW","R1"
10,117,7,165.917835210523,13,4,4.49995573837753,0,0.25,0.872224586886478,"HIGH LOW","R1"
10,118,8,164.211081049138,13,4,4.49970179060821,0,0.25,0.851634926669272,"HIGH LOW","R1"
10,120,10,166.139677603392,13,4,4.50098980909854,0,0.25,0.874713905817296,"HIGH LOW","R1"
3,33,11,231.033696607786,14,12,12.5009781087106,0,0.25,0.999803006162552,"HIGH LOW","R1"
6,63,2,206.137414426908,14,9,9.50031855289839,0,0.25,0.997538113302192,"HIGH LOW","R1"
6,65,4,205.826763615502,14,9,9.50026717060696,0,0.25,0.997459425498884,"HIGH LOW","R1"
6,75,14,202.768856343791,14,9,9.49952938400405,0,0.25,0.996537668162783,"HIGH LOW","R1"
7,82,7,207.37329343259,14,8,8.50177464374551,0,0.25,0.997827808340823,"HIGH LOW","R1"
8,87,1,190.222961962553,14,7,7.49845667734838,0,0.25,0.987733368937574,"HIGH LOW","R1"
8,90,4,182.2708825594,14,7,7.49919125629351,0,0.25,0.972910255044825,"HIGH LOW","R1"
9,100,2,186.059181467705,14,6,6.50122141207218,0,0.25,0.981399143087331,"HIGH LOW","R1"
10,115,5,171.543538845738,14,5,5.49990960113647,0,0.25,0.923576534255946,"HIGH LOW","R1"
10,117,7,179.044455440563,14,5,5.50061999555123,0,0.25,0.962800459766955,"HIGH LOW","R1"
10,118,8,177.006739391938,14,5,5.50050636808745,0,0.25,0.954637920466486,"HIGH LOW","R1"
10,120,10,179.30960333655,14,5,5.50074197173288,0,0.25,0.963752736591364,"HIGH LOW","R1"
11,122,1,164.736893971637,14,4,4.49823856152209,0,0.25,0.858254689085538,"HIGH LOW","R1"
12,135,4,141.302960381855,14,3,3.50053714916825,0,0.25,0.359293013620971,"HIGH LOW","R1"
12,138,7,145.946468053223,14,3,3.49989094692221,0,0.25,0.473283568293564,"HIGH LOW","R1"
12,140,9,159.860058260038,14,3,3.49981241890716,0,0.25,0.786794784695782,"HIGH LOW","R1"
13,155,12,132.552714424998,14,2,2.49737859554552,0,0.25,0.187419240751778,"HIGH LOW","R1"
6,65,4,209.403181577694,15,10,10.5019383394538,0,0.25,0.998231658829812,"HIGH LOW","R1"
6,75,14,206.180992159421,15,10,10.5018832168931,0,0.25,0.997548955343171,"HIGH LOW","R1"
7,82,7,212.426735733945,15,9,9.50016393228215,0,0.25,0.998698495602399,"HIGH LOW","R1"
8,87,1,195.766949503669,15,8,8.50014062438668,0,0.25,0.992976353896344,"HIGH LOW","R1"
8,90,4,187.169246686832,15,8,8.50066326690126,0,0.25,0.983348760029642,"HIGH LOW","R1"
9,109,11,161.682149429342,15,7,7.50153661393007,0,0.25,0.816185349035713,"HIGH LOW","R1"
10,118,8,186.898679031064,15,6,6.49907682014693,0,0.25,0.982892920256179,"HIGH LOW","R1"
10,120,10,189.537188941637,15,6,6.50082415739486,0,0.25,0.986860451249509,"HIGH LOW","R1"
11,122,1,177.634096700138,15,5,5.50038055710278,0,0.25,0.95731776975248,"HIGH LOW","R1"
12,135,4,156.203723124941,15,4,4.50151502747877,0,0.25,0.717982465787361,"HIGH LOW","R1"
12,138,7,162.045481977405,15,4,4.50146798685677,0,0.25,0.821655417626076,"HIGH LOW","R1"
12,142,11,175.821373553111,15,4,4.50036240759859,0,0.25,0.949131457835497,"HIGH LOW","R1"
13,155,12,156.47558888279,15,3,3.50128622451586,0,0.25,0.723537877982464,"HIGH LOW","R1"
14,166,10,125.213999913331,15,2,2.50025911097112,0,0.25,0.0986794356646759,"HIGH LOW","R1"
6,65,4,212.170971761981,16,11,11.4980679496928,0,0.25,0.998664300788349,"HIGH LOW","R1"
6,75,14,208.810730660016,16,11,11.4998851176998,0,0.25,0.998122229372556,"HIGH LOW","R1"
7,82,7,216.371517051169,16,10,10.4997287114458,0,0.25,0.999127656994489,"HIGH LOW","R1"
8,87,1,200.023513107365,16,9,9.50076477636526,0,0.25,0.995429735267487,"HIGH LOW","R1"
9,109,11,165.098395245124,16,8,8.50053734891156,0,0.25,0.862661431462873,"HIGH LOW","R1"
10,118,8,194.545840841944,16,7,7.49996057684361,0,0.25,0.992056627942853,"HIGH LOW","R1"
11,122,1,187.616949761718,16,6,6.50061152726403,0,0.25,0.984076936997811,"HIGH LOW","R1"
12,135,4,167.499358739209,16,5,5.50082125997084,0,0.25,0.889077105854434,"HIGH LOW","R1"
12,136,5,167.784022700575,16,5,5.4996086009316,0,0.25,0.891895561721762,"HIGH LOW","R1"
12,142,11,190.944989034581,16,5,5.50178175476798,0,0.25,0.98859056106953,"HIGH LOW","R1"
13,144,1,151.842086546939,16,4,4.4997467395122,0,0.25,0.620490005399398,"HIGH LOW","R1"
13,155,12,175.447718732495,16,4,4.49894262826842,0,0.25,0.947268248668543,"HIGH LOW","R1"
14,160,4,169.578695574574,16,3,3.49969825161389,0,0.25,0.908251373553023,"HIGH LOW","R1"
14,164,8,144.57736778559,16,3,3.50161315503877,0,0.25,0.438814284943978,"HIGH LOW","R1"
6,65,4,214.31296483584,17,12,12.5013973780906,0,0.25,0.998925092766151,"HIGH LOW","R1"
7,82,7,219.450863507058,17,11,11.4982918642137,0,0.25,0.999361728603107,"HIGH LOW","R1"
9,109,11,167.58922737164,17,9,9.49823409420869,0,0.25,0.889973772932067,"HIGH LOW","R1"
11,122,1,195.344001692823,17,7,7.49773522615698,0,0.25,0.992670427220414,"HIGH LOW","R1"
12,135,4,176.062100535065,17,6,6.49923263546629,0,0.25,0.950298649353062,"HIGH LOW","R1"
12,136,5,176.385229087746,17,6,6.50096887862409,0,0.25,0.951825514695962,"HIGH LOW","R1"
12,137,6,165.376840335626,17,6,6.50010123287806,0,0.25,0.865976696845953,"HIGH LOW","R1"
12,142,11,202.948577048851,17,6,6.49941860353182,0,0.25,0.996600061168856,"HIGH LOW","R1"
13,155,12,190.493641063822,17,5,5.49799238499508,0,0.25,0.988061928893844,"HIGH LOW","R1"
14,157,1,169.458200212577,17,4,4.49907932537862,0,0.25,0.907226784637426,"HIGH LOW","R1"
14,166,10,162.396052252605,17,4,4.50003527155751,0,0.25,0.826811738571552,"HIGH LOW","R1"
15,173,3,154.0089225857,17,3,3.50146492770617,0,0.25,0.670761800231338,"HIGH LOW","R1"
15,175,5,157.130279157022,17,3,3.49919567795891,0,0.25,0.736634946231073,"HIGH LOW","R1"
15,182,12,153.085736990144,17,3,3.49932398826551,0,0.25,0.649740638371881,"HIGH LOW","R1"
16,187,5,137.583770728863,17,2,2.49899492810174,0,0.25,0.277669314993675,"HIGH LOW","R1"
6,65,4,215.970653469359,18,13,13.4993393036494,0,0.25,0.99909145256604,"HIGH LOW","R1"
9,109,11,169.405327563793,18,10,10.5001390835166,0,0.25,0.906773966816585,"HIGH LOW","R1"
11,122,1,201.324990411946,18,8,8.50185788362015,0,0.25,0.995993191942728,"HIGH LOW","R1"
12,135,4,182.553151553909,18,7,7.49948527378297,0,0.25,0.973655449296092,"HIGH LOW","R1"
12,136,5,182.909408683095,18,7,7.50033099995705,0,0.25,0.974567544075645,"HIGH LOW","R1"
12,137,6,170.819597298228,18,7,7.49933000648138,0,0.25,0.918224210491925,"HIGH LOW","R1"
12,142,11,212.475804542359,18,7,7.50029408439839,0,0.25,0.998704955290106,"HIGH LOW","R1"
13,155,12,202.425869052651,18,6,6.49867347915943,0,0.25,0.996415410620042,"HIGH LOW","R1"
14,157,1,183.283784100189,18,5,5.49924931992503,0,0.25,0.975492873554071,"HIGH LOW","R1"
15,172,2,160.524546301243,18,4,4.5008137505012,0,0.25,0.797893340616511,"HIGH LOW","R1"
15,173,3,172.288772366395,18,4,4.49951762738444,0,0.25,0.928748969880959,"HIGH LOW","R1"
15,175,5,176.288101405045,18,4,4.50073875844099,0,0.25,0.951371303433383,"HIGH LOW","R1"
15,182,12,171.10949020473,18,4,4.50063078725146,0,0.25,0.920407298371018,"HIGH LOW","R1"
16,187,5,163.601798629661,18,3,3.50021075485944,0,0.25,0.843647292114194,"HIGH LOW","R1"
16,193,11,152.472885604332,18,3,3.4996146373906,0,0.25,0.635451250948616,"HIGH LOW","R1"
17,196,2,128.949910808193,18,2,2.49982209926354,0,0.25,0.137920686926215,"HIGH LOW","R1"
18,211,5,97.451111025477,18,1,1.50230111956734,0,0.25,0.00649106426076408,"HIGH LOW","R1"
6,65,4,217.253538852713,19,14,14.4978642700239,0,0.25,0.999202323075857,"HIGH LOW","R1"
11,122,1,205.954469594594,19,9,9.50024218452138,0,0.25,0.997492072600212,"HIGH LOW","R1"
12,135,4,187.473741749636,19,8,8.50029218426059,0,0.25,0.983847487309603,"HIGH LOW","R1"
12,136,5,187.858123721005,19,8,8.50046733730073,0,0.25,0.98445612232571,"HIGH LOW","R1"
13,155,12,211.888769474578,19,7,7.50123078002569,0,0.25,0.998625529241502,"HIGH LOW","R1"
14,157,1,194.103013354141,19,6,6.50135111696309,0,0.25,0.991694366851487,"HIGH LOW","R1"
15,172,2,172.618758760605,19,5,5.49985612797412,0,0.25,0.930934495041255,"HIGH LOW","R1"
15,173,3,186.685178035174,19,5,5.49973723502156,0,0.25,0.982524588270453,"HIGH LOW","R1"
15,175,5,191.509018699688,19,5,5.4991384215949,0,0.25,0.989218745322599,"HIGH LOW","R1"
15,182,12,185.266789443912,19,5,5.4997359140996,0,0.25,0.979872159418231,"HIGH LOW","R1"
16,183,1,180.920560899971,19,4,4.49909754169393,0,0.25,0.969052759763617,"HIGH LOW","R1"
16,187,5,184.638785471072,19,4,4.50104872427233,0,0.25,0.978575344863254,"HIGH LOW","R1"
16,192,10,157.554114025955,19,4,4.50023709003342,0,0.25,0.744898089294841,"HIGH LOW","R1"
16,193,11,170.327536304341,19,4,4.50023968985904,0,0.25,0.914393535894001,"HIGH LOW","R1"
17,199,5,156.71883372723,19,3,3.49883494216675,0,0.25,0.728450712284945,"HIGH LOW","R1"
17,205,11,146.850164161409,19,3,3.50081038601316,0,0.25,0.496196776078962,"HIGH LOW","R1"
12,135,4,191.203832270263,20,9,9.50079275255686,0,0.25,0.988883216328711,"HIGH LOW","R1"
12,136,5,191.611818751702,20,9,9.50047094232741,0,0.25,0.989329495300145,"HIGH LOW","R1"
13,155,12,219.393359939923,20,8,8.49740028326581,0,0.25,0.999357993571809,"HIGH LOW","R1"
15,172,2,181.885861843857,20,6,6.50032002967058,0,0.25,0.971860678848325,"HIGH LOW","R1"
15,175,5,203.60205935384,20,6,6.4997428560171,0,0.25,0.996817630276459,"HIGH LOW","R1"
16,183,1,197.122592531233,20,5,5.49891439513346,0,0.25,0.993873985456104,"HIGH LOW","R1"
16,187,5,201.648330431707,20,5,5.49988371642055,0,0.25,0.996122095767759,"HIGH LOW","R1"
16,192,10,169.096582437847,20,5,5.49940328672883,0,0.25,0.904089992408317,"HIGH LOW","R1"
16,193,11,184.327303961145,20,5,5.49944204329583,0,0.25,0.977902164314548,"HIGH LOW","R1"
17,196,2,168.987544085061,20,4,4.50015239925517,0,0.25,0.903125714506266,"HIGH LOW","R1"
17,197,3,174.986665651506,20,4,4.50032870280891,0,0.25,0.944880386646436,"HIGH LOW","R1"
17,202,8,156.327389790526,20,4,4.49871553968406,0,0.25,0.72051791210394,"HIGH LOW","R1"
17,204,10,155.536868066789,20,4,4.49939501300962,0,0.25,0.704072849749293,"HIGH LOW","R1"
17,205,11,163.187319516323,20,4,4.50059391779344,0,0.25,0.838015650464558,"HIGH LOW","R1"
18,207,1,154.675751937391,20,3,3.50141811982842,0,0.25,0.685537280485763,"HIGH LOW","R1"
18,209,3,145.52533988218,20,3,3.50159493316389,0,0.25,0.462638333788155,"HIGH LOW","R1"
19,223,5,128.994452286224,20,2,2.50085079926262,0,0.25,0.138459275089825,"HIGH LOW","R1"
12,135,4,194.031455530608,21,10,10.5000607713911,0,0.25,0.991634309718312,"HIGH LOW","R1"
12,136,5,194.459068244861,21,10,10.5003658518922,0,0.25,0.991986899090204,"HIGH LOW","R1"
15,172,2,188.986712754504,21,7,7.50172995866876,0,0.25,0.986115642907259,"HIGH LOW","R1"
15,175,5,213.209997524192,21,7,7.50041219709102,0,0.25,0.998797871311984,"HIGH LOW","R1"
16,187,5,215.401470173105,21,6,6.50002359884218,0,0.25,0.999037452340887,"HIGH LOW","R1"
16,192,10,177.876216872386,21,6,6.50092807111435,0,0.25,0.9583110274091,"HIGH LOW","R1"
17,196,2,182.719244287673,21,5,5.50005027263091,0,0.25,0.974084576332575,"HIGH LOW","R1"
17,204,10,166.71153712989,21,5,5.49973598089495,0,0.25,0.880939716709896,"HIGH LOW","R1"
18,211,5,161.068689582954,21,4,4.50059075381503,0,0.25,0.806656186458635,"HIGH LOW","R1"
19,219,1,161.820050736768,21,3,3.50074287633289,0,0.25,0.818276649327062,"HIGH LOW","R1"
19,223,5,151.483586275214,21,3,3.49946100608097,0,0.25,0.611881796424963,"HIGH LOW","R1"
19,225,7,143.792895529312,21,3,3.50042674419143,0,0.25,0.419305520577949,"HIGH LOW","R1"
20,233,4,128.763932966163,21,2,2.49814307973377,0,0.25,0.135690863930342,"HIGH LOW","R1"
12,135,4,196.17495667575,22,11,11.5001964122404,0,0.25,0.993259449555064,"HIGH LOW","R1"
12,136,5,196.618761456484,22,11,11.5007608740257,0,0.25,0.993554526700016,"HIGH LOW","R1"
15,172,2,194.42768855916,22,8,8.49881139290647,0,0.25,0.991961533754193,"HIGH LOW","R1"
16,187,5,226.521629659097,22,7,7.500258656136,0,0.25,0.999688568668491,"HIGH LOW","R1"
16,192,10,184.554336149258,22,7,7.49996931338053,0,0.25,0.978394838737677,"HIGH LOW","R1"
17,196,2,193.453476949734,22,6,6.49798715461705,0,0.25,0.991133173971026,"HIGH LOW","R1"
18,207,1,187.712066703398,22,5,5.5010169661387,0,0.25,0.984227559262281,"HIGH LOW","R1"
18,216,10,160.012035013562,22,5,5.5003747892505,0,0.25,0.789371786675887,"HIGH LOW","R1"
19,219,1,182.331800026308,22,4,4.498717696792,0,0.25,0.973072792800414,"HIGH LOW","R1"
19,221,3,159.690490500965,22,4,4.50396748604838,0,0.25,0.783892459601066,"HIGH LOW","R1"
19,223,5,169.066790838463,22,4,4.50094179818792,0,0.25,0.903827386316318,"HIGH LOW","R1"
19,225,7,159.33087884469,22,4,4.50011514270376,0,0.25,0.777643018608753,"HIGH LOW","R1"
19,227,9,146.140072463113,22,4,4.49942464208289,0,0.25,0.4781862335962,"HIGH LOW","R1"
19,229,11,175.672908369702,22,4,4.50041901473391,0,0.25,0.948398723022314,"HIGH LOW","R1"
20,235,6,154.022852240841,22,3,3.50008723926496,0,0.25,0.671074061786879,"HIGH LOW","R1"
20,238,9,148.961598939367,22,3,3.50079850690103,0,0.25,0.549627511939705,"HIGH LOW","R1"
15,172,2,198.596797033536,23,9,9.50155632940675,0,0.25,0.994721104604429,"HIGH LOW","R1"
16,187,5,235.512881789087,23,8,8.50179217338262,0,0.25,0.999874981452346,"HIGH LOW","R1"
18,207,1,199.208881402924,23,6,6.5008738316592,0,0.25,0.995037604353887,"HIGH LOW","R1"
18,216,10,167.593011503332,23,6,6.49895712293356,0,0.25,0.890011389499206,"HIGH LOW","R1"
19,219,1,198.838231979582,23,5,5.4995928087635,0,0.25,0.994848276880134,"HIGH LOW","R1"
19,221,3,171.628564365668,23,5,5.50041673871946,0,0.25,0.924183641777103,"HIGH LOW","R1"
19,227,9,155.675878666005,23,5,5.5007575368723,0,0.25,0.707005083553989,"HIGH LOW","R1"
19,229,11,190.765631991044,23,5,5.50158514322017,0,0.25,0.988383321317313,"HIGH LOW","R1"
20,231,2,142.84579571258,23,4,4.50013829518005,0,0.25,0.39608939711169,"HIGH LOW","R1"
20,233,4,168.65682621567,23,4,4.50039493325822,0,0.25,0.900147907771257,"HIGH LOW","R1"
20,235,6,172.306578721882,23,4,4.49750186336412,0,0.25,0.928868515169272,"HIGH LOW","R1"
20,238,9,165.86139007843,23,4,4.50074987938352,0,0.25,0.871584508861007,"HIGH LOW","R1"
21,242,1,147.967626700892,23,3,3.49989062510928,0,0.25,0.524541623321114,"HIGH LOW","R1"
16,187,5,242.782796844432,24,9,9.49956184775682,0,0.25,0.999940236470469,"HIGH LOW","R1"
18,207,1,208.280434550313,24,7,7.49868172840539,0,0.25,0.99801856051575,"HIGH LOW","R1"
18,216,10,173.245616163184,24,7,7.49974031561368,0,0.25,0.934916115261713,"HIGH LOW","R1"
19,227,9,162.714903459139,24,6,6.49989893117646,0,0.25,0.831398534657332,"HIGH LOW","R1"
19,229,11,202.740839274104,24,6,6.49917728033037,0,0.25,0.996527839300547,"HIGH LOW","R1"
20,231,2,151.836443141592,24,5,5.49928632908223,0,0.25,0.62035506754926,"HIGH LOW","R1"
20,233,4,182.322733089528,24,5,5.50133103447777,0,0.25,0.973048660932587,"HIGH LOW","R1"
20,235,6,186.706608806155,24,5,5.49942726643192,0,0.25,0.982561909615557,"HIGH LOW","R1"
20,238,9,178.977002278504,24,5,5.49997555557714,0,0.25,0.962554390290093,"HIGH LOW","R1"
21,242,1,164.601468091436,24,4,4.50014829787278,0,0.25,0.856573684584104,"HIGH LOW","R1"
21,248,7,159.272372738357,24,4,4.49986257854221,0,0.25,0.776614167841161,"HIGH LOW","R1"
21,250,9,178.632679241736,24,4,4.49844060978295,0,0.25,0.96127373516129,"HIGH LOW","R1"
21,252,11,173.36546926408,24,4,4.50105627292631,0,0.25,0.935652665175264,"HIGH LOW","R1"
22,254,2,150.394495755433,24,3,3.49884516658002,0,0.25,0.585319917572126,"HIGH LOW","R1"
18,216,10,177.46036864048,25,8,8.49917649900912,0,0.25,0.956591188972267,"HIGH LOW","R1"
19,229,11,212.242476822774,25,7,7.49998097915665,0,0.25,0.998673950141024,"HIGH LOW","R1"
20,233,4,192.997455505471,25,6,6.50064050079947,0,0.25,0.99071687964634,"HIGH LOW","R1"
20,235,6,198.047889077601,25,6,6.5009138689927,0,0.25,0.994420237064169,"HIGH LOW","R1"
20,238,9,189.155783895817,25,6,6.50142257374875,0,0.25,0.986348724537725,"HIGH LOW","R1"
21,242,1,177.472481933966,25,5,5.49965199203661,0,0.25,0.956642230915411,"HIGH LOW","R1"
21,248,7,171.132530203004,25,5,5.50019672897146,0,0.25,0.920578502093372,"HIGH LOW","R1"
21,250,9,194.346679404335,25,5,5.49769052088361,0,0.25,0.991895682337056,"HIGH LOW","R1"
21,251,10,172.518185080113,25,5,5.50128662577689,0,0.25,0.930275046746099,"HIGH LOW","R1"
21,252,11,187.981783595137,25,5,5.50149837921451,0,0.25,0.984647085574572,"HIGH LOW","R1"
22,262,10,148.249882142176,25,4,4.50000177594493,0,0.25,0.531683367722372,"HIGH LOW","R1"
23,267,4,139.602301028786,25,3,3.50069710823123,0,0.25,0.320580362690423,"HIGH LOW","R1"
23,269,6,165.581604566691,25,3,3.49890939532565,0,0.25,0.868371323061651,"HIGH LOW","R1"
23,270,7,148.654364793395,25,3,3.50077264620224,0,0.25,0.541894442014594,"HIGH LOW","R1"
23,272,9,153.524490248224,25,3,3.50056249081036,0,0.25,0.659809861792872,"HIGH LOW","R1"
24,276,3,124.142729705855,25,2,2.49917836238115,0,0.25,0.0894187271244744,"HIGH LOW","R1"
24,279,6,132.951745829977,25,2,2.50059616528474,0,0.25,0.193667618121205,"HIGH LOW","R1"
24,284,11,123.345080847169,25,2,2.50008774986786,0,0.25,0.0830400932311057,"HIGH LOW","R1"
18,216,10,180.603015174925,26,9,9.49935804287588,0,0.25,0.968071102452727,"HIGH LOW","R1"
19,229,11,219.781479194283,26,8,8.50131634133024,0,0.25,0.999382785599023,"HIGH LOW","R1"
20,233,4,201.3357018955,26,7,7.5002860533945,0,0.25,0.995997529795879,"HIGH LOW","R1"
20,235,6,206.980136957832,26,7,7.49726221864487,0,0.25,0.997739544613787,"HIGH LOW","R1"
20,238,9,197.055346160427,26,7,7.49926139634035,0,0.25,0.993832274707182,"HIGH LOW","R1"
21,242,1,187.431876967561,26,6,6.50197834843641,0,0.25,0.983779798835116,"HIGH LOW","R1"
21,248,7,180.192403321387,26,6,6.5013709409523,0,0.25,0.966757022747511,"HIGH LOW","R1"
21,250,9,206.894417614183,26,6,6.49836490912778,0,0.25,0.997719830411546,"HIGH LOW","R1"
21,251,10,181.771194267022,26,6,6.49952244601905,0,0.25,0.971540531198189,"HIGH LOW","R1"
21,252,11,199.520488713429,26,6,6.50136379082967,0,0.25,0.995191405000236,"HIGH LOW","R1"
22,260,8,176.098901639777,26,5,5.49973660275521,0,0.25,0.950474831991627,"HIGH LOW","R1"
23,267,4,154.074926447017,26,4,4.50066728881757,0,0.25,0.672240071420487,"HIGH LOW","R1"
23,269,6,187.209165525736,26,4,4.5014773318836,0,0.25,0.983414994802994,"HIGH LOW","R1"
23,270,7,165.471745812684,26,4,4.49798037444828,0,0.25,0.867091120052209,"HIGH LOW","R1"
23,272,9,171.669751650523,26,4,4.50000086650606,0,0.25,0.924476136873488,"HIGH LOW","R1"
24,274,1,142.623016209173,26,3,3.50003424145322,0,0.25,0.390691710973181,"HIGH LOW","R1"
24,277,4,157.910605795877,26,3,3.50090151432708,0,0.25,0.751714958095096,"HIGH LOW","R1"
24,279,6,157.037898704527,26,3,3.50083652065712,0,0.25,0.734811231414052,"HIGH LOW","R1"
24,283,10,163.143517811361,26,3,3.49933272208979,0,0.25,0.837411043158328,"HIGH LOW","R1"
24,284,11,143.640914915028,26,3,3.4991444446137,0,0.25,0.415553009500729,"HIGH LOW","R1"
25,291,6,141.481199142042,26,2,2.50117212741376,0,0.25,0.363469493077868,"HIGH LOW","R1"
19,229,11,225.763243544532,27,9,9.49905424703706,0,0.25,0.999663649191611,"HIGH LOW","R1"
20,233,4,207.848878552628,27,8,8.4983619540421,0,0.25,0.997929993488457,"HIGH LOW","R1"
20,235,6,214.015061612217,27,8,8.50075995009512,0,0.25,0.998892120112165,"HIGH LOW","R1"
21,242,1,195.13830558684,27,7,7.49985823245338,0,0.25,0.992516898307562,"HIGH LOW","R1"
21,248,7,187.11316311449,27,7,7.49959554446807,0,0.25,0.983255264643935,"HIGH LOW","R1"
21,250,9,216.913873675895,27,7,7.50126861900047,0,0.25,0.999174356829779,"HIGH LOW","R1"
21,251,10,188.859779387841,27,7,7.50237068543886,0,0.25,0.985938077917727,"HIGH LOW","R1"
22,260,8,185.859979758253,27,6,6.49787929694013,0,0.25,0.98102631336541,"HIGH LOW","R1"
22,262,10,165.487850050568,27,6,6.49968552794898,0,0.25,0.867279442798455,"HIGH LOW","R1"
23,270,7,178.511485540892,27,5,5.49907662262637,0,0.25,0.960813050377815,"HIGH LOW","R1"
23,272,9,185.940418130324,27,5,5.50092630597903,0,0.25,0.981177737460275,"HIGH LOW","R1"
24,274,1,157.860073250149,27,4,4.49926945997485,0,0.25,0.750756132157573,"HIGH LOW","R1"
24,283,10,184.044841585158,27,4,4.50104630385287,0,0.25,0.977273854774027,"HIGH LOW","R1"
25,287,2,148.731007094233,27,3,3.50008520516785,0,0.25,0.543825563520625,"HIGH LOW","R1"
25,291,6,169.176342838344,27,3,3.50112459661633,0,0.25,0.904789908907636,"HIGH LOW","R1"
25,295,10,156.44657969678,27,3,3.4993043858838,0,0.25,0.722948325146663,"HIGH LOW","R1"
25,296,11,157.484664607654,27,3,3.50178371645573,0,0.25,0.743555841934047,"HIGH LOW","R1"
19,229,11,230.509429177412,28,10,10.5009407083792,0,0.25,0.999792238290528,"HIGH LOW","R1"
20,233,4,212.93645550618,28,9,9.49956474604401,0,0.25,0.998764058028708,"HIGH LOW","R1"
21,242,1,201.101423011513,28,8,8.49908250832946,0,0.25,0.995901576978419,"HIGH LOW","R1"
21,248,7,192.399872485358,28,8,8.49963048016753,0,0.25,0.990141921740428,"HIGH LOW","R1"
21,251,10,194.290233200229,28,8,8.50052982766956,0,0.25,0.991849481843045,"HIGH LOW","R1"
22,262,10,170.941023552277,28,7,7.50037157819033,0,0.25,0.919145193530863,"HIGH LOW","R1"
23,270,7,188.622144982121,28,6,6.4991993561905,0,0.25,0.985599616736019,"HIGH LOW","R1"
23,272,9,197.163839896621,28,6,6.50078416328609,0,0.25,0.993899431024529,"HIGH LOW","R1"
24,274,1,169.458814668903,28,5,5.50011798902847,0,0.25,0.907232035407719,"HIGH LOW","R1"
24,283,10,200.924206931926,28,5,5.49984529751147,0,0.25,0.995827476399947,"HIGH LOW","R1"
25,291,6,191.894785051294,28,4,4.50153958989606,0,0.25,0.989628565198937,"HIGH LOW","R1"
25,295,10,175.410500445846,28,4,4.49915418739787,0,0.25,0.947079170997039,"HIGH LOW","R1"
25,296,11,176.743342851084,28,4,4.49920746747374,0,0.25,0.953465636568831,"HIGH LOW","R1"
26,297,1,137.207117140495,28,3,3.49903849997692,0,0.25,0.270064631035807,"HIGH LOW","R1"
26,304,8,133.364282153018,28,3,3.4998614578748,0,0.25,0.200292559402915,"HIGH LOW","R1"
19,229,11,234.275254232159,29,11,11.5014626677381,0,0.25,0.999858244373083,"HIGH LOW","R1"
20,233,4,216.91046705552,29,10,10.4995140069383,0,0.25,0.999174071440957,"HIGH LOW","R1"
21,242,1,205.715592710235,29,9,9.50032928436309,0,0.25,0.997430660544147,"HIGH LOW","R1"
21,248,7,196.438344677367,29,9,9.50060432321483,0,0.25,0.993436151679765,"HIGH LOW","R1"
23,272,9,205.990701369593,29,7,7.50070888680112,0,0.25,0.997501258548779,"HIGH LOW","R1"
24,274,1,178.288000130198,29,6,6.49947954031183,0,0.25,0.959949713512761,"HIGH LOW","R1"
24,283,10,214.555543281391,29,6,6.50161216506093,0,0.25,0.998951216471068,"HIGH LOW","R1"
25,291,6,210.530818221692,29,5,5.50047162220654,0,0.25,0.998422657288498,"HIGH LOW","R1"
25,295,10,190.448694064939,29,5,5.49929439131005,0,0.25,0.988007978922596,"HIGH LOW","R1"
26,304,8,146.316288406475,29,4,4.4988984474505,0,0.25,0.482652249886726,"HIGH LOW","R1"
26,306,10,169.566217542824,29,4,4.50174989618079,0,0.25,0.908145745102605,"HIGH LOW","R1"
27,311,4,153.086336601269,29,3,3.50020292899447,0,0.25,0.649754493165651,"HIGH LOW","R1"
27,318,11,159.736367475505,29,3,3.50095301198858,0,0.25,0.784680504631214,"HIGH LOW","R1"
19,229,11,237.263219608968,30,12,12.499351146051,0,0.25,0.999895334819192,"HIGH LOW","R1"
20,233,4,220.014649643513,30,11,11.4991213490379,0,0.25,0.999397217434811,"HIGH LOW","R1"
21,242,1,209.28596714568,30,10,10.5013688323177,0,0.25,0.998210525852025,"HIGH LOW","R1"
21,248,7,199.523299136089,30,10,10.499917638477,0,0.25,0.99519277033658,"HIGH LOW","R1"
24,283,10,225.563855907778,30,7,7.49931698961567,0,0.25,0.999656772974428,"HIGH LOW","R1"
25,295,10,202.373826547708,30,6,6.50148134540317,0,0.25,0.996396487956577,"HIGH LOW","R1"
26,297,1,161.469734789077,30,5,5.49892640880553,0,0.25,0.812927637370993,"HIGH LOW","R1"
26,306,10,183.413389632691,30,5,5.50126165230409,0,0.25,0.97580550266407,"HIGH LOW","R1"
27,311,4,171.110255619232,30,4,4.50044663475227,0,0.25,0.920412991360185,"HIGH LOW","R1"
27,316,9,150.786022995376,30,4,4.49926702932782,0,0.25,0.594934834272902,"HIGH LOW","R1"
28,322,3,146.42641075953,30,3,3.50084893821613,0,0.25,0.485444643677873,"HIGH LOW","R1"
28,325,6,146.275920048933,30,3,3.4999409182661,0,0.25,0.481628883723232,"HIGH LOW","R1"
28,327,8,141.290671099812,30,3,3.50064170775516,0,0.25,0.359005827791977,"HIGH LOW","R1"
28,329,10,144.826442303916,30,3,3.5012702434673,0,0.25,0.445051210526539,"HIGH LOW","R1"
29,339,9,135.612291920922,30,2,2.50019801716582,0,0.25,0.239354611120596,"HIGH LOW","R1"
21,242,1,212.048668658979,31,11,11.5014341331637,0,0.25,0.998647633603645,"HIGH LOW","R1"
21,248,7,201.879869531999,31,11,11.4991251184978,0,0.25,0.996211855765992,"HIGH LOW","R1"
24,283,10,234.45388281149,31,8,8.49850031032162,0,0.25,0.999860791807389,"HIGH LOW","R1"
25,295,10,211.830333647804,31,7,7.50095348488587,0,0.25,0.998617361398715,"HIGH LOW","R1"
26,297,1,169.23730597478,31,6,6.50281829027379,0,0.25,0.905321789846956,"HIGH LOW","R1"
26,306,10,194.252176547979,31,6,6.49979212524326,0,0.25,0.991818185632709,"HIGH LOW","R1"
27,311,4,185.267709454601,31,5,5.50146994437627,0,0.25,0.979874001651278,"HIGH LOW","R1"
27,315,8,159.781695268587,31,5,5.49984706371835,0,0.25,0.785457066317128,"HIGH LOW","R1"
27,316,9,161.11670589333,31,5,5.5011531027706,0,0.25,0.807415397376844,"HIGH LOW","R1"
28,322,3,162.651699310822,31,4,4.50126511580288,0,0.25,0.83049708010579,"HIGH LOW","R1"
28,325,6,162.4615652816,31,4,4.49955775545859,0,0.25,0.827762152213672,"HIGH LOW","R1"
28,327,8,156.188319342068,31,4,4.50149863588648,0,0.25,0.717665676931902,"HIGH LOW","R1"
29,331,1,156.140805532761,31,3,3.50095266072845,0,0.25,0.716687165966056,"HIGH LOW","R1"
29,333,3,149.491776977027,31,3,3.50243579096461,0,0.25,0.562913791382902,"HIGH LOW","R1"
29,336,6,143.887560274451,31,3,3.50052837350594,0,0.25,0.421647616784994,"HIGH LOW","R1"
29,338,8,149.158313474896,31,3,3.49952903519053,0,0.25,0.554566484851839,"HIGH LOW","R1"
29,339,9,160.799884134221,31,3,3.50006511892559,0,0.25,0.802363943730563,"HIGH LOW","R1"
29,341,11,151.922313635374,31,3,3.4991957487377,0,0.25,0.622406268616874,"HIGH LOW","R1"
21,242,1,214.186405131605,32,12,12.5009120933058,0,0.25,0.9989112063175,"HIGH LOW","R1"
21,248,7,203.680033555548,32,12,12.5001791135844,0,0.25,0.99684264609632,"HIGH LOW","R1"
24,283,10,241.633237271252,32,9,9.49887426769314,0,0.25,0.999932838127041,"HIGH LOW","R1"
25,295,10,219.329246273169,32,8,8.49993736902381,0,0.25,0.99935380343567,"HIGH LOW","R1"
26,306,10,202.736168877431,32,7,7.49948370322403,0,0.25,0.996526198144637,"HIGH LOW","R1"
27,311,4,196.388126656922,32,6,6.50146389545961,0,0.25,0.993402820113187,"HIGH LOW","R1"
27,315,8,167.333389016715,32,6,6.49889070404137,0,0.25,0.887404319369308,"HIGH LOW","R1"
27,316,9,168.838884581077,32,6,6.50144350460617,0,0.25,0.901797108290293,"HIGH LOW","R1"
28,325,6,174.922044447332,32,5,5.49884179582686,0,0.25,0.944537673655062,"HIGH LOW","R1"
28,327,8,167.481153821222,32,5,5.50085529927796,0,0.25,0.888894688469662,"HIGH LOW","R1"
29,331,1,175.018295043366,32,4,4.4990663930179,0,0.25,0.945047402614803,"HIGH LOW","R1"
29,333,3,166.53421133678,32,4,4.49907063565963,0,0.25,0.879038346628785,"HIGH LOW","R1"
29,341,11,169.625663949543,32,4,4.49866447635128,0,0.25,0.908647989537918,"HIGH LOW","R1"
29,342,12,170.499650734872,32,4,4.49947543423034,0,0.25,0.915751589529627,"HIGH LOW","R1"
30,344,2,131.463589708446,32,3,3.5006282017242,0,0.25,0.171157113033279,"HIGH LOW","R1"
30,345,3,146.874604059496,32,3,3.500653248969,0,0.25,0.496817105968499,"HIGH LOW","R1"
30,347,5,133.245682692759,32,3,3.50100661340155,0,0.25,0.19837073609002,"HIGH LOW","R1"
30,354,12,141.118268036335,32,3,3.50084090375981,0,0.25,0.354987702033797,"HIGH LOW","R1"
31,363,8,122.572983014052,32,2,2.50099931837509,0,0.25,0.0772627098782714,"HIGH LOW","R1"
21,242,1,215.840553147378,33,13,13.5005751421575,0,0.25,0.999079382710395,"HIGH LOW","R1"
21,248,7,205.055163497477,33,13,13.500510987446,0,0.25,0.997252955476671,"HIGH LOW","R1"
25,295,10,225.275806664614,33,9,9.49924940697504,0,0.25,0.999646590214583,"HIGH LOW","R1"
26,306,10,209.376960546162,33,8,8.49909935876073,0,0.25,0.998226953089906,"HIGH LOW","R1"
27,311,4,205.123007956322,33,7,7.49948933288551,0,0.25,0.997271761770756,"HIGH LOW","R1"
27,315,8,172.961204164644,33,7,7.50008729460869,0,0.25,0.933136783597211,"HIGH LOW","R1"
27,316,9,174.611208083262,33,7,7.49962793466669,0,0.25,0.942860981596878,"HIGH LOW","R1"
28,325,6,184.514713680331,33,6,6.49873388374779,0,0.25,0.978309635949725,"HIGH LOW","R1"
28,327,8,176.041438538634,33,6,6.49859934315129,0,0.25,0.95019947133104,"HIGH LOW","R1"
28,329,10,182.032126828393,33,6,6.4988624046736,0,0.25,0.972263973030129,"HIGH LOW","R1"
29,331,1,189.975153861335,33,5,5.49918887673903,0,0.25,0.987424748721783,"HIGH LOW","R1"
29,333,3,179.781316377538,33,5,5.50037746246731,0,0.25,0.965389181996536,"HIGH LOW","R1"
29,339,9,197.235598076275,33,5,5.49895403073172,0,0.25,0.99394344867573,"HIGH LOW","R1"
29,342,12,184.534022853702,33,5,5.49907821743373,0,0.25,0.9783511986941,"HIGH LOW","R1"
30,345,3,163.218222050583,33,4,4.5010055151698,0,0.25,0.838441114774667,"HIGH LOW","R1"
30,354,12,155.972255496918,33,4,4.50041467559612,0,0.25,0.713199522318569,"HIGH LOW","R1"
31,356,1,133.045861248783,33,3,3.500988330801,0,0.25,0.195164219999578,"HIGH LOW","R1"
31,359,4,151.059173497434,33,3,3.50097651415775,0,0.25,0.601600309995576,"HIGH LOW","R1"
31,360,5,137.533013023566,33,3,3.49956291640443,0,0.25,0.27663685743768,"HIGH LOW","R1"
31,363,8,142.577053278027,33,3,3.5009170128575,0,0.25,0.389581357409764,"HIGH LOW","R1"
32,367,1,145.496048276212,33,2,2.50042704848119,0,0.25,0.461899056325308,"HIGH LOW","R1"
32,373,7,139.025000804355,33,2,2.49920924546177,0,0.25,0.307950029326348,"HIGH LOW","R1"
32,378,12,115.498629847782,33,2,2.49989357418621,0,0.25,0.0392256373334117,"HIGH LOW","R1"
21,242,1,217.120507759709,34,14,14.4984436647093,0,0.25,0.999191484561088,"HIGH LOW","R1"
21,248,7,206.105613530059,34,14,14.5018781532106,0,0.25,0.997530171129085,"HIGH LOW","R1"
25,295,10,229.991367740695,34,10,10.5001213828899,0,0.25,0.999781019959886,"HIGH LOW","R1"
26,306,10,214.574998483372,34,9,9.49893376316932,0,0.25,0.998953283956576,"HIGH LOW","R1"
28,325,6,191.89960649142,34,7,7.49840825589328,0,0.25,0.989633588489625,"HIGH LOW","R1"
29,331,1,201.825650484575,34,6,6.500056152624,0,0.25,0.996191024219321,"HIGH LOW","R1"
29,333,3,190.078307303628,34,6,6.49968896413126,0,0.25,0.987554136597286,"HIGH LOW","R1"
29,339,9,210.254188036971,34,6,6.50186501590779,0,0.25,0.998377799446365,"HIGH LOW","R1"
29,342,12,195.542604955583,34,6,6.49946371483452,0,0.25,0.992815694195118,"HIGH LOW","R1"
30,344,2,153.142595202628,34,5,5.50068362473305,0,0.25,0.651053294826927,"HIGH LOW","R1"
30,347,5,155.710294747824,34,5,5.49845273605452,0,0.25,0.707728409650251,"HIGH LOW","R1"
30,349,7,186.543521415224,34,5,5.50118139528363,0,0.25,0.982275914910827,"HIGH LOW","R1"
30,354,12,167.225833796226,34,5,5.50024865617957,0,0.25,0.886308557439703,"HIGH LOW","R1"
31,357,2,150.002100619511,34,4,4.50059008043091,0,0.25,0.575618039928569,"HIGH LOW","R1"
31,359,4,168.526506563031,34,4,4.50110633874732,0,0.25,0.89895231113584,"HIGH LOW","R1"
31,360,5,151.492511079821,34,4,4.49963168343157,0,0.25,0.612096970906679,"HIGH LOW","R1"
31,361,6,158.143491972564,34,4,4.5004818986854,0,0.25,0.756101827240708,"HIGH LOW","R1"
31,363,8,157.802342730766,34,4,4.49913643833772,0,0.25,0.749657705786755,"HIGH LOW","R1"
32,368,2,166.727124304743,34,3,3.50057473107067,0,0.25,0.881105607865364,"HIGH LOW","R1"
32,373,7,165.657746037148,34,3,3.49773801110506,0,0.25,0.869252462459755,"HIGH LOW","R1"
32,378,12,132.920159902001,34,3,3.49872067563595,0,0.25,0.193167304303212,"HIGH LOW","R1"
34,393,5,98.8367478200136,34,1,1.49857819786169,0,0.25,0.00746431312407106,"HIGH LOW","R1"
25,295,10,233.730759052392,35,11,11.5004858670986,0,0.25,0.999850188105394,"HIGH LOW","R1"
26,306,10,218.643730005834,35,10,10.5020234866284,0,0.25,0.999307256877346,"HIGH LOW","R1"
29,331,1,211.214939500843,35,7,7.50085691555212,0,0.25,0.998528345920577,"HIGH LOW","R1"
29,333,3,198.082170925587,35,7,7.49934960882165,0,0.25,0.994439517076086,"HIGH LOW","R1"
29,339,9,220.701944648381,35,7,7.49978314527036,0,0.25,0.999437824276011,"HIGH LOW","R1"
30,344,2,159.874130749195,35,6,6.4991020626553,0,0.25,0.787034368126067,"HIGH LOW","R1"
30,347,5,162.753543469718,35,6,6.49873287932237,0,0.25,0.831947756196067,"HIGH LOW","R1"
30,349,7,197.859666801166,35,6,6.50022749241568,0,0.25,0.994313190935477,"HIGH LOW","R1"
30,354,12,175.751694268016,35,6,6.49924529040681,0,0.25,0.948788797177678,"HIGH LOW","R1"
31,359,4,182.166527522372,35,5,5.49835333176554,0,0.25,0.972629599793891,"HIGH LOW","R1"
31,363,8,169.390456342681,35,5,5.49896878324533,0,0.25,0.906646248207719,"HIGH LOW","R1"
31,364,9,156.593470422516,35,5,5.4975162015436,0,0.25,0.725925588677595,"HIGH LOW","R1"
32,368,2,188.699718850522,35,4,4.50139846307504,0,0.25,0.985710978081244,"HIGH LOW","R1"
32,373,7,187.30816550854,35,4,4.50005738317063,0,0.25,0.983578143379803,"HIGH LOW","R1"
32,378,12,145.766912116179,35,4,4.49882238629113,0,0.25,0.46874123366167,"HIGH LOW","R1"
33,379,1,152.798368340911,35,3,3.49957835255282,0,0.25,0.643071889202579,"HIGH LOW","R1"
33,388,10,161.788102442806,35,3,3.49944263522154,0,0.25,0.817793800309992,"HIGH LOW","R1"
25,295,10,236.696057806112,36,12,12.4999990746001,0,0.25,0.999889131414684,"HIGH LOW","R1"
30,344,2,164.813142757305,36,7,7.50038847486472,0,0.25,0.859193887526311,"HIGH LOW","R1"
30,347,5,167.953065494017,36,7,7.49965307528051,0,0.25,0.893539315543666,"HIGH LOW","R1"
30,349,7,206.76942697771,36,7,7.49900824207273,0,0.25,0.997690776554944,"HIGH LOW","R1"
30,354,12,182.210999464204,36,7,7.5010449960415,0,0.25,0.972749547711741,"HIGH LOW","R1"
31,363,8,178.210280589668,36,6,6.49889961138713,0,0.25,0.959645228608027,"HIGH LOW","R1"
31,364,9,163.745537905937,36,6,6.50085819357053,0,0.25,0.84556272092316,"HIGH LOW","R1"
32,368,2,206.611356908745,36,5,5.49921518373928,0,0.25,0.997653503962489,"HIGH LOW","R1"
32,373,7,204.908328735802,36,5,5.49927784005613,0,0.25,0.997211809449136,"HIGH LOW","R1"
32,378,12,155.240192702836,36,5,5.50059785580704,0,0.25,0.697758431988163,"HIGH LOW","R1"
33,379,1,170.742738563815,36,4,4.49984086479657,0,0.25,0.917636330367133,"HIGH LOW","R1"
33,380,2,164.019611800314,36,4,4.49898972644291,0,0.25,0.849161756788734,"HIGH LOW","R1"
33,381,3,156.584790390861,36,4,4.49933226953992,0,0.25,0.725750211564255,"HIGH LOW","R1"
34,391,3,129.317316230921,36,3,3.49997635029466,0,0.25,0.142416224511868,"HIGH LOW","R1"
34,395,7,149.018429006232,36,3,3.4992337790148,0,0.25,0.551055410956406,"HIGH LOW","R1"
34,397,9,147.634925395396,36,3,3.50199642294388,0,0.25,0.516110792357807,"HIGH LOW","R1"
34,398,10,151.331025265346,36,3,3.49951081503168,0,0.25,0.608196908671237,"HIGH LOW","R1"
34,400,12,151.148288416195,36,3,3.50128166461646,0,0.25,0.603766916298409,"HIGH LOW","R1"
35,403,3,125.364949069124,36,2,2.50003558339964,0,0.25,0.10005098713317,"HIGH LOW","R1"
30,344,2,168.436957776555,37,8,8.50347452333633,0,0.25,0.898123410471498,"HIGH LOW","R1"
30,347,5,171.791497210496,37,8,8.49974323520666,0,0.25,0.925334674449161,"HIGH LOW","R1"
30,349,7,213.784521225454,37,8,8.50037961982555,0,0.25,0.998865911489596,"HIGH LOW","R1"
30,354,12,187.104654920513,37,8,8.50041227233789,0,0.25,0.983241035858688,"HIGH LOW","R1"
31,364,9,169.036379138384,37,7,7.50044030036545,0,0.25,0.903558651645394,"HIGH LOW","R1"
32,368,2,221.212581050043,37,6,6.50145464594011,0,0.25,0.999466213069351,"HIGH LOW","R1"
33,379,1,184.826051574727,37,5,5.49907903887629,0,0.25,0.978970370170354,"HIGH LOW","R1"
33,381,3,167.949825983498,37,5,5.50026179402931,0,0.25,0.893508022839791,"HIGH LOW","R1"
34,395,7,165.933483961668,37,4,4.50021486660155,0,0.25,0.872401558251738,"HIGH LOW","R1"
34,397,9,164.180179264397,37,4,4.499959812708,0,0.25,0.85123805297555,"HIGH LOW","R1"
34,398,10,168.872538101695,37,4,4.49918623506543,0,0.25,0.902099292605916,"HIGH LOW","R1"
34,400,12,168.639922372174,37,4,4.50171725016535,0,0.25,0.89999353904349,"HIGH LOW","R1"
37,433,11,102.182611349212,37,1,1.5005402430214,0,0.25,0.0104524018605401,"HIGH LOW","R1"
30,347,5,174.62513422044,38,9,9.49891124343003,0,0.25,0.942937109476298,"HIGH LOW","R1"
30,349,7,219.307851408265,38,9,9.50177503806175,0,0.25,0.999352399105581,"HIGH LOW","R1"
30,354,12,190.812153327493,38,9,9.49921322517304,0,0.25,0.988437429460198,"HIGH LOW","R1"
31,364,9,172.950352407212,38,8,8.49914477257844,0,0.25,0.933068006399575,"HIGH LOW","R1"
33,379,1,195.879083968706,38,6,6.49972398327944,0,0.25,0.99305531438012,"HIGH LOW","R1"
33,380,2,186.637331985353,38,6,6.49888924749989,0,0.25,0.982440981808096,"HIGH LOW","R1"
33,381,3,176.573474374586,38,6,6.49893388001114,0,0.25,0.952694386368783,"HIGH LOW","R1"
34,389,1,183.921820253847,38,5,5.50108705777507,0,0.25,0.976994781570519,"HIGH LOW","R1"
34,395,7,179.063156795756,38,5,5.49839122399592,0,0.25,0.962868406705888,"HIGH LOW","R1"
34,397,9,176.969881477462,38,5,5.49945362416912,0,0.25,0.954475587779735,"HIGH LOW","R1"
34,400,12,182.302470291095,38,5,5.50055869751993,0,0.25,0.972994654982928,"HIGH LOW","R1"
35,402,2,158.421073929565,38,4,4.49912684180924,0,0.25,0.761261624886534,"HIGH LOW","R1"
35,404,4,167.868715650048,38,4,4.49906921963917,0,0.25,0.892721876637899,"HIGH LOW","R1"
35,406,6,167.737149242771,38,4,4.50057174817809,0,0.25,0.891435835773627,"HIGH LOW","R1"
36,415,3,151.236890720076,38,3,3.49889377193162,0,0.25,0.605917030244471,"HIGH LOW","R1"
36,418,6,147.31283244437,38,3,3.50027050314359,0,0.25,0.507939988024842,"HIGH LOW","R1"
36,420,8,143.490249633017,38,3,3.49941581987996,0,0.25,0.411842614196696,"HIGH LOW","R1"
30,347,5,176.717003842519,39,10,10.5011034055243,0,0.25,0.953346838459177,"HIGH LOW","R1"
30,349,7,223.65664206324,39,10,10.5008839799529,0,0.25,0.999583468230558,"HIGH LOW","R1"
30,354,12,193.621003390698,39,10,10.5013107539049,0,0.25,0.991281413755103,"HIGH LOW","R1"
31,364,9,175.845768481153,39,9,9.4988429468331,0,0.25,0.949250910730683,"HIGH LOW","R1"
33,379,1,204.553855665373,39,7,7.49889469016057,0,0.25,0.997109928736255,"HIGH LOW","R1"
33,381,3,183.116992075603,39,7,7.50113126480773,0,0.25,0.975084744862306,"HIGH LOW","R1"
34,389,1,194.837489925328,39,6,6.49999352872286,0,0.25,0.992286609469717,"HIGH LOW","R1"
34,391,3,156.436965157366,39,6,6.49978485502808,0,0.25,0.722752758145735,"HIGH LOW","R1"
34,395,7,189.254569663429,39,6,6.49875298454561,0,0.25,0.986483120329913,"HIGH LOW","R1"
34,400,12,192.974155744071,39,6,6.50136426294843,0,0.25,0.990695097341523,"HIGH LOW","R1"
35,401,1,167.407689516684,39,5,5.5001261923418,0,0.25,0.888155890550877,"HIGH LOW","R1"
35,402,2,170.123329628065,39,5,5.50053406949227,0,0.25,0.912756545867755,"HIGH LOW","R1"
35,404,4,181.378422458756,39,5,5.50061207134743,0,0.25,0.970416913889808,"HIGH LOW","R1"
36,415,3,168.752701020433,39,4,4.49914894396276,0,0.25,0.901019449740452,"HIGH LOW","R1"
36,418,6,163.772529669788,39,4,4.49965692040959,0,0.25,0.845920259106666,"HIGH LOW","R1"
36,420,8,158.950123907109,39,4,4.50053945460327,0,0.25,0.770886653200728,"HIGH LOW","R1"
37,426,4,154.896467024424,39,3,3.4997363995283,0,0.25,0.690348074274479,"HIGH LOW","R1"
37,427,5,140.24121601926,39,3,3.50066386626697,0,0.25,0.334871046732381,"HIGH LOW","R1"
37,433,11,155.998430557626,39,3,3.50072187419215,0,0.25,0.713742818826938,"HIGH LOW","R1"
38,445,11,126.391043733039,39,2,2.49986437422253,0,0.25,0.109830233648552,"HIGH LOW","R1"
38,446,12,127.102941753765,39,2,2.50191386989703,0,0.25,0.117098761689211,"HIGH LOW","R1"
30,347,5,178.261280156111,40,11,11.500117345776,0.595175871712183,0.25,0.959845280767342,"HIGH LOW","R1"
30,349,7,227.080659736428,40,11,11.4981691699929,0.595175871712183,0.25,0.999705748041962,"HIGH LOW","R1"
31,364,9,177.98769272678,40,10,10.5015616644665,0.595175871712183,0.25,0.958760870879051,"HIGH LOW","R1"
33,379,1,211.362092654734,40,8,8.4999363212326,0.595175871712183,0.25,0.998550138539963,"HIGH LOW","R1"
33,381,3,188.082132345906,40,8,8.49948168431648,0.595175871712183,0.25,0.98480035128293,"HIGH LOW","R1"
34,389,1,203.389885151633,40,7,7.49983504591527,0.595175871712183,0.25,0.996748555467779,"HIGH LOW","R1"
34,391,3,161.073917412679,40,7,7.50095339413091,0.595175871712183,0.25,0.806738956666998,"HIGH LOW","R1"
34,395,7,197.165269156998,40,7,7.50025415790857,0.595175871712183,0.25,0.993900310852109,"HIGH LOW","R1"
34,400,12,201.309707142178,40,7,7.50133920445413,0.595175871712183,0.25,0.995986994535327,"HIGH LOW","R1"
35,401,1,175.958062362255,40,6,6.50083088462371,0.595175871712183,0.25,0.949797355681475,"HIGH LOW","R1"
35,402,2,179.043763940268,40,6,6.49945608866394,0.595175871712183,0.25,0.962797945074361,"HIGH LOW","R1"
35,404,4,191.912044326765,40,6,6.49977708072944,0.595175871712183,0.25,0.989646535924146,"HIGH LOW","R1"
36,418,6,176.483780436765,40,5,5.50085009246239,0.595175871712183,0.25,0.952282265075504,"HIGH LOW","R1"
36,422,10,163.016747762107,40,5,5.50183764364071,0.595175871712183,0.25,0.835650952110455,"HIGH LOW","R1"
37,425,3,168.703500300954,40,4,4.49781009842224,0.595175871712183,0.25,0.900573043738987,"HIGH LOW","R1"
37,426,4,173.424068925445,40,4,4.50105967332845,0.595175871712183,0.25,0.936009953943394,"HIGH LOW","R1"
37,427,5,154.874009432283,40,4,4.50156363751451,0.595175871712183,0.25,0.689860435757673,"HIGH LOW","R1"
37,428,6,162.144587313804,40,4,4.50001672342279,0.595175871712183,0.25,0.82312517014598,"HIGH LOW","R1"
37,433,11,174.8357366946,40,4,4.499223778613,0.595175871712183,0.25,0.944076818931951,"HIGH LOW","R1"
37,434,12,164.975260768005,40,4,4.50118094447422,0.595175871712183,0.25,0.861173492782072,"HIGH LOW","R1"
38,437,3,146.891170580817,40,3,3.50074656341481,0.595175871712183,0.25,0.497237600658846,"HIGH LOW","R1"
38,439,5,143.616664050193,40,3,3.50066756215571,0.595175871712183,0.25,0.414955131136725,"HIGH LOW","R1"
38,440,6,156.819236250372,40,3,3.49938477498074,0.595175871712183,0.25,0.730462508765892,"HIGH LOW","R1"
38,441,7,151.712210857502,40,3,3.50068529218185,0.595175871712183,0.25,0.61737990284447,"HIGH LOW","R1"
38,442,8,148.359013122191,40,3,3.499343698054,0.595175871712183,0.25,0.534441330454076,"HIGH LOW","R1"
38,445,11,147.856700519008,40,3,3.50050598686049,0.595175871712183,0.25,0.521732010027527,"HIGH LOW","R1"
39,454,7,121.987926963438,40,2,2.50046097284966,0.595175871712183,0.25,0.0731326686363081,"HIGH LOW","R1"
31,364,9,179.572210929637,41,11,11.4985117952378,0.749323626893818,0.25,0.964672741406586,"HIGH LOW","R1"
33,379,1,216.705413784569,41,9,9.50008272642565,0.749323626893818,0.25,0.999156710386257,"HIGH LOW","R1"
34,395,7,203.305650995129,41,8,8.49973897589986,0.749323626893818,0.25,0.996720719834771,"HIGH LOW","R1"
35,401,1,182.438464642057,41,7,7.49998667775569,0.749323626893818,0.25,0.97335511042816,"HIGH LOW","R1"
35,404,4,200.125189973025,41,7,7.49945566559648,0.749323626893818,0.25,0.995476461339437,"HIGH LOW","R1"
36,418,6,186.300236587093,41,6,6.5011225215023,0.749323626893818,0.25,0.981840704472581,"HIGH LOW","R1"
36,422,10,170.984757625461,41,6,6.4999460131236,0.749323626893818,0.25,0.919474580328508,"HIGH LOW","R1"
37,427,5,165.929044619828,41,5,5.50130144860128,0.749323626893818,0.25,0.87235137510975,"HIGH LOW","R1"
37,433,11,189.754805594525,41,5,5.4998439037747,0.749323626893818,0.25,0.987143896078241,"HIGH LOW","R1"
37,434,12,177.918619220742,41,5,5.49882920724217,0.749323626893818,0.25,0.958482685945456,"HIGH LOW","R1"
38,437,3,163.239169918742,41,4,4.50051136667641,0.749323626893818,0.25,0.838729010448845,"HIGH LOW","R1"
38,438,4,150.067821077451,41,4,4.4998728065097,0.749323626893818,0.25,0.577247245025642,"HIGH LOW","R1"
38,439,5,159.109142232054,41,4,4.49947698926065,0.749323626893818,0.25,0.773725800780306,"HIGH LOW","R1"
38,440,6,175.888734399197,41,4,4.50107882870918,0.749323626893818,0.25,0.949460653469794,"HIGH LOW","R1"
38,442,8,165.097344789289,41,4,4.50176752396079,0.749323626893818,0.25,0.862648794810024,"HIGH LOW","R1"
38,446,12,165.715158550124,41,4,4.49875882984956,0.749323626893818,0.25,0.869913544779214,"HIGH LOW","R1"
39,448,1,146.439747399099,41,3,3.50078977174716,0.749323626893818,0.25,0.485782888599655,"HIGH LOW","R1"
33,379,1,220.899022312175,42,10,10.4980638328048,0.822558266958471,0.25,0.999448955344434,"HIGH LOW","R1"
35,401,1,187.350018145812,42,8,8.50129095749176,0.822558266958471,0.25,0.983646639557998,"HIGH LOW","R1"
36,418,6,193.881143699841,42,7,7.50071802759528,0.822558266958471,0.25,0.991506750046509,"HIGH LOW","R1"
38,438,4,160.273648169125,42,5,5.50006090194854,0.822558266958471,0.25,0.793754182162901,"HIGH LOW","R1"
38,442,8,178.064372356416,42,5,5.49999910420694,0.822558266958471,0.25,0.959067599128572,"HIGH LOW","R1"
39,453,6,160.746030641432,42,4,4.5001284986948,0.822558266958471,0.25,0.801495436289308,"HIGH LOW","R1"
39,456,9,152.395618695378,42,4,4.50150764710089,0.822558266958471,0.25,0.633631988063914,"HIGH LOW","R1"
40,458,1,155.506410151281,42,3,3.49966106798136,0.822558266958471,0.25,0.703428115166627,"HIGH LOW","R1"
40,463,6,153.64802223981,42,3,3.50094149099,0.822558266958471,0.25,0.662619492293319,"HIGH LOW","R1"
40,464,7,148.532606581462,42,3,3.49834963535683,0.822558266958471,0.25,0.538823988461753,"HIGH LOW","R1"
40,465,8,157.768276561351,42,3,3.4988017710635,0.822558266958471,0.25,0.749008025258196,"HIGH LOW","R1"
40,469,12,160.255686855498,42,3,3.50056038791524,0.822558266958471,0.25,0.793455474454324,"HIGH LOW","R1"
41,474,4,130.013758040775,42,2,2.49968649283341,0.822558266958471,0.25,0.151272727674169,"HIGH LOW","R1"
41,475,5,135.5896722238,42,2,2.49943654880611,0.822558266958471,0.25,0.238936727550062,"HIGH LOW","R1"
41,477,7,120.758483551237,42,2,2.50033224763785,0.822558266958471,0.25,0.0651092175212736,"HIGH LOW","R1"
36,418,6,199.735614169837,43,8,8.50050496897261,0.669389072181857,0.25,0.995294807720451,"HIGH LOW","R1"
40,458,1,174.205148286973,43,4,4.49914534310638,0.669389072181857,0.25,0.940598864252399,"HIGH LOW","R1"
40,469,12,180.311191854434,43,4,4.5005723586842,0.669389072181857,0.25,0.967142459467686,"HIGH LOW","R1"
41,473,3,144.516931919948,43,3,3.50070748774873,0.669389072181857,0.25,0.437303779532159,"HIGH LOW","R1"
41,474,4,152.909501498843,43,3,3.49911397836015,0.669389072181857,0.25,0.645657620240158,"HIGH LOW","R1"
41,475,5,160.7678067251,43,3,3.50057336852231,0.669389072181857,0.25,0.801846969455473,"HIGH LOW","R1"
41,476,6,143.962260485992,43,3,3.49935530772258,0.669389072181857,0.25,0.423498268313935,"HIGH LOW","R1"
41,481,11,147.126176994113,43,3,3.50083427236208,0.669389072181857,0.25,0.503202718780773,"HIGH LOW","R1"
42,488,3,124.040546599628,43,2,2.50120222320944,0.669389072181857,0.25,0.0885775626385664,"HIGH LOW","R1"
42,500,15,121.507197934224,43,2,2.50014303647178,0.669389072181857,0.25,0.0698923045100566,"HIGH LOW","R1"
36,418,6,204.256817763855,44,9,9.50006598055138,0.878187129667429,0.25,0.997021703061741,"HIGH LOW","R1"
41,478,8,161.93385884729,44,4,4.49952215686766,0.878187129667429,0.25,0.81998859333069,"HIGH LOW","R1"
41,482,12,170.995703912517,44,4,4.49917080433935,0.878187129667429,0.25,0.919556831416191,"HIGH LOW","R1"
42,486,1,155.884439368413,44,3,3.49871555612368,0.878187129667429,0.25,0.711372292282201,"HIGH LOW","R1"
42,490,5,151.1510234032,44,3,3.50027337878711,0.878187129667429,0.25,0.603833346773328,"HIGH LOW","R1"
42,491,6,147.385932820364,44,3,3.49940569398124,0.878187129667429,0.25,0.50979491604785,"HIGH LOW","R1"
42,498,13,147.678446399492,44,3,3.49916034223298,0.878187129667429,0.25,0.517214262841194,"HIGH LOW","R1"
42,499,14,141.860921589576,44,3,3.49885272522419,0.878187129667429,0.25,0.37243543720285,"HIGH LOW","R1"
43,504,4,124.343640747524,44,2,2.49852268819931,0.878187129667429,0.25,0.0910936433942212,"HIGH LOW","R1"
41,473,3,172.28382344655,45,5,5.49946069811283,0.710766782431531,0.25,0.928715711734881,"HIGH LOW","R1"
41,482,12,185.130029552259,45,5,5.49886797949126,0.710766782431531,0.25,0.979596465997727,"HIGH LOW","R1"
42,490,5,168.64340341033,45,4,4.50187712294692,0.710766782431531,0.25,0.900025345800926,"HIGH LOW","R1"
42,498,13,164.23527619298,45,4,4.49936989992173,0.710766782431531,0.25,0.851945055897717,"HIGH LOW","R1"
43,503,3,150.010787151363,45,3,3.49853308889327,0.710766782431531,0.25,0.575833473457891,"HIGH LOW","R1"
43,506,6,143.635250136242,45,3,3.50065599189364,0.710766782431531,0.25,0.415413328297085,"HIGH LOW","R1"
43,509,9,150.455092454148,45,3,3.4979685371352,0.710766782431531,0.25,0.586812473862357,"HIGH LOW","R1"
43,511,11,149.557456343315,45,3,3.50123847917141,0.710766782431531,0.25,0.564553847580758,"HIGH LOW","R1"
41,473,3,181.504030066375,46,6,6.50207070143495,0.674821086617324,0.25,0.970780844673636,"HIGH LOW","R1"
42,500,15,167.216119954859,46,5,5.49927183792839,0.674821086617324,0.25,0.886209137441426,"HIGH LOW","R1"
43,506,6,159.132524575759,46,4,4.49915533739386,0.674821086617324,0.25,0.774141168154403,"HIGH LOW","R1"
43,512,12,153.637048698746,46,4,4.49958822525442,0.674821086617324,0.25,0.662370369079088,"HIGH LOW","R1"
44,515,1,149.263326691214,46,3,3.50060123885561,0.674821086617324,0.25,0.557198742035984,"HIGH LOW","R1"
44,517,3,160.424458729627,46,3,3.50039371445555,0.674821086617324,0.25,0.796249638434759,"HIGH LOW","R1"
43,502,2,159.80395273962,47,5,5.50123532783801,0.69021327504668,0.25,0.785837638279324,"HIGH LOW","R1"
44,515,1,166.244229925381,47,4,4.49957677586443,0.69021327504668,0.25,0.875872627120165,"HIGH LOW","R1"
44,517,3,180.528964125391,47,4,4.5008223503408,0.69021327504668,0.25,0.96783788771966,"HIGH LOW","R1"
44,519,5,153.080467122571,47,4,4.50026035054636,0.69021327504668,0.25,0.649618860373353,"HIGH LOW","R1"
44,520,6,156.249518421465,47,4,4.49990042687627,0.69021327504668,0.25,0.718923000102902,"HIGH LOW","R1"
44,525,11,154.050343815969,47,4,4.4993798616844,0.69021327504668,0.25,0.671689897887416,"HIGH LOW","R1"
44,528,14,164.080972292962,47,4,4.49950851317222,0.69021327504668,0.25,0.849958008158347,"HIGH LOW","R1"
46,540,1,128.181098527045,47,2,2.5006845087653,0.69021327504668,0.25,0.128899106422663,"HIGH LOW","R1"
46,543,4,124.020432704245,47,2,2.50164829363095,0.69021327504668,0.25,0.0884128301375316,"HIGH LOW","R1"
44,520,6,167.553483712131,48,5,5.49943509097709,0.612635818132081,0.25,0.889617902745887,"HIGH LOW","R1"
46,540,1,150.348152294724,48,3,3.5004799242717,0.612635818132081,0.25,0.58417737316987,"HIGH LOW","R1"
46,541,2,157.152121321006,48,3,3.50014455277743,0.612635818132081,0.25,0.737064960296414,"HIGH LOW","R1"
46,543,4,144.573055908038,48,3,3.49978332717064,0.612635818132081,0.25,0.438706478007701,"HIGH LOW","R1"
46,545,6,164.47575011179,48,3,3.50035318618453,0.612635818132081,0.25,0.854998357325051,"HIGH LOW","R1"
47,550,2,131.870437876346,48,2,2.49731573597253,0.612635818132081,0.25,0.177097043387257,"HIGH LOW","R1"
47,556,8,131.614419554752,48,2,2.50137432450535,0.612635818132081,0.25,0.173340562227855,"HIGH LOW","R1"
44,520,6,176.123532641979,49,6,6.49951074161864,0.762145537130139,0.25,0.950592420264043,"HIGH LOW","R1"
46,543,4,160.313223574558,49,4,4.50120549856467,0.762145537130139,0.25,0.794411216710763,"HIGH LOW","R1"
46,544,5,165.669168137293,49,4,4.49941419423794,0.762145537130139,0.25,0.869384210446234,"HIGH LOW","R1"
46,545,6,185.772535953397,49,4,4.49921637947772,0.762145537130139,0.25,0.980860346325018,"HIGH LOW","R1"
47,553,5,144.324411789236,49,3,3.50044585907457,0.762145537130139,0.25,0.432499898831068,"HIGH LOW","R1"
47,555,7,162.318584861468,49,3,3.49993567344374,0.762145537130139,0.25,0.825682556086905,"HIGH LOW","R1"
47,557,9,157.514671195819,49,3,3.49987137877672,0.762145537130139,0.25,0.744136345783439,"HIGH LOW","R1"
48,566,8,129.782211523039,49,2,2.49886176168013,0.762145537130139,0.25,0.148279044958996,"HIGH LOW","R1"
46,543,4,172.367785939349,50,5,5.50145958529129,1.62840340608637,0.25,0.92927802654813,"HIGH LOW","R1"
47,553,5,160.00001097477,50,4,4.49975368820281,1.62840340608637,0.25,0.789168735050213,"HIGH LOW","R1"
48,564,6,148.684102791538,50,3,3.49987812699724,1.62840340608637,0.25,0.542643889636083,"HIGH LOW","R1"
48,567,9,153.039275598497,50,3,3.49810615721099,1.62840340608637,0.25,0.648666320909218,"HIGH LOW","R1"
49,570,2,117.36326025422,50,2,2.50033690868271,1.62840340608637,0.25,0.0470169617600504,"HIGH LOW","R1"
49,574,6,132.543071629349,50,2,2.49730859934421,1.62840340608637,0.25,0.187270182745056,"HIGH LOW","R1"
46,543,4,181.599738030668,51,6,6.50049822636997,1.38624502229538,0.25,0.971055226799381,"HIGH LOW","R1"
48,564,6,165.509452459936,51,4,4.49891020321658,1.38624502229538,0.25,0.867531706121962,"HIGH LOW","R1"
49,569,1,150.745024723601,51,3,3.4996962948764,1.38624502229538,0.25,0.593931292541435,"HIGH LOW","R1"
49,578,10,142.590493901194,51,3,3.50053606346903,1.38624502229538,0.25,0.389905932584371,"HIGH LOW","R1"
50,585,7,120.864977535102,51,2,2.49968805610088,1.38624502229538,0.25,0.0657704828225333,"HIGH LOW","R1"
51,593,4,106.829494195289,51,1,1.50084006282577,1.38624502229538,0.25,0.0166491468303949,"HIGH LOW","R1"
49,569,1,168.126814724505,52,4,4.50118082739302,0.889519680332174,0.25,0.895205850838651,"HIGH LOW","R1"
50,582,4,152.790193381404,52,3,3.49939307564952,0.889519680332174,0.25,0.642881351027489,"HIGH LOW","R1"
49,570,2,158.90559592908,53,5,5.49844541816351,0.837182096393464,0.25,0.770087168952948,"HIGH LOW","R1"
50,583,5,169.656739831397,53,4,4.49936458963876,0.837182096393464,0.25,0.908909555866558,"HIGH LOW","R1"
50,584,6,165.410013019606,53,4,4.50012893343096,0.837182096393464,0.25,0.866367120644699,"HIGH LOW","R1"
51,593,4,167.021502274691,53,3,3.49943751313148,0.837182096393464,0.25,0.884201232024764,"HIGH LOW","R1"
52,603,3,129.689204252538,53,2,2.49953856850466,0.837182096393464,0.25,0.147090391427335,"HIGH LOW","R1"
52,605,5,136.171435265211,53,2,2.49955300503427,0.837182096393464,0.25,0.249842974343669,"HIGH LOW","R1"
50,583,5,183.522015526265,54,5,5.50074408058278,1.39664047468514,0.25,0.976064526857504,"HIGH LOW","R1"
51,593,4,189.083156775304,54,4,4.50109520831158,1.39664047468514,0.25,0.986249077256255,"HIGH LOW","R1"
52,603,3,152.455122068975,54,3,3.5007497212195,1.39664047468514,0.25,0.635033345716697,"HIGH LOW","R1"
52,605,5,161.593323052737,54,3,3.49942785243202,1.39664047468514,0.25,0.814828433933843,"HIGH LOW","R1"
52,607,7,148.352784645542,54,3,3.49898316856115,1.39664047468514,0.25,0.534283979166617,"HIGH LOW","R1"
52,608,8,142.894501773724,54,3,3.50050854791988,1.39664047468514,0.25,0.397272917602418,"HIGH LOW","R1"
53,614,6,136.94043999682,54,2,2.49862462562514,1.39664047468514,0.25,0.264760421748121,"HIGH LOW","R1"
51,599,10,165.995937540833,55,5,5.49953351161921,1.10221004260983,0.25,0.873105761301436,"HIGH LOW","R1"
52,608,8,158.201150976296,55,4,4.50092200331177,1.10221004260983,0.25,0.757179802135392,"HIGH LOW","R1"
53,609,1,153.042721018697,55,3,3.50175974911455,1.10221004260983,0.25,0.648746040543802,"HIGH LOW","R1"
51,599,10,174.356909836784,56,6,6.49852269351297,1.79533928200423,0.25,0.941453967369273,"HIGH LOW","R1"
54,618,1,155.459269099585,56,3,3.49983338404942,1.79533928200423,0.25,0.702428631351027,"HIGH LOW","R1"
54,618,1,174.14475515219,57,4,4.49971549168863,1.27637965699704,0.25,0.940255334082257,"HIGH LOW","R1"
54,627,10,164.875572195736,57,4,4.50211508845871,1.27637965699704,0.25,0.859958986380692,"HIGH LOW","R1"
55,631,3,140.981226166723,57,3,3.49839467818093,1.27637965699704,0.25,0.35180821732673,"HIGH LOW","R1"
55,632,4,148.686587405805,57,3,3.500237280759,1.27637965699704,0.25,0.542706497410217,"HIGH LOW","R1"
54,618,1,188.921185119987,58,5,5.49853629548736,0.935378513532952,0.25,0.986024255165854,"HIGH LOW","R1"
54,627,10,177.799618332309,58,5,5.50019235826149,0.935378513532952,0.25,0.957999209327961,"HIGH LOW","R1"
55,632,4,165.512602934095,58,4,4.50073520265837,0.935378513532952,0.25,0.867568461993333,"HIGH LOW","R1"
56,643,6,152.100882377097,58,3,3.50012736511591,0.935378513532952,0.25,0.626657689544718,"HIGH LOW","R1"
56,645,8,151.948842959452,58,3,3.5004627269688,0.935378513532952,0.25,0.623039097144082,"HIGH LOW","R1"
56,647,10,153.447673723562,58,3,3.49953849676492,0.935378513532952,0.25,0.658057034277045,"HIGH LOW","R1"
57,649,1,120.498017810026,58,2,2.49939654405353,0.935378513532952,0.25,0.0635178621026603,"HIGH LOW","R1"
57,651,3,115.973676887609,58,2,2.49838301325255,0.935378513532952,0.25,0.0410843287199681,"HIGH LOW","R1"
57,652,4,135.022220152501,58,2,2.50034415226128,0.935378513532952,0.25,0.228617778628946,"HIGH LOW","R1"
57,653,5,122.803409128911,58,2,2.49914828976733,0.935378513532952,0.25,0.0789472482865528,"HIGH LOW","R1"
56,640,3,166.666099754926,59,4,4.49849097578932,1.7102003785235,0.25,0.880454993259972,"HIGH LOW","R1"
56,647,10,171.571634845196,59,4,4.49962904529784,1.7102003785235,0.25,0.923777639743938,"HIGH LOW","R1"
57,652,4,159.963615433445,59,3,3.50077517134829,1.7102003785235,0.25,0.788553244402909,"HIGH LOW","R1"
57,649,1,154.231570769625,60,4,4.50143419017444,1.27087927625585,0.25,0.675734710014092,"HIGH LOW","R1"
57,653,5,158.200961926459,60,4,4.49979742250637,1.27087927625585,0.25,0.757176273012006,"HIGH LOW","R1"
58,662,6,146.894104719982,60,3,3.50040650502723,1.27087927625585,0.25,0.497312075978417,"HIGH LOW","R1"
58,663,7,154.628235952617,60,3,3.50068368987322,1.27087927625585,0.25,0.684496323917822,"HIGH LOW","R1"
58,663,7,173.080803722125,61,4,4.5006720202451,1.06216055207158,0.25,0.933890456905706,"HIGH LOW","R1"
59,669,4,135.606274829235,61,3,3.50118015193094,1.06216055207158,0.25,0.239243400551866,"HIGH LOW","R1"
59,672,7,136.804652908674,61,3,3.49999680287887,1.06216055207158,0.25,0.262085371792439,"HIGH LOW","R1"
59,673,8,151.164704927938,61,3,3.50140736961702,1.06216055207158,0.25,0.604165601649932,"HIGH LOW","R1"
60,678,3,129.899156394198,61,2,2.49979135341547,1.06216055207158,0.25,0.14978487250956,"HIGH LOW","R1"
57,653,5,178.747123420828,62,6,6.50099091562323,1.49869275718493,0.25,0.961703988783523,"HIGH LOW","R1"
59,667,2,168.571051444789,62,4,4.50080552827326,1.49869275718493,0.25,0.899362403565641,"HIGH LOW","R1"
59,669,4,149.095746252814,62,4,4.50108727353295,1.49869275718493,0.25,0.552996711137397,"HIGH LOW","R1"
59,675,10,165.53190448673,62,4,4.4995080844299,1.49869275718493,0.25,0.867793460233181,"HIGH LOW","R1"
60,676,1,154.660583048355,62,3,3.49956756711671,1.49869275718493,0.25,0.685205169982627,"HIGH LOW","R1"
60,678,3,152.749019521491,62,3,3.50003963770224,1.49869275718493,0.25,0.641921003649528,"HIGH LOW","R1"
60,683,8,148.377090363535,62,3,3.49885456816421,1.49869275718493,0.25,0.534897980595874,"HIGH LOW","R1"
60,685,10,142.077683042471,62,3,3.5008411841749,1.49869275718493,0.25,0.377593652110505,"HIGH LOW","R1"
61,693,7,134.363819920698,62,2,2.50024282665353,1.49869275718493,0.25,0.217043147357281,"HIGH LOW","R1"
59,675,10,178.583345150749,63,5,5.5005104028483,0.903618293351054,0.25,0.961086835688239,"HIGH LOW","R1"
60,677,2,159.617309665954,63,4,4.50018301895636,0.903618293351054,0.25,0.782631087015511,"HIGH LOW","R1"
60,678,3,170.6797735807,63,4,4.50039143975371,0.903618293351054,0.25,0.917151857401084,"HIGH LOW","R1"
60,683,8,165.120255421864,63,4,4.5011120103677,0.903618293351054,0.25,0.862924180729302,"HIGH LOW","R1"
60,684,9,170.483963596403,63,4,4.50067074638946,0.903618293351054,0.25,0.915628626295862,"HIGH LOW","R1"
61,690,4,165.38029281755,63,3,3.499239147402,0.903618293351054,0.25,0.866017375519292,"HIGH LOW","R1"
61,693,7,159.031794795225,63,3,3.5005846971454,0.903618293351054,0.25,0.772347941237073,"HIGH LOW","R1"
59,675,10,188.704506187604,64,6,6.4998800194259,1.38076628297336,0.25,0.985717822682227,"HIGH LOW","R1"
60,677,2,171.541729032381,64,5,5.49984389587686,1.38076628297336,0.25,0.923563563306353,"HIGH LOW","R1"
62,700,4,133.234412249882,64,3,3.49899231490357,1.38076628297336,0.25,0.198188830188759,"HIGH LOW","R1"
62,702,6,130.046782828336,64,3,3.49931966099092,1.38076628297336,0.25,0.151703731479277,"HIGH LOW","R1"
62,697,1,162.875548220653,65,4,4.4997672581091,1.48321151604385,0.25,0.833672537332988,"HIGH LOW","R1"
62,700,4,146.155598572408,65,4,4.49857863107753,1.48321151604385,0.25,0.478579597627077,"HIGH LOW","R1"
62,702,6,142.222315232745,65,4,4.50005850754545,1.48321151604385,0.25,0.381050989461934,"HIGH LOW","R1"
63,708,5,144.045160994318,65,3,3.50176203681275,1.48321151604385,0.25,0.425554590612699,"HIGH LOW","R1"
62,697,1,175.414966301795,66,5,5.50045784075201,1.43934377902019,0.25,0.947101892348355,"HIGH LOW","R1"
62,700,4,155.694010548208,66,5,5.49938330826873,1.43934377902019,0.25,0.70738629372063,"HIGH LOW","R1"
62,700,4,162.735260534788,67,6,6.49887779425638,1.6604395312268,0.25,0.831688064290384,"HIGH LOW","R1"
64,714,1,145.109573923212,67,4,4.50033062636577,1.6604395312268,0.25,0.4521619118092,"HIGH LOW","R1"
65,730,7,155.550919878146,67,3,3.50076792357445,1.6604395312268,0.25,0.70437002509673,"HIGH LOW","R1"
65,731,8,144.648760373779,67,3,3.50068294747603,1.6604395312268,0.25,0.440600097235481,"HIGH LOW","R1"
66,733,1,124.464881339609,67,2,2.50182731672823,1.6604395312268,0.25,0.0921179875273448,"HIGH LOW","R1"
65,730,7,174.2621742891,68,4,4.50019333558558,1.23433683208233,0.25,0.940921541968255,"HIGH LOW","R1"
66,733,1,145.187302278543,68,3,3.49900980562936,1.23433683208233,0.25,0.454117565608947,"HIGH LOW","R1"
66,734,2,155.177294188986,68,3,3.49986470205289,1.23433683208233,0.25,0.696409930019383,"HIGH LOW","R1"
66,736,4,146.17724192788,68,3,3.50087303833106,1.23433683208233,0.25,0.479127990272882,"HIGH LOW","R1"
66,734,2,173.783601427833,69,4,4.49998094833067,1.19442039276864,0.25,0.938161894441769,"HIGH LOW","R1"
66,739,7,172.027989345965,69,4,4.4992727891032,1.19442039276864,0.25,0.926976796633258,"HIGH LOW","R1"
67,743,3,155.276180327001,69,3,3.50024233519879,1.19442039276864,0.25,0.698528453462449,"HIGH LOW","R1"
67,745,5,147.218946043912,69,3,3.50048541919305,1.19442039276864,0.25,0.50555729929942,"HIGH LOW","R1"
68,753,6,127.913898668566,69,2,2.4995835536842,1.19442039276864,0.25,0.125883447146225,"HIGH LOW","R1"
68,755,8,150.332595727786,70,3,3.50045684441943,0.977210719978543,0.25,0.583793640453449,"HIGH LOW","R1"
67,746,6,150.049174921689,71,5,5.50074927106527,0.875013520566159,0.25,0.576785177367852,"HIGH LOW","R1"
68,755,8,167.602371241774,71,4,4.49995564981103,0.875013520566159,0.25,0.890104382569273,"HIGH LOW","R1"
69,757,2,146.872801746975,71,3,3.49961672002064,0.875013520566159,0.25,0.496771359579849,"HIGH LOW","R1"
69,760,5,139.259652872949,71,3,3.50177374115774,0.875013520566159,0.25,0.313050587568077,"HIGH LOW","R1"
70,767,3,129.614560205296,71,2,2.49878675839934,0.875013520566159,0.25,0.146142136840828,"HIGH LOW","R1"
67,746,6,156.414430276451,72,6,6.50037973274896,1.25833401278267,0.25,0.722294048333156,"HIGH LOW","R1"
68,755,8,181.059477078065,72,5,5.50015402003609,1.25833401278267,0.25,0.96947295958377,"HIGH LOW","R1"
69,760,5,153.646717243133,72,4,4.50106168346292,1.25833401278267,0.25,0.662589870761188,"HIGH LOW","R1"
69,762,7,172.778319414536,72,4,4.49979652271323,1.25833401278267,0.25,0.93196887430877,"HIGH LOW","R1"
70,770,6,144.223847400949,72,3,3.50102112771371,1.25833401278267,0.25,0.429995533162385,"HIGH LOW","R1"
70,773,9,155.27675616036,72,3,3.49970701571491,1.25833401278267,0.25,0.698540765410375,"HIGH LOW","R1"
71,776,3,130.828670678693,72,2,2.49879467138473,1.25833401278267,0.25,0.162204856244146,"HIGH LOW","R1"
69,762,7,187.274522739336,73,5,5.50115210345192,1.40182132233455,0.25,0.983522879042183,"HIGH LOW","R1"
70,770,6,159.873366459161,73,4,4.49966869026349,1.40182132233455,0.25,0.787021361170662,"HIGH LOW","R1"
71,776,3,154.051862971445,73,3,3.49925758322865,1.40182132233455,0.25,0.67172391115418,"HIGH LOW","R1"
71,777,4,154.536558192768,73,3,3.50096371201183,1.40182132233455,0.25,0.68248265795869,"HIGH LOW","R1"
71,779,6,159.18756853356,73,3,3.50080742480888,1.40182132233455,0.25,0.775116843769073,"HIGH LOW","R1"
69,762,7,198.703532344883,74,6,6.49928639897348,1.7851237951501,0.25,0.994777706459232,"HIGH LOW","R1"
70,766,2,159.170289749054,74,5,5.49891356748876,1.7851237951501,0.25,0.774810893102374,"HIGH LOW","R1"
70,770,6,171.845594296663,74,5,5.49891195986262,1.7851237951501,0.25,0.925713275426231,"HIGH LOW","R1"
71,776,3,172.343664495471,74,4,4.49853903696305,1.7851237951501,0.25,0.929116900959283,"HIGH LOW","R1"
71,779,6,178.934207749347,74,4,4.49964122305037,1.7851237951501,0.25,0.962397465324229,"HIGH LOW","R1"
69,762,7,207.714323490467,75,7,7.49995929600819,1.80971155625987,0.25,0.997901579382203,"HIGH LOW","R1"
73,788,1,154.113586620514,75,3,3.49962575815612,1.80971155625987,0.25,0.673104351559887,"HIGH LOW","R1"
73,790,3,151.132156016263,75,3,3.49845508062083,1.80971155625987,0.25,0.603374996402381,"HIGH LOW","R1"
73,788,1,172.422574097164,76,4,4.49892962205338,1.71031355424365,0.25,0.92964274214144,"HIGH LOW","R1"
74,797,3,151.377963584598,76,3,3.49967660275689,1.71031355424365,0.25,0.609331970340761,"HIGH LOW","R1"
73,788,1,186.846224829852,77,5,5.49898947717821,1.73472571479566,0.25,0.982803139295279,"HIGH LOW","R1"
76,816,5,126.312624106844,77,2,2.49938209061117,1.73472571479566,0.25,0.109054210443526,"HIGH LOW","R1"
76,818,7,135.268710371276,77,2,2.49890204605655,1.73472571479566,0.25,0.233061233391603,"HIGH LOW","R1"
76,815,4,146.095362157786,78,3,3.49846048073067,1.80429238298477,0.25,0.477053621884003,"HIGH LOW","R1"
76,819,8,141.779291632848,78,3,3.49817870030026,1.80429238298477,0.25,0.370500342916927,"HIGH LOW","R1"
77,825,3,122.474096498696,78,2,2.50056085187629,1.80429238298477,0.25,0.0765499444810243,"HIGH LOW","R1"
77,826,4,130.643809018935,78,2,2.49954279261487,1.80429238298477,0.25,0.159670336977851,"HIGH LOW","R1"
76,817,6,169.069884656845,79,4,4.4987732362604,1.21165909724394,0.25,0.903854687482626,"HIGH LOW","R1"
77,831,9,135.702006803589,79,3,3.49863047812364,1.21165909724394,0.25,0.241016960905344,"HIGH LOW","R1"
77,825,3,157.631404447399,80,4,4.50106559178337,1.79541664425955,0.25,0.746386438167075,"HIGH LOW","R1"
77,827,5,161.8173319159,80,4,4.49870184120458,1.79541664425955,0.25,0.818235597337943,"HIGH LOW","R1"
78,834,3,150.878466157412,80,3,3.50141148035242,1.79541664425955,0.25,0.597194705298465,"HIGH LOW","R1"
78,835,4,147.201062646415,80,3,3.50080918489434,1.79541664425955,0.25,0.505103414949517,"HIGH LOW","R1"
78,837,6,142.049062036123,80,3,3.50036468349185,1.79541664425955,0.25,0.376910946615533,"HIGH LOW","R1"
79,842,3,134.343395501974,80,2,2.49981369218489,1.79541664425955,0.25,0.216690952298726,"HIGH LOW","R1"
77,828,6,169.316923264567,81,5,5.49887247734976,1.64212054008206,0.25,0.906012414314096,"HIGH LOW","R1"
77,831,9,159.273101018321,81,5,5.49899514867724,1.64212054008206,0.25,0.776626995723681,"HIGH LOW","R1"
78,835,4,163.631118225787,81,4,4.50079015008727,1.64212054008206,0.25,0.844039561569006,"HIGH LOW","R1"
79,844,5,147.918229759208,81,3,3.50033366982761,1.64212054008206,0.25,0.523290645444738,"HIGH LOW","R1"
79,845,6,152.914513175836,81,3,3.50049385163775,1.64212054008206,0.25,0.645774027700601,"HIGH LOW","R1"
80,850,3,130.927525470169,81,2,2.49895059520465,1.64212054008206,0.25,0.163573452247672,"HIGH LOW","R1"
77,831,9,166.760333694572,82,6,6.50029934119515,1.34748419911319,0.25,0.881458381940472,"HIGH LOW","R1"
80,852,5,142.526128604006,82,3,3.50145843713717,1.34748419911319,0.25,0.388352476126105,"HIGH LOW","R1"
80,852,5,157.738385042072,83,4,4.49963372023724,1.71988072537021,0.25,0.748437037423397,"HIGH LOW","R1"
81,856,2,159.195496901433,83,3,3.49957837687148,1.71988072537021,0.25,0.775257130392424,"HIGH LOW","R1"
81,858,4,157.235326016437,83,3,3.50108735592177,1.71988072537021,0.25,0.738698896703181,"HIGH LOW","R1"
81,861,7,156.020119797926,83,3,3.50055874746804,1.71988072537021,0.25,0.714192539130412,"HIGH LOW","R1"
82,864,3,122.203361022907,83,2,2.49999151232977,1.71988072537021,0.25,0.0746292645077347,"HIGH LOW","R1"
81,856,2,178.9444208089,84,4,4.49910781877291,1.07371210008816,0.25,0.96243497331398,"HIGH LOW","R1"
81,860,6,187.064396813428,84,4,4.50064880111421,1.07371210008816,0.25,0.983173548386646,"HIGH LOW","R1"
82,869,8,160.457301372706,84,3,3.49955631514987,1.07371210008816,0.25,0.796790095352214,"HIGH LOW","R1"
82,871,10,154.659384109111,84,3,3.49868084152637,1.07371210008816,0.25,0.685178912097169,"HIGH LOW","R1"
82,872,11,148.865176042559,84,3,3.50123905482212,1.07371210008816,0.25,0.54720295360957,"HIGH LOW","R1"
83,877,5,130.676897322692,84,2,2.50052393299491,1.07371210008816,0.25,0.16012162044754,"HIGH LOW","R1"
83,873,1,137.817612261333,85,3,3.50163290385255,0.847766438389489,0.25,0.282456367913638,"HIGH LOW","R1"
83,875,3,146.02660370813,85,3,3.4995565026663,0.847766438389489,0.25,0.475312281531945,"HIGH LOW","R1"
83,877,5,153.838944383577,85,3,3.49948982068626,0.847766438389489,0.25,0.666939301931924,"HIGH LOW","R1"
83,874,2,152.738216884561,86,4,4.50216921933591,1.51704414244243,0.25,0.641668851695139,"HIGH LOW","R1"
83,875,3,162.146670142435,86,4,4.50001303213569,1.51704414244243,0.25,0.823155956647481,"HIGH LOW","R1"
83,877,5,172.071518296219,86,4,4.49818702125467,1.51704414244243,0.25,0.927275398846721,"HIGH LOW","R1"
83,878,6,155.788542245166,86,4,4.49921732334438,1.51704414244243,0.25,0.709369036555689,"HIGH LOW","R1"
85,890,2,122.988998689962,86,2,2.50042712348273,1.51704414244243,0.25,0.0803283514094449,"HIGH LOW","R1"
83,874,2,163.411914403425,87,5,5.50066068488847,1.71495970589038,0.25,0.841087332329174,"HIGH LOW","R1"
83,875,3,174.547259977697,87,5,5.50056750225195,1.71495970589038,0.25,0.94251017986738,"HIGH LOW","R1"
85,894,6,149.651689544311,87,3,3.499456160865,1.71495970589038,0.25,0.566904437507107,"HIGH LOW","R1"
86,903,5,118.427227282672,87,2,2.49954382713475,1.71495970589038,0.25,0.052101110482836,"HIGH LOW","R1"
86,899,1,153.479540223044,88,3,3.49940599598213,1.1958629284019,0.25,0.65878470300877,"HIGH LOW","R1"
86,902,4,142.097563469706,88,3,3.49873764859683,1.1958629284019,0.25,0.378068152028901,"HIGH LOW","R1"
86,904,6,157.074096279105,88,3,3.50003708006532,1.1958629284019,0.25,0.735526781154232,"HIGH LOW","R1"
86,908,10,145.938712237733,88,3,3.49966687885263,1.1958629284019,0.25,0.473087267902965,"HIGH LOW","R1"
86,909,11,145.406009459266,88,3,3.50056942904058,1.1958629284019,0.25,0.459627670551512,"HIGH LOW","R1"
85,892,4,158.322611619322,89,5,5.50001030746266,1.29326101308258,0.25,0.759439983318361,"HIGH LOW","R1"
86,901,3,160.186803144713,89,4,4.4983016347316,1.29326101308258,0.25,0.792306929931087,"HIGH LOW","R1"
86,902,4,157.200342406625,89,4,4.4986568223171,1.29326101308258,0.25,0.738012704481124,"HIGH LOW","R1"
86,904,6,176.215951148256,89,4,4.49968186607426,1.29326101308258,0.25,0.951031270039981,"HIGH LOW","R1"
86,909,11,161.363368741515,89,4,4.50037654577779,1.29326101308258,0.25,0.81127972145863,"HIGH LOW","R1"
87,917,8,148.07501514918,89,3,3.50063957465647,1.29326101308258,0.25,0.52726015306629,"HIGH LOW","R1"
88,923,6,131.971785475996,89,2,2.50009206142501,1.29326101308258,0.25,0.178601638149507,"HIGH LOW","R1"
86,909,11,173.615567000648,90,5,5.50071381354071,1.44211726623488,0.25,0.93716468834484,"HIGH LOW","R1"
87,910,1,172.501623126356,90,4,4.49816218381796,1.44211726623488,0.25,0.930165895179739,"HIGH LOW","R1"
88,922,5,140.942377233441,90,3,3.50016880151496,1.44211726623488,0.25,0.350909260547541,"HIGH LOW","R1"
88,923,6,155.657848413648,90,3,3.50073186767616,1.44211726623488,0.25,0.706625721860478,"HIGH LOW","R1"
89,928,1,132.880917869121,90,2,2.49989927049178,1.44211726623488,0.25,0.192547089709989,"HIGH LOW","R1"
89,937,10,120.556430819117,90,2,2.50014814494377,1.44211726623488,0.25,0.0638715611959736,"HIGH LOW","R1"
89,928,1,156.938052277796,91,3,3.50049281067141,0.96625964967884,0.25,0.732831075838149,"HIGH LOW","R1"
89,931,4,157.117193651519,91,3,3.49950435390377,0.96625964967884,0.25,0.736377111137988,"HIGH LOW","R1"
89,937,10,139.807622834397,91,3,3.49987639632215,0.96625964967884,0.25,0.32513785881905,"HIGH LOW","R1"
89,929,2,157.662457433744,92,4,4.49905617639372,1.22277757495358,0.25,0.746982795474818,"HIGH LOW","R1"
89,931,4,176.271296414681,92,4,4.49837784361681,1.22277757495358,0.25,0.951292304723092,"HIGH LOW","R1"
90,941,4,136.251675424146,92,3,3.50014905451315,1.22277757495358,0.25,0.251373001930838,"HIGH LOW","R1"
90,942,5,144.036046113142,92,3,3.50025334676952,1.22277757495358,0.25,0.425328371307705,"HIGH LOW","R1"
89,931,4,191.488705327569,93,5,5.50071820810319,0.770067654038429,0.25,0.989196726885125,"HIGH LOW","R1"
91,953,8,150.191374854662,93,3,3.49882392289479,0.770067654038429,0.25,0.580305562499959,"HIGH LOW","R1"
92,963,10,125.990757418784,93,2,2.49757563633481,0.770067654038429,0.25,0.105919317468851,"HIGH LOW","R1"
90,941,4,160.074124401231,94,5,5.49962449140429,1.70236895320013,0.25,0.790418016550303,"HIGH LOW","R1"
92,954,1,155.748113911462,94,3,3.50068164927253,1.70236895320013,0.25,0.70852204847041,"HIGH LOW","R1"
92,960,7,170.311961527986,94,3,3.50058592436742,1.70236895320013,0.25,0.914269670302306,"HIGH LOW","R1"
92,961,8,163.084571974576,94,3,3.49975638357098,1.70236895320013,0.25,0.836594528440578,"HIGH LOW","R1"
93,964,1,149.807753022649,95,3,3.50115710377142,1.683411871482,0.25,0.570790682625961,"HIGH LOW","R1"
93,967,4,155.019718405823,95,3,3.49991914684009,1.683411871482,0.25,0.693016771709948,"HIGH LOW","R1"
94,976,7,138.507793983973,95,2,2.49899533699277,1.683411871482,0.25,0.296872836266701,"HIGH LOW","R1"
93,964,1,166.935460104616,96,4,4.49987885306045,1.02343987644756,0.25,0.8833037447081,"HIGH LOW","R1"
94,975,6,155.858467784709,96,3,3.49909131412167,1.02343987644756,0.25,0.710830566080297,"HIGH LOW","R1"
95,981,4,159.198631917678,97,3,3.49858583772124,1.69283943356613,0.25,0.775312585045682,"HIGH LOW","R1"
95,986,9,160.141379725581,97,3,3.49918706082835,1.69283943356613,0.25,0.791546980068219,"HIGH LOW","R1"
95,987,10,167.683719101605,97,3,3.49940086779104,1.69283943356613,0.25,0.890909709972519,"HIGH LOW","R1"
96,993,6,120.839945286597,97,2,2.4998365086548,1.69283943356613,0.25,0.0656144881499344,"HIGH LOW","R1"
96,997,10,136.584036489111,97,2,2.49964950731136,1.69283943356613,0.25,0.257776486558662,"HIGH LOW","R1"
94,970,1,151.650287533012,98,5,5.50083038542388,1.7710145359214,0.25,0.615893630886884,"HIGH LOW","R1"
94,975,6,189.538278659527,98,5,5.50009338536179,1.7710145359214,0.25,0.986861885851545,"HIGH LOW","R1"
95,979,2,167.279472157957,98,4,4.50158775995484,1.7710145359214,0.25,0.886856177039821,"HIGH LOW","R1"
95,980,3,151.500753046746,98,4,4.499285844816,1.7710145359214,0.25,0.612295643548326,"HIGH LOW","R1"
96,996,9,166.497807820707,98,3,3.50033510066262,1.7710145359214,0.25,0.878644785863544,"HIGH LOW","R1"
96,997,10,162.179439735948,98,3,3.50037773653991,1.7710145359214,0.25,0.823639773592466,"HIGH LOW","R1"
96,988,1,157.992441173968,99,4,4.50047897250136,1.00411921977935,0.25,0.753262489734189,"HIGH LOW","R1"
96,994,7,157.879327183116,99,4,4.49992439054728,1.00411921977935,0.25,0.751121755915404,"HIGH LOW","R1"
97,1000,3,153.141378252419,99,3,3.501192876055,1.00411921977935,0.25,0.651025223617876,"HIGH LOW","R1"
97,1005,8,151.422025620243,99,3,3.500124081487,1.00411921977935,0.25,0.61039640219001,"HIGH LOW","R1"
98,1007,2,122.282046180573,99,2,2.50041883209065,1.00411921977935,0.25,0.0751828674276657,"HIGH LOW","R1"
