"cohort","ind","fish_size","Year","Age","AgeE","dtype","FMORT","M","Sel","FSIM","REG"
1,1,61.0985906825065,0,0,0.499743195721843,"M",0,0.25,1,"MED MED MED",NA
1,2,210.821386233749,7,7,7.50015365478749,"M",0,0.25,1,"MED MED MED",NA
1,3,137.131075837841,3,3,3.50086010306875,"M",0,0.25,1,"MED MED MED",NA
1,4,64.1686241310329,0,0,0.499215499018494,"M",0,0.25,1,"MED MED MED",NA
1,5,58.8461351715416,0,0,0.500343428287398,"M",0,0.25,1,"MED MED MED",NA
1,6,237.413811420984,7,7,7.50047244679549,"M",0,0.25,1,"MED MED MED",NA
1,7,177.928382826036,4,4,4.50083045583945,"M",0,0.25,1,"MED MED MED",NA
1,8,61.6370372239606,0,0,0.500012562313415,"M",0,0.25,1,"MED MED MED",NA
1,9,165.223564400618,4,4,4.49877318117783,"M",0,0.25,1,"MED MED MED",NA
1,10,208.053151909341,8,8,8.49984403308692,"M",0,0.25,1,"MED MED MED",NA
1,11,123.956933472662,2,2,2.50023339644131,"M",0,0.25,1,"MED MED MED",NA
1,12,181.628813751629,12,12,12.49958468829,"M",0,0.25,1,"MED MED MED",NA
1,13,185.389883049637,5,5,5.49965774403218,"M",0,0.25,1,"MED MED MED",NA
1,14,226.239454524662,12,12,12.4982852016468,"M",0,0.25,1,"MED MED MED",NA
2,1,195.870123761962,10,9,9.49829833075269,"M",0,0.25,1,"MED MED MED",NA
2,2,181.742919128112,6,5,5.49932372091182,"M",0,0.25,1,"MED MED MED",NA
2,3,146.825759180186,5,4,4.50090965977668,"M",0,0.25,1,"MED MED MED",NA
2,4,60.0499880615225,1,0,0.499182709544181,"M",0,0.25,1,"MED MED MED",NA
2,5,63.9020179364413,1,0,0.498941433053047,"M",0,0.25,1,"MED MED MED",NA
2,6,92.9395545941921,2,1,1.50079070489607,"M",0,0.25,1,"MED MED MED",NA
2,7,157.490844930792,4,3,3.50175650846725,"M",0,0.25,1,"MED MED MED",NA
2,8,156.964029305952,4,3,3.49837561142846,"M",0,0.25,1,"MED MED MED",NA
2,9,99.1030097959771,2,1,1.49790062859462,"M",0,0.25,1,"MED MED MED",NA
2,10,142.105979859564,4,3,3.50061510135222,"M",0,0.25,1,"MED MED MED",NA
2,11,62.4481175534695,1,0,0.50118869796603,"M",0,0.25,1,"MED MED MED",NA
2,12,141.994853330343,4,3,3.50008279871625,"M",0,0.25,1,"MED MED MED",NA
3,1,94.7239742295359,3,1,1.50056336837621,"M",0,0.25,1,"MED MED MED",NA
3,2,216.394231180561,9,7,7.50077920124973,"M",0,0.25,1,"MED MED MED",NA
3,3,196.487780534759,12,10,10.4992477283193,"M",0,0.25,1,"MED MED MED",NA
3,4,188.881907118859,8,6,6.50007413624028,"M",0,0.25,1,"MED MED MED",NA
3,5,60.0970919962351,2,0,0.501452670072231,"M",0,0.25,1,"MED MED MED",NA
3,6,96.2739729432766,3,1,1.50024488787798,"M",0,0.25,1,"MED MED MED",NA
3,7,162.58852789526,6,4,4.50088789683064,"M",0,0.25,1,"MED MED MED",NA
3,8,125.683323459583,4,2,2.5007591130136,"M",0,0.25,1,"MED MED MED",NA
3,9,117.078736571971,4,2,2.49914415059734,"M",0,0.25,1,"MED MED MED",NA
3,10,60.7117297186801,2,0,0.501519285500464,"M",0,0.25,1,"MED MED MED",NA
3,11,149.524584170361,6,4,4.50204047772206,"M",0,0.25,1,"MED MED MED",NA
3,12,98.506733564206,3,1,1.49992702429246,"M",0,0.25,1,"MED MED MED",NA
4,1,146.371254786701,6,3,3.50066630599143,"M",0,0.25,1,"MED MED MED",NA
4,2,93.5511678495601,4,1,1.49901915701089,"M",0,0.25,1,"MED MED MED",NA
4,3,63.6645062267096,3,0,0.500783101157527,"M",0,0.25,1,"MED MED MED",NA
4,4,63.9295455011588,3,0,0.499257191868395,"M",0,0.25,1,"MED MED MED",NA
4,5,99.2749334082114,4,1,1.50008585530454,"M",0,0.25,1,"MED MED MED",NA
4,6,60.5912737032944,3,0,0.502035918984859,"M",0,0.25,1,"MED MED MED",NA
4,7,221.888416766207,16,13,13.5009650997076,"M",0,0.25,1,"MED MED MED",NA
4,8,62.1463730122265,3,0,0.499520216803902,"M",0,0.25,1,"MED MED MED",NA
4,9,147.239304498461,6,3,3.50049045250679,"M",0,0.25,1,"MED MED MED",NA
4,10,62.5468565945749,3,0,0.500134934919365,"M",0,0.25,1,"MED MED MED",NA
4,11,113.504077622328,5,2,2.49921347150266,"M",0,0.25,1,"MED MED MED",NA
4,12,143.083796007177,6,3,3.5004955744259,"M",0,0.25,1,"MED MED MED",NA
4,13,97.203821555932,4,1,1.49868644692087,"M",0,0.25,1,"MED MED MED",NA
5,1,61.5678057451254,4,0,0.501559980860717,"M",0,0.25,1,"MED MED MED",NA
5,2,165.088031254216,9,5,5.49864805023575,"M",0,0.25,1,"MED MED MED",NA
5,3,170.50503991785,9,5,5.50168168099972,"M",0,0.25,1,"MED MED MED",NA
5,4,62.4514939777632,4,0,0.501045413581045,"M",0,0.25,1,"MED MED MED",NA
5,5,128.236909086891,6,2,2.50034337115746,"M",0,0.25,1,"MED MED MED",NA
5,6,95.0163434263277,5,1,1.50056550408222,"M",0,0.25,1,"MED MED MED",NA
5,7,173.432096792195,13,9,9.50039640176779,"M",0,0.25,1,"MED MED MED",NA
5,8,176.038408238211,10,6,6.49988837430988,"M",0,0.25,1,"MED MED MED",NA
5,9,176.649822132137,9,5,5.49882155898165,"M",0,0.25,1,"MED MED MED",NA
5,10,63.4475785952406,4,0,0.501199368859607,"M",0,0.25,1,"MED MED MED",NA
5,11,131.307533168251,6,2,2.49900936320343,"M",0,0.25,1,"MED MED MED",NA
5,12,127.764420673175,6,2,2.49880895695222,"M",0,0.25,1,"MED MED MED",NA
6,1,119.750534924018,7,2,2.49936068899265,"M",0,0.25,1,"MED MED MED",NA
6,2,138.833069349234,8,3,3.50297154845999,"M",0,0.25,1,"MED MED MED",NA
6,3,189.284967181346,10,5,5.50060905699705,"M",0,0.25,1,"MED MED MED",NA
6,4,62.5535127376398,5,0,0.501494687653205,"M",0,0.25,1,"MED MED MED",NA
6,5,63.075692973095,5,0,0.499830160758358,"M",0,0.25,1,"MED MED MED",NA
6,6,166.340161757288,9,4,4.49932430459551,"M",0,0.25,1,"MED MED MED",NA
6,7,62.8403097893978,5,0,0.499825176405974,"M",0,0.25,1,"MED MED MED",NA
6,8,244.458525150997,15,10,10.5012697976317,"M",0,0.25,1,"MED MED MED",NA
6,9,62.7732015217958,5,0,0.500175882259094,"M",0,0.25,1,"MED MED MED",NA
6,10,62.184486837874,5,0,0.501043218960683,"M",0,0.25,1,"MED MED MED",NA
6,11,147.05981464198,8,3,3.50174194702931,"M",0,0.25,1,"MED MED MED",NA
6,12,94.0650735065102,6,1,1.49999576914219,"M",0,0.25,1,"MED MED MED",NA
7,1,142.062987110011,9,3,3.4985435394632,"M",0,0.25,1,"MED MED MED",NA
7,2,160.795523364583,10,4,4.49752788003267,"M",0,0.25,1,"MED MED MED",NA
7,3,163.535846400098,10,4,4.50034098218012,"M",0,0.25,1,"MED MED MED",NA
7,4,60.7278414116753,6,0,0.500496334640964,"M",0,0.25,1,"MED MED MED",NA
7,5,125.597793667553,8,2,2.50134822642158,"M",0,0.25,1,"MED MED MED",NA
7,6,61.097510659043,6,0,0.498922659735802,"M",0,0.25,1,"MED MED MED",NA
7,7,126.559665067428,8,2,2.50115127165129,"M",0,0.25,1,"MED MED MED",NA
7,8,157.122521519574,9,3,3.50096441865204,"M",0,0.25,1,"MED MED MED",NA
7,9,132.665152885689,9,3,3.49973739622622,"M",0,0.25,1,"MED MED MED",NA
7,10,157.054650880864,10,4,4.49919092163423,"M",0,0.25,1,"MED MED MED",NA
7,11,125.895517734407,8,2,2.50102287453273,"M",0,0.25,1,"MED MED MED",NA
7,12,61.7879668321089,6,0,0.501063405757421,"M",0,0.25,1,"MED MED MED",NA
7,13,156.546960246094,10,4,4.50043747352917,"M",0,0.25,1,"MED MED MED",NA
8,1,124.44822906376,9,2,2.5008148349648,"M",0,0.25,1,"MED MED MED",NA
8,2,99.0690247882184,8,1,1.49786092872147,"M",0,0.25,1,"MED MED MED",NA
8,3,97.0084443889551,8,1,1.49887741511163,"M",0,0.25,1,"MED MED MED",NA
8,4,98.2522413091116,8,1,1.50140658891432,"M",0,0.25,1,"MED MED MED",NA
8,5,104.998277968105,8,1,1.49927781640501,"M",0,0.25,1,"MED MED MED",NA
8,6,135.924754146181,10,3,3.50034871817959,"M",0,0.25,1,"MED MED MED",NA
8,7,129.937006425572,9,2,2.50110907788971,"M",0,0.25,1,"MED MED MED",NA
8,8,61.0884884113054,7,0,0.501120104679391,"M",0,0.25,1,"MED MED MED",NA
8,9,62.6584319800356,7,0,0.500753216455691,"M",0,0.25,1,"MED MED MED",NA
8,10,230.757352832328,14,7,7.50132172862869,"M",0,0.25,1,"MED MED MED",NA
8,11,157.624576862589,10,3,3.50044706775532,"M",0,0.25,1,"MED MED MED",NA
9,1,139.150385666908,10,2,2.49990514815602,"M",0,0.25,1,"MED MED MED",NA
9,2,126.217070288655,10,2,2.50049463933591,"M",0,0.25,1,"MED MED MED",NA
9,3,94.8669693020113,9,1,1.50026639323737,"M",0,0.25,1,"MED MED MED",NA
9,4,239.494109783265,22,14,14.5011889607125,"M",0,0.25,1,"MED MED MED",NA
9,5,102.198991051421,9,1,1.50100366583823,"M",0,0.25,1,"MED MED MED",NA
9,6,171.813610228258,15,7,7.50105408196875,"M",0,0.25,1,"MED MED MED",NA
9,7,178.390362115768,15,7,7.4998769268911,"M",0,0.25,1,"MED MED MED",NA
9,8,64.6868238848495,8,0,0.49910634297393,"M",0,0.25,1,"MED MED MED",NA
9,9,195.893653367924,21,13,13.4986805785026,"M",0,0.25,1,"MED MED MED",NA
9,10,173.020437235351,18,10,10.4991247093347,"M",0,0.25,1,"MED MED MED",NA
9,11,203.972499029231,19,11,11.4983798149697,"M",0,0.25,1,"MED MED MED",NA
9,12,183.866196940413,14,6,6.49981163367711,"M",0,0.25,1,"MED MED MED",NA
10,1,129.429756250618,11,2,2.49983154594679,"M",0,0.25,1,"MED MED MED",NA
10,2,143.485425833214,13,4,4.49885879567536,"M",0,0.25,1,"MED MED MED",NA
10,3,194.163857549354,19,10,10.5009907287184,"M",0,0.25,1,"MED MED MED",NA
10,4,66.6056028230492,9,0,0.499925199718316,"M",0,0.25,1,"MED MED MED",NA
10,5,153.151895050557,12,3,3.50066282433196,"M",0,0.25,1,"MED MED MED",NA
10,6,63.3311831615338,9,0,0.501424258397171,"M",0,0.25,1,"MED MED MED",NA
10,7,174.8935479496,13,4,4.49965512826933,"M",0,0.25,1,"MED MED MED",NA
10,8,170.851185558994,14,5,5.49871977123014,"M",0,0.25,1,"MED MED MED",NA
10,9,89.0196773787963,10,1,1.49936817095897,"M",0,0.25,1,"MED MED MED",NA
10,10,144.305316047939,12,3,3.50055981268818,"M",0,0.25,1,"MED MED MED",NA
11,1,166.407037403882,14,4,4.50038390549402,"M",0,0.25,1,"MED MED MED",NA
11,2,190.634114702623,17,7,7.50140617779743,"M",0,0.25,1,"MED MED MED",NA
11,3,63.0424879127037,10,0,0.499326131994848,"M",0,0.25,1,"MED MED MED",NA
11,4,194.36433665067,17,7,7.49985960536085,"M",0,0.25,1,"MED MED MED",NA
11,5,206.716879868092,17,7,7.50103954857259,"M",0,0.25,1,"MED MED MED",NA
11,6,62.3346215084152,10,0,0.500504630046068,"M",0,0.25,1,"MED MED MED",NA
11,7,156.773536267037,15,5,5.50156066248038,"M",0,0.25,1,"MED MED MED",NA
11,8,172.534753941129,14,4,4.50055172597966,"M",0,0.25,1,"MED MED MED",NA
11,9,63.8496164181554,10,0,0.500465380009387,"M",0,0.25,1,"MED MED MED",NA
11,10,185.72313489662,15,5,5.50135847603668,"M",0,0.25,1,"MED MED MED",NA
11,11,100.792169191528,11,1,1.50191903729947,"M",0,0.25,1,"MED MED MED",NA
11,12,123.201185833047,12,2,2.50120483297183,"M",0,0.25,1,"MED MED MED",NA
11,13,128.221591453858,12,2,2.49969198134171,"M",0,0.25,1,"MED MED MED",NA
12,1,62.8195413937828,11,0,0.50043870937711,"M",0,0.25,1,"MED MED MED",NA
12,2,117.06088090391,13,2,2.50158932961422,"M",0,0.25,1,"MED MED MED",NA
12,3,61.7264663499067,11,0,0.499696463941914,"M",0,0.25,1,"MED MED MED",NA
12,4,95.2183004856698,12,1,1.50090676158997,"M",0,0.25,1,"MED MED MED",NA
12,5,212.227989798051,16,5,5.49849725187334,"M",0,0.25,1,"MED MED MED",NA
12,6,64.6272613137166,11,0,0.499929622628085,"M",0,0.25,1,"MED MED MED",NA
12,7,155.371584425983,17,6,6.50143522281581,"M",0,0.25,1,"MED MED MED",NA
12,8,97.3671939504885,12,1,1.50055925950183,"M",0,0.25,1,"MED MED MED",NA
12,9,102.388830508225,12,1,1.50033730548279,"M",0,0.25,1,"MED MED MED",NA
12,10,189.888059471075,23,12,12.4986550718856,"M",0,0.25,1,"MED MED MED",NA
12,11,125.403343949676,13,2,2.49984392236344,"M",0,0.25,1,"MED MED MED",NA
12,12,61.6386021703482,11,0,0.499896281269794,"M",0,0.25,1,"MED MED MED",NA
13,1,64.2127277441423,12,0,0.501690519220784,"M",0,0.25,1,"MED MED MED",NA
13,2,219.232471931055,23,11,11.4991790268304,"M",0,0.25,1,"MED MED MED",NA
13,3,64.1352926754338,12,0,0.499623612401282,"M",0,0.25,1,"MED MED MED",NA
13,4,185.192705540242,19,7,7.49958653208537,"M",0,0.25,1,"MED MED MED",NA
13,5,61.1951725558037,12,0,0.500382439005519,"M",0,0.25,1,"MED MED MED",NA
13,6,105.071167915393,13,1,1.50092715491944,"M",0,0.25,1,"MED MED MED",NA
13,7,216.764596110837,24,12,12.4990880248272,"M",0,0.25,1,"MED MED MED",NA
13,8,99.1219401634992,13,1,1.49917217446544,"M",0,0.25,1,"MED MED MED",NA
13,9,63.0114525468631,12,0,0.499863989690755,"M",0,0.25,1,"MED MED MED",NA
13,10,146.407175469525,15,3,3.49946554691715,"M",0,0.25,1,"MED MED MED",NA
14,1,184.776896846775,24,11,11.5014953022678,"M",0,0.25,1,"MED MED MED",NA
14,2,99.5951558654948,14,1,1.49850504570189,"M",0,0.25,1,"MED MED MED",NA
14,3,101.413446672008,14,1,1.50015532211918,"M",0,0.25,1,"MED MED MED",NA
14,4,92.1236164075037,14,1,1.50174614545187,"M",0,0.25,1,"MED MED MED",NA
14,5,194.109281983828,20,7,7.50068928747463,"M",0,0.25,1,"MED MED MED",NA
14,6,178.739336755302,20,7,7.49872252193365,"M",0,0.25,1,"MED MED MED",NA
14,7,100.436332471748,14,1,1.50113575317828,"M",0,0.25,1,"MED MED MED",NA
14,8,171.737099208761,18,5,5.49991299574887,"M",0,0.25,1,"MED MED MED",NA
14,9,61.441510831761,13,0,0.500241503562621,"M",0,0.25,1,"MED MED MED",NA
14,10,63.2791153061088,13,0,0.501214479972488,"M",0,0.25,1,"MED MED MED",NA
14,11,153.079784795623,17,4,4.50243987252616,"M",0,0.25,1,"MED MED MED",NA
14,12,63.7486826719386,13,0,0.499537963255682,"M",0,0.25,1,"MED MED MED",NA
14,13,195.91912547508,23,10,10.4982456272143,"M",0,0.25,1,"MED MED MED",NA
15,1,98.009328074285,15,1,1.50019388429494,"M",0,0.25,1,"MED MED MED",NA
15,2,97.748196631351,15,1,1.50101480320953,"M",0,0.25,1,"MED MED MED",NA
15,3,61.8097839340356,14,0,0.50112535501925,"M",0,0.25,1,"MED MED MED",NA
15,4,112.3878716971,16,2,2.4988200186783,"M",0,0.25,1,"MED MED MED",NA
15,5,62.6193168860061,14,0,0.499864618587021,"M",0,0.25,1,"MED MED MED",NA
15,6,183.215827186663,19,5,5.50115340218222,"M",0,0.25,1,"MED MED MED",NA
15,7,63.5670521452311,14,0,0.49830608187535,"M",0,0.25,1,"MED MED MED",NA
15,8,181.127744950095,19,5,5.5008520064006,"M",0,0.25,1,"MED MED MED",NA
15,9,125.003186396469,16,2,2.49895092774006,"M",0,0.25,1,"MED MED MED",NA
15,10,198.925292822216,20,6,6.49858001868611,"M",0,0.25,1,"MED MED MED",NA
15,11,138.119594829583,17,3,3.50010534609879,"M",0,0.25,1,"MED MED MED",NA
16,1,61.2994317706559,15,0,0.499626940401228,"M",0,0.25,1,"MED MED MED",NA
16,2,189.579741704487,21,6,6.49790856825057,"M",0,0.25,1,"MED MED MED",NA
16,3,103.72360131639,16,1,1.50029540503155,"M",0,0.25,1,"MED MED MED",NA
16,4,95.9719027018349,16,1,1.50038967721024,"M",0,0.25,1,"MED MED MED",NA
16,5,63.2162256170714,15,0,0.500914520034243,"M",0,0.25,1,"MED MED MED",NA
16,6,174.120193851498,20,5,5.49982093795707,"M",0,0.25,1,"MED MED MED",NA
16,7,211.276331580948,26,11,11.5013997872852,"M",0,0.25,1,"MED MED MED",NA
16,8,61.9996208428159,15,0,0.49886985922617,"M",0,0.25,1,"MED MED MED",NA
16,9,122.809926851827,17,2,2.50027676352798,"M",0,0.25,1,"MED MED MED",NA
16,10,194.655094446071,22,7,7.49844418755302,"M",0,0.25,1,"MED MED MED",NA
16,11,62.302715663099,15,0,0.499103571271714,"M",0,0.25,1,"MED MED MED",NA
17,1,125.518075261219,18,2,2.50085408561503,"M",0,0.25,1,"MED MED MED",NA
17,2,124.820980047369,18,2,2.49911914040992,"M",0,0.25,1,"MED MED MED",NA
17,3,61.6828856762783,16,0,0.499366574285713,"M",0,0.25,1,"MED MED MED",NA
17,4,138.147378586959,18,2,2.50005625765341,"M",0,0.25,1,"MED MED MED",NA
17,5,59.8795424650428,16,0,0.500392050838145,"M",0,0.25,1,"MED MED MED",NA
17,6,64.1009526857061,16,0,0.499050041961092,"M",0,0.25,1,"MED MED MED",NA
17,7,100.750028050543,17,1,1.49957840990756,"M",0,0.25,1,"MED MED MED",NA
17,8,62.2267116845033,16,0,0.499182129022827,"M",0,0.25,1,"MED MED MED",NA
17,9,127.126102837587,18,2,2.49913632042612,"M",0,0.25,1,"MED MED MED",NA
17,10,164.549000399681,22,6,6.49956333189427,"M",0,0.25,1,"MED MED MED",NA
17,11,137.84882352029,19,3,3.50117335180478,"M",0,0.25,1,"MED MED MED",NA
17,12,171.09259682304,21,5,5.49925068046012,"M",0,0.25,1,"MED MED MED",NA
17,13,62.2294324450537,16,0,0.500491179834702,"M",0,0.25,1,"MED MED MED",NA
18,1,66.4294501883325,17,0,0.498828061037451,"M",0,0.25,1,"MED MED MED",NA
18,2,98.1972979525591,18,1,1.49791284760023,"M",0,0.25,1,"MED MED MED",NA
18,3,64.9221766710685,17,0,0.500301552604948,"M",0,0.25,1,"MED MED MED",NA
18,4,60.349010485362,17,0,0.498295783345892,"M",0,0.25,1,"MED MED MED",NA
18,5,102.565868098912,18,1,1.50048519014176,"M",0,0.25,1,"MED MED MED",NA
18,6,94.6843331242361,18,1,1.49773622650424,"M",0,0.25,1,"MED MED MED",NA
18,7,127.933290621629,19,2,2.49993289307182,"M",0,0.25,1,"MED MED MED",NA
18,8,169.603788303174,22,5,5.49919018623461,"M",0,0.25,1,"MED MED MED",NA
18,9,204.650166362169,23,6,6.49991210302922,"M",0,0.25,1,"MED MED MED",NA
18,10,176.868490031486,24,7,7.5004129228743,"M",0,0.25,1,"MED MED MED",NA
18,11,61.9116237081224,17,0,0.498928571152008,"M",0,0.25,1,"MED MED MED",NA
18,12,159.398244467003,20,3,3.49925337661055,"M",0,0.25,1,"MED MED MED",NA
19,1,62.3400582254864,18,0,0.498081145144037,"M",0,0.25,1,"MED MED MED",NA
19,2,66.0500800533457,18,0,0.499184400810715,"M",0,0.25,1,"MED MED MED",NA
19,3,158.194954592721,23,5,5.49932834421551,"M",0,0.25,1,"MED MED MED",NA
19,4,64.0158736020525,18,0,0.500176338681561,"M",0,0.25,1,"MED MED MED",NA
19,5,130.469239949881,20,2,2.49939481822524,"M",0,0.25,1,"MED MED MED",NA
19,6,62.25591601871,18,0,0.50075352419392,"M",0,0.25,1,"MED MED MED",NA
19,7,102.13808115852,19,1,1.50020023552292,"M",0,0.25,1,"MED MED MED",NA
19,8,156.47912029869,25,7,7.50030294435413,"M",0,0.25,1,"MED MED MED",NA
19,9,99.382570127712,19,1,1.50017307322324,"M",0,0.25,1,"MED MED MED",NA
19,10,200.667696271756,26,8,8.49970021861131,"M",0,0.25,1,"MED MED MED",NA
19,11,61.3758923297256,18,0,0.501385203586129,"M",0,0.25,1,"MED MED MED",NA
19,12,124.178623793752,20,2,2.50003038345557,"M",0,0.25,1,"MED MED MED",NA
20,1,92.7645221486102,20,1,1.50064236447985,"M",0,0.25,1,"MED MED MED",NA
20,2,206.630696229937,29,10,10.5024363118637,"M",0,0.25,1,"MED MED MED",NA
20,3,62.8399759579296,19,0,0.49865378039244,"M",0,0.25,1,"MED MED MED",NA
20,4,169.887820695893,23,4,4.49993014299106,"M",0,0.25,1,"MED MED MED",NA
20,5,121.585047408903,21,2,2.49920655284816,"M",0,0.25,1,"MED MED MED",NA
20,6,171.784993969519,23,4,4.49960863978026,"M",0,0.25,1,"MED MED MED",NA
20,7,62.4848871101219,19,0,0.499753438053095,"M",0,0.25,1,"MED MED MED",NA
20,8,178.901556744749,25,6,6.50027110269478,"M",0,0.25,1,"MED MED MED",NA
20,9,180.264356194204,27,8,8.49984660164613,"M",0,0.25,1,"MED MED MED",NA
20,10,215.928549819785,25,6,6.49975093453104,"M",0,0.25,1,"MED MED MED",NA
20,11,61.7659785973128,19,0,0.497640802749869,"M",0,0.25,1,"MED MED MED",NA
20,12,218.661093583715,31,12,12.4996325858841,"M",0,0.25,1,"MED MED MED",NA
21,1,64.6868474943431,20,0,0.500096222029996,"M",0,0.25,1,"MED MED MED",NA
21,2,63.6474700552617,20,0,0.499326412509572,"M",0,0.25,1,"MED MED MED",NA
21,3,124.132835720089,22,2,2.50030809075451,"M",0,0.25,1,"MED MED MED",NA
21,4,166.943024181218,24,4,4.50046336616992,"M",0,0.25,1,"MED MED MED",NA
21,5,126.006700637603,22,2,2.50110480433656,"M",0,0.25,1,"MED MED MED",NA
21,6,122.469486831526,22,2,2.50018047504364,"M",0,0.25,1,"MED MED MED",NA
21,7,133.11570087063,22,2,2.50079324866804,"M",0,0.25,1,"MED MED MED",NA
21,8,200.085235156461,28,8,8.50047461306779,"M",0,0.25,1,"MED MED MED",NA
21,9,64.7544109972926,20,0,0.500437429536451,"M",0,0.25,1,"MED MED MED",NA
21,10,93.6965566682929,21,1,1.49958521811901,"M",0,0.25,1,"MED MED MED",NA
21,11,98.8594045891401,21,1,1.50102916523254,"M",0,0.25,1,"MED MED MED",NA
21,12,172.212082076278,25,5,5.50109346757838,"M",0,0.25,1,"MED MED MED",NA
22,1,127.907208453558,23,2,2.49906864149201,"M",0,0.25,1,"MED MED MED",NA
22,2,160.008523955758,25,4,4.50023606837943,"M",0,0.25,1,"MED MED MED",NA
22,3,59.7673505483098,21,0,0.500330863392026,"M",0,0.25,1,"MED MED MED",NA
22,4,212.315766039051,31,10,10.499755138499,"M",0,0.25,1,"MED MED MED",NA
22,5,114.361291756882,23,2,2.50145538872383,"M",0,0.25,1,"MED MED MED",NA
22,6,234.227379617402,33,12,12.5001225189753,"M",0,0.25,1,"MED MED MED",NA
22,7,155.627890419367,25,4,4.49965056085787,"M",0,0.25,1,"MED MED MED",NA
22,8,61.4735935059705,21,0,0.501789117293909,"M",0,0.25,1,"MED MED MED",NA
22,9,200.871406535505,29,8,8.49860135843626,"M",0,0.25,1,"MED MED MED",NA
22,10,148.947146266457,24,3,3.49808470686572,"M",0,0.25,1,"MED MED MED",NA
22,11,164.783526193621,25,4,4.50037194857797,"M",0,0.25,1,"MED MED MED",NA
22,12,181.550369598609,27,6,6.50133009254423,"M",0,0.25,1,"MED MED MED",NA
22,13,176.226853405605,25,4,4.500652021024,"M",0,0.25,1,"MED MED MED",NA
23,1,91.8312710627243,23,1,1.49909863018612,"M",0,0.25,1,"MED MED MED",NA
23,2,60.0244768965782,22,0,0.501350643269873,"M",0,0.25,1,"MED MED MED",NA
23,3,190.437489259827,27,5,5.50125651337924,"M",0,0.25,1,"MED MED MED",NA
23,4,167.747259181659,26,4,4.50069428847765,"M",0,0.25,1,"MED MED MED",NA
23,5,178.235985477324,28,6,6.50062995724806,"M",0,0.25,1,"MED MED MED",NA
23,6,155.917764701334,26,4,4.49903752319699,"M",0,0.25,1,"MED MED MED",NA
23,7,201.100725447752,34,12,12.499154735323,"M",0,0.25,1,"MED MED MED",NA
23,8,60.1360820272588,22,0,0.499734417335607,"M",0,0.25,1,"MED MED MED",NA
23,9,105.369838481853,23,1,1.498596022933,"M",0,0.25,1,"MED MED MED",NA
23,10,176.403499287072,29,7,7.50093628096208,"M",0,0.25,1,"MED MED MED",NA
23,11,63.647859404428,22,0,0.499309280411027,"M",0,0.25,1,"MED MED MED",NA
23,12,60.499327482735,22,0,0.499433518532715,"M",0,0.25,1,"MED MED MED",NA
23,13,168.068685737271,27,5,5.50014483790983,"M",0,0.25,1,"MED MED MED",NA
23,14,63.8278100675907,22,0,0.499254647634721,"M",0,0.25,1,"MED MED MED",NA
23,15,61.252601504905,22,0,0.500090162994593,"M",0,0.25,1,"MED MED MED",NA
24,1,94.5008358333916,24,1,1.49982614467883,"M",0,0.25,1,"MED MED MED",NA
24,2,232.465403161085,37,14,14.5007425429018,"M",0,0.25,1,"MED MED MED",NA
24,3,173.593606083916,28,5,5.50067353859712,"M",0,0.25,1,"MED MED MED",NA
24,4,252.047475815545,36,13,13.4991408806288,"M",0,0.25,1,"MED MED MED",NA
24,5,194.673339534103,32,9,9.50057552965454,"M",0,0.25,1,"MED MED MED",NA
24,6,178.32055807748,31,8,8.50114365060362,"M",0,0.25,1,"MED MED MED",NA
24,7,95.5825465724581,24,1,1.49994917520903,"M",0,0.25,1,"MED MED MED",NA
24,8,166.746889689532,27,4,4.49948771177035,"M",0,0.25,1,"MED MED MED",NA
24,9,100.462113556736,24,1,1.49970328292521,"M",0,0.25,1,"MED MED MED",NA
24,10,164.598291870716,27,4,4.5003099817303,"M",0,0.25,1,"MED MED MED",NA
24,11,143.029557650412,27,4,4.49979039443979,"M",0,0.25,1,"MED MED MED",NA
24,12,129.967553366955,25,2,2.50044642539113,"M",0,0.25,1,"MED MED MED",NA
25,1,128.425175005338,26,2,2.49985195388411,"M",0,0.25,1,"MED MED MED",NA
25,2,157.746802285923,28,4,4.49991551330261,"M",0,0.25,1,"MED MED MED",NA
25,3,184.972555402866,29,5,5.49800457102917,"M",0,0.25,1,"MED MED MED",NA
25,4,131.614506301621,26,2,2.4992544306536,"M",0,0.25,1,"MED MED MED",NA
25,5,192.428724117602,30,6,6.49941864605662,"M",0,0.25,1,"MED MED MED",NA
25,6,132.134517931775,26,2,2.50013148298517,"M",0,0.25,1,"MED MED MED",NA
25,7,64.0131284497384,24,0,0.500911659746994,"M",0,0.25,1,"MED MED MED",NA
25,8,63.7518654761339,24,0,0.500613568101495,"M",0,0.25,1,"MED MED MED",NA
25,9,95.1856748382567,25,1,1.49911105529458,"M",0,0.25,1,"MED MED MED",NA
25,10,63.0844842861201,24,0,0.500325758164443,"M",0,0.25,1,"MED MED MED",NA
25,11,186.617145976489,29,5,5.49939593342329,"M",0,0.25,1,"MED MED MED",NA
25,12,215.807388588644,33,9,9.4999552251289,"M",0,0.25,1,"MED MED MED",NA
26,1,60.8572622446128,25,0,0.499349767214568,"M",0,0.25,1,"MED MED MED",NA
26,2,138.400510460457,28,3,3.49937193358215,"M",0,0.25,1,"MED MED MED",NA
26,3,157.177275526652,28,3,3.49897460300336,"M",0,0.25,1,"MED MED MED",NA
26,4,99.7523117348372,26,1,1.49987349024094,"M",0,0.25,1,"MED MED MED",NA
26,5,118.743152911764,27,2,2.50036061638155,"M",0,0.25,1,"MED MED MED",NA
26,6,192.286148657273,31,6,6.50013602338863,"M",0,0.25,1,"MED MED MED",NA
26,7,90.4999619568056,26,1,1.49904396782022,"M",0,0.25,1,"MED MED MED",NA
26,8,64.2983257086033,25,0,0.500741296198525,"M",0,0.25,1,"MED MED MED",NA
26,9,101.17250954571,26,1,1.49916064656905,"M",0,0.25,1,"MED MED MED",NA
26,10,64.9561679138683,25,0,0.499711281491193,"M",0,0.25,1,"MED MED MED",NA
26,11,200.658923213892,31,6,6.49758350013385,"M",0,0.25,1,"MED MED MED",NA
26,12,123.410529077067,27,2,2.49933971874264,"M",0,0.25,1,"MED MED MED",NA
27,1,64.8218231588543,26,0,0.50014173177888,"M",0,0.25,1,"MED MED MED",NA
27,2,176.549982610547,30,4,4.49756613079336,"M",0,0.25,1,"MED MED MED",NA
27,3,60.4310991874882,26,0,0.498730513733642,"M",0,0.25,1,"MED MED MED",NA
27,4,137.207145396134,28,2,2.50053744657274,"M",0,0.25,1,"MED MED MED",NA
27,5,185.046750148193,32,6,6.49947346761553,"M",0,0.25,1,"MED MED MED",NA
27,6,60.5157056723448,26,0,0.500621079307299,"M",0,0.25,1,"MED MED MED",NA
27,7,201.856359814157,31,5,5.49746642819025,"M",0,0.25,1,"MED MED MED",NA
27,8,97.0014940718408,27,1,1.49875161930504,"M",0,0.25,1,"MED MED MED",NA
27,9,189.532030407392,32,6,6.49834480055585,"M",0,0.25,1,"MED MED MED",NA
27,10,159.032861458643,30,4,4.50079278682757,"M",0,0.25,1,"MED MED MED",NA
27,11,62.5342511545063,26,0,0.499772240188325,"M",0,0.25,1,"MED MED MED",NA
28,1,59.9543089046445,27,0,0.498813082723683,"M",0,0.25,1,"MED MED MED",NA
28,2,131.655966855152,29,2,2.49994914826698,"M",0,0.25,1,"MED MED MED",NA
28,3,230.301700416537,41,14,14.4995523710086,"M",0,0.25,1,"MED MED MED",NA
28,4,131.251706224341,29,2,2.50080790478309,"M",0,0.25,1,"MED MED MED",NA
28,5,184.293011415866,31,4,4.5006824014977,"M",0,0.25,1,"MED MED MED",NA
28,6,169.821258628767,31,4,4.50008922761501,"M",0,0.25,1,"MED MED MED",NA
28,7,62.7493587149349,27,0,0.499793574349761,"M",0,0.25,1,"MED MED MED",NA
28,8,94.5407283432321,28,1,1.4996292798599,"M",0,0.25,1,"MED MED MED",NA
28,9,65.7105442058936,27,0,0.500636065996579,"M",0,0.25,1,"MED MED MED",NA
28,10,174.291757437042,33,6,6.50079069939047,"M",0,0.25,1,"MED MED MED",NA
28,11,182.624891693943,36,9,9.50010729710572,"M",0,0.25,1,"MED MED MED",NA
28,12,134.32810128631,30,3,3.49926694079645,"M",0,0.25,1,"MED MED MED",NA
28,13,121.504197437009,29,2,2.50001908567749,"M",0,0.25,1,"MED MED MED",NA
28,14,195.064686164313,32,5,5.49947512577033,"M",0,0.25,1,"MED MED MED",NA
28,15,189.143069880187,33,6,6.49994024778402,"M",0,0.25,1,"MED MED MED",NA
29,1,100.228575998525,29,1,1.49915469667681,"M",0,0.25,1,"MED MED MED",NA
29,2,121.91127733699,30,2,2.49901289103117,"M",0,0.25,1,"MED MED MED",NA
29,3,93.1614666853863,29,1,1.49997469013609,"M",0,0.25,1,"MED MED MED",NA
29,4,180.233145385366,33,5,5.5004338482263,"M",0,0.25,1,"MED MED MED",NA
29,5,226.173310315322,38,10,10.4993367020148,"M",0,0.25,1,"MED MED MED",NA
29,6,154.488310096614,33,5,5.49871527783546,"M",0,0.25,1,"MED MED MED",NA
29,7,61.5406384883976,28,0,0.501181177497381,"M",0,0.25,1,"MED MED MED",NA
29,8,145.491336574539,31,3,3.50011275334309,"M",0,0.25,1,"MED MED MED",NA
29,9,161.356699081875,34,6,6.49980865635572,"M",0,0.25,1,"MED MED MED",NA
29,10,170.344935798385,31,3,3.50057630670649,"M",0,0.25,1,"MED MED MED",NA
30,1,61.6246777267101,29,0,0.497908788414006,"M",0,0.25,1,"MED MED MED",NA
30,2,99.3425235181114,30,1,1.49992155614618,"M",0,0.25,1,"MED MED MED",NA
30,3,181.096862460786,34,5,5.50092351986779,"M",0,0.25,1,"MED MED MED",NA
30,4,265.381446183565,39,10,10.5005362087718,"M",0,0.25,1,"MED MED MED",NA
30,5,65.3818073393211,29,0,0.499818086062737,"M",0,0.25,1,"MED MED MED",NA
30,6,122.667753777278,31,2,2.50128713885185,"M",0,0.25,1,"MED MED MED",NA
30,7,150.406567292312,33,4,4.49901825144399,"M",0,0.25,1,"MED MED MED",NA
30,8,145.409709778842,32,3,3.50274095775061,"M",0,0.25,1,"MED MED MED",NA
30,9,171.808822072401,34,5,5.49876868750767,"M",0,0.25,1,"MED MED MED",NA
30,10,181.301835789395,35,6,6.5009109136075,"M",0,0.25,1,"MED MED MED",NA
30,11,180.112512257282,33,4,4.50209296166202,"M",0,0.25,1,"MED MED MED",NA
30,12,65.7856604285631,29,0,0.499072864182829,"M",0,0.25,1,"MED MED MED",NA
30,13,189.207245942233,36,7,7.50043437386635,"M",0,0.25,1,"MED MED MED",NA
30,14,64.8703944043237,29,0,0.499585495184747,"M",0,0.25,1,"MED MED MED",NA
30,15,156.767632053612,32,3,3.50147691358636,"M",0,0.25,1,"MED MED MED",NA
30,16,148.694113178181,32,3,3.49953444230768,"M",0,0.25,1,"MED MED MED",NA
31,1,208.800781486311,37,7,7.49928967814247,"M",0,0.25,1,"MED MED MED",NA
31,2,138.751939811141,33,3,3.50219686583053,"M",0,0.25,1,"MED MED MED",NA
31,3,188.505572348777,36,6,6.50038196893125,"M",0,0.25,1,"MED MED MED",NA
31,4,143.96413908805,33,3,3.49789402246911,"M",0,0.25,1,"MED MED MED",NA
31,5,203.953731805339,36,6,6.4993957143172,"M",0,0.25,1,"MED MED MED",NA
31,6,228.435521075773,42,12,12.5003863228098,"M",0,0.25,1,"MED MED MED",NA
31,7,160.593329568164,34,4,4.5017047473239,"M",0,0.25,1,"MED MED MED",NA
31,8,120.827914922314,32,2,2.49926583275209,"M",0,0.25,1,"MED MED MED",NA
31,9,62.9485629604748,30,0,0.499662930757106,"M",0,0.25,1,"MED MED MED",NA
31,10,174.372518838778,34,4,4.50024871932355,"M",0,0.25,1,"MED MED MED",NA
31,11,60.4186664990525,30,0,0.498977556231885,"M",0,0.25,1,"MED MED MED",NA
31,12,124.166684618641,32,2,2.49928453458116,"M",0,0.25,1,"MED MED MED",NA
31,13,164.432254078332,36,6,6.49942181286875,"M",0,0.25,1,"MED MED MED",NA
31,14,187.655434550978,37,7,7.50041499970032,"M",0,0.25,1,"MED MED MED",NA
31,15,127.520833908274,32,2,2.50122139805161,"M",0,0.25,1,"MED MED MED",NA
31,16,143.305552726053,33,3,3.50013957007847,"M",0,0.25,1,"MED MED MED",NA
32,1,97.5666951473009,32,1,1.50070256259933,"M",0,0.25,1,"MED MED MED",NA
32,2,119.403036820148,33,2,2.50143918854161,"M",0,0.25,1,"MED MED MED",NA
32,3,172.840726578946,35,4,4.50007801290784,"M",0,0.25,1,"MED MED MED",NA
32,4,63.2987470384612,31,0,0.501222038173534,"M",0,0.25,1,"MED MED MED",NA
32,5,178.576886416143,35,4,4.5003133344399,"M",0,0.25,1,"MED MED MED",NA
32,6,62.7824226969718,31,0,0.500108665368723,"M",0,0.25,1,"MED MED MED",NA
32,7,93.2168558635834,32,1,1.50056943572663,"M",0,0.25,1,"MED MED MED",NA
32,8,99.7689030220704,32,1,1.4986113785006,"M",0,0.25,1,"MED MED MED",NA
32,9,154.260902689925,34,3,3.50036511722272,"M",0,0.25,1,"MED MED MED",NA
32,10,122.566044226848,33,2,2.50137902402436,"M",0,0.25,1,"MED MED MED",NA
32,11,176.079860268201,41,10,10.4998467100047,"M",0,0.25,1,"MED MED MED",NA
32,12,234.091820431565,41,10,10.5020277091076,"M",0,0.25,1,"MED MED MED",NA
33,1,189.757092953579,37,5,5.49991424800646,"M",0,0.25,1,"MED MED MED",NA
33,2,149.076776667092,35,3,3.50110008132779,"M",0,0.25,1,"MED MED MED",NA
33,3,162.836482048789,37,5,5.50149055129945,"M",0,0.25,1,"MED MED MED",NA
33,4,141.842524812922,34,2,2.50025444351437,"M",0,0.25,1,"MED MED MED",NA
33,5,180.676476113021,36,4,4.49988995718756,"M",0,0.25,1,"MED MED MED",NA
33,6,62.3265224526116,32,0,0.500336109474388,"M",0,0.25,1,"MED MED MED",NA
33,7,61.852241845107,32,0,0.499657960684818,"M",0,0.25,1,"MED MED MED",NA
33,8,162.055446499026,41,9,9.49931093927241,"M",0,0.25,1,"MED MED MED",NA
33,9,125.629599309297,34,2,2.50007055256889,"M",0,0.25,1,"MED MED MED",NA
33,10,100.794892133652,33,1,1.50221012766159,"M",0,0.25,1,"MED MED MED",NA
33,11,62.3791766504663,32,0,0.49938362244665,"M",0,0.25,1,"MED MED MED",NA
33,12,154.719503940433,36,4,4.49822976217188,"M",0,0.25,1,"MED MED MED",NA
33,13,125.043086675932,34,2,2.5011162382407,"M",0,0.25,1,"MED MED MED",NA
34,1,177.281157113964,42,9,9.50115990641437,"M",0,0.25,1,"MED MED MED",NA
34,2,143.828821639555,36,3,3.49914101601132,"M",0,0.25,1,"MED MED MED",NA
34,3,62.6420350086648,33,0,0.50123244954763,"M",0,0.25,1,"MED MED MED",NA
34,4,159.66832111648,37,4,4.4992252764002,"M",0,0.25,1,"MED MED MED",NA
34,5,192.772544105109,38,5,5.49997587824057,"M",0,0.25,1,"MED MED MED",NA
34,6,183.862492623675,40,7,7.50095360302895,"M",0,0.25,1,"MED MED MED",NA
34,7,207.734580669065,45,12,12.499729539954,"M",0,0.25,1,"MED MED MED",NA
34,8,63.2647620284842,33,0,0.499843197215863,"M",0,0.25,1,"MED MED MED",NA
34,9,142.822202242309,37,4,4.50208280810026,"M",0,0.25,1,"MED MED MED",NA
34,10,272.846143681828,44,11,11.4998952173319,"M",0,0.25,1,"MED MED MED",NA
34,11,182.386118786745,40,7,7.49870419080933,"M",0,0.25,1,"MED MED MED",NA
34,12,164.804307782541,38,5,5.50031061027518,"M",0,0.25,1,"MED MED MED",NA
34,13,143.87927825,36,3,3.50026864432455,"M",0,0.25,1,"MED MED MED",NA
35,1,64.3343240202966,34,0,0.497598296139993,"M",0,0.25,1,"MED MED MED",NA
35,2,200.69829541667,40,6,6.50123135560165,"M",0,0.25,1,"MED MED MED",NA
35,3,172.07222801638,38,4,4.49951402051034,"M",0,0.25,1,"MED MED MED",NA
35,4,60.1085825979053,34,0,0.5009946956727,"M",0,0.25,1,"MED MED MED",NA
35,5,155.572705789879,38,4,4.49870343146111,"M",0,0.25,1,"MED MED MED",NA
35,6,154.239973481447,39,5,5.49861838286051,"M",0,0.25,1,"MED MED MED",NA
35,7,160.674088661416,37,3,3.49793785890097,"M",0,0.25,1,"MED MED MED",NA
35,8,184.677057475705,39,5,5.499568757556,"M",0,0.25,1,"MED MED MED",NA
35,9,59.2654444855518,34,0,0.497601606100889,"M",0,0.25,1,"MED MED MED",NA
35,10,191.916842427823,40,6,6.50127496671762,"M",0,0.25,1,"MED MED MED",NA
35,11,128.461932257363,36,2,2.49952498815567,"M",0,0.25,1,"MED MED MED",NA
35,12,185.046641143804,44,10,10.4997509527359,"M",0,0.25,1,"MED MED MED",NA
36,1,62.7256586328362,35,0,0.500319837905339,"M",0,0.25,1,"MED MED MED",NA
36,2,128.950330482569,37,2,2.49937143545368,"M",0,0.25,1,"MED MED MED",NA
36,3,197.830581715222,44,9,9.49999611762964,"M",0,0.25,1,"MED MED MED",NA
36,4,206.258119179621,42,7,7.4999318095813,"M",0,0.25,1,"MED MED MED",NA
36,5,211.383820700309,42,7,7.50075391500904,"M",0,0.25,1,"MED MED MED",NA
36,6,62.7809859968174,35,0,0.498957549573856,"M",0,0.25,1,"MED MED MED",NA
36,7,115.528013466281,37,2,2.49884561138003,"M",0,0.25,1,"MED MED MED",NA
36,8,64.2207059616215,35,0,0.498650807304561,"M",0,0.25,1,"MED MED MED",NA
36,9,64.5639501200369,35,0,0.499641186372407,"M",0,0.25,1,"MED MED MED",NA
36,10,99.4152378824498,36,1,1.50265882381857,"M",0,0.25,1,"MED MED MED",NA
36,11,101.811448066033,36,1,1.50132351605972,"M",0,0.25,1,"MED MED MED",NA
36,12,120.107169258667,37,2,2.50102149276042,"M",0,0.25,1,"MED MED MED",NA
37,1,218.57147406207,48,12,12.5008094916902,"M",0,0.25,1,"MED MED MED",NA
37,2,64.6817722686927,36,0,0.498828697239391,"M",0,0.25,1,"MED MED MED",NA
37,3,98.4351752769667,37,1,1.4992791827995,"M",0,0.25,1,"MED MED MED",NA
37,4,101.255130717317,37,1,1.50112255572635,"M",0,0.25,1,"MED MED MED",NA
37,5,236.781654266897,47,11,11.4978917402619,"M",0,0.25,1,"MED MED MED",NA
37,6,61.5194783141759,36,0,0.499182780497086,"M",0,0.25,1,"MED MED MED",NA
37,7,167.618084426813,40,4,4.4998601582453,"M",0,0.25,1,"MED MED MED",NA
37,8,154.394609967299,39,3,3.49950286319648,"M",0,0.25,1,"MED MED MED",NA
37,9,127.9816419916,38,2,2.50068144376653,"M",0,0.25,1,"MED MED MED",NA
37,10,94.7722729500615,37,1,1.49960117723562,"M",0,0.25,1,"MED MED MED",NA
37,11,94.173325316384,37,1,1.49882388046692,"M",0,0.25,1,"MED MED MED",NA
38,1,62.101042970321,37,0,0.501756572767498,"M",0,0.25,1,"MED MED MED",NA
38,2,163.500489685252,42,5,5.50042172210201,"M",0,0.25,1,"MED MED MED",NA
38,3,96.1616218957656,38,1,1.50102751251394,"M",0,0.25,1,"MED MED MED",NA
38,4,150.557979735675,42,5,5.4995971075648,"M",0,0.25,1,"MED MED MED",NA
38,5,94.9495529057998,38,1,1.49785339504338,"M",0,0.25,1,"MED MED MED",NA
38,6,148.509293168651,40,3,3.50072635466642,"M",0,0.25,1,"MED MED MED",NA
38,7,61.2137850164702,37,0,0.499992701062923,"M",0,0.25,1,"MED MED MED",NA
38,8,121.357705025684,39,2,2.5011895912211,"M",0,0.25,1,"MED MED MED",NA
38,9,133.045313344645,39,2,2.49925017150199,"M",0,0.25,1,"MED MED MED",NA
38,10,100.801560997175,38,1,1.50036550733144,"M",0,0.25,1,"MED MED MED",NA
38,11,134.338172749653,39,2,2.501866070275,"M",0,0.25,1,"MED MED MED",NA
38,12,235.211377780634,48,11,11.4991702100555,"M",0,0.25,1,"MED MED MED",NA
38,13,94.8544345866158,38,1,1.50007146229205,"M",0,0.25,1,"MED MED MED",NA
39,1,207.322220510076,49,11,11.500444401528,"M",0,0.25,1,"MED MED MED",NA
39,2,166.163282187377,43,5,5.50038630030471,"M",0,0.25,1,"MED MED MED",NA
39,3,109.202200895755,39,1,1.50066553833118,"M",0,0.25,1,"MED MED MED",NA
39,4,229.187591410436,44,6,6.49947955225923,"M",0,0.25,1,"MED MED MED",NA
39,5,144.587577540838,41,3,3.50106529596798,"M",0,0.25,1,"MED MED MED",NA
39,6,125.90309442568,40,2,2.49898458490985,"M",0,0.25,1,"MED MED MED",NA
39,7,102.527196847934,39,1,1.50007982235328,"M",0,0.25,1,"MED MED MED",NA
39,8,216.72408043324,45,7,7.49999246618392,"M",0,0.25,1,"MED MED MED",NA
39,9,104.036577112941,39,1,1.50063636400254,"M",0,0.25,1,"MED MED MED",NA
39,10,189.063035045395,46,8,8.5020365091985,"M",0,0.25,1,"MED MED MED",NA
39,11,173.508580027395,46,8,8.50131800852613,"M",0,0.25,1,"MED MED MED",NA
40,1,201.953326085609,46,7,7.50135183775602,"M",0,0.25,1,"MED MED MED",NA
40,2,205.906735618209,46,7,7.50111362058415,"M",0,0.25,1,"MED MED MED",NA
40,3,174.612590079505,43,4,4.49943318325936,"M",0,0.25,1,"MED MED MED",NA
40,4,60.7164034312839,39,0,0.500020212757318,"M",0,0.25,1,"MED MED MED",NA
40,5,198.870188270284,45,6,6.50091910392909,"M",0,0.25,1,"MED MED MED",NA
40,6,60.8589693512777,39,0,0.501551999850729,"M",0,0.25,1,"MED MED MED",NA
40,7,175.026416602857,44,5,5.49948476599309,"M",0,0.25,1,"MED MED MED",NA
40,8,64.1282215673233,39,0,0.501172869202137,"M",0,0.25,1,"MED MED MED",NA
40,9,93.072903013104,40,1,1.49991410500599,"M",0,0.25,1,"MED MED MED",NA
40,10,104.572090366766,40,1,1.49924084391755,"M",0,0.25,1,"MED MED MED",NA
40,11,218.613444132022,46,7,7.49981433825491,"M",0,0.25,1,"MED MED MED",NA
40,12,99.2531925099337,40,1,1.5010008253861,"M",0,0.25,1,"MED MED MED",NA
41,1,127.18799281521,42,2,2.50116713129784,"M",0,0.25,1,"MED MED MED",NA
41,2,166.782539391054,44,4,4.50015778001806,"M",0,0.25,1,"MED MED MED",NA
41,3,62.3122239600525,40,0,0.497610241358913,"M",0,0.25,1,"MED MED MED",NA
41,4,158.118557224451,43,3,3.50072478070654,"M",0,0.25,1,"MED MED MED",NA
41,5,97.4182579563047,41,1,1.50019669703444,"M",0,0.25,1,"MED MED MED",NA
41,6,158.400845862964,43,3,3.50036791267911,"M",0,0.25,1,"MED MED MED",NA
41,7,62.567526560797,40,0,0.500567571867511,"M",0,0.25,1,"MED MED MED",NA
41,8,61.0243221563751,40,0,0.500695085155144,"M",0,0.25,1,"MED MED MED",NA
41,9,118.118719073967,42,2,2.50061816242675,"M",0,0.25,1,"MED MED MED",NA
41,10,183.246957950467,46,6,6.50212441412084,"M",0,0.25,1,"MED MED MED",NA
41,11,129.14771807398,42,2,2.50146981671195,"M",0,0.25,1,"MED MED MED",NA
41,12,164.152877061334,44,4,4.50129434289973,"M",0,0.25,1,"MED MED MED",NA
42,1,63.1844167582326,41,0,0.500853113667568,"M",0,0.25,1,"MED MED MED",NA
42,2,181.578273905585,50,9,9.5019162790579,"M",0.217539081093855,0.25,1,"MED MED MED",NA
42,3,64.1141874684104,41,0,0.501590101739565,"M",0,0.25,1,"MED MED MED",NA
42,4,100.037989708558,42,1,1.49857354735407,"M",0,0.25,1,"MED MED MED",NA
42,5,188.713973207426,45,4,4.50027823585276,"M",0,0.25,1,"MED MED MED",NA
42,6,231.736914967812,51,10,10.4995197326847,"M",0.23872558735311,0.25,1,"MED MED MED",NA
42,7,207.243380597391,47,6,6.50146693812411,"M",0,0.25,1,"MED MED MED",NA
42,8,122.218759557346,43,2,2.50024165589092,"M",0,0.25,1,"MED MED MED",NA
42,9,103.187027856995,42,1,1.50148495162845,"M",0,0.25,1,"MED MED MED",NA
42,10,136.786373856406,43,2,2.50018549755112,"M",0,0.25,1,"MED MED MED",NA
42,11,100.067285104064,42,1,1.49952395095274,"M",0,0.25,1,"MED MED MED",NA
42,12,196.416061344386,51,10,10.5010457262838,"FISHED",0.23872558735311,0.25,1,"MED MED MED",NA
43,1,224.046318128999,50,8,8.49870036397748,"FISHED",0.217539081093855,0.25,1,"MED MED MED",NA
43,2,101.73702289415,43,1,1.500714493229,"M",0,0.25,1,"MED MED MED",NA
43,3,199.873132718278,47,5,5.50091081486357,"M",0,0.25,1,"MED MED MED",NA
43,4,64.3442902409101,42,0,0.501127693062881,"M",0,0.25,1,"MED MED MED",NA
43,5,65.3979617457302,42,0,0.500445974602445,"M",0,0.25,1,"MED MED MED",NA
43,6,98.2451891411346,43,1,1.49784324812807,"M",0,0.25,1,"MED MED MED",NA
43,7,63.7141138855618,42,0,0.500110531775616,"M",0,0.25,1,"MED MED MED",NA
43,8,213.131513806064,52,10,10.4994558297907,"M",0.242843233980238,0.25,1,"MED MED MED",NA
43,9,203.296867771917,50,8,8.5008680495087,"M",0.217539081093855,0.25,1,"MED MED MED",NA
43,10,146.765959241944,45,3,3.49736911719954,"M",0,0.25,1,"MED MED MED",NA
43,11,58.7179076363273,42,0,0.498501881608265,"M",0,0.25,1,"MED MED MED",NA
43,12,100.164565008275,43,1,1.49993662710881,"M",0,0.25,1,"MED MED MED",NA
43,13,138.61024623174,44,2,2.49951336210241,"M",0,0.25,1,"MED MED MED",NA
43,14,145.909805076767,45,3,3.501818037954,"M",0,0.25,1,"MED MED MED",NA
44,1,95.2352498047283,44,1,1.49907250733219,"M",0,0.25,1,"MED MED MED",NA
44,2,63.5006333083014,43,0,0.500492619922153,"M",0,0.25,1,"MED MED MED",NA
44,3,193.110137147723,47,4,4.4994564293878,"M",0,0.25,1,"MED MED MED",NA
44,4,96.8976843110219,44,1,1.50073728397058,"M",0,0.25,1,"MED MED MED",NA
44,5,190.398525343904,51,8,8.49988379169141,"FISHED",0.23872558735311,0.25,1,"MED MED MED",NA
44,6,169.45352923391,47,4,4.50005819883763,"M",0,0.25,1,"MED MED MED",NA
44,7,65.4183653151156,43,0,0.501140195731011,"M",0,0.25,1,"MED MED MED",NA
44,8,143.547754770367,46,3,3.50010233958941,"M",0,0.25,1,"MED MED MED",NA
44,9,60.224080473809,43,0,0.500534247739334,"M",0,0.25,1,"MED MED MED",NA
44,10,123.303969975042,45,2,2.50085622544103,"M",0,0.25,1,"MED MED MED",NA
44,11,189.670387885882,49,6,6.49967724490467,"M",0,0.25,1,"MED MED MED",NA
44,12,151.143414762073,46,3,3.50004243218754,"M",0,0.25,1,"MED MED MED",NA
45,1,165.16420873178,48,4,4.50093367311985,"M",0,0.25,1,"MED MED MED",NA
45,2,62.2910599347824,44,0,0.499138979879427,"M",0,0.25,1,"MED MED MED",NA
45,3,154.46176389737,47,3,3.50028401443997,"M",0,0.25,1,"MED MED MED",NA
45,4,159.306627537274,48,4,4.50061966902992,"M",0,0.25,1,"MED MED MED",NA
45,5,243.527694625018,54,10,10.5000938410468,"M",0.248480587499216,0.25,1,"MED MED MED",NA
45,6,63.382776287689,44,0,0.498246177924198,"M",0,0.25,1,"MED MED MED",NA
45,7,64.0372988104891,44,0,0.500616278370701,"M",0,0.25,1,"MED MED MED",NA
45,8,181.464150678532,49,5,5.5004156431047,"M",0,0.25,1,"MED MED MED",NA
45,9,164.042701234139,49,5,5.49923412341158,"M",0,0.25,1,"MED MED MED",NA
45,10,101.520077024184,45,1,1.49950774090313,"M",0,0.25,1,"MED MED MED",NA
45,11,191.473800987217,54,10,10.4996650004953,"FISHED",0.248480587499216,0.25,1,"MED MED MED",NA
45,12,63.0928888790546,44,0,0.501026413990327,"M",0,0.25,1,"MED MED MED",NA
46,1,126.890441919212,47,2,2.49975976170247,"M",0,0.25,1,"MED MED MED",NA
46,2,190.623926772529,51,6,6.49917772122374,"M",0.23872558735311,0.25,1,"MED MED MED",NA
46,3,101.861520303076,46,1,1.49956664413498,"M",0,0.25,1,"MED MED MED",NA
46,4,61.7716668197373,45,0,0.500888637742569,"M",0,0.25,1,"MED MED MED",NA
46,5,63.088606602861,45,0,0.499741779321694,"M",0,0.25,1,"MED MED MED",NA
46,6,185.048548756361,51,6,6.50110828615028,"FISHED",0.23872558735311,0.25,1,"MED MED MED",NA
46,7,157.262210185323,49,4,4.50051104878138,"M",0,0.25,1,"MED MED MED",NA
46,8,105.196042775294,46,1,1.49918839812364,"M",0,0.25,1,"MED MED MED",NA
46,9,174.545623597463,50,5,5.49974347442278,"FISHED",0.217539081093855,0.25,1,"MED MED MED",NA
46,10,63.0668689229508,45,0,0.500074794876454,"M",0,0.25,1,"MED MED MED",NA
46,11,147.135655704987,48,3,3.49891046183656,"M",0,0.25,1,"MED MED MED",NA
46,12,100.084223736196,46,1,1.49966043985025,"M",0,0.25,1,"MED MED MED",NA
46,13,129.442857517677,47,2,2.50089973464437,"M",0,0.25,1,"MED MED MED",NA
47,1,64.4818294952077,46,0,0.498596156243357,"M",0,0.25,1,"MED MED MED",NA
47,2,156.071903827107,49,3,3.49991904048396,"M",0,0.25,1,"MED MED MED",NA
47,3,60.4083091616454,46,0,0.500192659379569,"M",0,0.25,1,"MED MED MED",NA
47,4,98.2098285327848,47,1,1.50029962425989,"M",0,0.25,1,"MED MED MED",NA
47,5,63.692389018176,46,0,0.501076479822739,"M",0,0.25,1,"MED MED MED",NA
47,6,99.4720004576217,47,1,1.50033728261152,"M",0,0.25,1,"MED MED MED",NA
47,7,135.737032660621,49,3,3.49986304203083,"M",0,0.25,1,"MED MED MED",NA
47,8,62.362606313167,46,0,0.501510417243132,"M",0,0.25,1,"MED MED MED",NA
47,9,191.866763131616,52,6,6.50016799427784,"FISHED",0.242843233980238,0.25,1,"MED MED MED",NA
47,10,164.826993030854,51,5,5.49991684782956,"M",0.23872558735311,0.25,1,"MED MED MED",NA
47,11,100.101275520897,47,1,1.49980435302395,"M",0,0.25,1,"MED MED MED",NA
47,12,63.9500100256939,46,0,0.499792405401773,"M",0,0.25,1,"MED MED MED",NA
47,13,165.51248546943,50,4,4.50082317583177,"FISHED",0.217539081093855,0.25,1,"MED MED MED",NA
48,1,97.5012927816337,48,1,1.49960760753273,"M",0,0.25,1,"MED MED MED",NA
48,2,149.472745092872,50,3,3.50018164285019,"M",0.217539081093855,0.25,1,"MED MED MED",NA
48,3,158.865155659829,50,3,3.50135790004544,"M",0.217539081093855,0.25,1,"MED MED MED",NA
48,4,65.1032647424119,47,0,0.500155592598741,"M",0,0.25,1,"MED MED MED",NA
48,5,97.755874509304,48,1,1.49988730385611,"M",0,0.25,1,"MED MED MED",NA
48,6,64.2849245416497,47,0,0.499546457166812,"M",0,0.25,1,"MED MED MED",NA
48,7,134.049707098472,50,3,3.4989506192795,"FISHED",0.217539081093855,0.25,1,"MED MED MED",NA
48,8,234.243265995935,54,7,7.49875853871999,"M",0.248480587499216,0.25,1,"MED MED MED",NA
48,9,188.348666039618,52,5,5.50081258736444,"FISHED",0.242843233980238,0.25,1,"MED MED MED",NA
48,10,62.8334323870386,47,0,0.499155759576242,"M",0,0.25,1,"MED MED MED",NA
48,11,164.522555324909,51,4,4.49931210016502,"FISHED",0.23872558735311,0.25,1,"MED MED MED",NA
48,12,97.0883168972486,48,1,1.50118763513923,"M",0,0.25,1,"MED MED MED",NA
49,1,132.912770212439,50,2,2.49856680248215,"M",0.217539081093855,0.25,1,"MED MED MED",NA
49,2,132.202574532885,51,3,3.4995677859249,"M",0.23872558735311,0.25,1,"MED MED MED",NA
49,3,101.702474101994,49,1,1.49989567162248,"M",0,0.25,1,"MED MED MED",NA
49,4,135.23133922169,50,2,2.50099972840425,"M",0.217539081093855,0.25,1,"MED MED MED",NA
49,5,143.431844545545,51,3,3.50058845469895,"M",0.23872558735311,0.25,1,"MED MED MED",NA
49,6,62.6298371811424,48,0,0.500267632302769,"M",0,0.25,1,"MED MED MED",NA
49,7,154.81575469153,51,3,3.49923287786378,"M",0.23872558735311,0.25,1,"MED MED MED",NA
49,8,94.6874303274948,49,1,1.50237951869315,"M",0,0.25,1,"MED MED MED",NA
49,9,144.995830737119,51,3,3.5006539906965,"FISHED",0.23872558735311,0.25,1,"MED MED MED",NA
49,10,98.0450904795315,49,1,1.49926212531316,"M",0,0.25,1,"MED MED MED",NA
49,11,130.357972695079,50,2,2.50003783212825,"M",0.217539081093855,0.25,1,"MED MED MED",NA
50,1,151.948127670425,52,3,3.49803608554672,"FISHED",0.242843233980238,0.25,1,"MED MED MED",NA
50,2,95.2220395607788,50,1,1.49913480590101,"M",0.217539081093855,0.25,1,"MED MED MED",NA
50,3,63.6095071084209,49,0,0.500579987611433,"M",0,0.25,1,"MED MED MED",NA
50,4,145.220073136571,52,3,3.50101063007253,"FISHED",0.242843233980238,0.25,1,"MED MED MED",NA
50,5,96.9893847909902,50,1,1.5013900051136,"FISHED",0.217539081093855,0.25,1,"MED MED MED",NA
50,6,155.782581208006,52,3,3.49920666612974,"M",0.242843233980238,0.25,1,"MED MED MED",NA
50,7,131.633568105973,51,2,2.49997947236188,"FISHED",0.23872558735311,0.25,1,"MED MED MED",NA
50,8,67.1834084282839,49,0,0.498863498105497,"M",0,0.25,1,"MED MED MED",NA
50,9,130.437756412297,51,2,2.50192085548926,"M",0.23872558735311,0.25,1,"MED MED MED",NA
50,10,131.928633552291,51,2,2.49792526294835,"M",0.23872558735311,0.25,1,"MED MED MED",NA
50,11,103.677951100917,50,1,1.50005504435154,"M",0.217539081093855,0.25,1,"MED MED MED",NA
51,1,94.976957391075,51,1,1.49841004950309,"FISHED",0.23872558735311,0.25,1,"MED MED MED",NA
51,2,159.658582176874,56,6,6.49995505513916,"FISHED",0.239636326045729,0.25,1,"MED MED MED",NA
51,3,138.308378772598,52,2,2.49909814531325,"M",0.242843233980238,0.25,1,"MED MED MED",NA
51,4,64.4481986374873,50,0,0.500096896873837,"M",0.217539081093855,0.25,1,"MED MED MED",NA
51,5,105.183826076715,51,1,1.49985440539794,"M",0.23872558735311,0.25,1,"MED MED MED",NA
51,6,199.095465608,57,7,7.49916672727016,"M",0.253068888257258,0.25,1,"MED MED MED",NA
51,7,184.933391754611,56,6,6.49869543602918,"M",0.239636326045729,0.25,1,"MED MED MED",NA
51,8,162.591459769976,54,4,4.50177197866101,"FISHED",0.248480587499216,0.25,1,"MED MED MED",NA
51,9,161.329039612464,54,4,4.50236442703156,"FISHED",0.248480587499216,0.25,1,"MED MED MED",NA
51,10,61.5393848286619,50,0,0.499004797214901,"M",0.217539081093855,0.25,1,"MED MED MED",NA
51,11,205.085673922448,59,9,9.49943677778693,"FISHED",0.27437114964705,0.25,1,"MED MED MED",NA
51,12,94.9943198046156,51,1,1.49782096940189,"M",0.23872558735311,0.25,1,"MED MED MED",NA
52,1,139.00472172945,54,3,3.49864385338816,"M",0.248480587499216,0.25,1,"MED MED MED",NA
52,2,186.175386606296,56,5,5.49881300856413,"FISHED",0.239636326045729,0.25,1,"MED MED MED",NA
52,3,64.184150524733,51,0,0.500604932066782,"M",0.23872558735311,0.25,1,"MED MED MED",NA
52,4,131.860768038052,53,2,2.50164741387372,"FISHED",0.214749378315173,0.25,1,"MED MED MED",NA
52,5,119.76596253381,53,2,2.50171314124061,"M",0.214749378315173,0.25,1,"MED MED MED",NA
52,6,181.923768003589,55,4,4.50031737153913,"FISHED",0.233927046624012,0.25,1,"MED MED MED",NA
52,7,63.8724018996674,51,0,0.501373475876636,"M",0.23872558735311,0.25,1,"MED MED MED",NA
52,8,235.129442914162,61,10,10.5007566048348,"M",0.246501275314949,0.25,1,"MED MED MED",NA
52,9,94.0148868062764,52,1,1.50106479435615,"M",0.242843233980238,0.25,1,"MED MED MED",NA
52,10,104.121311655518,52,1,1.49784085648033,"FISHED",0.242843233980238,0.25,1,"MED MED MED",NA
52,11,161.740796559461,54,3,3.4996287365115,"M",0.248480587499216,0.25,1,"MED MED MED",NA
52,12,134.521402644101,53,2,2.49959021622634,"M",0.214749378315173,0.25,1,"MED MED MED",NA
53,1,165.907683635984,56,4,4.49986469336439,"M",0.239636326045729,0.25,1,"MED MED MED",NA
53,2,62.7822977034583,52,0,0.500340461647406,"M",0.242843233980238,0.25,1,"MED MED MED",NA
53,3,64.0844379218632,52,0,0.498603095239045,"M",0.242843233980238,0.25,1,"MED MED MED",NA
53,4,64.9042523490228,52,0,0.499582516345147,"M",0.242843233980238,0.25,1,"MED MED MED",NA
53,5,63.0679374943433,52,0,0.501174965878001,"M",0.242843233980238,0.25,1,"MED MED MED",NA
53,6,65.4103376111002,52,0,0.500398596937939,"M",0.242843233980238,0.25,1,"MED MED MED",NA
53,7,175.181798866341,57,5,5.49896819448397,"M",0.253068888257258,0.25,1,"MED MED MED",NA
53,8,63.1592544954489,52,0,0.499959935935215,"M",0.242843233980238,0.25,1,"MED MED MED",NA
53,9,91.3671704404291,53,1,1.50032716040672,"M",0.214749378315173,0.25,1,"MED MED MED",NA
53,10,121.64984629086,54,2,2.49900113375871,"M",0.248480587499216,0.25,1,"MED MED MED",NA
53,11,96.991477619856,53,1,1.50149899071677,"M",0.214749378315173,0.25,1,"MED MED MED",NA
54,1,96.6820336707093,54,1,1.49871996224731,"M",0.248480587499216,0.25,1,"MED MED MED",NA
54,2,130.099365858148,55,2,2.5018996115113,"FISHED",0.233927046624012,0.25,1,"MED MED MED",NA
54,3,144.794780063881,56,3,3.4993595473835,"M",0.239636326045729,0.25,1,"MED MED MED",NA
54,4,118.235150148275,55,2,2.50030624021443,"M",0.233927046624012,0.25,1,"MED MED MED",NA
54,5,159.176237822325,58,5,5.50048577018263,"M",0.244562886608765,0.25,1,"MED MED MED",NA
54,6,145.375784903655,56,3,3.49946619792984,"M",0.239636326045729,0.25,1,"MED MED MED",NA
54,7,97.3095298996193,54,1,1.50070921858525,"FISHED",0.248480587499216,0.25,1,"MED MED MED",NA
54,8,99.5693238028807,54,1,1.50009681436086,"FISHED",0.248480587499216,0.25,1,"MED MED MED",NA
54,9,62.7172197245579,53,0,0.499668572157115,"M",0.214749378315173,0.25,1,"MED MED MED",NA
54,10,145.644007304026,56,3,3.50004330382791,"FISHED",0.239636326045729,0.25,1,"MED MED MED",NA
54,11,63.5261803556883,53,0,0.502043240984025,"M",0.214749378315173,0.25,1,"MED MED MED",NA
55,1,61.6048718644921,54,0,0.499700070396942,"M",0.248480587499216,0.25,1,"MED MED MED",NA
55,2,176.725972398395,58,4,4.49913862083551,"M",0.244562886608765,0.25,1,"MED MED MED",NA
55,3,65.6787722003413,54,0,0.499592742171514,"M",0.248480587499216,0.25,1,"MED MED MED",NA
55,4,61.7788107937836,54,0,0.499797225455067,"FISHED",0.248480587499216,0.25,1,"MED MED MED",NA
55,5,121.113828206648,56,2,2.49891261881839,"FISHED",0.239636326045729,0.25,1,"MED MED MED",NA
55,6,165.061657337444,57,3,3.50040200666638,"M",0.253068888257258,0.25,1,"MED MED MED",NA
55,7,62.824778803,54,0,0.501235901066544,"M",0.248480587499216,0.25,1,"MED MED MED",NA
55,8,61.9850894426838,54,0,0.49859606585093,"FISHED",0.248480587499216,0.25,1,"MED MED MED",NA
55,9,121.615299926979,56,2,2.5006546142335,"FISHED",0.239636326045729,0.25,1,"MED MED MED",NA
55,10,99.111959821464,55,1,1.50104755576128,"FISHED",0.233927046624012,0.25,1,"MED MED MED",NA
55,11,149.736553459125,57,3,3.49940312027825,"FISHED",0.253068888257258,0.25,1,"MED MED MED",NA
55,12,99.6218162361422,55,1,1.49914138355806,"M",0.233927046624012,0.25,1,"MED MED MED",NA
56,1,117.540031866062,57,2,2.5012943433422,"FISHED",0.253068888257258,0.25,1,"MED MED MED",NA
56,2,101.562220912615,56,1,1.49915971145938,"M",0.239636326045729,0.25,1,"MED MED MED",NA
56,3,99.304688183947,56,1,1.49926060522391,"M",0.239636326045729,0.25,1,"MED MED MED",NA
56,4,199.28143557995,64,9,9.49910458850589,"M",0.298947593919001,0.25,1,"MED MED MED",NA
56,5,96.6220826707333,56,1,1.49960962573113,"FISHED",0.239636326045729,0.25,1,"MED MED MED",NA
56,6,61.2280095528185,55,0,0.500132171042828,"M",0.233927046624012,0.25,1,"MED MED MED",NA
56,7,60.1875476424115,55,0,0.501276647355436,"FISHED",0.233927046624012,0.25,1,"MED MED MED",NA
56,8,165.252357363812,59,4,4.50010412007451,"M",0.27437114964705,0.25,1,"MED MED MED",NA
56,9,161.697115125146,59,4,4.49994114054788,"FISHED",0.27437114964705,0.25,1,"MED MED MED",NA
56,10,63.3859195501941,55,0,0.500102203788543,"M",0.233927046624012,0.25,1,"MED MED MED",NA
56,11,145.394526261096,58,3,3.49850580011028,"M",0.244562886608765,0.25,1,"MED MED MED",NA
57,1,61.3521863991005,56,0,0.501864121149118,"M",0.239636326045729,0.25,1,"MED MED MED",NA
57,2,95.3376072600735,57,1,1.49777510549769,"FISHED",0.253068888257258,0.25,1,"MED MED MED",NA
57,3,62.8231002899755,56,0,0.499661896464322,"M",0.239636326045729,0.25,1,"MED MED MED",NA
57,4,61.3067685466164,56,0,0.501207096609848,"M",0.239636326045729,0.25,1,"MED MED MED",NA
57,5,62.1869599814962,56,0,0.499129593686999,"FISHED",0.239636326045729,0.25,1,"MED MED MED",NA
57,6,94.1775286853555,57,1,1.50142878395006,"FISHED",0.253068888257258,0.25,1,"MED MED MED",NA
57,7,96.4223026174934,57,1,1.50073230451693,"FISHED",0.253068888257258,0.25,1,"MED MED MED",NA
57,8,123.417420933176,58,2,2.4983211109955,"M",0.244562886608765,0.25,1,"MED MED MED",NA
57,9,98.6565704858508,57,1,1.50105242366936,"M",0.253068888257258,0.25,1,"MED MED MED",NA
57,10,95.9540748138373,57,1,1.50147249983611,"M",0.253068888257258,0.25,1,"MED MED MED",NA
58,1,62.7442848108837,57,0,0.497645748291554,"M",0.253068888257258,0.25,1,"MED MED MED",NA
58,2,64.3388588972884,57,0,0.501098583825256,"FISHED",0.253068888257258,0.25,1,"MED MED MED",NA
58,3,65.978352171294,57,0,0.500463205314932,"FISHED",0.253068888257258,0.25,1,"MED MED MED",NA
58,4,64.6569271760207,57,0,0.498576002446654,"M",0.253068888257258,0.25,1,"MED MED MED",NA
58,5,64.0384432198592,57,0,0.501454208178785,"FISHED",0.253068888257258,0.25,1,"MED MED MED",NA
58,6,140.489975806184,59,2,2.50064436081549,"FISHED",0.27437114964705,0.25,1,"MED MED MED",NA
58,7,131.714774282562,59,2,2.50037447937846,"M",0.27437114964705,0.25,1,"MED MED MED",NA
58,8,127.767424078897,59,2,2.49906267383297,"FISHED",0.27437114964705,0.25,1,"MED MED MED",NA
58,9,106.705807390787,58,1,1.49968998216942,"FISHED",0.244562886608765,0.25,1,"MED MED MED",NA
58,10,121.844176990125,59,2,2.50149604996393,"FISHED",0.27437114964705,0.25,1,"MED MED MED",NA
58,11,100.326387766691,58,1,1.50222362975878,"FISHED",0.244562886608765,0.25,1,"MED MED MED",NA
58,12,61.5743692628294,57,0,0.501160588785561,"M",0.253068888257258,0.25,1,"MED MED MED",NA
58,13,127.25440275714,59,2,2.50068010821206,"M",0.27437114964705,0.25,1,"MED MED MED",NA
58,14,65.3222952850191,57,0,0.501453321262515,"M",0.253068888257258,0.25,1,"MED MED MED",NA
59,1,180.262687254899,63,5,5.50068295694095,"M",0.20092664049007,0.25,1,"MED MED MED",NA
59,2,61.5022641212783,58,0,0.500435521903902,"M",0.244562886608765,0.25,1,"MED MED MED",NA
59,3,102.669271340449,59,1,1.49940224842201,"M",0.27437114964705,0.25,1,"MED MED MED",NA
59,4,130.732764539085,60,2,2.49951097613551,"FISHED",0.258544711349532,0.25,1,"MED MED MED",NA
59,5,123.517547224734,60,2,2.50147013700362,"FISHED",0.258544711349532,0.25,1,"MED MED MED",NA
59,6,95.3045260296538,59,1,1.49918841107855,"M",0.27437114964705,0.25,1,"MED MED MED",NA
59,7,141.221250882458,61,3,3.49782583960737,"M",0.246501275314949,0.25,1,"MED MED MED",NA
59,8,63.318964389671,58,0,0.501230400551222,"M",0.244562886608765,0.25,1,"MED MED MED",NA
59,9,100.194876283683,59,1,1.49986832620041,"M",0.27437114964705,0.25,1,"MED MED MED",NA
59,10,149.960073032006,61,3,3.50053671849443,"M",0.246501275314949,0.25,1,"MED MED MED",NA
60,1,99.7326073618594,60,1,1.50059084488633,"M",0.258544711349532,0.25,1,"MED MED MED",NA
60,2,62.20069763324,59,0,0.50110953258463,"FISHED",0.27437114964705,0.25,1,"MED MED MED",NA
60,3,126.301501796712,61,2,2.50001882457752,"FISHED",0.246501275314949,0.25,1,"MED MED MED",NA
60,4,116.582350584981,61,2,2.50133494270787,"M",0.246501275314949,0.25,1,"MED MED MED",NA
60,5,63.9546403329495,59,0,0.500393700735429,"FISHED",0.27437114964705,0.25,1,"MED MED MED",NA
60,6,61.7743865086513,59,0,0.499296514887602,"M",0.27437114964705,0.25,1,"MED MED MED",NA
60,7,129.920676345774,61,2,2.50023109874485,"M",0.246501275314949,0.25,1,"MED MED MED",NA
60,8,152.405249730818,62,3,3.50089290068845,"M",0.200555996084586,0.25,1,"MED MED MED",NA
60,9,170.904279407228,62,3,3.49900925049256,"M",0.200555996084586,0.25,1,"MED MED MED",NA
60,10,62.2728987100059,59,0,0.502416059132745,"M",0.27437114964705,0.25,1,"MED MED MED",NA
60,11,99.1406108493223,60,1,1.50033161197569,"M",0.258544711349532,0.25,1,"MED MED MED",NA
61,1,62.6704302348065,60,0,0.500637140724316,"FISHED",0.258544711349532,0.25,1,"MED MED MED",NA
61,2,103.010191583833,61,1,1.49937032233636,"M",0.246501275314949,0.25,1,"MED MED MED",NA
61,3,116.033594211202,62,2,2.49957811485129,"FISHED",0.200555996084586,0.25,1,"MED MED MED",NA
61,4,64.5562352779089,60,0,0.501364428643696,"M",0.258544711349532,0.25,1,"MED MED MED",NA
61,5,63.4660232631871,60,0,0.49949137985402,"M",0.258544711349532,0.25,1,"MED MED MED",NA
61,6,126.967051371996,63,3,3.50085102805736,"M",0.20092664049007,0.25,1,"MED MED MED",NA
61,7,180.478949394678,65,5,5.50172578310201,"M",0.257522531133145,0.25,1,"MED MED MED",NA
61,8,97.5954663058359,61,1,1.49900535958532,"M",0.246501275314949,0.25,1,"MED MED MED",NA
61,9,63.4418742009232,60,0,0.501160177595578,"M",0.258544711349532,0.25,1,"MED MED MED",NA
61,10,90.8388304120309,61,1,1.49913255831627,"M",0.246501275314949,0.25,1,"MED MED MED",NA
61,11,124.426047178837,62,2,2.49917183183553,"M",0.200555996084586,0.25,1,"MED MED MED",NA
61,12,67.8189655478089,60,0,0.499604644763668,"M",0.258544711349532,0.25,1,"MED MED MED",NA
62,1,136.439939750208,64,3,3.5012741333386,"FISHED",0.298947593919001,0.25,1,"MED MED MED",NA
62,2,62.1496951503123,61,0,0.499133026006903,"FISHED",0.246501275314949,0.25,1,"MED MED MED",NA
62,3,154.955255485266,65,4,4.49909314018064,"FISHED",0.257522531133145,0.25,1,"MED MED MED",NA
62,4,62.5844568743758,61,0,0.5006199712831,"FISHED",0.246501275314949,0.25,1,"MED MED MED",NA
62,5,100.946097976244,62,1,1.49890235452714,"M",0.200555996084586,0.25,1,"MED MED MED",NA
62,6,128.053355197865,63,2,2.4999905307361,"M",0.20092664049007,0.25,1,"MED MED MED",NA
62,7,61.3969243823183,61,0,0.499030635201338,"FISHED",0.246501275314949,0.25,1,"MED MED MED",NA
62,8,64.0176949020514,61,0,0.501155901410445,"M",0.246501275314949,0.25,1,"MED MED MED",NA
62,9,63.1796055738917,61,0,0.500347983374989,"FISHED",0.246501275314949,0.25,1,"MED MED MED",NA
62,10,62.0207185909791,61,0,0.499077191556634,"M",0.246501275314949,0.25,1,"MED MED MED",NA
62,11,61.9076680889357,61,0,0.501183003753092,"FISHED",0.246501275314949,0.25,1,"MED MED MED",NA
62,12,60.787039711275,61,0,0.49941944045982,"M",0.246501275314949,0.25,1,"MED MED MED",NA
63,1,127.487510828592,64,2,2.49981528655728,"FISHED",0.298947593919001,0.25,1,"MED MED MED",NA
63,2,98.5381539696285,63,1,1.49750546930342,"FISHED",0.20092664049007,0.25,1,"MED MED MED",NA
63,3,61.5598417204824,62,0,0.499726934081061,"M",0.200555996084586,0.25,1,"MED MED MED",NA
63,4,171.664177173408,69,7,7.50061086768556,"M",0.285124317975715,0.25,1,"MED MED MED",NA
63,5,60.684667213442,62,0,0.498701209134426,"M",0.200555996084586,0.25,1,"MED MED MED",NA
63,6,141.679704568388,65,3,3.50130595717674,"FISHED",0.257522531133145,0.25,1,"MED MED MED",NA
63,7,147.647367140757,66,4,4.49968668297808,"FISHED",0.229593510902487,0.25,1,"MED MED MED",NA
63,8,62.0655470862954,62,0,0.500363453490495,"M",0.200555996084586,0.25,1,"MED MED MED",NA
63,9,63.0127716543606,62,0,0.499189004383885,"M",0.200555996084586,0.25,1,"MED MED MED",NA
63,10,62.6076209385542,62,0,0.500166711849827,"M",0.200555996084586,0.25,1,"MED MED MED",NA
63,11,63.4474013358848,62,0,0.500602282503494,"M",0.200555996084586,0.25,1,"MED MED MED",NA
63,12,134.028939087442,64,2,2.50119894793652,"FISHED",0.298947593919001,0.25,1,"MED MED MED",NA
64,1,95.7752402520995,64,1,1.49899777757422,"M",0.298947593919001,0.25,1,"MED MED MED",NA
64,2,157.237688674698,67,4,4.50172249598656,"FISHED",0.236010414222255,0.25,1,"MED MED MED",NA
64,3,103.386196380434,64,1,1.50042783861657,"FISHED",0.298947593919001,0.25,1,"MED MED MED",NA
64,4,63.3491732778912,63,0,0.498311521627197,"FISHED",0.20092664049007,0.25,1,"MED MED MED",NA
64,5,61.5494527994957,63,0,0.499629539622133,"M",0.20092664049007,0.25,1,"MED MED MED",NA
64,6,122.619260116551,65,2,2.50012614178448,"FISHED",0.257522531133145,0.25,1,"MED MED MED",NA
64,7,92.4999572493589,64,1,1.49913083930803,"M",0.298947593919001,0.25,1,"MED MED MED",NA
64,8,60.7643459441616,63,0,0.50013740864416,"FISHED",0.20092664049007,0.25,1,"MED MED MED",NA
64,9,90.9854259064478,64,1,1.49857720632058,"M",0.298947593919001,0.25,1,"MED MED MED",NA
64,10,161.269213597661,67,4,4.4998154581918,"M",0.236010414222255,0.25,1,"MED MED MED",NA
64,11,96.9546022189233,64,1,1.49896303424628,"FISHED",0.298947593919001,0.25,1,"MED MED MED",NA
65,1,63.1679706049097,64,0,0.500395922952004,"M",0.298947593919001,0.25,1,"MED MED MED",NA
65,2,63.5777604553241,64,0,0.501293910351161,"FISHED",0.298947593919001,0.25,1,"MED MED MED",NA
65,3,191.501324675723,73,9,9.50061405356729,"M",0.278680220502429,0.25,1,"MED MED MED",NA
65,4,62.5583356254418,64,0,0.499396637119213,"FISHED",0.298947593919001,0.25,1,"MED MED MED",NA
65,5,60.8452659599781,64,0,0.500321928346759,"M",0.298947593919001,0.25,1,"MED MED MED",NA
65,6,100.21143537295,65,1,1.49902688005919,"FISHED",0.257522531133145,0.25,1,"MED MED MED",NA
65,7,62.5393110528442,64,0,0.500044088738599,"M",0.298947593919001,0.25,1,"MED MED MED",NA
65,8,65.7788923092096,64,0,0.500375686795353,"FISHED",0.298947593919001,0.25,1,"MED MED MED",NA
65,9,100.896070201118,65,1,1.5001965790503,"M",0.257522531133145,0.25,1,"MED MED MED",NA
65,10,58.8657410944259,64,0,0.501411571285505,"FISHED",0.298947593919001,0.25,1,"MED MED MED",NA
66,1,105.664623369588,66,1,1.50001018774938,"FISHED",0.229593510902487,0.25,1,"MED MED MED",NA
66,2,99.1422864719419,66,1,1.50042783478395,"M",0.229593510902487,0.25,1,"MED MED MED",NA
66,3,60.9639631931129,65,0,0.500498312038932,"FISHED",0.257522531133145,0.25,1,"MED MED MED",NA
66,4,62.2510090182663,65,0,0.498553839030348,"FISHED",0.257522531133145,0.25,1,"MED MED MED",NA
66,5,102.074779007665,66,1,1.49999406674265,"M",0.229593510902487,0.25,1,"MED MED MED",NA
66,6,60.2096747572239,65,0,0.499368342230935,"FISHED",0.257522531133145,0.25,1,"MED MED MED",NA
66,7,155.932571276704,69,4,4.50013695021479,"M",0.285124317975715,0.25,1,"MED MED MED",NA
66,8,97.9316428119223,66,1,1.49953543454781,"M",0.229593510902487,0.25,1,"MED MED MED",NA
66,9,66.3425962153606,65,0,0.500243683457432,"M",0.257522531133145,0.25,1,"MED MED MED",NA
66,10,99.8062620742163,66,1,1.50096945515448,"M",0.229593510902487,0.25,1,"MED MED MED",NA
66,11,194.796503738386,70,5,5.5008755766347,"M",0.256820846046321,0.25,1,"MED MED MED",NA
67,1,62.6777102630555,66,0,0.498953789775717,"M",0.229593510902487,0.25,1,"MED MED MED",NA
67,2,63.2983746006804,66,0,0.500149859006857,"M",0.229593510902487,0.25,1,"MED MED MED",NA
67,3,62.993587440917,66,0,0.500790198378156,"M",0.229593510902487,0.25,1,"MED MED MED",NA
67,4,63.2340381615818,66,0,0.501261630780536,"M",0.229593510902487,0.25,1,"MED MED MED",NA
67,5,61.2742833082322,66,0,0.499912262588585,"FISHED",0.229593510902487,0.25,1,"MED MED MED",NA
67,6,203.976398695657,71,5,5.50157632012305,"FISHED",0.263606249610893,0.25,1,"MED MED MED",NA
67,7,92.2690721103893,67,1,1.50054040838775,"M",0.236010414222255,0.25,1,"MED MED MED",NA
67,8,95.5350022402711,67,1,1.4996129654603,"FISHED",0.236010414222255,0.25,1,"MED MED MED",NA
67,9,141.788775146859,69,3,3.49943246663836,"FISHED",0.285124317975715,0.25,1,"MED MED MED",NA
68,1,122.343102835911,69,2,2.49949845253367,"M",0.285124317975715,0.25,1,"MED MED MED",NA
68,2,61.1668991037763,67,0,0.499366132507795,"FISHED",0.236010414222255,0.25,1,"MED MED MED",NA
68,3,173.712694416394,72,5,5.49812709222508,"FISHED",0.275065948581323,0.25,1,"MED MED MED",NA
68,4,153.209809358903,70,3,3.49887933036519,"FISHED",0.256820846046321,0.25,1,"MED MED MED",NA
68,5,121.1425031905,69,2,2.50040956766183,"FISHED",0.285124317975715,0.25,1,"MED MED MED",NA
68,6,121.453948914523,69,2,2.49824875441498,"M",0.285124317975715,0.25,1,"MED MED MED",NA
68,7,95.8958238896377,68,1,1.50059580907656,"FISHED",0.261862961295992,0.25,1,"MED MED MED",NA
68,8,135.18445681871,69,2,2.50003104981332,"M",0.285124317975715,0.25,1,"MED MED MED",NA
69,1,132.394104902578,70,2,2.49918645547546,"FISHED",0.256820846046321,0.25,1,"MED MED MED",NA
69,2,61.8072346232414,68,0,0.499821662957812,"FISHED",0.261862961295992,0.25,1,"MED MED MED",NA
69,3,61.1127829207174,68,0,0.500010309866789,"M",0.261862961295992,0.25,1,"MED MED MED",NA
69,4,128.893166279017,70,2,2.49927718971651,"M",0.256820846046321,0.25,1,"MED MED MED",NA
69,5,211.358423937537,74,6,6.49910623869937,"M",0.200969236972742,0.25,1,"MED MED MED",NA
69,6,183.695637420231,72,4,4.50155919023238,"FISHED",0.275065948581323,0.25,1,"MED MED MED",NA
69,7,64.0225469451798,68,0,0.499904931233179,"FISHED",0.261862961295992,0.25,1,"MED MED MED",NA
70,1,61.0294675466902,69,0,0.502007915861339,"FISHED",0.285124317975715,0.25,1,"MED MED MED",NA
70,2,166.765183324751,74,5,5.50059135024118,"M",0.200969236972742,0.25,1,"MED MED MED",NA
70,3,162.665351501609,72,3,3.50013237646607,"FISHED",0.275065948581323,0.25,1,"MED MED MED",NA
70,4,63.8348207521869,69,0,0.499433284751123,"FISHED",0.285124317975715,0.25,1,"MED MED MED",NA
70,5,108.294263809448,71,2,2.50014026018152,"M",0.263606249610893,0.25,1,"MED MED MED",NA
70,6,62.0722843155691,69,0,0.501092238441456,"FISHED",0.285124317975715,0.25,1,"MED MED MED",NA
70,7,62.3330063181694,69,0,0.500655356074882,"M",0.285124317975715,0.25,1,"MED MED MED",NA
70,8,60.3881424125565,69,0,0.501749914366872,"M",0.285124317975715,0.25,1,"MED MED MED",NA
70,9,64.7676674995704,69,0,0.501454600931243,"M",0.285124317975715,0.25,1,"MED MED MED",NA
70,10,62.6124111445884,69,0,0.499425088014122,"M",0.285124317975715,0.25,1,"MED MED MED",NA
70,11,102.213994975463,70,1,1.49825793551455,"M",0.256820846046321,0.25,1,"MED MED MED",NA
71,1,64.0527595154358,70,0,0.50111658930618,"M",0.256820846046321,0.25,1,"MED MED MED",NA
71,2,157.471364858908,73,3,3.50031955958701,"FISHED",0.278680220502429,0.25,1,"MED MED MED",NA
71,3,98.9382554733244,71,1,1.49927363279574,"M",0.263606249610893,0.25,1,"MED MED MED",NA
71,4,160.073658029115,76,6,6.4994663835664,"M",0.247261060029268,0.25,1,"MED MED MED",NA
71,5,121.454764390838,72,2,2.49929366506982,"FISHED",0.275065948581323,0.25,1,"MED MED MED",NA
71,6,62.4272211930645,70,0,0.499205249425692,"M",0.256820846046321,0.25,1,"MED MED MED",NA
71,7,64.6346769933015,70,0,0.49975581799392,"FISHED",0.256820846046321,0.25,1,"MED MED MED",NA
71,8,61.070229619533,70,0,0.500528759505454,"FISHED",0.256820846046321,0.25,1,"MED MED MED",NA
71,9,137.42327408657,72,2,2.50173700836036,"M",0.275065948581323,0.25,1,"MED MED MED",NA
71,10,59.767085479854,70,0,0.499537718735922,"M",0.256820846046321,0.25,1,"MED MED MED",NA
71,11,62.7623215594812,70,0,0.500939268253867,"M",0.256820846046321,0.25,1,"MED MED MED",NA
72,1,63.6785475262641,71,0,0.500028295581618,"M",0.263606249610893,0.25,1,"MED MED MED",NA
72,2,59.8777422883816,71,0,0.500342605912449,"FISHED",0.263606249610893,0.25,1,"MED MED MED",NA
72,3,167.551037540886,75,4,4.49901952837034,"FISHED",0.286160112917423,0.25,1,"MED MED MED",NA
72,4,100.512984558712,72,1,1.50046847972504,"FISHED",0.275065948581323,0.25,1,"MED MED MED",NA
72,5,96.9854262719725,72,1,1.49995565954681,"M",0.275065948581323,0.25,1,"MED MED MED",NA
72,6,162.538838689085,75,4,4.50078836373282,"M",0.286160112917423,0.25,1,"MED MED MED",NA
72,7,116.069768093754,73,2,2.49773454100119,"FISHED",0.278680220502429,0.25,1,"MED MED MED",NA
72,8,178.150748747342,76,5,5.50202659407403,"FISHED",0.247261060029268,0.25,1,"MED MED MED",NA
72,9,63.0160456593858,71,0,0.499155056356779,"M",0.263606249610893,0.25,1,"MED MED MED",NA
72,10,61.8728467704933,71,0,0.500215910060056,"M",0.263606249610893,0.25,1,"MED MED MED",NA
72,11,62.5055338857745,71,0,0.501393272140422,"FISHED",0.263606249610893,0.25,1,"MED MED MED",NA
72,12,65.3716840695428,71,0,0.499962555506829,"FISHED",0.263606249610893,0.25,1,"MED MED MED",NA
73,1,91.5573835579795,73,1,1.50091434158023,"M",0.278680220502429,0.25,1,"MED MED MED",NA
73,2,101.836950994896,73,1,1.50184188690359,"FISHED",0.278680220502429,0.25,1,"MED MED MED",NA
73,3,153.109162148074,75,3,3.49905212404068,"M",0.286160112917423,0.25,1,"MED MED MED",NA
73,4,59.0069790149934,72,0,0.50109980393566,"FISHED",0.275065948581323,0.25,1,"MED MED MED",NA
73,5,102.719565964839,73,1,1.50075093977864,"FISHED",0.278680220502429,0.25,1,"MED MED MED",NA
73,6,136.566131493657,74,2,2.50066039340542,"M",0.200969236972742,0.25,1,"MED MED MED",NA
73,7,63.2239781538269,72,0,0.500155645976487,"M",0.275065948581323,0.25,1,"MED MED MED",NA
73,8,116.941571072254,74,2,2.50225326620968,"M",0.200969236972742,0.25,1,"MED MED MED",NA
73,9,130.847790318909,74,2,2.50092125275128,"FISHED",0.200969236972742,0.25,1,"MED MED MED",NA
73,10,60.1257329525255,72,0,0.498623578778704,"FISHED",0.275065948581323,0.25,1,"MED MED MED",NA
73,11,60.7403311439958,72,0,0.4988486479372,"M",0.275065948581323,0.25,1,"MED MED MED",NA
74,1,64.4561082025898,73,0,0.499879277719101,"M",0.278680220502429,0.25,1,"MED MED MED",NA
74,2,126.411279329758,75,2,2.50033981950712,"M",0.286160112917423,0.25,1,"MED MED MED",NA
74,3,123.556464719125,75,2,2.49879559120367,"M",0.286160112917423,0.25,1,"MED MED MED",NA
74,4,63.4203152730018,73,0,0.5001153028131,"M",0.278680220502429,0.25,1,"MED MED MED",NA
74,5,202.259601052439,84,11,11.4996918151628,"FISHED",0.241702260077,0.25,1,"MED MED MED",NA
74,6,124.501694897821,75,2,2.5008961783822,"M",0.286160112917423,0.25,1,"MED MED MED",NA
74,7,127.335371075429,75,2,2.50182537421449,"M",0.286160112917423,0.25,1,"MED MED MED",NA
74,8,62.8493666164458,73,0,0.49986384202693,"FISHED",0.278680220502429,0.25,1,"MED MED MED",NA
74,9,66.315783591102,73,0,0.499312419457771,"FISHED",0.278680220502429,0.25,1,"MED MED MED",NA
74,10,161.404981815106,77,4,4.49860759755616,"FISHED",0.234162116888911,0.25,1,"MED MED MED",NA
74,11,150.148506181109,76,3,3.50029781490386,"FISHED",0.247261060029268,0.25,1,"MED MED MED",NA
74,12,101.626103036549,74,1,1.49958223471735,"M",0.200969236972742,0.25,1,"MED MED MED",NA
75,1,97.2045581848775,75,1,1.49996098677353,"M",0.286160112917423,0.25,1,"MED MED MED",NA
75,2,129.020922459014,76,2,2.50130040158863,"FISHED",0.247261060029268,0.25,1,"MED MED MED",NA
75,3,62.107684136923,74,0,0.499602199432205,"FISHED",0.200969236972742,0.25,1,"MED MED MED",NA
75,4,63.8687138645768,74,0,0.499920528414927,"FISHED",0.200969236972742,0.25,1,"MED MED MED",NA
75,5,98.4080702283312,75,1,1.49841302445566,"M",0.286160112917423,0.25,1,"MED MED MED",NA
75,6,182.076079655852,80,6,6.49900079248878,"M",0.240225156350061,0.25,1,"MED MED MED",NA
75,7,98.5241766048298,75,1,1.5000937711065,"M",0.286160112917423,0.25,1,"MED MED MED",NA
75,8,62.403874726039,74,0,0.499724673191025,"M",0.200969236972742,0.25,1,"MED MED MED",NA
75,9,134.027418894489,77,3,3.50264939773875,"FISHED",0.234162116888911,0.25,1,"MED MED MED",NA
75,10,131.977960415908,77,3,3.50027730380477,"FISHED",0.234162116888911,0.25,1,"MED MED MED",NA
75,11,127.525115093983,76,2,2.50017938187215,"M",0.247261060029268,0.25,1,"MED MED MED",NA
75,12,60.1627065963721,74,0,0.500891095439592,"FISHED",0.200969236972742,0.25,1,"MED MED MED",NA
75,13,95.2145582015362,75,1,1.50050658367552,"M",0.286160112917423,0.25,1,"MED MED MED",NA
76,1,98.0757467664377,76,1,1.49958451226718,"M",0.247261060029268,0.25,1,"MED MED MED",NA
76,2,165.683166344926,79,4,4.49898320484817,"FISHED",0.220511082257144,0.25,1,"MED MED MED",NA
76,3,134.378788580916,78,3,3.49915405243658,"FISHED",0.261833518464118,0.25,1,"MED MED MED",NA
76,4,100.20246559823,76,1,1.50031046115544,"FISHED",0.247261060029268,0.25,1,"MED MED MED",NA
76,5,61.7585902170493,75,0,0.501097321839539,"M",0.286160112917423,0.25,1,"MED MED MED",NA
76,6,142.785199130506,77,2,2.49935063164803,"M",0.234162116888911,0.25,1,"MED MED MED",NA
76,7,65.4259459390241,75,0,0.500640717035999,"FISHED",0.286160112917423,0.25,1,"MED MED MED",NA
76,8,62.6593328768486,75,0,0.498713129072393,"M",0.286160112917423,0.25,1,"MED MED MED",NA
76,9,134.020600803444,77,2,2.50249284583663,"FISHED",0.234162116888911,0.25,1,"MED MED MED",NA
76,10,149.805873833091,78,3,3.49906751969257,"M",0.261833518464118,0.25,1,"MED MED MED",NA
76,11,172.018811186058,80,5,5.49862407924022,"FISHED",0.240225156350061,0.25,1,"MED MED MED",NA
77,1,144.384479239724,79,3,3.50190242837108,"FISHED",0.220511082257144,0.25,1,"MED MED MED",NA
77,2,62.1483262853065,76,0,0.499771632467165,"M",0.247261060029268,0.25,1,"MED MED MED",NA
77,3,95.9986625041827,77,1,1.49796859668004,"M",0.234162116888911,0.25,1,"MED MED MED",NA
77,4,119.553259956935,78,2,2.50064841371611,"M",0.261833518464118,0.25,1,"MED MED MED",NA
77,5,120.974984411741,78,2,2.50053673777033,"FISHED",0.261833518464118,0.25,1,"MED MED MED",NA
77,6,101.425945757373,77,1,1.4996959060567,"FISHED",0.234162116888911,0.25,1,"MED MED MED",NA
77,7,127.789621636989,78,2,2.5009822942657,"M",0.261833518464118,0.25,1,"MED MED MED",NA
77,8,61.0177457928987,76,0,0.50007270580442,"M",0.247261060029268,0.25,1,"MED MED MED",NA
77,9,61.224134751717,76,0,0.5010006095574,"M",0.247261060029268,0.25,1,"MED MED MED",NA
77,10,62.8527099995391,76,0,0.49855165199373,"M",0.247261060029268,0.25,1,"MED MED MED",NA
78,1,122.84231186385,79,2,2.50163911370381,"M",0.220511082257144,0.25,1,"MED MED MED",NA
78,2,125.383581109436,79,2,2.4990150957866,"M",0.220511082257144,0.25,1,"MED MED MED",NA
78,3,61.6920754616376,77,0,0.501078006381027,"M",0.234162116888911,0.25,1,"MED MED MED",NA
78,4,136.564319839545,80,3,3.50144848930451,"M",0.240225156350061,0.25,1,"MED MED MED",NA
78,5,63.6330131270723,77,0,0.500390353048532,"M",0.234162116888911,0.25,1,"MED MED MED",NA
78,6,66.287716354909,77,0,0.500808582363922,"M",0.234162116888911,0.25,1,"MED MED MED",NA
78,7,163.195528658076,81,4,4.49848105233711,"FISHED",0.293670504214242,0.25,1,"MED MED MED",NA
78,8,64.0088227280848,77,0,0.499053365193508,"M",0.234162116888911,0.25,1,"MED MED MED",NA
78,9,63.9654391907111,77,0,0.500305298311874,"M",0.234162116888911,0.25,1,"MED MED MED",NA
78,10,96.6365399855085,78,1,1.49956312371698,"M",0.261833518464118,0.25,1,"MED MED MED",NA
79,1,61.7538393725172,78,0,0.498440112983051,"FISHED",0.261833518464118,0.25,1,"MED MED MED",NA
79,2,122.899647495562,80,2,2.50044162020061,"M",0.240225156350061,0.25,1,"MED MED MED",NA
79,3,62.2014073316221,78,0,0.500516107987801,"M",0.261833518464118,0.25,1,"MED MED MED",NA
79,4,119.25124016496,80,2,2.49944805956566,"M",0.240225156350061,0.25,1,"MED MED MED",NA
79,5,63.6181964357847,78,0,0.49999200812075,"M",0.261833518464118,0.25,1,"MED MED MED",NA
79,6,99.3040265126772,79,1,1.50058465073927,"FISHED",0.220511082257144,0.25,1,"MED MED MED",NA
79,7,59.8674620786365,78,0,0.500583321610487,"FISHED",0.261833518464118,0.25,1,"MED MED MED",NA
79,8,62.2686199174063,78,0,0.499636705394658,"M",0.261833518464118,0.25,1,"MED MED MED",NA
79,9,126.286579368198,80,2,2.50002236353768,"FISHED",0.240225156350061,0.25,1,"MED MED MED",NA
79,10,130.186367894699,80,2,2.50088653102321,"M",0.240225156350061,0.25,1,"MED MED MED",NA
80,1,64.4982432966774,79,0,0.500317130948263,"M",0.220511082257144,0.25,1,"MED MED MED",NA
80,2,157.571572438871,82,3,3.49972828025305,"M",0.232115855556913,0.25,1,"MED MED MED",NA
80,3,156.448903081582,83,4,4.50155155275116,"FISHED",0.211803505383432,0.25,1,"MED MED MED",NA
80,4,61.2031663373607,79,0,0.50097705502472,"M",0.220511082257144,0.25,1,"MED MED MED",NA
80,5,64.8084126365271,79,0,0.498044675174028,"M",0.220511082257144,0.25,1,"MED MED MED",NA
80,6,59.5681653376697,79,0,0.500215849801093,"FISHED",0.220511082257144,0.25,1,"MED MED MED",NA
80,7,61.4577648328085,79,0,0.500688635701904,"M",0.220511082257144,0.25,1,"MED MED MED",NA
80,8,63.6302458731242,79,0,0.498342881608284,"FISHED",0.220511082257144,0.25,1,"MED MED MED",NA
80,9,106.48009834849,80,1,1.5014142687573,"M",0.240225156350061,0.25,1,"MED MED MED",NA
81,1,64.2973519375467,80,0,0.500228762347055,"M",0.240225156350061,0.25,1,"MED MED MED",NA
81,2,125.041367218341,82,2,2.50039173354145,"M",0.232115855556913,0.25,1,"MED MED MED",NA
81,3,63.2514606562639,80,0,0.498072711308219,"M",0.240225156350061,0.25,1,"MED MED MED",NA
81,4,62.6429600417466,80,0,0.500198915702754,"FISHED",0.240225156350061,0.25,1,"MED MED MED",NA
81,5,159.173779345315,83,3,3.49998669444338,"M",0.211803505383432,0.25,1,"MED MED MED",NA
81,6,123.550491282905,82,2,2.49975922255485,"M",0.232115855556913,0.25,1,"MED MED MED",NA
81,7,162.875552255787,84,4,4.50090050317729,"FISHED",0.241702260077,0.25,1,"MED MED MED",NA
81,8,61.2006907668419,80,0,0.500159923267732,"M",0.240225156350061,0.25,1,"MED MED MED",NA
81,9,61.6447708681247,80,0,0.499062827823374,"FISHED",0.240225156350061,0.25,1,"MED MED MED",NA
81,10,63.3267250517645,80,0,0.500073602428599,"FISHED",0.240225156350061,0.25,1,"MED MED MED",NA
82,1,62.9502938249476,81,0,0.499316588857653,"M",0.293670504214242,0.25,1,"MED MED MED",NA
82,2,146.804438766293,84,3,3.50009628735546,"FISHED",0.241702260077,0.25,1,"MED MED MED",NA
82,3,101.641222171105,82,1,1.49899255754022,"M",0.232115855556913,0.25,1,"MED MED MED",NA
82,4,62.9678651368105,81,0,0.500837131299872,"M",0.293670504214242,0.25,1,"MED MED MED",NA
82,5,152.000214455535,84,3,3.49973115343464,"M",0.241702260077,0.25,1,"MED MED MED",NA
82,6,66.4201629675563,81,0,0.500300953041148,"FISHED",0.293670504214242,0.25,1,"MED MED MED",NA
82,7,61.1974812425433,81,0,0.498967266025993,"M",0.293670504214242,0.25,1,"MED MED MED",NA
82,8,61.0989966496058,81,0,0.499276690724635,"M",0.293670504214242,0.25,1,"MED MED MED",NA
82,9,97.4108357415127,82,1,1.50043034048458,"M",0.232115855556913,0.25,1,"MED MED MED",NA
82,10,63.0051029790638,81,0,0.499345101778174,"FISHED",0.293670504214242,0.25,1,"MED MED MED",NA
83,1,62.9440096332549,82,0,0.501614136405823,"M",0.232115855556913,0.25,1,"MED MED MED",NA
83,2,158.954685145291,86,4,4.50034012624962,"M",0.276768181915395,0.25,1,"MED MED MED",NA
83,3,183.003957036022,89,7,7.50054708183007,"M",0.21149242662359,0.25,1,"MED MED MED",NA
83,4,66.1096045995408,82,0,0.499976780144544,"FISHED",0.232115855556913,0.25,1,"MED MED MED",NA
83,5,62.3219782888194,82,0,0.499121575376257,"M",0.232115855556913,0.25,1,"MED MED MED",NA
83,6,196.792921516143,88,6,6.50089011347199,"M",0.222976669552736,0.25,1,"MED MED MED",NA
83,7,104.084056937155,83,1,1.49821926520857,"M",0.211803505383432,0.25,1,"MED MED MED",NA
83,8,117.799570858285,84,2,2.50119157609007,"FISHED",0.241702260077,0.25,1,"MED MED MED",NA
83,9,167.583510823295,86,4,4.50112198053861,"M",0.276768181915395,0.25,1,"MED MED MED",NA
83,10,107.566762207114,83,1,1.50015091430111,"M",0.211803505383432,0.25,1,"MED MED MED",NA
84,1,182.005178240801,88,5,5.5002681863893,"M",0.222976669552736,0.25,1,"MED MED MED",NA
84,2,60.4111241588458,83,0,0.498301108440313,"M",0.211803505383432,0.25,1,"MED MED MED",NA
84,3,134.711002760439,85,2,2.50100004377979,"M",0.201910403207876,0.25,1,"MED MED MED",NA
84,4,62.4614689543516,83,0,0.498984157010375,"FISHED",0.211803505383432,0.25,1,"MED MED MED",NA
84,5,150.750731709881,86,3,3.50083869149059,"M",0.276768181915395,0.25,1,"MED MED MED",NA
84,6,62.0541214752052,83,0,0.500777538857195,"M",0.211803505383432,0.25,1,"MED MED MED",NA
84,7,63.030076636977,83,0,0.500786891396889,"M",0.211803505383432,0.25,1,"MED MED MED",NA
84,8,124.73867213314,85,2,2.50042380493694,"FISHED",0.201910403207876,0.25,1,"MED MED MED",NA
84,9,64.1789075633406,83,0,0.499736478386434,"FISHED",0.211803505383432,0.25,1,"MED MED MED",NA
84,10,63.3610339004247,83,0,0.500096410042521,"FISHED",0.211803505383432,0.25,1,"MED MED MED",NA
85,1,127.692871130536,86,2,2.5010393331301,"M",0.276768181915395,0.25,1,"MED MED MED",NA
85,2,160.389962462914,88,4,4.49931358534667,"M",0.222976669552736,0.25,1,"MED MED MED",NA
85,3,63.2792130077626,84,0,0.500580102375629,"FISHED",0.241702260077,0.25,1,"MED MED MED",NA
85,4,62.2762565944812,84,0,0.500828244363449,"M",0.241702260077,0.25,1,"MED MED MED",NA
85,5,151.035367747542,87,3,3.49972010184844,"FISHED",0.27103269957006,0.25,1,"MED MED MED",NA
85,6,64.0481867586806,84,0,0.500843011894231,"FISHED",0.241702260077,0.25,1,"MED MED MED",NA
85,7,62.8797985737763,84,0,0.500575429876568,"FISHED",0.241702260077,0.25,1,"MED MED MED",NA
85,8,58.2897889746398,84,0,0.50036690079687,"FISHED",0.241702260077,0.25,1,"MED MED MED",NA
85,9,61.3717630990042,84,0,0.497992045019726,"M",0.241702260077,0.25,1,"MED MED MED",NA
85,10,63.0093867241224,84,0,0.498257933009089,"FISHED",0.241702260077,0.25,1,"MED MED MED",NA
86,1,117.817253610936,87,2,2.49851700663215,"FISHED",0.27103269957006,0.25,1,"MED MED MED",NA
86,2,93.4354485394728,86,1,1.50080333228679,"M",0.276768181915395,0.25,1,"MED MED MED",NA
86,3,61.7282767059518,85,0,0.501247733569932,"FISHED",0.201910403207876,0.25,1,"MED MED MED",NA
86,4,62.7904608234598,85,0,0.49982792201337,"M",0.201910403207876,0.25,1,"MED MED MED",NA
86,5,99.9333625752099,86,1,1.49933480353537,"FISHED",0.276768181915395,0.25,1,"MED MED MED",NA
86,6,101.928253863821,86,1,1.50113064583089,"M",0.276768181915395,0.25,1,"MED MED MED",NA
86,7,61.7045140070324,85,0,0.498806748622164,"FISHED",0.201910403207876,0.25,1,"MED MED MED",NA
86,8,96.3915149154595,86,1,1.49901421779489,"M",0.276768181915395,0.25,1,"MED MED MED",NA
86,9,183.629714095658,91,6,6.50083150546765,"FISHED",0.243832831713371,0.25,1,"MED MED MED",NA
86,10,187.441991282731,92,7,7.49759594839333,"M",0.29741735951975,0.25,1,"MED MED MED",NA
86,11,59.8092263193848,85,0,0.501233830337709,"M",0.201910403207876,0.25,1,"MED MED MED",NA
87,1,129.316679912607,88,2,2.50061460240144,"M",0.222976669552736,0.25,1,"MED MED MED",NA
87,2,63.195977991113,86,0,0.499730178528543,"FISHED",0.276768181915395,0.25,1,"MED MED MED",NA
87,3,62.8543125253463,86,0,0.500583142512532,"FISHED",0.276768181915395,0.25,1,"MED MED MED",NA
87,4,169.635189092535,92,6,6.50010837201246,"FISHED",0.29741735951975,0.25,1,"MED MED MED",NA
87,5,62.2441062859224,86,0,0.498790603070803,"FISHED",0.276768181915395,0.25,1,"MED MED MED",NA
87,6,64.4334681434334,86,0,0.499113918331753,"FISHED",0.276768181915395,0.25,1,"MED MED MED",NA
87,7,63.5243720768908,86,0,0.499747747531495,"M",0.276768181915395,0.25,1,"MED MED MED",NA
88,1,129.727929794048,89,2,2.49999363392485,"FISHED",0.21149242662359,0.25,1,"MED MED MED",NA
88,2,104.563619441541,88,1,1.4996004575105,"FISHED",0.222976669552736,0.25,1,"MED MED MED",NA
88,3,95.9603456072629,88,1,1.49993445684559,"FISHED",0.222976669552736,0.25,1,"MED MED MED",NA
88,4,63.1887752978201,87,0,0.500064895471692,"FISHED",0.27103269957006,0.25,1,"MED MED MED",NA
88,5,156.832683629923,91,4,4.4998993068925,"FISHED",0.243832831713371,0.25,1,"MED MED MED",NA
88,6,64.8762228221301,87,0,0.499103966129423,"M",0.27103269957006,0.25,1,"MED MED MED",NA
88,7,135.337417129567,90,3,3.501659737068,"M",0.221391061064787,0.25,1,"MED MED MED",NA
88,8,60.8735897437735,87,0,0.500103845506789,"M",0.27103269957006,0.25,1,"MED MED MED",NA
88,9,63.5180938163965,87,0,0.499872299218189,"FISHED",0.27103269957006,0.25,1,"MED MED MED",NA
89,1,173.338364497067,94,6,6.49973594310999,"FISHED",0.230580858048052,0.25,1,"MED MED MED",NA
89,2,103.566070900645,89,1,1.50005943895642,"FISHED",0.21149242662359,0.25,1,"MED MED MED",NA
89,3,62.0836349856329,88,0,0.500211121680419,"M",0.222976669552736,0.25,1,"MED MED MED",NA
89,4,61.8298459572233,88,0,0.501234845794525,"FISHED",0.222976669552736,0.25,1,"MED MED MED",NA
89,5,162.391118875302,92,4,4.49822493738167,"FISHED",0.29741735951975,0.25,1,"MED MED MED",NA
89,6,142.886121345729,91,3,3.50131052263463,"M",0.243832831713371,0.25,1,"MED MED MED",NA
89,7,146.544854647631,91,3,3.49838543306832,"M",0.243832831713371,0.25,1,"MED MED MED",NA
89,8,126.722336761816,90,2,2.49916716113393,"M",0.221391061064787,0.25,1,"MED MED MED",NA
89,9,62.9894626198044,88,0,0.499538906462933,"FISHED",0.222976669552736,0.25,1,"MED MED MED",NA
89,10,60.3310850874744,88,0,0.49984860542115,"FISHED",0.222976669552736,0.25,1,"MED MED MED",NA
89,11,144.671732418747,91,3,3.50228395886592,"FISHED",0.243832831713371,0.25,1,"MED MED MED",NA
89,12,64.2869175473346,88,0,0.50018234987745,"M",0.222976669552736,0.25,1,"MED MED MED",NA
89,13,157.69472816554,91,3,3.50004032670104,"M",0.243832831713371,0.25,1,"MED MED MED",NA
90,1,63.4925293654386,89,0,0.500852151523002,"M",0.21149242662359,0.25,1,"MED MED MED",NA
90,2,162.967276541537,92,3,3.50002569857992,"FISHED",0.29741735951975,0.25,1,"MED MED MED",NA
90,3,153.516847362729,92,3,3.50068967063196,"M",0.29741735951975,0.25,1,"MED MED MED",NA
90,4,149.587307199536,92,3,3.50071546632055,"M",0.29741735951975,0.25,1,"MED MED MED",NA
90,5,168.658289526042,94,5,5.49949495468312,"M",0.230580858048052,0.25,1,"MED MED MED",NA
90,6,130.311341466477,91,2,2.49957193554564,"FISHED",0.243832831713371,0.25,1,"MED MED MED",NA
90,7,60.7927134808699,89,0,0.498561931006159,"FISHED",0.21149242662359,0.25,1,"MED MED MED",NA
90,8,62.5893948158848,89,0,0.49855023869535,"M",0.21149242662359,0.25,1,"MED MED MED",NA
90,9,99.5945884591724,90,1,1.500300990286,"M",0.221391061064787,0.25,1,"MED MED MED",NA
90,10,146.378736835917,92,3,3.4991862956261,"M",0.29741735951975,0.25,1,"MED MED MED",NA
91,1,93.5405581641409,91,1,1.4993981990607,"M",0.243832831713371,0.25,1,"MED MED MED",NA
91,2,98.5005181865708,91,1,1.50041736017625,"FISHED",0.243832831713371,0.25,1,"MED MED MED",NA
91,3,148.59534437803,93,3,3.50144055737328,"M",0.253467077366076,0.25,1,"MED MED MED",NA
91,4,62.1099804227378,90,0,0.499134008453041,"M",0.221391061064787,0.25,1,"MED MED MED",NA
91,5,138.462238763527,93,3,3.49987292967745,"M",0.253467077366076,0.25,1,"MED MED MED",NA
91,6,62.5275046059709,90,0,0.502318689142196,"FISHED",0.221391061064787,0.25,1,"MED MED MED",NA
91,7,101.359154800325,91,1,1.50137232622394,"M",0.243832831713371,0.25,1,"MED MED MED",NA
91,8,60.9897468786265,90,0,0.499398406134678,"M",0.221391061064787,0.25,1,"MED MED MED",NA
91,9,168.054295339271,93,3,3.50169265100903,"FISHED",0.253467077366076,0.25,1,"MED MED MED",NA
91,10,91.816043715665,91,1,1.49925989031985,"M",0.243832831713371,0.25,1,"MED MED MED",NA
91,11,61.2816002108393,90,0,0.500055962916161,"M",0.221391061064787,0.25,1,"MED MED MED",NA
91,12,122.889114100295,92,2,2.49875419035988,"FISHED",0.29741735951975,0.25,1,"MED MED MED",NA
92,1,62.9759599508143,91,0,0.501032495915673,"M",0.243832831713371,0.25,1,"MED MED MED",NA
92,2,64.0714233061391,91,0,0.500304950293597,"FISHED",0.243832831713371,0.25,1,"MED MED MED",NA
92,3,147.616276328209,94,3,3.49944624427551,"FISHED",0.230580858048052,0.25,1,"MED MED MED",NA
92,4,124.544591387622,93,2,2.49823297877018,"FISHED",0.253467077366076,0.25,1,"MED MED MED",NA
92,5,65.4119950415701,91,0,0.497592666191311,"FISHED",0.243832831713371,0.25,1,"MED MED MED",NA
92,6,61.8586352100824,91,0,0.499168828300536,"M",0.243832831713371,0.25,1,"MED MED MED",NA
92,7,202.373125271281,97,6,6.50035351623156,"FISHED",0.21018213396892,0.25,1,"MED MED MED",NA
92,8,118.479037982275,93,2,2.49949017911928,"M",0.253467077366076,0.25,1,"MED MED MED",NA
92,9,63.6234362046808,91,0,0.498577116156759,"M",0.243832831713371,0.25,1,"MED MED MED",NA
92,10,62.9993417961777,91,0,0.501639719708672,"FISHED",0.243832831713371,0.25,1,"MED MED MED",NA
92,11,157.714220410935,94,3,3.49916090244362,"FISHED",0.230580858048052,0.25,1,"MED MED MED",NA
93,1,60.4111444277685,92,0,0.500608816198656,"M",0.29741735951975,0.25,1,"MED MED MED",NA
93,2,62.5096907781767,92,0,0.500376448667042,"M",0.29741735951975,0.25,1,"MED MED MED",NA
93,3,62.8680210415479,92,0,0.500584986030914,"FISHED",0.29741735951975,0.25,1,"MED MED MED",NA
93,4,62.4873532250576,92,0,0.501183369726575,"M",0.29741735951975,0.25,1,"MED MED MED",NA
93,5,125.70506037443,94,2,2.50062980613616,"FISHED",0.230580858048052,0.25,1,"MED MED MED",NA
93,6,130.253270311849,94,2,2.5002237299673,"M",0.230580858048052,0.25,1,"MED MED MED",NA
93,7,132.064074504996,94,2,2.49948075249841,"M",0.230580858048052,0.25,1,"MED MED MED",NA
93,8,99.2843491749511,93,1,1.50054909828437,"FISHED",0.253467077366076,0.25,1,"MED MED MED",NA
93,9,63.1890671437683,92,0,0.501304577909026,"M",0.29741735951975,0.25,1,"MED MED MED",NA
93,10,117.451808357126,94,2,2.49991764844313,"M",0.230580858048052,0.25,1,"MED MED MED",NA
93,11,121.485602251753,94,2,2.50050936996834,"FISHED",0.230580858048052,0.25,1,"MED MED MED",NA
93,12,61.0827023308076,92,0,0.499572282941719,"FISHED",0.29741735951975,0.25,1,"MED MED MED",NA
94,1,62.7526380296681,93,0,0.500085036753246,"M",0.253467077366076,0.25,1,"MED MED MED",NA
94,2,128.821849680107,95,2,2.50011334520937,"FISHED",0.252767439838499,0.25,1,"MED MED MED",NA
94,3,61.8561932609051,93,0,0.500423766502448,"M",0.253467077366076,0.25,1,"MED MED MED",NA
94,4,63.3797165301279,93,0,0.50082551612819,"FISHED",0.253467077366076,0.25,1,"MED MED MED",NA
94,5,101.358451646841,94,1,1.50073333057515,"M",0.230580858048052,0.25,1,"MED MED MED",NA
94,6,91.9597636284874,94,1,1.50105740946586,"FISHED",0.230580858048052,0.25,1,"MED MED MED",NA
94,7,197.784427238188,100,7,7.49892024864322,"M",0.276314126816578,0.25,1,"MED MED MED",NA
94,8,104.480812717719,94,1,1.50140508609655,"FISHED",0.230580858048052,0.25,1,"MED MED MED",NA
94,9,96.2144778174419,94,1,1.49875829268936,"FISHED",0.230580858048052,0.25,1,"MED MED MED",NA
94,10,163.215803482834,96,3,3.50037358607568,"FISHED",0.268631087406538,0.25,1,"MED MED MED",NA
94,11,173.930549149976,98,5,5.50003888207767,"FISHED",0.214739578054287,0.25,1,"MED MED MED",NA
95,1,63.3053644227762,94,0,0.501962372903892,"FISHED",0.230580858048052,0.25,1,"MED MED MED",NA
95,2,159.954769610761,98,4,4.49924046268653,"FISHED",0.214739578054287,0.25,1,"MED MED MED",NA
95,3,102.107234161227,95,1,1.49969969689974,"M",0.252767439838499,0.25,1,"MED MED MED",NA
95,4,61.5626187377807,94,0,0.501184270929284,"M",0.230580858048052,0.25,1,"MED MED MED",NA
95,5,102.105745260696,95,1,1.49820634566496,"M",0.252767439838499,0.25,1,"MED MED MED",NA
95,6,195.601217217097,100,6,6.49964883970443,"M",0.276314126816578,0.25,1,"MED MED MED",NA
95,7,62.3307377794061,94,0,0.50170247214928,"FISHED",0.230580858048052,0.25,1,"MED MED MED",NA
95,8,211.88797309272,100,6,6.50091853365507,"M",0.276314126816578,0.25,1,"MED MED MED",NA
95,9,99.8448345088082,95,1,1.49969243837205,"M",0.252767439838499,0.25,1,"MED MED MED",NA
95,10,130.290555028197,96,2,2.49963443183447,"M",0.268631087406538,0.25,1,"MED MED MED",NA
96,1,162.25923838995,98,3,3.50033004203664,"FISHED",0.214739578054287,0.25,1,"MED MED MED",NA
96,2,98.5850273267014,96,1,1.49945513645622,"M",0.268631087406538,0.25,1,"MED MED MED",NA
96,3,127.170064068283,97,2,2.49761905272076,"FISHED",0.21018213396892,0.25,1,"MED MED MED",NA
96,4,140.8603211468,98,3,3.49993682722682,"M",0.214739578054287,0.25,1,"MED MED MED",NA
96,5,61.5155940761266,95,0,0.500592653271335,"FISHED",0.252767439838499,0.25,1,"MED MED MED",NA
96,6,62.7302169394299,95,0,0.500484215810129,"M",0.252767439838499,0.25,1,"MED MED MED",NA
96,7,97.8213579668883,96,1,1.49786559867014,"FISHED",0.268631087406538,0.25,1,"MED MED MED",NA
96,8,100.740968621087,96,1,1.50016072463729,"FISHED",0.268631087406538,0.25,1,"MED MED MED",NA
96,9,59.7626437549467,95,0,0.499220690064993,"FISHED",0.252767439838499,0.25,1,"MED MED MED",NA
96,10,101.494695168079,96,1,1.50108743312433,"FISHED",0.268631087406538,0.25,1,"MED MED MED",NA
96,11,67.0504215734474,95,0,0.499118234162807,"FISHED",0.252767439838499,0.25,1,"MED MED MED",NA
97,1,92.6013175441043,97,1,1.50143283271561,"M",0.21018213396892,0.25,1,"MED MED MED",NA
97,2,119.919744987408,98,2,2.50031948146511,"FISHED",0.214739578054287,0.25,1,"MED MED MED",NA
97,3,153.769289718846,99,3,3.50108224717897,"M",0.284365622512996,0.25,1,"MED MED MED",NA
97,4,61.622326330838,96,0,0.499180601325729,"M",0.268631087406538,0.25,1,"MED MED MED",NA
97,5,142.637286626094,99,3,3.49928663038787,"M",0.284365622512996,0.25,1,"MED MED MED",NA
97,6,64.4553412217639,96,0,0.502008600221076,"M",0.268631087406538,0.25,1,"MED MED MED",NA
97,7,62.3085144165107,96,0,0.50022157415535,"M",0.268631087406538,0.25,1,"MED MED MED",NA
98,1,60.8000931795028,97,0,0.499505018039825,"M",0.21018213396892,0.25,1,"MED MED MED",NA
98,2,64.1065861913022,97,0,0.500868475052763,"M",0.21018213396892,0.25,1,"MED MED MED",NA
98,3,124.848412436734,99,2,2.49917253049443,"FISHED",0.284365622512996,0.25,1,"MED MED MED",NA
98,4,64.5511365751578,97,0,0.501022755080043,"M",0.21018213396892,0.25,1,"MED MED MED",NA
98,5,62.9812346318471,97,0,0.499070176491366,"M",0.21018213396892,0.25,1,"MED MED MED",NA
98,6,62.42075695878,97,0,0.498614534600261,"M",0.21018213396892,0.25,1,"MED MED MED",NA
98,7,97.0709434865227,98,1,1.50064654882589,"M",0.214739578054287,0.25,1,"MED MED MED",NA
98,8,144.867747782632,100,3,3.4994367299308,"M",0.276314126816578,0.25,1,"MED MED MED",NA
98,9,63.1619358786193,97,0,0.500244112405338,"M",0.21018213396892,0.25,1,"MED MED MED",NA
98,10,130.573652646874,99,2,2.50124648824713,"M",0.284365622512996,0.25,1,"MED MED MED",NA
99,1,99.9889569231989,99,1,1.5015287488059,"FISHED",0.284365622512996,0.25,1,"MED MED MED",NA
99,2,65.3128033336364,98,0,0.499989062720307,"M",0.214739578054287,0.25,1,"MED MED MED",NA
99,3,63.5754560448761,98,0,0.499210710214065,"FISHED",0.214739578054287,0.25,1,"MED MED MED",NA
99,4,62.7999235354474,98,0,0.499226139888509,"FISHED",0.214739578054287,0.25,1,"MED MED MED",NA
99,5,65.5098314200044,98,0,0.500053036415484,"FISHED",0.214739578054287,0.25,1,"MED MED MED",NA
99,6,90.3391785332485,99,1,1.50022989180085,"M",0.284365622512996,0.25,1,"MED MED MED",NA
99,7,63.1026223973726,98,0,0.500815171564388,"FISHED",0.214739578054287,0.25,1,"MED MED MED",NA
99,8,135.491074739263,100,2,2.49874754775038,"M",0.276314126816578,0.25,1,"MED MED MED",NA
99,9,128.207013255377,100,2,2.49937637219655,"FISHED",0.276314126816578,0.25,1,"MED MED MED",NA
99,10,62.9654394637583,98,0,0.501905713116541,"M",0.214739578054287,0.25,1,"MED MED MED",NA
99,11,61.3932165565192,98,0,0.50012209107206,"M",0.214739578054287,0.25,1,"MED MED MED",NA
100,1,93.2895276187367,100,1,1.50014209310767,"M",0.276314126816578,0.25,1,"MED MED MED",NA
100,2,62.8114427870525,99,0,0.500154890470453,"FISHED",0.284365622512996,0.25,1,"MED MED MED",NA
100,3,62.8977032020551,99,0,0.497264820014135,"M",0.284365622512996,0.25,1,"MED MED MED",NA
100,4,62.908883303985,99,0,0.500758272064007,"FISHED",0.284365622512996,0.25,1,"MED MED MED",NA
100,5,63.110034696629,99,0,0.501752612463937,"M",0.284365622512996,0.25,1,"MED MED MED",NA
100,6,62.2991816217282,99,0,0.502315192248099,"M",0.284365622512996,0.25,1,"MED MED MED",NA
100,7,63.839108540958,99,0,0.500131397485346,"FISHED",0.284365622512996,0.25,1,"MED MED MED",NA
100,8,99.8644956671151,100,1,1.49855469510237,"FISHED",0.276314126816578,0.25,1,"MED MED MED",NA
100,9,62.4315326324859,99,0,0.500157638898001,"FISHED",0.284365622512996,0.25,1,"MED MED MED",NA
100,10,97.2894363876904,100,1,1.49822268293183,"FISHED",0.276314126816578,0.25,1,"MED MED MED",NA
100,11,64.3305543554077,99,0,0.499736432770308,"FISHED",0.284365622512996,0.25,1,"MED MED MED",NA
100,12,66.1361675127025,99,0,0.500257288940582,"FISHED",0.284365622512996,0.25,1,"MED MED MED",NA
