"cohort","ind","fish_size","Year","Age","AgeE","dtype","FMORT","M","Sel","FSIM","REG"
1,1,102.531575601526,1,1,1.49930373562181,"M",0,0.25,1,"LOW LOW HIGH",NA
1,2,210.357161638154,14,14,14.5007655560577,"M",0,0.25,1,"LOW LOW HIGH",NA
1,3,151.307468297515,3,3,3.49971224577771,"M",0,0.25,1,"LOW LOW HIGH",NA
1,4,99.3857159554341,1,1,1.49815966133579,"M",0,0.25,1,"LOW LOW HIGH",NA
1,5,189.867765665594,5,5,5.50090009862127,"M",0,0.25,1,"LOW LOW HIGH",NA
1,6,190.374779499955,5,5,5.4981761242843,"M",0,0.25,1,"LOW LOW HIGH",NA
1,7,170.039110814065,4,4,4.49995091320704,"M",0,0.25,1,"LOW LOW HIGH",NA
1,8,203.355474738271,9,9,9.50011669088341,"M",0,0.25,1,"LOW LOW HIGH",NA
1,9,200.915796380726,7,7,7.50047095109487,"M",0,0.25,1,"LOW LOW HIGH",NA
1,10,152.792877218452,4,4,4.49942461947864,"M",0,0.25,1,"LOW LOW HIGH",NA
1,11,204.203448844807,7,7,7.50032011045567,"M",0,0.25,1,"LOW LOW HIGH",NA
1,12,99.5226577653107,1,1,1.50008634225078,"M",0,0.25,1,"LOW LOW HIGH",NA
2,1,139.875041867962,4,3,3.4986869040488,"M",0,0.25,1,"LOW LOW HIGH",NA
2,2,62.7892880966209,1,0,0.500342983494444,"M",0,0.25,1,"LOW LOW HIGH",NA
2,3,99.4386953166051,2,1,1.50035914434011,"M",0,0.25,1,"LOW LOW HIGH",NA
2,4,62.5868847712143,1,0,0.500234583780304,"M",0,0.25,1,"LOW LOW HIGH",NA
2,5,60.7627144139632,1,0,0.500034761965374,"M",0,0.25,1,"LOW LOW HIGH",NA
2,6,61.8479606495939,1,0,0.500271376578956,"M",0,0.25,1,"LOW LOW HIGH",NA
2,7,101.739283080567,2,1,1.49995609804831,"M",0,0.25,1,"LOW LOW HIGH",NA
2,8,61.0092270710073,1,0,0.498389562555482,"M",0,0.25,1,"LOW LOW HIGH",NA
2,9,62.6987442520191,1,0,0.499858285641913,"M",0,0.25,1,"LOW LOW HIGH",NA
2,10,62.5799405466964,1,0,0.500585906945806,"M",0,0.25,1,"LOW LOW HIGH",NA
2,11,163.898366695691,5,4,4.50024831318389,"M",0,0.25,1,"LOW LOW HIGH",NA
2,12,162.722808738071,5,4,4.50065788953864,"M",0,0.25,1,"LOW LOW HIGH",NA
2,13,159.465671034871,5,4,4.49995217438021,"M",0,0.25,1,"LOW LOW HIGH",NA
3,1,156.310875135893,6,4,4.4997596397927,"M",0,0.25,1,"LOW LOW HIGH",NA
3,2,102.021824584595,3,1,1.49895768738054,"M",0,0.25,1,"LOW LOW HIGH",NA
3,3,120.142470655561,4,2,2.50075427018565,"M",0,0.25,1,"LOW LOW HIGH",NA
3,4,181.696626467459,8,6,6.50060373983536,"M",0,0.25,1,"LOW LOW HIGH",NA
3,5,64.4900733503429,2,0,0.499921666832321,"M",0,0.25,1,"LOW LOW HIGH",NA
3,6,187.720623081579,9,7,7.50096205982144,"M",0,0.25,1,"LOW LOW HIGH",NA
3,7,98.7154670899511,3,1,1.50081127185287,"M",0,0.25,1,"LOW LOW HIGH",NA
3,8,215.540676989557,12,10,10.498340821022,"M",0,0.25,1,"LOW LOW HIGH",NA
3,9,153.44223024642,6,4,4.50123820970942,"M",0,0.25,1,"LOW LOW HIGH",NA
3,10,99.2884849557197,3,1,1.49981309591746,"M",0,0.25,1,"LOW LOW HIGH",NA
3,11,99.5718454130555,3,1,1.50027361083828,"M",0,0.25,1,"LOW LOW HIGH",NA
3,12,183.247185932183,9,7,7.50055934819675,"M",0,0.25,1,"LOW LOW HIGH",NA
4,1,140.916972729104,6,3,3.50152954304962,"M",0,0.25,1,"LOW LOW HIGH",NA
4,2,95.0954747564582,4,1,1.50002088305547,"M",0,0.25,1,"LOW LOW HIGH",NA
4,3,63.5312570115131,3,0,0.500412612484262,"M",0,0.25,1,"LOW LOW HIGH",NA
4,4,199.050164893673,15,12,12.5003284817777,"M",0,0.25,1,"LOW LOW HIGH",NA
4,5,61.6393355100349,3,0,0.501050231117227,"M",0,0.25,1,"LOW LOW HIGH",NA
4,6,63.322215246888,3,0,0.500180734968456,"M",0,0.25,1,"LOW LOW HIGH",NA
4,7,210.221451229834,12,9,9.50120715783227,"M",0,0.25,1,"LOW LOW HIGH",NA
4,8,93.6717935982686,4,1,1.5008846412568,"M",0,0.25,1,"LOW LOW HIGH",NA
4,9,134.205609219425,5,2,2.49922912620817,"M",0,0.25,1,"LOW LOW HIGH",NA
4,10,62.4303224984566,3,0,0.500269681461055,"M",0,0.25,1,"LOW LOW HIGH",NA
4,11,167.863078123791,7,4,4.49925115177146,"M",0,0.25,1,"LOW LOW HIGH",NA
4,12,163.602268687538,7,4,4.50079163664517,"M",0,0.25,1,"LOW LOW HIGH",NA
4,13,97.9174103626825,4,1,1.49881713409085,"M",0,0.25,1,"LOW LOW HIGH",NA
4,14,218.025871038518,14,11,11.4994184039678,"M",0,0.25,1,"LOW LOW HIGH",NA
5,1,122.353475105826,6,2,2.50076259559512,"M",0,0.25,1,"LOW LOW HIGH",NA
5,2,101.793571303262,5,1,1.50071221136952,"M",0,0.25,1,"LOW LOW HIGH",NA
5,3,167.253964558151,9,5,5.49962855213691,"M",0,0.25,1,"LOW LOW HIGH",NA
5,4,62.8821369218887,4,0,0.498025086175883,"M",0,0.25,1,"LOW LOW HIGH",NA
5,5,98.5437856309613,5,1,1.50119372626479,"M",0,0.25,1,"LOW LOW HIGH",NA
5,6,63.4551311349418,4,0,0.500195584595512,"M",0,0.25,1,"LOW LOW HIGH",NA
5,7,98.84993149643,5,1,1.49957826295665,"M",0,0.25,1,"LOW LOW HIGH",NA
5,8,62.399863269539,4,0,0.501095238316802,"M",0,0.25,1,"LOW LOW HIGH",NA
5,9,100.52219988799,5,1,1.49940516851313,"M",0,0.25,1,"LOW LOW HIGH",NA
5,10,103.134460347436,5,1,1.50059857227049,"M",0,0.25,1,"LOW LOW HIGH",NA
5,11,97.8960861085572,5,1,1.50116328771202,"M",0,0.25,1,"LOW LOW HIGH",NA
5,12,63.3467504093158,4,0,0.500249352328618,"M",0,0.25,1,"LOW LOW HIGH",NA
5,13,138.726191504118,6,2,2.49974792401166,"M",0,0.25,1,"LOW LOW HIGH",NA
6,1,94.3591464984446,6,1,1.50018573082229,"M",0,0.25,1,"LOW LOW HIGH",NA
6,2,62.9894006152815,5,0,0.500110695558195,"M",0,0.25,1,"LOW LOW HIGH",NA
6,3,99.4483506999186,6,1,1.49856572831613,"M",0,0.25,1,"LOW LOW HIGH",NA
6,4,135.965351217063,7,2,2.49758281065387,"M",0,0.25,1,"LOW LOW HIGH",NA
6,5,172.639322163723,10,5,5.49977308445459,"M",0,0.25,1,"LOW LOW HIGH",NA
6,6,176.756100842693,10,5,5.49680836591702,"M",0,0.25,1,"LOW LOW HIGH",NA
6,7,179.25723059363,9,4,4.49943578634113,"M",0,0.25,1,"LOW LOW HIGH",NA
6,8,184.663404418872,12,7,7.50138227709205,"M",0,0.25,1,"LOW LOW HIGH",NA
6,9,61.9590177651895,5,0,0.498246397566367,"M",0,0.25,1,"LOW LOW HIGH",NA
6,10,61.8450744861728,5,0,0.501010467441542,"M",0,0.25,1,"LOW LOW HIGH",NA
6,11,202.046412139903,13,8,8.499393459477,"M",0,0.25,1,"LOW LOW HIGH",NA
6,12,97.8617220407377,6,1,1.50115295423124,"M",0,0.25,1,"LOW LOW HIGH",NA
7,1,160.339414421984,9,3,3.49934563922284,"M",0,0.25,1,"LOW LOW HIGH",NA
7,2,64.4678139904078,6,0,0.499599298965646,"M",0,0.25,1,"LOW LOW HIGH",NA
7,3,190.003572839743,11,5,5.50152359528497,"M",0,0.25,1,"LOW LOW HIGH",NA
7,4,199.901127511276,13,7,7.49971746409193,"M",0,0.25,1,"LOW LOW HIGH",NA
7,5,164.389433351445,11,5,5.49883800395782,"M",0,0.25,1,"LOW LOW HIGH",NA
7,6,61.1790583047661,6,0,0.501049594902379,"M",0,0.25,1,"LOW LOW HIGH",NA
7,7,62.9817242439901,6,0,0.500092868990535,"M",0,0.25,1,"LOW LOW HIGH",NA
7,8,137.938777058347,8,2,2.50115925456577,"M",0,0.25,1,"LOW LOW HIGH",NA
7,9,63.1589504865436,6,0,0.500201855323593,"M",0,0.25,1,"LOW LOW HIGH",NA
7,10,62.8774949992166,6,0,0.499568187399864,"M",0,0.25,1,"LOW LOW HIGH",NA
7,11,63.0614321504743,6,0,0.50035804053119,"M",0,0.25,1,"LOW LOW HIGH",NA
7,12,151.484014787717,9,3,3.49973689228716,"M",0,0.25,1,"LOW LOW HIGH",NA
7,13,63.8210296104142,6,0,0.500613327028017,"M",0,0.25,1,"LOW LOW HIGH",NA
7,14,207.304639614841,13,7,7.50233047936849,"M",0,0.25,1,"LOW LOW HIGH",NA
8,1,181.368988888989,12,5,5.5002524345032,"M",0,0.25,1,"LOW LOW HIGH",NA
8,2,156.173899736548,12,5,5.49844105795984,"M",0,0.25,1,"LOW LOW HIGH",NA
8,3,62.0910609986325,7,0,0.499818339543176,"M",0,0.25,1,"LOW LOW HIGH",NA
8,4,62.8102292848534,7,0,0.49862935734429,"M",0,0.25,1,"LOW LOW HIGH",NA
8,5,62.9241197712104,7,0,0.500746950778968,"M",0,0.25,1,"LOW LOW HIGH",NA
8,6,170.44097167415,12,5,5.499746967662,"M",0,0.25,1,"LOW LOW HIGH",NA
8,7,63.3557002368356,7,0,0.499560118414968,"M",0,0.25,1,"LOW LOW HIGH",NA
8,8,202.72140210784,16,9,9.50003146609999,"M",0,0.25,1,"LOW LOW HIGH",NA
8,9,97.9755436693542,8,1,1.50070119958205,"M",0,0.25,1,"LOW LOW HIGH",NA
8,10,96.7044424973624,8,1,1.5002975957778,"M",0,0.25,1,"LOW LOW HIGH",NA
8,11,161.475049805511,10,3,3.49975257174322,"M",0,0.25,1,"LOW LOW HIGH",NA
9,1,67.2025035465191,8,0,0.500471824061883,"M",0,0.25,1,"LOW LOW HIGH",NA
9,2,127.182757251522,10,2,2.50080480008015,"M",0,0.25,1,"LOW LOW HIGH",NA
9,3,180.253190934587,18,10,10.5028493575328,"M",0,0.25,1,"LOW LOW HIGH",NA
9,4,62.3028361253585,8,0,0.500678948205836,"M",0,0.25,1,"LOW LOW HIGH",NA
9,5,156.319186720384,14,6,6.49987656314071,"M",0,0.25,1,"LOW LOW HIGH",NA
9,6,59.4355422944912,8,0,0.498714533679313,"M",0,0.25,1,"LOW LOW HIGH",NA
9,7,63.03379076648,8,0,0.498850084996222,"M",0,0.25,1,"LOW LOW HIGH",NA
9,8,215.980946752545,17,9,9.50124376156943,"M",0,0.25,1,"LOW LOW HIGH",NA
9,9,181.141120200886,21,13,13.5008387362785,"M",0,0.25,1,"LOW LOW HIGH",NA
9,10,189.283550519691,20,12,12.4975801701549,"M",0,0.25,1,"LOW LOW HIGH",NA
9,11,159.297673129707,14,6,6.50048207176225,"M",0,0.25,1,"LOW LOW HIGH",NA
9,12,62.231551362588,8,0,0.500254187473336,"M",0,0.25,1,"LOW LOW HIGH",NA
10,1,143.806221443103,12,3,3.50042043211252,"M",0,0.25,1,"LOW LOW HIGH",NA
10,2,125.65103895048,11,2,2.49933295018171,"M",0,0.25,1,"LOW LOW HIGH",NA
10,3,200.494069162636,14,5,5.49859536567412,"M",0,0.25,1,"LOW LOW HIGH",NA
10,4,166.118929452614,14,5,5.49995993718839,"M",0,0.25,1,"LOW LOW HIGH",NA
10,5,59.3522829456436,9,0,0.49896857673477,"M",0,0.25,1,"LOW LOW HIGH",NA
10,6,150.382709323245,12,3,3.50267503119107,"M",0,0.25,1,"LOW LOW HIGH",NA
10,7,65.3085269543971,9,0,0.498172596769253,"M",0,0.25,1,"LOW LOW HIGH",NA
10,8,97.6354459129987,10,1,1.5007525273237,"M",0,0.25,1,"LOW LOW HIGH",NA
10,9,137.555303762689,12,3,3.50028644926594,"M",0,0.25,1,"LOW LOW HIGH",NA
10,10,200.852719431082,20,11,11.500055970873,"M",0,0.25,1,"LOW LOW HIGH",NA
10,11,209.495959067654,15,6,6.49884686791522,"M",0,0.25,1,"LOW LOW HIGH",NA
11,1,165.48462453739,15,5,5.50069579893551,"M",0,0.25,1,"LOW LOW HIGH",NA
11,2,186.461853699972,19,9,9.50222473199918,"M",0,0.25,1,"LOW LOW HIGH",NA
11,3,110.785546138444,12,2,2.50223104611937,"M",0,0.25,1,"LOW LOW HIGH",NA
11,4,142.970553147826,13,3,3.49977065204232,"M",0,0.25,1,"LOW LOW HIGH",NA
11,5,156.584908413215,13,3,3.4990614888021,"M",0,0.25,1,"LOW LOW HIGH",NA
11,6,104.71312830228,11,1,1.50206926702976,"M",0,0.25,1,"LOW LOW HIGH",NA
11,7,165.265089263433,14,4,4.50050982694449,"M",0,0.25,1,"LOW LOW HIGH",NA
11,8,64.0477748779768,10,0,0.500499018386673,"M",0,0.25,1,"LOW LOW HIGH",NA
11,9,119.291694993126,12,2,2.50155557254679,"M",0,0.25,1,"LOW LOW HIGH",NA
11,10,100.885591247737,11,1,1.49926342698847,"M",0,0.25,1,"LOW LOW HIGH",NA
11,11,161.047099912131,14,4,4.50002821433756,"M",0,0.25,1,"LOW LOW HIGH",NA
12,1,63.7064623946821,11,0,0.499510042491605,"M",0,0.25,1,"LOW LOW HIGH",NA
12,2,128.246345529372,13,2,2.50073532529953,"M",0,0.25,1,"LOW LOW HIGH",NA
12,3,183.949649368132,17,6,6.49991361153641,"M",0,0.25,1,"LOW LOW HIGH",NA
12,4,66.0871217991744,11,0,0.501315007158129,"M",0,0.25,1,"LOW LOW HIGH",NA
12,5,202.163417427497,17,6,6.50014920465425,"M",0,0.25,1,"LOW LOW HIGH",NA
12,6,185.751524950053,15,4,4.50056137220269,"M",0,0.25,1,"LOW LOW HIGH",NA
12,7,196.544386905259,20,9,9.50091103113929,"M",0,0.25,1,"LOW LOW HIGH",NA
12,8,59.8647294721304,11,0,0.499490811313022,"M",0,0.25,1,"LOW LOW HIGH",NA
12,9,60.4198742318313,11,0,0.499470277132365,"M",0,0.25,1,"LOW LOW HIGH",NA
12,10,179.414393848343,20,9,9.50012388200745,"M",0,0.25,1,"LOW LOW HIGH",NA
12,11,244.983610399409,24,13,13.5012622069461,"M",0,0.25,1,"LOW LOW HIGH",NA
12,12,199.636481007787,21,10,10.500833650493,"M",0,0.25,1,"LOW LOW HIGH",NA
12,13,213.307135338975,22,11,11.4990904920329,"M",0,0.25,1,"LOW LOW HIGH",NA
12,14,104.729413152227,12,1,1.49965292270785,"M",0,0.25,1,"LOW LOW HIGH",NA
13,1,180.31045436354,23,11,11.5003262520185,"M",0,0.25,1,"LOW LOW HIGH",NA
13,2,197.615289992044,20,8,8.49916429130119,"M",0,0.25,1,"LOW LOW HIGH",NA
13,3,139.705562495471,15,3,3.49982186853993,"M",0,0.25,1,"LOW LOW HIGH",NA
13,4,218.583602055169,18,6,6.49961184807343,"M",0,0.25,1,"LOW LOW HIGH",NA
13,5,99.5340323199839,13,1,1.50065511925827,"M",0,0.25,1,"LOW LOW HIGH",NA
13,6,129.854849720893,14,2,2.50030005664968,"M",0,0.25,1,"LOW LOW HIGH",NA
13,7,63.5738360554492,12,0,0.499159107672838,"M",0,0.25,1,"LOW LOW HIGH",NA
13,8,123.383454170105,14,2,2.49990058487476,"M",0,0.25,1,"LOW LOW HIGH",NA
13,9,121.873999593139,14,2,2.49943182612347,"M",0,0.25,1,"LOW LOW HIGH",NA
13,10,62.6361465462386,12,0,0.500289145110563,"M",0,0.25,1,"LOW LOW HIGH",NA
13,11,65.127617461464,12,0,0.500675092815281,"M",0,0.25,1,"LOW LOW HIGH",NA
13,12,183.248065888418,23,11,11.5015096762914,"M",0,0.25,1,"LOW LOW HIGH",NA
13,13,243.566171041072,23,11,11.4991077566478,"M",0,0.25,1,"LOW LOW HIGH",NA
14,1,123.019724452036,15,2,2.4988649777919,"M",0,0.25,1,"LOW LOW HIGH",NA
14,2,123.297106051373,15,2,2.49793723588313,"M",0,0.25,1,"LOW LOW HIGH",NA
14,3,157.98975936427,17,4,4.49893639051032,"M",0,0.25,1,"LOW LOW HIGH",NA
14,4,100.947203072314,14,1,1.49939978372401,"M",0,0.25,1,"LOW LOW HIGH",NA
14,5,129.899771275782,15,2,2.49902808839126,"M",0,0.25,1,"LOW LOW HIGH",NA
14,6,197.021259357362,24,11,11.4999862895633,"M",0,0.25,1,"LOW LOW HIGH",NA
14,7,60.8652701253248,13,0,0.498360743940948,"M",0,0.25,1,"LOW LOW HIGH",NA
14,8,154.600359306786,18,5,5.49979595874522,"M",0,0.25,1,"LOW LOW HIGH",NA
14,9,189.070590448472,18,5,5.50271244567333,"M",0,0.25,1,"LOW LOW HIGH",NA
14,10,66.3755613649893,13,0,0.500386156912598,"M",0,0.25,1,"LOW LOW HIGH",NA
15,1,137.338858354547,17,3,3.49902102391214,"M",0,0.25,1,"LOW LOW HIGH",NA
15,2,194.672651187076,23,9,9.49987938074065,"M",0,0.25,1,"LOW LOW HIGH",NA
15,3,129.733004230508,16,2,2.49813893018313,"M",0,0.25,1,"LOW LOW HIGH",NA
15,4,178.724058251151,19,5,5.49827745494627,"M",0,0.25,1,"LOW LOW HIGH",NA
15,5,63.8055725070424,14,0,0.501232807179466,"M",0,0.25,1,"LOW LOW HIGH",NA
15,6,145.382232367798,18,4,4.49945692207027,"M",0,0.25,1,"LOW LOW HIGH",NA
15,7,61.0799471188766,14,0,0.499443971201285,"M",0,0.25,1,"LOW LOW HIGH",NA
15,8,60.0751080189121,14,0,0.500455675126939,"M",0,0.25,1,"LOW LOW HIGH",NA
15,9,148.392188887269,16,2,2.49939247273863,"M",0,0.25,1,"LOW LOW HIGH",NA
15,10,95.3116229559829,15,1,1.50125677369159,"M",0,0.25,1,"LOW LOW HIGH",NA
15,11,101.017835062145,15,1,1.49918555017261,"M",0,0.25,1,"LOW LOW HIGH",NA
16,1,62.4298717696401,15,0,0.499419793821504,"M",0,0.25,1,"LOW LOW HIGH",NA
16,2,126.101259472949,17,2,2.49997878267477,"M",0,0.25,1,"LOW LOW HIGH",NA
16,3,196.509675547321,23,8,8.49935646367724,"M",0,0.25,1,"LOW LOW HIGH",NA
16,4,140.826652277711,18,3,3.49965526330491,"M",0,0.25,1,"LOW LOW HIGH",NA
16,5,95.26770751914,16,1,1.49921999306799,"M",0,0.25,1,"LOW LOW HIGH",NA
16,6,183.81934830162,20,5,5.49881659619765,"M",0,0.25,1,"LOW LOW HIGH",NA
16,7,65.33776429185,15,0,0.500228259344632,"M",0,0.25,1,"LOW LOW HIGH",NA
16,8,207.697652502204,23,8,8.50134273490317,"M",0,0.25,1,"LOW LOW HIGH",NA
16,9,92.8127754531775,16,1,1.50029164077445,"M",0,0.25,1,"LOW LOW HIGH",NA
16,10,136.57107329952,18,3,3.50075577778256,"M",0,0.25,1,"LOW LOW HIGH",NA
16,11,92.3835484401518,16,1,1.49984992960212,"M",0,0.25,1,"LOW LOW HIGH",NA
17,1,183.31486767739,25,9,9.50057487343851,"M",0,0.25,1,"LOW LOW HIGH",NA
17,2,97.6657496604302,17,1,1.49946625844223,"M",0,0.25,1,"LOW LOW HIGH",NA
17,3,61.6351915409943,16,0,0.500173719255681,"M",0,0.25,1,"LOW LOW HIGH",NA
17,4,60.6289441869585,16,0,0.500408867756505,"M",0,0.25,1,"LOW LOW HIGH",NA
17,5,65.2117849511513,16,0,0.500719472513755,"M",0,0.25,1,"LOW LOW HIGH",NA
17,6,62.5212255596647,16,0,0.499362002118493,"M",0,0.25,1,"LOW LOW HIGH",NA
17,7,142.305424655067,19,3,3.49910180853736,"M",0,0.25,1,"LOW LOW HIGH",NA
17,8,159.194821676361,19,3,3.50078239022801,"M",0,0.25,1,"LOW LOW HIGH",NA
17,9,211.954137872369,28,12,12.5015302491888,"M",0,0.25,1,"LOW LOW HIGH",NA
17,10,101.866497786286,17,1,1.50017137769711,"M",0,0.25,1,"LOW LOW HIGH",NA
17,11,222.277244344826,23,7,7.50149339700872,"M",0,0.25,1,"LOW LOW HIGH",NA
17,12,172.776021660211,22,6,6.49986885759916,"M",0,0.25,1,"LOW LOW HIGH",NA
17,13,186.153704046367,23,7,7.50119769094742,"M",0,0.25,1,"LOW LOW HIGH",NA
18,1,225.240935450284,25,8,8.5012191238994,"M",0,0.25,1,"LOW LOW HIGH",NA
18,2,228.078824821092,29,12,12.500282270692,"M",0,0.25,1,"LOW LOW HIGH",NA
18,3,151.143574907649,20,3,3.49889537901621,"M",0,0.25,1,"LOW LOW HIGH",NA
18,4,101.591510522669,18,1,1.49966203161843,"M",0,0.25,1,"LOW LOW HIGH",NA
18,5,171.681064320683,23,6,6.50134588843245,"M",0,0.25,1,"LOW LOW HIGH",NA
18,6,121.691895874314,19,2,2.49921418557839,"M",0,0.25,1,"LOW LOW HIGH",NA
18,7,210.029811859491,30,13,13.4990632583242,"M",0,0.25,1,"LOW LOW HIGH",NA
18,8,63.6258006018683,17,0,0.498563736621374,"M",0,0.25,1,"LOW LOW HIGH",NA
18,9,130.06597201502,19,2,2.49798507426319,"M",0,0.25,1,"LOW LOW HIGH",NA
18,10,125.630898617713,19,2,2.50044279382596,"M",0,0.25,1,"LOW LOW HIGH",NA
18,11,62.048952586801,17,0,0.500574865109478,"M",0,0.25,1,"LOW LOW HIGH",NA
18,12,62.1968708841101,17,0,0.500731393173443,"M",0,0.25,1,"LOW LOW HIGH",NA
19,1,62.8587067217787,18,0,0.499118599645651,"M",0,0.25,1,"LOW LOW HIGH",NA
19,2,231.309243137065,30,12,12.5013419538548,"M",0,0.25,1,"LOW LOW HIGH",NA
19,3,207.266308106613,23,5,5.50196548973697,"M",0,0.25,1,"LOW LOW HIGH",NA
19,4,62.2558374746619,18,0,0.500712333409857,"M",0,0.25,1,"LOW LOW HIGH",NA
19,5,202.624957674265,28,10,10.4985432497402,"M",0,0.25,1,"LOW LOW HIGH",NA
19,6,60.9994508477243,18,0,0.502095279964748,"M",0,0.25,1,"LOW LOW HIGH",NA
19,7,196.849939361161,24,6,6.49949956945396,"M",0,0.25,1,"LOW LOW HIGH",NA
19,8,205.894644612717,27,9,9.50166245140739,"M",0,0.25,1,"LOW LOW HIGH",NA
19,9,190.365281300133,26,8,8.49974362506546,"M",0,0.25,1,"LOW LOW HIGH",NA
20,1,181.159302700357,24,5,5.50045084108943,"M",0,0.25,1,"LOW LOW HIGH",NA
20,2,62.7079070608979,19,0,0.499610676776355,"M",0,0.25,1,"LOW LOW HIGH",NA
20,3,193.372908635944,27,8,8.50120100521068,"M",0,0.25,1,"LOW LOW HIGH",NA
20,4,146.983451176548,22,3,3.49921554584535,"M",0,0.25,1,"LOW LOW HIGH",NA
20,5,100.374993783874,20,1,1.49824560319254,"M",0,0.25,1,"LOW LOW HIGH",NA
20,6,206.399754801779,26,7,7.49957032429031,"M",0,0.25,1,"LOW LOW HIGH",NA
20,7,211.575474386372,29,10,10.5007615134959,"M",0,0.25,1,"LOW LOW HIGH",NA
20,8,62.163885762267,19,0,0.498954258420637,"M",0,0.25,1,"LOW LOW HIGH",NA
20,9,206.233850276412,25,6,6.49984305846065,"M",0,0.25,1,"LOW LOW HIGH",NA
20,10,239.004267334354,31,12,12.5010441788388,"M",0,0.25,1,"LOW LOW HIGH",NA
20,11,61.4686840474443,19,0,0.500128874344351,"M",0,0.25,1,"LOW LOW HIGH",NA
20,12,66.4750698386871,19,0,0.501280027710082,"M",0,0.25,1,"LOW LOW HIGH",NA
21,1,61.120002122309,20,0,0.49937349075998,"M",0,0.25,1,"LOW LOW HIGH",NA
21,2,121.041038899897,22,2,2.49771258480578,"M",0,0.25,1,"LOW LOW HIGH",NA
21,3,182.522725100403,27,7,7.50025065368971,"M",0,0.25,1,"LOW LOW HIGH",NA
21,4,213.43923549445,29,9,9.50028837235096,"M",0,0.25,1,"LOW LOW HIGH",NA
21,5,153.408306009823,23,3,3.50170271862295,"M",0,0.25,1,"LOW LOW HIGH",NA
21,6,93.2233076397842,21,1,1.50132666826646,"M",0,0.25,1,"LOW LOW HIGH",NA
21,7,95.7764855126508,21,1,1.49829154558396,"M",0,0.25,1,"LOW LOW HIGH",NA
21,8,104.836066144392,21,1,1.49881962887742,"M",0,0.25,1,"LOW LOW HIGH",NA
21,9,62.0621449510449,20,0,0.498914117630366,"M",0,0.25,1,"LOW LOW HIGH",NA
21,10,124.188852123067,22,2,2.50079167617512,"M",0,0.25,1,"LOW LOW HIGH",NA
21,11,188.303459670775,25,5,5.49891257063183,"M",0,0.25,1,"LOW LOW HIGH",NA
21,12,133.271176051065,22,2,2.49951719623294,"M",0,0.25,1,"LOW LOW HIGH",NA
22,1,61.7875306357988,21,0,0.499428867707262,"M",0,0.25,1,"LOW LOW HIGH",NA
22,2,63.8109556029568,21,0,0.498743683113175,"M",0,0.25,1,"LOW LOW HIGH",NA
22,3,151.919710263395,24,3,3.50016985114729,"M",0,0.25,1,"LOW LOW HIGH",NA
22,4,62.8725752955859,21,0,0.499582920046975,"M",0,0.25,1,"LOW LOW HIGH",NA
22,5,65.1845387444429,21,0,0.500134265410598,"M",0,0.25,1,"LOW LOW HIGH",NA
22,6,216.434686737176,33,12,12.4995881418868,"M",0,0.25,1,"LOW LOW HIGH",NA
22,7,172.352228615985,27,6,6.49843816529116,"M",0,0.25,1,"LOW LOW HIGH",NA
22,8,63.832606059477,21,0,0.499727484485049,"M",0,0.25,1,"LOW LOW HIGH",NA
22,9,153.722960737068,24,3,3.50045973787491,"M",0,0.25,1,"LOW LOW HIGH",NA
22,10,141.010419799973,24,3,3.50013331065532,"M",0,0.25,1,"LOW LOW HIGH",NA
22,11,202.345252741273,29,8,8.49983191714185,"M",0,0.25,1,"LOW LOW HIGH",NA
23,1,95.7262205457367,23,1,1.50036609724936,"M",0,0.25,1,"LOW LOW HIGH",NA
23,2,165.523409034212,26,4,4.49778961518638,"M",0,0.25,1,"LOW LOW HIGH",NA
23,3,151.077507017381,25,3,3.49873878921732,"M",0,0.25,1,"LOW LOW HIGH",NA
23,4,158.552412355037,25,3,3.50125337260254,"M",0,0.25,1,"LOW LOW HIGH",NA
23,5,239.597697469216,30,8,8.50179485189659,"M",0,0.25,1,"LOW LOW HIGH",NA
23,6,62.4353339389858,22,0,0.499374774411613,"M",0,0.25,1,"LOW LOW HIGH",NA
23,7,202.183354960509,32,10,10.4997162012145,"M",0,0.25,1,"LOW LOW HIGH",NA
23,8,213.224729666313,30,8,8.50133748401095,"M",0,0.25,1,"LOW LOW HIGH",NA
23,9,139.570252746412,25,3,3.49851333774769,"M",0,0.25,1,"LOW LOW HIGH",NA
23,10,118.900416726692,24,2,2.49938284898155,"M",0,0.25,1,"LOW LOW HIGH",NA
23,11,89.820428525458,23,1,1.49951575128874,"M",0,0.25,1,"LOW LOW HIGH",NA
24,1,64.0920138336949,23,0,0.49880284204951,"M",0,0.25,1,"LOW LOW HIGH",NA
24,2,228.242889844249,32,9,9.50007045772703,"M",0,0.25,1,"LOW LOW HIGH",NA
24,3,226.455494177154,34,11,11.4999753749463,"M",0,0.25,1,"LOW LOW HIGH",NA
24,4,63.9599039022492,23,0,0.500349684499102,"M",0,0.25,1,"LOW LOW HIGH",NA
24,5,142.698974869189,26,3,3.50053799953146,"M",0,0.25,1,"LOW LOW HIGH",NA
24,6,203.543017846104,31,8,8.49859651966382,"M",0,0.25,1,"LOW LOW HIGH",NA
24,7,100.523215954022,24,1,1.49930022756709,"M",0,0.25,1,"LOW LOW HIGH",NA
24,8,187.738531101502,29,6,6.50090992024191,"M",0,0.25,1,"LOW LOW HIGH",NA
24,9,186.976782613334,28,5,5.4983476278496,"M",0,0.25,1,"LOW LOW HIGH",NA
24,10,170.123718835074,29,6,6.50250609402995,"M",0,0.25,1,"LOW LOW HIGH",NA
24,11,130.910886361679,25,2,2.50117080792169,"M",0,0.25,1,"LOW LOW HIGH",NA
24,12,102.627260240905,24,1,1.49886333854776,"M",0,0.25,1,"LOW LOW HIGH",NA
25,1,62.0731504078629,24,0,0.501237310106578,"M",0,0.25,1,"LOW LOW HIGH",NA
25,2,206.447717662756,34,10,10.5009191608184,"M",0,0.25,1,"LOW LOW HIGH",NA
25,3,94.6118246758777,25,1,1.50079887567631,"M",0,0.25,1,"LOW LOW HIGH",NA
25,4,176.978308637269,30,6,6.49953801289275,"M",0,0.25,1,"LOW LOW HIGH",NA
25,5,226.17411394034,32,8,8.5009571408775,"M",0,0.25,1,"LOW LOW HIGH",NA
25,6,215.954732970713,30,6,6.50219313036682,"M",0,0.25,1,"LOW LOW HIGH",NA
25,7,219.447922012609,30,6,6.50108099078711,"M",0,0.25,1,"LOW LOW HIGH",NA
25,8,96.6432142968446,25,1,1.50062931146967,"M",0,0.25,1,"LOW LOW HIGH",NA
25,9,62.651395796258,24,0,0.500393066597114,"M",0,0.25,1,"LOW LOW HIGH",NA
25,10,138.147724669498,27,3,3.50002521812284,"M",0,0.25,1,"LOW LOW HIGH",NA
25,11,142.070607992207,26,2,2.49904108433078,"M",0,0.25,1,"LOW LOW HIGH",NA
26,1,105.089576094472,26,1,1.50044194456194,"M",0,0.25,1,"LOW LOW HIGH",NA
26,2,125.346731674629,27,2,2.50201679992089,"M",0,0.25,1,"LOW LOW HIGH",NA
26,3,139.018432073695,27,2,2.49686784593606,"M",0,0.25,1,"LOW LOW HIGH",NA
26,4,146.672569109707,28,3,3.50069711035002,"M",0,0.25,1,"LOW LOW HIGH",NA
26,5,126.039784555849,27,2,2.50092703328504,"M",0,0.25,1,"LOW LOW HIGH",NA
26,6,196.358134749778,36,11,11.5008974692161,"M",0,0.25,1,"LOW LOW HIGH",NA
26,7,160.882425715362,30,5,5.50014995430799,"M",0,0.25,1,"LOW LOW HIGH",NA
26,8,184.054560232875,32,7,7.49953208890686,"M",0,0.25,1,"LOW LOW HIGH",NA
26,9,124.441694310469,27,2,2.50075469843351,"M",0,0.25,1,"LOW LOW HIGH",NA
26,10,146.811710326615,28,3,3.4989065225833,"M",0,0.25,1,"LOW LOW HIGH",NA
26,11,60.6476235044626,25,0,0.499010312651826,"M",0,0.25,1,"LOW LOW HIGH",NA
26,12,63.4642736655353,25,0,0.499487430063677,"M",0,0.25,1,"LOW LOW HIGH",NA
26,13,98.7131927105211,26,1,1.49950605224824,"M",0,0.25,1,"LOW LOW HIGH",NA
27,1,205.486686553694,36,10,10.4992479377324,"M",0,0.25,1,"LOW LOW HIGH",NA
27,2,61.3256069791265,26,0,0.498936901037132,"M",0,0.25,1,"LOW LOW HIGH",NA
27,3,173.802221335513,35,9,9.49862438433186,"M",0,0.25,1,"LOW LOW HIGH",NA
27,4,100.541910222079,27,1,1.49847161314978,"M",0,0.25,1,"LOW LOW HIGH",NA
27,5,63.9130744075247,26,0,0.499794458529371,"M",0,0.25,1,"LOW LOW HIGH",NA
27,6,154.720002201715,29,3,3.49906528114895,"M",0,0.25,1,"LOW LOW HIGH",NA
27,7,231.299664217871,34,8,8.50049546304131,"M",0,0.25,1,"LOW LOW HIGH",NA
27,8,182.896100453847,32,6,6.49868073354682,"M",0,0.25,1,"LOW LOW HIGH",NA
27,9,147.877784207958,29,3,3.49902483531729,"M",0,0.25,1,"LOW LOW HIGH",NA
27,10,191.041585860088,32,6,6.49953358248305,"M",0,0.25,1,"LOW LOW HIGH",NA
28,1,218.137478595947,33,6,6.50018135485158,"M",0,0.25,1,"LOW LOW HIGH",NA
28,2,62.6770858840444,27,0,0.499699287967375,"M",0,0.25,1,"LOW LOW HIGH",NA
28,3,227.701915646496,38,11,11.4986081094413,"M",0,0.25,1,"LOW LOW HIGH",NA
28,4,65.7214287946576,27,0,0.498371295057296,"M",0,0.25,1,"LOW LOW HIGH",NA
28,5,198.576987177607,37,10,10.5000783399316,"M",0,0.25,1,"LOW LOW HIGH",NA
28,6,167.341010064967,31,4,4.49951259011111,"M",0,0.25,1,"LOW LOW HIGH",NA
28,7,157.731823795833,30,3,3.50163315556443,"M",0,0.25,1,"LOW LOW HIGH",NA
28,8,166.552688570613,31,4,4.50012214208182,"M",0,0.25,1,"LOW LOW HIGH",NA
28,9,95.5900056876092,28,1,1.50071268725972,"M",0,0.25,1,"LOW LOW HIGH",NA
28,10,164.729197663859,31,4,4.49939896347353,"M",0,0.25,1,"LOW LOW HIGH",NA
28,11,175.164155945197,30,3,3.49950392138285,"M",0,0.25,1,"LOW LOW HIGH",NA
28,12,195.677564967671,33,6,6.49989561241336,"M",0,0.25,1,"LOW LOW HIGH",NA
29,1,93.6807610718009,29,1,1.50050209028638,"M",0,0.25,1,"LOW LOW HIGH",NA
29,2,177.995190121457,36,8,8.49895925841789,"M",0,0.25,1,"LOW LOW HIGH",NA
29,3,64.5835420645876,28,0,0.500593431041939,"M",0,0.25,1,"LOW LOW HIGH",NA
29,4,63.8666914268629,28,0,0.498868114695468,"M",0,0.25,1,"LOW LOW HIGH",NA
29,5,128.472683076435,30,2,2.50020490497486,"M",0,0.25,1,"LOW LOW HIGH",NA
29,6,169.635366815359,32,4,4.49927916961988,"M",0,0.25,1,"LOW LOW HIGH",NA
29,7,102.067728489111,29,1,1.49886199495411,"M",0,0.25,1,"LOW LOW HIGH",NA
29,8,196.105004804757,37,9,9.50086998855472,"M",0,0.25,1,"LOW LOW HIGH",NA
29,9,238.921211351056,39,11,11.4988680119673,"M",0,0.25,1,"LOW LOW HIGH",NA
29,10,186.641216134085,33,5,5.49997301780626,"M",0,0.25,1,"LOW LOW HIGH",NA
29,11,62.0101444990446,28,0,0.499178230349839,"M",0,0.25,1,"LOW LOW HIGH",NA
29,12,62.3577761179891,28,0,0.500407503539587,"M",0,0.25,1,"LOW LOW HIGH",NA
29,13,129.729321755122,31,3,3.50000543035828,"M",0,0.25,1,"LOW LOW HIGH",NA
30,1,126.523110050813,31,2,2.50048189260297,"M",0,0.25,1,"LOW LOW HIGH",NA
30,2,156.028060703215,33,4,4.50031694704382,"M",0,0.25,1,"LOW LOW HIGH",NA
30,3,115.581483389822,31,2,2.50030345128851,"M",0,0.25,1,"LOW LOW HIGH",NA
30,4,102.760660030123,30,1,1.49893913655352,"M",0,0.25,1,"LOW LOW HIGH",NA
30,5,145.148949825769,33,4,4.49818719359897,"M",0,0.25,1,"LOW LOW HIGH",NA
30,6,149.115207099861,32,3,3.50056690825024,"M",0,0.25,1,"LOW LOW HIGH",NA
30,7,99.3048785329063,30,1,1.49968888241354,"M",0,0.25,1,"LOW LOW HIGH",NA
30,8,131.444720041971,31,2,2.49884227166163,"M",0,0.25,1,"LOW LOW HIGH",NA
30,9,134.026642154638,32,3,3.50027810981615,"M",0,0.25,1,"LOW LOW HIGH",NA
30,10,240.795445018255,40,11,11.4988280982546,"M",0,0.25,1,"LOW LOW HIGH",NA
30,11,182.590777033399,36,7,7.50114556938313,"M",0,0.25,1,"LOW LOW HIGH",NA
31,1,170.095341077563,38,8,8.49972360676202,"M",0,0.25,1,"LOW LOW HIGH",NA
31,2,166.001040226752,34,4,4.49884545086218,"M",0,0.25,1,"LOW LOW HIGH",NA
31,3,132.993142297154,32,2,2.50067855527327,"M",0,0.25,1,"LOW LOW HIGH",NA
31,4,160.544815939821,34,4,4.50005342700931,"M",0,0.25,1,"LOW LOW HIGH",NA
31,5,64.5446181915623,30,0,0.498885974622809,"M",0,0.25,1,"LOW LOW HIGH",NA
31,6,141.120012832694,33,3,3.49900968823356,"M",0,0.25,1,"LOW LOW HIGH",NA
31,7,259.402356597323,42,12,12.4994290103311,"M",0,0.25,1,"LOW LOW HIGH",NA
31,8,221.883403172179,39,9,9.4989406710275,"M",0,0.25,1,"LOW LOW HIGH",NA
31,9,61.2764777694249,30,0,0.501496483197366,"M",0,0.25,1,"LOW LOW HIGH",NA
31,10,159.315907040464,35,5,5.49851737800918,"M",0,0.25,1,"LOW LOW HIGH",NA
32,1,66.1801021161292,31,0,0.501539379721938,"M",0,0.25,1,"LOW LOW HIGH",NA
32,2,63.6768130993633,31,0,0.500865776092675,"M",0,0.25,1,"LOW LOW HIGH",NA
32,3,132.555939226556,33,2,2.50101603141872,"M",0,0.25,1,"LOW LOW HIGH",NA
32,4,99.821594136683,32,1,1.50062948967595,"M",0,0.25,1,"LOW LOW HIGH",NA
32,5,132.741758885567,33,2,2.499691934265,"M",0,0.25,1,"LOW LOW HIGH",NA
32,6,123.640596368779,33,2,2.5021784165844,"M",0,0.25,1,"LOW LOW HIGH",NA
32,7,60.8465516606986,31,0,0.498891212357539,"M",0,0.25,1,"LOW LOW HIGH",NA
32,8,164.406421835167,34,3,3.50001473638522,"M",0,0.25,1,"LOW LOW HIGH",NA
32,9,225.342057173607,41,10,10.5002855540385,"M",0,0.25,1,"LOW LOW HIGH",NA
32,10,192.916967022659,37,6,6.49961901830932,"M",0,0.25,1,"LOW LOW HIGH",NA
32,11,166.300626266182,35,4,4.49903999907634,"M",0,0.25,1,"LOW LOW HIGH",NA
33,1,101.074657927738,33,1,1.50071131371825,"M",0,0.25,1,"LOW LOW HIGH",NA
33,2,213.79555378803,42,10,10.5002191472106,"M",0,0.25,1,"LOW LOW HIGH",NA
33,3,64.3984540999112,32,0,0.500250675550581,"M",0,0.25,1,"LOW LOW HIGH",NA
33,4,178.423521165539,36,4,4.49971348444579,"M",0,0.25,1,"LOW LOW HIGH",NA
33,5,95.6452748384173,33,1,1.50030420662916,"M",0,0.25,1,"LOW LOW HIGH",NA
33,6,65.0280278902755,32,0,0.500243722142939,"M",0,0.25,1,"LOW LOW HIGH",NA
33,7,66.2621866929502,32,0,0.498942821726933,"M",0,0.25,1,"LOW LOW HIGH",NA
33,8,63.3189410151787,32,0,0.500231053347127,"M",0,0.25,1,"LOW LOW HIGH",NA
33,9,184.712586487794,37,5,5.50053831512942,"M",0,0.25,1,"LOW LOW HIGH",NA
33,10,193.24250073191,39,7,7.50015435528395,"M",0,0.25,1,"LOW LOW HIGH",NA
33,11,125.623475289844,35,3,3.49913982252202,"M",0,0.25,1,"LOW LOW HIGH",NA
34,1,62.9715418634254,33,0,0.500510036911096,"M",0,0.25,1,"LOW LOW HIGH",NA
34,2,92.0767276376393,34,1,1.49981249995337,"M",0,0.25,1,"LOW LOW HIGH",NA
34,3,61.8066952487695,33,0,0.50013297172499,"M",0,0.25,1,"LOW LOW HIGH",NA
34,4,170.16902297978,38,5,5.49928850948684,"M",0,0.25,1,"LOW LOW HIGH",NA
34,5,103.220307067837,34,1,1.49939377502321,"M",0,0.25,1,"LOW LOW HIGH",NA
34,6,63.738498358338,33,0,0.4993721446968,"M",0,0.25,1,"LOW LOW HIGH",NA
34,7,121.41746188212,35,2,2.49955039137961,"M",0,0.25,1,"LOW LOW HIGH",NA
34,8,164.513263809956,38,5,5.50013850515079,"M",0,0.25,1,"LOW LOW HIGH",NA
34,9,224.747407422164,45,12,12.5017607049309,"M",0,0.25,1,"LOW LOW HIGH",NA
34,10,62.3147095434608,33,0,0.501410487732454,"M",0,0.25,1,"LOW LOW HIGH",NA
34,11,162.800179353084,39,6,6.50057899257717,"M",0,0.25,1,"LOW LOW HIGH",NA
34,12,177.855457817645,39,6,6.50075165354002,"M",0,0.25,1,"LOW LOW HIGH",NA
34,13,113.800487724598,35,2,2.50046431925606,"M",0,0.25,1,"LOW LOW HIGH",NA
35,1,151.372365561154,37,3,3.50088326221704,"M",0,0.25,1,"LOW LOW HIGH",NA
35,2,174.350837856737,40,6,6.49950451949213,"M",0,0.25,1,"LOW LOW HIGH",NA
35,3,134.81419930149,36,2,2.50079920509928,"M",0,0.25,1,"LOW LOW HIGH",NA
35,4,131.73383536699,36,2,2.49943629246126,"M",0,0.25,1,"LOW LOW HIGH",NA
35,5,177.021257322128,40,6,6.49953422823045,"M",0,0.25,1,"LOW LOW HIGH",NA
35,6,131.6367379802,36,2,2.50067597451162,"M",0,0.25,1,"LOW LOW HIGH",NA
35,7,61.564362493537,34,0,0.500483713244596,"M",0,0.25,1,"LOW LOW HIGH",NA
35,8,118.878866336929,36,2,2.50048998657594,"M",0,0.25,1,"LOW LOW HIGH",NA
35,9,161.086758659044,37,3,3.50018516037739,"M",0,0.25,1,"LOW LOW HIGH",NA
35,10,167.271081935346,39,5,5.49976032643868,"M",0,0.25,1,"LOW LOW HIGH",NA
35,11,61.2988276564417,34,0,0.499161926136094,"M",0,0.25,1,"LOW LOW HIGH",NA
35,12,63.5905294439331,34,0,0.501151339610278,"M",0,0.25,1,"LOW LOW HIGH",NA
36,1,96.6705278638057,36,1,1.49941949845446,"M",0,0.25,1,"LOW LOW HIGH",NA
36,2,63.2455675152965,35,0,0.499934060856935,"M",0,0.25,1,"LOW LOW HIGH",NA
36,3,213.05941565555,47,12,12.5005070856559,"M",0,0.25,1,"LOW LOW HIGH",NA
36,4,200.524025883001,42,7,7.49997141573417,"M",0,0.25,1,"LOW LOW HIGH",NA
36,5,119.720402980961,37,2,2.50105200643202,"M",0,0.25,1,"LOW LOW HIGH",NA
36,6,64.5269626157074,35,0,0.501145616911342,"M",0,0.25,1,"LOW LOW HIGH",NA
36,7,186.768264288548,42,7,7.49830875823513,"M",0,0.25,1,"LOW LOW HIGH",NA
36,8,212.13887820896,43,8,8.50129512933549,"M",0,0.25,1,"LOW LOW HIGH",NA
36,9,134.290218345807,37,2,2.49914269602534,"M",0,0.25,1,"LOW LOW HIGH",NA
36,10,169.452045301733,39,4,4.49921054303003,"M",0,0.25,1,"LOW LOW HIGH",NA
36,11,141.563305200004,38,3,3.4994553766279,"M",0,0.25,1,"LOW LOW HIGH",NA
36,12,154.736584483052,38,3,3.50074718128678,"M",0,0.25,1,"LOW LOW HIGH",NA
37,1,129.963239593295,38,2,2.49927083318135,"M",0,0.25,1,"LOW LOW HIGH",NA
37,2,118.555891499959,38,2,2.50156646112953,"M",0,0.25,1,"LOW LOW HIGH",NA
37,3,120.04640163465,38,2,2.50129335632804,"M",0,0.25,1,"LOW LOW HIGH",NA
37,4,237.645407989749,48,12,12.4986558217582,"M",0,0.25,1,"LOW LOW HIGH",NA
37,5,158.721892301855,40,4,4.49889822186752,"M",0,0.25,1,"LOW LOW HIGH",NA
37,6,147.272824518319,40,4,4.49930662644248,"M",0,0.25,1,"LOW LOW HIGH",NA
37,7,171.353773708663,40,4,4.49927204765501,"M",0,0.25,1,"LOW LOW HIGH",NA
37,8,99.688774359725,37,1,1.50257970292387,"M",0,0.25,1,"LOW LOW HIGH",NA
37,9,90.1935779688773,37,1,1.50146151802495,"M",0,0.25,1,"LOW LOW HIGH",NA
37,10,124.122394932123,38,2,2.50185710986057,"M",0,0.25,1,"LOW LOW HIGH",NA
37,11,153.790591217137,39,3,3.49952565243716,"M",0,0.25,1,"LOW LOW HIGH",NA
37,12,216.017893518886,45,9,9.5022893514509,"M",0,0.25,1,"LOW LOW HIGH",NA
38,1,242.111296596224,48,11,11.499534702933,"M",0,0.25,1,"LOW LOW HIGH",NA
38,2,98.9144351374529,38,1,1.50020732817557,"M",0,0.25,1,"LOW LOW HIGH",NA
38,3,63.2017071362049,37,0,0.499624968066017,"M",0,0.25,1,"LOW LOW HIGH",NA
38,4,104.146844579233,38,1,1.50074111591362,"M",0,0.25,1,"LOW LOW HIGH",NA
38,5,127.771533293887,39,2,2.49950228733281,"M",0,0.25,1,"LOW LOW HIGH",NA
38,6,155.517144432728,42,5,5.49829816722948,"M",0,0.25,1,"LOW LOW HIGH",NA
38,7,193.732504932574,43,6,6.4994496272947,"M",0,0.25,1,"LOW LOW HIGH",NA
38,8,63.5540667921132,37,0,0.500337141599202,"M",0,0.25,1,"LOW LOW HIGH",NA
38,9,220.504029747569,44,7,7.50046158850571,"M",0,0.25,1,"LOW LOW HIGH",NA
38,10,249.648626308917,48,11,11.4997043725771,"M",0,0.25,1,"LOW LOW HIGH",NA
38,11,63.3854991861473,37,0,0.500586011587157,"M",0,0.25,1,"LOW LOW HIGH",NA
38,12,238.476958977313,48,11,11.4996716179648,"M",0,0.25,1,"LOW LOW HIGH",NA
38,13,140.085667718495,39,2,2.4994314644557,"M",0,0.25,1,"LOW LOW HIGH",NA
39,1,165.369501386032,42,4,4.50090016827212,"M",0,0.25,1,"LOW LOW HIGH",NA
39,2,224.15120849437,47,9,9.49932402990082,"M",0,0.25,1,"LOW LOW HIGH",NA
39,3,168.485608005822,42,4,4.49800159388459,"M",0,0.25,1,"LOW LOW HIGH",NA
39,4,118.601411880652,40,2,2.50168102495775,"M",0,0.25,1,"LOW LOW HIGH",NA
39,5,98.0751457970127,39,1,1.49980414639954,"M",0,0.25,1,"LOW LOW HIGH",NA
39,6,128.409636376051,40,2,2.49979713658059,"M",0,0.25,1,"LOW LOW HIGH",NA
39,7,171.293667297335,43,5,5.49869430741675,"M",0,0.25,1,"LOW LOW HIGH",NA
39,8,168.677404689215,42,4,4.49837089908331,"M",0,0.25,1,"LOW LOW HIGH",NA
39,9,117.190860781036,40,2,2.49983812032296,"M",0,0.25,1,"LOW LOW HIGH",NA
39,10,61.7214638683827,38,0,0.501313467756872,"M",0,0.25,1,"LOW LOW HIGH",NA
39,11,167.082235107631,42,4,4.49992746173652,"M",0,0.25,1,"LOW LOW HIGH",NA
40,1,95.6786906602078,40,1,1.49912358727996,"M",0,0.25,1,"LOW LOW HIGH",NA
40,2,63.4987775304325,39,0,0.500540195318095,"M",0,0.25,1,"LOW LOW HIGH",NA
40,3,62.3691069412515,39,0,0.500162239674622,"M",0,0.25,1,"LOW LOW HIGH",NA
40,4,180.665435541734,46,7,7.49964633407091,"M",0,0.25,1,"LOW LOW HIGH",NA
40,5,231.349051414634,50,11,11.5026990476138,"M",0.195281433779746,0.25,1,"LOW LOW HIGH",NA
40,6,92.1919693733305,40,1,1.49878932458819,"M",0,0.25,1,"LOW LOW HIGH",NA
40,7,62.5636435526155,39,0,0.498924636796268,"M",0,0.25,1,"LOW LOW HIGH",NA
40,8,62.3446856244892,39,0,0.500259454980155,"M",0,0.25,1,"LOW LOW HIGH",NA
40,9,155.181115793829,43,4,4.5000934827557,"M",0,0.25,1,"LOW LOW HIGH",NA
40,10,164.430660019542,42,3,3.49914554024841,"M",0,0.25,1,"LOW LOW HIGH",NA
40,11,213.626037446874,48,9,9.50268478678447,"M",0,0.25,1,"LOW LOW HIGH",NA
41,1,98.9104099059165,41,1,1.49910314428213,"M",0,0.25,1,"LOW LOW HIGH",NA
41,2,152.956999315918,43,3,3.50011344948614,"M",0,0.25,1,"LOW LOW HIGH",NA
41,3,100.243897884169,41,1,1.49910712540907,"M",0,0.25,1,"LOW LOW HIGH",NA
41,4,189.152799753024,46,6,6.50103048912344,"M",0,0.25,1,"LOW LOW HIGH",NA
41,5,98.3252336934112,41,1,1.4993724334654,"M",0,0.25,1,"LOW LOW HIGH",NA
41,6,199.647555100116,47,7,7.50124851628873,"M",0,0.25,1,"LOW LOW HIGH",NA
41,7,92.1381016307944,41,1,1.50004040670147,"M",0,0.25,1,"LOW LOW HIGH",NA
41,8,147.531947280942,43,3,3.50015272144395,"M",0,0.25,1,"LOW LOW HIGH",NA
41,9,202.570098906433,49,9,9.50184761840519,"M",0,0.25,1,"LOW LOW HIGH",NA
41,10,99.4607628245359,41,1,1.50042297919097,"M",0,0.25,1,"LOW LOW HIGH",NA
41,11,182.562079920458,46,6,6.49964960375685,"M",0,0.25,1,"LOW LOW HIGH",NA
42,1,213.311918643569,50,9,9.49972091928215,"FISHED",0.195281433779746,0.25,1,"LOW LOW HIGH",NA
42,2,164.366348685304,45,4,4.49963434424673,"M",0,0.25,1,"LOW LOW HIGH",NA
42,3,170.786728743752,48,7,7.50046439735492,"M",0,0.25,1,"LOW LOW HIGH",NA
42,4,62.0813414314738,41,0,0.501842798552978,"M",0,0.25,1,"LOW LOW HIGH",NA
42,5,99.6569253358721,42,1,1.50121401937075,"M",0,0.25,1,"LOW LOW HIGH",NA
42,6,129.119948915268,43,2,2.50160307241108,"M",0,0.25,1,"LOW LOW HIGH",NA
42,7,228.82102171888,50,9,9.50135369441575,"M",0.195281433779746,0.25,1,"LOW LOW HIGH",NA
42,8,218.046958592996,50,9,9.49982003248427,"M",0.195281433779746,0.25,1,"LOW LOW HIGH",NA
42,9,122.388350102282,43,2,2.49978241120852,"M",0,0.25,1,"LOW LOW HIGH",NA
42,10,103.88710725322,42,1,1.50007894714626,"M",0,0.25,1,"LOW LOW HIGH",NA
42,11,109.766861433291,42,1,1.49937973082407,"M",0,0.25,1,"LOW LOW HIGH",NA
43,1,200.785352937345,51,9,9.49966754278422,"M",0.148148854356259,0.25,1,"LOW LOW HIGH",NA
43,2,228.652293225904,49,7,7.50058818198834,"M",0,0.25,1,"LOW LOW HIGH",NA
43,3,145.4231248006,44,2,2.50015080034237,"M",0,0.25,1,"LOW LOW HIGH",NA
43,4,209.891756964198,49,7,7.49989604723462,"M",0,0.25,1,"LOW LOW HIGH",NA
43,5,101.364591615989,43,1,1.50001448637333,"M",0,0.25,1,"LOW LOW HIGH",NA
43,6,153.052735858228,45,3,3.50140303828515,"M",0,0.25,1,"LOW LOW HIGH",NA
43,7,61.0915642557449,42,0,0.498658909789561,"M",0,0.25,1,"LOW LOW HIGH",NA
43,8,63.8970626780961,42,0,0.502274202833563,"M",0,0.25,1,"LOW LOW HIGH",NA
43,9,100.101761266923,43,1,1.49949803226086,"M",0,0.25,1,"LOW LOW HIGH",NA
43,10,62.2206169331062,42,0,0.501441696051709,"M",0,0.25,1,"LOW LOW HIGH",NA
43,11,181.169003461578,46,4,4.49687175710309,"M",0,0.25,1,"LOW LOW HIGH",NA
43,12,64.0448044503356,42,0,0.499851566226071,"M",0,0.25,1,"LOW LOW HIGH",NA
44,1,125.091970470404,45,2,2.50077527384693,"M",0,0.25,1,"LOW LOW HIGH",NA
44,2,62.5757953186233,43,0,0.499823898456706,"M",0,0.25,1,"LOW LOW HIGH",NA
44,3,204.783207323346,50,7,7.49906491099215,"FISHED",0.195281433779746,0.25,1,"LOW LOW HIGH",NA
44,4,152.877414414563,46,3,3.49808382573538,"M",0,0.25,1,"LOW LOW HIGH",NA
44,5,62.6853642246624,43,0,0.50130585400398,"M",0,0.25,1,"LOW LOW HIGH",NA
44,6,93.674459049405,44,1,1.50141021801992,"M",0,0.25,1,"LOW LOW HIGH",NA
44,7,127.298609038936,45,2,2.49948385844881,"M",0,0.25,1,"LOW LOW HIGH",NA
44,8,98.2524668458315,44,1,1.49995025040203,"M",0,0.25,1,"LOW LOW HIGH",NA
44,9,96.7988123951364,44,1,1.4995533286181,"M",0,0.25,1,"LOW LOW HIGH",NA
44,10,187.455560347419,47,4,4.50118030500827,"M",0,0.25,1,"LOW LOW HIGH",NA
45,1,129.954659931273,46,2,2.49951327296959,"M",0,0.25,1,"LOW LOW HIGH",NA
45,2,149.029440290283,47,3,3.49954554444372,"M",0,0.25,1,"LOW LOW HIGH",NA
45,3,173.340004185135,56,12,12.4990366466786,"M",0.157806677138433,0.25,1,"LOW LOW HIGH",NA
45,4,150.859899396786,47,3,3.49951981091419,"M",0,0.25,1,"LOW LOW HIGH",NA
45,5,63.0035158094472,44,0,0.500446380004651,"M",0,0.25,1,"LOW LOW HIGH",NA
45,6,172.52627019768,48,4,4.50038188298126,"M",0,0.25,1,"LOW LOW HIGH",NA
45,7,63.1352090578252,44,0,0.500321019578284,"M",0,0.25,1,"LOW LOW HIGH",NA
45,8,178.656175112742,50,6,6.49744535602471,"FISHED",0.195281433779746,0.25,1,"LOW LOW HIGH",NA
45,9,100.223307524848,45,1,1.49870953417799,"M",0,0.25,1,"LOW LOW HIGH",NA
45,10,102.99716405227,45,1,1.50118293195648,"M",0,0.25,1,"LOW LOW HIGH",NA
45,11,169.802531004625,48,4,4.50149171710324,"M",0,0.25,1,"LOW LOW HIGH",NA
45,12,127.680239783027,46,2,2.49962398737408,"M",0,0.25,1,"LOW LOW HIGH",NA
45,13,151.25849709704,48,4,4.50070561198617,"M",0,0.25,1,"LOW LOW HIGH",NA
46,1,198.293810426678,57,12,12.4995505833485,"M",0.103319766535424,0.25,1,"LOW LOW HIGH",NA
46,2,147.7264072653,49,4,4.50016193531349,"M",0,0.25,1,"LOW LOW HIGH",NA
46,3,181.2286885719,51,6,6.50049026309735,"M",0.148148854356259,0.25,1,"LOW LOW HIGH",NA
46,4,221.170380326713,53,8,8.50065849927515,"M",0.156285801297054,0.25,1,"LOW LOW HIGH",NA
46,5,192.509957073591,51,6,6.50091892611271,"M",0.148148854356259,0.25,1,"LOW LOW HIGH",NA
46,6,62.6315983392382,45,0,0.499954372722371,"M",0,0.25,1,"LOW LOW HIGH",NA
46,7,156.522831966701,48,3,3.50055480279977,"M",0,0.25,1,"LOW LOW HIGH",NA
46,8,66.1903821880093,45,0,0.499928356976831,"M",0,0.25,1,"LOW LOW HIGH",NA
46,9,157.501776724328,49,4,4.50061245698595,"M",0,0.25,1,"LOW LOW HIGH",NA
46,10,161.988492958686,48,3,3.50062141203307,"M",0,0.25,1,"LOW LOW HIGH",NA
46,11,172.940946407184,50,5,5.49964537650508,"M",0.195281433779746,0.25,1,"LOW LOW HIGH",NA
46,12,168.850272706112,49,4,4.49991472070654,"M",0,0.25,1,"LOW LOW HIGH",NA
46,13,120.072511056013,47,2,2.49956092716683,"M",0,0.25,1,"LOW LOW HIGH",NA
47,1,61.1674840334755,46,0,0.499322259661333,"M",0,0.25,1,"LOW LOW HIGH",NA
47,2,62.4556336782926,46,0,0.499168510672534,"M",0,0.25,1,"LOW LOW HIGH",NA
47,3,62.9591734466472,46,0,0.499326731664292,"M",0,0.25,1,"LOW LOW HIGH",NA
47,4,238.876802742264,57,11,11.5006465828997,"M",0.103319766535424,0.25,1,"LOW LOW HIGH",NA
47,5,63.735986762941,46,0,0.500419324278663,"M",0,0.25,1,"LOW LOW HIGH",NA
47,6,133.175728013247,48,2,2.49979163891989,"M",0,0.25,1,"LOW LOW HIGH",NA
47,7,179.188527407558,54,8,8.49871413149479,"M",0.117288025468588,0.25,1,"LOW LOW HIGH",NA
47,8,93.4491661376065,47,1,1.49887472220792,"M",0,0.25,1,"LOW LOW HIGH",NA
47,9,202.502135615393,58,12,12.4991923971082,"FISHED",0.170354866422713,0.25,1,"LOW LOW HIGH",NA
47,10,65.8712825328607,46,0,0.499249486182639,"M",0,0.25,1,"LOW LOW HIGH",NA
47,11,187.79886749569,51,5,5.49892173827789,"M",0.148148854356259,0.25,1,"LOW LOW HIGH",NA
48,1,87.6373841454405,48,1,1.50005802824858,"M",0,0.25,1,"LOW LOW HIGH",NA
48,2,118.411432514373,49,2,2.50059547184287,"M",0,0.25,1,"LOW LOW HIGH",NA
48,3,127.737308552949,49,2,2.49898763779785,"M",0,0.25,1,"LOW LOW HIGH",NA
48,4,60.1989883042432,47,0,0.499238186147973,"M",0,0.25,1,"LOW LOW HIGH",NA
48,5,186.256273103285,54,7,7.50054345294331,"M",0.117288025468588,0.25,1,"LOW LOW HIGH",NA
48,6,220.987728132899,54,7,7.49963981823843,"FISHED",0.117288025468588,0.25,1,"LOW LOW HIGH",NA
48,7,174.77594034582,53,6,6.4995179704154,"FISHED",0.156285801297054,0.25,1,"LOW LOW HIGH",NA
48,8,172.652646173054,52,5,5.4990711579707,"M",0.185230895644054,0.25,1,"LOW LOW HIGH",NA
48,9,187.480126706174,55,8,8.50024924797983,"FISHED",0.130189207498915,0.25,1,"LOW LOW HIGH",NA
48,10,145.978670187096,50,3,3.5002743024507,"FISHED",0.195281433779746,0.25,1,"LOW LOW HIGH",NA
48,11,175.490595912977,53,6,6.50026600246969,"M",0.156285801297054,0.25,1,"LOW LOW HIGH",NA
48,12,127.260986727443,49,2,2.49930217326096,"M",0,0.25,1,"LOW LOW HIGH",NA
48,13,65.2569696289855,47,0,0.501848339094364,"M",0,0.25,1,"LOW LOW HIGH",NA
49,1,95.307325392395,49,1,1.50158559422056,"M",0,0.25,1,"LOW LOW HIGH",NA
49,2,181.473483218167,52,4,4.49895385054429,"FISHED",0.185230895644054,0.25,1,"LOW LOW HIGH",NA
49,3,135.843750573322,50,2,2.49896041874273,"M",0.195281433779746,0.25,1,"LOW LOW HIGH",NA
49,4,151.480523974319,51,3,3.49879291252892,"M",0.148148854356259,0.25,1,"LOW LOW HIGH",NA
49,5,59.7326412532442,48,0,0.501680218711448,"M",0,0.25,1,"LOW LOW HIGH",NA
49,6,145.982292161129,51,3,3.49911820605021,"M",0.148148854356259,0.25,1,"LOW LOW HIGH",NA
49,7,140.75741159171,51,3,3.50012969452544,"M",0.148148854356259,0.25,1,"LOW LOW HIGH",NA
49,8,152.645822094913,51,3,3.49989103267109,"M",0.148148854356259,0.25,1,"LOW LOW HIGH",NA
49,9,186.113268464337,53,5,5.50011227632957,"M",0.156285801297054,0.25,1,"LOW LOW HIGH",NA
49,10,223.112356781043,58,10,10.4997108525183,"FISHED",0.170354866422713,0.25,1,"LOW LOW HIGH",NA
49,11,122.222316653374,50,2,2.49979029478317,"M",0.195281433779746,0.25,1,"LOW LOW HIGH",NA
49,12,61.9351681687945,48,0,0.499901052045223,"M",0,0.25,1,"LOW LOW HIGH",NA
50,1,99.8386634833837,50,1,1.49973523630165,"M",0.195281433779746,0.25,1,"LOW LOW HIGH",NA
50,2,134.954586553034,51,2,2.49977771501466,"M",0.148148854356259,0.25,1,"LOW LOW HIGH",NA
50,3,120.666805960521,51,2,2.50183481125468,"M",0.148148854356259,0.25,1,"LOW LOW HIGH",NA
50,4,60.5007654478719,49,0,0.498857625882937,"M",0,0.25,1,"LOW LOW HIGH",NA
50,5,177.582204525954,53,4,4.4981806450045,"M",0.156285801297054,0.25,1,"LOW LOW HIGH",NA
50,6,147.466711443954,52,3,3.49939329039201,"M",0.185230895644054,0.25,1,"LOW LOW HIGH",NA
50,7,94.8194262982588,50,1,1.49935392154636,"M",0.195281433779746,0.25,1,"LOW LOW HIGH",NA
50,8,150.934134259241,52,3,3.49914220032882,"M",0.185230895644054,0.25,1,"LOW LOW HIGH",NA
50,9,140.625368814547,51,2,2.50202311618412,"M",0.148148854356259,0.25,1,"LOW LOW HIGH",NA
50,10,143.242761009237,52,3,3.50235513213618,"M",0.185230895644054,0.25,1,"LOW LOW HIGH",NA
50,11,97.7903149755746,50,1,1.49868323955483,"M",0.195281433779746,0.25,1,"LOW LOW HIGH",NA
51,1,158.919902688946,53,3,3.49970973646571,"FISHED",0.156285801297054,0.25,1,"LOW LOW HIGH",NA
51,2,153.624427957155,54,4,4.49998622338754,"M",0.117288025468588,0.25,1,"LOW LOW HIGH",NA
51,3,61.4933538229204,50,0,0.500201116459889,"M",0.195281433779746,0.25,1,"LOW LOW HIGH",NA
51,4,98.3755984661113,51,1,1.49938017604375,"FISHED",0.148148854356259,0.25,1,"LOW LOW HIGH",NA
51,5,61.8226484626629,50,0,0.499630290463967,"FISHED",0.195281433779746,0.25,1,"LOW LOW HIGH",NA
51,6,164.425068650042,54,4,4.49902681841186,"M",0.117288025468588,0.25,1,"LOW LOW HIGH",NA
51,7,63.398144389205,50,0,0.498571037667039,"M",0.195281433779746,0.25,1,"LOW LOW HIGH",NA
51,8,188.502564874534,56,6,6.49918324267296,"FISHED",0.157806677138433,0.25,1,"LOW LOW HIGH",NA
51,9,61.5983667481437,50,0,0.500559812490217,"M",0.195281433779746,0.25,1,"LOW LOW HIGH",NA
51,10,160.265656331874,53,3,3.49937389575763,"M",0.156285801297054,0.25,1,"LOW LOW HIGH",NA
51,11,63.4529495346407,50,0,0.498031905123329,"M",0.195281433779746,0.25,1,"LOW LOW HIGH",NA
51,12,62.3079463280342,50,0,0.499970027546309,"M",0.195281433779746,0.25,1,"LOW LOW HIGH",NA
52,1,164.284734548087,55,4,4.49926232787843,"M",0.130189207498915,0.25,1,"LOW LOW HIGH",NA
52,2,62.9700652342712,51,0,0.499832949377712,"FISHED",0.148148854356259,0.25,1,"LOW LOW HIGH",NA
52,3,61.7092722360431,51,0,0.500356673398946,"M",0.148148854356259,0.25,1,"LOW LOW HIGH",NA
52,4,153.448793744589,54,3,3.50061391572011,"M",0.117288025468588,0.25,1,"LOW LOW HIGH",NA
52,5,60.8457007955192,51,0,0.501302598478906,"M",0.148148854356259,0.25,1,"LOW LOW HIGH",NA
52,6,62.1573845748705,51,0,0.501351584760288,"FISHED",0.148148854356259,0.25,1,"LOW LOW HIGH",NA
52,7,62.4051589589654,51,0,0.500815129932667,"M",0.148148854356259,0.25,1,"LOW LOW HIGH",NA
52,8,61.5743321997159,51,0,0.499439936705197,"FISHED",0.148148854356259,0.25,1,"LOW LOW HIGH",NA
52,9,99.2143955386532,52,1,1.49939502829488,"M",0.185230895644054,0.25,1,"LOW LOW HIGH",NA
52,10,65.7376585011094,51,0,0.500485044472202,"M",0.148148854356259,0.25,1,"LOW LOW HIGH",NA
52,11,64.6371857603926,51,0,0.499629608280976,"FISHED",0.148148854356259,0.25,1,"LOW LOW HIGH",NA
52,12,64.2777184671628,51,0,0.498610319456123,"M",0.148148854356259,0.25,1,"LOW LOW HIGH",NA
53,1,123.702270232157,54,2,2.4999230015224,"M",0.117288025468588,0.25,1,"LOW LOW HIGH",NA
53,2,61.4294796062595,52,0,0.501460739596586,"FISHED",0.185230895644054,0.25,1,"LOW LOW HIGH",NA
53,3,100.280494471179,53,1,1.49959462421502,"FISHED",0.156285801297054,0.25,1,"LOW LOW HIGH",NA
53,4,62.2320980712171,52,0,0.500882878445624,"M",0.185230895644054,0.25,1,"LOW LOW HIGH",NA
53,5,186.206507321938,57,5,5.5002475058219,"M",0.103319766535424,0.25,1,"LOW LOW HIGH",NA
53,6,61.2235836849377,52,0,0.499189123208906,"FISHED",0.185230895644054,0.25,1,"LOW LOW HIGH",NA
53,7,172.930365462237,57,5,5.50002903222642,"FISHED",0.103319766535424,0.25,1,"LOW LOW HIGH",NA
53,8,100.129654566669,53,1,1.50007616626637,"M",0.156285801297054,0.25,1,"LOW LOW HIGH",NA
53,9,60.7980155750432,52,0,0.498826903723535,"FISHED",0.185230895644054,0.25,1,"LOW LOW HIGH",NA
53,10,171.981379021385,57,5,5.49960779992173,"M",0.103319766535424,0.25,1,"LOW LOW HIGH",NA
53,11,63.8110119628347,52,0,0.499562486531472,"M",0.185230895644054,0.25,1,"LOW LOW HIGH",NA
53,12,165.933312325985,56,4,4.49864220425928,"FISHED",0.157806677138433,0.25,1,"LOW LOW HIGH",NA
53,13,63.5812875590081,52,0,0.49937455766036,"M",0.185230895644054,0.25,1,"LOW LOW HIGH",NA
54,1,62.2240768527834,53,0,0.499752392372474,"FISHED",0.156285801297054,0.25,1,"LOW LOW HIGH",NA
54,2,121.545492692487,55,2,2.50052589992234,"M",0.130189207498915,0.25,1,"LOW LOW HIGH",NA
54,3,60.3811462348498,53,0,0.501298264818855,"M",0.156285801297054,0.25,1,"LOW LOW HIGH",NA
54,4,133.562839601429,56,3,3.49959905673838,"M",0.157806677138433,0.25,1,"LOW LOW HIGH",NA
54,5,96.4256678681067,54,1,1.49997575672538,"FISHED",0.117288025468588,0.25,1,"LOW LOW HIGH",NA
54,6,97.9177232179759,54,1,1.50130028456903,"M",0.117288025468588,0.25,1,"LOW LOW HIGH",NA
54,7,96.2907849309911,54,1,1.49809806880088,"M",0.117288025468588,0.25,1,"LOW LOW HIGH",NA
54,8,93.3358938076846,54,1,1.50053953103837,"M",0.117288025468588,0.25,1,"LOW LOW HIGH",NA
54,9,62.2701063374618,53,0,0.500727451483878,"M",0.156285801297054,0.25,1,"LOW LOW HIGH",NA
54,10,64.1166517808942,53,0,0.498146356693022,"M",0.156285801297054,0.25,1,"LOW LOW HIGH",NA
54,11,144.644870476749,56,3,3.49971901770571,"M",0.157806677138433,0.25,1,"LOW LOW HIGH",NA
55,1,98.9090399456241,55,1,1.4997626159458,"M",0.130189207498915,0.25,1,"LOW LOW HIGH",NA
55,2,94.5705931994825,55,1,1.49956657124837,"M",0.130189207498915,0.25,1,"LOW LOW HIGH",NA
55,3,156.323289280352,58,4,4.50151324053788,"FISHED",0.170354866422713,0.25,1,"LOW LOW HIGH",NA
55,4,91.5969861856326,55,1,1.50010141271409,"M",0.130189207498915,0.25,1,"LOW LOW HIGH",NA
55,5,147.659487501534,57,3,3.49900001190018,"M",0.103319766535424,0.25,1,"LOW LOW HIGH",NA
55,6,136.618250182282,56,2,2.50075163937221,"M",0.157806677138433,0.25,1,"LOW LOW HIGH",NA
55,7,183.217683257583,59,5,5.50042290848585,"FISHED",0.124931584531441,0.25,1,"LOW LOW HIGH",NA
55,8,60.640048834589,54,0,0.501972226154009,"FISHED",0.117288025468588,0.25,1,"LOW LOW HIGH",NA
55,9,134.706225797921,57,3,3.49883994881053,"M",0.103319766535424,0.25,1,"LOW LOW HIGH",NA
55,10,154.159604655358,58,4,4.50055145165815,"M",0.170354866422713,0.25,1,"LOW LOW HIGH",NA
55,11,60.7694610717553,54,0,0.500871393636597,"FISHED",0.117288025468588,0.25,1,"LOW LOW HIGH",NA
55,12,127.37501954339,56,2,2.50047034997329,"M",0.157806677138433,0.25,1,"LOW LOW HIGH",NA
55,13,117.80094245308,56,2,2.4986818420523,"M",0.157806677138433,0.25,1,"LOW LOW HIGH",NA
55,14,122.222289059865,56,2,2.49980609082357,"M",0.157806677138433,0.25,1,"LOW LOW HIGH",NA
56,1,208.37850508574,65,10,10.5012262503723,"M",0.179227050882764,0.25,1,"LOW LOW HIGH",NA
56,2,64.2586214013527,55,0,0.498177067777338,"M",0.130189207498915,0.25,1,"LOW LOW HIGH",NA
56,3,92.5316050215482,56,1,1.50020063065664,"M",0.157806677138433,0.25,1,"LOW LOW HIGH",NA
56,4,97.5346672545115,56,1,1.50013708517113,"FISHED",0.157806677138433,0.25,1,"LOW LOW HIGH",NA
56,5,190.434197922105,60,5,5.49951629128922,"FISHED",0.18203870265279,0.25,1,"LOW LOW HIGH",NA
56,6,61.7945813259105,55,0,0.50201559207044,"FISHED",0.130189207498915,0.25,1,"LOW LOW HIGH",NA
56,7,121.882929423038,57,2,2.49873406544339,"M",0.103319766535424,0.25,1,"LOW LOW HIGH",NA
56,8,154.537410107865,58,3,3.49971769719667,"FISHED",0.170354866422713,0.25,1,"LOW LOW HIGH",NA
56,9,96.3325060511296,56,1,1.50109371847956,"FISHED",0.157806677138433,0.25,1,"LOW LOW HIGH",NA
56,10,94.8020579797076,56,1,1.49846872883137,"M",0.157806677138433,0.25,1,"LOW LOW HIGH",NA
57,1,62.9136569495541,56,0,0.499155141660376,"M",0.157806677138433,0.25,1,"LOW LOW HIGH",NA
57,2,160.038541334073,59,3,3.49953511798683,"M",0.124931584531441,0.25,1,"LOW LOW HIGH",NA
57,3,127.14302876755,58,2,2.49915786476991,"M",0.170354866422713,0.25,1,"LOW LOW HIGH",NA
57,4,62.1937075646714,56,0,0.500155760626271,"FISHED",0.157806677138433,0.25,1,"LOW LOW HIGH",NA
57,5,98.9336054198778,57,1,1.50100087227607,"M",0.103319766535424,0.25,1,"LOW LOW HIGH",NA
57,6,97.5990318511822,57,1,1.4998504052341,"M",0.103319766535424,0.25,1,"LOW LOW HIGH",NA
57,7,163.95128679592,60,4,4.50176167606016,"M",0.18203870265279,0.25,1,"LOW LOW HIGH",NA
57,8,95.767030669539,57,1,1.50122296994149,"M",0.103319766535424,0.25,1,"LOW LOW HIGH",NA
57,9,64.458904032691,56,0,0.501205215684909,"M",0.157806677138433,0.25,1,"LOW LOW HIGH",NA
57,10,96.5029738898732,57,1,1.49988276846993,"FISHED",0.103319766535424,0.25,1,"LOW LOW HIGH",NA
57,11,232.211165280383,70,14,14.4984072767662,"M",0.127215449232608,0.25,1,"LOW LOW HIGH",NA
57,12,191.012130047005,64,8,8.5003834293537,"M",0.117989213485271,0.25,1,"LOW LOW HIGH",NA
57,13,64.2298478232416,56,0,0.499975785612643,"FISHED",0.157806677138433,0.25,1,"LOW LOW HIGH",NA
58,1,59.57963809306,57,0,0.499360275434788,"M",0.103319766535424,0.25,1,"LOW LOW HIGH",NA
58,2,62.6913744736182,57,0,0.500877211856372,"M",0.103319766535424,0.25,1,"LOW LOW HIGH",NA
58,3,116.776904983568,59,2,2.50110851225402,"M",0.124931584531441,0.25,1,"LOW LOW HIGH",NA
58,4,61.74423955323,57,0,0.500080058900201,"M",0.103319766535424,0.25,1,"LOW LOW HIGH",NA
58,5,60.1205240019216,57,0,0.500743638794873,"M",0.103319766535424,0.25,1,"LOW LOW HIGH",NA
58,6,95.8045123819715,58,1,1.49961444713559,"M",0.170354866422713,0.25,1,"LOW LOW HIGH",NA
58,7,119.414676356569,59,2,2.49909198281952,"M",0.124931584531441,0.25,1,"LOW LOW HIGH",NA
58,8,156.753974435614,61,4,4.49918659528547,"M",0.10265692465473,0.25,1,"LOW LOW HIGH",NA
58,9,62.4733141507756,57,0,0.500589089090268,"M",0.103319766535424,0.25,1,"LOW LOW HIGH",NA
58,10,184.31802657408,64,7,7.49832506170465,"M",0.117989213485271,0.25,1,"LOW LOW HIGH",NA
58,11,102.037860131422,58,1,1.50024257978822,"M",0.170354866422713,0.25,1,"LOW LOW HIGH",NA
58,12,129.04423078275,59,2,2.50097775455729,"M",0.124931584531441,0.25,1,"LOW LOW HIGH",NA
58,13,64.1323493994446,57,0,0.498525127058235,"M",0.103319766535424,0.25,1,"LOW LOW HIGH",NA
58,14,65.1544949361389,57,0,0.500436664690052,"FISHED",0.103319766535424,0.25,1,"LOW LOW HIGH",NA
59,1,66.3869589605591,58,0,0.50069372914062,"M",0.170354866422713,0.25,1,"LOW LOW HIGH",NA
59,2,100.96519466462,59,1,1.49941811225727,"M",0.124931584531441,0.25,1,"LOW LOW HIGH",NA
59,3,62.1124515033728,58,0,0.500442069583889,"FISHED",0.170354866422713,0.25,1,"LOW LOW HIGH",NA
59,4,64.4992956150141,58,0,0.49976197957442,"FISHED",0.170354866422713,0.25,1,"LOW LOW HIGH",NA
59,5,99.9525507488387,59,1,1.49930695093086,"M",0.124931584531441,0.25,1,"LOW LOW HIGH",NA
59,6,99.2132784389909,59,1,1.49865998312932,"M",0.124931584531441,0.25,1,"LOW LOW HIGH",NA
59,7,62.6181572881405,58,0,0.49822019779673,"FISHED",0.170354866422713,0.25,1,"LOW LOW HIGH",NA
59,8,120.735104965534,60,2,2.50171923340447,"M",0.18203870265279,0.25,1,"LOW LOW HIGH",NA
59,9,64.084640652799,58,0,0.500576226067126,"M",0.170354866422713,0.25,1,"LOW LOW HIGH",NA
59,10,115.52202669842,60,2,2.50015751648631,"FISHED",0.18203870265279,0.25,1,"LOW LOW HIGH",NA
59,11,100.561631086065,59,1,1.49816193249807,"FISHED",0.124931584531441,0.25,1,"LOW LOW HIGH",NA
60,1,201.536459050505,67,8,8.49860196759492,"M",0.104714685631916,0.25,1,"LOW LOW HIGH",NA
60,2,242.37510445764,66,7,7.50133870075501,"FISHED",0.178106941794977,0.25,1,"LOW LOW HIGH",NA
60,3,102.159632116287,60,1,1.49846505857549,"FISHED",0.18203870265279,0.25,1,"LOW LOW HIGH",NA
60,4,168.927538445098,64,5,5.49846739124647,"M",0.117989213485271,0.25,1,"LOW LOW HIGH",NA
60,5,177.426576531858,64,5,5.50039528642493,"M",0.117989213485271,0.25,1,"LOW LOW HIGH",NA
60,6,91.4220579210176,60,1,1.49976609937229,"M",0.18203870265279,0.25,1,"LOW LOW HIGH",NA
60,7,63.6722587291884,59,0,0.498844125057882,"M",0.124931584531441,0.25,1,"LOW LOW HIGH",NA
60,8,173.224176562143,63,4,4.49987813697368,"FISHED",0.191853666817769,0.25,1,"LOW LOW HIGH",NA
60,9,102.190633256835,60,1,1.49965177066975,"M",0.18203870265279,0.25,1,"LOW LOW HIGH",NA
60,10,65.0129672580145,59,0,0.501121366440235,"M",0.124931584531441,0.25,1,"LOW LOW HIGH",NA
60,11,127.683750789073,61,2,2.50011302425854,"M",0.10265692465473,0.25,1,"LOW LOW HIGH",NA
61,1,138.314450748573,63,3,3.50142998630773,"M",0.191853666817769,0.25,1,"LOW LOW HIGH",NA
61,2,58.9041427821869,60,0,0.500452875480476,"M",0.18203870265279,0.25,1,"LOW LOW HIGH",NA
61,3,61.4099239173041,60,0,0.502850468067557,"M",0.18203870265279,0.25,1,"LOW LOW HIGH",NA
61,4,99.746051247187,61,1,1.50029745649078,"M",0.10265692465473,0.25,1,"LOW LOW HIGH",NA
61,5,197.772753735498,68,8,8.49845630951027,"FISHED",0.178236604481936,0.25,1,"LOW LOW HIGH",NA
61,6,95.2326626341004,61,1,1.50064665146653,"M",0.10265692465473,0.25,1,"LOW LOW HIGH",NA
61,7,102.228857360431,61,1,1.49959531354266,"FISHED",0.10265692465473,0.25,1,"LOW LOW HIGH",NA
61,8,141.384230492985,63,3,3.49930637582317,"FISHED",0.191853666817769,0.25,1,"LOW LOW HIGH",NA
61,9,104.680038287335,61,1,1.50008986222988,"M",0.10265692465473,0.25,1,"LOW LOW HIGH",NA
61,10,102.233434514383,61,1,1.49963282287962,"FISHED",0.10265692465473,0.25,1,"LOW LOW HIGH",NA
61,11,126.314225428239,62,2,2.4995334522844,"M",0.123376098042354,0.25,1,"LOW LOW HIGH",NA
62,1,100.388888868553,62,1,1.49999931616477,"FISHED",0.123376098042354,0.25,1,"LOW LOW HIGH",NA
62,2,149.392332956173,65,4,4.50079184514155,"M",0.179227050882764,0.25,1,"LOW LOW HIGH",NA
62,3,102.020427896312,62,1,1.5003335059089,"M",0.123376098042354,0.25,1,"LOW LOW HIGH",NA
62,4,96.6281209060626,62,1,1.50125078136897,"FISHED",0.123376098042354,0.25,1,"LOW LOW HIGH",NA
62,5,181.807698919472,68,7,7.50092919682665,"M",0.178236604481936,0.25,1,"LOW LOW HIGH",NA
62,6,111.169245536561,63,2,2.49869940586166,"M",0.191853666817769,0.25,1,"LOW LOW HIGH",NA
62,7,153.535628301533,65,4,4.499942742929,"M",0.179227050882764,0.25,1,"LOW LOW HIGH",NA
62,8,61.4920563187552,61,0,0.499075819523487,"M",0.10265692465473,0.25,1,"LOW LOW HIGH",NA
62,9,62.5936270378865,61,0,0.500680839697187,"M",0.10265692465473,0.25,1,"LOW LOW HIGH",NA
62,10,101.403247371164,62,1,1.49979036712471,"M",0.123376098042354,0.25,1,"LOW LOW HIGH",NA
62,11,63.4302186731377,61,0,0.499952845610089,"M",0.10265692465473,0.25,1,"LOW LOW HIGH",NA
63,1,183.325339917795,68,6,6.49867275305088,"FISHED",0.178236604481936,0.25,1,"LOW LOW HIGH",NA
63,2,59.6967917950953,62,0,0.499605354309014,"M",0.123376098042354,0.25,1,"LOW LOW HIGH",NA
63,3,135.226058710156,64,2,2.50081397193378,"M",0.117989213485271,0.25,1,"LOW LOW HIGH",NA
63,4,63.297702663325,62,0,0.501107201031509,"M",0.123376098042354,0.25,1,"LOW LOW HIGH",NA
63,5,126.990144557258,64,2,2.50141868191051,"M",0.117989213485271,0.25,1,"LOW LOW HIGH",NA
63,6,102.627809203151,63,1,1.49908056301932,"FISHED",0.191853666817769,0.25,1,"LOW LOW HIGH",NA
63,7,66.9645888151127,62,0,0.5006931405957,"M",0.123376098042354,0.25,1,"LOW LOW HIGH",NA
63,8,62.3955703179576,62,0,0.498714005055309,"M",0.123376098042354,0.25,1,"LOW LOW HIGH",NA
63,9,188.582246926118,68,6,6.50056498294699,"FISHED",0.178236604481936,0.25,1,"LOW LOW HIGH",NA
63,10,125.744132830742,64,2,2.49902190086055,"M",0.117989213485271,0.25,1,"LOW LOW HIGH",NA
63,11,93.0874134985709,63,1,1.50086862717768,"M",0.191853666817769,0.25,1,"LOW LOW HIGH",NA
64,1,150.623871491181,67,4,4.50049615630154,"M",0.104714685631916,0.25,1,"LOW LOW HIGH",NA
64,2,62.3745418433813,63,0,0.500917281374393,"FISHED",0.191853666817769,0.25,1,"LOW LOW HIGH",NA
64,3,60.5245271374459,63,0,0.499246760889535,"FISHED",0.191853666817769,0.25,1,"LOW LOW HIGH",NA
64,4,185.027813975043,68,5,5.5006895786131,"M",0.178236604481936,0.25,1,"LOW LOW HIGH",NA
64,5,63.9132331916303,63,0,0.501744393371093,"M",0.191853666817769,0.25,1,"LOW LOW HIGH",NA
64,6,61.84230236431,63,0,0.500140771073723,"M",0.191853666817769,0.25,1,"LOW LOW HIGH",NA
64,7,62.474841480578,63,0,0.500297127914111,"M",0.191853666817769,0.25,1,"LOW LOW HIGH",NA
64,8,172.883816281095,69,6,6.49909016851014,"M",0.11968434555456,0.25,1,"LOW LOW HIGH",NA
64,9,130.64452319479,65,2,2.49924020605022,"FISHED",0.179227050882764,0.25,1,"LOW LOW HIGH",NA
64,10,61.0449812162122,63,0,0.500619156101861,"M",0.191853666817769,0.25,1,"LOW LOW HIGH",NA
64,11,62.3260599409403,63,0,0.500110546126113,"FISHED",0.191853666817769,0.25,1,"LOW LOW HIGH",NA
64,12,138.039887586397,66,3,3.49970547998847,"M",0.178106941794977,0.25,1,"LOW LOW HIGH",NA
64,13,122.704096988865,65,2,2.50141503244195,"M",0.179227050882764,0.25,1,"LOW LOW HIGH",NA
64,14,62.1761741174216,63,0,0.500396495386185,"M",0.191853666817769,0.25,1,"LOW LOW HIGH",NA
65,1,102.341706084755,65,1,1.50018383371603,"M",0.179227050882764,0.25,1,"LOW LOW HIGH",NA
65,2,148.78207497668,67,3,3.50058718191503,"M",0.104714685631916,0.25,1,"LOW LOW HIGH",NA
65,3,185.955704566107,70,6,6.49848123732926,"M",0.127215449232608,0.25,1,"LOW LOW HIGH",NA
65,4,132.163305972058,66,2,2.49915429588393,"FISHED",0.178106941794977,0.25,1,"LOW LOW HIGH",NA
65,5,96.2390927694302,65,1,1.5011551874488,"M",0.179227050882764,0.25,1,"LOW LOW HIGH",NA
65,6,175.928773866518,68,4,4.50163537206315,"FISHED",0.178236604481936,0.25,1,"LOW LOW HIGH",NA
65,7,184.389654553027,71,7,7.50008765246903,"FISHED",0.106534930109046,0.25,1,"LOW LOW HIGH",NA
65,8,95.23125356679,65,1,1.5004548691341,"M",0.179227050882764,0.25,1,"LOW LOW HIGH",NA
65,9,149.698967828573,67,3,3.50049262360542,"M",0.104714685631916,0.25,1,"LOW LOW HIGH",NA
65,10,94.3638563525069,65,1,1.49978515580533,"M",0.179227050882764,0.25,1,"LOW LOW HIGH",NA
66,1,62.875500408691,65,0,0.500530968294888,"FISHED",0.179227050882764,0.25,1,"LOW LOW HIGH",NA
66,2,148.46727910853,68,3,3.50030566511204,"M",0.178236604481936,0.25,1,"LOW LOW HIGH",NA
66,3,124.864088609823,67,2,2.49901037327713,"M",0.104714685631916,0.25,1,"LOW LOW HIGH",NA
66,4,184.982296704247,72,7,7.50005132194395,"M",0.109762482577935,0.25,1,"LOW LOW HIGH",NA
66,5,128.813349877163,67,2,2.50045103482214,"M",0.104714685631916,0.25,1,"LOW LOW HIGH",NA
66,6,95.7719341782904,66,1,1.50153927057605,"M",0.178106941794977,0.25,1,"LOW LOW HIGH",NA
66,7,135.375126136239,67,2,2.50089897487093,"M",0.104714685631916,0.25,1,"LOW LOW HIGH",NA
66,8,96.3082523584072,66,1,1.50060589741042,"M",0.178106941794977,0.25,1,"LOW LOW HIGH",NA
66,9,145.647203503374,68,3,3.49971690399963,"FISHED",0.178236604481936,0.25,1,"LOW LOW HIGH",NA
66,10,65.0964259330955,65,0,0.499129238393929,"M",0.179227050882764,0.25,1,"LOW LOW HIGH",NA
66,11,61.0270248751438,65,0,0.501349487351008,"FISHED",0.179227050882764,0.25,1,"LOW LOW HIGH",NA
66,12,210.871675804198,71,6,6.50007468030582,"M",0.106534930109046,0.25,1,"LOW LOW HIGH",NA
67,1,61.4078263264174,66,0,0.498772272343935,"FISHED",0.178106941794977,0.25,1,"LOW LOW HIGH",NA
67,2,63.072371763976,66,0,0.500005146559262,"M",0.178106941794977,0.25,1,"LOW LOW HIGH",NA
67,3,97.5610506919927,67,1,1.50085387218671,"FISHED",0.104714685631916,0.25,1,"LOW LOW HIGH",NA
67,4,60.773577667197,66,0,0.498665504837552,"FISHED",0.178106941794977,0.25,1,"LOW LOW HIGH",NA
67,5,96.8041542689599,67,1,1.49959263448202,"M",0.104714685631916,0.25,1,"LOW LOW HIGH",NA
67,6,99.3934816695452,67,1,1.49939129332453,"FISHED",0.104714685631916,0.25,1,"LOW LOW HIGH",NA
67,7,61.4521632766246,66,0,0.499268529463726,"M",0.178106941794977,0.25,1,"LOW LOW HIGH",NA
67,8,152.837916273464,69,3,3.49999312441917,"FISHED",0.11968434555456,0.25,1,"LOW LOW HIGH",NA
67,9,98.6486860072891,67,1,1.49879271882793,"M",0.104714685631916,0.25,1,"LOW LOW HIGH",NA
67,10,102.725802668637,67,1,1.50065972169511,"M",0.104714685631916,0.25,1,"LOW LOW HIGH",NA
67,11,99.7001335551067,67,1,1.49896539310024,"M",0.104714685631916,0.25,1,"LOW LOW HIGH",NA
67,12,187.368919751797,73,7,7.50165978678422,"M",0.109179928875528,0.25,1,"LOW LOW HIGH",NA
67,13,105.201184570463,67,1,1.4994854897671,"M",0.104714685631916,0.25,1,"LOW LOW HIGH",NA
68,1,92.840993336347,68,1,1.49956704200316,"FISHED",0.178236604481936,0.25,1,"LOW LOW HIGH",NA
68,2,135.504335198845,69,2,2.50106434211617,"M",0.11968434555456,0.25,1,"LOW LOW HIGH",NA
68,3,131.358232283272,69,2,2.50111962172362,"M",0.11968434555456,0.25,1,"LOW LOW HIGH",NA
68,4,163.306450782606,71,4,4.50079480710377,"M",0.106534930109046,0.25,1,"LOW LOW HIGH",NA
68,5,121.70807444731,69,2,2.50054803872317,"FISHED",0.11968434555456,0.25,1,"LOW LOW HIGH",NA
68,6,63.0976030194481,67,0,0.500476768836304,"FISHED",0.104714685631916,0.25,1,"LOW LOW HIGH",NA
68,7,161.296932770306,71,4,4.49850774553216,"M",0.106534930109046,0.25,1,"LOW LOW HIGH",NA
68,8,92.7155212392124,68,1,1.50001620602071,"M",0.178236604481936,0.25,1,"LOW LOW HIGH",NA
68,9,61.0666290041322,67,0,0.499398156800454,"M",0.104714685631916,0.25,1,"LOW LOW HIGH",NA
68,10,61.6867222152114,67,0,0.499993058192271,"M",0.104714685631916,0.25,1,"LOW LOW HIGH",NA
69,1,126.681681084574,70,2,2.50127875385398,"M",0.127215449232608,0.25,1,"LOW LOW HIGH",NA
69,2,168.401144960799,72,4,4.49931585806391,"FISHED",0.109762482577935,0.25,1,"LOW LOW HIGH",NA
69,3,122.393442539955,70,2,2.49980879084699,"M",0.127215449232608,0.25,1,"LOW LOW HIGH",NA
69,4,61.9689167897374,68,0,0.500599361544822,"FISHED",0.178236604481936,0.25,1,"LOW LOW HIGH",NA
69,5,186.48352153459,72,4,4.4999158371101,"M",0.109762482577935,0.25,1,"LOW LOW HIGH",NA
69,6,97.3577488217434,69,1,1.50186570209155,"M",0.11968434555456,0.25,1,"LOW LOW HIGH",NA
69,7,133.409463713919,70,2,2.50136773678257,"FISHED",0.127215449232608,0.25,1,"LOW LOW HIGH",NA
69,8,62.2501261249917,68,0,0.500119193025021,"M",0.178236604481936,0.25,1,"LOW LOW HIGH",NA
69,9,122.228279678663,70,2,2.50025865437978,"FISHED",0.127215449232608,0.25,1,"LOW LOW HIGH",NA
69,10,64.3882860791676,68,0,0.500085579373045,"FISHED",0.178236604481936,0.25,1,"LOW LOW HIGH",NA
69,11,124.65636892477,70,2,2.49911370138097,"M",0.127215449232608,0.25,1,"LOW LOW HIGH",NA
69,12,173.983012604138,74,6,6.50099631684735,"M",0.122007647901773,0.25,1,"LOW LOW HIGH",NA
70,1,63.5612777129586,69,0,0.499155860947829,"M",0.11968434555456,0.25,1,"LOW LOW HIGH",NA
70,2,96.2746635015928,70,1,1.50237100171588,"M",0.127215449232608,0.25,1,"LOW LOW HIGH",NA
70,3,96.0989108790555,70,1,1.50140479418968,"FISHED",0.127215449232608,0.25,1,"LOW LOW HIGH",NA
70,4,135.299774404782,72,3,3.50018215876701,"M",0.109762482577935,0.25,1,"LOW LOW HIGH",NA
70,5,126.317835294693,71,2,2.49942893740256,"M",0.106534930109046,0.25,1,"LOW LOW HIGH",NA
70,6,138.339565994162,72,3,3.49962131341891,"FISHED",0.109762482577935,0.25,1,"LOW LOW HIGH",NA
70,7,60.3731268050555,69,0,0.500813034163634,"M",0.11968434555456,0.25,1,"LOW LOW HIGH",NA
70,8,120.452290933622,71,2,2.49916013591669,"M",0.106534930109046,0.25,1,"LOW LOW HIGH",NA
70,9,99.3365686825985,70,1,1.50027599953977,"M",0.127215449232608,0.25,1,"LOW LOW HIGH",NA
70,10,124.57468553213,71,2,2.5021707785828,"M",0.106534930109046,0.25,1,"LOW LOW HIGH",NA
71,1,62.530975857285,70,0,0.499413685263458,"FISHED",0.127215449232608,0.25,1,"LOW LOW HIGH",NA
71,2,63.5656091253752,70,0,0.49978393744062,"M",0.127215449232608,0.25,1,"LOW LOW HIGH",NA
71,3,138.369779242332,74,4,4.49807439603566,"M",0.122007647901773,0.25,1,"LOW LOW HIGH",NA
71,4,61.9230894289979,70,0,0.501749048953338,"M",0.127215449232608,0.25,1,"LOW LOW HIGH",NA
71,5,210.287360077175,77,7,7.49900568206617,"FISHED",0.15745512470603,0.25,1,"LOW LOW HIGH",NA
71,6,104.74473961089,71,1,1.4991329398341,"M",0.106534930109046,0.25,1,"LOW LOW HIGH",NA
71,7,151.26614018787,73,3,3.49805633127866,"M",0.109179928875528,0.25,1,"LOW LOW HIGH",NA
71,8,61.4775332342795,70,0,0.50063387419499,"M",0.127215449232608,0.25,1,"LOW LOW HIGH",NA
71,9,127.128884152994,72,2,2.49872093871093,"M",0.109762482577935,0.25,1,"LOW LOW HIGH",NA
71,10,177.982083115291,77,7,7.50033383200246,"M",0.15745512470603,0.25,1,"LOW LOW HIGH",NA
71,11,129.524300186906,72,2,2.50057176869272,"M",0.109762482577935,0.25,1,"LOW LOW HIGH",NA
71,12,95.8309361936042,71,1,1.49981372625869,"FISHED",0.106534930109046,0.25,1,"LOW LOW HIGH",NA
71,13,92.6449998454242,71,1,1.49921224413862,"M",0.106534930109046,0.25,1,"LOW LOW HIGH",NA
72,1,134.00109346008,73,2,2.49930241561665,"M",0.109179928875528,0.25,1,"LOW LOW HIGH",NA
72,2,60.0283281623606,71,0,0.50038450643032,"FISHED",0.106534930109046,0.25,1,"LOW LOW HIGH",NA
72,3,118.609589429054,73,2,2.49835330473634,"M",0.109179928875528,0.25,1,"LOW LOW HIGH",NA
72,4,101.694858319378,72,1,1.49938254119728,"M",0.109762482577935,0.25,1,"LOW LOW HIGH",NA
72,5,209.955596046176,77,6,6.4999449022028,"FISHED",0.15745512470603,0.25,1,"LOW LOW HIGH",NA
72,6,64.8317691666758,71,0,0.499458710655162,"M",0.106534930109046,0.25,1,"LOW LOW HIGH",NA
72,7,146.591723308034,75,4,4.49772469568278,"FISHED",0.153477148315869,0.25,1,"LOW LOW HIGH",NA
72,8,62.1987269063956,71,0,0.49869128387529,"M",0.106534930109046,0.25,1,"LOW LOW HIGH",NA
72,9,61.5919441874819,71,0,0.500089195183363,"M",0.106534930109046,0.25,1,"LOW LOW HIGH",NA
72,10,201.684772725975,76,5,5.50089049310701,"M",0.136744612222537,0.25,1,"LOW LOW HIGH",NA
72,11,172.188698988415,75,4,4.50016045311312,"M",0.153477148315869,0.25,1,"LOW LOW HIGH",NA
72,12,64.0581294314353,71,0,0.501614572151,"M",0.106534930109046,0.25,1,"LOW LOW HIGH",NA
73,1,61.650480758468,72,0,0.499911578503802,"M",0.109762482577935,0.25,1,"LOW LOW HIGH",NA
73,2,61.6516836275843,72,0,0.499173595330833,"M",0.109762482577935,0.25,1,"LOW LOW HIGH",NA
73,3,65.3963798608398,72,0,0.501369439800068,"M",0.109762482577935,0.25,1,"LOW LOW HIGH",NA
73,4,130.63296410853,74,2,2.49938656017731,"FISHED",0.122007647901773,0.25,1,"LOW LOW HIGH",NA
73,5,141.10275995385,75,3,3.50147657915234,"FISHED",0.153477148315869,0.25,1,"LOW LOW HIGH",NA
73,6,165.723688094124,77,5,5.5013791225151,"FISHED",0.15745512470603,0.25,1,"LOW LOW HIGH",NA
73,7,62.3825181874752,72,0,0.499036071650525,"M",0.109762482577935,0.25,1,"LOW LOW HIGH",NA
73,8,62.4273554396659,72,0,0.499846064949988,"M",0.109762482577935,0.25,1,"LOW LOW HIGH",NA
73,9,61.3225340380968,72,0,0.501932153511463,"M",0.109762482577935,0.25,1,"LOW LOW HIGH",NA
73,10,200.018856289919,80,8,8.50003450616218,"M",0.126162614556961,0.25,1,"LOW LOW HIGH",NA
73,11,62.4117674261875,72,0,0.499692620235305,"M",0.109762482577935,0.25,1,"LOW LOW HIGH",NA
73,12,103.558161586297,73,1,1.50051791639347,"M",0.109179928875528,0.25,1,"LOW LOW HIGH",NA
73,13,201.713033411917,79,7,7.49900318446574,"M",0.116173185501248,0.25,1,"LOW LOW HIGH",NA
74,1,96.2999865751602,74,1,1.50100060580679,"FISHED",0.122007647901773,0.25,1,"LOW LOW HIGH",NA
74,2,99.9092436965846,74,1,1.50060593160388,"M",0.122007647901773,0.25,1,"LOW LOW HIGH",NA
74,3,98.0258476906436,74,1,1.50058384218983,"M",0.122007647901773,0.25,1,"LOW LOW HIGH",NA
74,4,152.201858178723,76,3,3.50046179056143,"M",0.136744612222537,0.25,1,"LOW LOW HIGH",NA
74,5,94.5103277523845,74,1,1.49968463664124,"FISHED",0.122007647901773,0.25,1,"LOW LOW HIGH",NA
74,6,154.201849629897,77,4,4.49883673539906,"M",0.15745512470603,0.25,1,"LOW LOW HIGH",NA
74,7,165.88996987923,77,4,4.5003489323836,"FISHED",0.15745512470603,0.25,1,"LOW LOW HIGH",NA
74,8,197.149012132481,79,6,6.50049137442298,"M",0.116173185501248,0.25,1,"LOW LOW HIGH",NA
74,9,92.9987540903047,74,1,1.49804314113403,"M",0.122007647901773,0.25,1,"LOW LOW HIGH",NA
74,10,118.762128086934,75,2,2.50041950433335,"FISHED",0.153477148315869,0.25,1,"LOW LOW HIGH",NA
75,1,125.994580503353,76,2,2.50024437759419,"M",0.136744612222537,0.25,1,"LOW LOW HIGH",NA
75,2,93.9573725333917,75,1,1.50096568874593,"M",0.153477148315869,0.25,1,"LOW LOW HIGH",NA
75,3,97.5648010035657,75,1,1.50098146242226,"M",0.153477148315869,0.25,1,"LOW LOW HIGH",NA
75,4,63.2818953590908,74,0,0.50093731976448,"M",0.122007647901773,0.25,1,"LOW LOW HIGH",NA
75,5,61.4501000111428,74,0,0.50139833455206,"FISHED",0.122007647901773,0.25,1,"LOW LOW HIGH",NA
75,6,101.522365094223,75,1,1.50090378750286,"FISHED",0.153477148315869,0.25,1,"LOW LOW HIGH",NA
75,7,63.9768743402827,74,0,0.500186872049635,"FISHED",0.122007647901773,0.25,1,"LOW LOW HIGH",NA
75,8,186.015655588386,87,13,13.4989613157868,"M",0.360709003382362,0.25,1,"LOW LOW HIGH",NA
75,9,64.0828530071067,74,0,0.501602858690459,"M",0.122007647901773,0.25,1,"LOW LOW HIGH",NA
75,10,62.6119842013367,74,0,0.499626415988323,"M",0.122007647901773,0.25,1,"LOW LOW HIGH",NA
75,11,217.228768785013,83,9,9.50069855780014,"FISHED",0.120744191529229,0.25,1,"LOW LOW HIGH",NA
75,12,98.9596473051407,75,1,1.5025222828881,"M",0.153477148315869,0.25,1,"LOW LOW HIGH",NA
76,1,161.473399279529,79,4,4.50112852310556,"M",0.116173185501248,0.25,1,"LOW LOW HIGH",NA
76,2,61.4203207097216,75,0,0.500500874165311,"M",0.153477148315869,0.25,1,"LOW LOW HIGH",NA
76,3,60.3694030977295,75,0,0.499245926591793,"M",0.153477148315869,0.25,1,"LOW LOW HIGH",NA
76,4,125.370698410328,77,2,2.50055616725686,"FISHED",0.15745512470603,0.25,1,"LOW LOW HIGH",NA
76,5,130.883167603089,77,2,2.50168424740863,"M",0.15745512470603,0.25,1,"LOW LOW HIGH",NA
76,6,63.5975896739218,75,0,0.499753521315594,"M",0.153477148315869,0.25,1,"LOW LOW HIGH",NA
76,7,157.5926356184,78,3,3.49912938082464,"M",0.151268993108533,0.25,1,"LOW LOW HIGH",NA
76,8,186.618994879856,80,5,5.49982116458396,"M",0.126162614556961,0.25,1,"LOW LOW HIGH",NA
76,9,162.077418988761,78,3,3.49968851369377,"FISHED",0.151268993108533,0.25,1,"LOW LOW HIGH",NA
76,10,131.580855368195,77,2,2.4995839639498,"FISHED",0.15745512470603,0.25,1,"LOW LOW HIGH",NA
76,11,138.175185490017,78,3,3.49958742396478,"FISHED",0.151268993108533,0.25,1,"LOW LOW HIGH",NA
77,1,134.10560232688,78,2,2.50000475407994,"M",0.151268993108533,0.25,1,"LOW LOW HIGH",NA
77,2,63.4954568908933,76,0,0.499161471998813,"M",0.136744612222537,0.25,1,"LOW LOW HIGH",NA
77,3,105.833936355405,77,1,1.49936998767095,"M",0.15745512470603,0.25,1,"LOW LOW HIGH",NA
77,4,64.1861176730729,76,0,0.501015061824505,"M",0.136744612222537,0.25,1,"LOW LOW HIGH",NA
77,5,166.755030549573,81,5,5.49848178317924,"FISHED",0.107329567964189,0.25,1,"LOW LOW HIGH",NA
77,6,171.235085257261,80,4,4.50030681791781,"M",0.126162614556961,0.25,1,"LOW LOW HIGH",NA
77,7,148.126680012816,79,3,3.50042429886833,"M",0.116173185501248,0.25,1,"LOW LOW HIGH",NA
77,8,65.358211814888,76,0,0.500739080022591,"M",0.136744612222537,0.25,1,"LOW LOW HIGH",NA
77,9,98.4278973602235,77,1,1.50002858121003,"FISHED",0.15745512470603,0.25,1,"LOW LOW HIGH",NA
77,10,100.279179843848,77,1,1.49966751733097,"M",0.15745512470603,0.25,1,"LOW LOW HIGH",NA
77,11,64.8672574387189,76,0,0.500045988241537,"M",0.136744612222537,0.25,1,"LOW LOW HIGH",NA
77,12,243.649931156609,84,8,8.49999871180867,"M",0.322573377727531,0.25,1,"LOW LOW HIGH",NA
78,1,237.993157061577,86,9,9.49847242537099,"FISHED",0.309233797108754,0.25,1,"LOW LOW HIGH",NA
78,2,61.5134630080036,77,0,0.500730080550544,"FISHED",0.15745512470603,0.25,1,"LOW LOW HIGH",NA
78,3,141.849076759378,80,3,3.50005345304899,"M",0.126162614556961,0.25,1,"LOW LOW HIGH",NA
78,4,193.27546311637,84,7,7.49999527381763,"M",0.322573377727531,0.25,1,"LOW LOW HIGH",NA
78,5,191.733448549798,83,6,6.50172475659024,"FISHED",0.120744191529229,0.25,1,"LOW LOW HIGH",NA
78,6,158.72117686262,81,4,4.50004837122506,"M",0.107329567964189,0.25,1,"LOW LOW HIGH",NA
78,7,94.6592928411939,78,1,1.50160271312044,"M",0.151268993108533,0.25,1,"LOW LOW HIGH",NA
78,8,184.030713976313,82,5,5.49933938336582,"M",0.115902837598696,0.25,1,"LOW LOW HIGH",NA
78,9,63.2633749755881,77,0,0.499235538677341,"M",0.15745512470603,0.25,1,"LOW LOW HIGH",NA
78,10,64.6567966218484,77,0,0.501152719103146,"FISHED",0.15745512470603,0.25,1,"LOW LOW HIGH",NA
78,11,196.208234475087,85,8,8.49929632365162,"FISHED",0.30525147637818,0.25,1,"LOW LOW HIGH",NA
79,1,142.026999403894,81,3,3.49845664124898,"M",0.107329567964189,0.25,1,"LOW LOW HIGH",NA
79,2,187.301157368088,85,7,7.50009708180148,"FISHED",0.30525147637818,0.25,1,"LOW LOW HIGH",NA
79,3,62.3840769063311,78,0,0.501692986046526,"FISHED",0.151268993108533,0.25,1,"LOW LOW HIGH",NA
79,4,219.351791811265,90,12,12.4995297571078,"FISHED",0.390918285329826,0.25,1,"LOW LOW HIGH",NA
79,5,122.079294915441,80,2,2.49971645003453,"M",0.126162614556961,0.25,1,"LOW LOW HIGH",NA
79,6,96.6477148885404,79,1,1.49988972756892,"FISHED",0.116173185501248,0.25,1,"LOW LOW HIGH",NA
79,7,95.2559016721028,79,1,1.50026423022255,"M",0.116173185501248,0.25,1,"LOW LOW HIGH",NA
79,8,63.3591004185737,78,0,0.499302764643596,"M",0.151268993108533,0.25,1,"LOW LOW HIGH",NA
79,9,159.204293343709,82,4,4.5004688622405,"FISHED",0.115902837598696,0.25,1,"LOW LOW HIGH",NA
79,10,181.595009638005,83,5,5.50058270309799,"FISHED",0.120744191529229,0.25,1,"LOW LOW HIGH",NA
79,11,120.803367726177,80,2,2.49956761789516,"FISHED",0.126162614556961,0.25,1,"LOW LOW HIGH",NA
79,12,176.4709504829,84,6,6.50014853577125,"M",0.322573377727531,0.25,1,"LOW LOW HIGH",NA
79,13,127.702250242903,80,2,2.50012529035606,"M",0.126162614556961,0.25,1,"LOW LOW HIGH",NA
80,1,128.223957504007,81,2,2.49934394732513,"FISHED",0.107329567964189,0.25,1,"LOW LOW HIGH",NA
80,2,137.138960608282,82,3,3.49966957110588,"FISHED",0.115902837598696,0.25,1,"LOW LOW HIGH",NA
80,3,104.797476937351,80,1,1.4981890598091,"M",0.126162614556961,0.25,1,"LOW LOW HIGH",NA
80,4,181.030252161626,85,6,6.4990536469298,"FISHED",0.30525147637818,0.25,1,"LOW LOW HIGH",NA
80,5,148.797554372307,82,3,3.50005577423561,"M",0.115902837598696,0.25,1,"LOW LOW HIGH",NA
80,6,96.7968256795985,80,1,1.50045884552082,"FISHED",0.126162614556961,0.25,1,"LOW LOW HIGH",NA
80,7,61.9111791954243,79,0,0.50059235356209,"M",0.116173185501248,0.25,1,"LOW LOW HIGH",NA
80,8,125.369792729996,81,2,2.49977753433643,"M",0.107329567964189,0.25,1,"LOW LOW HIGH",NA
80,9,128.318322301935,81,2,2.49976257505065,"M",0.107329567964189,0.25,1,"LOW LOW HIGH",NA
80,10,104.087051772433,80,1,1.49872773817971,"M",0.126162614556961,0.25,1,"LOW LOW HIGH",NA
80,11,162.199014681268,83,4,4.50004563696516,"M",0.120744191529229,0.25,1,"LOW LOW HIGH",NA
81,1,182.610242924169,85,5,5.49962903863322,"FISHED",0.30525147637818,0.25,1,"LOW LOW HIGH",NA
81,2,61.3687320788787,80,0,0.499712034268746,"M",0.126162614556961,0.25,1,"LOW LOW HIGH",NA
81,3,124.33388432722,82,2,2.49975826170861,"M",0.115902837598696,0.25,1,"LOW LOW HIGH",NA
81,4,149.628183444143,83,3,3.50011871887132,"M",0.120744191529229,0.25,1,"LOW LOW HIGH",NA
81,5,179.896348696709,87,7,7.500245316465,"FISHED",0.360709003382362,0.25,1,"LOW LOW HIGH",NA
81,6,185.278305939371,85,5,5.49821658965616,"M",0.30525147637818,0.25,1,"LOW LOW HIGH",NA
81,7,93.0021200866266,81,1,1.49904576507726,"M",0.107329567964189,0.25,1,"LOW LOW HIGH",NA
81,8,98.1333064302283,81,1,1.4999342542515,"M",0.107329567964189,0.25,1,"LOW LOW HIGH",NA
81,9,185.606322974164,86,6,6.49928773400715,"FISHED",0.309233797108754,0.25,1,"LOW LOW HIGH",NA
81,10,144.52787062394,83,3,3.49958969078452,"FISHED",0.120744191529229,0.25,1,"LOW LOW HIGH",NA
82,1,63.4090185631657,81,0,0.497953304891725,"M",0.107329567964189,0.25,1,"LOW LOW HIGH",NA
82,2,141.434858916219,83,2,2.50014622169931,"M",0.120744191529229,0.25,1,"LOW LOW HIGH",NA
82,3,187.08376986207,85,4,4.50105099893979,"M",0.30525147637818,0.25,1,"LOW LOW HIGH",NA
82,4,62.7122235743238,81,0,0.500502787987127,"FISHED",0.107329567964189,0.25,1,"LOW LOW HIGH",NA
82,5,63.5498836852694,81,0,0.498584470335813,"M",0.107329567964189,0.25,1,"LOW LOW HIGH",NA
82,6,161.784549622238,84,3,3.50026257220789,"M",0.322573377727531,0.25,1,"LOW LOW HIGH",NA
82,7,216.387146456906,87,6,6.49903169157793,"FISHED",0.360709003382362,0.25,1,"LOW LOW HIGH",NA
82,8,124.549409540351,83,2,2.5014720823034,"FISHED",0.120744191529229,0.25,1,"LOW LOW HIGH",NA
82,9,64.6885457586535,81,0,0.497689562360792,"M",0.107329567964189,0.25,1,"LOW LOW HIGH",NA
82,10,62.2387150563598,81,0,0.498516549416964,"M",0.107329567964189,0.25,1,"LOW LOW HIGH",NA
82,11,139.339110171376,84,3,3.49951327468678,"FISHED",0.322573377727531,0.25,1,"LOW LOW HIGH",NA
83,1,138.369867139201,85,3,3.49898710591886,"FISHED",0.30525147637818,0.25,1,"LOW LOW HIGH",NA
83,2,59.7794513778464,82,0,0.4990797525258,"M",0.115902837598696,0.25,1,"LOW LOW HIGH",NA
83,3,176.927188628462,87,5,5.50156555865743,"FISHED",0.360709003382362,0.25,1,"LOW LOW HIGH",NA
83,4,94.1404905677838,83,1,1.49959032679951,"M",0.120744191529229,0.25,1,"LOW LOW HIGH",NA
83,5,97.2426139356426,83,1,1.50076610134487,"FISHED",0.120744191529229,0.25,1,"LOW LOW HIGH",NA
83,6,136.48695546468,85,3,3.49947411571659,"FISHED",0.30525147637818,0.25,1,"LOW LOW HIGH",NA
83,7,144.147728534998,85,3,3.50008620104522,"M",0.30525147637818,0.25,1,"LOW LOW HIGH",NA
83,8,60.9359736106927,82,0,0.500738739620163,"FISHED",0.115902837598696,0.25,1,"LOW LOW HIGH",NA
83,9,143.974432389721,85,3,3.49785400164255,"M",0.30525147637818,0.25,1,"LOW LOW HIGH",NA
83,10,102.362477014873,83,1,1.50034866084244,"FISHED",0.120744191529229,0.25,1,"LOW LOW HIGH",NA
83,11,115.910325681449,84,2,2.50050965467493,"FISHED",0.322573377727531,0.25,1,"LOW LOW HIGH",NA
83,12,167.998802031105,86,4,4.49955783906576,"FISHED",0.309233797108754,0.25,1,"LOW LOW HIGH",NA
83,13,147.854043160166,85,3,3.4997211376636,"M",0.30525147637818,0.25,1,"LOW LOW HIGH",NA
84,1,97.2600251791161,84,1,1.49889145004677,"FISHED",0.322573377727531,0.25,1,"LOW LOW HIGH",NA
84,2,126.805208552367,85,2,2.49910015077061,"M",0.30525147637818,0.25,1,"LOW LOW HIGH",NA
84,3,126.494628135302,85,2,2.50004141544471,"FISHED",0.30525147637818,0.25,1,"LOW LOW HIGH",NA
84,4,117.090638014851,85,2,2.50203475119344,"M",0.30525147637818,0.25,1,"LOW LOW HIGH",NA
84,5,58.748785147002,83,0,0.499824736096253,"M",0.120744191529229,0.25,1,"LOW LOW HIGH",NA
84,6,108.607717953626,84,1,1.50059041922305,"M",0.322573377727531,0.25,1,"LOW LOW HIGH",NA
84,7,104.252008273858,84,1,1.49838494783012,"M",0.322573377727531,0.25,1,"LOW LOW HIGH",NA
84,8,156.700434046792,86,3,3.50149751984573,"FISHED",0.309233797108754,0.25,1,"LOW LOW HIGH",NA
84,9,131.178997334827,85,2,2.50057968919029,"FISHED",0.30525147637818,0.25,1,"LOW LOW HIGH",NA
84,10,136.263804214083,86,3,3.49865497783643,"M",0.309233797108754,0.25,1,"LOW LOW HIGH",NA
84,11,96.3335087375834,84,1,1.50062170526587,"FISHED",0.322573377727531,0.25,1,"LOW LOW HIGH",NA
84,12,101.789401314674,84,1,1.49979323375338,"M",0.322573377727531,0.25,1,"LOW LOW HIGH",NA
85,1,148.495464525607,87,3,3.50057038782772,"FISHED",0.360709003382362,0.25,1,"LOW LOW HIGH",NA
85,2,95.7495843431603,85,1,1.50143347348395,"FISHED",0.30525147637818,0.25,1,"LOW LOW HIGH",NA
85,3,65.2089544547931,84,0,0.498926200828874,"FISHED",0.322573377727531,0.25,1,"LOW LOW HIGH",NA
85,4,61.9367288460523,84,0,0.499636884930196,"FISHED",0.322573377727531,0.25,1,"LOW LOW HIGH",NA
85,5,174.959711538956,88,4,4.50032487469824,"M",0.374057281017304,0.25,1,"LOW LOW HIGH",NA
85,6,64.090893566755,84,0,0.500858891813507,"FISHED",0.322573377727531,0.25,1,"LOW LOW HIGH",NA
85,7,126.366447750928,86,2,2.50047655132677,"FISHED",0.309233797108754,0.25,1,"LOW LOW HIGH",NA
85,8,63.3713643652566,84,0,0.498894335248799,"FISHED",0.322573377727531,0.25,1,"LOW LOW HIGH",NA
85,9,123.780310581223,86,2,2.50124372808025,"M",0.309233797108754,0.25,1,"LOW LOW HIGH",NA
85,10,127.288927134575,86,2,2.50082322934379,"M",0.309233797108754,0.25,1,"LOW LOW HIGH",NA
85,11,143.847702834421,87,3,3.50095511795983,"M",0.360709003382362,0.25,1,"LOW LOW HIGH",NA
85,12,65.5443855936604,84,0,0.499106929075239,"FISHED",0.322573377727531,0.25,1,"LOW LOW HIGH",NA
86,1,210.033998638668,93,8,8.50079742174025,"FISHED",0.350129155558534,0.25,1,"LOW LOW HIGH",NA
86,2,60.6709650528669,85,0,0.501346645595549,"M",0.30525147637818,0.25,1,"LOW LOW HIGH",NA
86,3,63.0415431373913,85,0,0.499835209852066,"M",0.30525147637818,0.25,1,"LOW LOW HIGH",NA
86,4,100.278685355895,86,1,1.50181678866654,"M",0.309233797108754,0.25,1,"LOW LOW HIGH",NA
86,5,103.136135727575,86,1,1.49963139020467,"M",0.309233797108754,0.25,1,"LOW LOW HIGH",NA
86,6,98.3752998154917,86,1,1.49985546934309,"M",0.309233797108754,0.25,1,"LOW LOW HIGH",NA
86,7,115.98990979734,87,2,2.49956667440737,"FISHED",0.360709003382362,0.25,1,"LOW LOW HIGH",NA
86,8,62.0514439528386,85,0,0.499774109431542,"FISHED",0.30525147637818,0.25,1,"LOW LOW HIGH",NA
86,9,99.6660696299587,86,1,1.50088945383403,"M",0.309233797108754,0.25,1,"LOW LOW HIGH",NA
86,10,100.602473524495,86,1,1.4988813899284,"FISHED",0.309233797108754,0.25,1,"LOW LOW HIGH",NA
86,11,62.7673579319567,85,0,0.500064097715269,"FISHED",0.30525147637818,0.25,1,"LOW LOW HIGH",NA
87,1,190.777257706908,91,5,5.50191122403607,"M",0.351678387564607,0.25,1,"LOW LOW HIGH",NA
87,2,96.2472549597792,87,1,1.50007758412052,"M",0.360709003382362,0.25,1,"LOW LOW HIGH",NA
87,3,61.6023509730488,86,0,0.501708993757477,"FISHED",0.309233797108754,0.25,1,"LOW LOW HIGH",NA
87,4,62.7317132593129,86,0,0.499067232725691,"FISHED",0.309233797108754,0.25,1,"LOW LOW HIGH",NA
87,5,63.4969282695211,86,0,0.499387704312082,"M",0.309233797108754,0.25,1,"LOW LOW HIGH",NA
87,6,132.230514321077,88,2,2.50135697330001,"M",0.374057281017304,0.25,1,"LOW LOW HIGH",NA
87,7,62.5854496096981,86,0,0.499620848002905,"M",0.309233797108754,0.25,1,"LOW LOW HIGH",NA
87,8,98.2860759476675,87,1,1.50057966287298,"M",0.360709003382362,0.25,1,"LOW LOW HIGH",NA
87,9,99.2362335403035,87,1,1.50112382932109,"FISHED",0.360709003382362,0.25,1,"LOW LOW HIGH",NA
87,10,100.149635194959,87,1,1.50071952633785,"FISHED",0.360709003382362,0.25,1,"LOW LOW HIGH",NA
87,11,95.7477037945246,87,1,1.49942784139447,"FISHED",0.360709003382362,0.25,1,"LOW LOW HIGH",NA
87,12,106.359385004294,87,1,1.50021626451921,"FISHED",0.360709003382362,0.25,1,"LOW LOW HIGH",NA
87,13,59.2590977125981,86,0,0.499864180371831,"M",0.309233797108754,0.25,1,"LOW LOW HIGH",NA
87,14,101.512324718781,87,1,1.50099971727876,"FISHED",0.360709003382362,0.25,1,"LOW LOW HIGH",NA
87,15,101.891173404082,87,1,1.49811364824483,"M",0.360709003382362,0.25,1,"LOW LOW HIGH",NA
88,1,124.080443072631,89,2,2.50030878078396,"FISHED",0.329435091326013,0.25,1,"LOW LOW HIGH",NA
88,2,63.8758299607766,87,0,0.500336206651417,"M",0.360709003382362,0.25,1,"LOW LOW HIGH",NA
88,3,131.885333327833,89,2,2.50136012986566,"FISHED",0.329435091326013,0.25,1,"LOW LOW HIGH",NA
88,4,61.559481514219,87,0,0.499318961070916,"M",0.360709003382362,0.25,1,"LOW LOW HIGH",NA
88,5,62.7738839875162,87,0,0.499981130691698,"FISHED",0.360709003382362,0.25,1,"LOW LOW HIGH",NA
88,6,152.240976635115,90,3,3.49907480305278,"FISHED",0.390918285329826,0.25,1,"LOW LOW HIGH",NA
88,7,125.849229265235,89,2,2.50283678676665,"M",0.329435091326013,0.25,1,"LOW LOW HIGH",NA
88,8,138.211246756228,90,3,3.50050466173805,"M",0.390918285329826,0.25,1,"LOW LOW HIGH",NA
88,9,59.9984007082397,87,0,0.499528293745375,"FISHED",0.360709003382362,0.25,1,"LOW LOW HIGH",NA
88,10,102.045330491272,88,1,1.50158135634586,"M",0.374057281017304,0.25,1,"LOW LOW HIGH",NA
88,11,176.06262422585,97,10,10.500391191296,"M",0.355560995498672,0.25,1,"LOW LOW HIGH",NA
88,12,95.5074976002248,88,1,1.49890952266899,"FISHED",0.374057281017304,0.25,1,"LOW LOW HIGH",NA
88,13,62.5524152493691,87,0,0.500399893955694,"M",0.360709003382362,0.25,1,"LOW LOW HIGH",NA
89,1,131.787411498592,90,2,2.50116463506655,"FISHED",0.390918285329826,0.25,1,"LOW LOW HIGH",NA
89,2,97.6310031081682,89,1,1.49958039484943,"FISHED",0.329435091326013,0.25,1,"LOW LOW HIGH",NA
89,3,63.6788788254331,88,0,0.499255175793637,"FISHED",0.374057281017304,0.25,1,"LOW LOW HIGH",NA
89,4,63.0103555180372,88,0,0.498569166182931,"FISHED",0.374057281017304,0.25,1,"LOW LOW HIGH",NA
89,5,62.0019079903869,88,0,0.50181520664913,"FISHED",0.374057281017304,0.25,1,"LOW LOW HIGH",NA
89,6,145.75382081954,91,3,3.50045036140767,"FISHED",0.351678387564607,0.25,1,"LOW LOW HIGH",NA
89,7,99.6115598370784,89,1,1.50016334792221,"FISHED",0.329435091326013,0.25,1,"LOW LOW HIGH",NA
89,8,60.961931619315,88,0,0.50003779437203,"M",0.374057281017304,0.25,1,"LOW LOW HIGH",NA
89,9,61.5982599337329,88,0,0.501902346624607,"FISHED",0.374057281017304,0.25,1,"LOW LOW HIGH",NA
89,10,99.070807500516,89,1,1.50046279802785,"M",0.329435091326013,0.25,1,"LOW LOW HIGH",NA
89,11,63.7562714732235,88,0,0.501054601364979,"FISHED",0.374057281017304,0.25,1,"LOW LOW HIGH",NA
89,12,98.0053749867567,89,1,1.50231263648322,"FISHED",0.329435091326013,0.25,1,"LOW LOW HIGH",NA
89,13,118.695268965474,90,2,2.50129889717721,"FISHED",0.390918285329826,0.25,1,"LOW LOW HIGH",NA
90,1,92.1063341650603,90,1,1.49999882376126,"M",0.390918285329826,0.25,1,"LOW LOW HIGH",NA
90,2,99.0369820778235,90,1,1.50065082549289,"FISHED",0.390918285329826,0.25,1,"LOW LOW HIGH",NA
90,3,62.4398527346945,89,0,0.500045310153951,"M",0.329435091326013,0.25,1,"LOW LOW HIGH",NA
90,4,60.1250570812325,89,0,0.499355754656444,"FISHED",0.329435091326013,0.25,1,"LOW LOW HIGH",NA
90,5,60.6566337424842,89,0,0.498765915825957,"FISHED",0.329435091326013,0.25,1,"LOW LOW HIGH",NA
90,6,100.27955164939,90,1,1.50139125573738,"FISHED",0.390918285329826,0.25,1,"LOW LOW HIGH",NA
90,7,101.187253176686,90,1,1.50028035099358,"FISHED",0.390918285329826,0.25,1,"LOW LOW HIGH",NA
90,8,99.7688686002671,90,1,1.49992924203388,"FISHED",0.390918285329826,0.25,1,"LOW LOW HIGH",NA
90,9,60.8081612536747,89,0,0.500518548354601,"M",0.329435091326013,0.25,1,"LOW LOW HIGH",NA
90,10,120.959852536234,91,2,2.50120617196736,"M",0.351678387564607,0.25,1,"LOW LOW HIGH",NA
91,1,63.9728800573148,90,0,0.500832518222098,"FISHED",0.390918285329826,0.25,1,"LOW LOW HIGH",NA
91,2,113.017083516795,92,2,2.50068151109019,"M",0.366061587282456,0.25,1,"LOW LOW HIGH",NA
91,3,62.6747153913071,90,0,0.499746862984361,"M",0.390918285329826,0.25,1,"LOW LOW HIGH",NA
91,4,62.1216049481558,90,0,0.501052048793897,"FISHED",0.390918285329826,0.25,1,"LOW LOW HIGH",NA
91,5,99.5369741090516,91,1,1.49893435409905,"FISHED",0.351678387564607,0.25,1,"LOW LOW HIGH",NA
91,6,63.0149249736289,90,0,0.500661801117247,"FISHED",0.390918285329826,0.25,1,"LOW LOW HIGH",NA
91,7,149.593025629228,93,3,3.49975240645746,"M",0.350129155558534,0.25,1,"LOW LOW HIGH",NA
91,8,62.0553310640502,90,0,0.500157019073002,"FISHED",0.390918285329826,0.25,1,"LOW LOW HIGH",NA
91,9,61.7280921670199,90,0,0.499646370867754,"FISHED",0.390918285329826,0.25,1,"LOW LOW HIGH",NA
91,10,61.7972088455407,90,0,0.501070279871928,"M",0.390918285329826,0.25,1,"LOW LOW HIGH",NA
91,11,154.108923686649,94,4,4.49968314941915,"FISHED",0.361633937852457,0.25,1,"LOW LOW HIGH",NA
91,12,127.060366284498,92,2,2.50053123891643,"FISHED",0.366061587282456,0.25,1,"LOW LOW HIGH",NA
92,1,62.1484953256866,91,0,0.499299646546554,"M",0.351678387564607,0.25,1,"LOW LOW HIGH",NA
92,2,63.5400209296997,91,0,0.499228103545245,"FISHED",0.351678387564607,0.25,1,"LOW LOW HIGH",NA
92,3,63.3272661196337,91,0,0.497593497274339,"FISHED",0.351678387564607,0.25,1,"LOW LOW HIGH",NA
92,4,63.1470934218469,91,0,0.499408692520326,"FISHED",0.351678387564607,0.25,1,"LOW LOW HIGH",NA
92,5,100.943797782001,92,1,1.49880935171919,"FISHED",0.366061587282456,0.25,1,"LOW LOW HIGH",NA
92,6,61.8969700247292,91,0,0.499891620410519,"M",0.351678387564607,0.25,1,"LOW LOW HIGH",NA
92,7,63.4517366140094,91,0,0.497590164204638,"M",0.351678387564607,0.25,1,"LOW LOW HIGH",NA
92,8,61.5996922820511,91,0,0.500240904157721,"M",0.351678387564607,0.25,1,"LOW LOW HIGH",NA
92,9,59.8706247189677,91,0,0.499228502540891,"FISHED",0.351678387564607,0.25,1,"LOW LOW HIGH",NA
92,10,128.045015396856,93,2,2.49850272412564,"M",0.350129155558534,0.25,1,"LOW LOW HIGH",NA
92,11,94.1004619647307,92,1,1.49758814582896,"FISHED",0.366061587282456,0.25,1,"LOW LOW HIGH",NA
92,12,97.456854685139,92,1,1.50004844635715,"M",0.366061587282456,0.25,1,"LOW LOW HIGH",NA
93,1,64.9940560574134,92,0,0.499442763191023,"FISHED",0.366061587282456,0.25,1,"LOW LOW HIGH",NA
93,2,63.2963807056326,92,0,0.499348319780546,"FISHED",0.366061587282456,0.25,1,"LOW LOW HIGH",NA
93,3,92.1475478891578,93,1,1.49969880910681,"FISHED",0.350129155558534,0.25,1,"LOW LOW HIGH",NA
93,4,125.285067178229,94,2,2.49895258169473,"M",0.361633937852457,0.25,1,"LOW LOW HIGH",NA
93,5,96.9403323309082,93,1,1.50100968277394,"M",0.350129155558534,0.25,1,"LOW LOW HIGH",NA
93,6,61.9410891433152,92,0,0.500847078787105,"FISHED",0.366061587282456,0.25,1,"LOW LOW HIGH",NA
93,7,123.43805939643,94,2,2.50146323936326,"FISHED",0.361633937852457,0.25,1,"LOW LOW HIGH",NA
93,8,120.018259673178,94,2,2.49794034474179,"FISHED",0.361633937852457,0.25,1,"LOW LOW HIGH",NA
93,9,61.4623142448526,92,0,0.50161063828447,"FISHED",0.366061587282456,0.25,1,"LOW LOW HIGH",NA
93,10,61.5685532842101,92,0,0.499022551906114,"FISHED",0.366061587282456,0.25,1,"LOW LOW HIGH",NA
94,1,61.4456364825494,93,0,0.500812743922879,"M",0.350129155558534,0.25,1,"LOW LOW HIGH",NA
94,2,61.1891492985296,93,0,0.499203194991516,"FISHED",0.350129155558534,0.25,1,"LOW LOW HIGH",NA
94,3,61.5345569405911,93,0,0.499748308869681,"M",0.350129155558534,0.25,1,"LOW LOW HIGH",NA
94,4,60.5872030096746,93,0,0.50020690711366,"M",0.350129155558534,0.25,1,"LOW LOW HIGH",NA
94,5,101.329698494912,94,1,1.49902349548219,"M",0.361633937852457,0.25,1,"LOW LOW HIGH",NA
94,6,65.1466273141951,93,0,0.4987255170176,"FISHED",0.350129155558534,0.25,1,"LOW LOW HIGH",NA
94,7,93.274665751571,94,1,1.50190981600743,"FISHED",0.361633937852457,0.25,1,"LOW LOW HIGH",NA
94,8,97.8971478665854,94,1,1.49979797356518,"FISHED",0.361633937852457,0.25,1,"LOW LOW HIGH",NA
94,9,100.847240713916,94,1,1.49983420756316,"M",0.361633937852457,0.25,1,"LOW LOW HIGH",NA
94,10,64.8852695191945,93,0,0.498637042920135,"FISHED",0.350129155558534,0.25,1,"LOW LOW HIGH",NA
94,11,202.627122126281,100,7,7.49844110239794,"FISHED",0.331001252634451,0.25,1,"LOW LOW HIGH",NA
95,1,62.8562111945151,94,0,0.500967524411698,"M",0.361633937852457,0.25,1,"LOW LOW HIGH",NA
95,2,128.396294989472,96,2,2.50073388783524,"M",0.372073810757138,0.25,1,"LOW LOW HIGH",NA
95,3,62.1721946907661,94,0,0.500023679440387,"M",0.361633937852457,0.25,1,"LOW LOW HIGH",NA
95,4,60.1523472583327,94,0,0.498997900618611,"M",0.361633937852457,0.25,1,"LOW LOW HIGH",NA
95,5,150.489750907206,97,3,3.49959124764263,"FISHED",0.355560995498672,0.25,1,"LOW LOW HIGH",NA
95,6,91.428938702614,95,1,1.49891645073875,"FISHED",0.38498730470892,0.25,1,"LOW LOW HIGH",NA
95,7,96.1705360579018,95,1,1.50096189587449,"M",0.38498730470892,0.25,1,"LOW LOW HIGH",NA
95,8,62.9582579576348,94,0,0.500325193445945,"M",0.361633937852457,0.25,1,"LOW LOW HIGH",NA
95,9,96.8834375289921,95,1,1.50033658404518,"FISHED",0.38498730470892,0.25,1,"LOW LOW HIGH",NA
95,10,63.0714444225758,94,0,0.500733966246946,"FISHED",0.361633937852457,0.25,1,"LOW LOW HIGH",NA
95,11,63.5019677144868,94,0,0.499496326459693,"FISHED",0.361633937852457,0.25,1,"LOW LOW HIGH",NA
96,1,125.168272284137,97,2,2.50053448973508,"FISHED",0.355560995498672,0.25,1,"LOW LOW HIGH",NA
96,2,63.5225115105943,95,0,0.50090411862619,"M",0.38498730470892,0.25,1,"LOW LOW HIGH",NA
96,3,65.0923502935406,95,0,0.5014096477485,"FISHED",0.38498730470892,0.25,1,"LOW LOW HIGH",NA
96,4,61.948474963338,95,0,0.497618837706772,"M",0.38498730470892,0.25,1,"LOW LOW HIGH",NA
96,5,99.9372095857401,96,1,1.50062431912777,"FISHED",0.372073810757138,0.25,1,"LOW LOW HIGH",NA
96,6,62.1609764992632,95,0,0.501165999360263,"FISHED",0.38498730470892,0.25,1,"LOW LOW HIGH",NA
96,7,178.968274949221,99,4,4.49767266320009,"FISHED",0.345127809047699,0.25,1,"LOW LOW HIGH",NA
96,8,61.2393173669545,95,0,0.500638893001281,"M",0.38498730470892,0.25,1,"LOW LOW HIGH",NA
96,9,61.7583325558738,95,0,0.500245586212382,"M",0.38498730470892,0.25,1,"LOW LOW HIGH",NA
96,10,127.356810714926,97,2,2.50009843911114,"M",0.355560995498672,0.25,1,"LOW LOW HIGH",NA
97,1,93.070523402111,97,1,1.49882737864253,"FISHED",0.355560995498672,0.25,1,"LOW LOW HIGH",NA
97,2,62.0657633821439,96,0,0.499281258386072,"FISHED",0.372073810757138,0.25,1,"LOW LOW HIGH",NA
97,3,62.9061854260252,96,0,0.500434044541361,"FISHED",0.372073810757138,0.25,1,"LOW LOW HIGH",NA
97,4,134.390914830614,98,2,2.50036216474991,"M",0.353964853985235,0.25,1,"LOW LOW HIGH",NA
97,5,64.3718860552606,96,0,0.499364777583278,"M",0.372073810757138,0.25,1,"LOW LOW HIGH",NA
97,6,61.1567962045174,96,0,0.49923851214032,"M",0.372073810757138,0.25,1,"LOW LOW HIGH",NA
97,7,61.3153949664028,96,0,0.498904718160785,"FISHED",0.372073810757138,0.25,1,"LOW LOW HIGH",NA
98,1,137.102572361943,99,2,2.49981263252346,"M",0.345127809047699,0.25,1,"LOW LOW HIGH",NA
98,2,99.4929899954827,98,1,1.49978590199066,"M",0.353964853985235,0.25,1,"LOW LOW HIGH",NA
98,3,62.7305707632312,97,0,0.500658008718821,"M",0.355560995498672,0.25,1,"LOW LOW HIGH",NA
98,4,62.4131599481961,97,0,0.499946350380588,"FISHED",0.355560995498672,0.25,1,"LOW LOW HIGH",NA
98,5,61.8839530419364,97,0,0.498163770310164,"M",0.355560995498672,0.25,1,"LOW LOW HIGH",NA
98,6,60.8754271836372,97,0,0.500605530214424,"FISHED",0.355560995498672,0.25,1,"LOW LOW HIGH",NA
98,7,102.086484307693,98,1,1.5008950599991,"M",0.353964853985235,0.25,1,"LOW LOW HIGH",NA
98,8,98.298767389386,98,1,1.49904569125028,"M",0.353964853985235,0.25,1,"LOW LOW HIGH",NA
99,1,62.9060315616383,98,0,0.500369882269587,"M",0.353964853985235,0.25,1,"LOW LOW HIGH",NA
99,2,62.7816739408726,98,0,0.499645574030068,"M",0.353964853985235,0.25,1,"LOW LOW HIGH",NA
99,3,61.2057048087571,98,0,0.500075186967817,"M",0.353964853985235,0.25,1,"LOW LOW HIGH",NA
99,4,62.7124760894818,98,0,0.501548553340866,"FISHED",0.353964853985235,0.25,1,"LOW LOW HIGH",NA
99,5,101.199929315823,99,1,1.49885042668816,"M",0.345127809047699,0.25,1,"LOW LOW HIGH",NA
99,6,62.2272194110255,98,0,0.499411659137107,"FISHED",0.353964853985235,0.25,1,"LOW LOW HIGH",NA
99,7,63.4421026922849,98,0,0.498560611118435,"M",0.353964853985235,0.25,1,"LOW LOW HIGH",NA
99,8,137.419745848813,100,2,2.49962901634197,"FISHED",0.331001252634451,0.25,1,"LOW LOW HIGH",NA
99,9,63.5195716681828,98,0,0.497670408662113,"FISHED",0.353964853985235,0.25,1,"LOW LOW HIGH",NA
99,10,62.2188489127012,98,0,0.499578459475618,"FISHED",0.353964853985235,0.25,1,"LOW LOW HIGH",NA
99,11,62.0116486366447,98,0,0.497921365454765,"M",0.353964853985235,0.25,1,"LOW LOW HIGH",NA
100,1,63.2664125629339,99,0,0.500639445153646,"FISHED",0.345127809047699,0.25,1,"LOW LOW HIGH",NA
100,2,65.2491219493886,99,0,0.500651154401191,"M",0.345127809047699,0.25,1,"LOW LOW HIGH",NA
100,3,61.4411091644927,99,0,0.498858425389391,"M",0.345127809047699,0.25,1,"LOW LOW HIGH",NA
100,4,61.3950834632341,99,0,0.500230886266494,"M",0.345127809047699,0.25,1,"LOW LOW HIGH",NA
100,5,63.4816365892492,99,0,0.50006257741117,"FISHED",0.345127809047699,0.25,1,"LOW LOW HIGH",NA
100,6,61.0955957692442,99,0,0.501369065198714,"FISHED",0.345127809047699,0.25,1,"LOW LOW HIGH",NA
100,7,100.705618834282,100,1,1.50077731215072,"FISHED",0.331001252634451,0.25,1,"LOW LOW HIGH",NA
100,8,60.4181652690744,99,0,0.500320710096682,"FISHED",0.345127809047699,0.25,1,"LOW LOW HIGH",NA
100,9,102.740238826224,100,1,1.49854147029531,"M",0.331001252634451,0.25,1,"LOW LOW HIGH",NA
100,10,61.1292102886306,99,0,0.501745854190738,"FISHED",0.345127809047699,0.25,1,"LOW LOW HIGH",NA
