"cohort","ind","fish_size","Year","Age","AgeE","dtype","FMORT","M","Sel","FSIM","REG"
1,1,106.031436536309,1,1,1.49958672182641,"M",0,0.25,1,"MED MED LOW",NA
1,2,113.368946823331,2,2,2.50110813919682,"M",0,0.25,1,"MED MED LOW",NA
1,3,98.0206112656286,1,1,1.50010432702675,"M",0,0.25,1,"MED MED LOW",NA
1,4,200.297043928828,6,6,6.49954955713272,"M",0,0.25,1,"MED MED LOW",NA
1,5,62.8027422137039,0,0,0.500746702509049,"M",0,0.25,1,"MED MED LOW",NA
1,6,165.872143751831,5,5,5.49922116447391,"M",0,0.25,1,"MED MED LOW",NA
1,7,137.387275677699,3,3,3.50109723926698,"M",0,0.25,1,"MED MED LOW",NA
1,8,193.891609012025,5,5,5.49997802413054,"M",0,0.25,1,"MED MED LOW",NA
1,9,103.391915031981,1,1,1.49972961041401,"M",0,0.25,1,"MED MED LOW",NA
1,10,127.90442529054,3,3,3.49954927545668,"M",0,0.25,1,"MED MED LOW",NA
1,11,130.527027453087,2,2,2.50134989308266,"M",0,0.25,1,"MED MED LOW",NA
2,1,93.7340731682945,2,1,1.50090690619791,"M",0,0.25,1,"MED MED LOW",NA
2,2,63.1724843606953,1,0,0.49799910728884,"M",0,0.25,1,"MED MED LOW",NA
2,3,101.139342529481,2,1,1.5022654078693,"M",0,0.25,1,"MED MED LOW",NA
2,4,63.5927035713316,1,0,0.500156586650236,"M",0,0.25,1,"MED MED LOW",NA
2,5,173.481877834744,6,5,5.49980098235009,"M",0,0.25,1,"MED MED LOW",NA
2,6,62.6005216539002,1,0,0.498637030014515,"M",0,0.25,1,"MED MED LOW",NA
2,7,61.7060135160923,1,0,0.49914812504219,"M",0,0.25,1,"MED MED LOW",NA
2,8,201.957045464301,13,12,12.4998357380645,"M",0,0.25,1,"MED MED LOW",NA
2,9,156.458320472231,6,5,5.49742353023952,"M",0,0.25,1,"MED MED LOW",NA
2,10,137.38411342484,4,3,3.50049117382915,"M",0,0.25,1,"MED MED LOW",NA
2,11,127.728173191635,3,2,2.50000240898231,"M",0,0.25,1,"MED MED LOW",NA
2,12,182.956855729511,6,5,5.49984305826211,"M",0,0.25,1,"MED MED LOW",NA
2,13,227.233663210733,12,11,11.4989603354579,"M",0,0.25,1,"MED MED LOW",NA
3,1,230.707031651285,10,8,8.50086003580393,"M",0,0.25,1,"MED MED LOW",NA
3,2,169.872513410285,6,4,4.50006932149032,"M",0,0.25,1,"MED MED LOW",NA
3,3,122.560763237779,4,2,2.50019427492842,"M",0,0.25,1,"MED MED LOW",NA
3,4,98.9294232515745,3,1,1.49995396980267,"M",0,0.25,1,"MED MED LOW",NA
3,5,121.019199652755,4,2,2.50010160097333,"M",0,0.25,1,"MED MED LOW",NA
3,6,128.175835340088,4,2,2.50155273872576,"M",0,0.25,1,"MED MED LOW",NA
3,7,139.94728583277,5,3,3.50078590097383,"M",0,0.25,1,"MED MED LOW",NA
3,8,62.0946630867239,2,0,0.500480256696224,"M",0,0.25,1,"MED MED LOW",NA
3,9,153.999913731894,6,4,4.50006249268738,"M",0,0.25,1,"MED MED LOW",NA
3,10,129.071296024541,4,2,2.49876940681367,"M",0,0.25,1,"MED MED LOW",NA
3,11,101.615272235979,3,1,1.49791986254262,"M",0,0.25,1,"MED MED LOW",NA
3,12,188.741324090337,9,7,7.49872327877054,"M",0,0.25,1,"MED MED LOW",NA
4,1,61.5173146422153,3,0,0.500180666835632,"M",0,0.25,1,"MED MED LOW",NA
4,2,147.018272780458,7,4,4.49816503617824,"M",0,0.25,1,"MED MED LOW",NA
4,3,186.869112846631,8,5,5.4988217778643,"M",0,0.25,1,"MED MED LOW",NA
4,4,94.6734613982514,4,1,1.50065334482109,"M",0,0.25,1,"MED MED LOW",NA
4,5,140.601750354165,6,3,3.50035672262201,"M",0,0.25,1,"MED MED LOW",NA
4,6,185.605069568761,9,6,6.50179901677558,"M",0,0.25,1,"MED MED LOW",NA
4,7,61.4835821708284,3,0,0.499379293112868,"M",0,0.25,1,"MED MED LOW",NA
4,8,178.480018079582,9,6,6.50003545448639,"M",0,0.25,1,"MED MED LOW",NA
4,9,63.9152992809905,3,0,0.499235856218605,"M",0,0.25,1,"MED MED LOW",NA
4,10,134.623017804735,5,2,2.49861209255745,"M",0,0.25,1,"MED MED LOW",NA
4,11,162.544832948931,7,4,4.49907241400738,"M",0,0.25,1,"MED MED LOW",NA
4,12,127.728134157132,5,2,2.49954692006277,"M",0,0.25,1,"MED MED LOW",NA
5,1,174.782705385784,8,4,4.50221068190294,"M",0,0.25,1,"MED MED LOW",NA
5,2,148.754098572076,7,3,3.50056325292674,"M",0,0.25,1,"MED MED LOW",NA
5,3,99.4441800306522,5,1,1.50021701540703,"M",0,0.25,1,"MED MED LOW",NA
5,4,207.4439726753,15,11,11.4981520917701,"M",0,0.25,1,"MED MED LOW",NA
5,5,160.789394880215,9,5,5.50091241245225,"M",0,0.25,1,"MED MED LOW",NA
5,6,131.15661705087,6,2,2.49930995914831,"M",0,0.25,1,"MED MED LOW",NA
5,7,211.443684590809,14,10,10.4991770564626,"M",0,0.25,1,"MED MED LOW",NA
5,8,131.002937002204,6,2,2.50112344875501,"M",0,0.25,1,"MED MED LOW",NA
5,9,62.0945308974258,4,0,0.499829703065768,"M",0,0.25,1,"MED MED LOW",NA
5,10,101.608635732547,5,1,1.50002376217992,"M",0,0.25,1,"MED MED LOW",NA
5,11,104.350500888088,5,1,1.49957005191085,"M",0,0.25,1,"MED MED LOW",NA
5,12,104.65575731315,5,1,1.49887886540571,"M",0,0.25,1,"MED MED LOW",NA
6,1,103.870289306966,6,1,1.50064389356825,"M",0,0.25,1,"MED MED LOW",NA
6,2,60.755220880128,5,0,0.498688101868194,"M",0,0.25,1,"MED MED LOW",NA
6,3,157.356901655799,8,3,3.50047708405675,"M",0,0.25,1,"MED MED LOW",NA
6,4,93.9070795987676,6,1,1.49743841725369,"M",0,0.25,1,"MED MED LOW",NA
6,5,65.3181636182995,5,0,0.498583123934434,"M",0,0.25,1,"MED MED LOW",NA
6,6,181.048838372762,16,11,11.5003477681354,"M",0,0.25,1,"MED MED LOW",NA
6,7,62.9540567160506,5,0,0.499687995637285,"M",0,0.25,1,"MED MED LOW",NA
6,8,63.9824220611586,5,0,0.502175067164578,"M",0,0.25,1,"MED MED LOW",NA
6,9,183.122190615271,10,5,5.49831145446442,"M",0,0.25,1,"MED MED LOW",NA
6,10,62.8149541123684,5,0,0.499875020877725,"M",0,0.25,1,"MED MED LOW",NA
6,11,64.2114915675491,5,0,0.500327732975902,"M",0,0.25,1,"MED MED LOW",NA
6,12,103.114841631418,6,1,1.49953917105235,"M",0,0.25,1,"MED MED LOW",NA
7,1,186.578717808839,11,5,5.49888754931886,"M",0,0.25,1,"MED MED LOW",NA
7,2,168.658514483866,10,4,4.5028681701491,"M",0,0.25,1,"MED MED LOW",NA
7,3,62.9856057705285,6,0,0.498966924278144,"M",0,0.25,1,"MED MED LOW",NA
7,4,134.148358485225,8,2,2.5006362039463,"M",0,0.25,1,"MED MED LOW",NA
7,5,65.583044430632,6,0,0.500542552336022,"M",0,0.25,1,"MED MED LOW",NA
7,6,95.7236894392549,7,1,1.50165094641778,"M",0,0.25,1,"MED MED LOW",NA
7,7,158.350658434451,10,4,4.50207586242415,"M",0,0.25,1,"MED MED LOW",NA
7,8,94.0403504498564,7,1,1.50051814816826,"M",0,0.25,1,"MED MED LOW",NA
7,9,170.758176543894,11,5,5.49991179982096,"M",0,0.25,1,"MED MED LOW",NA
7,10,165.875162992854,11,5,5.50074994796211,"M",0,0.25,1,"MED MED LOW",NA
7,11,63.3614908333192,6,0,0.500148565767712,"M",0,0.25,1,"MED MED LOW",NA
7,12,203.050822007883,13,7,7.50118331947589,"M",0,0.25,1,"MED MED LOW",NA
7,13,60.6355840233531,6,0,0.498544404141003,"M",0,0.25,1,"MED MED LOW",NA
7,14,63.2829308197599,6,0,0.50166703252208,"M",0,0.25,1,"MED MED LOW",NA
8,1,129.686326917554,9,2,2.50029709432329,"M",0,0.25,1,"MED MED LOW",NA
8,2,188.431070271495,12,5,5.50024007256312,"M",0,0.25,1,"MED MED LOW",NA
8,3,63.9192753165584,7,0,0.500178473423318,"M",0,0.25,1,"MED MED LOW",NA
8,4,61.8620426074243,7,0,0.497810713791284,"M",0,0.25,1,"MED MED LOW",NA
8,5,126.473748599804,9,2,2.50091061669594,"M",0,0.25,1,"MED MED LOW",NA
8,6,159.730788782287,10,3,3.5002399052054,"M",0,0.25,1,"MED MED LOW",NA
8,7,64.2021558026997,7,0,0.499603863992019,"M",0,0.25,1,"MED MED LOW",NA
8,8,100.21246347016,8,1,1.49968270670726,"M",0,0.25,1,"MED MED LOW",NA
8,9,181.485405651914,11,4,4.49879049344631,"M",0,0.25,1,"MED MED LOW",NA
8,10,179.253959454381,12,5,5.50050433404267,"M",0,0.25,1,"MED MED LOW",NA
8,11,133.988723284557,9,2,2.49914776591645,"M",0,0.25,1,"MED MED LOW",NA
8,12,61.6305343759196,7,0,0.499861349100968,"M",0,0.25,1,"MED MED LOW",NA
9,1,93.0898065090243,9,1,1.50050470081469,"M",0,0.25,1,"MED MED LOW",NA
9,2,94.9895444778696,9,1,1.49988877382722,"M",0,0.25,1,"MED MED LOW",NA
9,3,93.4941270464991,9,1,1.50013351660545,"M",0,0.25,1,"MED MED LOW",NA
9,4,151.972616770761,12,4,4.50013558343729,"M",0,0.25,1,"MED MED LOW",NA
9,5,63.2271202583832,8,0,0.500016175444712,"M",0,0.25,1,"MED MED LOW",NA
9,6,95.6958713800576,9,1,1.50062569840084,"M",0,0.25,1,"MED MED LOW",NA
9,7,62.2779325894523,8,0,0.500160434129761,"M",0,0.25,1,"MED MED LOW",NA
9,8,142.752841139798,11,3,3.49911240179716,"M",0,0.25,1,"MED MED LOW",NA
9,9,63.6031361811965,8,0,0.499234076602446,"M",0,0.25,1,"MED MED LOW",NA
9,10,121.679189688743,10,2,2.50096222442182,"M",0,0.25,1,"MED MED LOW",NA
9,11,65.2886872485845,8,0,0.500043178457401,"M",0,0.25,1,"MED MED LOW",NA
9,12,63.0607075693641,8,0,0.499225839253288,"M",0,0.25,1,"MED MED LOW",NA
9,13,133.277997166291,10,2,2.50128389980395,"M",0,0.25,1,"MED MED LOW",NA
10,1,212.572045149413,15,6,6.50161008108708,"M",0,0.25,1,"MED MED LOW",NA
10,2,152.204123751645,13,4,4.49827233916488,"M",0,0.25,1,"MED MED LOW",NA
10,3,158.508015303044,13,4,4.50001513932104,"M",0,0.25,1,"MED MED LOW",NA
10,4,125.160599913643,11,2,2.50145262368274,"M",0,0.25,1,"MED MED LOW",NA
10,5,126.923235077345,11,2,2.49894460085891,"M",0,0.25,1,"MED MED LOW",NA
10,6,96.8170879876893,10,1,1.49821611348256,"M",0,0.25,1,"MED MED LOW",NA
10,7,165.779595268528,15,6,6.49886393689192,"M",0,0.25,1,"MED MED LOW",NA
10,8,160.490386570833,13,4,4.50042073676969,"M",0,0.25,1,"MED MED LOW",NA
10,9,120.716332741011,11,2,2.5002485091633,"M",0,0.25,1,"MED MED LOW",NA
10,10,100.35307602521,10,1,1.49987065392634,"M",0,0.25,1,"MED MED LOW",NA
10,11,61.191445362773,9,0,0.502148299719213,"M",0,0.25,1,"MED MED LOW",NA
10,12,101.848903831188,10,1,1.50067119269845,"M",0,0.25,1,"MED MED LOW",NA
10,13,98.1276179357166,10,1,1.49945556214492,"M",0,0.25,1,"MED MED LOW",NA
11,1,64.909699212951,10,0,0.499655283530369,"M",0,0.25,1,"MED MED LOW",NA
11,2,130.772047474266,12,2,2.50018312298667,"M",0,0.25,1,"MED MED LOW",NA
11,3,193.86611251152,16,6,6.49939190341055,"M",0,0.25,1,"MED MED LOW",NA
11,4,108.706567748099,11,1,1.49826319479634,"M",0,0.25,1,"MED MED LOW",NA
11,5,124.841381547265,12,2,2.50076231235293,"M",0,0.25,1,"MED MED LOW",NA
11,6,147.770312492262,13,3,3.50169940353033,"M",0,0.25,1,"MED MED LOW",NA
11,7,64.8299513486596,10,0,0.50132693521372,"M",0,0.25,1,"MED MED LOW",NA
11,8,65.0661358433903,10,0,0.500114910428246,"M",0,0.25,1,"MED MED LOW",NA
11,9,136.730528790946,13,3,3.49720613237892,"M",0,0.25,1,"MED MED LOW",NA
11,10,97.2208928819767,11,1,1.50048313267143,"M",0,0.25,1,"MED MED LOW",NA
11,11,98.66092356289,11,1,1.50049844943225,"M",0,0.25,1,"MED MED LOW",NA
11,12,139.695707773977,13,3,3.5005525437902,"M",0,0.25,1,"MED MED LOW",NA
12,1,147.731964604389,14,3,3.5010880991916,"M",0,0.25,1,"MED MED LOW",NA
12,2,207.342263897022,23,12,12.5001844273571,"M",0,0.25,1,"MED MED LOW",NA
12,3,60.7379243127476,11,0,0.498869544997629,"M",0,0.25,1,"MED MED LOW",NA
12,4,59.5918044569256,11,0,0.499042726296233,"M",0,0.25,1,"MED MED LOW",NA
12,5,171.254526472915,15,4,4.50087346297247,"M",0,0.25,1,"MED MED LOW",NA
12,6,62.3252414361715,11,0,0.49943836428285,"M",0,0.25,1,"MED MED LOW",NA
12,7,153.252044803728,14,3,3.49954461378924,"M",0,0.25,1,"MED MED LOW",NA
12,8,62.8815392411287,11,0,0.498897723306696,"M",0,0.25,1,"MED MED LOW",NA
12,9,101.755325677803,12,1,1.49959681792249,"M",0,0.25,1,"MED MED LOW",NA
12,10,152.673871938451,14,3,3.50103468905563,"M",0,0.25,1,"MED MED LOW",NA
12,11,63.7120082058609,11,0,0.501109180348131,"M",0,0.25,1,"MED MED LOW",NA
12,12,145.697450256861,14,3,3.49893701392682,"M",0,0.25,1,"MED MED LOW",NA
13,1,97.6014469922111,13,1,1.50147455700477,"M",0,0.25,1,"MED MED LOW",NA
13,2,140.950821529252,15,3,3.50021076243918,"M",0,0.25,1,"MED MED LOW",NA
13,3,97.2082515662095,13,1,1.50102915824208,"M",0,0.25,1,"MED MED LOW",NA
13,4,62.7224755434278,12,0,0.499780463901836,"M",0,0.25,1,"MED MED LOW",NA
13,5,138.764486883562,15,3,3.50126421490012,"M",0,0.25,1,"MED MED LOW",NA
13,6,62.1421285004798,12,0,0.500072299564118,"M",0,0.25,1,"MED MED LOW",NA
13,7,95.3960802360332,13,1,1.50234981081149,"M",0,0.25,1,"MED MED LOW",NA
13,8,62.6756687511593,12,0,0.497632912248569,"M",0,0.25,1,"MED MED LOW",NA
13,9,171.974974207212,16,4,4.50049387863045,"M",0,0.25,1,"MED MED LOW",NA
13,10,201.566475038159,23,11,11.5006784443242,"M",0,0.25,1,"MED MED LOW",NA
13,11,63.9982766159948,12,0,0.500315346356465,"M",0,0.25,1,"MED MED LOW",NA
13,12,63.2854770754011,12,0,0.499671526889315,"M",0,0.25,1,"MED MED LOW",NA
14,1,103.429793140031,14,1,1.49848386227236,"M",0,0.25,1,"MED MED LOW",NA
14,2,205.512112445978,24,11,11.4991266491219,"M",0,0.25,1,"MED MED LOW",NA
14,3,125.277357956701,15,2,2.5001308783104,"M",0,0.25,1,"MED MED LOW",NA
14,4,176.536112250618,18,5,5.50254722392403,"M",0,0.25,1,"MED MED LOW",NA
14,5,116.443651118338,15,2,2.49895505691836,"M",0,0.25,1,"MED MED LOW",NA
14,6,192.182067878823,24,11,11.5009271500716,"M",0,0.25,1,"MED MED LOW",NA
14,7,117.916807600808,15,2,2.50017725598038,"M",0,0.25,1,"MED MED LOW",NA
14,8,172.185477767601,23,10,10.5003121700411,"M",0,0.25,1,"MED MED LOW",NA
14,9,104.755350007212,14,1,1.50138129426115,"M",0,0.25,1,"MED MED LOW",NA
14,10,209.746841532945,21,8,8.50057567971238,"M",0,0.25,1,"MED MED LOW",NA
14,11,222.676815400932,20,7,7.50043799788825,"M",0,0.25,1,"MED MED LOW",NA
14,12,62.4340653281213,13,0,0.49900067022828,"M",0,0.25,1,"MED MED LOW",NA
15,1,61.4529099867521,14,0,0.498883026992077,"M",0,0.25,1,"MED MED LOW",NA
15,2,115.089537041066,16,2,2.4992728578729,"M",0,0.25,1,"MED MED LOW",NA
15,3,137.500043159758,17,3,3.49988934864551,"M",0,0.25,1,"MED MED LOW",NA
15,4,91.8284663010786,15,1,1.49926558128256,"M",0,0.25,1,"MED MED LOW",NA
15,5,92.0277056630431,15,1,1.49956658781399,"M",0,0.25,1,"MED MED LOW",NA
15,6,98.2544867600942,15,1,1.50047973530018,"M",0,0.25,1,"MED MED LOW",NA
15,7,121.384958694089,16,2,2.49911646148987,"M",0,0.25,1,"MED MED LOW",NA
15,8,188.683174252714,23,9,9.50155736929353,"M",0,0.25,1,"MED MED LOW",NA
15,9,63.0138412158123,14,0,0.49897311761857,"M",0,0.25,1,"MED MED LOW",NA
15,10,186.427728226838,22,8,8.49977346203337,"M",0,0.25,1,"MED MED LOW",NA
15,11,65.1525475113685,14,0,0.499201130632338,"M",0,0.25,1,"MED MED LOW",NA
15,12,184.458803540756,22,8,8.49817389348729,"M",0,0.25,1,"MED MED LOW",NA
16,1,62.8058646619822,15,0,0.499720460715226,"M",0,0.25,1,"MED MED LOW",NA
16,2,123.532929658281,17,2,2.5009195500226,"M",0,0.25,1,"MED MED LOW",NA
16,3,94.5033805947717,16,1,1.49934543308774,"M",0,0.25,1,"MED MED LOW",NA
16,4,144.820152658152,18,3,3.50098107932628,"M",0,0.25,1,"MED MED LOW",NA
16,5,205.260446312692,26,11,11.4985639861716,"M",0,0.25,1,"MED MED LOW",NA
16,6,62.7996648322424,15,0,0.49993702104935,"M",0,0.25,1,"MED MED LOW",NA
16,7,142.254802682329,18,3,3.50040125519512,"M",0,0.25,1,"MED MED LOW",NA
16,8,62.4925943471924,15,0,0.499104790571716,"M",0,0.25,1,"MED MED LOW",NA
16,9,97.6377243413175,16,1,1.49889923351302,"M",0,0.25,1,"MED MED LOW",NA
16,10,154.255906183886,20,5,5.49692055150079,"M",0,0.25,1,"MED MED LOW",NA
16,11,66.5805837486852,15,0,0.501684268134047,"M",0,0.25,1,"MED MED LOW",NA
16,12,143.801289610054,18,3,3.49956504493859,"M",0,0.25,1,"MED MED LOW",NA
16,13,155.999571813171,18,3,3.50003043818345,"M",0,0.25,1,"MED MED LOW",NA
17,1,132.199427997042,18,2,2.49968223533337,"M",0,0.25,1,"MED MED LOW",NA
17,2,147.811778423252,19,3,3.50069928573336,"M",0,0.25,1,"MED MED LOW",NA
17,3,199.831805637758,24,8,8.50107304692224,"M",0,0.25,1,"MED MED LOW",NA
17,4,64.9136765351068,16,0,0.500658057851886,"M",0,0.25,1,"MED MED LOW",NA
17,5,184.691454925446,22,6,6.50115686602646,"M",0,0.25,1,"MED MED LOW",NA
17,6,187.401112441285,24,8,8.50123338285623,"M",0,0.25,1,"MED MED LOW",NA
17,7,156.222947819933,20,4,4.50082523510477,"M",0,0.25,1,"MED MED LOW",NA
17,8,141.077037681549,19,3,3.49957349384043,"M",0,0.25,1,"MED MED LOW",NA
17,9,200.634193083072,21,5,5.49937647227137,"M",0,0.25,1,"MED MED LOW",NA
17,10,205.026394541101,24,8,8.49813531720415,"M",0,0.25,1,"MED MED LOW",NA
17,11,184.515289537951,23,7,7.49967843403272,"M",0,0.25,1,"MED MED LOW",NA
17,12,157.268068888047,21,5,5.49999508181079,"M",0,0.25,1,"MED MED LOW",NA
17,13,167.821327257192,20,4,4.49965769960831,"M",0,0.25,1,"MED MED LOW",NA
18,1,63.5130772859978,17,0,0.498449629465852,"M",0,0.25,1,"MED MED LOW",NA
18,2,175.509479740585,22,5,5.49991765300733,"M",0,0.25,1,"MED MED LOW",NA
18,3,95.5753652102254,18,1,1.50000814676657,"M",0,0.25,1,"MED MED LOW",NA
18,4,61.3992031771663,17,0,0.500562075899846,"M",0,0.25,1,"MED MED LOW",NA
18,5,243.533154968855,26,9,9.5002656936058,"M",0,0.25,1,"MED MED LOW",NA
18,6,102.097223802418,18,1,1.5016744023501,"M",0,0.25,1,"MED MED LOW",NA
18,7,62.2304929147478,17,0,0.499736550073324,"M",0,0.25,1,"MED MED LOW",NA
18,8,145.563828287396,20,3,3.50061301694227,"M",0,0.25,1,"MED MED LOW",NA
18,9,93.9010201374253,18,1,1.50124319229741,"M",0,0.25,1,"MED MED LOW",NA
18,10,216.812410315708,23,6,6.49993592290074,"M",0,0.25,1,"MED MED LOW",NA
18,11,208.085335121175,28,11,11.5009379269415,"M",0,0.25,1,"MED MED LOW",NA
18,12,129.072013897919,19,2,2.49918782330723,"M",0,0.25,1,"MED MED LOW",NA
19,1,124.336596772144,20,2,2.49917125120757,"M",0,0.25,1,"MED MED LOW",NA
19,2,217.698061632904,29,11,11.5000548870196,"M",0,0.25,1,"MED MED LOW",NA
19,3,101.941047816073,19,1,1.49902475891996,"M",0,0.25,1,"MED MED LOW",NA
19,4,216.877076821828,28,10,10.5003126056733,"M",0,0.25,1,"MED MED LOW",NA
19,5,63.4413145852913,18,0,0.500334977694522,"M",0,0.25,1,"MED MED LOW",NA
19,6,145.400436577671,21,3,3.50098835549452,"M",0,0.25,1,"MED MED LOW",NA
19,7,213.222607983956,25,7,7.50075750450204,"M",0,0.25,1,"MED MED LOW",NA
19,8,62.8051312093491,18,0,0.500934827489029,"M",0,0.25,1,"MED MED LOW",NA
19,9,199.972635069425,27,9,9.50037353414696,"M",0,0.25,1,"MED MED LOW",NA
19,10,186.345520275636,27,9,9.50057883850748,"M",0,0.25,1,"MED MED LOW",NA
19,11,101.805066054741,19,1,1.50038858630467,"M",0,0.25,1,"MED MED LOW",NA
19,12,174.99544158216,23,5,5.49893117467422,"M",0,0.25,1,"MED MED LOW",NA
19,13,62.9860168640007,18,0,0.500881599897732,"M",0,0.25,1,"MED MED LOW",NA
19,14,65.0894383070714,18,0,0.499561815932104,"M",0,0.25,1,"MED MED LOW",NA
20,1,217.429566538504,26,7,7.50124376081962,"M",0,0.25,1,"MED MED LOW",NA
20,2,245.30285407492,30,11,11.5007233381201,"M",0,0.25,1,"MED MED LOW",NA
20,3,95.0322986883607,20,1,1.49794705089422,"M",0,0.25,1,"MED MED LOW",NA
20,4,130.515006332437,21,2,2.50063102792777,"M",0,0.25,1,"MED MED LOW",NA
20,5,157.40369215085,24,5,5.4998255734484,"M",0,0.25,1,"MED MED LOW",NA
20,6,208.120238230864,29,10,10.5023089939283,"M",0,0.25,1,"MED MED LOW",NA
20,7,219.474242085675,26,7,7.50144060978335,"M",0,0.25,1,"MED MED LOW",NA
20,8,175.780725496692,24,5,5.49936094410907,"M",0,0.25,1,"MED MED LOW",NA
20,9,63.2302132496893,19,0,0.501310624968205,"M",0,0.25,1,"MED MED LOW",NA
20,10,210.798449174021,32,13,13.5011619266512,"M",0,0.25,1,"MED MED LOW",NA
20,11,183.623772433168,24,5,5.50088709997679,"M",0,0.25,1,"MED MED LOW",NA
20,12,126.611318608424,21,2,2.49919428518938,"M",0,0.25,1,"MED MED LOW",NA
20,13,124.412578043804,21,2,2.50104631563185,"M",0,0.25,1,"MED MED LOW",NA
21,1,140.44469163043,23,3,3.50044304593801,"M",0,0.25,1,"MED MED LOW",NA
21,2,187.101378907523,25,5,5.4997274489331,"M",0,0.25,1,"MED MED LOW",NA
21,3,97.7246594953513,21,1,1.50043798828727,"M",0,0.25,1,"MED MED LOW",NA
21,4,194.440708143878,26,6,6.4997818938362,"M",0,0.25,1,"MED MED LOW",NA
21,5,101.67092838814,21,1,1.50029008716903,"M",0,0.25,1,"MED MED LOW",NA
21,6,104.161627206398,21,1,1.49838746435809,"M",0,0.25,1,"MED MED LOW",NA
21,7,152.898173293764,24,4,4.50062387353782,"M",0,0.25,1,"MED MED LOW",NA
21,8,148.230160551153,23,3,3.50152613384028,"M",0,0.25,1,"MED MED LOW",NA
21,9,63.5478164136924,20,0,0.497905286080117,"M",0,0.25,1,"MED MED LOW",NA
21,10,185.480767127024,26,6,6.49977979427356,"M",0,0.25,1,"MED MED LOW",NA
21,11,182.42514444437,25,5,5.50191344490018,"M",0,0.25,1,"MED MED LOW",NA
21,12,114.205782859343,22,2,2.50043630708764,"M",0,0.25,1,"MED MED LOW",NA
21,13,62.8380456544251,20,0,0.500363146224284,"M",0,0.25,1,"MED MED LOW",NA
22,1,61.5997143659538,21,0,0.499841929710444,"M",0,0.25,1,"MED MED LOW",NA
22,2,61.7927116362028,21,0,0.499702141306796,"M",0,0.25,1,"MED MED LOW",NA
22,3,64.3564222464542,21,0,0.500551634573642,"M",0,0.25,1,"MED MED LOW",NA
22,4,194.903654178902,28,7,7.50107439095563,"M",0,0.25,1,"MED MED LOW",NA
22,5,185.121261133429,27,6,6.49876621150077,"M",0,0.25,1,"MED MED LOW",NA
22,6,133.954520292297,23,2,2.49959275263317,"M",0,0.25,1,"MED MED LOW",NA
22,7,163.615862021678,25,4,4.50169638348003,"M",0,0.25,1,"MED MED LOW",NA
22,8,188.873099560242,31,10,10.4985709900833,"M",0,0.25,1,"MED MED LOW",NA
22,9,136.393709419272,24,3,3.4984564414961,"M",0,0.25,1,"MED MED LOW",NA
22,10,193.177994325269,35,14,14.5004631872603,"M",0,0.25,1,"MED MED LOW",NA
22,11,97.2696797255245,22,1,1.50082442122009,"M",0,0.25,1,"MED MED LOW",NA
22,12,130.461583958511,23,2,2.49908764263212,"M",0,0.25,1,"MED MED LOW",NA
22,13,130.861983976706,23,2,2.50228317079762,"M",0,0.25,1,"MED MED LOW",NA
23,1,65.1829378733414,22,0,0.500540235600545,"M",0,0.25,1,"MED MED LOW",NA
23,2,112.297958127337,24,2,2.49904446909513,"M",0,0.25,1,"MED MED LOW",NA
23,3,130.244746372264,25,3,3.50045500078918,"M",0,0.25,1,"MED MED LOW",NA
23,4,156.035649653458,26,4,4.49978042671947,"M",0,0.25,1,"MED MED LOW",NA
23,5,184.326535597472,28,6,6.49868225252311,"M",0,0.25,1,"MED MED LOW",NA
23,6,223.588203788995,30,8,8.500512030814,"M",0,0.25,1,"MED MED LOW",NA
23,7,100.573282940123,23,1,1.50077323158231,"M",0,0.25,1,"MED MED LOW",NA
23,8,103.779693969808,23,1,1.50179036797794,"M",0,0.25,1,"MED MED LOW",NA
23,9,99.213614040087,23,1,1.49964753909243,"M",0,0.25,1,"MED MED LOW",NA
23,10,138.29362990446,25,3,3.50134642135416,"M",0,0.25,1,"MED MED LOW",NA
23,11,188.999538528903,28,6,6.49893597997954,"M",0,0.25,1,"MED MED LOW",NA
23,12,59.749322903882,22,0,0.49900410306338,"M",0,0.25,1,"MED MED LOW",NA
24,1,126.058069166111,25,2,2.49782201175124,"M",0,0.25,1,"MED MED LOW",NA
24,2,135.525450171771,26,3,3.50047770485176,"M",0,0.25,1,"MED MED LOW",NA
24,3,63.1852388036503,23,0,0.500026961900682,"M",0,0.25,1,"MED MED LOW",NA
24,4,147.979713040291,26,3,3.49860018848881,"M",0,0.25,1,"MED MED LOW",NA
24,5,240.403207178216,35,12,12.4986272359965,"M",0,0.25,1,"MED MED LOW",NA
24,6,101.111565061202,24,1,1.50138297918305,"M",0,0.25,1,"MED MED LOW",NA
24,7,130.591514394657,25,2,2.49951425944824,"M",0,0.25,1,"MED MED LOW",NA
24,8,59.5083688505735,23,0,0.499795973522794,"M",0,0.25,1,"MED MED LOW",NA
24,9,121.837134701214,25,2,2.50079236097836,"M",0,0.25,1,"MED MED LOW",NA
24,10,157.56377117839,26,3,3.50023847431001,"M",0,0.25,1,"MED MED LOW",NA
24,11,174.265887397712,30,7,7.50078102339704,"M",0,0.25,1,"MED MED LOW",NA
24,12,171.656028080834,28,5,5.49857845525601,"M",0,0.25,1,"MED MED LOW",NA
25,1,185.677116059178,33,9,9.49913338555778,"M",0,0.25,1,"MED MED LOW",NA
25,2,124.73873184726,26,2,2.50154900098641,"M",0,0.25,1,"MED MED LOW",NA
25,3,202.657228390121,34,10,10.501359210946,"M",0,0.25,1,"MED MED LOW",NA
25,4,153.902785258084,28,4,4.5000940023899,"M",0,0.25,1,"MED MED LOW",NA
25,5,192.424284284978,29,5,5.50028439765714,"M",0,0.25,1,"MED MED LOW",NA
25,6,127.295272908034,26,2,2.49954787928308,"M",0,0.25,1,"MED MED LOW",NA
25,7,141.172166101191,28,4,4.50083205741779,"M",0,0.25,1,"MED MED LOW",NA
25,8,142.747449288129,27,3,3.49877207494942,"M",0,0.25,1,"MED MED LOW",NA
25,9,64.640407187426,24,0,0.500267022611768,"M",0,0.25,1,"MED MED LOW",NA
25,10,62.0866010909685,24,0,0.49903406155107,"M",0,0.25,1,"MED MED LOW",NA
25,11,99.4459975799891,25,1,1.50096331306943,"M",0,0.25,1,"MED MED LOW",NA
25,12,201.683750114051,31,7,7.49894234522427,"M",0,0.25,1,"MED MED LOW",NA
25,13,177.647275811429,30,6,6.49906356018442,"M",0,0.25,1,"MED MED LOW",NA
26,1,182.484371047294,32,7,7.49807779826881,"M",0,0.25,1,"MED MED LOW",NA
26,2,127.680320211406,27,2,2.5015257871804,"M",0,0.25,1,"MED MED LOW",NA
26,3,177.678982612272,30,5,5.49989001193766,"M",0,0.25,1,"MED MED LOW",NA
26,4,130.149532413072,28,3,3.50107352425042,"M",0,0.25,1,"MED MED LOW",NA
26,5,99.9451613519297,26,1,1.50049113848747,"M",0,0.25,1,"MED MED LOW",NA
26,6,164.871977910231,30,5,5.49989763836077,"M",0,0.25,1,"MED MED LOW",NA
26,7,129.945761588565,27,2,2.49972692763254,"M",0,0.25,1,"MED MED LOW",NA
26,8,155.286947420512,30,5,5.49879587138544,"M",0,0.25,1,"MED MED LOW",NA
26,9,179.534295717312,30,5,5.50116890879893,"M",0,0.25,1,"MED MED LOW",NA
26,10,213.484232075944,37,12,12.5015223011731,"M",0,0.25,1,"MED MED LOW",NA
26,11,165.901471783771,29,4,4.49905694093399,"M",0,0.25,1,"MED MED LOW",NA
26,12,187.775194802111,33,8,8.50165319815116,"M",0,0.25,1,"MED MED LOW",NA
26,13,122.716977856627,27,2,2.50118511112501,"M",0,0.25,1,"MED MED LOW",NA
27,1,99.7117790732955,27,1,1.50043740759528,"M",0,0.25,1,"MED MED LOW",NA
27,2,180.308694172034,30,4,4.50111012619273,"M",0,0.25,1,"MED MED LOW",NA
27,3,61.7115976493589,26,0,0.502057928067639,"M",0,0.25,1,"MED MED LOW",NA
27,4,99.6812587347735,27,1,1.49906355162802,"M",0,0.25,1,"MED MED LOW",NA
27,5,101.696158380311,27,1,1.50145913287785,"M",0,0.25,1,"MED MED LOW",NA
27,6,129.288957423969,28,2,2.49975149478903,"M",0,0.25,1,"MED MED LOW",NA
27,7,60.8478840370483,26,0,0.498500630271029,"M",0,0.25,1,"MED MED LOW",NA
27,8,95.5272448753583,27,1,1.49899269415568,"M",0,0.25,1,"MED MED LOW",NA
27,9,62.9018762348354,26,0,0.500474373470255,"M",0,0.25,1,"MED MED LOW",NA
27,10,166.846159674068,31,5,5.50007743343701,"M",0,0.25,1,"MED MED LOW",NA
27,11,223.528111602859,38,12,12.5006493549113,"M",0,0.25,1,"MED MED LOW",NA
28,1,128.644390882012,29,2,2.50098676921335,"M",0,0.25,1,"MED MED LOW",NA
28,2,157.946232118684,31,4,4.50021212533533,"M",0,0.25,1,"MED MED LOW",NA
28,3,217.62897362977,34,7,7.50052624326763,"M",0,0.25,1,"MED MED LOW",NA
28,4,235.000574916965,39,12,12.5013374815216,"M",0,0.25,1,"MED MED LOW",NA
28,5,195.632634847965,37,10,10.4988021160497,"M",0,0.25,1,"MED MED LOW",NA
28,6,65.7162818059919,27,0,0.498897458479795,"M",0,0.25,1,"MED MED LOW",NA
28,7,146.430155716037,30,3,3.49868120635742,"M",0,0.25,1,"MED MED LOW",NA
28,8,133.186416681682,29,2,2.50015346115358,"M",0,0.25,1,"MED MED LOW",NA
28,9,121.767168675651,29,2,2.49766334098952,"M",0,0.25,1,"MED MED LOW",NA
28,10,191.614666981883,36,9,9.49818661910325,"M",0,0.25,1,"MED MED LOW",NA
28,11,93.6736826161174,28,1,1.5016424455627,"M",0,0.25,1,"MED MED LOW",NA
28,12,154.248666809578,30,3,3.50013919017912,"M",0,0.25,1,"MED MED LOW",NA
28,13,93.3997463362508,28,1,1.50121756573754,"M",0,0.25,1,"MED MED LOW",NA
28,14,64.3002124735426,27,0,0.500399360096752,"M",0,0.25,1,"MED MED LOW",NA
28,15,181.822041106156,34,7,7.49989933528186,"M",0,0.25,1,"MED MED LOW",NA
29,1,260.089028405492,37,9,9.49894932602202,"M",0,0.25,1,"MED MED LOW",NA
29,2,201.987747231854,42,14,14.4997940516499,"M",0,0.25,1,"MED MED LOW",NA
29,3,93.4772717735927,29,1,1.49911892521706,"M",0,0.25,1,"MED MED LOW",NA
29,4,99.693676417025,29,1,1.49932907976577,"M",0,0.25,1,"MED MED LOW",NA
29,5,150.714248502625,31,3,3.49943061304463,"M",0,0.25,1,"MED MED LOW",NA
29,6,138.985762054427,31,3,3.49988096851953,"M",0,0.25,1,"MED MED LOW",NA
29,7,149.69113717225,31,3,3.50228126174753,"M",0,0.25,1,"MED MED LOW",NA
29,8,62.2815451384818,28,0,0.501328648175612,"M",0,0.25,1,"MED MED LOW",NA
29,9,62.3050441677473,28,0,0.500414005326462,"M",0,0.25,1,"MED MED LOW",NA
29,10,187.210219561818,37,9,9.49885320583544,"M",0,0.25,1,"MED MED LOW",NA
29,11,200.979812442456,34,6,6.50084264256078,"M",0,0.25,1,"MED MED LOW",NA
29,12,127.169357603487,30,2,2.5012625840163,"M",0,0.25,1,"MED MED LOW",NA
29,13,125.478180506491,30,2,2.49929979742926,"M",0,0.25,1,"MED MED LOW",NA
30,1,101.69719881531,30,1,1.50012522214932,"M",0,0.25,1,"MED MED LOW",NA
30,2,64.6858387515128,29,0,0.499703560743826,"M",0,0.25,1,"MED MED LOW",NA
30,3,158.069934923997,34,5,5.50174337864051,"M",0,0.25,1,"MED MED LOW",NA
30,4,149.324405263391,32,3,3.50096866663745,"M",0,0.25,1,"MED MED LOW",NA
30,5,206.124071982132,43,14,14.5006822455912,"M",0,0.25,1,"MED MED LOW",NA
30,6,62.4716011306524,29,0,0.499563633739983,"M",0,0.25,1,"MED MED LOW",NA
30,7,95.8751434066677,30,1,1.49909617574408,"M",0,0.25,1,"MED MED LOW",NA
30,8,98.5491936481109,30,1,1.49819258643994,"M",0,0.25,1,"MED MED LOW",NA
30,9,61.7985539285466,29,0,0.498203357905204,"M",0,0.25,1,"MED MED LOW",NA
30,10,62.5912307052175,29,0,0.499050662848726,"M",0,0.25,1,"MED MED LOW",NA
30,11,156.639575114435,32,3,3.4983675362073,"M",0,0.25,1,"MED MED LOW",NA
30,12,100.535432943272,30,1,1.49884784503329,"M",0,0.25,1,"MED MED LOW",NA
31,1,153.722246903339,34,4,4.50037672996961,"M",0,0.25,1,"MED MED LOW",NA
31,2,62.2939158251761,30,0,0.499406534976965,"M",0,0.25,1,"MED MED LOW",NA
31,3,64.9668823748702,30,0,0.501199078438215,"M",0,0.25,1,"MED MED LOW",NA
31,4,95.1518955821204,31,1,1.49947886439679,"M",0,0.25,1,"MED MED LOW",NA
31,5,102.765441278734,31,1,1.49916999184726,"M",0,0.25,1,"MED MED LOW",NA
31,6,126.019794277623,32,2,2.49932459996322,"M",0,0.25,1,"MED MED LOW",NA
31,7,124.167251456961,32,2,2.49965375474076,"M",0,0.25,1,"MED MED LOW",NA
31,8,137.038001560131,33,3,3.50032029386543,"M",0,0.25,1,"MED MED LOW",NA
31,9,59.429793729727,30,0,0.499725165077935,"M",0,0.25,1,"MED MED LOW",NA
31,10,119.807313574644,32,2,2.49805103092049,"M",0,0.25,1,"MED MED LOW",NA
31,11,104.925671151062,31,1,1.500410207229,"M",0,0.25,1,"MED MED LOW",NA
31,12,187.438545722206,35,5,5.49788322290492,"M",0,0.25,1,"MED MED LOW",NA
31,13,124.071846968106,32,2,2.4987070298793,"M",0,0.25,1,"MED MED LOW",NA
32,1,65.0466078320003,31,0,0.498547570436349,"M",0,0.25,1,"MED MED LOW",NA
32,2,203.799646325149,42,11,11.4999571955826,"M",0,0.25,1,"MED MED LOW",NA
32,3,126.188718416247,33,2,2.50064137332084,"M",0,0.25,1,"MED MED LOW",NA
32,4,62.9641863522853,31,0,0.499835906173925,"M",0,0.25,1,"MED MED LOW",NA
32,5,187.14016184599,37,6,6.49973078859856,"M",0,0.25,1,"MED MED LOW",NA
32,6,63.9581771097899,31,0,0.500311665146551,"M",0,0.25,1,"MED MED LOW",NA
32,7,62.2212623977276,31,0,0.499306972362651,"M",0,0.25,1,"MED MED LOW",NA
32,8,205.722222029822,43,12,12.50271593087,"M",0,0.25,1,"MED MED LOW",NA
32,9,128.271832954147,33,2,2.50033833624977,"M",0,0.25,1,"MED MED LOW",NA
32,10,62.7656534390823,31,0,0.498557273883117,"M",0,0.25,1,"MED MED LOW",NA
32,11,101.230426857146,32,1,1.49999891016264,"M",0,0.25,1,"MED MED LOW",NA
32,12,190.222776177745,35,4,4.50001570872816,"M",0,0.25,1,"MED MED LOW",NA
33,1,219.243339339396,38,6,6.50067683896382,"M",0,0.25,1,"MED MED LOW",NA
33,2,174.458800911142,38,6,6.50009961945758,"M",0,0.25,1,"MED MED LOW",NA
33,3,126.115324808139,34,2,2.49953677050908,"M",0,0.25,1,"MED MED LOW",NA
33,4,63.4494230382857,32,0,0.499524354304153,"M",0,0.25,1,"MED MED LOW",NA
33,5,60.7639922504489,32,0,0.499463983948101,"M",0,0.25,1,"MED MED LOW",NA
33,6,196.216498697403,44,12,12.4986022033276,"M",0,0.25,1,"MED MED LOW",NA
33,7,153.380711270266,35,3,3.50156876804148,"M",0,0.25,1,"MED MED LOW",NA
33,8,97.7984426217139,33,1,1.49970388817046,"M",0,0.25,1,"MED MED LOW",NA
33,9,125.121381798024,34,2,2.49985670464662,"M",0,0.25,1,"MED MED LOW",NA
33,10,94.4550023510226,33,1,1.50192000144228,"M",0,0.25,1,"MED MED LOW",NA
33,11,61.604970511895,32,0,0.500414994144893,"M",0,0.25,1,"MED MED LOW",NA
34,1,215.541338022886,43,10,10.5005291678152,"M",0,0.25,1,"MED MED LOW",NA
34,2,196.750787198275,38,5,5.50120226900316,"M",0,0.25,1,"MED MED LOW",NA
34,3,125.167029347483,35,2,2.4983957069132,"M",0,0.25,1,"MED MED LOW",NA
34,4,63.3685204898509,33,0,0.500463204807509,"M",0,0.25,1,"MED MED LOW",NA
34,5,156.999871024941,37,4,4.50048502040448,"M",0,0.25,1,"MED MED LOW",NA
34,6,63.5292859354813,33,0,0.498621704215744,"M",0,0.25,1,"MED MED LOW",NA
34,7,94.4122927054296,34,1,1.49880483187452,"M",0,0.25,1,"MED MED LOW",NA
34,8,130.379551191532,35,2,2.49907747804894,"M",0,0.25,1,"MED MED LOW",NA
34,9,229.327232242017,45,12,12.4986488053423,"M",0,0.25,1,"MED MED LOW",NA
34,10,60.305753918905,33,0,0.501096251196541,"M",0,0.25,1,"MED MED LOW",NA
34,11,96.5991982753598,34,1,1.49971862347587,"M",0,0.25,1,"MED MED LOW",NA
35,1,150.325970815912,37,3,3.5005759744963,"M",0,0.25,1,"MED MED LOW",NA
35,2,63.0657616354244,34,0,0.500880147190938,"M",0,0.25,1,"MED MED LOW",NA
35,3,62.9447363210876,34,0,0.501342236230942,"M",0,0.25,1,"MED MED LOW",NA
35,4,161.930428256347,38,4,4.49972170187492,"M",0,0.25,1,"MED MED LOW",NA
35,5,150.511378339585,38,4,4.5007612085138,"M",0,0.25,1,"MED MED LOW",NA
35,6,158.566166504503,38,4,4.50122812949202,"M",0,0.25,1,"MED MED LOW",NA
35,7,92.9619877914107,35,1,1.49990097517819,"M",0,0.25,1,"MED MED LOW",NA
35,8,105.69089309271,35,1,1.4990819659644,"M",0,0.25,1,"MED MED LOW",NA
35,9,212.150007258267,41,7,7.49931108998017,"M",0,0.25,1,"MED MED LOW",NA
35,10,61.6144770040034,34,0,0.501022855166028,"M",0,0.25,1,"MED MED LOW",NA
35,11,170.814973289945,39,5,5.49995051011287,"M",0,0.25,1,"MED MED LOW",NA
35,12,104.348963275879,35,1,1.49917535292775,"M",0,0.25,1,"MED MED LOW",NA
35,13,139.513763611176,37,3,3.49836734875591,"M",0,0.25,1,"MED MED LOW",NA
36,1,141.15780963563,38,3,3.49961056623339,"M",0,0.25,1,"MED MED LOW",NA
36,2,180.543016042134,39,4,4.50022406199389,"M",0,0.25,1,"MED MED LOW",NA
36,3,185.74450710419,43,8,8.4993638882164,"M",0,0.25,1,"MED MED LOW",NA
36,4,198.838751189688,44,9,9.49909808673418,"M",0,0.25,1,"MED MED LOW",NA
36,5,160.879134654458,39,4,4.50024454914272,"M",0,0.25,1,"MED MED LOW",NA
36,6,100.75118579888,36,1,1.4994451982154,"M",0,0.25,1,"MED MED LOW",NA
36,7,63.1373636459465,35,0,0.501085326692505,"M",0,0.25,1,"MED MED LOW",NA
36,8,167.900056298373,41,6,6.49925768267695,"M",0,0.25,1,"MED MED LOW",NA
36,9,126.420289269712,38,3,3.49998010437033,"M",0,0.25,1,"MED MED LOW",NA
36,10,100.670299925452,36,1,1.49944711525645,"M",0,0.25,1,"MED MED LOW",NA
36,11,62.7280089194089,35,0,0.499024045415305,"M",0,0.25,1,"MED MED LOW",NA
37,1,150.035713915502,39,3,3.50239320270168,"M",0,0.25,1,"MED MED LOW",NA
37,2,174.297227260191,42,6,6.50160850835987,"M",0,0.25,1,"MED MED LOW",NA
37,3,123.324845684524,38,2,2.49835827226417,"M",0,0.25,1,"MED MED LOW",NA
37,4,98.7878209198171,37,1,1.5004916399243,"M",0,0.25,1,"MED MED LOW",NA
37,5,92.2140636632571,37,1,1.49957065015355,"M",0,0.25,1,"MED MED LOW",NA
37,6,228.561641343486,46,10,10.4991594420594,"M",0,0.25,1,"MED MED LOW",NA
37,7,134.735064995332,38,2,2.50028082221857,"M",0,0.25,1,"MED MED LOW",NA
37,8,198.665903043766,44,8,8.50070499737045,"M",0,0.25,1,"MED MED LOW",NA
37,9,100.697868470485,37,1,1.50162663647403,"M",0,0.25,1,"MED MED LOW",NA
37,10,232.925858089083,50,14,14.4987419036038,"FISHED",0.247839041729458,0.25,1,"MED MED LOW",NA
37,11,63.2933117807954,36,0,0.499186681453206,"M",0,0.25,1,"MED MED LOW",NA
37,12,180.644125550206,44,8,8.49948832662372,"M",0,0.25,1,"MED MED LOW",NA
38,1,135.36119963089,39,2,2.49942590983827,"M",0,0.25,1,"MED MED LOW",NA
38,2,61.6105407583058,37,0,0.500499346077424,"M",0,0.25,1,"MED MED LOW",NA
38,3,61.4766557369564,37,0,0.500798725231463,"M",0,0.25,1,"MED MED LOW",NA
38,4,97.5849629427696,38,1,1.49966735837659,"M",0,0.25,1,"MED MED LOW",NA
38,5,139.177816598848,41,4,4.49860940903273,"M",0,0.25,1,"MED MED LOW",NA
38,6,61.1444455818006,37,0,0.499645678386322,"M",0,0.25,1,"MED MED LOW",NA
38,7,63.209268707754,37,0,0.499920370271878,"M",0,0.25,1,"MED MED LOW",NA
38,8,95.5078555286413,38,1,1.49998151302129,"M",0,0.25,1,"MED MED LOW",NA
38,9,185.801551173623,44,7,7.4993555175774,"M",0,0.25,1,"MED MED LOW",NA
38,10,62.1395966746399,37,0,0.498543600192786,"M",0,0.25,1,"MED MED LOW",NA
38,11,63.6065024880834,37,0,0.50009147789938,"M",0,0.25,1,"MED MED LOW",NA
38,12,61.2232597566726,37,0,0.500310692337249,"M",0,0.25,1,"MED MED LOW",NA
39,1,149.581038699632,41,3,3.50186211896665,"M",0,0.25,1,"MED MED LOW",NA
39,2,97.3797901844129,39,1,1.50091809559029,"M",0,0.25,1,"MED MED LOW",NA
39,3,231.361630001201,47,9,9.49864672935508,"M",0,0.25,1,"MED MED LOW",NA
39,4,61.1202879826497,38,0,0.49978723756103,"M",0,0.25,1,"MED MED LOW",NA
39,5,150.227238942803,41,3,3.49997090401464,"M",0,0.25,1,"MED MED LOW",NA
39,6,141.03109804028,41,3,3.50009945109558,"M",0,0.25,1,"MED MED LOW",NA
39,7,187.724975684779,44,6,6.50186125679608,"M",0,0.25,1,"MED MED LOW",NA
39,8,63.7989392817241,38,0,0.499307225743684,"M",0,0.25,1,"MED MED LOW",NA
39,9,143.385429988347,41,3,3.49858017687769,"M",0,0.25,1,"MED MED LOW",NA
39,10,180.75881091169,48,10,10.5002723573587,"M",0,0.25,1,"MED MED LOW",NA
39,11,61.7770957856544,38,0,0.49853065650464,"M",0,0.25,1,"MED MED LOW",NA
39,12,98.7236010215744,39,1,1.49915488892781,"M",0,0.25,1,"MED MED LOW",NA
39,13,199.387101564243,50,12,12.4996658283938,"FISHED",0.247839041729458,0.25,1,"MED MED LOW",NA
40,1,120.846906760618,41,2,2.50098649348098,"M",0,0.25,1,"MED MED LOW",NA
40,2,232.664129182613,52,13,13.4993963177127,"M",0.299738170951605,0.25,1,"MED MED LOW",NA
40,3,129.570318527169,41,2,2.50027168780365,"M",0,0.25,1,"MED MED LOW",NA
40,4,195.95379407084,52,13,13.4991111334092,"M",0.299738170951605,0.25,1,"MED MED LOW",NA
40,5,122.357997390933,41,2,2.49964266061641,"M",0,0.25,1,"MED MED LOW",NA
40,6,146.480185329422,42,3,3.50030769886865,"M",0,0.25,1,"MED MED LOW",NA
40,7,63.569408041117,39,0,0.499882253746607,"M",0,0.25,1,"MED MED LOW",NA
40,8,164.146265011911,43,4,4.49937907464768,"M",0,0.25,1,"MED MED LOW",NA
40,9,159.567664385245,43,4,4.50016301860994,"M",0,0.25,1,"MED MED LOW",NA
40,10,172.379186061439,43,4,4.50091082032189,"M",0,0.25,1,"MED MED LOW",NA
40,11,196.440764744689,49,10,10.5011874267311,"M",0,0.25,1,"MED MED LOW",NA
40,12,103.350453854662,40,1,1.50103442324299,"M",0,0.25,1,"MED MED LOW",NA
41,1,123.011255361299,42,2,2.49898297637934,"M",0,0.25,1,"MED MED LOW",NA
41,2,201.544879780876,49,9,9.50078681621458,"M",0,0.25,1,"MED MED LOW",NA
41,3,150.77237943507,43,3,3.5014548368936,"M",0,0.25,1,"MED MED LOW",NA
41,4,130.701753191608,42,2,2.49999208940951,"M",0,0.25,1,"MED MED LOW",NA
41,5,63.0881554551272,40,0,0.501384222746613,"M",0,0.25,1,"MED MED LOW",NA
41,6,60.8077917540064,40,0,0.500524792071737,"M",0,0.25,1,"MED MED LOW",NA
41,7,118.791671315689,42,2,2.50022147796407,"M",0,0.25,1,"MED MED LOW",NA
41,8,103.099599824351,41,1,1.4997176736258,"M",0,0.25,1,"MED MED LOW",NA
41,9,62.1491083468461,40,0,0.498607888789314,"M",0,0.25,1,"MED MED LOW",NA
41,10,199.736945437116,49,9,9.50089011309614,"M",0,0.25,1,"MED MED LOW",NA
42,1,169.499482626769,45,4,4.50086776948401,"M",0,0.25,1,"MED MED LOW",NA
42,2,180.616048323931,46,5,5.49894788008108,"M",0,0.25,1,"MED MED LOW",NA
42,3,62.9670637173155,41,0,0.499986232398231,"M",0,0.25,1,"MED MED LOW",NA
42,4,142.817270102263,44,3,3.50144019605352,"M",0,0.25,1,"MED MED LOW",NA
42,5,221.177184176936,50,9,9.49939847873202,"FISHED",0.247839041729458,0.25,1,"MED MED LOW",NA
42,6,106.069734341913,42,1,1.50012747457912,"M",0,0.25,1,"MED MED LOW",NA
42,7,128.877543011519,43,2,2.50027324130136,"M",0,0.25,1,"MED MED LOW",NA
42,8,214.384304206974,52,11,11.5007240650775,"FISHED",0.299738170951605,0.25,1,"MED MED LOW",NA
42,9,233.230280231187,50,9,9.4983558335463,"FISHED",0.247839041729458,0.25,1,"MED MED LOW",NA
42,10,181.863292007436,46,5,5.49863092209304,"M",0,0.25,1,"MED MED LOW",NA
42,11,131.39659097457,43,2,2.4986782909561,"M",0,0.25,1,"MED MED LOW",NA
43,1,190.692272617877,50,8,8.49892676904478,"FISHED",0.247839041729458,0.25,1,"MED MED LOW",NA
43,2,60.7714455331611,42,0,0.500451179712669,"M",0,0.25,1,"MED MED LOW",NA
43,3,186.230142860399,47,5,5.50038942611558,"M",0,0.25,1,"MED MED LOW",NA
43,4,133.973673623464,45,3,3.50062400647176,"M",0,0.25,1,"MED MED LOW",NA
43,5,65.5098478938439,42,0,0.499602307059503,"M",0,0.25,1,"MED MED LOW",NA
43,6,158.367444814763,45,3,3.50034564419205,"M",0,0.25,1,"MED MED LOW",NA
43,7,170.187758406034,47,5,5.50171077437132,"M",0,0.25,1,"MED MED LOW",NA
43,8,61.0609720042001,42,0,0.499513802216891,"M",0,0.25,1,"MED MED LOW",NA
43,9,181.283800376726,48,6,6.49929686872769,"M",0,0.25,1,"MED MED LOW",NA
43,10,147.254524200455,45,3,3.49953133967224,"M",0,0.25,1,"MED MED LOW",NA
43,11,179.816712001064,47,5,5.49902587986701,"M",0,0.25,1,"MED MED LOW",NA
43,12,62.3967202224871,42,0,0.499986648151877,"M",0,0.25,1,"MED MED LOW",NA
43,13,63.93213719733,42,0,0.5006534584523,"M",0,0.25,1,"MED MED LOW",NA
43,14,116.91723444755,44,2,2.4988124331634,"M",0,0.25,1,"MED MED LOW",NA
44,1,63.3415624554627,43,0,0.499411660926766,"M",0,0.25,1,"MED MED LOW",NA
44,2,149.993111114724,46,3,3.50017426373911,"M",0,0.25,1,"MED MED LOW",NA
44,3,61.3498213311696,43,0,0.499629111035165,"M",0,0.25,1,"MED MED LOW",NA
44,4,174.360989379435,47,4,4.49984881101976,"M",0,0.25,1,"MED MED LOW",NA
44,5,191.206208946161,49,6,6.49999423922401,"M",0,0.25,1,"MED MED LOW",NA
44,6,134.263773656148,45,2,2.50016956567608,"M",0,0.25,1,"MED MED LOW",NA
44,7,201.64408687688,49,6,6.50012381898601,"M",0,0.25,1,"MED MED LOW",NA
44,8,182.713020787385,48,5,5.49967041435294,"M",0,0.25,1,"MED MED LOW",NA
44,9,184.272779413906,47,4,4.50047438770964,"M",0,0.25,1,"MED MED LOW",NA
44,10,189.033392619415,48,5,5.49891304574948,"M",0,0.25,1,"MED MED LOW",NA
44,11,94.4467957863879,44,1,1.49949878711482,"M",0,0.25,1,"MED MED LOW",NA
45,1,231.012431414905,57,13,13.5012614865601,"FISHED",0.287241856753826,0.25,1,"MED MED LOW",NA
45,2,62.2978350918348,44,0,0.501364971115217,"M",0,0.25,1,"MED MED LOW",NA
45,3,62.5261560686219,44,0,0.501197875155166,"M",0,0.25,1,"MED MED LOW",NA
45,4,145.956511676194,47,3,3.49937299691604,"M",0,0.25,1,"MED MED LOW",NA
45,5,129.975809722423,46,2,2.50101790839492,"M",0,0.25,1,"MED MED LOW",NA
45,6,125.880900310644,46,2,2.49916395574419,"M",0,0.25,1,"MED MED LOW",NA
45,7,175.328609711439,52,8,8.49953852487241,"FISHED",0.299738170951605,0.25,1,"MED MED LOW",NA
45,8,184.069337276124,50,6,6.50022512027303,"FISHED",0.247839041729458,0.25,1,"MED MED LOW",NA
45,9,198.771313392956,51,7,7.50019426891354,"FISHED",0.24833817249164,0.25,1,"MED MED LOW",NA
45,10,152.962261532401,47,3,3.49832310119817,"M",0,0.25,1,"MED MED LOW",NA
45,11,96.6582149667692,45,1,1.50137475950153,"M",0,0.25,1,"MED MED LOW",NA
45,12,61.6413064044533,44,0,0.499622444613396,"M",0,0.25,1,"MED MED LOW",NA
45,13,209.889228710608,51,7,7.49969332876425,"FISHED",0.24833817249164,0.25,1,"MED MED LOW",NA
46,1,62.2382383497855,45,0,0.501173122578432,"M",0,0.25,1,"MED MED LOW",NA
46,2,60.8339939085944,45,0,0.500708993039849,"M",0,0.25,1,"MED MED LOW",NA
46,3,142.056617622045,48,3,3.49990335205262,"M",0,0.25,1,"MED MED LOW",NA
46,4,94.9704799206271,46,1,1.50276798140918,"M",0,0.25,1,"MED MED LOW",NA
46,5,143.789251641133,48,3,3.5000042622896,"M",0,0.25,1,"MED MED LOW",NA
46,6,99.4669699966327,46,1,1.49944750012134,"M",0,0.25,1,"MED MED LOW",NA
46,7,154.937710191599,48,3,3.49931072392657,"M",0,0.25,1,"MED MED LOW",NA
46,8,129.034395353901,47,2,2.49960721308757,"M",0,0.25,1,"MED MED LOW",NA
46,9,134.495266833193,48,3,3.50069793835596,"M",0,0.25,1,"MED MED LOW",NA
46,10,129.939108303062,47,2,2.50031978060074,"M",0,0.25,1,"MED MED LOW",NA
46,11,98.6793729785209,46,1,1.5006211240609,"M",0,0.25,1,"MED MED LOW",NA
47,1,200.677346070019,51,5,5.49762081229255,"M",0.24833817249164,0.25,1,"MED MED LOW",NA
47,2,128.823016396399,48,2,2.50125378645527,"M",0,0.25,1,"MED MED LOW",NA
47,3,128.286776444716,48,2,2.4989042333443,"M",0,0.25,1,"MED MED LOW",NA
47,4,63.6925731223815,46,0,0.498739489633073,"M",0,0.25,1,"MED MED LOW",NA
47,5,153.066684568471,49,3,3.49931378016311,"M",0,0.25,1,"MED MED LOW",NA
47,6,63.0213443433695,46,0,0.500618347633015,"M",0,0.25,1,"MED MED LOW",NA
47,7,59.4841691953429,46,0,0.499937339725598,"M",0,0.25,1,"MED MED LOW",NA
47,8,64.6956348665313,46,0,0.498800522036088,"M",0,0.25,1,"MED MED LOW",NA
47,9,157.951674959953,50,4,4.50028931604284,"FISHED",0.247839041729458,0.25,1,"MED MED LOW",NA
47,10,129.700615946994,48,2,2.49999299380965,"M",0,0.25,1,"MED MED LOW",NA
47,11,102.329729233605,47,1,1.50020265242534,"M",0,0.25,1,"MED MED LOW",NA
47,12,159.149805696572,49,3,3.50109874053292,"M",0,0.25,1,"MED MED LOW",NA
48,1,96.9539367974055,48,1,1.50051788442015,"M",0,0.25,1,"MED MED LOW",NA
48,2,160.339612506139,51,4,4.50163733504904,"FISHED",0.24833817249164,0.25,1,"MED MED LOW",NA
48,3,155.87832633253,51,4,4.49965005604978,"FISHED",0.24833817249164,0.25,1,"MED MED LOW",NA
48,4,213.297414578099,55,8,8.49895238611588,"M",0.294807574432343,0.25,1,"MED MED LOW",NA
48,5,94.930693643175,48,1,1.50091305455638,"M",0,0.25,1,"MED MED LOW",NA
48,6,118.288924819871,49,2,2.501673117202,"M",0,0.25,1,"MED MED LOW",NA
48,7,101.472679781938,48,1,1.50098109243455,"M",0,0.25,1,"MED MED LOW",NA
48,8,145.788538229164,50,3,3.49792564423444,"M",0.247839041729458,0.25,1,"MED MED LOW",NA
48,9,62.5730721797781,47,0,0.500919124411772,"M",0,0.25,1,"MED MED LOW",NA
48,10,135.09904336117,49,2,2.49924975344399,"M",0,0.25,1,"MED MED LOW",NA
48,11,144.888844681759,50,3,3.50004778045255,"M",0.247839041729458,0.25,1,"MED MED LOW",NA
49,1,150.105588733963,51,3,3.50080618498065,"FISHED",0.24833817249164,0.25,1,"MED MED LOW",NA
49,2,177.802480721613,53,5,5.4996504028907,"M",0.21655273551587,0.25,1,"MED MED LOW",NA
49,3,100.93284834923,49,1,1.49929097817789,"M",0,0.25,1,"MED MED LOW",NA
49,4,131.801382910252,50,2,2.50056752024434,"FISHED",0.247839041729458,0.25,1,"MED MED LOW",NA
49,5,140.069603688647,51,3,3.49939062232933,"FISHED",0.24833817249164,0.25,1,"MED MED LOW",NA
49,6,142.757669561107,51,3,3.49979075450226,"M",0.24833817249164,0.25,1,"MED MED LOW",NA
49,7,96.378055803216,49,1,1.49964725649029,"M",0,0.25,1,"MED MED LOW",NA
49,8,95.9260660360145,49,1,1.4996457036932,"M",0,0.25,1,"MED MED LOW",NA
49,9,62.2040084661403,48,0,0.49858328474484,"M",0,0.25,1,"MED MED LOW",NA
49,10,130.612115210214,50,2,2.50095682277295,"FISHED",0.247839041729458,0.25,1,"MED MED LOW",NA
49,11,119.343358047336,50,2,2.50065590641901,"FISHED",0.247839041729458,0.25,1,"MED MED LOW",NA
49,12,141.373869165826,51,3,3.50089960246499,"M",0.24833817249164,0.25,1,"MED MED LOW",NA
50,1,65.1185369639099,49,0,0.501699439599166,"M",0,0.25,1,"MED MED LOW",NA
50,2,114.661369693586,51,2,2.4990285321869,"FISHED",0.24833817249164,0.25,1,"MED MED LOW",NA
50,3,98.4972864815544,50,1,1.49992764867036,"M",0.247839041729458,0.25,1,"MED MED LOW",NA
50,4,156.280482957255,53,4,4.5011649137602,"M",0.21655273551587,0.25,1,"MED MED LOW",NA
50,5,98.004942875442,50,1,1.49775150142031,"M",0.247839041729458,0.25,1,"MED MED LOW",NA
50,6,64.736061925345,49,0,0.50037792843728,"M",0,0.25,1,"MED MED LOW",NA
50,7,187.859353163573,56,7,7.50122733495461,"M",0.268574138265103,0.25,1,"MED MED LOW",NA
50,8,98.3087034962143,50,1,1.50134373260114,"FISHED",0.247839041729458,0.25,1,"MED MED LOW",NA
50,9,176.343386029273,53,4,4.49963354777602,"FISHED",0.21655273551587,0.25,1,"MED MED LOW",NA
50,10,102.716010807668,50,1,1.50072123343845,"M",0.247839041729458,0.25,1,"MED MED LOW",NA
50,11,61.8401827716485,49,0,0.499943623183478,"M",0,0.25,1,"MED MED LOW",NA
50,12,61.441349908266,49,0,0.500469878112934,"M",0,0.25,1,"MED MED LOW",NA
50,13,102.566831189557,50,1,1.49954876571328,"M",0.247839041729458,0.25,1,"MED MED LOW",NA
51,1,129.910940355799,52,2,2.49950118283129,"M",0.299738170951605,0.25,1,"MED MED LOW",NA
51,2,126.643024327908,52,2,2.50097689775905,"M",0.299738170951605,0.25,1,"MED MED LOW",NA
51,3,64.0351232605348,50,0,0.499596331185597,"M",0.247839041729458,0.25,1,"MED MED LOW",NA
51,4,63.1040194445861,50,0,0.499041394374741,"M",0.247839041729458,0.25,1,"MED MED LOW",NA
51,5,130.352317100529,52,2,2.49828277964794,"M",0.299738170951605,0.25,1,"MED MED LOW",NA
51,6,98.6702522309366,51,1,1.49865149383467,"FISHED",0.24833817249164,0.25,1,"MED MED LOW",NA
51,7,96.4583723507555,51,1,1.50060945274985,"FISHED",0.24833817249164,0.25,1,"MED MED LOW",NA
51,8,101.736743340869,51,1,1.49961926462177,"FISHED",0.24833817249164,0.25,1,"MED MED LOW",NA
51,9,98.477177030909,51,1,1.50141837460957,"M",0.24833817249164,0.25,1,"MED MED LOW",NA
51,10,130.336506346789,52,2,2.50239280208181,"M",0.299738170951605,0.25,1,"MED MED LOW",NA
51,11,61.8670356459712,50,0,0.501711659693151,"M",0.247839041729458,0.25,1,"MED MED LOW",NA
51,12,61.3325172616831,50,0,0.500308821021951,"FISHED",0.247839041729458,0.25,1,"MED MED LOW",NA
52,1,134.04669274983,53,2,2.50110181135091,"FISHED",0.21655273551587,0.25,1,"MED MED LOW",NA
52,2,100.021791446207,52,1,1.50169188184923,"FISHED",0.299738170951605,0.25,1,"MED MED LOW",NA
52,3,205.457193457526,58,7,7.50042809636656,"M",0.238088209810667,0.25,1,"MED MED LOW",NA
52,4,64.2666381093525,51,0,0.500259166342256,"M",0.24833817249164,0.25,1,"MED MED LOW",NA
52,5,61.3913710184734,51,0,0.500207459648093,"M",0.24833817249164,0.25,1,"MED MED LOW",NA
52,6,117.253780921775,53,2,2.49965489729354,"FISHED",0.21655273551587,0.25,1,"MED MED LOW",NA
52,7,94.9778520520504,52,1,1.49967635094581,"M",0.299738170951605,0.25,1,"MED MED LOW",NA
52,8,185.191299744236,57,6,6.50041001197752,"FISHED",0.287241856753826,0.25,1,"MED MED LOW",NA
52,9,64.527933000072,51,0,0.500839109052808,"FISHED",0.24833817249164,0.25,1,"MED MED LOW",NA
52,10,97.7960072863038,52,1,1.49984663040784,"M",0.299738170951605,0.25,1,"MED MED LOW",NA
52,11,96.4178887862533,52,1,1.50059816415072,"FISHED",0.299738170951605,0.25,1,"MED MED LOW",NA
52,12,65.5238880233756,51,0,0.499787480200791,"M",0.24833817249164,0.25,1,"MED MED LOW",NA
53,1,59.6341427983883,52,0,0.500507093855406,"M",0.299738170951605,0.25,1,"MED MED LOW",NA
53,2,148.975630337305,55,3,3.50027631134343,"M",0.294807574432343,0.25,1,"MED MED LOW",NA
53,3,184.857764315546,64,12,12.4995663232634,"M",0.292311610723846,0.25,1,"MED MED LOW",NA
53,4,128.624736346208,54,2,2.49958238585574,"FISHED",0.271639305213466,0.25,1,"MED MED LOW",NA
53,5,66.5720424864014,52,0,0.499021933432498,"FISHED",0.299738170951605,0.25,1,"MED MED LOW",NA
53,6,63.398401873126,52,0,0.499691537535647,"M",0.299738170951605,0.25,1,"MED MED LOW",NA
53,7,201.820501690147,60,8,8.49941565369995,"M",0.253121783980168,0.25,1,"MED MED LOW",NA
53,8,62.6570768509257,52,0,0.50121649260598,"M",0.299738170951605,0.25,1,"MED MED LOW",NA
53,9,62.2137666069435,52,0,0.500116886697131,"M",0.299738170951605,0.25,1,"MED MED LOW",NA
53,10,59.1638669303556,52,0,0.49896160210501,"FISHED",0.299738170951605,0.25,1,"MED MED LOW",NA
53,11,64.6327789245215,52,0,0.498850803938678,"M",0.299738170951605,0.25,1,"MED MED LOW",NA
53,12,93.8763223775407,53,1,1.50134285353542,"M",0.21655273551587,0.25,1,"MED MED LOW",NA
53,13,64.5087732621702,52,0,0.500658363040887,"M",0.299738170951605,0.25,1,"MED MED LOW",NA
54,1,127.162040939972,55,2,2.50020116246703,"FISHED",0.294807574432343,0.25,1,"MED MED LOW",NA
54,2,63.3632404583897,53,0,0.499981454721056,"M",0.21655273551587,0.25,1,"MED MED LOW",NA
54,3,96.9840399778086,54,1,1.49960833222615,"M",0.271639305213466,0.25,1,"MED MED LOW",NA
54,4,96.7160889664476,54,1,1.49869809494858,"FISHED",0.271639305213466,0.25,1,"MED MED LOW",NA
54,5,189.871706966996,59,6,6.49941769595361,"M",0.282468899339437,0.25,1,"MED MED LOW",NA
54,6,160.390646466337,57,4,4.49897790962926,"FISHED",0.287241856753826,0.25,1,"MED MED LOW",NA
54,7,103.805801258686,54,1,1.50079888217965,"M",0.271639305213466,0.25,1,"MED MED LOW",NA
54,8,62.9669004713774,53,0,0.496720991465303,"M",0.21655273551587,0.25,1,"MED MED LOW",NA
54,9,150.951870850315,57,4,4.4990136366075,"M",0.287241856753826,0.25,1,"MED MED LOW",NA
54,10,163.297419205265,57,4,4.49875037565624,"FISHED",0.287241856753826,0.25,1,"MED MED LOW",NA
54,11,127.580651845028,55,2,2.50063052971654,"M",0.294807574432343,0.25,1,"MED MED LOW",NA
55,1,101.603846979579,55,1,1.4998433124797,"FISHED",0.294807574432343,0.25,1,"MED MED LOW",NA
55,2,64.307918761278,54,0,0.500907845802005,"M",0.271639305213466,0.25,1,"MED MED LOW",NA
55,3,63.3934070128856,54,0,0.499864549834385,"M",0.271639305213466,0.25,1,"MED MED LOW",NA
55,4,96.6633268408884,55,1,1.49905241090526,"M",0.294807574432343,0.25,1,"MED MED LOW",NA
55,5,123.987249466866,56,2,2.49878888450255,"FISHED",0.268574138265103,0.25,1,"MED MED LOW",NA
55,6,160.989795334126,57,3,3.49858709777845,"FISHED",0.287241856753826,0.25,1,"MED MED LOW",NA
55,7,180.945135100143,61,7,7.49869168788442,"M",0.212082221824676,0.25,1,"MED MED LOW",NA
55,8,125.430008369003,56,2,2.49923633584965,"M",0.268574138265103,0.25,1,"MED MED LOW",NA
55,9,177.479909855305,61,7,7.50178449209139,"M",0.212082221824676,0.25,1,"MED MED LOW",NA
55,10,64.2349892951467,54,0,0.500184712225246,"FISHED",0.271639305213466,0.25,1,"MED MED LOW",NA
55,11,184.206696893493,60,6,6.50083944639854,"M",0.253121783980168,0.25,1,"MED MED LOW",NA
55,12,166.530091028573,58,4,4.49885208358636,"FISHED",0.238088209810667,0.25,1,"MED MED LOW",NA
56,1,149.604579515257,58,3,3.50045082586108,"FISHED",0.238088209810667,0.25,1,"MED MED LOW",NA
56,2,158.773867530836,60,5,5.49985974883734,"M",0.253121783980168,0.25,1,"MED MED LOW",NA
56,3,181.04617427349,61,6,6.49944103020677,"M",0.212082221824676,0.25,1,"MED MED LOW",NA
56,4,94.1243856483154,56,1,1.49871435580786,"FISHED",0.268574138265103,0.25,1,"MED MED LOW",NA
56,5,63.6797218377386,55,0,0.500200641147371,"M",0.294807574432343,0.25,1,"MED MED LOW",NA
56,6,59.5513467920748,55,0,0.499255457008082,"M",0.294807574432343,0.25,1,"MED MED LOW",NA
56,7,62.7885906447356,55,0,0.499851980217977,"FISHED",0.294807574432343,0.25,1,"MED MED LOW",NA
56,8,62.0206973160004,55,0,0.499414381337597,"M",0.294807574432343,0.25,1,"MED MED LOW",NA
56,9,61.3563429257526,55,0,0.501009181547472,"M",0.294807574432343,0.25,1,"MED MED LOW",NA
56,10,126.308740684923,57,2,2.50113431785114,"FISHED",0.287241856753826,0.25,1,"MED MED LOW",NA
56,11,65.4174590647779,55,0,0.500085559859162,"M",0.294807574432343,0.25,1,"MED MED LOW",NA
56,12,59.9358218685785,55,0,0.498876743046599,"M",0.294807574432343,0.25,1,"MED MED LOW",NA
57,1,162.888406941176,60,4,4.50168300862165,"M",0.253121783980168,0.25,1,"MED MED LOW",NA
57,2,98.3261076815581,57,1,1.49984022649753,"FISHED",0.287241856753826,0.25,1,"MED MED LOW",NA
57,3,174.4721892672,60,4,4.50082725647474,"FISHED",0.253121783980168,0.25,1,"MED MED LOW",NA
57,4,63.5325636236931,56,0,0.49999416661461,"M",0.268574138265103,0.25,1,"MED MED LOW",NA
57,5,160.81700567884,61,5,5.49963371814456,"FISHED",0.212082221824676,0.25,1,"MED MED LOW",NA
57,6,62.5334119949637,56,0,0.50190633559626,"M",0.268574138265103,0.25,1,"MED MED LOW",NA
57,7,97.300990231871,57,1,1.49850142834763,"M",0.287241856753826,0.25,1,"MED MED LOW",NA
57,8,91.2812082406925,57,1,1.49992442742392,"FISHED",0.287241856753826,0.25,1,"MED MED LOW",NA
57,9,175.151695110927,60,4,4.50145620166289,"M",0.253121783980168,0.25,1,"MED MED LOW",NA
57,10,122.23993538653,58,2,2.49936466075563,"M",0.238088209810667,0.25,1,"MED MED LOW",NA
57,11,96.1947741973571,57,1,1.50215078581072,"M",0.287241856753826,0.25,1,"MED MED LOW",NA
57,12,107.305691608937,57,1,1.49858350302874,"FISHED",0.287241856753826,0.25,1,"MED MED LOW",NA
58,1,96.9966310792723,58,1,1.49840919678725,"FISHED",0.238088209810667,0.25,1,"MED MED LOW",NA
58,2,60.787251051815,57,0,0.50068828799901,"FISHED",0.287241856753826,0.25,1,"MED MED LOW",NA
58,3,61.68847896218,57,0,0.500492177040643,"M",0.287241856753826,0.25,1,"MED MED LOW",NA
58,4,97.1526075790541,58,1,1.49934099768274,"FISHED",0.238088209810667,0.25,1,"MED MED LOW",NA
58,5,97.5723220871722,58,1,1.49966560896253,"FISHED",0.238088209810667,0.25,1,"MED MED LOW",NA
58,6,163.536691353581,61,4,4.50010620004635,"FISHED",0.212082221824676,0.25,1,"MED MED LOW",NA
58,7,65.7367347011276,57,0,0.499900505283673,"M",0.287241856753826,0.25,1,"MED MED LOW",NA
58,8,64.6943746952874,57,0,0.499016141421037,"M",0.287241856753826,0.25,1,"MED MED LOW",NA
58,9,99.3392901879173,58,1,1.49914511400241,"M",0.238088209810667,0.25,1,"MED MED LOW",NA
58,10,98.3777995415414,58,1,1.49919578288018,"FISHED",0.238088209810667,0.25,1,"MED MED LOW",NA
59,1,62.2038553539392,58,0,0.499182172592986,"FISHED",0.238088209810667,0.25,1,"MED MED LOW",NA
59,2,179.347453527083,62,4,4.49904416777516,"FISHED",0.218320813192986,0.25,1,"MED MED LOW",NA
59,3,175.49606257466,63,5,5.49909212572177,"FISHED",0.2480239382945,0.25,1,"MED MED LOW",NA
59,4,64.3892431527502,58,0,0.500119864859492,"FISHED",0.238088209810667,0.25,1,"MED MED LOW",NA
59,5,61.1123205283746,58,0,0.501173197573346,"M",0.238088209810667,0.25,1,"MED MED LOW",NA
59,6,63.4257321961327,58,0,0.500014463573035,"M",0.238088209810667,0.25,1,"MED MED LOW",NA
59,7,62.452690275893,58,0,0.499954007377609,"M",0.238088209810667,0.25,1,"MED MED LOW",NA
59,8,59.7378634492378,58,0,0.500368418641491,"FISHED",0.238088209810667,0.25,1,"MED MED LOW",NA
59,9,62.3011561268898,58,0,0.499784614020283,"M",0.238088209810667,0.25,1,"MED MED LOW",NA
59,10,101.482018129857,59,1,1.49889705704472,"M",0.282468899339437,0.25,1,"MED MED LOW",NA
59,11,129.890649077907,60,2,2.49965934136412,"FISHED",0.253121783980168,0.25,1,"MED MED LOW",NA
59,12,96.7632085818371,59,1,1.50048080424734,"M",0.282468899339437,0.25,1,"MED MED LOW",NA
60,1,63.1258636810032,59,0,0.501126230443146,"FISHED",0.282468899339437,0.25,1,"MED MED LOW",NA
60,2,61.3763496050477,59,0,0.499509664161261,"M",0.282468899339437,0.25,1,"MED MED LOW",NA
60,3,135.913940624914,62,3,3.5003648126322,"FISHED",0.218320813192986,0.25,1,"MED MED LOW",NA
60,4,102.470939650259,60,1,1.49918283316076,"FISHED",0.253121783980168,0.25,1,"MED MED LOW",NA
60,5,96.1254913887193,60,1,1.49992752817626,"FISHED",0.253121783980168,0.25,1,"MED MED LOW",NA
60,6,147.946712004671,62,3,3.50124493945865,"M",0.218320813192986,0.25,1,"MED MED LOW",NA
60,7,102.438175167131,60,1,1.49921105324441,"FISHED",0.253121783980168,0.25,1,"MED MED LOW",NA
60,8,62.3724353340555,59,0,0.498182229466265,"M",0.282468899339437,0.25,1,"MED MED LOW",NA
60,9,60.6755467877913,59,0,0.501856220803526,"M",0.282468899339437,0.25,1,"MED MED LOW",NA
60,10,100.22840077223,60,1,1.50052298280704,"FISHED",0.253121783980168,0.25,1,"MED MED LOW",NA
61,1,144.28598032581,63,3,3.50049716826979,"M",0.2480239382945,0.25,1,"MED MED LOW",NA
61,2,101.56827964144,61,1,1.49851689561173,"FISHED",0.212082221824676,0.25,1,"MED MED LOW",NA
61,3,61.9928128783563,60,0,0.500317977427599,"M",0.253121783980168,0.25,1,"MED MED LOW",NA
61,4,89.9968222682547,61,1,1.49965977074884,"M",0.212082221824676,0.25,1,"MED MED LOW",NA
61,5,64.0321973791111,60,0,0.50149523234318,"M",0.253121783980168,0.25,1,"MED MED LOW",NA
61,6,144.037681321106,63,3,3.49870834021606,"M",0.2480239382945,0.25,1,"MED MED LOW",NA
61,7,101.509481695611,61,1,1.49992832609913,"M",0.212082221824676,0.25,1,"MED MED LOW",NA
61,8,152.451612915399,63,3,3.50027160948548,"M",0.2480239382945,0.25,1,"MED MED LOW",NA
61,9,136.464839337428,62,2,2.5020864221729,"M",0.218320813192986,0.25,1,"MED MED LOW",NA
61,10,63.9587581314992,60,0,0.499035830911189,"M",0.253121783980168,0.25,1,"MED MED LOW",NA
61,11,63.3479146033279,60,0,0.50128487182208,"FISHED",0.253121783980168,0.25,1,"MED MED LOW",NA
62,1,123.206624300538,63,2,2.50032814703414,"M",0.2480239382945,0.25,1,"MED MED LOW",NA
62,2,168.024027347813,67,6,6.50098516848303,"FISHED",0.207292452664115,0.25,1,"MED MED LOW",NA
62,3,140.293180004713,64,3,3.49902191733884,"M",0.292311610723846,0.25,1,"MED MED LOW",NA
62,4,99.3102935313213,62,1,1.50136204873526,"FISHED",0.218320813192986,0.25,1,"MED MED LOW",NA
62,5,128.947021857549,63,2,2.50171294099145,"M",0.2480239382945,0.25,1,"MED MED LOW",NA
62,6,96.1093888006367,62,1,1.50102819987199,"M",0.218320813192986,0.25,1,"MED MED LOW",NA
62,7,123.201714442221,63,2,2.49998264813141,"FISHED",0.2480239382945,0.25,1,"MED MED LOW",NA
62,8,64.1585578253338,61,0,0.499942109155321,"FISHED",0.212082221824676,0.25,1,"MED MED LOW",NA
62,9,64.5182615152561,61,0,0.50074306564963,"FISHED",0.212082221824676,0.25,1,"MED MED LOW",NA
62,10,140.808074231459,63,2,2.49938651319875,"FISHED",0.2480239382945,0.25,1,"MED MED LOW",NA
62,11,66.1452947494827,61,0,0.502122177046495,"FISHED",0.212082221824676,0.25,1,"MED MED LOW",NA
62,12,60.9346440829111,61,0,0.499908196396822,"M",0.212082221824676,0.25,1,"MED MED LOW",NA
63,1,181.648929321479,67,5,5.49979591005281,"FISHED",0.207292452664115,0.25,1,"MED MED LOW",NA
63,2,130.063241870301,64,2,2.49866509036978,"FISHED",0.292311610723846,0.25,1,"MED MED LOW",NA
63,3,61.9411048122489,62,0,0.501791554751811,"M",0.218320813192986,0.25,1,"MED MED LOW",NA
63,4,184.660752550072,68,6,6.4986122491447,"FISHED",0.282429250399582,0.25,1,"MED MED LOW",NA
63,5,101.280348651104,63,1,1.49968776634124,"M",0.2480239382945,0.25,1,"MED MED LOW",NA
63,6,60.7915470340317,62,0,0.502355372820303,"M",0.218320813192986,0.25,1,"MED MED LOW",NA
63,7,63.8420202134127,62,0,0.501374184527968,"FISHED",0.218320813192986,0.25,1,"MED MED LOW",NA
63,8,64.6663796170975,62,0,0.499362430895923,"M",0.218320813192986,0.25,1,"MED MED LOW",NA
63,9,62.5085942981782,62,0,0.499992777969872,"FISHED",0.218320813192986,0.25,1,"MED MED LOW",NA
63,10,94.678971930171,63,1,1.49949363174284,"M",0.2480239382945,0.25,1,"MED MED LOW",NA
64,1,60.6764455507885,63,0,0.499776346724124,"M",0.2480239382945,0.25,1,"MED MED LOW",NA
64,2,63.5140323666041,63,0,0.50102858451248,"FISHED",0.2480239382945,0.25,1,"MED MED LOW",NA
64,3,62.2063360375385,63,0,0.499094149319111,"FISHED",0.2480239382945,0.25,1,"MED MED LOW",NA
64,4,103.907831582817,64,1,1.49976432941363,"M",0.292311610723846,0.25,1,"MED MED LOW",NA
64,5,61.4058025420338,63,0,0.499702182626308,"FISHED",0.2480239382945,0.25,1,"MED MED LOW",NA
64,6,173.375106661667,67,4,4.50082942160266,"M",0.207292452664115,0.25,1,"MED MED LOW",NA
64,7,63.1819285507609,63,0,0.500481915776816,"M",0.2480239382945,0.25,1,"MED MED LOW",NA
64,8,100.272680215558,64,1,1.50077338161254,"M",0.292311610723846,0.25,1,"MED MED LOW",NA
64,9,62.9676804472064,63,0,0.498188488192842,"M",0.2480239382945,0.25,1,"MED MED LOW",NA
64,10,62.1171798608123,63,0,0.499217035424674,"FISHED",0.2480239382945,0.25,1,"MED MED LOW",NA
65,1,118.209050459203,66,2,2.50154636508777,"M",0.243729901988991,0.25,1,"MED MED LOW",NA
65,2,146.980445933552,67,3,3.50048602757972,"FISHED",0.207292452664115,0.25,1,"MED MED LOW",NA
65,3,59.22790382902,64,0,0.501191451373512,"FISHED",0.292311610723846,0.25,1,"MED MED LOW",NA
65,4,190.301734836182,70,6,6.50048217085039,"FISHED",0.236491187661886,0.25,1,"MED MED LOW",NA
65,5,230.541899703128,70,6,6.5014255078755,"M",0.236491187661886,0.25,1,"MED MED LOW",NA
65,6,97.2286886119701,65,1,1.50052060222902,"M",0.205591863393784,0.25,1,"MED MED LOW",NA
65,7,61.3920462830694,64,0,0.501038428660998,"M",0.292311610723846,0.25,1,"MED MED LOW",NA
65,8,96.8055502357317,65,1,1.49987279424193,"FISHED",0.205591863393784,0.25,1,"MED MED LOW",NA
65,9,173.053593071233,68,4,4.50023958962873,"FISHED",0.282429250399582,0.25,1,"MED MED LOW",NA
65,10,96.6004245872687,65,1,1.50015507705646,"FISHED",0.205591863393784,0.25,1,"MED MED LOW",NA
65,11,99.710328098262,65,1,1.49950298264651,"M",0.205591863393784,0.25,1,"MED MED LOW",NA
66,1,110.593107191772,66,1,1.50031521112682,"FISHED",0.243729901988991,0.25,1,"MED MED LOW",NA
66,2,147.860102991816,68,3,3.5002892080126,"M",0.282429250399582,0.25,1,"MED MED LOW",NA
66,3,178.03755536792,69,4,4.50050893056498,"FISHED",0.289081244636327,0.25,1,"MED MED LOW",NA
66,4,61.3631211227763,65,0,0.499584465387103,"M",0.205591863393784,0.25,1,"MED MED LOW",NA
66,5,62.3213840294669,65,0,0.498404913852302,"FISHED",0.205591863393784,0.25,1,"MED MED LOW",NA
66,6,118.783760811317,67,2,2.49966240734985,"M",0.207292452664115,0.25,1,"MED MED LOW",NA
66,7,63.5937990926047,65,0,0.502747640699096,"FISHED",0.205591863393784,0.25,1,"MED MED LOW",NA
66,8,159.380725969325,69,4,4.50152811482665,"M",0.289081244636327,0.25,1,"MED MED LOW",NA
67,1,64.1476921982661,66,0,0.499758467029167,"M",0.243729901988991,0.25,1,"MED MED LOW",NA
67,2,62.0631748307044,66,0,0.498529500779603,"FISHED",0.243729901988991,0.25,1,"MED MED LOW",NA
67,3,198.380186681765,71,5,5.49991224965443,"FISHED",0.264038226264529,0.25,1,"MED MED LOW",NA
67,4,122.437635794321,68,2,2.49990234329556,"M",0.282429250399582,0.25,1,"MED MED LOW",NA
67,5,61.6095002247131,66,0,0.500444286425335,"M",0.243729901988991,0.25,1,"MED MED LOW",NA
67,6,136.044615150572,69,3,3.50059380832755,"M",0.289081244636327,0.25,1,"MED MED LOW",NA
67,7,166.221929786255,70,4,4.49992555326452,"FISHED",0.236491187661886,0.25,1,"MED MED LOW",NA
67,8,66.3398201774173,66,0,0.498873706546126,"M",0.243729901988991,0.25,1,"MED MED LOW",NA
68,1,131.353803107783,69,2,2.49961226190977,"M",0.289081244636327,0.25,1,"MED MED LOW",NA
68,2,63.3414000470295,67,0,0.50003389100226,"M",0.207292452664115,0.25,1,"MED MED LOW",NA
68,3,98.4957927667874,68,1,1.50046080382982,"FISHED",0.282429250399582,0.25,1,"MED MED LOW",NA
68,4,63.5877347823525,67,0,0.500459274143486,"FISHED",0.207292452664115,0.25,1,"MED MED LOW",NA
68,5,65.8483481659962,67,0,0.499670313150327,"M",0.207292452664115,0.25,1,"MED MED LOW",NA
68,6,97.1975407531051,68,1,1.49950642141563,"FISHED",0.282429250399582,0.25,1,"MED MED LOW",NA
68,7,104.768974569974,68,1,1.50045631852298,"M",0.282429250399582,0.25,1,"MED MED LOW",NA
68,8,194.414869478865,73,6,6.50064294374156,"FISHED",0.253391669061966,0.25,1,"MED MED LOW",NA
68,9,96.8242612393083,68,1,1.50065991645639,"FISHED",0.282429250399582,0.25,1,"MED MED LOW",NA
68,10,61.4139826874471,67,0,0.499838304169787,"M",0.207292452664115,0.25,1,"MED MED LOW",NA
69,1,188.331155135275,73,5,5.49947659861415,"FISHED",0.253391669061966,0.25,1,"MED MED LOW",NA
69,2,96.142518396171,69,1,1.49962738522401,"FISHED",0.289081244636327,0.25,1,"MED MED LOW",NA
69,3,62.0726345524286,68,0,0.5000052039491,"M",0.282429250399582,0.25,1,"MED MED LOW",NA
69,4,61.6194924229249,68,0,0.499031980281106,"M",0.282429250399582,0.25,1,"MED MED LOW",NA
69,5,62.4197884737582,68,0,0.49959405666985,"FISHED",0.282429250399582,0.25,1,"MED MED LOW",NA
69,6,97.5298373495572,69,1,1.50042683635582,"M",0.289081244636327,0.25,1,"MED MED LOW",NA
69,7,63.490595543334,68,0,0.501642513315414,"FISHED",0.282429250399582,0.25,1,"MED MED LOW",NA
69,8,102.306750972781,69,1,1.49864418803024,"FISHED",0.289081244636327,0.25,1,"MED MED LOW",NA
69,9,140.841018491098,71,3,3.4992009753139,"M",0.264038226264529,0.25,1,"MED MED LOW",NA
69,10,100.824069835777,69,1,1.50179735323897,"M",0.289081244636327,0.25,1,"MED MED LOW",NA
69,11,99.0105356055171,69,1,1.50111563069398,"FISHED",0.289081244636327,0.25,1,"MED MED LOW",NA
69,12,125.719439176197,70,2,2.50048872800885,"M",0.236491187661886,0.25,1,"MED MED LOW",NA
70,1,102.215666876329,70,1,1.50072007747555,"M",0.236491187661886,0.25,1,"MED MED LOW",NA
70,2,65.4396961046794,69,0,0.498630905336409,"FISHED",0.289081244636327,0.25,1,"MED MED LOW",NA
70,3,61.9091227777134,69,0,0.500570951188592,"FISHED",0.289081244636327,0.25,1,"MED MED LOW",NA
70,4,99.7377711266085,70,1,1.50122017578462,"M",0.236491187661886,0.25,1,"MED MED LOW",NA
70,5,134.345408351676,71,2,2.50072149694701,"M",0.264038226264529,0.25,1,"MED MED LOW",NA
70,6,62.629895757653,69,0,0.499176624275731,"FISHED",0.289081244636327,0.25,1,"MED MED LOW",NA
70,7,61.5621559001538,69,0,0.499541100186295,"M",0.289081244636327,0.25,1,"MED MED LOW",NA
70,8,103.463467317153,70,1,1.500243267893,"M",0.236491187661886,0.25,1,"MED MED LOW",NA
70,9,62.9684152659312,69,0,0.500745283639935,"FISHED",0.289081244636327,0.25,1,"MED MED LOW",NA
70,10,63.9915173721748,69,0,0.499703050233416,"M",0.289081244636327,0.25,1,"MED MED LOW",NA
70,11,171.597538512771,73,4,4.4992535852406,"FISHED",0.253391669061966,0.25,1,"MED MED LOW",NA
70,12,179.663690386998,76,7,7.49928347030401,"M",0.286443528765813,0.25,1,"MED MED LOW",NA
71,1,125.588302103769,72,2,2.50123638064645,"M",0.280123456381261,0.25,1,"MED MED LOW",NA
71,2,121.256070627131,72,2,2.50058302705535,"FISHED",0.280123456381261,0.25,1,"MED MED LOW",NA
71,3,145.876433599791,73,3,3.49848638109874,"M",0.253391669061966,0.25,1,"MED MED LOW",NA
71,4,184.419036674268,75,5,5.49885138041892,"M",0.22835232981015,0.25,1,"MED MED LOW",NA
71,5,93.8534794983365,71,1,1.49943074741338,"FISHED",0.264038226264529,0.25,1,"MED MED LOW",NA
71,6,163.953183080337,74,4,4.50217367019445,"M",0.201366346050054,0.25,1,"MED MED LOW",NA
71,7,62.132973818692,70,0,0.498467158364692,"M",0.236491187661886,0.25,1,"MED MED LOW",NA
71,8,135.780539968778,72,2,2.4985039585515,"FISHED",0.280123456381261,0.25,1,"MED MED LOW",NA
71,9,63.7416743896561,70,0,0.500369763275105,"M",0.236491187661886,0.25,1,"MED MED LOW",NA
71,10,136.888243820074,73,3,3.50097829776758,"M",0.253391669061966,0.25,1,"MED MED LOW",NA
71,11,61.5983497293362,70,0,0.500392422952054,"M",0.236491187661886,0.25,1,"MED MED LOW",NA
72,1,105.959085537914,72,1,1.50093623323589,"M",0.280123456381261,0.25,1,"MED MED LOW",NA
72,2,63.835489180776,71,0,0.500824660074777,"M",0.264038226264529,0.25,1,"MED MED LOW",NA
72,3,157.372546018151,74,3,3.49940283235659,"FISHED",0.201366346050054,0.25,1,"MED MED LOW",NA
72,4,95.0996299350964,72,1,1.49934818200822,"FISHED",0.280123456381261,0.25,1,"MED MED LOW",NA
72,5,144.466463852046,74,3,3.50059576196842,"FISHED",0.201366346050054,0.25,1,"MED MED LOW",NA
72,6,63.9599497890093,71,0,0.499988639624849,"M",0.264038226264529,0.25,1,"MED MED LOW",NA
72,7,63.8012010061469,71,0,0.500796391363665,"M",0.264038226264529,0.25,1,"MED MED LOW",NA
72,8,95.0666391583776,72,1,1.49980611005034,"FISHED",0.280123456381261,0.25,1,"MED MED LOW",NA
72,9,66.3338545414422,71,0,0.50076752863402,"M",0.264038226264529,0.25,1,"MED MED LOW",NA
72,10,95.1165744120156,72,1,1.49953693248125,"FISHED",0.280123456381261,0.25,1,"MED MED LOW",NA
72,11,127.066340639684,73,2,2.49934143450631,"FISHED",0.253391669061966,0.25,1,"MED MED LOW",NA
72,12,61.0642567693372,71,0,0.500671402952552,"FISHED",0.264038226264529,0.25,1,"MED MED LOW",NA
73,1,98.154803328356,73,1,1.49951960376628,"FISHED",0.253391669061966,0.25,1,"MED MED LOW",NA
73,2,64.0958751823164,72,0,0.500994937063225,"M",0.280123456381261,0.25,1,"MED MED LOW",NA
73,3,62.3373960026037,72,0,0.498675478415152,"M",0.280123456381261,0.25,1,"MED MED LOW",NA
73,4,63.0675878707933,72,0,0.498819865733384,"FISHED",0.280123456381261,0.25,1,"MED MED LOW",NA
73,5,144.22599011641,75,3,3.50068471645574,"FISHED",0.22835232981015,0.25,1,"MED MED LOW",NA
73,6,142.766258484806,75,3,3.49930352719429,"M",0.22835232981015,0.25,1,"MED MED LOW",NA
73,7,168.98325275475,76,4,4.50138594953478,"M",0.286443528765813,0.25,1,"MED MED LOW",NA
73,8,63.0109470398207,72,0,0.500876451545908,"M",0.280123456381261,0.25,1,"MED MED LOW",NA
73,9,62.2917723387061,72,0,0.500536184827858,"M",0.280123456381261,0.25,1,"MED MED LOW",NA
73,10,146.521486873102,76,4,4.50036475858754,"M",0.286443528765813,0.25,1,"MED MED LOW",NA
73,11,102.772630437436,73,1,1.50061172195617,"M",0.253391669061966,0.25,1,"MED MED LOW",NA
73,12,128.7047931264,74,2,2.50011325745922,"M",0.201366346050054,0.25,1,"MED MED LOW",NA
74,1,138.622883762107,76,3,3.50073538252582,"FISHED",0.286443528765813,0.25,1,"MED MED LOW",NA
74,2,124.777880535901,75,2,2.50152435606967,"M",0.22835232981015,0.25,1,"MED MED LOW",NA
74,3,64.2740100220442,73,0,0.500384467041868,"FISHED",0.253391669061966,0.25,1,"MED MED LOW",NA
74,4,173.921299909855,77,4,4.50144410597035,"M",0.274621061980724,0.25,1,"MED MED LOW",NA
74,5,126.813164286165,75,2,2.50026652794516,"M",0.22835232981015,0.25,1,"MED MED LOW",NA
74,6,63.8870646344163,73,0,0.50194571780004,"FISHED",0.253391669061966,0.25,1,"MED MED LOW",NA
74,7,127.256727620704,75,2,2.50044321946973,"M",0.22835232981015,0.25,1,"MED MED LOW",NA
74,8,62.3939215507511,73,0,0.49947444308691,"M",0.253391669061966,0.25,1,"MED MED LOW",NA
74,9,60.9717853315823,73,0,0.501232647674285,"M",0.253391669061966,0.25,1,"MED MED LOW",NA
74,10,93.7195113571119,74,1,1.5007239580523,"M",0.201366346050054,0.25,1,"MED MED LOW",NA
74,11,61.0861466537893,73,0,0.499935884489579,"FISHED",0.253391669061966,0.25,1,"MED MED LOW",NA
75,1,170.405758808673,79,5,5.50061242716486,"FISHED",0.245894348388538,0.25,1,"MED MED LOW",NA
75,2,62.1724471093489,74,0,0.501309992512514,"M",0.201366346050054,0.25,1,"MED MED LOW",NA
75,3,171.785394889058,78,4,4.4996705122356,"FISHED",0.238552610180341,0.25,1,"MED MED LOW",NA
75,4,97.5990842811122,75,1,1.49931168496577,"M",0.22835232981015,0.25,1,"MED MED LOW",NA
75,5,92.8035272394066,75,1,1.49969002699319,"M",0.22835232981015,0.25,1,"MED MED LOW",NA
75,6,62.8308991008998,74,0,0.499844104733702,"M",0.201366346050054,0.25,1,"MED MED LOW",NA
75,7,140.965569964283,77,3,3.50017319920184,"FISHED",0.274621061980724,0.25,1,"MED MED LOW",NA
75,8,120.981716561969,76,2,2.50020707855938,"FISHED",0.286443528765813,0.25,1,"MED MED LOW",NA
75,9,195.407242881494,78,4,4.50073156564166,"FISHED",0.238552610180341,0.25,1,"MED MED LOW",NA
75,10,179.507534904745,79,5,5.4983054521436,"FISHED",0.245894348388538,0.25,1,"MED MED LOW",NA
76,1,61.5641681163304,75,0,0.499083801816835,"M",0.22835232981015,0.25,1,"MED MED LOW",NA
76,2,186.133229157118,81,6,6.50160359031941,"FISHED",0.228145508770831,0.25,1,"MED MED LOW",NA
76,3,97.0873766603849,76,1,1.49981764642747,"M",0.286443528765813,0.25,1,"MED MED LOW",NA
76,4,61.3750698655526,75,0,0.499321457227452,"FISHED",0.22835232981015,0.25,1,"MED MED LOW",NA
76,5,59.5319155599124,75,0,0.499515655295242,"M",0.22835232981015,0.25,1,"MED MED LOW",NA
76,6,107.17816981409,76,1,1.49999083995372,"M",0.286443528765813,0.25,1,"MED MED LOW",NA
76,7,158.836257775342,78,3,3.50188563545971,"FISHED",0.238552610180341,0.25,1,"MED MED LOW",NA
76,8,96.7955354421567,76,1,1.49995573883294,"FISHED",0.286443528765813,0.25,1,"MED MED LOW",NA
76,9,99.2680498010225,76,1,1.5000894549905,"M",0.286443528765813,0.25,1,"MED MED LOW",NA
76,10,64.3794257536166,75,0,0.498802976502674,"M",0.22835232981015,0.25,1,"MED MED LOW",NA
76,11,222.519765403131,83,8,8.49955537088586,"M",0.277702664816752,0.25,1,"MED MED LOW",NA
77,1,62.5072083791278,76,0,0.501018678170265,"M",0.286443528765813,0.25,1,"MED MED LOW",NA
77,2,63.6145920463531,76,0,0.499772866196984,"FISHED",0.286443528765813,0.25,1,"MED MED LOW",NA
77,3,64.2497265917307,76,0,0.499909379555464,"M",0.286443528765813,0.25,1,"MED MED LOW",NA
77,4,214.571039888263,82,6,6.49794046549643,"M",0.243848639214411,0.25,1,"MED MED LOW",NA
77,5,97.2896218675774,77,1,1.49909858650446,"FISHED",0.274621061980724,0.25,1,"MED MED LOW",NA
77,6,60.7469385006562,76,0,0.500266700347145,"M",0.286443528765813,0.25,1,"MED MED LOW",NA
77,7,175.794466819584,80,4,4.50061181771628,"FISHED",0.241270013363101,0.25,1,"MED MED LOW",NA
77,8,127.342335887149,78,2,2.50088659913775,"FISHED",0.238552610180341,0.25,1,"MED MED LOW",NA
77,9,161.847472262777,81,5,5.50013184537002,"FISHED",0.228145508770831,0.25,1,"MED MED LOW",NA
77,10,160.019657113763,80,4,4.50118418518002,"M",0.241270013363101,0.25,1,"MED MED LOW",NA
77,11,100.785766092237,77,1,1.49900019066049,"FISHED",0.274621061980724,0.25,1,"MED MED LOW",NA
78,1,63.4957073763884,77,0,0.49991162904825,"FISHED",0.274621061980724,0.25,1,"MED MED LOW",NA
78,2,62.2883169932166,77,0,0.500190753057157,"M",0.274621061980724,0.25,1,"MED MED LOW",NA
78,3,175.855145511143,82,5,5.49939132335166,"M",0.243848639214411,0.25,1,"MED MED LOW",NA
78,4,102.871096199293,78,1,1.50010792560438,"FISHED",0.238552610180341,0.25,1,"MED MED LOW",NA
78,5,61.4080491561006,77,0,0.499630256455016,"M",0.274621061980724,0.25,1,"MED MED LOW",NA
78,6,61.399799814072,77,0,0.501004927255242,"FISHED",0.274621061980724,0.25,1,"MED MED LOW",NA
78,7,64.6976528049558,77,0,0.499343073318289,"FISHED",0.274621061980724,0.25,1,"MED MED LOW",NA
78,8,61.549121482285,77,0,0.499594413332382,"M",0.274621061980724,0.25,1,"MED MED LOW",NA
78,9,141.044572375429,80,3,3.50036898008851,"M",0.241270013363101,0.25,1,"MED MED LOW",NA
78,10,174.034736048336,82,5,5.50050545486882,"M",0.243848639214411,0.25,1,"MED MED LOW",NA
78,11,104.162800524656,78,1,1.49955912733504,"M",0.238552610180341,0.25,1,"MED MED LOW",NA
78,12,175.477929050999,83,6,6.49956660983257,"M",0.277702664816752,0.25,1,"MED MED LOW",NA
78,13,147.176618560848,80,3,3.50013781029327,"FISHED",0.241270013363101,0.25,1,"MED MED LOW",NA
79,1,62.6353246443289,78,0,0.501181687060765,"M",0.238552610180341,0.25,1,"MED MED LOW",NA
79,2,126.806513410202,80,2,2.50079291850665,"M",0.241270013363101,0.25,1,"MED MED LOW",NA
79,3,66.3928065229297,78,0,0.498351116777181,"M",0.238552610180341,0.25,1,"MED MED LOW",NA
79,4,96.2114777406881,79,1,1.50055064620105,"M",0.245894348388538,0.25,1,"MED MED LOW",NA
79,5,62.0844885495428,78,0,0.5001064676441,"FISHED",0.238552610180341,0.25,1,"MED MED LOW",NA
79,6,92.0755199442152,79,1,1.49963699084391,"FISHED",0.245894348388538,0.25,1,"MED MED LOW",NA
79,7,96.9557967913915,79,1,1.50013695971776,"M",0.245894348388538,0.25,1,"MED MED LOW",NA
79,8,63.8071228583707,78,0,0.499322735423872,"FISHED",0.238552610180341,0.25,1,"MED MED LOW",NA
79,9,101.323765005131,79,1,1.50061808315021,"FISHED",0.245894348388538,0.25,1,"MED MED LOW",NA
80,1,93.7132632057508,80,1,1.49844313304428,"M",0.241270013363101,0.25,1,"MED MED LOW",NA
80,2,61.5268355438374,79,0,0.500543561188569,"M",0.245894348388538,0.25,1,"MED MED LOW",NA
80,3,61.8520542436585,79,0,0.498509736334441,"FISHED",0.245894348388538,0.25,1,"MED MED LOW",NA
80,4,185.438170441354,87,8,8.4997163135401,"M",0.161441999487579,0.25,1,"MED MED LOW",NA
80,5,127.764584605416,81,2,2.49910663317287,"M",0.228145508770831,0.25,1,"MED MED LOW",NA
80,6,63.6527599377919,79,0,0.499216392473386,"M",0.245894348388538,0.25,1,"MED MED LOW",NA
80,7,100.805170400181,80,1,1.49943184044467,"M",0.241270013363101,0.25,1,"MED MED LOW",NA
80,8,174.549992564853,85,6,6.49995933504738,"M",0.193480319599621,0.25,1,"MED MED LOW",NA
80,9,119.578566417883,81,2,2.49915897730224,"M",0.228145508770831,0.25,1,"MED MED LOW",NA
80,10,60.8033121375456,79,0,0.500882298188168,"FISHED",0.245894348388538,0.25,1,"MED MED LOW",NA
80,11,100.897235183684,80,1,1.49980030807555,"FISHED",0.241270013363101,0.25,1,"MED MED LOW",NA
80,12,135.192205506751,82,3,3.49831123363094,"M",0.243848639214411,0.25,1,"MED MED LOW",NA
81,1,96.645510812109,81,1,1.49888123374141,"M",0.228145508770831,0.25,1,"MED MED LOW",NA
81,2,62.0554777003605,80,0,0.499530055914608,"FISHED",0.241270013363101,0.25,1,"MED MED LOW",NA
81,3,64.7184597461243,80,0,0.5008293886271,"M",0.241270013363101,0.25,1,"MED MED LOW",NA
81,4,96.2944916259257,81,1,1.49980680074747,"FISHED",0.228145508770831,0.25,1,"MED MED LOW",NA
81,5,61.077096674489,80,0,0.500083459569304,"FISHED",0.241270013363101,0.25,1,"MED MED LOW",NA
81,6,145.367617231482,83,3,3.49786583928899,"FISHED",0.277702664816752,0.25,1,"MED MED LOW",NA
81,7,64.243149606053,80,0,0.499351717551017,"M",0.241270013363101,0.25,1,"MED MED LOW",NA
81,8,139.555177120127,82,2,2.50105012924724,"M",0.243848639214411,0.25,1,"MED MED LOW",NA
81,9,62.9954599282901,80,0,0.49954507029896,"FISHED",0.241270013363101,0.25,1,"MED MED LOW",NA
81,10,131.477669566152,82,2,2.49882839143489,"M",0.243848639214411,0.25,1,"MED MED LOW",NA
81,11,124.508160081665,82,2,2.50151959689392,"M",0.243848639214411,0.25,1,"MED MED LOW",NA
82,1,99.0889438495648,82,1,1.49978599370641,"FISHED",0.243848639214411,0.25,1,"MED MED LOW",NA
82,2,120.809279469623,83,2,2.49872491304712,"FISHED",0.277702664816752,0.25,1,"MED MED LOW",NA
82,3,62.8733189110863,81,0,0.498497020030816,"M",0.228145508770831,0.25,1,"MED MED LOW",NA
82,4,140.555730320118,84,3,3.50039326535556,"FISHED",0.140647392557003,0.25,1,"MED MED LOW",NA
82,5,98.9302376983411,82,1,1.50009570191086,"M",0.243848639214411,0.25,1,"MED MED LOW",NA
82,6,100.877698903705,82,1,1.50035613771384,"M",0.243848639214411,0.25,1,"MED MED LOW",NA
82,7,64.4335917504513,81,0,0.50065117734522,"M",0.228145508770831,0.25,1,"MED MED LOW",NA
82,8,63.0445697307053,81,0,0.501538097651742,"M",0.228145508770831,0.25,1,"MED MED LOW",NA
82,9,63.0686702114386,81,0,0.499307218770147,"M",0.228145508770831,0.25,1,"MED MED LOW",NA
82,10,150.156827310122,84,3,3.50149541059854,"M",0.140647392557003,0.25,1,"MED MED LOW",NA
82,11,131.059626202432,83,2,2.50008737633637,"M",0.277702664816752,0.25,1,"MED MED LOW",NA
83,1,62.7415360063575,82,0,0.498778977357005,"M",0.243848639214411,0.25,1,"MED MED LOW",NA
83,2,61.0841967736085,82,0,0.498186960356919,"FISHED",0.243848639214411,0.25,1,"MED MED LOW",NA
83,3,242.452678224598,92,10,10.4993652032925,"M",0.135939376940951,0.25,1,"MED MED LOW",NA
83,4,194.10220028226,88,6,6.50058169833481,"M",0.143315429193899,0.25,1,"MED MED LOW",NA
83,5,185.391720883614,87,5,5.50071453331922,"M",0.161441999487579,0.25,1,"MED MED LOW",NA
83,6,61.4906367760117,82,0,0.500671729188641,"M",0.243848639214411,0.25,1,"MED MED LOW",NA
83,7,61.1359164408338,82,0,0.499023544028374,"FISHED",0.243848639214411,0.25,1,"MED MED LOW",NA
83,8,115.892944625559,84,2,2.50043153235281,"M",0.140647392557003,0.25,1,"MED MED LOW",NA
83,9,96.292320343959,83,1,1.50082347725261,"FISHED",0.277702664816752,0.25,1,"MED MED LOW",NA
83,10,63.1537431766543,82,0,0.499696255326375,"M",0.243848639214411,0.25,1,"MED MED LOW",NA
83,11,62.5953636644643,82,0,0.500310031147724,"FISHED",0.243848639214411,0.25,1,"MED MED LOW",NA
83,12,130.738515608356,84,2,2.50269433692381,"M",0.140647392557003,0.25,1,"MED MED LOW",NA
83,13,63.1461827183621,82,0,0.501581358715638,"M",0.243848639214411,0.25,1,"MED MED LOW",NA
83,14,96.5181502327215,83,1,1.4987875869086,"M",0.277702664816752,0.25,1,"MED MED LOW",NA
84,1,102.046434914788,84,1,1.50090168221982,"FISHED",0.140647392557003,0.25,1,"MED MED LOW",NA
84,2,122.264412073283,85,2,2.50131025122945,"M",0.193480319599621,0.25,1,"MED MED LOW",NA
84,3,118.092377286373,85,2,2.50124055530075,"FISHED",0.193480319599621,0.25,1,"MED MED LOW",NA
84,4,141.665135281786,85,2,2.49970373815186,"M",0.193480319599621,0.25,1,"MED MED LOW",NA
84,5,99.5518950302673,84,1,1.4994215600511,"FISHED",0.140647392557003,0.25,1,"MED MED LOW",NA
84,6,63.4838123399317,83,0,0.501425714093974,"FISHED",0.277702664816752,0.25,1,"MED MED LOW",NA
84,7,61.2942242844475,83,0,0.500005376308707,"M",0.277702664816752,0.25,1,"MED MED LOW",NA
84,8,132.05030224377,85,2,2.49757396017424,"M",0.193480319599621,0.25,1,"MED MED LOW",NA
84,9,90.8843557626226,84,1,1.5027072333317,"FISHED",0.140647392557003,0.25,1,"MED MED LOW",NA
85,1,123.915317508909,86,2,2.49932777465864,"FISHED",0.113234994607046,0.25,1,"MED MED LOW",NA
85,2,97.7778827973344,85,1,1.49932126278485,"M",0.193480319599621,0.25,1,"MED MED LOW",NA
85,3,99.1017491884835,85,1,1.49988766812782,"M",0.193480319599621,0.25,1,"MED MED LOW",NA
85,4,134.161306671634,87,3,3.49949057135909,"M",0.161441999487579,0.25,1,"MED MED LOW",NA
85,5,61.0479659578041,84,0,0.500138227543975,"M",0.140647392557003,0.25,1,"MED MED LOW",NA
85,6,99.9625252288174,85,1,1.50024350025098,"M",0.193480319599621,0.25,1,"MED MED LOW",NA
85,7,100.122114946081,85,1,1.49888131010611,"FISHED",0.193480319599621,0.25,1,"MED MED LOW",NA
85,8,150.926160111347,87,3,3.50091779933235,"FISHED",0.161441999487579,0.25,1,"MED MED LOW",NA
85,9,63.0384729210146,84,0,0.501100389872041,"M",0.140647392557003,0.25,1,"MED MED LOW",NA
86,1,135.102005796085,87,2,2.50010004545907,"FISHED",0.161441999487579,0.25,1,"MED MED LOW",NA
86,2,146.995296831976,88,3,3.5006695409978,"FISHED",0.143315429193899,0.25,1,"MED MED LOW",NA
86,3,63.1940579777714,85,0,0.500936418264639,"FISHED",0.193480319599621,0.25,1,"MED MED LOW",NA
86,4,123.515070159596,87,2,2.50029572481314,"M",0.161441999487579,0.25,1,"MED MED LOW",NA
86,5,116.19138690646,87,2,2.49814235795938,"M",0.161441999487579,0.25,1,"MED MED LOW",NA
86,6,121.826696415052,87,2,2.49989971571009,"FISHED",0.161441999487579,0.25,1,"MED MED LOW",NA
86,7,99.1036767726006,86,1,1.50032861760869,"M",0.113234994607046,0.25,1,"MED MED LOW",NA
86,8,208.801746498043,96,11,11.5000996873004,"M",0.133120344392955,0.25,1,"MED MED LOW",NA
86,9,210.933468560835,91,6,6.49867208385151,"M",0.135889896098524,0.25,1,"MED MED LOW",NA
86,10,95.3595237508359,86,1,1.50077519730729,"M",0.113234994607046,0.25,1,"MED MED LOW",NA
86,11,98.1707997934952,86,1,1.49933522547858,"M",0.113234994607046,0.25,1,"MED MED LOW",NA
87,1,141.127394774645,89,3,3.49957973987924,"FISHED",0.155392522341572,0.25,1,"MED MED LOW",NA
87,2,135.877276938033,89,3,3.50040071077135,"FISHED",0.155392522341572,0.25,1,"MED MED LOW",NA
87,3,141.978933351462,89,3,3.49912748718017,"M",0.155392522341572,0.25,1,"MED MED LOW",NA
87,4,101.616342043199,87,1,1.50089840496869,"M",0.161441999487579,0.25,1,"MED MED LOW",NA
87,5,159.807885855902,89,3,3.49903826477897,"M",0.155392522341572,0.25,1,"MED MED LOW",NA
87,6,180.05573253746,90,4,4.50090391668764,"FISHED",0.151620243443176,0.25,1,"MED MED LOW",NA
87,7,63.6619893124454,86,0,0.501514612995202,"M",0.113234994607046,0.25,1,"MED MED LOW",NA
87,8,155.328441555156,89,3,3.49923531229586,"M",0.155392522341572,0.25,1,"MED MED LOW",NA
87,9,98.8829361516511,87,1,1.49911790067183,"M",0.161441999487579,0.25,1,"MED MED LOW",NA
87,10,138.376003360753,89,3,3.50140252283223,"M",0.155392522341572,0.25,1,"MED MED LOW",NA
87,11,103.630477195467,87,1,1.50115107706926,"FISHED",0.161441999487579,0.25,1,"MED MED LOW",NA
87,12,61.8733244883063,86,0,0.500140174140364,"M",0.113234994607046,0.25,1,"MED MED LOW",NA
88,1,63.9962895957639,87,0,0.500356582055405,"M",0.161441999487579,0.25,1,"MED MED LOW",NA
88,2,105.944202093063,88,1,1.4999409063458,"M",0.143315429193899,0.25,1,"MED MED LOW",NA
88,3,218.272048804317,99,12,12.4982430657967,"M",0.162269738828763,0.25,1,"MED MED LOW",NA
88,4,63.5091069201003,87,0,0.49884182834797,"FISHED",0.161441999487579,0.25,1,"MED MED LOW",NA
88,5,198.172281987112,94,7,7.50103342605204,"M",0.16103139447514,0.25,1,"MED MED LOW",NA
88,6,61.359893177455,87,0,0.499178294573269,"M",0.161441999487579,0.25,1,"MED MED LOW",NA
88,7,61.5511237751788,87,0,0.5000539646034,"M",0.161441999487579,0.25,1,"MED MED LOW",NA
88,8,97.2446842564477,88,1,1.50086089732293,"M",0.143315429193899,0.25,1,"MED MED LOW",NA
88,9,61.5979423224529,87,0,0.498858230625944,"M",0.161441999487579,0.25,1,"MED MED LOW",NA
89,1,93.9203786751465,89,1,1.50025189107085,"M",0.155392522341572,0.25,1,"MED MED LOW",NA
89,2,92.4291523198995,89,1,1.50048286234945,"M",0.155392522341572,0.25,1,"MED MED LOW",NA
89,3,94.0003140625265,89,1,1.50037528238053,"M",0.155392522341572,0.25,1,"MED MED LOW",NA
89,4,159.632480220636,91,3,3.5011486388027,"FISHED",0.135889896098524,0.25,1,"MED MED LOW",NA
89,5,196.919248029048,98,10,10.5007841868673,"M",0.169060900853947,0.25,1,"MED MED LOW",NA
89,6,116.747704049388,90,2,2.49853947780494,"M",0.151620243443176,0.25,1,"MED MED LOW",NA
89,7,101.007718378467,89,1,1.49921428908441,"M",0.155392522341572,0.25,1,"MED MED LOW",NA
89,8,127.42039790593,90,2,2.49985582429959,"M",0.151620243443176,0.25,1,"MED MED LOW",NA
89,9,61.799141245005,88,0,0.49883549006175,"FISHED",0.143315429193899,0.25,1,"MED MED LOW",NA
89,10,149.329894212389,91,3,3.5003512647292,"FISHED",0.135889896098524,0.25,1,"MED MED LOW",NA
90,1,62.9936429199505,89,0,0.498445546490514,"M",0.155392522341572,0.25,1,"MED MED LOW",NA
90,2,65.7908099920884,89,0,0.499719064975713,"M",0.155392522341572,0.25,1,"MED MED LOW",NA
90,3,214.156903037004,95,6,6.49986963970752,"FISHED",0.131666428805329,0.25,1,"MED MED LOW",NA
90,4,154.544667743234,93,4,4.49899208537806,"M",0.116092383535579,0.25,1,"MED MED LOW",NA
90,5,178.158686574985,93,4,4.49869272567919,"M",0.116092383535579,0.25,1,"MED MED LOW",NA
90,6,103.137881396436,90,1,1.50092583268157,"M",0.151620243443176,0.25,1,"MED MED LOW",NA
90,7,172.757331372876,94,5,5.49964182556176,"M",0.16103139447514,0.25,1,"MED MED LOW",NA
90,8,61.9408207054541,89,0,0.49859277674187,"FISHED",0.155392522341572,0.25,1,"MED MED LOW",NA
90,9,124.936772066371,91,2,2.50063963569643,"M",0.135889896098524,0.25,1,"MED MED LOW",NA
90,10,60.9308612071615,89,0,0.500627474935376,"FISHED",0.155392522341572,0.25,1,"MED MED LOW",NA
90,11,125.974797322555,91,2,2.50059375930575,"M",0.135889896098524,0.25,1,"MED MED LOW",NA
90,12,190.440788316763,94,5,5.49987095957487,"FISHED",0.16103139447514,0.25,1,"MED MED LOW",NA
90,13,155.910640375432,92,3,3.49965827726491,"FISHED",0.135939376940951,0.25,1,"MED MED LOW",NA
91,1,63.3886589010525,90,0,0.499762922914392,"M",0.151620243443176,0.25,1,"MED MED LOW",NA
91,2,187.493946983868,96,6,6.50120541002183,"M",0.133120344392955,0.25,1,"MED MED LOW",NA
91,3,63.1116440842616,90,0,0.498948811702019,"M",0.151620243443176,0.25,1,"MED MED LOW",NA
91,4,100.287912976473,91,1,1.49945358718133,"FISHED",0.135889896098524,0.25,1,"MED MED LOW",NA
91,5,60.3205235692486,90,0,0.499944217385604,"M",0.151620243443176,0.25,1,"MED MED LOW",NA
91,6,63.0987646333454,90,0,0.500763954299361,"M",0.151620243443176,0.25,1,"MED MED LOW",NA
91,7,128.521598793058,92,2,2.50089763089988,"M",0.135939376940951,0.25,1,"MED MED LOW",NA
91,8,132.023042862464,92,2,2.50106647769495,"FISHED",0.135939376940951,0.25,1,"MED MED LOW",NA
91,9,64.039817648575,90,0,0.499800668961841,"M",0.151620243443176,0.25,1,"MED MED LOW",NA
91,10,169.301940069589,94,4,4.49956976519295,"M",0.16103139447514,0.25,1,"MED MED LOW",NA
91,11,61.502552396394,90,0,0.498791047718066,"M",0.151620243443176,0.25,1,"MED MED LOW",NA
92,1,63.8992611209623,91,0,0.501045681266853,"M",0.135889896098524,0.25,1,"MED MED LOW",NA
92,2,185.809216365011,97,6,6.50128477654754,"M",0.120791020453908,0.25,1,"MED MED LOW",NA
92,3,168.991882192068,96,5,5.49963165768636,"FISHED",0.133120344392955,0.25,1,"MED MED LOW",NA
92,4,63.3126074403964,91,0,0.500428188303313,"M",0.135889896098524,0.25,1,"MED MED LOW",NA
92,5,62.1094107531752,91,0,0.499870179246834,"M",0.135889896098524,0.25,1,"MED MED LOW",NA
92,6,91.0191494094742,92,1,1.50073604649123,"M",0.135939376940951,0.25,1,"MED MED LOW",NA
92,7,61.3191400402941,91,0,0.500116896580871,"FISHED",0.135889896098524,0.25,1,"MED MED LOW",NA
92,8,63.2613864493659,91,0,0.50030034979774,"FISHED",0.135889896098524,0.25,1,"MED MED LOW",NA
92,9,133.282246142457,93,2,2.49995537010873,"M",0.116092383535579,0.25,1,"MED MED LOW",NA
92,10,60.6670181929856,91,0,0.500027528806938,"M",0.135889896098524,0.25,1,"MED MED LOW",NA
92,11,126.206096233324,93,2,2.499869465429,"FISHED",0.116092383535579,0.25,1,"MED MED LOW",NA
92,12,102.243477615185,92,1,1.49902366071556,"M",0.135939376940951,0.25,1,"MED MED LOW",NA
93,1,176.310824027513,96,4,4.49878091342809,"M",0.133120344392955,0.25,1,"MED MED LOW",NA
93,2,147.823990903303,97,5,5.50014203961451,"M",0.120791020453908,0.25,1,"MED MED LOW",NA
93,3,95.8071576752129,93,1,1.50092204886336,"M",0.116092383535579,0.25,1,"MED MED LOW",NA
93,4,130.486213504971,94,2,2.498589242224,"M",0.16103139447514,0.25,1,"MED MED LOW",NA
93,5,92.9844791110501,93,1,1.50025733827459,"M",0.116092383535579,0.25,1,"MED MED LOW",NA
93,6,61.2189269483218,92,0,0.500503742674217,"M",0.135939376940951,0.25,1,"MED MED LOW",NA
93,7,218.766553772178,99,7,7.50029408203212,"M",0.162269738828763,0.25,1,"MED MED LOW",NA
93,8,60.6638408038157,92,0,0.499405371550492,"FISHED",0.135939376940951,0.25,1,"MED MED LOW",NA
93,9,121.373653398395,94,2,2.50006453817267,"FISHED",0.16103139447514,0.25,1,"MED MED LOW",NA
93,10,61.82049196167,92,0,0.501367134246038,"FISHED",0.135939376940951,0.25,1,"MED MED LOW",NA
93,11,161.068571674325,95,3,3.49942366807574,"M",0.131666428805329,0.25,1,"MED MED LOW",NA
93,12,61.4761553110001,92,0,0.50267249829922,"FISHED",0.135939376940951,0.25,1,"MED MED LOW",NA
93,13,58.9621772936797,92,0,0.497979604966202,"M",0.135939376940951,0.25,1,"MED MED LOW",NA
93,14,127.636293514838,94,2,2.49884806134634,"M",0.16103139447514,0.25,1,"MED MED LOW",NA
94,1,164.001485783798,97,4,4.49949739155517,"M",0.120791020453908,0.25,1,"MED MED LOW",NA
94,2,63.1608214982391,93,0,0.49917146022835,"FISHED",0.116092383535579,0.25,1,"MED MED LOW",NA
94,3,64.2934483352427,93,0,0.501090394086627,"FISHED",0.116092383535579,0.25,1,"MED MED LOW",NA
94,4,63.5478722103237,93,0,0.500955970995063,"M",0.116092383535579,0.25,1,"MED MED LOW",NA
94,5,59.7817657072981,93,0,0.501195917193459,"M",0.116092383535579,0.25,1,"MED MED LOW",NA
94,6,135.866494469019,95,2,2.49960962208487,"M",0.131666428805329,0.25,1,"MED MED LOW",NA
94,7,59.7326412669895,93,0,0.499606815711657,"M",0.116092383535579,0.25,1,"MED MED LOW",NA
94,8,113.97954976351,95,2,2.49820956724643,"M",0.131666428805329,0.25,1,"MED MED LOW",NA
94,9,153.188344849539,96,3,3.50061897016827,"FISHED",0.133120344392955,0.25,1,"MED MED LOW",NA
94,10,95.4826149627087,94,1,1.50058906207626,"FISHED",0.16103139447514,0.25,1,"MED MED LOW",NA
94,11,60.7558596468132,93,0,0.499569936432293,"M",0.116092383535579,0.25,1,"MED MED LOW",NA
94,12,62.2149272606837,93,0,0.499931253559435,"M",0.116092383535579,0.25,1,"MED MED LOW",NA
94,13,94.5836654760075,94,1,1.50015152225706,"M",0.16103139447514,0.25,1,"MED MED LOW",NA
94,14,98.2059526229519,94,1,1.49899612836291,"FISHED",0.16103139447514,0.25,1,"MED MED LOW",NA
95,1,124.520842685665,96,2,2.49968227282069,"M",0.133120344392955,0.25,1,"MED MED LOW",NA
95,2,63.6984910585707,94,0,0.500158245464262,"FISHED",0.16103139447514,0.25,1,"MED MED LOW",NA
95,3,130.109577889133,96,2,2.50036953615313,"M",0.133120344392955,0.25,1,"MED MED LOW",NA
95,4,153.775029190686,98,4,4.49895613449666,"M",0.169060900853947,0.25,1,"MED MED LOW",NA
95,5,62.9308816144461,94,0,0.50029649109205,"M",0.16103139447514,0.25,1,"MED MED LOW",NA
95,6,60.5453904610338,94,0,0.4992826435427,"FISHED",0.16103139447514,0.25,1,"MED MED LOW",NA
95,7,99.8578478068433,95,1,1.50187820607954,"M",0.131666428805329,0.25,1,"MED MED LOW",NA
95,8,100.390075664588,95,1,1.49954960121448,"FISHED",0.131666428805329,0.25,1,"MED MED LOW",NA
95,9,99.3729822778703,95,1,1.49863125285292,"M",0.131666428805329,0.25,1,"MED MED LOW",NA
96,1,98.5352752741659,96,1,1.4997048440651,"M",0.133120344392955,0.25,1,"MED MED LOW",NA
96,2,63.0670329573864,95,0,0.501201593787627,"M",0.131666428805329,0.25,1,"MED MED LOW",NA
96,3,145.918768282729,98,3,3.49915509435716,"M",0.169060900853947,0.25,1,"MED MED LOW",NA
96,4,97.5044780970128,96,1,1.50109497417339,"M",0.133120344392955,0.25,1,"MED MED LOW",NA
96,5,64.8764795001226,95,0,0.499939040242296,"M",0.131666428805329,0.25,1,"MED MED LOW",NA
96,6,140.553296658781,98,3,3.50043109130583,"M",0.169060900853947,0.25,1,"MED MED LOW",NA
96,7,103.438452407267,96,1,1.50088545750948,"FISHED",0.133120344392955,0.25,1,"MED MED LOW",NA
96,8,60.8399563640379,95,0,0.501564313592746,"M",0.131666428805329,0.25,1,"MED MED LOW",NA
96,9,59.9172896376322,95,0,0.50082965112563,"M",0.131666428805329,0.25,1,"MED MED LOW",NA
96,10,125.549998134577,97,2,2.49954256754327,"M",0.120791020453908,0.25,1,"MED MED LOW",NA
96,11,63.0812432404135,95,0,0.49824532972435,"M",0.131666428805329,0.25,1,"MED MED LOW",NA
96,12,62.0157117628381,95,0,0.499667028824996,"M",0.131666428805329,0.25,1,"MED MED LOW",NA
97,1,99.2812497233981,97,1,1.50044193720067,"FISHED",0.120791020453908,0.25,1,"MED MED LOW",NA
97,2,103.027490780276,97,1,1.4988456096261,"M",0.120791020453908,0.25,1,"MED MED LOW",NA
97,3,120.591882090754,98,2,2.49855613144734,"FISHED",0.169060900853947,0.25,1,"MED MED LOW",NA
97,4,127.971766175302,98,2,2.49906249005492,"M",0.169060900853947,0.25,1,"MED MED LOW",NA
97,5,127.079514204874,98,2,2.50011637521395,"FISHED",0.169060900853947,0.25,1,"MED MED LOW",NA
97,6,63.0524449566009,96,0,0.498585194222314,"M",0.133120344392955,0.25,1,"MED MED LOW",NA
97,7,59.5308401598192,96,0,0.500684710024359,"M",0.133120344392955,0.25,1,"MED MED LOW",NA
97,8,93.951752785235,97,1,1.50102794174005,"M",0.120791020453908,0.25,1,"MED MED LOW",NA
97,9,64.2208392538489,96,0,0.498204035519667,"M",0.133120344392955,0.25,1,"MED MED LOW",NA
97,10,149.049645457177,99,3,3.49886902434871,"M",0.162269738828763,0.25,1,"MED MED LOW",NA
97,11,62.8572870789504,96,0,0.501394753853648,"FISHED",0.133120344392955,0.25,1,"MED MED LOW",NA
97,12,62.8745939119198,96,0,0.500754426158194,"M",0.133120344392955,0.25,1,"MED MED LOW",NA
98,1,60.9846870731537,97,0,0.499264370131398,"M",0.120791020453908,0.25,1,"MED MED LOW",NA
98,2,62.9952721375397,97,0,0.498322358590348,"M",0.120791020453908,0.25,1,"MED MED LOW",NA
98,3,60.6490711545807,97,0,0.500489324247953,"FISHED",0.120791020453908,0.25,1,"MED MED LOW",NA
98,4,63.5035304495909,97,0,0.498904924724832,"M",0.120791020453908,0.25,1,"MED MED LOW",NA
98,5,62.3635737824062,97,0,0.499683921478683,"FISHED",0.120791020453908,0.25,1,"MED MED LOW",NA
98,6,107.158012442864,98,1,1.5004079078282,"M",0.169060900853947,0.25,1,"MED MED LOW",NA
98,7,64.2796292725028,97,0,0.499178383907165,"M",0.120791020453908,0.25,1,"MED MED LOW",NA
98,8,105.356691109172,98,1,1.50061318726101,"M",0.169060900853947,0.25,1,"MED MED LOW",NA
98,9,156.005825313929,100,3,3.50105127562774,"M",0.129899721127003,0.25,1,"MED MED LOW",NA
98,10,64.2179542799419,97,0,0.499894939890003,"M",0.120791020453908,0.25,1,"MED MED LOW",NA
98,11,99.2984304144733,98,1,1.4993054918628,"M",0.169060900853947,0.25,1,"MED MED LOW",NA
98,12,61.678700390008,97,0,0.499900737500577,"M",0.120791020453908,0.25,1,"MED MED LOW",NA
99,1,61.8531148650116,98,0,0.500306300204826,"M",0.169060900853947,0.25,1,"MED MED LOW",NA
99,2,63.0156085503995,98,0,0.500826172453085,"M",0.169060900853947,0.25,1,"MED MED LOW",NA
99,3,61.1645350782767,98,0,0.500217081783963,"M",0.169060900853947,0.25,1,"MED MED LOW",NA
99,4,129.613770718339,100,2,2.50038338328993,"M",0.129899721127003,0.25,1,"MED MED LOW",NA
99,5,63.7383537147718,98,0,0.500715611633755,"FISHED",0.169060900853947,0.25,1,"MED MED LOW",NA
99,6,63.6212914369721,98,0,0.500345401232604,"FISHED",0.169060900853947,0.25,1,"MED MED LOW",NA
99,7,61.2720010300089,98,0,0.500604086548896,"FISHED",0.169060900853947,0.25,1,"MED MED LOW",NA
99,8,63.3689344758993,98,0,0.500746303643188,"FISHED",0.169060900853947,0.25,1,"MED MED LOW",NA
99,9,60.9849649476153,98,0,0.498942694386135,"M",0.169060900853947,0.25,1,"MED MED LOW",NA
99,10,61.5652820946108,98,0,0.500215429920809,"M",0.169060900853947,0.25,1,"MED MED LOW",NA
99,11,94.2936292874497,99,1,1.49883146390798,"FISHED",0.162269738828763,0.25,1,"MED MED LOW",NA
100,1,62.0229889162235,99,0,0.499907476265047,"FISHED",0.162269738828763,0.25,1,"MED MED LOW",NA
100,2,62.7495102336012,99,0,0.499280663316715,"M",0.162269738828763,0.25,1,"MED MED LOW",NA
100,3,105.174092879617,100,1,1.4989713287679,"FISHED",0.129899721127003,0.25,1,"MED MED LOW",NA
100,4,99.3726226619516,100,1,1.50054371994663,"M",0.129899721127003,0.25,1,"MED MED LOW",NA
100,5,61.9232573454605,99,0,0.500368543131211,"M",0.162269738828763,0.25,1,"MED MED LOW",NA
100,6,61.918171050887,99,0,0.499277911924115,"M",0.162269738828763,0.25,1,"MED MED LOW",NA
100,7,96.2301254926878,100,1,1.49983975004032,"FISHED",0.129899721127003,0.25,1,"MED MED LOW",NA
100,8,61.3516122822975,99,0,0.501357854023211,"FISHED",0.162269738828763,0.25,1,"MED MED LOW",NA
100,9,62.800392379987,99,0,0.500049945276722,"M",0.162269738828763,0.25,1,"MED MED LOW",NA
100,10,61.2649280356458,99,0,0.500498257361905,"M",0.162269738828763,0.25,1,"MED MED LOW",NA
100,11,65.0373790716431,99,0,0.499563850246429,"FISHED",0.162269738828763,0.25,1,"MED MED LOW",NA
