"cohort","uni_ind","ind","fish_size","Year","Age","AgeE","FMORT","M","Sel","FSIM","REG"
1,6,6,129.991890751144,2,2,2.49987486738872,0,0.25,0.150987893555759,"LOW MED","R1"
1,2,2,155.387346049296,3,3,3.50071734757261,0,0.25,0.700899986706451,"LOW MED","R1"
1,5,5,159.703681273551,3,3,3.49859078041533,0,0.25,0.784119255941392,"LOW MED","R1"
1,6,6,152.878876503689,3,3,3.50237183500225,0,0.25,0.644945911401356,"LOW MED","R1"
1,7,7,150.974404913613,3,3,3.49943215749002,0,0.25,0.599535672630856,"LOW MED","R1"
2,14,1,129.892395066491,3,2,2.50020591952959,0,0.25,0.149697468992144,"LOW MED","R1"
1,2,2,174.052621598585,4,4,4.50020160687527,0,0.25,0.939727671339123,"LOW MED","R1"
1,5,5,179.599294873479,4,4,4.50056044612123,0,0.25,0.964766336169351,"LOW MED","R1"
1,6,6,170.845470343275,4,4,4.50140439418949,0,0.25,0.918421247798871,"LOW MED","R1"
1,9,9,159.46445124077,4,4,4.50001468744125,0,0.25,0.779979237238874,"LOW MED","R1"
2,15,2,155.362975266803,4,3,3.50093426728548,0,0.25,0.700380992818799,"LOW MED","R1"
2,18,5,155.014961880956,4,3,3.49963621716695,0,0.25,0.692914019019391,"LOW MED","R1"
2,19,6,155.263228493839,4,3,3.49973515523047,0,0.25,0.698251453592097,"LOW MED","R1"
2,21,8,149.498797548032,4,3,3.49845375549993,0,0.25,0.563089165902626,"LOW MED","R1"
3,28,2,120.190052457761,4,2,2.50036940365084,0,0.25,0.0616831004136293,"LOW MED","R1"
3,29,3,127.690529090719,4,2,2.49932166811212,0,0.25,0.123408996523023,"LOW MED","R1"
3,35,9,122.702364368999,4,2,2.50203553227667,0,0.25,0.0782044616555858,"LOW MED","R1"
1,2,2,188.810079809308,5,5,5.49908069843162,0,0.25,0.985867945806837,"LOW MED","R1"
1,5,5,195.518659578306,5,5,5.50025994122959,0,0.25,0.992798332179776,"LOW MED","R1"
1,7,7,182.037247992367,5,5,5.49875231615329,0,0.25,0.972277991320268,"LOW MED","R1"
1,9,9,171.360372978966,5,5,5.49807241013512,0,0.25,0.922253501030667,"LOW MED","R1"
2,14,1,170.66769514585,5,4,4.50137757687042,0,0.25,0.917058626168824,"LOW MED","R1"
2,15,2,174.021404826851,5,4,4.50048700914016,0,0.25,0.939547901065377,"LOW MED","R1"
2,18,5,173.57575504461,5,4,4.49938864833738,0,0.25,0.936926233968196,"LOW MED","R1"
2,19,6,173.893650054933,5,4,4.50074988680264,0,0.25,0.938806950750145,"LOW MED","R1"
2,21,8,166.543124446438,5,4,4.4996143900233,0,0.25,0.8791345389424,"LOW MED","R1"
3,34,8,151.208366978571,5,3,3.49898545385169,0,0.25,0.60522528718043,"LOW MED","R1"
1,2,2,200.477872886679,6,6,6.4978406163882,0,0.25,0.995634883096635,"LOW MED","R1"
1,5,5,208.256450817187,6,6,6.49918768824106,0,0.25,0.998013739177908,"LOW MED","R1"
1,7,7,192.669219685187,6,6,6.50035984970105,0,0.25,0.99040531057142,"LOW MED","R1"
1,9,9,180.451869698267,6,6,6.50202469167533,0,0.25,0.967593338756417,"LOW MED","R1"
2,14,1,184.73589130629,6,5,5.49976500740893,0,0.25,0.978781080779522,"LOW MED","R1"
2,15,2,188.772437537408,6,5,5.49894673365525,0,0.25,0.985814598670851,"LOW MED","R1"
2,18,5,188.235197041231,6,5,5.49966296797435,0,0.25,0.985031234744517,"LOW MED","R1"
2,19,6,188.618399711222,6,5,5.49895455964088,0,0.25,0.985594218615566,"LOW MED","R1"
2,21,8,179.791975492666,6,5,5.49986179325475,0,0.25,0.965425324753608,"LOW MED","R1"
2,26,13,178.210586687208,6,5,5.50099357020823,0,0.25,0.959646432157082,"LOW MED","R1"
3,35,9,158.026111123649,6,4,4.49882467005679,0,0.25,0.75389731218149,"LOW MED","R1"
4,37,2,154.930596192355,6,3,3.5001263701318,0,0.25,0.691088336118132,"LOW MED","R1"
4,43,8,152.439726525749,6,3,3.5003814461951,0,0.25,0.634670985187076,"LOW MED","R1"
5,55,9,136.721991238676,6,2,2.50045745723284,0,0.25,0.260465469696076,"LOW MED","R1"
1,5,5,218.448523720455,7,7,7.50017839552634,0,0.25,0.999293399708339,"LOW MED","R1"
1,7,7,200.96953889903,7,7,7.49965467180112,0,0.25,0.995846557406533,"LOW MED","R1"
1,9,9,187.400075513347,7,7,7.49967249760872,0,0.25,0.983728194733022,"LOW MED","R1"
2,14,1,195.775191277262,7,6,6.4993299039626,0,0.25,0.992982187643765,"LOW MED","R1"
2,18,5,199.813325074741,7,6,6.49790098036196,0,0.25,0.995331613794707,"LOW MED","R1"
2,19,6,200.256260493351,7,6,6.49938627204617,0,0.25,0.99553599441068,"LOW MED","R1"
2,21,8,190.090537301026,7,6,6.49882467520468,0,0.25,0.987569389551366,"LOW MED","R1"
3,35,9,169.655444475733,7,5,5.50025016642402,0,0.25,0.908898666303997,"LOW MED","R1"
4,37,2,173.467755162934,7,4,4.49896359510475,0,0.25,0.936275110450109,"LOW MED","R1"
4,40,5,159.88228060101,7,4,4.4996066556915,0,0.25,0.787173029126765,"LOW MED","R1"
4,43,8,170.285248367003,7,4,4.50246725345591,0,0.25,0.914056843347464,"LOW MED","R1"
5,47,1,156.035991614928,7,3,3.49959200813061,0,0.25,0.714521368124772,"LOW MED","R1"
5,49,3,153.005042020356,7,3,3.50129060135326,0,0.25,0.647873779386743,"LOW MED","R1"
5,52,6,157.848815657107,7,3,3.49981426880332,0,0.25,0.75054218923583,"LOW MED","R1"
5,55,9,162.375528255812,7,3,3.49837180190483,0,0.25,0.82651314029646,"LOW MED","R1"
6,61,5,129.40740618435,7,2,2.50034085417384,0,0.25,0.143537046760977,"LOW MED","R1"
6,64,8,124.995437731832,7,2,2.49867107245426,0,0.25,0.0967232176750459,"LOW MED","R1"
1,9,9,192.710264312757,8,8,8.5007664562913,0,0.25,0.990444830620464,"LOW MED","R1"
2,19,6,209.45436618246,8,7,7.50051990418797,0,0.25,0.998240808749673,"LOW MED","R1"
2,21,8,198.09578809225,8,7,7.4993858286354,0,0.25,0.994447156935127,"LOW MED","R1"
3,35,9,178.511583611652,8,6,6.50057583148416,0,0.25,0.960813425283873,"LOW MED","R1"
4,40,5,171.856174412071,8,5,5.50109217516331,0,0.25,0.925787114129842,"LOW MED","R1"
4,42,7,162.52818106653,8,5,5.499200629511,0,0.25,0.828724323747365,"LOW MED","R1"
5,47,1,174.883895086038,8,4,4.49952792459929,0,0.25,0.944334411232278,"LOW MED","R1"
5,52,6,177.211377753837,8,4,4.49954610838367,0,0.25,0.955529221874363,"LOW MED","R1"
5,54,8,170.546041043369,8,4,4.50093873591459,0,0.25,0.916114267181919,"LOW MED","R1"
5,55,9,183.050387764604,8,4,4.49913552869972,0,0.25,0.974919924649691,"LOW MED","R1"
5,56,10,166.073986131442,8,4,4.50094980954834,0,0.25,0.873981135921539,"LOW MED","R1"
6,67,11,139.763316277607,8,3,3.50010638213849,0,0.25,0.32415154993873,"LOW MED","R1"
7,77,9,121.91755427837,8,2,2.49848247373225,0,0.25,0.0726498175096331,"LOW MED","R1"
8,82,3,96.863675688829,8,1,1.4995552980178,0,0.25,0.00611753169496352,"LOW MED","R1"
1,9,9,196.768593302405,9,9,9.5003494135864,0,0.25,0.993651220415477,"LOW MED","R1"
2,19,6,216.724185769745,9,8,8.50084538548535,0,0.25,0.999158314783888,"LOW MED","R1"
2,21,8,204.318408437001,9,8,8.50186985549297,0,0.25,0.997040214619671,"LOW MED","R1"
3,35,9,185.255839539331,9,7,7.50094804648115,0,0.25,0.9798502206008,"LOW MED","R1"
4,42,7,170.432622048814,9,6,6.50008205530233,0,0.25,0.915225046908872,"LOW MED","R1"
5,47,1,189.812928624075,9,5,5.49982011256053,0,0.25,0.987218574418983,"LOW MED","R1"
5,52,6,192.625613512054,9,5,5.49956118143526,0,0.25,0.990363146776851,"LOW MED","R1"
5,55,9,199.712800258551,9,5,5.50093814350652,0,0.25,0.995283947671806,"LOW MED","R1"
5,56,10,179.231081457668,9,5,5.50056915272743,0,0.25,0.963473197554598,"LOW MED","R1"
6,57,1,163.600815984799,9,4,4.50020246327105,0,0.25,0.843634131311977,"LOW MED","R1"
6,61,5,169.802244776967,9,4,4.49954710169123,0,0.25,0.910125328233752,"LOW MED","R1"
6,65,9,163.605154662893,9,4,4.49874635186525,0,0.25,0.843692233481524,"LOW MED","R1"
6,67,11,154.276229240877,9,4,4.49911025558792,0,0.25,0.676727456684028,"LOW MED","R1"
7,70,2,136.337883565445,9,3,3.49985606842606,0,0.25,0.253023748208481,"LOW MED","R1"
7,71,3,145.263542604233,9,3,3.4983440478377,0,0.25,0.456037157162424,"LOW MED","R1"
7,75,7,163.401291445731,9,3,3.49948581808169,0,0.25,0.840943117678705,"LOW MED","R1"
7,77,9,141.675467707305,9,3,3.50019895480276,0,0.25,0.36804512727478,"LOW MED","R1"
1,9,9,199.870184377669,10,10,10.499369116148,0,0.25,0.995358362288818,"LOW MED","R1"
2,19,6,222.469964152597,10,9,9.49942266398279,0,0.25,0.999530158392172,"LOW MED","R1"
4,40,5,188.024801655009,10,7,7.50055365430945,0,0.25,0.984712973794543,"LOW MED","R1"
4,42,7,176.359920013926,10,7,7.49814632709957,0,0.25,0.951707547968759,"LOW MED","R1"
5,52,6,204.896647831938,10,6,6.49987044719642,0,0.25,0.997208509957764,"LOW MED","R1"
5,55,9,213.141476279319,10,6,6.49956181010492,0,0.25,0.998789488951649,"LOW MED","R1"
5,56,10,189.447135274853,10,6,6.49969984382321,0,0.25,0.986741360860559,"LOW MED","R1"
6,57,1,176.279087856817,10,5,5.50156983024558,0,0.25,0.951328946702957,"LOW MED","R1"
6,61,5,183.696642897279,10,5,5.49975038183944,0,0.25,0.976475275124862,"LOW MED","R1"
6,67,11,165.223896494777,10,5,5.50081966312067,0,0.25,0.864164148895668,"LOW MED","R1"
7,75,7,184.378874649647,10,4,4.49893040244549,0,0.25,0.978015031124945,"LOW MED","R1"
8,88,9,136.385521326703,10,3,3.50084010599865,0,0.25,0.253939003483809,"LOW MED","R1"
8,91,12,146.738833569785,10,3,3.4990033620493,0,0.25,0.493371176196169,"LOW MED","R1"
2,19,6,227.011200537967,11,10,10.5000809950994,0,0.25,0.999703666154383,"LOW MED","R1"
4,42,7,180.804619043998,11,8,8.50165341952902,0,0.25,0.968697771685043,"LOW MED","R1"
5,56,10,197.379566636629,11,7,7.49792020627422,0,0.25,0.994030811606237,"LOW MED","R1"
7,70,2,160.199878469001,11,5,5.49799129820509,0,0.25,0.792525305438709,"LOW MED","R1"
7,75,7,201.331397358306,11,5,5.49966450643617,0,0.25,0.995995787140377,"LOW MED","R1"
8,85,6,168.112973669375,11,4,4.50060365484034,0,0.25,0.89507394169387,"LOW MED","R1"
8,88,9,150.064186329369,11,4,4.49859336180661,0,0.25,0.577157183444385,"LOW MED","R1"
8,91,12,163.046564618861,11,4,4.49977239343647,0,0.25,0.836066304881387,"LOW MED","R1"
9,96,5,146.768761010354,11,3,3.50031585533544,0,0.25,0.49413070844685,"LOW MED","R1"
9,104,13,148.709415965099,11,3,3.49898170478219,0,0.25,0.543281672322318,"LOW MED","R1"
10,108,4,119.776743039161,11,2,2.50055124261938,0,0.25,0.0592984905564105,"LOW MED","R1"
10,109,5,137.685210657243,11,2,2.50054348838085,0,0.25,0.279739786331107,"LOW MED","R1"
10,112,8,139.660237060242,11,2,2.49874741760879,0,0.25,0.321862946236543,"LOW MED","R1"
10,115,11,127.379832680584,11,2,2.50059094562697,0,0.25,0.120036743982082,"LOW MED","R1"
2,19,6,230.600414484915,12,11,11.5002354637233,0,0.25,0.999794148352579,"LOW MED","R1"
7,69,1,173.083190357393,12,6,6.4996744950786,0,0.25,0.933905415991258,"LOW MED","R1"
7,70,2,167.804776097582,12,6,6.50153000994114,0,0.25,0.892098560132476,"LOW MED","R1"
7,75,7,215.031165505761,12,6,6.49943328571407,0,0.25,0.99900061047603,"LOW MED","R1"
8,85,6,181.671002785285,12,5,5.50009709424977,0,0.25,0.971257908160851,"LOW MED","R1"
8,88,9,160.269383372229,12,5,5.4996393168576,0,0.25,0.793683284922626,"LOW MED","R1"
8,91,12,175.618660043409,12,5,5.5005176459571,0,0.25,0.948128504481574,"LOW MED","R1"
9,92,1,156.959399263478,12,4,4.50083671361689,0,0.25,0.733255218210429,"LOW MED","R1"
9,96,5,163.084399394651,12,4,4.50007046745681,0,0.25,0.836592133035241,"LOW MED","R1"
9,102,11,167.421010148839,12,4,4.50106405218266,0,0.25,0.888290168195276,"LOW MED","R1"
9,104,13,165.541549956829,12,4,4.50072092678547,0,0.25,0.867905776028293,"LOW MED","R1"
10,105,1,144.092712427696,12,3,3.50133309759562,0,0.25,0.426735257805937,"LOW MED","R1"
10,109,5,163.746294441664,12,3,3.50021798414501,0,0.25,0.845572751373767,"LOW MED","R1"
10,112,8,166.565964398238,12,3,3.5018474697379,0,0.25,0.879380731792562,"LOW MED","R1"
2,19,6,233.437187483226,13,12,12.5019000092799,0,0.25,0.999845656141885,"LOW MED","R1"
7,70,2,173.477641090608,13,7,7.49963319376085,0,0.25,0.936334971507433,"LOW MED","R1"
7,75,7,226.102299313955,13,7,7.49987944293303,0,0.25,0.999675027380499,"LOW MED","R1"
8,85,6,192.248248164906,13,6,6.50088105266147,0,0.25,0.989990515440756,"LOW MED","R1"
9,92,1,168.392853280459,13,5,5.49988475004322,0,0.25,0.897712949311275,"LOW MED","R1"
9,96,5,175.663729525926,13,5,5.49730187634342,0,0.25,0.948353095651916,"LOW MED","R1"
9,102,11,180.842352780922,13,5,5.50002409710546,0,0.25,0.968813734367111,"LOW MED","R1"
9,104,13,178.594867128721,13,5,5.49909043496624,0,0.25,0.961130563377783,"LOW MED","R1"
10,107,3,158.862674244135,13,4,4.49914195492484,0,0.25,0.769314674788612,"LOW MED","R1"
10,108,4,152.998250156778,13,4,4.49895311774282,0,0.25,0.647716443948209,"LOW MED","R1"
10,112,8,188.489870180591,13,4,4.50107201840154,0,0.25,0.985407753707875,"LOW MED","R1"
11,118,3,125.142259901884,13,3,3.50033025661304,0,0.25,0.0980334805367629,"LOW MED","R1"
11,120,5,146.51158173021,13,3,3.49904003692236,0,0.25,0.487604972874797,"LOW MED","R1"
11,121,6,131.801513305262,13,3,3.50174205862197,0,0.25,0.17607949158007,"LOW MED","R1"
11,125,10,152.852437234848,13,3,3.49917045911784,0,0.25,0.644330960320968,"LOW MED","R1"
12,138,8,140.522756776449,13,2,2.49958660732228,0,0.25,0.341267723814118,"LOW MED","R1"
2,19,6,235.679260862773,14,13,13.4989900025264,0,0.25,0.999877075377955,"LOW MED","R1"
7,70,2,177.709308471397,14,8,8.50111649179138,0,0.25,0.957628710375842,"LOW MED","R1"
7,75,7,235.04916633241,14,8,8.4987388153643,0,0.25,0.9998689553357,"LOW MED","R1"
8,85,6,200.500046332932,14,7,7.49956929323299,0,0.25,0.995644656576615,"LOW MED","R1"
9,92,1,177.076604691243,14,6,6.49843340852511,0,0.25,0.954944115085225,"LOW MED","R1"
9,96,5,185.362372191597,14,6,6.49868925437016,0,0.25,0.980062674539216,"LOW MED","R1"
9,102,11,191.296267118024,14,6,6.50211129567888,0,0.25,0.988985916978511,"LOW MED","R1"
9,104,13,188.717712471666,14,6,6.49957052758866,0,0.25,0.985736687360526,"LOW MED","R1"
10,108,4,163.718037552235,14,5,5.50071279388064,0,0.25,0.84519774873807,"LOW MED","R1"
10,112,8,206.354380539867,14,5,5.50115623837295,0,0.25,0.997591624238626,"LOW MED","R1"
11,116,1,176.910878589079,14,4,4.5013979161853,0,0.25,0.954214570212367,"LOW MED","R1"
11,120,5,162.759326312328,14,4,4.50002078493376,0,0.25,0.832029829450385,"LOW MED","R1"
11,122,7,147.607851517047,14,4,4.49870228802424,0,0.25,0.515424257060776,"LOW MED","R1"
11,124,9,156.110930796503,14,4,4.4996830044677,0,0.25,0.716070869433377,"LOW MED","R1"
11,127,12,158.474459633162,14,4,4.50008495264739,0,0.25,0.762245341612271,"LOW MED","R1"
11,128,13,172.912756364103,14,4,4.50177495916159,0,0.25,0.932829218803887,"LOW MED","R1"
12,133,3,146.418992606262,14,3,3.49820817634098,0,0.25,0.485256509630816,"LOW MED","R1"
12,136,6,143.20906015041,14,3,3.50181727922845,0,0.25,0.404944865735793,"LOW MED","R1"
12,138,8,167.801128987333,14,3,3.50153210252945,0,0.25,0.892062910374368,"LOW MED","R1"
13,146,6,134.407808413608,14,2,2.49915315460044,0,0.25,0.217803081607712,"LOW MED","R1"
13,152,12,128.306337777983,14,2,2.49864770477805,0,0.25,0.13033364335411,"LOW MED","R1"
2,19,6,237.451307142917,15,14,14.4998535938895,0,0.25,0.999897314439711,"LOW MED","R1"
7,70,2,180.865916083889,15,9,9.49940329428484,0,0.25,0.968885937716857,"LOW MED","R1"
7,75,7,242.279358906424,15,9,9.49966337529691,0,0.25,0.999937102418194,"LOW MED","R1"
8,85,6,206.937655612284,15,8,8.49989786073348,0,0.25,0.997729795870155,"LOW MED","R1"
9,96,5,192.840009599532,15,7,7.50043127612023,0,0.25,0.990568699362097,"LOW MED","R1"
9,102,11,199.438844799204,15,7,7.49927755562462,0,0.25,0.995151572543047,"LOW MED","R1"
9,104,13,196.567977388068,15,7,7.49995444815235,0,0.25,0.993521422412762,"LOW MED","R1"
10,108,4,171.777725664715,15,6,6.49947044874225,0,0.25,0.925238010765081,"LOW MED","R1"
10,112,8,220.911126657321,15,6,6.50066357811011,0,0.25,0.99944963178045,"LOW MED","R1"
11,116,1,192.262072965651,15,5,5.49967832425618,0,0.25,0.990004415207754,"LOW MED","R1"
11,120,5,175.276559604699,15,5,5.49912229110109,0,0.25,0.946393410706794,"LOW MED","R1"
11,124,9,167.389697326795,15,5,5.49912792064436,0,0.25,0.887974297660858,"LOW MED","R1"
11,128,13,187.436420885234,15,5,5.49921783731201,0,0.25,0.983787159079292,"LOW MED","R1"
12,133,3,162.642325973998,15,4,4.50027925341567,0,0.25,0.830363065952662,"LOW MED","R1"
12,138,8,190.099422457805,15,4,4.50121758252178,0,0.25,0.987580459324494,"LOW MED","R1"
14,155,3,141.289037842921,15,2,2.49953460646592,0,0.25,0.358967668133051,"LOW MED","R1"
14,156,4,122.047284141848,15,2,2.49973265367406,0,0.25,0.0735422349119269,"LOW MED","R1"
7,70,2,183.220584048692,16,10,10.4981667425118,0,0.25,0.975338999951728,"LOW MED","R1"
7,75,7,248.122262858109,16,10,10.5012922903312,0,0.25,0.999965246095449,"LOW MED","R1"
8,85,6,211.959932259111,16,9,9.50060554498878,0,0.25,0.99863541094788,"LOW MED","R1"
9,102,11,205.781117096073,16,8,8.49847113274821,0,0.25,0.997447653748196,"LOW MED","R1"
10,108,4,177.837414171037,16,7,7.49957289172793,0,0.25,0.958153346717088,"LOW MED","R1"
10,112,8,232.772568883638,16,7,7.49994359342321,0,0.25,0.99983488330094,"LOW MED","R1"
11,116,1,204.475024050284,16,6,6.49983723593882,0,0.25,0.997086771555342,"LOW MED","R1"
11,118,3,149.846393655552,16,6,6.50110182473509,0,0.25,0.571751572575192,"LOW MED","R1"
11,120,5,184.919813688596,16,6,6.50021966268261,0,0.25,0.979165468742013,"LOW MED","R1"
11,124,9,175.937643491703,16,6,6.50075821380357,0,0.25,0.949698409544634,"LOW MED","R1"
11,128,13,198.890497659996,16,6,6.49831389133053,0,0.25,0.994875403180091,"LOW MED","R1"
12,133,3,175.137244346864,16,5,5.50044485396672,0,0.25,0.945671245145588,"LOW MED","R1"
13,143,3,154.648988796492,16,4,4.49895297109561,0,0.25,0.684951195456254,"LOW MED","R1"
13,147,7,174.434715894767,16,4,4.49850747853504,0,0.25,0.941887878062742,"LOW MED","R1"
13,152,12,167.844254006286,16,4,4.49850758173006,0,0.25,0.89248378665176,"LOW MED","R1"
14,153,1,148.449199929412,16,3,3.49859972299515,0,0.25,0.536718954556776,"LOW MED","R1"
14,155,3,168.900395556347,16,3,3.49984903298569,0,0.25,0.902348805060341,"LOW MED","R1"
14,156,4,141.853808807807,16,3,3.49968580372034,0,0.25,0.372266660138852,"LOW MED","R1"
14,161,9,156.142250135147,16,3,3.49940084111986,0,0.25,0.7167169466701,"LOW MED","R1"
15,167,4,130.278158618926,16,2,2.50241009985954,0,0.25,0.154751726621712,"LOW MED","R1"
15,173,10,128.649611286155,16,2,2.49955845886175,0,0.25,0.134335314369463,"LOW MED","R1"
7,75,7,252.844063313509,17,11,11.4994206402095,0,0.25,0.999978482005648,"LOW MED","R1"
8,85,6,215.878042480271,17,10,10.4985522699707,0,0.25,0.999082877062246,"LOW MED","R1"
10,108,4,182.393399995945,17,8,8.4982972540822,0,0.25,0.973236187213767,"LOW MED","R1"
11,120,5,192.348959343593,17,7,7.49957849352626,0,0.25,0.990091336365926,"LOW MED","R1"
11,121,6,165.406081566118,17,7,7.50114147698053,0,0.25,0.866320899946448,"LOW MED","R1"
11,124,9,182.415956828708,17,7,7.49963839174922,0,0.25,0.973295777884894,"LOW MED","R1"
11,128,13,207.923746436244,17,7,7.49915170643393,0,0.25,0.997945636814969,"LOW MED","R1"
12,133,3,184.760604824376,17,6,6.49925672928858,0,0.25,0.978833131446359,"LOW MED","R1"
12,137,7,160.301256849519,17,6,6.50012583090259,0,0.25,0.794212707810388,"LOW MED","R1"
13,143,3,165.663549812496,17,5,5.50087257035369,0,0.25,0.869319420094121,"LOW MED","R1"
13,147,7,189.270926058938,17,5,5.50141698389077,0,0.25,0.986505246560991,"LOW MED","R1"
13,152,12,181.349125879114,17,5,5.50078354491751,0,0.25,0.970331401091296,"LOW MED","R1"
14,153,1,165.211651583176,17,4,4.49963732592736,0,0.25,0.864018143978297,"LOW MED","R1"
14,155,3,191.534252514062,17,4,4.50164798799598,0,0.25,0.989246035406126,"LOW MED","R1"
14,159,7,165.730372786957,17,4,4.49931238892117,0,0.25,0.870088253557098,"LOW MED","R1"
14,161,9,175.020147563071,17,4,4.50028178704384,0,0.25,0.945057169877305,"LOW MED","R1"
15,164,1,141.421586689541,17,3,3.49997532459919,0,0.25,0.362070328904105,"LOW MED","R1"
15,165,2,157.747816740698,17,3,3.50068928508823,0,0.25,0.748617294823923,"LOW MED","R1"
15,167,4,153.279912899515,17,3,3.50102267706934,0,0.25,0.654214014835134,"LOW MED","R1"
16,176,1,131.874560180695,17,2,2.50079983088167,0,0.25,0.177158048079302,"LOW MED","R1"
16,187,12,134.772658211205,17,2,2.49848013985609,0,0.25,0.224180024044511,"LOW MED","R1"
7,75,7,256.659871296145,18,12,12.4999121432021,0,0.25,0.999985393474476,"LOW MED","R1"
11,118,3,156.861658482364,18,8,8.50019675708339,0,0.25,0.73130970423781,"LOW MED","R1"
11,120,5,198.072359835065,18,8,8.50082820386951,0,0.25,0.994434006123817,"LOW MED","R1"
12,133,3,192.172343270084,18,7,7.50018389329384,0,0.25,0.989913857341414,"LOW MED","R1"
13,147,7,201.010830028198,18,6,6.50070839491153,0,0.25,0.995863861922582,"LOW MED","R1"
14,153,1,178.20085861509,18,5,5.49933602360789,0,0.25,0.959608165395317,"LOW MED","R1"
14,158,6,164.7361704748,18,5,5.50065318145407,0,0.25,0.858245752378685,"LOW MED","R1"
14,159,7,178.82045024061,18,5,5.49789637791934,0,0.25,0.961977245020234,"LOW MED","R1"
14,161,9,189.977390079757,18,5,5.49853617529571,0,0.25,0.987427567697917,"LOW MED","R1"
15,164,1,156.352428635362,18,4,4.50006861770641,0,0.25,0.721029563276606,"LOW MED","R1"
15,165,2,177.081540948183,18,4,4.49962666197865,0,0.25,0.954965674291887,"LOW MED","R1"
15,167,4,171.357395451036,18,4,4.5016992084548,0,0.25,0.922231821643676,"LOW MED","R1"
15,173,10,168.453666420785,18,4,4.499781973556,0,0.25,0.8982785287077,"LOW MED","R1"
16,177,2,153.819572102318,18,3,3.50084468440113,0,0.25,0.666502245504856,"LOW MED","R1"
16,178,3,149.952842504799,18,3,3.49865195691622,0,0.25,0.574395854708838,"LOW MED","R1"
16,183,8,133.076482291327,18,3,3.50065075713312,0,0.25,0.195653033794015,"LOW MED","R1"
16,187,12,159.610255744114,18,3,3.50249267544548,0,0.25,0.782509222397235,"LOW MED","R1"
11,120,5,202.481657311113,19,9,9.49956252818047,0,0.25,0.996435585297388,"LOW MED","R1"
12,133,3,197.880730367912,19,8,8.50046136615542,0,0.25,0.994325271000786,"LOW MED","R1"
12,137,7,168.933697258179,19,8,8.49767163380952,0,0.25,0.902646336019692,"LOW MED","R1"
13,147,7,210.300624637624,19,7,7.50014688746639,0,0.25,0.998385417505637,"LOW MED","R1"
14,153,1,188.266182161006,19,6,6.50080266048821,0,0.25,0.985077550758333,"LOW MED","R1"
14,158,6,172.929860523114,19,6,6.50150012150414,0,0.25,0.932937952060779,"LOW MED","R1"
14,161,9,201.828238647884,19,6,6.49975265749399,0,0.25,0.996192021208502,"LOW MED","R1"
15,164,1,167.675122728535,19,5,5.50024885406652,0,0.25,0.890824852952014,"LOW MED","R1"
15,167,4,185.564806390832,19,5,5.49943833680313,0,0.25,0.980460350977259,"LOW MED","R1"
15,173,10,182.079228707993,19,5,5.49935780047459,0,0.25,0.972392646985716,"LOW MED","R1"
16,177,2,172.046761543693,19,4,4.49932278417447,0,0.25,0.927105709421803,"LOW MED","R1"
16,179,4,167.740932870546,19,4,4.49933539295336,0,0.25,0.891473008485058,"LOW MED","R1"
16,181,6,164.083535303493,19,4,4.50005369035024,0,0.25,0.849991191925757,"LOW MED","R1"
16,187,12,179.478865041193,19,4,4.49950666770461,0,0.25,0.964348324642266,"LOW MED","R1"
11,118,3,160.471051714036,20,10,10.4997920663451,0,0.25,0.797016052901206,"LOW MED","R1"
14,153,1,196.065791316134,20,7,7.49957629670434,0,0.25,0.993184834941029,"LOW MED","R1"
14,158,6,179.10410343951,20,7,7.50132108706663,0,0.25,0.963016760221909,"LOW MED","R1"
15,164,1,176.261604454936,20,6,6.49942160339619,0,0.25,0.95124668836585,"LOW MED","R1"
15,167,4,196.73066010066,20,6,6.49894119741647,0,0.25,0.993626877407509,"LOW MED","R1"
16,177,2,186.393948310721,20,5,5.5000613322737,0,0.25,0.982009573007518,"LOW MED","R1"
16,179,4,181.225391743705,20,5,5.50070931600774,0,0.25,0.969967587240378,"LOW MED","R1"
16,181,6,176.854618292335,20,5,5.50136118662177,0,0.25,0.953964358859236,"LOW MED","R1"
16,183,8,155.465884762613,20,5,5.49893502627399,0,0.25,0.702569013607913,"LOW MED","R1"
16,184,9,168.273424430525,20,5,5.49826224358343,0,0.25,0.896594114124863,"LOW MED","R1"
16,187,12,195.372577582309,20,5,5.50053512317535,0,0.25,0.992691507065361,"LOW MED","R1"
17,190,2,147.53815653232,20,4,4.49946187124961,0,0.25,0.513656680623458,"LOW MED","R1"
17,191,3,159.301511204765,20,4,4.50052428629384,0,0.25,0.777127001597544,"LOW MED","R1"
17,192,4,153.589808115136,20,4,4.50044612213225,0,0.25,0.661296877127992,"LOW MED","R1"
17,198,10,159.295410817765,20,4,4.49902240038472,0,0.25,0.777019705002344,"LOW MED","R1"
18,208,7,147.107742565465,20,3,3.50003791267543,0,0.25,0.502734812464053,"LOW MED","R1"
18,209,8,144.959451798763,20,3,3.50061300964738,0,0.25,0.448389053418497,"LOW MED","R1"
11,118,3,161.552437277546,21,11,11.4990250751974,0,0.25,0.814201264897097,"LOW MED","R1"
14,153,1,202.109700654493,21,8,8.50006527819234,0,0.25,0.996298906455673,"LOW MED","R1"
15,164,1,182.773099672515,21,7,7.49966940715897,0,0.25,0.974222253911042,"LOW MED","R1"
15,167,4,205.506100580111,21,7,7.49862418614237,0,0.25,0.997375569697719,"LOW MED","R1"
16,177,2,197.687064497945,21,6,6.50143321706482,0,0.25,0.994213234597525,"LOW MED","R1"
16,179,4,191.736230616712,21,6,6.49938796661927,0,0.25,0.989462024132821,"LOW MED","R1"
16,184,9,176.940953856166,21,6,6.49975022202516,0,0.25,0.954347795021903,"LOW MED","R1"
16,187,12,208.08660776744,21,6,6.50040970850923,0,0.25,0.997979259744229,"LOW MED","R1"
17,191,3,171.167090898177,21,5,5.49992995602693,0,0.25,0.92083468197372,"LOW MED","R1"
17,198,10,171.159855225291,21,5,5.50054036127427,0,0.25,0.920781110402338,"LOW MED","R1"
18,204,3,159.134292068776,21,4,4.50135636817903,0,0.25,0.774172544195256,"LOW MED","R1"
18,208,7,163.513068149841,21,4,4.49970154544009,0,0.25,0.842455261534927,"LOW MED","R1"
19,223,11,146.850976033002,21,3,3.4996661866118,0,0.25,0.49621738270657,"LOW MED","R1"
19,225,13,142.637234097762,21,3,3.50105481846809,0,0.25,0.391035410876676,"LOW MED","R1"
20,236,11,125.7841241828,21,2,2.49859790501094,0,0.25,0.103948869703169,"LOW MED","R1"
14,153,1,206.793119959713,22,9,9.49945458596353,0,0.25,0.997696312175895,"LOW MED","R1"
15,164,1,187.711044143787,22,8,8.49955544605186,0,0.25,0.984225947468577,"LOW MED","R1"
16,177,2,206.576226902329,22,7,7.49935133820355,0,0.25,0.997645139202892,"LOW MED","R1"
16,183,8,167.65356924598,22,7,7.5010470781362,0,0.25,0.890611838264933,"LOW MED","R1"
16,184,9,183.522303410595,22,7,7.49912359733425,0,0.25,0.97606520972602,"LOW MED","R1"
17,190,2,164.550920189853,22,6,6.50019513353345,0,0.25,0.855942006507684,"LOW MED","R1"
17,191,3,180.23175750383,22,6,6.50134596581685,0,0.25,0.966885197623991,"LOW MED","R1"
17,198,10,180.223518159777,22,6,6.49984524150969,0,0.25,0.966858401997757,"LOW MED","R1"
18,204,3,170.968770570792,22,5,5.49962408526756,0,0.25,0.91935431471862,"LOW MED","R1"
18,208,7,176.174502760432,22,5,5.49999958390506,0,0.25,0.950834911264231,"LOW MED","R1"
19,222,10,151.184876488557,22,4,4.4986844398995,0,0.25,0.604655291152032,"LOW MED","R1"
19,225,13,157.877932100622,22,4,4.49947232659795,0,0.25,0.751095275964682,"LOW MED","R1"
20,231,6,144.093154526888,22,3,3.5003240631807,0,0.25,0.42674623874466,"LOW MED","R1"
20,237,12,148.135414042387,22,3,3.49977527715918,0,0.25,0.528788446496398,"LOW MED","R1"
21,242,5,129.537248912004,22,2,2.49950414808225,0,0.25,0.145165345799357,"LOW MED","R1"
22,254,4,100.923530014736,22,1,1.4988790323578,0,0.25,0.0092096273327178,"LOW MED","R1"
14,153,1,210.422296898106,23,10,10.5004742833966,0,0.25,0.998405209219807,"LOW MED","R1"
15,164,1,191.455697988505,23,9,9.50021691815027,0,0.25,0.989160854084558,"LOW MED","R1"
16,183,8,171.471251791786,23,8,8.49919019367902,0,0.25,0.923056879388044,"LOW MED","R1"
17,190,2,169.916492138412,23,7,7.49997185952803,0,0.25,0.911069656975728,"LOW MED","R1"
17,191,3,187.156676706661,23,7,7.49916081040067,0,0.25,0.983327849682731,"LOW MED","R1"
18,204,3,180.005947095035,23,6,6.50171874766125,0,0.25,0.966143203869441,"LOW MED","R1"
19,222,10,161.585209195404,23,5,5.49912672306721,0,0.25,0.814704101329072,"LOW MED","R1"
20,228,3,143.993301385085,23,4,4.50101320166063,0,0.25,0.424267922209839,"LOW MED","R1"
20,232,7,163.603826279004,23,4,4.50035122991428,0,0.25,0.843674446063959,"LOW MED","R1"
20,237,12,164.814013781405,23,4,4.50057225468506,0,0.25,0.859204586290679,"LOW MED","R1"
21,238,1,159.869071344078,23,3,3.50154861391353,0,0.25,0.786948254620782,"LOW MED","R1"
21,243,6,146.997727723982,23,3,3.50100914423361,0,0.25,0.499942322603034,"LOW MED","R1"
21,246,9,131.549331932519,23,3,3.49901420916594,0,0.25,0.172395649486554,"LOW MED","R1"
22,252,2,130.838354694174,23,2,2.49875464514565,0,0.25,0.162338517629935,"LOW MED","R1"
22,259,9,134.31666173556,23,2,2.50119011189432,0,0.25,0.216230584942485,"LOW MED","R1"
23,265,3,102.823178152664,23,1,1.50031410219265,0,0.25,0.0111469722380448,"LOW MED","R1"
15,164,1,194.295428669628,24,10,10.4984612923721,0,0.25,0.991853745160444,"LOW MED","R1"
16,183,8,174.287942506125,24,9,9.4990988184334,0,0.25,0.941066810162526,"LOW MED","R1"
17,190,2,173.892401357808,24,8,8.49847362157424,0,0.25,0.938799666845952,"LOW MED","R1"
17,191,3,192.4469436356,24,8,8.49978004376825,0,0.25,0.99018846235436,"LOW MED","R1"
19,225,13,178.31204457082,24,6,6.49962619183765,0,0.25,0.960043466637311,"LOW MED","R1"
20,232,7,176.282675957784,24,5,5.49977320384349,0,0.25,0.951345812204681,"LOW MED","R1"
20,237,12,177.72614109965,24,5,5.49799529314462,0,0.25,0.957698002790053,"LOW MED","R1"
21,243,6,163.373921077827,24,4,4.50044341695907,0,0.25,0.840571055367372,"LOW MED","R1"
21,246,9,144.073748469109,24,4,4.49970424838704,0,0.25,0.426264295745848,"LOW MED","R1"
22,252,2,154.065450881816,24,3,3.50032626502062,0,0.25,0.672028058720702,"LOW MED","R1"
22,256,6,150.497255549528,24,3,3.50034413373675,0,0.25,0.58785005377045,"LOW MED","R1"
22,259,9,158.965104858962,24,3,3.50180278106647,0,0.25,0.771155191289928,"LOW MED","R1"
22,260,10,152.793776989863,24,3,3.49971029243828,0,0.25,0.642964881682907,"LOW MED","R1"
23,263,1,125.154099717436,24,2,2.50060862092831,0,0.25,0.0981398272792764,"LOW MED","R1"
23,270,8,139.269709453512,24,2,2.50027585665738,0,0.25,0.313270210178418,"LOW MED","R1"
23,272,10,126.210451292095,24,2,2.49999448211667,0,0.25,0.108050353126714,"LOW MED","R1"
15,164,1,196.448917530205,25,11,11.5023411023219,0,0.25,0.993443147928144,"LOW MED","R1"
16,183,8,176.36610025891,25,10,10.5007125823578,0,0.25,0.951736379647294,"LOW MED","R1"
17,191,3,196.488423883916,25,9,9.50046545899681,0,0.25,0.993469224505489,"LOW MED","R1"
19,225,13,185.035495534238,25,7,7.49994625580555,0,0.25,0.979403737589515,"LOW MED","R1"
20,232,7,186.07017779409,25,6,6.50137759397711,0,0.25,0.981419513386356,"LOW MED","R1"
20,237,12,187.722365872198,25,6,6.49954473444028,0,0.25,0.984243784133964,"LOW MED","R1"
21,243,6,176.008677135107,25,5,5.50099908331186,0,0.25,0.95004183139597,"LOW MED","R1"
21,248,11,162.107197988298,25,5,5.50050562986495,0,0.25,0.822571798830553,"LOW MED","R1"
22,251,1,150.07489960072,25,4,4.50033997805753,0,0.25,0.577422621530631,"LOW MED","R1"
22,252,2,172.361035112237,25,4,4.50110208202752,0,0.25,0.929232966736328,"LOW MED","R1"
22,255,5,165.910511190112,25,4,4.49951882358771,0,0.25,0.872141687764201,"LOW MED","R1"
22,259,9,178.647685922778,25,4,4.4999480960623,0,0.25,0.961330416055035,"LOW MED","R1"
22,260,10,170.736880184364,25,4,4.49872227989252,0,0.25,0.917591363127132,"LOW MED","R1"
22,261,11,171.670599505687,25,4,4.49967874129425,0,0.25,0.92448214709201,"LOW MED","R1"
22,262,12,160.881355851818,25,4,4.49872645230185,0,0.25,0.803672407380954,"LOW MED","R1"
23,274,12,152.003752416823,25,3,3.50049189533807,0,0.25,0.624347569024566,"LOW MED","R1"
15,164,1,198.08199995716,26,12,12.50066511768,0,0.25,0.994439421088496,"LOW MED","R1"
16,183,8,177.899367515936,26,11,11.4993247774834,0,0.25,0.958404832736292,"LOW MED","R1"
19,225,13,190.153744057792,26,8,8.50076824910962,0,0.25,0.987647925749852,"LOW MED","R1"
20,232,7,193.625689108024,26,7,7.50079931406608,0,0.25,0.991285524515597,"LOW MED","R1"
20,237,12,195.461176622779,26,7,7.5004551812299,0,0.25,0.992756482953033,"LOW MED","R1"
21,246,9,160.012138861298,26,6,6.50006551274574,0,0.25,0.789373539742472,"LOW MED","R1"
22,251,1,160.281953739739,26,5,5.50055892906888,0,0.25,0.793892200762884,"LOW MED","R1"
22,252,2,186.772152181211,26,5,5.49963114992064,0,0.25,0.982675567136531,"LOW MED","R1"
22,255,5,179.035702835338,26,5,5.49956738598168,0,0.25,0.962768618203323,"LOW MED","R1"
22,260,10,184.819012806755,26,5,5.49951751755815,0,0.25,0.978955652093974,"LOW MED","R1"
22,261,11,185.941437860875,26,5,5.49979476924891,0,0.25,0.981179649460188,"LOW MED","R1"
22,262,12,173.042653755693,26,5,5.49942278596735,0,0.25,0.933650910982803,"LOW MED","R1"
23,272,10,164.143457018766,26,4,4.50020397292125,0,0.25,0.850765288002983,"LOW MED","R1"
23,274,12,169.729445711526,26,4,4.49777200576905,0,0.25,0.909518891597223,"LOW MED","R1"
24,279,5,145.712347605834,26,3,3.49825802798838,0,0.25,0.467361873185755,"LOW MED","R1"
24,280,6,152.671281600522,26,3,3.49967482615315,0,0.25,0.640104725262133,"LOW MED","R1"
24,281,7,148.434433566695,26,3,3.50163542671847,0,0.25,0.53634613955019,"LOW MED","R1"
24,282,8,155.953882821465,26,3,3.50011761092546,0,0.25,0.712817806192016,"LOW MED","R1"
25,294,7,137.983236107413,26,2,2.50040902115201,0,0.25,0.285877016905996,"LOW MED","R1"
22,251,1,167.897314863614,27,6,6.49848972943788,0,0.25,0.892999650079597,"LOW MED","R1"
22,252,2,198.12354126833,27,6,6.49978058626392,0,0.25,0.994462695446275,"LOW MED","R1"
22,260,10,195.870972829779,27,6,6.50030326914233,0,0.25,0.993049632542887,"LOW MED","R1"
22,261,11,197.165016104176,27,6,6.50107064440823,0,0.25,0.993900155086425,"LOW MED","R1"
22,262,12,182.369271777948,27,6,6.50068534355356,0,0.25,0.973172302109707,"LOW MED","R1"
23,272,10,176.926082917412,27,5,5.49822975697926,0,0.25,0.954281967223696,"LOW MED","R1"
23,274,12,183.609269779248,27,5,5.50015820160163,0,0.25,0.976270628327653,"LOW MED","R1"
24,278,4,158.467784374604,27,4,4.50026697939177,0,0.25,0.762122492040366,"LOW MED","R1"
24,279,5,161.749927841889,27,4,4.50122541087791,0,0.25,0.817215543494866,"LOW MED","R1"
24,280,6,170.580595986266,27,4,4.49891726215058,0,0.25,0.916383494096756,"LOW MED","R1"
24,281,7,165.192934948028,27,4,4.49792313015641,0,0.25,0.863794716510847,"LOW MED","R1"
24,282,8,174.778623919909,27,4,4.49867158856843,0,0.25,0.94376987743953,"LOW MED","R1"
25,291,4,150.751054414075,27,3,3.49943130439901,0,0.25,0.594078934678495,"LOW MED","R1"
25,293,6,157.843742166561,27,3,3.50229049745408,0,0.25,0.750445730919647,"LOW MED","R1"
25,294,7,164.171000555096,27,3,3.49985662940827,0,0.25,0.85112000155712,"LOW MED","R1"
25,295,8,153.554075475101,27,3,3.49764717409152,0,0.25,0.66048378626762,"LOW MED","R1"
25,299,12,146.049022731547,27,3,3.49986756517068,0,0.25,0.475879990042017,"LOW MED","R1"
26,301,2,135.764987385115,27,2,2.49868280090135,0,0.25,0.242188641523647,"LOW MED","R1"
26,303,4,115.974574959403,27,2,2.50083092100701,0,0.25,0.0410879211672355,"LOW MED","R1"
26,307,8,127.545185721033,27,2,2.49826350055985,0,0.25,0.121821441004631,"LOW MED","R1"
26,309,10,129.913990441211,27,2,2.50031505180773,0,0.25,0.149976779170875,"LOW MED","R1"
26,310,11,124.945452099256,27,2,2.50025172330683,0,0.25,0.0962807185195934,"LOW MED","R1"
22,251,1,173.579044798339,28,7,7.50060284048369,0,0.25,0.936945969949723,"LOW MED","R1"
22,260,10,204.544788339534,28,7,7.49897453363716,0,0.25,0.997107274533189,"LOW MED","R1"
22,261,11,205.992017395077,28,7,7.50014801954636,0,0.25,0.997501591572189,"LOW MED","R1"
22,262,12,189.521946140553,28,7,7.49934733857211,0,0.25,0.986840368054353,"LOW MED","R1"
23,272,10,186.806362800308,28,6,6.49848341743196,0,0.25,0.982734601750619,"LOW MED","R1"
23,274,12,194.477646713678,28,6,6.49881306068972,0,0.25,0.99200187930502,"LOW MED","R1"
24,278,4,170.178678387007,28,5,5.50038252781737,0,0.25,0.913203016511034,"LOW MED","R1"
24,279,5,174.075253296274,28,5,5.50010666823851,0,0.25,0.939857689161325,"LOW MED","R1"
24,280,6,184.631256124756,28,5,5.50039673059491,0,0.25,0.97855931134461,"LOW MED","R1"
24,281,7,178.178509103956,28,5,5.50031845976774,0,0.25,0.959520118692624,"LOW MED","R1"
24,282,8,189.685879333891,28,5,5.49914633294021,0,0.25,0.987054779101521,"LOW MED","R1"
25,291,4,168.134484506816,28,4,4.4991029390304,0,0.25,0.895278882955101,"LOW MED","R1"
25,293,6,177.204855184174,28,4,4.50055884317035,0,0.25,0.955501072223795,"LOW MED","R1"
25,294,7,185.377031964965,28,4,4.49925970017182,0,0.25,0.980091737661716,"LOW MED","R1"
25,295,8,171.707543524011,28,4,4.50106765963113,0,0.25,0.924743607175304,"LOW MED","R1"
26,306,7,146.860424599343,28,3,3.49978687539776,0,0.25,0.496457203685799,"LOW MED","R1"
26,309,10,152.769789972443,28,3,3.49851176758494,0,0.25,0.642405600733932,"LOW MED","R1"
26,312,13,154.353483127535,28,3,3.50105405115999,0,0.25,0.678441033927522,"LOW MED","R1"
26,315,16,139.201143434528,28,3,3.50153533377749,0,0.25,0.311774482487659,"LOW MED","R1"
22,251,1,177.818115608776,29,8,8.50074791643105,0,0.25,0.958074711846242,"LOW MED","R1"
22,260,10,211.352184976921,29,8,8.50008591900556,0,0.25,0.998548681435657,"LOW MED","R1"
22,261,11,212.934184153354,29,8,8.49969923149455,0,0.25,0.998763773320425,"LOW MED","R1"
22,262,12,195.007401899049,29,8,8.50079585404954,0,0.25,0.99241753596741,"LOW MED","R1"
23,272,10,194.443285865913,29,7,7.50055999757366,0,0.25,0.991974151561367,"LOW MED","R1"
23,274,12,202.987957551375,29,7,7.50061672245313,0,0.25,0.996613582385402,"LOW MED","R1"
24,278,4,179.106733271671,29,6,6.49944887924727,0,0.25,0.963026268846461,"LOW MED","R1"
24,279,5,183.547607935846,29,6,6.49937182885497,0,0.25,0.976125158472363,"LOW MED","R1"
24,281,7,188.24057445945,29,6,6.50029716450621,0,0.25,0.985039282955442,"LOW MED","R1"
24,282,8,201.490889709097,29,6,6.49979456125401,0,0.25,0.99605985428281,"LOW MED","R1"
25,291,4,181.696772990329,29,5,5.49905945047692,0,0.25,0.971330860622399,"LOW MED","R1"
25,293,6,192.617721331509,29,5,5.50289469925286,0,0.25,0.99035549606321,"LOW MED","R1"
25,294,7,202.549011996127,29,5,5.49904296161072,0,0.25,0.996459792032682,"LOW MED","R1"
25,295,8,185.985872013899,29,5,5.50062425375537,0,0.25,0.981262778967771,"LOW MED","R1"
26,300,1,175.353923212028,29,4,4.50201565766306,0,0.25,0.946790518850197,"LOW MED","R1"
26,303,4,146.564309125777,29,4,4.49927809269879,0,0.25,0.488942620414976,"LOW MED","R1"
26,307,8,166.496275421097,29,4,4.49942791914034,0,0.25,0.878628194810359,"LOW MED","R1"
26,308,9,175.176864054857,29,4,4.49917713313531,0,0.25,0.945877548969628,"LOW MED","R1"
26,309,10,170.706274374269,29,4,4.49992086224449,0,0.25,0.91735607822036,"LOW MED","R1"
26,312,13,172.729335327746,29,4,4.49954676700002,0,0.25,0.93165286361465,"LOW MED","R1"
26,315,16,153.573621201059,29,4,4.49970403691026,0,0.25,0.660928663939708,"LOW MED","R1"
22,251,1,180.980835685645,30,9,9.49904773290487,0,0.25,0.969235764935593,"LOW MED","R1"
22,260,10,216.694776011581,30,9,9.5006906940659,0,0.25,0.999155799844638,"LOW MED","R1"
23,272,10,200.346215195974,30,8,8.50163835504868,0,0.25,0.995576400422922,"LOW MED","R1"
23,274,12,209.651821989566,30,8,8.49819774432594,0,0.25,0.998275665900314,"LOW MED","R1"
24,278,4,185.913230191474,30,7,7.4994086269914,0,0.25,0.981126689625603,"LOW MED","R1"
24,281,7,196.037315520146,30,7,7.49714891898815,0,0.25,0.99316523718745,"LOW MED","R1"
24,282,8,210.839241641674,30,7,7.50066085873317,0,0.25,0.99847121199208,"LOW MED","R1"
25,291,4,192.277864750053,30,6,6.50163451054675,0,0.25,0.990020269247331,"LOW MED","R1"
25,293,6,204.887493356473,30,6,6.49967461972238,0,0.25,0.997205921382446,"LOW MED","R1"
25,294,7,216.45434357332,30,6,6.49943683072804,0,0.25,0.999134955947826,"LOW MED","R1"
26,300,1,190.380371529826,30,5,5.49936680836698,0,0.25,0.987925509619221,"LOW MED","R1"
26,304,5,163.595988599209,30,5,5.49975822165462,0,0.25,0.843569463852654,"LOW MED","R1"
26,306,7,175.801796138198,30,5,5.50155162503365,0,0.25,0.949035402097197,"LOW MED","R1"
26,307,8,179.73595031568,30,5,5.49980178234356,0,0.25,0.965234947637276,"LOW MED","R1"
26,312,13,187.215538677289,30,5,5.4995582759504,0,0.25,0.98342554536027,"LOW MED","R1"
27,324,9,157.466706951578,30,4,4.50057954367714,0,0.25,0.743208022863203,"LOW MED","R1"
28,329,3,142.487496919466,30,3,3.50078496630613,0,0.25,0.387421186415369,"LOW MED","R1"
28,335,9,145.80073417772,30,3,3.49871237929304,0,0.25,0.469596477784606,"LOW MED","R1"
22,251,1,183.340503342056,31,10,10.5003128696012,0,0.25,0.97563017106867,"LOW MED","R1"
23,274,12,214.869855748555,31,9,9.50033058247136,0,0.25,0.99898412430108,"LOW MED","R1"
24,278,4,191.102311230713,31,8,8.49984703754248,0,0.25,0.988769329116305,"LOW MED","R1"
24,281,7,202.078736343789,31,8,8.49949056976874,0,0.25,0.996287295619557,"LOW MED","R1"
24,282,8,218.242173200199,31,8,8.50008842965554,0,0.25,0.99927845016543,"LOW MED","R1"
25,291,4,200.533072045178,31,7,7.50198690395549,0,0.25,0.995659173076917,"LOW MED","R1"
25,293,6,214.655131906336,31,7,7.49889248510821,0,0.25,0.998961756824885,"LOW MED","R1"
25,294,7,227.714445548795,31,7,7.50099839009459,0,0.25,0.999724081658378,"LOW MED","R1"
26,300,1,202.294722104683,31,6,6.49928090690095,0,0.25,0.996367534780986,"LOW MED","R1"
26,306,7,185.520227049689,31,6,6.49925602948951,0,0.25,0.980373448983946,"LOW MED","R1"
26,307,8,190.026256702666,31,6,6.49901806240584,0,0.25,0.987489013402027,"LOW MED","R1"
28,327,1,166.3622649034,31,4,4.50036136365003,0,0.25,0.877169706927246,"LOW MED","R1"
28,329,3,157.689869888159,31,4,4.50089094152201,0,0.25,0.747508466956986,"LOW MED","R1"
28,331,5,158.272037281022,31,4,4.499481463158,0,0.25,0.758500628486565,"LOW MED","R1"
28,332,6,154.577382937962,31,4,4.5004550324565,0,0.25,0.683380206856472,"LOW MED","R1"
28,335,9,161.861494570811,31,4,4.50222679242112,0,0.25,0.818901524817436,"LOW MED","R1"
28,336,10,154.978549812153,31,4,4.4989743722098,0,0.25,0.692126794504717,"LOW MED","R1"
28,339,13,155.800377869774,31,4,4.50134467621387,0,0.25,0.709616722034508,"LOW MED","R1"
29,340,1,144.847087206305,31,3,3.49963641067112,0,0.25,0.445568972504932,"LOW MED","R1"
29,343,4,143.505749713401,31,3,3.49910870735251,0,0.25,0.412223876191539,"LOW MED","R1"
29,346,7,148.73258899956,31,3,3.5005833665572,0,0.25,0.543865408403428,"LOW MED","R1"
29,348,9,153.400277805224,31,3,3.50061811233319,0,0.25,0.656973376064682,"LOW MED","R1"
29,349,10,145.488923351175,31,3,3.49887601313015,0,0.25,0.461719258804337,"LOW MED","R1"
30,357,6,129.832548316185,31,2,2.49707019546078,0,0.25,0.148925662753431,"LOW MED","R1"
30,358,7,133.788618514033,31,2,2.50037968297175,0,0.25,0.207282718890931,"LOW MED","R1"
22,251,1,185.101023183643,32,11,11.499434835843,0,0.25,0.979537518677362,"LOW MED","R1"
23,274,12,218.95575463838,32,10,10.4999482997396,0,0.25,0.999328844901393,"LOW MED","R1"
24,278,4,195.058320077709,32,9,9.49859275141594,0,0.25,0.99245634001752,"LOW MED","R1"
24,282,8,224.104532261502,32,9,9.49684944853962,0,0.25,0.999601978550697,"LOW MED","R1"
25,291,4,206.973659560438,32,8,8.49763272732227,0,0.25,0.997738060864919,"LOW MED","R1"
25,293,6,222.430888672367,32,8,8.50128438212883,0,0.25,0.99952829150853,"LOW MED","R1"
25,294,7,236.832523445337,32,8,8.49924092885886,0,0.25,0.999890656814331,"LOW MED","R1"
26,300,1,211.741515293494,32,7,7.50001932284424,0,0.25,0.99860485393289,"LOW MED","R1"
26,306,7,193.015197940957,32,7,7.500666843113,0,0.25,0.99073343267541,"LOW MED","R1"
28,327,1,179.575707869486,32,5,5.4987899037855,0,0.25,0.964684839335183,"LOW MED","R1"
28,329,3,169.25729111486,32,5,5.50072825319653,0,0.25,0.90549557296307,"LOW MED","R1"
28,331,5,169.946751113843,32,5,5.49859697742765,0,0.25,0.911318263119579,"LOW MED","R1"
28,332,6,165.579078977853,32,5,5.49985504476291,0,0.25,0.868342009794738,"LOW MED","R1"
28,335,9,174.20796332907,32,5,5.50158076295719,0,0.25,0.940614831643477,"LOW MED","R1"
28,336,10,166.052412341809,32,5,5.49919602345849,0,0.25,0.873739687506957,"LOW MED","R1"
29,342,3,160.734227697087,32,4,4.49982096216287,0,0.25,0.801304704378717,"LOW MED","R1"
29,345,6,165.424318920638,32,4,4.49992650802033,0,0.25,0.866535195961759,"LOW MED","R1"
29,346,7,165.57093481932,32,4,4.4989599569171,0,0.25,0.868247446828624,"LOW MED","R1"
29,348,9,171.511102279411,32,4,4.49952285407131,0,0.25,0.92334375465448,"LOW MED","R1"
29,349,10,161.467977119176,32,4,4.50081804375502,0,0.25,0.812900496258268,"LOW MED","R1"
30,355,4,149.665999065131,32,3,3.50017315687734,0,0.25,0.567261119309258,"LOW MED","R1"
30,359,8,152.049068137272,32,3,3.49965888469233,0,0.25,0.625426060987246,"LOW MED","R1"
30,360,9,135.785160672911,32,3,3.49945380700456,0,0.25,0.242564760606634,"LOW MED","R1"
30,362,11,155.819360250671,32,3,3.49912745941745,0,0.25,0.710013707982799,"LOW MED","R1"
31,364,2,130.975796108163,32,2,2.49994369315728,0,0.25,0.164245103809526,"LOW MED","R1"
22,251,1,186.41452600011,33,12,12.500427819849,0,0.25,0.982046447076244,"LOW MED","R1"
23,274,12,222.155153206685,33,11,11.5016282355362,0,0.25,0.999514905422455,"LOW MED","R1"
25,294,7,244.216057334149,33,9,9.49999442620378,0,0.25,0.999948329793027,"LOW MED","R1"
26,300,1,219.231801985283,33,8,8.50221888174481,0,0.25,0.999347382589836,"LOW MED","R1"
26,306,7,198.795409702768,33,8,8.49888415561062,0,0.25,0.994825945354333,"LOW MED","R1"
28,329,3,178.058892951066,33,6,6.50093479915082,0,0.25,0.959045753459622,"LOW MED","R1"
28,331,5,178.842894433626,33,6,6.49983030922516,0,0.25,0.962060509501484,"LOW MED","R1"
28,332,6,173.884516695748,33,6,6.50136867279906,0,0.25,0.938753655289948,"LOW MED","R1"
28,335,9,183.699126080258,33,6,6.50105680231681,0,0.25,0.976481066036208,"LOW MED","R1"
28,336,10,174.420922033555,33,6,6.50120377219914,0,0.25,0.941811172803902,"LOW MED","R1"
29,340,1,172.777945438169,33,5,5.4994120529523,0,0.25,0.931966466816469,"LOW MED","R1"
29,343,4,170.773508317309,33,5,5.5004993885465,0,0.25,0.917872143634808,"LOW MED","R1"
29,344,5,164.497112628668,33,5,5.50061476756174,0,0.25,0.855267053039304,"LOW MED","R1"
29,345,6,178.45483748691,33,5,5.50198034109735,0,0.25,0.960595919645519,"LOW MED","R1"
29,346,7,178.629969530433,33,5,5.5006188234001,0,0.25,0.961263491967558,"LOW MED","R1"
29,350,11,166.635126016457,33,5,5.4993962470741,0,0.25,0.880123590316245,"LOW MED","R1"
30,353,2,160.307551417385,33,4,4.49841004855106,0,0.25,0.794317142359676,"LOW MED","R1"
30,355,4,166.755426880384,33,4,4.50101931758802,0,0.25,0.881406315322448,"LOW MED","R1"
30,359,8,169.787199485089,33,4,4.4996998631089,0,0.25,0.910000297787109,"LOW MED","R1"
30,362,11,174.606181195795,33,4,4.50018754928124,0,0.25,0.942833478453744,"LOW MED","R1"
31,364,2,154.258330754431,33,3,3.49955438789577,0,0.25,0.676329768335704,"LOW MED","R1"
31,367,5,145.862137767157,33,3,3.49943978195682,0,0.25,0.471149617306071,"LOW MED","R1"
31,368,6,142.740778636108,33,3,3.50110036170945,0,0.25,0.393541714452142,"LOW MED","R1"
31,370,8,157.510246643174,33,3,3.49901982230707,0,0.25,0.744050803139517,"LOW MED","R1"
32,375,3,133.869286084866,33,2,2.50127933077703,0,0.25,0.208631759376904,"LOW MED","R1"
33,387,3,94.4654674921606,33,1,1.50027619520648,0,0.25,0.00480177621121853,"LOW MED","R1"
22,251,1,187.394514755768,34,13,13.4992798902567,0,0.25,0.983719154742076,"LOW MED","R1"
23,274,12,224.660391704965,34,12,12.4983542539949,0,0.25,0.999623811628252,"LOW MED","R1"
26,300,1,225.17079033867,34,9,9.50250251220286,0,0.25,0.999642803154488,"LOW MED","R1"
26,306,7,203.253178584873,34,9,9.50120665738701,0,0.25,0.996703260110828,"LOW MED","R1"
28,329,3,184.755994523219,34,7,7.49989136055458,0,0.25,0.978823430893752,"LOW MED","R1"
28,331,5,185.621764314242,34,7,7.50025347596216,0,0.25,0.980570834945647,"LOW MED","R1"
28,335,9,190.995315147216,34,7,7.50185650313718,0,0.25,0.988648051406911,"LOW MED","R1"
28,336,10,180.744998594312,34,7,7.49935275342065,0,0.25,0.968513696191817,"LOW MED","R1"
29,340,1,182.067377062143,34,6,6.49970326435199,0,0.25,0.972360325110463,"LOW MED","R1"
29,343,4,179.783657667595,34,6,6.50057906154761,0,0.25,0.96539712392603,"LOW MED","R1"
29,344,5,172.659242987075,34,6,6.5007279819896,0,0.25,0.931198311270119,"LOW MED","R1"
29,345,6,188.557221986517,34,6,6.50169966441664,0,0.25,0.985505759339587,"LOW MED","R1"
29,350,11,175.081598612402,34,6,6.49980201452393,0,0.25,0.945380240355654,"LOW MED","R1"
30,359,8,183.678585027273,34,5,5.50139658725955,0,0.25,0.976433121363782,"LOW MED","R1"
30,362,11,189.47779364711,34,5,5.49974257184866,0,0.25,0.986782023734408,"LOW MED","R1"
31,364,2,172.607648569585,34,4,4.49815591905062,0,0.25,0.930861931658177,"LOW MED","R1"
31,368,6,158.008004748701,34,4,4.49962844537523,0,0.25,0.753556066425879,"LOW MED","R1"
31,370,8,176.776214621366,34,4,4.50120997279355,0,0.25,0.953613496085407,"LOW MED","R1"
32,374,2,151.78853608788,34,3,3.50131379937733,0,0.25,0.619208827898929,"LOW MED","R1"
32,381,9,145.021313596911,34,3,3.49678952806396,0,0.25,0.449943065376201,"LOW MED","R1"
32,383,11,132.531699283678,34,3,3.49879384373474,0,0.25,0.187094506678996,"LOW MED","R1"
32,384,12,140.74479247088,34,3,3.50060420325045,0,0.25,0.346353648655362,"LOW MED","R1"
33,390,6,139.956153695593,34,2,2.50038192628922,0,0.25,0.328455599053292,"LOW MED","R1"
23,274,12,226.62207912817,35,13,13.4991666886804,0,0.25,0.999691727800923,"LOW MED","R1"
28,329,3,189.851790754678,35,8,8.4998920982376,0,0.25,0.987268266720411,"LOW MED","R1"
28,335,9,196.604151102972,35,8,8.49983616200722,0,0.25,0.99354501999955,"LOW MED","R1"
28,336,10,185.524098555894,35,8,8.50012444327692,0,0.25,0.980381011007823,"LOW MED","R1"
29,340,1,189.18766552896,35,7,7.49900143639791,0,0.25,0.986392242172075,"LOW MED","R1"
29,343,4,186.661288905303,35,7,7.49930076996661,0,0.25,0.982482893258042,"LOW MED","R1"
29,345,6,196.389463816252,35,7,7.49946478184102,0,0.25,0.99340370981063,"LOW MED","R1"
29,350,11,181.472634073536,35,7,7.50218629148581,0,0.25,0.97069028819845,"LOW MED","R1"
30,359,8,194.557441908966,35,6,6.49964408890035,0,0.25,0.992065904614312,"LOW MED","R1"
30,360,9,166.896747572252,35,6,6.5004976047013,0,0.25,0.882897977098132,"LOW MED","R1"
30,362,11,201.250134350633,35,6,6.50097965802913,0,0.25,0.995962746338491,"LOW MED","R1"
31,372,10,182.724075957683,35,5,5.50101602667643,0,0.25,0.974096957334871,"LOW MED","R1"
32,374,2,169.455211923803,35,4,4.49990052011388,0,0.25,0.9072012447337,"LOW MED","R1"
32,377,5,161.670569496532,35,4,4.49876384534432,0,0.25,0.816008891200075,"LOW MED","R1"
32,380,8,153.692498588214,35,4,4.49906319225785,0,0.25,0.663628276633811,"LOW MED","R1"
32,381,9,160.87819399199,35,4,4.49922232797152,0,0.25,0.803621749162853,"LOW MED","R1"
32,382,10,153.730232804616,35,4,4.49939094791045,0,0.25,0.664482972403441,"LOW MED","R1"
32,384,12,155.504401090328,35,4,4.50060044813582,0,0.25,0.703385558716509,"LOW MED","R1"
33,390,6,166.989471255115,35,3,3.5010896068536,0,0.25,0.883867826354127,"LOW MED","R1"
33,391,7,153.509718815424,35,3,3.50194392792761,0,0.25,0.659473139610023,"LOW MED","R1"
33,393,9,149.141357471494,35,3,3.50031362755676,0,0.25,0.554141175180393,"LOW MED","R1"
33,394,10,162.978676728171,35,3,3.50092192139457,0,0.25,0.835119389247201,"LOW MED","R1"
28,329,3,193.729160532154,36,9,9.50092301572076,0,0.25,0.991375811525699,"LOW MED","R1"
28,335,9,200.915859652446,36,9,9.49973955237677,0,0.25,0.995823953381357,"LOW MED","R1"
28,336,10,189.135660848564,36,9,9.49960853000135,0,0.25,0.986321186458972,"LOW MED","R1"
29,340,1,194.645319980051,36,8,8.49901391134215,0,0.25,0.992135827215685,"LOW MED","R1"
29,343,4,191.911125462161,36,8,8.49958001800744,0,0.25,0.989645579959764,"LOW MED","R1"
29,345,6,202.46169479121,36,8,8.49884244126204,0,0.25,0.996428379294452,"LOW MED","R1"
29,350,11,186.308420113388,36,8,8.50061289870564,0,0.25,0.981855512977317,"LOW MED","R1"
30,359,8,203.077076375448,36,7,7.49938578743536,0,0.25,0.99664398361912,"LOW MED","R1"
30,360,9,172.482994127569,36,7,7.49930540838093,0,0.25,0.930042931902636,"LOW MED","R1"
30,362,11,210.569097314033,36,7,7.49924078929732,0,0.25,0.998428766225639,"LOW MED","R1"
31,372,10,193.459034736956,36,6,6.49794778880475,0,0.25,0.99113813174039,"LOW MED","R1"
32,377,5,173.980865818871,36,5,5.50015118746817,0,0.25,0.939313697335834,"LOW MED","R1"
33,390,6,189.041427445476,36,4,4.4995258091149,0,0.25,0.986191498879336,"LOW MED","R1"
33,391,7,171.650883399483,36,4,4.5006939589707,0,0.25,0.924342271183509,"LOW MED","R1"
33,394,10,183.831299241102,36,4,4.49977868726182,0,0.25,0.976787300911397,"LOW MED","R1"
34,397,1,144.256482669645,36,3,3.50097578645585,0,0.25,0.430807866563232,"LOW MED","R1"
34,398,2,140.703168956661,36,3,3.50017471224956,0,0.25,0.345397504536139,"LOW MED","R1"
34,401,5,136.235928469161,36,3,3.50100132620095,0,0.25,0.251072247130276,"LOW MED","R1"
34,404,8,166.439931780138,36,3,3.49968728457226,0,0.25,0.878016812401196,"LOW MED","R1"
28,329,3,196.679434779478,37,10,10.5012839059767,0,0.25,0.99359385716188,"LOW MED","R1"
28,335,9,204.230420955764,37,10,10.499929529706,0,0.25,0.997013733999399,"LOW MED","R1"
29,340,1,198.828576353207,37,9,9.49777631224949,0,0.25,0.994843249924136,"LOW MED","R1"
29,343,4,195.918433054145,37,9,9.49890732096309,0,0.25,0.993082812943174,"LOW MED","R1"
29,345,6,207.16941319608,37,9,9.50046111807132,0,0.25,0.997782475127761,"LOW MED","R1"
29,350,11,189.967424474332,37,9,9.50118995386205,0,0.25,0.987415000252445,"LOW MED","R1"
30,359,8,209.749116667163,37,8,8.49889401265315,0,0.25,0.998292587038437,"LOW MED","R1"
30,360,9,176.642396837719,37,8,8.50135710055429,0,0.25,0.953008767336484,"LOW MED","R1"
30,362,11,217.945971030168,37,8,8.49990572569818,0,0.25,0.999256436976594,"LOW MED","R1"
31,372,10,201.850756387153,37,7,7.49814313732493,0,0.25,0.996200684328669,"LOW MED","R1"
32,377,5,183.439854350524,37,6,6.50077340604475,0,0.25,0.97586885994671,"LOW MED","R1"
33,390,6,207.029925185381,37,5,5.4991548506084,0,0.25,0.997750917012027,"LOW MED","R1"
33,394,10,200.663970900639,37,5,5.49599918081597,0,0.25,0.995716237532219,"LOW MED","R1"
34,397,1,159.914463091153,37,4,4.49814309288427,0,0.25,0.787719935968909,"LOW MED","R1"
34,400,4,158.208436700934,37,4,4.50018871355368,0,0.25,0.757315783222372,"LOW MED","R1"
34,402,6,177.964237053928,37,4,4.49804013488223,0,0.25,0.958666606679864,"LOW MED","R1"
34,405,9,162.001029544829,37,4,4.50013022519354,0,0.25,0.820993079214407,"LOW MED","R1"
34,408,12,169.153140311112,37,4,4.49987085269412,0,0.25,0.904586773924034,"LOW MED","R1"
35,412,1,141.896663643022,37,3,3.49938528054409,0,0.25,0.373284019733241,"LOW MED","R1"
35,417,6,152.136656837045,37,3,3.50043558539876,0,0.25,0.627507094910996,"LOW MED","R1"
35,421,10,177.386479099847,37,3,3.50027630613566,0,0.25,0.956278595468032,"LOW MED","R1"
28,329,3,198.924285963129,38,11,11.500618132941,0,0.25,0.994892863903267,"LOW MED","R1"
28,335,9,206.778440263514,38,11,11.5008180236505,0,0.25,0.997692883978502,"LOW MED","R1"
29,345,6,210.819243492549,38,10,10.4989764023193,0,0.25,0.998468109456205,"LOW MED","R1"
29,350,11,192.736015310045,38,10,10.5010266964657,0,0.25,0.990469542769141,"LOW MED","R1"
30,359,8,214.974237748285,38,9,9.49994501643294,0,0.25,0.998994823090889,"LOW MED","R1"
31,372,10,208.410724962939,38,8,8.49832130815918,0,0.25,0.998044548844496,"LOW MED","R1"
33,394,10,214.251654417285,38,6,6.50000148432974,0,0.25,0.9989183878666,"LOW MED","R1"
34,397,1,171.894372423918,38,5,5.49870755499774,0,0.25,0.926053136800565,"LOW MED","R1"
34,400,4,169.871406449185,38,5,5.50050759572828,0,0.25,0.910698068649744,"LOW MED","R1"
34,401,5,160.051157546832,38,5,5.49925231734832,0,0.25,0.790031461928572,"LOW MED","R1"
34,402,6,193.536930251937,38,5,5.50077261747349,0,0.25,0.991207329261998,"LOW MED","R1"
34,408,12,182.917839073599,38,5,5.50021597847425,0,0.25,0.974588750922091,"LOW MED","R1"
35,412,1,156.948248103115,38,4,4.50079611581154,0,0.25,0.733033709719129,"LOW MED","R1"
35,417,6,169.898840369954,38,4,4.50126320890587,0,0.25,0.910924340688903,"LOW MED","R1"
35,419,8,160.488851485939,38,4,4.50044036596061,0,0.25,0.797308276027006,"LOW MED","R1"
35,421,10,202.685090545871,38,4,4.50109508522803,0,0.25,0.99650819891916,"LOW MED","R1"
36,426,3,150.163841288199,38,3,3.49886270363603,0,0.25,0.579624551379989,"LOW MED","R1"
36,427,4,155.110956103306,38,3,3.50094176882027,0,0.25,0.69498401618569,"LOW MED","R1"
36,429,6,151.256752394836,38,3,3.50117277423091,0,0.25,0.606398454927968,"LOW MED","R1"
37,448,13,132.204063268051,38,2,2.49931191534901,0,0.25,0.182087704334347,"LOW MED","R1"
28,329,3,200.632383724316,39,12,12.4986375161595,0,0.25,0.995702536068548,"LOW MED","R1"
28,335,9,208.737191904695,39,12,12.4993768860481,0,0.25,0.998108183027081,"LOW MED","R1"
29,350,11,194.830873489885,39,11,11.5009297453519,0,0.25,0.992281466017332,"LOW MED","R1"
30,359,8,219.066222975996,39,10,10.5008321638495,0,0.25,0.999336325626144,"LOW MED","R1"
33,394,10,225.219915848554,39,7,7.49944421209561,0,0.25,0.999644579724056,"LOW MED","R1"
34,397,1,181.060192265163,39,6,6.50104644171045,0,0.25,0.969475108551175,"LOW MED","R1"
34,402,6,205.954126321694,39,6,6.50106012097296,0,0.25,0.997491985408336,"LOW MED","R1"
34,408,12,193.681936124267,39,6,6.50124555577876,0,0.25,0.991334720097804,"LOW MED","R1"
35,417,6,183.812587365423,39,5,5.4999422035462,0,0.25,0.976744184662076,"LOW MED","R1"
35,418,7,164.584940430674,39,5,5.5003642266201,0,0.25,0.856367398770572,"LOW MED","R1"
35,421,10,223.861360217634,39,5,5.50040203975296,0,0.25,0.999592033206252,"LOW MED","R1"
36,425,2,170.037417973803,39,4,4.50042164575131,0,0.25,0.91205942490652,"LOW MED","R1"
36,427,4,173.69865764538,39,4,4.50026656728621,0,0.25,0.937659653972773,"LOW MED","R1"
36,428,5,163.444295063235,39,4,4.49932049886405,0,0.25,0.841526269878275,"LOW MED","R1"
37,448,13,155.984684884722,39,3,3.49802276952798,0,0.25,0.713457586851876,"LOW MED","R1"
28,329,3,201.932068078905,40,13,13.5009552142356,1.32258064516129,0.25,0.996231803774485,"LOW MED","R1"
28,335,9,210.242952861906,40,13,13.5013962873999,1.32258064516129,0.25,0.998375950898112,"LOW MED","R1"
30,359,8,222.270807682042,40,11,11.5012124327264,1.32258064516129,0.25,0.999520565700481,"LOW MED","R1"
33,394,10,234.073725158824,40,8,8.49934252124637,1.32258064516129,0.25,0.999855314353532,"LOW MED","R1"
34,397,1,188.072954301047,40,7,7.50019001496136,1.32258064516129,0.25,0.984786396191167,"LOW MED","R1"
34,408,12,202.099540266244,40,7,7.49888249198923,1.32258064516129,0.25,0.996295100559373,"LOW MED","R1"
35,419,8,181.837522935816,40,6,6.4994814984163,1.32258064516129,0.25,0.97172614700657,"LOW MED","R1"
35,421,10,241.587012796157,40,6,6.50081085038815,1.32258064516129,0.25,0.999932522197983,"LOW MED","R1"
36,425,2,183.978944808106,40,5,5.50054947594061,1.32258064516129,0.25,0.977124782042943,"LOW MED","R1"
36,427,4,188.383332741299,40,5,5.50171633406542,1.32258064516129,0.25,0.985251393218049,"LOW MED","R1"
36,429,6,182.467977588186,40,5,5.50154311664005,1.32258064516129,0.25,0.973432714849436,"LOW MED","R1"
36,435,12,162.502582059149,40,5,5.50004150433026,1.32258064516129,0.25,0.828355087408088,"LOW MED","R1"
37,441,6,161.607663281832,40,4,4.50156170257065,1.32258064516129,0.25,0.815048018604308,"LOW MED","R1"
37,443,8,152.363636262731,40,4,4.49992900953931,1.32258064516129,0.25,0.63287783619493,"LOW MED","R1"
37,446,11,170.00552007592,40,4,4.49934660285314,1.32258064516129,0.25,0.911799313951112,"LOW MED","R1"
38,450,2,150.905969733612,40,3,3.50195536163577,1.32258064516129,0.25,0.597866268214444,"LOW MED","R1"
38,452,4,146.816873119736,40,3,3.50118630692793,1.32258064516129,0.25,0.495351806975887,"LOW MED","R1"
38,454,6,148.86363196408,40,3,3.50108566621286,1.32258064516129,0.25,0.547164109143042,"LOW MED","R1"
38,459,11,146.928574294726,40,3,3.5007036847503,1.32258064516129,0.25,0.498187002508453,"LOW MED","R1"
28,335,9,211.400484022361,41,14,14.4999053726508,1.32258064516129,0.25,0.998555770905308,"LOW MED","R1"
30,359,8,224.78043627715,41,12,12.4989549058968,1.32258064516129,0.25,0.999628367243481,"LOW MED","R1"
34,397,1,193.438413389675,41,8,8.50068646734289,1.32258064516129,0.25,0.991119722844879,"LOW MED","R1"
36,435,12,170.403699087482,41,6,6.49971494282181,1.32258064516129,0.25,0.914996922191816,"LOW MED","R1"
37,441,6,173.906052299379,41,5,5.50217459560443,1.32258064516129,0.25,0.938879251578693,"LOW MED","R1"
37,443,8,162.971105963825,41,5,5.50099763927276,1.32258064516129,0.25,0.835013518906699,"LOW MED","R1"
37,446,11,183.940650267901,41,5,5.50172960134402,1.32258064516129,0.25,0.977037713242778,"LOW MED","R1"
39,469,8,156.383563349088,41,3,3.49923277793322,1.32258064516129,0.25,0.721664977582089,"LOW MED","R1"
39,470,9,150.032925633075,41,3,3.49807140007458,1.32258064516129,0.25,0.57638239653417,"LOW MED","R1"
39,473,12,148.996619087152,41,3,3.49923489212176,1.32258064516129,0.25,0.550507518207105,"LOW MED","R1"
37,443,8,170.933166779994,42,6,6.50078084793993,1.32258064516129,0.25,0.9190858895427,"LOW MED","R1"
39,462,1,170.491492489479,42,4,4.49958194500447,1.32258064516129,0.25,0.915687661652328,"LOW MED","R1"
39,471,10,149.309655184386,42,4,4.49926573745016,1.32258064516129,0.25,0.558358998710372,"LOW MED","R1"
39,473,12,165.905815438281,42,4,4.49975571926717,1.32258064516129,0.25,0.872088513343882,"LOW MED","R1"
40,480,5,156.708366190871,42,3,3.49916914268913,1.32258064516129,0.25,0.728240429705471,"LOW MED","R1"
40,483,8,163.533134051172,42,3,3.49964750015237,1.32258064516129,0.25,0.84272547745531,"LOW MED","R1"
40,487,12,149.728206349159,42,3,3.49916733955462,1.32258064516129,0.25,0.568810894958814,"LOW MED","R1"
41,499,12,125.91674155453,42,2,2.50051691358659,1.32258064516129,0.25,0.105209747948888,"LOW MED","R1"
42,511,12,99.162443290214,42,1,1.49926305796709,1.32258064516129,0.25,0.00771333863104724,"LOW MED","R1"
37,443,8,176.909560229776,43,7,7.49884896512246,1.32258064516129,0.25,0.954208721798575,"LOW MED","R1"
40,480,5,175.746426076562,43,4,4.50120481205125,1.32258064516129,0.25,0.948762801275708,"LOW MED","R1"
40,483,8,184.549769398145,43,4,4.50035703620573,1.32258064516129,0.25,0.978385035265813,"LOW MED","R1"
41,488,1,146.39492698725,43,3,3.50145464054715,1.32258064516129,0.25,0.484646203167209,"LOW MED","R1"
41,493,6,154.977643822797,43,3,3.49994112577283,1.32258064516129,0.25,0.692107192843144,"LOW MED","R1"
41,495,8,161.051618198606,43,3,3.49958457193082,1.32258064516129,0.25,0.806385714129006,"LOW MED","R1"
40,483,8,201.539775270142,44,5,5.5006452342256,1.32258064516129,0.25,0.996079286126093,"LOW MED","R1"
41,497,10,161.718083116801,44,4,4.49965006836953,1.32258064516129,0.25,0.81673208051352,"LOW MED","R1"
41,499,12,163.627590695414,44,4,4.49959104494928,1.32258064516129,0.25,0.843992408921137,"LOW MED","R1"
42,505,6,150.833291936833,44,3,3.50050953551386,1.32258064516129,0.25,0.59609088281276,"LOW MED","R1"
42,506,7,133.280685807654,44,3,3.49973282609826,1.32258064516129,0.25,0.198936490264154,"LOW MED","R1"
42,511,12,149.041945234647,44,3,3.49870486230944,1.32258064516129,0.25,0.55164602952712,"LOW MED","R1"
43,513,2,132.31353390709,44,2,2.49905675632095,1.32258064516129,0.25,0.183748906151267,"LOW MED","R1"
43,514,3,132.563802179235,44,2,2.50083091741954,1.32258064516129,0.25,0.187590747679205,"LOW MED","R1"
43,517,6,129.105940959256,44,2,2.50003285503146,1.32258064516129,0.25,0.139815118479618,"LOW MED","R1"
41,499,12,176.3110022317,45,5,5.49988039676919,1.32258064516129,0.25,0.951478762395166,"LOW MED","R1"
42,501,2,159.765443743355,45,4,4.49905521483728,1.32258064516129,0.25,0.785178877374307,"LOW MED","R1"
42,506,7,146.212849544131,45,4,4.49988412702716,1.32258064516129,0.25,0.480030313888624,"LOW MED","R1"
42,511,12,165.963318183104,45,4,4.50124916537627,1.32258064516129,0.25,0.872738373006674,"LOW MED","R1"
43,512,1,140.265463291705,45,3,3.49991014389104,1.32258064516129,0.25,0.335419610696769,"LOW MED","R1"
43,515,4,142.895627145134,45,3,3.50052653747024,1.32258064516129,0.25,0.397300277546235,"LOW MED","R1"
43,518,7,157.351106199347,45,3,3.50035197167758,1.32258064516129,0.25,0.740961589375227,"LOW MED","R1"
43,523,12,138.441745019247,45,3,3.50001641422253,1.32258064516129,0.25,0.295474916977626,"LOW MED","R1"
46,557,13,61.9994198790628,45,0,0.501158680084211,1.32258064516129,0.25,0.000178577179061039,"LOW MED","R1"
42,506,7,155.760872989945,46,5,5.49928197695743,1.32258064516129,0.25,0.70878951262476,"LOW MED","R1"
44,524,1,142.239008236912,46,3,3.49994875009167,1.32258064516129,0.25,0.381450809438601,"LOW MED","R1"
44,527,4,146.555252325893,46,3,3.49951567671452,1.32258064516129,0.25,0.488712845589227,"LOW MED","R1"
44,530,7,133.952285487733,46,3,3.50071459435118,1.32258064516129,0.25,0.21002653280864,"LOW MED","R1"
45,540,7,131.904930628071,46,2,2.49988388254148,1.32258064516129,0.25,0.177607999137658,"LOW MED","R1"
42,506,7,162.810331501258,47,6,6.49982930705356,1.32258064516129,0.25,0.832752337840135,"LOW MED","R1"
45,538,5,139.153317266337,47,3,3.50062366576131,1.32258064516129,0.25,0.310733498937775,"LOW MED","R1"
45,544,11,147.446151065654,47,3,3.49947698938849,1.32258064516129,0.25,0.511322758620741,"LOW MED","R1"
46,554,10,133.716599432232,47,2,2.49927314283159,1.32258064516129,0.25,0.206083763431358,"LOW MED","R1"
45,544,11,163.941236720594,48,4,4.50025650916517,1.32258064516129,0.25,0.848139663553601,"LOW MED","R1"
46,553,9,150.065443496795,48,3,3.500135098739,1.32258064516129,0.25,0.577188334047885,"LOW MED","R1"
46,554,10,158.117120522368,48,3,3.50060341524379,1.32258064516129,0.25,0.755607715631815,"LOW MED","R1"
46,556,12,157.012942309807,48,3,3.50046951173658,1.32258064516129,0.25,0.734317176115215,"LOW MED","R1"
47,565,7,130.781975925255,48,2,2.50112947544968,1.32258064516129,0.25,0.161561608071578,"LOW MED","R1"
45,544,11,176.684927680943,49,5,5.49759222399043,1.32258064516129,0.25,0.953201774253196,"LOW MED","R1"
46,553,9,167.262837366195,49,4,4.49800502044667,1.32258064516129,0.25,0.886686591145636,"LOW MED","R1"
46,554,10,177.556384865592,49,4,4.49954539634888,1.32258064516129,0.25,0.956994203953657,"LOW MED","R1"
47,561,3,148.010126241987,49,3,3.50177177846624,1.32258064516129,0.25,0.525617678637565,"LOW MED","R1"
48,569,2,139.144640492948,49,2,2.50018223434577,1.32258064516129,0.25,0.310544845107526,"LOW MED","R1"
48,575,8,119.911820091734,49,2,2.49730585218465,1.32258064516129,0.25,0.0600681660254966,"LOW MED","R1"
49,584,9,97.9376005162927,49,1,1.50011880715043,1.32258064516129,0.25,0.006817496471739,"LOW MED","R1"
47,565,7,172.259916499827,50,4,4.49983669891378,1.32258064516129,0.25,0.928554848333147,"LOW MED","R1"
48,569,2,165.828703645096,50,3,3.49880944322382,1.32258064516129,0.25,0.871212601723788,"LOW MED","R1"
48,571,4,149.056172518368,50,3,3.49942637305831,1.32258064516129,0.25,0.55200328228909,"LOW MED","R1"
48,575,8,138.925146878905,50,3,3.50063563242249,1.32258064516129,0.25,0.305793581722484,"LOW MED","R1"
48,569,2,187.530485686911,51,4,4.49821832295553,1.32258064516129,0.25,0.983938789614279,"LOW MED","R1"
48,575,8,153.228910296621,51,4,4.49948061312538,1.32258064516129,0.25,0.653041630195165,"LOW MED","R1"
48,573,6,151.376962573113,52,5,5.5000421076642,1.32258064516129,0.25,0.609307776195489,"LOW MED","R1"
49,580,5,157.284716992536,52,4,4.49987395999261,1.32258064516129,0.25,0.739665705080028,"LOW MED","R1"
50,590,6,165.137805456047,52,3,3.50034891577188,1.32258064516129,0.25,0.863134817960261,"LOW MED","R1"
50,591,7,145.73097991234,52,3,3.50031461673806,1.32258064516129,0.25,0.46783283250773,"LOW MED","R1"
51,600,6,128.260646374852,52,2,2.49947963635511,1.32258064516129,0.25,0.129808711011198,"LOW MED","R1"
49,580,5,168.777743335401,53,5,5.50011095383593,1.32258064516129,0.25,0.901245976876396,"LOW MED","R1"
50,590,6,186.632347296399,53,4,4.50112572047756,1.32258064516129,0.25,0.982432248970832,"LOW MED","R1"
51,599,5,139.399182001811,53,3,3.49993914687623,1.32258064516129,0.25,0.316105179343113,"LOW MED","R1"
51,600,6,150.459107215072,53,3,3.50056116880754,1.32258064516129,0.25,0.586911305368493,"LOW MED","R1"
51,604,10,150.734245212992,53,3,3.4986905012503,1.32258064516129,0.25,0.59366730468959,"LOW MED","R1"
50,591,7,174.103226273221,54,5,5.50057000459178,1.32258064516129,0.25,0.940018029558376,"LOW MED","R1"
51,604,10,168.113103333932,54,4,4.49871751251513,1.32258064516129,0.25,0.895075178113396,"LOW MED","R1"
52,605,1,137.228987822337,54,3,3.49937521834363,1.32258064516129,0.25,0.270502597267406,"LOW MED","R1"
52,608,4,155.383319538732,54,3,3.50012615965234,1.32258064516129,0.25,0.700814274721575,"LOW MED","R1"
52,609,5,152.489403717349,54,3,3.49863989712196,1.32258064516129,0.25,0.635839673195738,"LOW MED","R1"
53,622,10,129.817984447819,54,2,2.49863401806282,1.32258064516129,0.25,0.148738338994437,"LOW MED","R1"
50,591,7,183.579543860688,55,6,6.50081167332658,1.32258064516129,0.25,0.976200608553889,"LOW MED","R1"
52,605,1,151.113821230261,55,4,4.50053858721985,1.32258064516129,0.25,0.602929410684193,"LOW MED","R1"
53,618,6,153.034062602471,55,3,3.50157036351682,1.32258064516129,0.25,0.648545687597022,"LOW MED","R1"
53,620,8,149.089552665322,55,3,3.49996613703599,1.32258064516129,0.25,0.552841259763775,"LOW MED","R1"
53,622,10,152.635375933305,55,3,3.49995058439544,1.32258064516129,0.25,0.639264460526978,"LOW MED","R1"
54,628,6,128.162210012937,55,2,2.50074963703959,1.32258064516129,0.25,0.12868392161185,"LOW MED","R1"
55,635,3,138.459407634393,56,2,2.49968819137686,1.32258064516129,0.25,0.295848369888758,"LOW MED","R1"
54,628,6,167.588659536545,57,4,4.50111583858658,1.32258064516129,0.25,0.889968127333624,"LOW MED","R1"
55,634,2,152.383994284749,57,3,3.50046238341198,1.32258064516129,0.25,0.633357957757128,"LOW MED","R1"
55,635,3,164.850147896087,57,3,3.4989702052647,1.32258064516129,0.25,0.859647821887646,"LOW MED","R1"
55,639,7,134.170212422573,57,3,3.50081399414637,1.32258064516129,0.25,0.21372123788596,"LOW MED","R1"
56,651,8,123.839014077073,57,2,2.49894272962072,1.32258064516129,0.25,0.0869394744170106,"LOW MED","R1"
54,625,3,160.370830148625,58,5,5.50138934120647,1.32258064516129,0.25,0.795364831435105,"LOW MED","R1"
54,628,6,181.043059980216,58,5,5.5004920910067,1.32258064516129,0.25,0.969423589798506,"LOW MED","R1"
55,642,10,161.964866534416,58,4,4.49923957399069,1.32258064516129,0.25,0.82045283499824,"LOW MED","R1"
56,646,3,149.217324738658,58,3,3.49888409563505,1.32258064516129,0.25,0.556046045334833,"LOW MED","R1"
56,648,5,153.112034947875,58,3,3.5005199722276,1.32258064516129,0.25,0.650348049162038,"LOW MED","R1"
56,650,7,150.081035081507,58,3,3.49907188919734,1.32258064516129,0.25,0.577574617558933,"LOW MED","R1"
56,653,10,151.945019074794,58,3,3.50295739553102,1.32258064516129,0.25,0.622947908303274,"LOW MED","R1"
56,646,3,166.185850025711,59,4,4.50097959104616,1.32258064516129,0.25,0.875226759040816,"LOW MED","R1"
57,659,6,162.501315890543,60,4,4.50108749956672,1.32258064516129,0.25,0.828336808009051,"LOW MED","R1"
58,667,4,135.531889953472,60,3,3.49797326872054,1.32258064516129,0.25,0.237871513372535,"LOW MED","R1"
58,670,7,154.117837979421,60,3,3.49972196145038,1.32258064516129,0.25,0.673199322647649,"LOW MED","R1"
59,673,3,122.185689214612,60,2,2.49857477321592,1.32258064516129,0.25,0.0745054478661961,"LOW MED","R1"
58,669,6,170.341945307451,61,4,4.50048607813873,1.32258064516129,0.25,0.914507985661205,"LOW MED","R1"
58,670,7,172.428009447406,61,4,4.49949297385967,1.32258064516129,0.25,0.929678829418225,"LOW MED","R1"
59,673,3,142.044136190875,61,3,3.49943052404455,1.32258064516129,0.25,0.37679349812139,"LOW MED","R1"
59,676,6,153.705198339947,61,3,3.49998276003945,1.32258064516129,0.25,0.66391605124309,"LOW MED","R1"
59,678,8,140.694885023055,61,3,3.49970624402025,1.32258064516129,0.25,0.345207361017241,"LOW MED","R1"
59,679,9,156.653162630769,61,3,3.50041709738826,1.32258064516129,0.25,0.727129757049813,"LOW MED","R1"
60,681,1,123.678910390049,61,2,2.49820019763597,1.32258064516129,0.25,0.0856577147289369,"LOW MED","R1"
59,673,3,157.133292642581,62,4,4.5001459303892,1.32258064516129,0.25,0.736694300600355,"LOW MED","R1"
59,678,8,155.44190289458,62,4,4.49955782290581,1.32258064516129,0.25,0.702059944406628,"LOW MED","R1"
59,679,9,175.675577750853,62,4,4.50056940433044,1.32258064516129,0.25,0.948411985167596,"LOW MED","R1"
60,685,5,140.819492038559,62,3,3.50108591918108,1.32258064516129,0.25,0.348072702815717,"LOW MED","R1"
60,686,6,156.823266062879,62,3,3.4983082147859,1.32258064516129,0.25,0.730543058768214,"LOW MED","R1"
60,685,5,155.597955295963,63,4,4.4991534238209,1.32258064516129,0.25,0.705363494309272,"LOW MED","R1"
61,690,2,158.068408191159,64,4,4.49932979039221,1.32258064516129,0.25,0.754693232187942,"LOW MED","R1"
62,697,2,158.101565317323,64,3,3.49872075021086,1.32258064516129,0.25,0.755315946432596,"LOW MED","R1"
62,698,3,145.773714602749,64,3,3.49848604053322,1.32258064516129,0.25,0.468913230665155,"LOW MED","R1"
62,703,8,142.45296023064,64,3,3.50130765096731,1.32258064516129,0.25,0.386589310136062,"LOW MED","R1"
63,707,4,128.812298174887,64,2,2.50150779944984,1.32258064516129,0.25,0.136267808523488,"LOW MED","R1"
63,708,5,123.529550014841,64,2,2.50119311418568,1.32258064516129,0.25,0.0844774304095561,"LOW MED","R1"
61,690,2,169.705540675885,65,5,5.4997579588611,1.32258064516129,0.25,0.909318953633854,"LOW MED","R1"
62,697,2,177.536379051889,65,4,4.49985329308304,1.32258064516129,0.25,0.956910528079742,"LOW MED","R1"
62,703,8,157.646499895447,65,4,4.5004127724829,1.32258064516129,0.25,0.746676454678723,"LOW MED","R1"
63,704,1,147.634303339709,65,3,3.50036689188699,1.32258064516129,0.25,0.516095019036729,"LOW MED","R1"
61,690,2,178.568553206974,66,6,6.49996344693719,1.32258064516129,0.25,0.961030628773017,"LOW MED","R1"
62,703,8,169.20594668654,66,5,5.50070084515248,1.32258064516129,0.25,0.905048524703767,"LOW MED","R1"
63,704,1,164.179391778217,66,4,4.49934650315336,1.32258064516129,0.25,0.851227927799537,"LOW MED","R1"
62,703,8,178.000527348059,67,6,6.49936418230075,1.32258064516129,0.25,0.958812363830985,"LOW MED","R1"
64,720,7,149.467891599145,67,4,4.50013917767683,1.32258064516129,0.25,0.562317014867965,"LOW MED","R1"
65,727,6,149.041467811989,67,3,3.5011349887239,1.32258064516129,0.25,0.55163404032752,"LOW MED","R1"
66,732,5,164.3107724626,69,4,4.49985597324314,1.32258064516129,0.25,0.85290931197625,"LOW MED","R1"
66,735,8,150.802600298111,69,4,4.49791573866313,1.32258064516129,0.25,0.595340383177088,"LOW MED","R1"
67,738,2,147.739848900054,69,3,3.50086562675309,1.32258064516129,0.25,0.518770828805166,"LOW MED","R1"
66,732,5,177.125654486952,70,5,5.49903605522936,1.32258064516129,0.25,0.955157905133915,"LOW MED","R1"
67,743,7,165.989669905159,70,4,4.49956458135935,1.32258064516129,0.25,0.873035240023117,"LOW MED","R1"
67,744,8,171.978160619727,70,4,4.4982019819766,1.32258064516129,0.25,0.92663359264362,"LOW MED","R1"
68,753,6,154.185458848976,70,3,3.49996054237416,1.32258064516129,0.25,0.674707992103102,"LOW MED","R1"
68,755,8,164.144111686753,70,3,3.50180989892349,1.32258064516129,0.25,0.850773727083941,"LOW MED","R1"
69,760,4,134.329205716996,70,2,2.49989442735115,1.32258064516129,0.25,0.216446509644172,"LOW MED","R1"
68,753,6,172.514467199413,71,4,4.49976606938628,1.32258064516129,0.25,0.930250557796703,"LOW MED","R1"
69,759,3,144.024391694832,71,3,3.49933221364695,1.32258064516129,0.25,0.42503916960235,"LOW MED","R1"
69,760,4,158.98284356619,71,3,3.500205724695,1.32258064516129,0.25,0.771472876662074,"LOW MED","R1"
68,753,6,186.956843122599,72,5,5.49988144593949,1.32258064516129,0.25,0.982991935851797,"LOW MED","R1"
69,759,3,159.622243490746,72,4,4.50062106302239,1.32258064516129,0.25,0.782716295201284,"LOW MED","R1"
70,765,1,154.320092927057,72,3,3.49994666728154,1.32258064516129,0.25,0.677700987942052,"LOW MED","R1"
70,767,3,151.501143088576,72,3,3.50090954953268,1.32258064516129,0.25,0.612305044583219,"LOW MED","R1"
70,768,4,143.37984791445,72,3,3.50011319317573,1.32258064516129,0.25,0.409130101771231,"LOW MED","R1"
71,778,6,123.04240767884,72,2,2.50105514102749,1.32258064516129,0.25,0.0807298730742645,"LOW MED","R1"
68,753,6,198.33673985889,73,6,6.49998864680627,1.32258064516129,0.25,0.994580628429554,"LOW MED","R1"
70,765,1,172.686631890105,73,4,4.49960793863305,1.32258064516129,0.25,0.931376261988506,"LOW MED","R1"
70,767,3,169.089148449228,73,4,4.50079379285865,1.32258064516129,0.25,0.904024523590245,"LOW MED","R1"
70,771,7,152.112986926465,73,4,4.50124013138112,1.32258064516129,0.25,0.626945179792787,"LOW MED","R1"
71,775,3,143.304212109342,73,3,3.49969023465046,1.32258064516129,0.25,0.40727494677015,"LOW MED","R1"
72,792,9,129.672415774934,73,2,2.50101283354563,1.32258064516129,0.25,0.146876673031416,"LOW MED","R1"
70,771,7,162.676249454936,74,5,5.49967636378993,1.38359091967729,0.25,0.830847683444322,"LOW MED","R1"
71,778,6,158.61485060715,74,4,4.49987187841965,1.38359091967729,0.25,0.764818934357489,"LOW MED","R1"
71,779,7,156.448359075449,74,4,4.50127935806674,1.38359091967729,0.25,0.722984509722219,"LOW MED","R1"
73,796,2,133.803377527676,74,2,2.50030542476877,1.38359091967729,0.25,0.207529058233152,"LOW MED","R1"
73,802,8,121.1784431792,74,2,2.50071033273303,1.38359091967729,0.25,0.0677533144772962,"LOW MED","R1"
71,778,6,170.352961550642,75,5,5.50066720934984,1.26138925943584,0.25,0.914595393378188,"LOW MED","R1"
72,784,1,167.589740229635,75,4,4.49819458316409,1.26138925943584,0.25,0.889978871712383,"LOW MED","R1"
73,796,2,158.239682025182,75,3,3.49985957130026,1.26138925943584,0.25,0.75789836030706,"LOW MED","R1"
73,802,8,140.660449184593,75,3,3.49972281636215,1.26138925943584,0.25,0.3444174764371,"LOW MED","R1"
74,812,10,133.728337835373,75,2,2.50059113350386,1.26138925943584,0.25,0.206278830586101,"LOW MED","R1"
73,802,8,155.398782413811,76,4,4.4997012254215,1.60836291499483,0.25,0.701143354825695,"LOW MED","R1"
74,807,5,139.234500598171,76,3,3.49928219282166,1.60836291499483,0.25,0.312501661849379,"LOW MED","R1"
74,810,8,152.399515751859,76,3,3.49971279787829,1.60836291499483,0.25,0.633723836747028,"LOW MED","R1"
74,812,10,158.133697935626,76,3,3.50050960305687,1.60836291499483,0.25,0.755918399206077,"LOW MED","R1"
76,829,8,100.947020707758,76,1,1.50139817266162,1.60836291499483,0.25,0.00923141610135746,"LOW MED","R1"
74,807,5,153.615293579271,77,4,4.50006322097617,1.53005795709193,0.25,0.661876214191655,"LOW MED","R1"
75,813,1,145.985128830056,77,3,3.49832097894838,1.53005795709193,0.25,0.474262198056788,"LOW MED","R1"
75,814,2,142.05776529313,77,3,3.50058935273189,1.53005795709193,0.25,0.377118496479661,"LOW MED","R1"
75,820,8,150.391948978182,77,3,3.50030009452978,1.53005795709193,0.25,0.585257153432425,"LOW MED","R1"
77,838,9,98.0324638179947,77,1,1.50018606021579,1.53005795709193,0.25,0.00688302362474656,"LOW MED","R1"
75,819,7,152.025139962529,78,4,4.49885560123342,1.37973360259161,0.25,0.624856736571516,"LOW MED","R1"
76,827,6,145.46206835913,78,3,3.49986025623058,1.37973360259161,0.25,0.461041662821553,"LOW MED","R1"
76,823,2,162.157288134222,79,4,4.49865334987974,1.58385699991608,0.25,0.823312836867443,"LOW MED","R1"
77,835,6,156.61629238232,80,4,4.49860913532017,1.56597444371373,0.25,0.726386365473896,"LOW MED","R1"
78,841,2,149.379615486637,80,3,3.49999245220888,1.56597444371373,0.25,0.560109882507632,"LOW MED","R1"
78,845,6,149.741312531341,80,3,3.50006175846397,1.56597444371373,0.25,0.56913723969868,"LOW MED","R1"
79,859,10,136.56521336986,80,2,2.50141269121381,1.56597444371373,0.25,0.257410998635994,"LOW MED","R1"
78,842,3,169.809057076968,81,4,4.50049396241173,1.37861493829702,0.25,0.910181888786774,"LOW MED","R1"
78,845,6,166.851073147048,81,4,4.50005350339727,1.37861493829702,0.25,0.882417664876985,"LOW MED","R1"
78,846,7,158.067948734328,81,4,4.49899520068494,1.37861493829702,0.25,0.754684595754738,"LOW MED","R1"
79,858,9,140.548410789702,81,3,3.49977029427054,1.37861493829702,0.25,0.341853515745871,"LOW MED","R1"
80,860,1,128.151559800788,81,2,2.50135796918628,1.37861493829702,0.25,0.12856272556621,"LOW MED","R1"
80,870,11,137.539294339415,81,2,2.50173798294784,1.37861493829702,0.25,0.276764496459383,"LOW MED","R1"
79,855,6,156.477721174989,82,4,4.49945730825033,1.34578272458707,0.25,0.723581181898143,"LOW MED","R1"
80,860,1,150.306956235834,82,3,3.49892670758584,1.34578272458707,0.25,0.583160971464984,"LOW MED","R1"
80,861,2,149.623751113476,82,3,3.49777983468965,1.34578272458707,0.25,0.566207839383523,"LOW MED","R1"
80,864,5,143.888251934158,82,3,3.50029722140688,1.34578272458707,0.25,0.421664742219765,"LOW MED","R1"
80,866,7,151.61463690014,82,3,3.49969080223516,1.34578272458707,0.25,0.615036966375455,"LOW MED","R1"
80,870,11,163.538454434541,82,3,3.5001824112511,1.34578272458707,0.25,0.842797060732927,"LOW MED","R1"
81,876,6,126.12788553858,82,2,2.49943207615815,1.34578272458707,0.25,0.107245078791659,"LOW MED","R1"
79,855,6,167.823237139238,83,5,5.50073058612447,1.36239449627658,0.25,0.892278854287692,"LOW MED","R1"
80,860,1,167.569779032553,83,4,4.50035302541379,1.36239449627658,0.25,0.889780266713417,"LOW MED","R1"
80,863,4,170.721363302897,83,4,4.50014105410253,1.36239449627658,0.25,0.917472152004574,"LOW MED","R1"
80,864,5,159.450883054827,83,4,4.4993006234641,1.36239449627658,0.25,0.779742732129709,"LOW MED","R1"
81,872,2,154.843839299376,83,3,3.50056057963149,1.36239449627658,0.25,0.689204664301435,"LOW MED","R1"
81,876,6,147.491295078479,83,3,3.49910961182853,1.36239449627658,0.25,0.512468004292073,"LOW MED","R1"
81,878,8,144.765898853377,83,3,3.50000474619661,1.36239449627658,0.25,0.44353350824305,"LOW MED","R1"
82,884,6,130.482008597445,83,2,2.49809636975799,1.36239449627658,0.25,0.157478404937477,"LOW MED","R1"
81,872,2,173.356708416872,84,4,4.50017595187099,1.22389091454989,0.25,0.935599089927271,"LOW MED","R1"
81,878,8,160.556228420771,84,4,4.50195895380535,1.22389091454989,0.25,0.798411577017233,"LOW MED","R1"
82,887,9,147.911819814604,84,3,3.50031781245796,1.22389091454989,0.25,0.523128291797296,"LOW MED","R1"
83,894,5,129.853082247189,84,2,2.50045699237516,1.22389091454989,0.25,0.149190105422732,"LOW MED","R1"
81,878,8,172.6563905777,85,5,5.50091969068908,1.59332187585523,0.25,0.931179754092333,"LOW MED","R1"
83,892,3,148.147969733623,85,3,3.4995954043912,1.59332187585523,0.25,0.529106080565751,"LOW MED","R1"
83,896,7,154.701237184946,85,3,3.50254284245101,1.59332187585523,0.25,0.686094831957756,"LOW MED","R1"
83,899,10,156.638462057363,85,3,3.50101163227858,1.59332187585523,0.25,0.726833509951116,"LOW MED","R1"
83,896,7,173.17421244325,86,4,4.49770641299656,1.23861522707491,0.25,0.934473586890747,"LOW MED","R1"
83,899,10,175.656711993307,86,4,4.4989687896496,1.23861522707491,0.25,0.948318186274514,"LOW MED","R1"
84,900,1,148.381969123796,86,3,3.49866708494673,1.23861522707491,0.25,0.535021213222491,"LOW MED","R1"
84,903,4,147.984952019307,86,3,3.50089987176557,1.23861522707491,0.25,0.524980314987496,"LOW MED","R1"
83,896,7,187.751352271417,87,5,5.50001442216383,1.43726160725578,0.25,0.984289359967711,"LOW MED","R1"
84,900,1,165.126438746908,87,4,4.50049928334354,1.43726160725578,0.25,0.862998424696664,"LOW MED","R1"
84,903,4,164.623412503572,87,4,4.49964433053713,1.43726160725578,0.25,0.856847196974141,"LOW MED","R1"
84,904,5,163.293478219979,87,4,4.49771332418611,1.43726160725578,0.25,0.839473463288636,"LOW MED","R1"
85,912,4,154.3048978489,87,3,3.49963084833419,1.43726160725578,0.25,0.67736391523707,"LOW MED","R1"
85,918,10,148.06656346403,87,3,3.50019009519795,1.43726160725578,0.25,0.527046255834145,"LOW MED","R1"
83,896,7,199.254264097946,88,6,6.50095188132237,1.24692281088238,0.25,0.995060304854886,"LOW MED","R1"
85,910,2,140.022513521422,88,4,4.5011324545534,1.24692281088238,0.25,0.329943458159086,"LOW MED","R1"
86,925,7,159.378496507774,88,3,3.49856991629615,1.24692281088238,0.25,0.778477891318044,"LOW MED","R1"
87,929,2,132.024373434114,88,2,2.50030894972506,1.24692281088238,0.25,0.179386286425378,"LOW MED","R1"
87,933,6,133.457744463146,88,2,2.50016965973371,1.24692281088238,0.25,0.201816860195265,"LOW MED","R1"
85,910,2,148.55824625375,89,5,5.49966144253889,1.56883237001722,0.25,0.539470813056529,"LOW MED","R1"
86,925,7,179.180187840551,89,4,4.49979711105494,1.56883237001722,0.25,0.963290908935479,"LOW MED","R1"
87,929,2,155.731829656795,89,3,3.50007665378051,1.56883237001722,0.25,0.708180477320942,"LOW MED","R1"
87,934,7,149.027933096625,90,4,4.49912608987159,1.53018208939887,0.25,0.551294127051604,"LOW MED","R1"
88,938,2,151.064470729125,90,3,3.49914167971153,1.53018208939887,0.25,0.601729211157007,"LOW MED","R1"
88,939,3,156.29748402712,90,3,3.50070790833079,1.53018208939887,0.25,0.719906056737484,"LOW MED","R1"
88,942,6,148.735215081006,90,3,3.49963859154184,1.53018208939887,0.25,0.543931552656385,"LOW MED","R1"
88,944,8,154.191015999499,90,3,3.49960854856685,1.53018208939887,0.25,0.674831815623861,"LOW MED","R1"
88,945,9,149.948437558287,90,3,3.49986401660672,1.53018208939887,0.25,0.57428651528292,"LOW MED","R1"
88,944,8,172.521572773879,91,4,4.49698549313837,1.48767984714229,0.25,0.93029735389339,"LOW MED","R1"
88,945,9,167.114173727289,91,4,4.49938012534168,1.48767984714229,0.25,0.885161152478916,"LOW MED","R1"
89,948,2,152.104238602564,91,3,3.49963744379832,1.48767984714229,0.25,0.62673741087274,"LOW MED","R1"
88,944,8,186.965397073915,92,5,5.50060684481183,1.27459421910716,0.25,0.983006450082036,"LOW MED","R1"
88,945,9,180.475110343321,92,5,5.50174348587964,1.27459421910716,0.25,0.967667248343012,"LOW MED","R1"
89,948,2,169.857518240591,92,4,4.50056606973002,1.27459421910716,0.25,0.910583322645639,"LOW MED","R1"
89,952,6,151.763394169271,92,4,4.50092220766895,1.27459421910716,0.25,0.618606741342298,"LOW MED","R1"
90,958,2,166.019424225456,92,3,3.50131916906715,1.27459421910716,0.25,0.873369727669223,"LOW MED","R1"
91,965,1,133.71593538976,92,2,2.50129050325958,1.27459421910716,0.25,0.206072732548516,"LOW MED","R1"
88,944,8,198.346614948426,93,6,6.49863658999751,1.46722780210167,0.25,0.994586029989292,"LOW MED","R1"
91,965,1,158.116182749608,93,3,3.49935242499447,1.46722780210167,0.25,0.755590132484366,"LOW MED","R1"
91,967,3,142.945278525912,93,3,3.50108852546144,1.46722780210167,0.25,0.398508035029688,"LOW MED","R1"
91,969,5,174.012258988412,93,3,3.49861431987977,1.46722780210167,0.25,0.939495137314023,"LOW MED","R1"
90,963,7,153.685052068583,94,5,5.50040565641763,1.38836357499916,0.25,0.663459483034968,"LOW MED","R1"
91,967,3,158.264959983552,94,4,4.49923958839078,1.38836357499916,0.25,0.758368977347729,"LOW MED","R1"
92,974,1,148.160758073712,94,3,3.50242281426803,1.38836357499916,0.25,0.529429575958028,"LOW MED","R1"
93,991,9,129.666398551929,94,2,2.5000754297206,1.38836357499916,0.25,0.14680013599991,"LOW MED","R1"
91,967,3,169.938366693115,95,5,5.49912354550631,1.52889933960704,0.25,0.911249440062982,"LOW MED","R1"
92,975,2,169.133642737073,95,4,4.50037618033195,1.52889933960704,0.25,0.904415775624648,"LOW MED","R1"
93,988,6,146.135004627097,95,3,3.50122689763589,1.52889933960704,0.25,0.478057842522304,"LOW MED","R1"
90,963,7,165.47529159257,96,7,7.49977182306133,1.60235562215588,0.25,0.86713260377022,"LOW MED","R1"
94,998,7,145.5093253555,96,3,3.50084589602037,1.60235562215588,0.25,0.462234129900083,"LOW MED","R1"
94,1000,9,144.394571776178,96,3,3.5000762887713,1.60235562215588,0.25,0.434249153539276,"LOW MED","R1"
95,1002,2,135.81717148992,96,2,2.49841991644626,1.60235562215588,0.25,0.243162397881452,"LOW MED","R1"
95,1003,3,125.903219945494,96,2,2.49898673269364,1.60235562215588,0.25,0.105080574050237,"LOW MED","R1"
94,992,1,174.688589956541,97,4,4.49968902624883,1.54015685397667,0.25,0.943282788348537,"LOW MED","R1"
95,1002,2,161.090500361023,97,3,3.50008985409378,1.54015685397667,0.25,0.807001329773679,"LOW MED","R1"
95,1008,8,144.991439285216,97,3,3.50017544180958,1.54015685397667,0.25,0.449192477738594,"LOW MED","R1"
96,1013,3,146.135662261891,98,3,3.49844852471056,1.48254569191404,0.25,0.478074503205351,"LOW MED","R1"
96,1016,6,133.122195631768,98,3,3.499289821922,1.48254569191404,0.25,0.196384493936946,"LOW MED","R1"
96,1017,7,145.848586257235,98,3,3.5009892277305,1.48254569191404,0.25,0.470806796946775,"LOW MED","R1"
96,1019,9,145.418003486715,98,3,3.49960841170265,1.48254569191404,0.25,0.459930146025679,"LOW MED","R1"
97,1023,4,124.0633043136,98,2,2.50065226255603,1.48254569191404,0.25,0.0887642820639979,"LOW MED","R1"
98,1037,9,92.2361778563514,98,1,1.50053085021445,1.48254569191404,0.25,0.00383287019797593,"LOW MED","R1"
96,1019,9,161.378500178716,99,4,4.498888119124,1.2323455746503,0.25,0.811514828806215,"LOW MED","R1"
97,1021,2,147.86114852107,99,3,3.49943906283588,1.2323455746503,0.25,0.521844699687518,"LOW MED","R1"
97,1023,4,144.632278417965,99,3,3.4999230771479,1.2323455746503,0.25,0.440187679805198,"LOW MED","R1"
97,1028,9,144.702295886813,99,3,3.50022987550229,1.2323455746503,0.25,0.441940244979858,"LOW MED","R1"
98,1031,3,138.227888068123,99,2,2.5009035215193,1.2323455746503,0.25,0.290975009138446,"LOW MED","R1"
