"cohort","ind","fish_size","Year","Age","AgeE","dtype","FMORT","M","Sel","FSIM","REG"
1,1,98.3567797106765,1,1,1.49923135457543,"M",0,0.25,1,"HIGH MED NA",NA
1,2,200.03008257546,8,8,8.50086197396976,"M",0,0.25,1,"HIGH MED NA",NA
1,3,104.265617316582,1,1,1.50158171402673,"M",0,0.25,1,"HIGH MED NA",NA
1,4,62.9289271174185,0,0,0.500942021908853,"M",0,0.25,1,"HIGH MED NA",NA
1,5,140.062889323464,3,3,3.50105189875114,"M",0,0.25,1,"HIGH MED NA",NA
1,6,119.429170582827,2,2,2.50209208733348,"M",0,0.25,1,"HIGH MED NA",NA
1,7,95.4182770590242,1,1,1.4988296727224,"M",0,0.25,1,"HIGH MED NA",NA
1,8,61.3972296509284,0,0,0.500781546639092,"M",0,0.25,1,"HIGH MED NA",NA
1,9,165.274432126614,9,9,9.49992403639601,"M",0,0.25,1,"HIGH MED NA",NA
1,10,93.1926680154341,1,1,1.49837933758997,"M",0,0.25,1,"HIGH MED NA",NA
1,11,140.190466896439,3,3,3.49959970245217,"M",0,0.25,1,"HIGH MED NA",NA
2,1,115.847393087311,3,2,2.49898138969536,"M",0,0.25,1,"HIGH MED NA",NA
2,2,102.836922626756,2,1,1.50048830086233,"M",0,0.25,1,"HIGH MED NA",NA
2,3,173.534833146634,5,4,4.50196758719226,"M",0,0.25,1,"HIGH MED NA",NA
2,4,183.079969216151,9,8,8.49982862471341,"M",0,0.25,1,"HIGH MED NA",NA
2,5,167.651134894061,6,5,5.49778768244038,"M",0,0.25,1,"HIGH MED NA",NA
2,6,143.268580361897,4,3,3.50062786644367,"M",0,0.25,1,"HIGH MED NA",NA
2,7,63.6703261699414,1,0,0.5008236444972,"M",0,0.25,1,"HIGH MED NA",NA
2,8,153.693148898909,4,3,3.50159591257263,"M",0,0.25,1,"HIGH MED NA",NA
2,9,103.836892211039,2,1,1.49912007440496,"M",0,0.25,1,"HIGH MED NA",NA
2,10,60.9481292127976,1,0,0.500361662732975,"M",0,0.25,1,"HIGH MED NA",NA
3,1,132.58471390696,4,2,2.50094789861863,"M",0,0.25,1,"HIGH MED NA",NA
3,2,99.530289359307,3,1,1.5004151212859,"M",0,0.25,1,"HIGH MED NA",NA
3,3,185.489109165193,12,10,10.5004263498924,"M",0,0.25,1,"HIGH MED NA",NA
3,4,192.56619857506,6,4,4.49962775785988,"M",0,0.25,1,"HIGH MED NA",NA
3,5,132.537066537952,4,2,2.49902667683579,"M",0,0.25,1,"HIGH MED NA",NA
3,6,113.207811511274,4,2,2.50109386872508,"M",0,0.25,1,"HIGH MED NA",NA
3,7,177.413547312856,7,5,5.49926125786135,"M",0,0.25,1,"HIGH MED NA",NA
3,8,61.7723768857437,2,0,0.497097332381632,"M",0,0.25,1,"HIGH MED NA",NA
3,9,168.702148058275,6,4,4.49943035415511,"M",0,0.25,1,"HIGH MED NA",NA
3,10,95.0411687159666,3,1,1.49895747660758,"M",0,0.25,1,"HIGH MED NA",NA
3,11,238.19690125305,13,11,11.5003651159572,"M",0,0.25,1,"HIGH MED NA",NA
4,1,62.2990950009855,3,0,0.499896284471974,"M",0,0.25,1,"HIGH MED NA",NA
4,2,64.9693599172169,3,0,0.500802863976228,"M",0,0.25,1,"HIGH MED NA",NA
4,3,192.880405597645,9,6,6.50165182962679,"M",0,0.25,1,"HIGH MED NA",NA
4,4,58.6732541051716,3,0,0.499043847680597,"M",0,0.25,1,"HIGH MED NA",NA
4,5,132.180846695149,6,3,3.49907474905812,"M",0,0.25,1,"HIGH MED NA",NA
4,6,183.758665459586,9,6,6.49891682962316,"M",0,0.25,1,"HIGH MED NA",NA
4,7,167.291600957716,7,4,4.49924268002239,"M",0,0.25,1,"HIGH MED NA",NA
4,8,182.706323365806,7,4,4.49935499781739,"M",0,0.25,1,"HIGH MED NA",NA
4,9,188.183466530513,8,5,5.49939779093875,"M",0,0.25,1,"HIGH MED NA",NA
4,10,214.30285708728,15,12,12.4994045615078,"M",0,0.25,1,"HIGH MED NA",NA
4,11,60.9174384005735,3,0,0.500670848787668,"M",0,0.25,1,"HIGH MED NA",NA
4,12,228.84569535281,17,14,14.5003559778345,"M",0,0.25,1,"HIGH MED NA",NA
5,1,169.960547545282,8,4,4.50087367106707,"M",0,0.25,1,"HIGH MED NA",NA
5,2,117.928834694249,6,2,2.50047897377902,"M",0,0.25,1,"HIGH MED NA",NA
5,3,179.971910417996,9,5,5.4987830298969,"M",0,0.25,1,"HIGH MED NA",NA
5,4,62.174094049919,4,0,0.502087564315133,"M",0,0.25,1,"HIGH MED NA",NA
5,5,175.680167503398,12,8,8.50070960527687,"M",0,0.25,1,"HIGH MED NA",NA
5,6,94.4361773697172,5,1,1.49840746266798,"M",0,0.25,1,"HIGH MED NA",NA
5,7,144.328480638764,7,3,3.49914851256812,"M",0,0.25,1,"HIGH MED NA",NA
5,8,64.2014631088012,4,0,0.50030440995907,"M",0,0.25,1,"HIGH MED NA",NA
5,9,196.609670050774,11,7,7.49981136082245,"M",0,0.25,1,"HIGH MED NA",NA
5,10,143.913147759818,7,3,3.49904119205293,"M",0,0.25,1,"HIGH MED NA",NA
5,11,168.114645337609,9,5,5.49773966562998,"M",0,0.25,1,"HIGH MED NA",NA
5,12,139.225407496235,7,3,3.50075086090054,"M",0,0.25,1,"HIGH MED NA",NA
5,13,154.190381134292,8,4,4.49873617682037,"M",0,0.25,1,"HIGH MED NA",NA
6,1,166.055293241957,9,4,4.49950616247091,"M",0,0.25,1,"HIGH MED NA",NA
6,2,61.2214178248349,5,0,0.500576154584578,"M",0,0.25,1,"HIGH MED NA",NA
6,3,142.151189566012,8,3,3.49937930999971,"M",0,0.25,1,"HIGH MED NA",NA
6,4,60.8841614492034,5,0,0.5005754120734,"M",0,0.25,1,"HIGH MED NA",NA
6,5,62.8504248119476,5,0,0.499243321921321,"M",0,0.25,1,"HIGH MED NA",NA
6,6,248.10073236883,15,10,10.4996422792343,"M",0,0.25,1,"HIGH MED NA",NA
6,7,63.6374784505516,5,0,0.500101338101609,"M",0,0.25,1,"HIGH MED NA",NA
6,8,59.1904345494791,5,0,0.499142926758797,"M",0,0.25,1,"HIGH MED NA",NA
6,9,210.08373262842,12,7,7.50086572360859,"M",0,0.25,1,"HIGH MED NA",NA
6,10,184.212928790705,10,5,5.49943363779667,"M",0,0.25,1,"HIGH MED NA",NA
6,11,149.069930450919,8,3,3.4985035956371,"M",0,0.25,1,"HIGH MED NA",NA
7,1,151.445121972772,10,4,4.50008720595288,"M",0,0.25,1,"HIGH MED NA",NA
7,2,212.451365179001,13,7,7.49878382047324,"M",0,0.25,1,"HIGH MED NA",NA
7,3,62.8157156045855,6,0,0.499648504504372,"M",0,0.25,1,"HIGH MED NA",NA
7,4,65.9464410249198,6,0,0.498896177622849,"M",0,0.25,1,"HIGH MED NA",NA
7,5,66.657301122631,6,0,0.500031889010613,"M",0,0.25,1,"HIGH MED NA",NA
7,6,196.538316617536,17,11,11.5010750342274,"M",0,0.25,1,"HIGH MED NA",NA
7,7,197.030132737523,14,8,8.49983841921271,"M",0,0.25,1,"HIGH MED NA",NA
7,8,230.935490298606,16,10,10.499059576867,"M",0,0.25,1,"HIGH MED NA",NA
7,9,207.192695373763,14,8,8.49904916579756,"M",0,0.25,1,"HIGH MED NA",NA
7,10,183.69563128128,12,6,6.49980344292644,"M",0,0.25,1,"HIGH MED NA",NA
8,1,122.070805175433,9,2,2.49970740550665,"M",0,0.25,1,"HIGH MED NA",NA
8,2,97.9115167574519,8,1,1.50090195205719,"M",0,0.25,1,"HIGH MED NA",NA
8,3,168.052057919047,12,5,5.50010857735323,"M",0,0.25,1,"HIGH MED NA",NA
8,4,181.32977291454,12,5,5.50080638615585,"M",0,0.25,1,"HIGH MED NA",NA
8,5,200.319316236643,19,12,12.5007592751994,"M",0,0.25,1,"HIGH MED NA",NA
8,6,63.0104466525849,7,0,0.49907304723786,"M",0,0.25,1,"HIGH MED NA",NA
8,7,138.27910465628,10,3,3.50117454979161,"M",0,0.25,1,"HIGH MED NA",NA
8,8,94.4040111353066,8,1,1.49887169605427,"M",0,0.25,1,"HIGH MED NA",NA
8,9,159.885883737488,14,7,7.4991130542653,"M",0,0.25,1,"HIGH MED NA",NA
8,10,151.645628315843,11,4,4.49918410637769,"M",0,0.25,1,"HIGH MED NA",NA
8,11,99.346883766485,8,1,1.50127686448715,"M",0,0.25,1,"HIGH MED NA",NA
8,12,202.863349082415,12,5,5.50025920251875,"M",0,0.25,1,"HIGH MED NA",NA
8,13,162.302404072337,10,3,3.50034731087943,"M",0,0.25,1,"HIGH MED NA",NA
9,1,98.0403256354521,9,1,1.49953073210918,"M",0,0.25,1,"HIGH MED NA",NA
9,2,142.566141493757,11,3,3.49980209271411,"M",0,0.25,1,"HIGH MED NA",NA
9,3,141.473802244356,11,3,3.50014784546293,"M",0,0.25,1,"HIGH MED NA",NA
9,4,187.728701053061,19,11,11.5009232342947,"M",0,0.25,1,"HIGH MED NA",NA
9,5,92.1187001782907,9,1,1.50013440361531,"M",0,0.25,1,"HIGH MED NA",NA
9,6,93.8986387380514,9,1,1.49820357676123,"M",0,0.25,1,"HIGH MED NA",NA
9,7,58.6230183293269,8,0,0.498866826838482,"M",0,0.25,1,"HIGH MED NA",NA
9,8,95.3563846352721,9,1,1.50075528613357,"M",0,0.25,1,"HIGH MED NA",NA
9,9,146.031928618267,11,3,3.49939198874481,"M",0,0.25,1,"HIGH MED NA",NA
9,10,99.55380013759,9,1,1.49897134597655,"M",0,0.25,1,"HIGH MED NA",NA
9,11,159.31231400934,12,4,4.49946079139878,"M",0,0.25,1,"HIGH MED NA",NA
10,1,164.456765994224,15,6,6.49769398262156,"M",0,0.25,1,"HIGH MED NA",NA
10,2,120.335423769937,11,2,2.49906294356719,"M",0,0.25,1,"HIGH MED NA",NA
10,3,100.144056683504,10,1,1.50010620368969,"M",0,0.25,1,"HIGH MED NA",NA
10,4,95.563963463541,10,1,1.4998152197152,"M",0,0.25,1,"HIGH MED NA",NA
10,5,210.879703350714,15,6,6.49920459352044,"M",0,0.25,1,"HIGH MED NA",NA
10,6,187.949662468595,13,4,4.50024277542358,"M",0,0.25,1,"HIGH MED NA",NA
10,7,60.9073340739408,9,0,0.5027833659918,"M",0,0.25,1,"HIGH MED NA",NA
10,8,210.430925913649,18,9,9.50045330671578,"M",0,0.25,1,"HIGH MED NA",NA
10,9,102.970143162671,10,1,1.49881947349384,"M",0,0.25,1,"HIGH MED NA",NA
10,10,131.021069161359,11,2,2.50067322877967,"M",0,0.25,1,"HIGH MED NA",NA
10,11,196.863389203144,15,6,6.50074012688795,"M",0,0.25,1,"HIGH MED NA",NA
10,12,156.669564055574,13,4,4.49925430563807,"M",0,0.25,1,"HIGH MED NA",NA
10,13,189.905208682771,15,6,6.50023396013203,"M",0,0.25,1,"HIGH MED NA",NA
11,1,154.743563769535,13,3,3.49902767085436,"M",0,0.25,1,"HIGH MED NA",NA
11,2,134.321402595053,12,2,2.49980947555856,"M",0,0.25,1,"HIGH MED NA",NA
11,3,140.260057161047,13,3,3.49851724005166,"M",0,0.25,1,"HIGH MED NA",NA
11,4,171.314232253614,14,4,4.49975161998202,"M",0,0.25,1,"HIGH MED NA",NA
11,5,135.784288150749,13,3,3.50092226392074,"M",0,0.25,1,"HIGH MED NA",NA
11,6,62.8887989191602,10,0,0.499501064905711,"M",0,0.25,1,"HIGH MED NA",NA
11,7,135.696775371488,13,3,3.5012843940206,"M",0,0.25,1,"HIGH MED NA",NA
11,8,169.463376126311,17,7,7.501832779596,"M",0,0.25,1,"HIGH MED NA",NA
11,9,122.560334884285,12,2,2.50039856046635,"M",0,0.25,1,"HIGH MED NA",NA
11,10,97.7663455000569,11,1,1.5009406453488,"M",0,0.25,1,"HIGH MED NA",NA
11,11,183.129233391717,16,6,6.50099674753761,"M",0,0.25,1,"HIGH MED NA",NA
11,12,228.09721098249,20,10,10.4985433210923,"M",0,0.25,1,"HIGH MED NA",NA
11,13,64.7324910278805,10,0,0.499203671016931,"M",0,0.25,1,"HIGH MED NA",NA
12,1,63.8239756638598,11,0,0.500597234265528,"M",0,0.25,1,"HIGH MED NA",NA
12,2,188.228345167973,25,14,14.5003185974933,"M",0,0.25,1,"HIGH MED NA",NA
12,3,162.036493753954,16,5,5.49898650562285,"M",0,0.25,1,"HIGH MED NA",NA
12,4,61.0493508583797,11,0,0.49941748375724,"M",0,0.25,1,"HIGH MED NA",NA
12,5,183.416663430003,17,6,6.50051998167192,"M",0,0.25,1,"HIGH MED NA",NA
12,6,130.387640292857,13,2,2.49753963074021,"M",0,0.25,1,"HIGH MED NA",NA
12,7,97.78260767796,12,1,1.50003121688626,"M",0,0.25,1,"HIGH MED NA",NA
12,8,63.2911591785358,11,0,0.499614967870638,"M",0,0.25,1,"HIGH MED NA",NA
12,9,97.6258077614373,12,1,1.49795596111123,"M",0,0.25,1,"HIGH MED NA",NA
12,10,64.1322378667637,11,0,0.499971739204138,"M",0,0.25,1,"HIGH MED NA",NA
12,11,200.660984890632,20,9,9.50137108010474,"M",0,0.25,1,"HIGH MED NA",NA
13,1,99.8122023745629,13,1,1.49943482342692,"M",0,0.25,1,"HIGH MED NA",NA
13,2,189.16634907419,18,6,6.4998768939677,"M",0,0.25,1,"HIGH MED NA",NA
13,3,119.793813325517,14,2,2.501425204143,"M",0,0.25,1,"HIGH MED NA",NA
13,4,64.0271377266337,12,0,0.50080590933513,"M",0,0.25,1,"HIGH MED NA",NA
13,5,151.209159354187,15,3,3.50085764116949,"M",0,0.25,1,"HIGH MED NA",NA
13,6,94.1746502034047,13,1,1.50023662039931,"M",0,0.25,1,"HIGH MED NA",NA
13,7,158.541769913942,16,4,4.50052245417055,"M",0,0.25,1,"HIGH MED NA",NA
13,8,108.355221039772,14,2,2.49969670560654,"M",0,0.25,1,"HIGH MED NA",NA
13,9,181.014721956984,17,5,5.50059422511268,"M",0,0.25,1,"HIGH MED NA",NA
13,10,162.157501971611,15,3,3.50020509620703,"M",0,0.25,1,"HIGH MED NA",NA
13,11,138.004322653602,15,3,3.5003318779562,"M",0,0.25,1,"HIGH MED NA",NA
13,12,60.6511637940094,12,0,0.499822130702307,"M",0,0.25,1,"HIGH MED NA",NA
14,1,254.130850988862,24,11,11.5001673841882,"M",0,0.25,1,"HIGH MED NA",NA
14,2,145.805237646228,16,3,3.50029114936384,"M",0,0.25,1,"HIGH MED NA",NA
14,3,133.069822511684,15,2,2.50081196997664,"M",0,0.25,1,"HIGH MED NA",NA
14,4,223.034468359141,24,11,11.5023007204101,"M",0,0.25,1,"HIGH MED NA",NA
14,5,101.304368878531,14,1,1.50107635390957,"M",0,0.25,1,"HIGH MED NA",NA
14,6,222.740550777164,25,12,12.4984207419128,"M",0,0.25,1,"HIGH MED NA",NA
14,7,64.8670289585063,13,0,0.499456042649642,"M",0,0.25,1,"HIGH MED NA",NA
14,8,233.069397031292,22,9,9.49733366343925,"M",0,0.25,1,"HIGH MED NA",NA
14,9,62.9814608276134,13,0,0.499179100742699,"M",0,0.25,1,"HIGH MED NA",NA
14,10,140.425273046751,16,3,3.49880885422668,"M",0,0.25,1,"HIGH MED NA",NA
14,11,118.629436086846,15,2,2.50113617398113,"M",0,0.25,1,"HIGH MED NA",NA
14,12,92.5886396592023,14,1,1.50047311600442,"M",0,0.25,1,"HIGH MED NA",NA
14,13,61.79555289868,13,0,0.499581794680409,"M",0,0.25,1,"HIGH MED NA",NA
14,14,128.333700788626,15,2,2.49770646808133,"M",0,0.25,1,"HIGH MED NA",NA
14,15,123.311694278018,15,2,2.49948629268837,"M",0,0.25,1,"HIGH MED NA",NA
15,1,61.2544150351928,14,0,0.500354681821379,"M",0,0.25,1,"HIGH MED NA",NA
15,2,142.464051413762,17,3,3.50020132304791,"M",0,0.25,1,"HIGH MED NA",NA
15,3,60.0511837344457,14,0,0.502194417711052,"M",0,0.25,1,"HIGH MED NA",NA
15,4,121.301414495844,16,2,2.50003554033792,"M",0,0.25,1,"HIGH MED NA",NA
15,5,145.645653756032,17,3,3.4998857742729,"M",0,0.25,1,"HIGH MED NA",NA
15,6,240.397185805121,26,12,12.5005558934675,"M",0,0.25,1,"HIGH MED NA",NA
15,7,62.3295884232745,14,0,0.500637426503629,"M",0,0.25,1,"HIGH MED NA",NA
15,8,182.794356872875,18,4,4.49989961530289,"M",0,0.25,1,"HIGH MED NA",NA
15,9,62.7139284784056,14,0,0.500828249920658,"M",0,0.25,1,"HIGH MED NA",NA
15,10,221.485476243465,27,13,13.5005998492997,"M",0,0.25,1,"HIGH MED NA",NA
15,11,62.7371355409836,14,0,0.4999592934445,"M",0,0.25,1,"HIGH MED NA",NA
15,12,61.1524558875225,14,0,0.49913553307289,"M",0,0.25,1,"HIGH MED NA",NA
16,1,123.063840693946,17,2,2.49964689896429,"M",0,0.25,1,"HIGH MED NA",NA
16,2,67.2105021201137,15,0,0.500092787497468,"M",0,0.25,1,"HIGH MED NA",NA
16,3,158.938997289478,18,3,3.4969236845601,"M",0,0.25,1,"HIGH MED NA",NA
16,4,61.8108968458995,15,0,0.497282654258716,"M",0,0.25,1,"HIGH MED NA",NA
16,5,156.231298554367,19,4,4.49952871922613,"M",0,0.25,1,"HIGH MED NA",NA
16,6,59.9648784472055,15,0,0.500477186795771,"M",0,0.25,1,"HIGH MED NA",NA
16,7,185.456217115421,26,11,11.4989646904372,"M",0,0.25,1,"HIGH MED NA",NA
16,8,196.462055080446,22,7,7.50145415910357,"M",0,0.25,1,"HIGH MED NA",NA
16,9,59.6516723731378,15,0,0.501033320997847,"M",0,0.25,1,"HIGH MED NA",NA
16,10,62.2307226468199,15,0,0.499090647239332,"M",0,0.25,1,"HIGH MED NA",NA
16,11,93.9959753466754,16,1,1.49988412943628,"M",0,0.25,1,"HIGH MED NA",NA
17,1,126.292741873012,18,2,2.49946587339158,"M",0,0.25,1,"HIGH MED NA",NA
17,2,209.813282278695,27,11,11.5001556409195,"M",0,0.25,1,"HIGH MED NA",NA
17,3,121.350803316004,18,2,2.4986390621679,"M",0,0.25,1,"HIGH MED NA",NA
17,4,185.977905871058,21,5,5.50039812107284,"M",0,0.25,1,"HIGH MED NA",NA
17,5,127.179367611368,18,2,2.50030933898584,"M",0,0.25,1,"HIGH MED NA",NA
17,6,62.5263335475717,16,0,0.499731785220388,"M",0,0.25,1,"HIGH MED NA",NA
17,7,154.711485136678,20,4,4.49996832877656,"M",0,0.25,1,"HIGH MED NA",NA
17,8,171.40187740445,20,4,4.50003071882676,"M",0,0.25,1,"HIGH MED NA",NA
17,9,132.299042413837,19,3,3.49922447023392,"M",0,0.25,1,"HIGH MED NA",NA
17,10,199.473718179004,23,7,7.4993114023908,"M",0,0.25,1,"HIGH MED NA",NA
17,11,158.222265289602,20,4,4.4997551595695,"M",0,0.25,1,"HIGH MED NA",NA
17,12,148.71410500122,20,4,4.49937362239611,"M",0,0.25,1,"HIGH MED NA",NA
17,13,63.2176583926561,16,0,0.498985598785601,"M",0,0.25,1,"HIGH MED NA",NA
17,14,65.2039604772993,16,0,0.50003639539518,"M",0,0.25,1,"HIGH MED NA",NA
17,15,169.723114463332,21,5,5.50078307617923,"M",0,0.25,1,"HIGH MED NA",NA
18,1,122.252014365475,19,2,2.5011577713936,"M",0,0.25,1,"HIGH MED NA",NA
18,2,61.318047975067,17,0,0.499914702427982,"M",0,0.25,1,"HIGH MED NA",NA
18,3,61.8250616924961,17,0,0.499774567816648,"M",0,0.25,1,"HIGH MED NA",NA
18,4,165.609171115805,21,4,4.50050832779902,"M",0,0.25,1,"HIGH MED NA",NA
18,5,101.329585363025,18,1,1.4998756250147,"M",0,0.25,1,"HIGH MED NA",NA
18,6,142.557810170682,20,3,3.50126309902768,"M",0,0.25,1,"HIGH MED NA",NA
18,7,161.137064398697,21,4,4.50103858479389,"M",0,0.25,1,"HIGH MED NA",NA
18,8,98.5573989487853,18,1,1.49929724503671,"M",0,0.25,1,"HIGH MED NA",NA
18,9,96.6046998309327,18,1,1.49986714867724,"M",0,0.25,1,"HIGH MED NA",NA
18,10,65.3278257527241,17,0,0.500528676052443,"M",0,0.25,1,"HIGH MED NA",NA
18,11,155.76692014666,20,3,3.50274360850367,"M",0,0.25,1,"HIGH MED NA",NA
19,1,121.681992680182,20,2,2.50144409400949,"M",0,0.25,1,"HIGH MED NA",NA
19,2,95.3899148844565,19,1,1.50187135046685,"M",0,0.25,1,"HIGH MED NA",NA
19,3,64.0991830756612,18,0,0.499620614772705,"M",0,0.25,1,"HIGH MED NA",NA
19,4,125.011223405833,20,2,2.49873214048642,"M",0,0.25,1,"HIGH MED NA",NA
19,5,180.640067944865,24,6,6.49911813627536,"M",0,0.25,1,"HIGH MED NA",NA
19,6,183.363024253404,25,7,7.50059828265204,"M",0,0.25,1,"HIGH MED NA",NA
19,7,61.8336563757498,18,0,0.499528088286236,"M",0,0.25,1,"HIGH MED NA",NA
19,8,174.026765327936,22,4,4.50182648130164,"M",0,0.25,1,"HIGH MED NA",NA
19,9,124.188154799538,20,2,2.49924405928968,"M",0,0.25,1,"HIGH MED NA",NA
19,10,123.884196158863,20,2,2.49971290642467,"M",0,0.25,1,"HIGH MED NA",NA
19,11,62.0201344873389,18,0,0.499729198361828,"M",0,0.25,1,"HIGH MED NA",NA
19,12,190.312565114742,26,8,8.50157332069803,"M",0,0.25,1,"HIGH MED NA",NA
20,1,99.9800006555167,20,1,1.49962635915853,"M",0,0.25,1,"HIGH MED NA",NA
20,2,252.51542099269,32,13,13.5005063441657,"M",0,0.25,1,"HIGH MED NA",NA
20,3,62.7765960158286,19,0,0.500466372061701,"M",0,0.25,1,"HIGH MED NA",NA
20,4,63.8839939620233,19,0,0.499626928219914,"M",0,0.25,1,"HIGH MED NA",NA
20,5,156.473917885501,23,4,4.50040891912715,"M",0,0.25,1,"HIGH MED NA",NA
20,6,63.3196502686516,19,0,0.49999227000883,"M",0,0.25,1,"HIGH MED NA",NA
20,7,192.382832136762,25,6,6.50108682129611,"M",0,0.25,1,"HIGH MED NA",NA
20,8,198.360157042981,25,6,6.49989152318276,"M",0,0.25,1,"HIGH MED NA",NA
20,9,178.037176648526,28,9,9.50109040746271,"M",0,0.25,1,"HIGH MED NA",NA
20,10,173.368480964243,24,5,5.50098703840678,"M",0,0.25,1,"HIGH MED NA",NA
20,11,61.2477534496964,19,0,0.499728747095137,"M",0,0.25,1,"HIGH MED NA",NA
20,12,66.4783258640885,19,0,0.4983302326816,"M",0,0.25,1,"HIGH MED NA",NA
21,1,106.837655306136,21,1,1.50080552446992,"M",0,0.25,1,"HIGH MED NA",NA
21,2,64.3662639768366,20,0,0.500291569895704,"M",0,0.25,1,"HIGH MED NA",NA
21,3,64.2905687100283,20,0,0.501185749628091,"M",0,0.25,1,"HIGH MED NA",NA
21,4,127.007161191513,22,2,2.50109240108934,"M",0,0.25,1,"HIGH MED NA",NA
21,5,146.526156261735,23,3,3.50011892803847,"M",0,0.25,1,"HIGH MED NA",NA
21,6,239.326558159146,34,14,14.5005565961341,"M",0,0.25,1,"HIGH MED NA",NA
21,7,203.485844848812,30,10,10.4997208710274,"M",0,0.25,1,"HIGH MED NA",NA
21,8,196.455367793151,32,12,12.4990983174321,"M",0,0.25,1,"HIGH MED NA",NA
21,9,183.028916306334,31,11,11.4992707209006,"M",0,0.25,1,"HIGH MED NA",NA
21,10,143.340700692759,23,3,3.50087303304255,"M",0,0.25,1,"HIGH MED NA",NA
21,11,238.779979861654,33,13,13.500172356212,"M",0,0.25,1,"HIGH MED NA",NA
22,1,96.8678413135753,22,1,1.49869190605357,"M",0,0.25,1,"HIGH MED NA",NA
22,2,168.968904808637,26,5,5.49914339069325,"M",0,0.25,1,"HIGH MED NA",NA
22,3,123.42252267129,23,2,2.5007189820455,"M",0,0.25,1,"HIGH MED NA",NA
22,4,126.340857010965,23,2,2.50011791873061,"M",0,0.25,1,"HIGH MED NA",NA
22,5,59.9072731117075,21,0,0.499234008587431,"M",0,0.25,1,"HIGH MED NA",NA
22,6,162.701215994084,25,4,4.49790801866608,"M",0,0.25,1,"HIGH MED NA",NA
22,7,124.867108848019,23,2,2.49920149008784,"M",0,0.25,1,"HIGH MED NA",NA
22,8,96.3436468260534,22,1,1.50063558806116,"M",0,0.25,1,"HIGH MED NA",NA
22,9,126.74447610907,23,2,2.50066269758627,"M",0,0.25,1,"HIGH MED NA",NA
22,10,123.475207324811,23,2,2.49943961039605,"M",0,0.25,1,"HIGH MED NA",NA
22,11,62.7702177962786,21,0,0.500593060698656,"M",0,0.25,1,"HIGH MED NA",NA
22,12,142.887116457346,24,3,3.49870048696674,"M",0,0.25,1,"HIGH MED NA",NA
23,1,167.642008071187,26,4,4.4993435761441,"M",0,0.25,1,"HIGH MED NA",NA
23,2,123.701382959407,24,2,2.50098235466107,"M",0,0.25,1,"HIGH MED NA",NA
23,3,109.783723087747,24,2,2.50004331850967,"M",0,0.25,1,"HIGH MED NA",NA
23,4,98.2070842510455,23,1,1.50079752727318,"M",0,0.25,1,"HIGH MED NA",NA
23,5,199.370607667678,28,6,6.49802819419748,"M",0,0.25,1,"HIGH MED NA",NA
23,6,126.884959992658,24,2,2.50177918954473,"M",0,0.25,1,"HIGH MED NA",NA
23,7,96.9278758851064,23,1,1.49877644212593,"M",0,0.25,1,"HIGH MED NA",NA
23,8,145.511052177356,25,3,3.49926455248042,"M",0,0.25,1,"HIGH MED NA",NA
23,9,100.280785156766,23,1,1.50021925668851,"M",0,0.25,1,"HIGH MED NA",NA
23,10,61.5013743363258,22,0,0.501295253557548,"M",0,0.25,1,"HIGH MED NA",NA
23,11,97.5399274600566,23,1,1.50022513503928,"M",0,0.25,1,"HIGH MED NA",NA
24,1,61.3007736052812,23,0,0.500026849323477,"M",0,0.25,1,"HIGH MED NA",NA
24,2,98.9995149930299,24,1,1.49980723708457,"M",0,0.25,1,"HIGH MED NA",NA
24,3,62.1404556662805,23,0,0.498920274335296,"M",0,0.25,1,"HIGH MED NA",NA
24,4,99.9191776245593,24,1,1.50103556944913,"M",0,0.25,1,"HIGH MED NA",NA
24,5,190.81860194931,31,8,8.50013228398094,"M",0,0.25,1,"HIGH MED NA",NA
24,6,141.545701876496,26,3,3.50046591967642,"M",0,0.25,1,"HIGH MED NA",NA
24,7,195.249096868032,31,8,8.49958598004206,"M",0,0.25,1,"HIGH MED NA",NA
24,8,61.1203495111329,23,0,0.499854898159557,"M",0,0.25,1,"HIGH MED NA",NA
24,9,219.93620693568,32,9,9.50068216255683,"M",0,0.25,1,"HIGH MED NA",NA
24,10,216.759817038168,36,13,13.4998980279498,"M",0,0.25,1,"HIGH MED NA",NA
24,11,128.625268090425,25,2,2.50103445214396,"M",0,0.25,1,"HIGH MED NA",NA
24,12,61.9959469379143,23,0,0.499361778429864,"M",0,0.25,1,"HIGH MED NA",NA
24,13,123.047688545764,25,2,2.50082501155358,"M",0,0.25,1,"HIGH MED NA",NA
25,1,208.839139469932,35,11,11.5008503028748,"M",0,0.25,1,"HIGH MED NA",NA
25,2,93.5198988611414,25,1,1.50113614883231,"M",0,0.25,1,"HIGH MED NA",NA
25,3,149.210915004016,28,4,4.49917978794212,"M",0,0.25,1,"HIGH MED NA",NA
25,4,120.695378240741,26,2,2.49975914990807,"M",0,0.25,1,"HIGH MED NA",NA
25,5,190.344104776911,30,6,6.50082384083276,"M",0,0.25,1,"HIGH MED NA",NA
25,6,128.533732063807,26,2,2.49922342417116,"M",0,0.25,1,"HIGH MED NA",NA
25,7,119.405512556238,26,2,2.50060189941374,"M",0,0.25,1,"HIGH MED NA",NA
25,8,148.34558666388,27,3,3.50029676509222,"M",0,0.25,1,"HIGH MED NA",NA
25,9,122.518294492311,26,2,2.49962617990524,"M",0,0.25,1,"HIGH MED NA",NA
25,10,173.730906231655,28,4,4.50188731129381,"M",0,0.25,1,"HIGH MED NA",NA
26,1,136.769173928032,27,2,2.49951967010618,"M",0,0.25,1,"HIGH MED NA",NA
26,2,60.3803895960354,25,0,0.500505260547129,"M",0,0.25,1,"HIGH MED NA",NA
26,3,62.8759157225392,25,0,0.498330206647187,"M",0,0.25,1,"HIGH MED NA",NA
26,4,174.020413399918,30,5,5.50034849979999,"M",0,0.25,1,"HIGH MED NA",NA
26,5,93.0707512941355,26,1,1.49975795330094,"M",0,0.25,1,"HIGH MED NA",NA
26,6,167.820268636188,32,7,7.50058991588356,"M",0,0.25,1,"HIGH MED NA",NA
26,7,100.525937115896,26,1,1.50033384079317,"M",0,0.25,1,"HIGH MED NA",NA
26,8,101.450858006231,26,1,1.49966406190088,"M",0,0.25,1,"HIGH MED NA",NA
26,9,60.5666778240091,25,0,0.4997879093348,"M",0,0.25,1,"HIGH MED NA",NA
26,10,60.5972121697615,25,0,0.500540921757738,"M",0,0.25,1,"HIGH MED NA",NA
27,1,185.027617159556,37,11,11.4995024829354,"M",0,0.25,1,"HIGH MED NA",NA
27,2,173.492617078394,33,7,7.50029576138758,"M",0,0.25,1,"HIGH MED NA",NA
27,3,60.4908497970707,26,0,0.500100057387238,"M",0,0.25,1,"HIGH MED NA",NA
27,4,168.239100164827,30,4,4.49785263924197,"M",0,0.25,1,"HIGH MED NA",NA
27,5,62.3400631957518,26,0,0.501253667565329,"M",0,0.25,1,"HIGH MED NA",NA
27,6,154.43601340227,30,4,4.49981483904453,"M",0,0.25,1,"HIGH MED NA",NA
27,7,102.569334340908,27,1,1.49911585179694,"M",0,0.25,1,"HIGH MED NA",NA
27,8,129.857977823085,28,2,2.50028497409346,"M",0,0.25,1,"HIGH MED NA",NA
27,9,185.569652449358,32,6,6.49855969399278,"M",0,0.25,1,"HIGH MED NA",NA
27,10,166.55722073838,30,4,4.50104351612473,"M",0,0.25,1,"HIGH MED NA",NA
27,11,91.0336977060411,27,1,1.49999552777401,"M",0,0.25,1,"HIGH MED NA",NA
27,12,63.5157594993053,26,0,0.501426011151517,"M",0,0.25,1,"HIGH MED NA",NA
27,13,129.501621668823,28,2,2.50035598276473,"M",0,0.25,1,"HIGH MED NA",NA
27,14,211.489190760044,34,8,8.50078210832558,"M",0,0.25,1,"HIGH MED NA",NA
28,1,165.580151388509,31,4,4.50110081886178,"M",0,0.25,1,"HIGH MED NA",NA
28,2,165.756605207219,31,4,4.49926077787532,"M",0,0.25,1,"HIGH MED NA",NA
28,3,205.80266751325,32,5,5.5001330022138,"M",0,0.25,1,"HIGH MED NA",NA
28,4,64.9469402354281,27,0,0.50120099423596,"M",0,0.25,1,"HIGH MED NA",NA
28,5,65.4129396202561,27,0,0.502042284519892,"M",0,0.25,1,"HIGH MED NA",NA
28,6,135.507191417954,29,2,2.49949831581908,"M",0,0.25,1,"HIGH MED NA",NA
28,7,62.5866866452032,27,0,0.501067696367759,"M",0,0.25,1,"HIGH MED NA",NA
28,8,98.7372356991491,28,1,1.50059976674948,"M",0,0.25,1,"HIGH MED NA",NA
28,9,170.223700884156,31,4,4.5008488401496,"M",0,0.25,1,"HIGH MED NA",NA
28,10,127.711191971192,29,2,2.499623601627,"M",0,0.25,1,"HIGH MED NA",NA
28,11,99.771799294316,28,1,1.50011310919695,"M",0,0.25,1,"HIGH MED NA",NA
28,12,226.655130024574,39,12,12.499809056307,"M",0,0.25,1,"HIGH MED NA",NA
28,13,65.5788404681883,27,0,0.501078800224268,"M",0,0.25,1,"HIGH MED NA",NA
29,1,141.861096657703,31,3,3.49939104414306,"M",0,0.25,1,"HIGH MED NA",NA
29,2,135.086528503564,31,3,3.50013219053614,"M",0,0.25,1,"HIGH MED NA",NA
29,3,60.7146113468635,28,0,0.498776888765686,"M",0,0.25,1,"HIGH MED NA",NA
29,4,155.681529660548,31,3,3.49932786085618,"M",0,0.25,1,"HIGH MED NA",NA
29,5,214.878498528995,34,6,6.49903635779747,"M",0,0.25,1,"HIGH MED NA",NA
29,6,146.409314884241,31,3,3.50025040303214,"M",0,0.25,1,"HIGH MED NA",NA
29,7,96.1797123059562,29,1,1.50041704889285,"M",0,0.25,1,"HIGH MED NA",NA
29,8,144.916657575291,31,3,3.49835326000404,"M",0,0.25,1,"HIGH MED NA",NA
29,9,61.9163837416784,28,0,0.498687717645611,"M",0,0.25,1,"HIGH MED NA",NA
29,10,64.4217757336973,28,0,0.500262061267497,"M",0,0.25,1,"HIGH MED NA",NA
30,1,175.888648659473,36,7,7.4989870823674,"M",0,0.25,1,"HIGH MED NA",NA
30,2,63.2181177947962,29,0,0.499586165583634,"M",0,0.25,1,"HIGH MED NA",NA
30,3,140.131180841767,31,2,2.50029242779807,"M",0,0.25,1,"HIGH MED NA",NA
30,4,100.86161890194,30,1,1.4993471198786,"M",0,0.25,1,"HIGH MED NA",NA
30,5,120.884235534725,31,2,2.50109854250579,"M",0,0.25,1,"HIGH MED NA",NA
30,6,129.043523144158,31,2,2.49987191262055,"M",0,0.25,1,"HIGH MED NA",NA
30,7,155.360183927936,32,3,3.50133378683995,"M",0,0.25,1,"HIGH MED NA",NA
30,8,127.3794279122,31,2,2.50249848712987,"M",0,0.25,1,"HIGH MED NA",NA
30,9,63.2027251716395,29,0,0.501824886686324,"M",0,0.25,1,"HIGH MED NA",NA
30,10,64.4760640249081,29,0,0.500004237020459,"M",0,0.25,1,"HIGH MED NA",NA
30,11,121.525436012134,31,2,2.50117907863069,"M",0,0.25,1,"HIGH MED NA",NA
30,12,195.015568872179,34,5,5.50104448266491,"M",0,0.25,1,"HIGH MED NA",NA
31,1,61.5129268906637,30,0,0.499516335250218,"M",0,0.25,1,"HIGH MED NA",NA
31,2,169.61898163413,34,4,4.50087703136216,"M",0,0.25,1,"HIGH MED NA",NA
31,3,185.782770724611,36,6,6.50038326239353,"M",0,0.25,1,"HIGH MED NA",NA
31,4,199.926783526096,36,6,6.50060437103001,"M",0,0.25,1,"HIGH MED NA",NA
31,5,107.505489414123,31,1,1.49978395914386,"M",0,0.25,1,"HIGH MED NA",NA
31,6,154.78387578255,34,4,4.50154178398986,"M",0,0.25,1,"HIGH MED NA",NA
31,7,212.669247021143,36,6,6.50029975570474,"M",0,0.25,1,"HIGH MED NA",NA
31,8,97.4842963564028,31,1,1.50006170139651,"M",0,0.25,1,"HIGH MED NA",NA
31,9,62.1031745311276,30,0,0.500404859624014,"M",0,0.25,1,"HIGH MED NA",NA
31,10,243.799354582705,38,8,8.49995199232907,"M",0,0.25,1,"HIGH MED NA",NA
31,11,136.086685164268,32,2,2.4994850750993,"M",0,0.25,1,"HIGH MED NA",NA
31,12,122.870581276868,32,2,2.50017259508477,"M",0,0.25,1,"HIGH MED NA",NA
32,1,60.5204295895713,31,0,0.500009630610018,"M",0,0.25,1,"HIGH MED NA",NA
32,2,184.053839876976,42,11,11.498706529977,"M",0,0.25,1,"HIGH MED NA",NA
32,3,97.969501812728,32,1,1.50066253653095,"M",0,0.25,1,"HIGH MED NA",NA
32,4,62.9259236252446,31,0,0.500143155611589,"M",0,0.25,1,"HIGH MED NA",NA
32,5,62.21972864577,31,0,0.498933430981151,"M",0,0.25,1,"HIGH MED NA",NA
32,6,62.6167030749668,31,0,0.499147130635719,"M",0,0.25,1,"HIGH MED NA",NA
32,7,60.9834063686408,31,0,0.500322857789451,"M",0,0.25,1,"HIGH MED NA",NA
32,8,97.5857165836661,32,1,1.50039381226427,"M",0,0.25,1,"HIGH MED NA",NA
32,9,179.964231270596,36,5,5.49951976150665,"M",0,0.25,1,"HIGH MED NA",NA
32,10,135.177539786555,33,2,2.49893524254267,"M",0,0.25,1,"HIGH MED NA",NA
32,11,124.562332943206,33,2,2.49943227241742,"M",0,0.25,1,"HIGH MED NA",NA
33,1,129.77200713138,34,2,2.50010871793593,"M",0,0.25,1,"HIGH MED NA",NA
33,2,95.2451975287579,33,1,1.49923806514474,"M",0,0.25,1,"HIGH MED NA",NA
33,3,61.371945477857,32,0,0.501317763798728,"M",0,0.25,1,"HIGH MED NA",NA
33,4,166.650923561031,35,3,3.49928676493112,"M",0,0.25,1,"HIGH MED NA",NA
33,5,61.2664579228442,32,0,0.498502898818023,"M",0,0.25,1,"HIGH MED NA",NA
33,6,96.3112415942198,33,1,1.5004577108718,"M",0,0.25,1,"HIGH MED NA",NA
33,7,171.167158629179,37,5,5.50007289737621,"M",0,0.25,1,"HIGH MED NA",NA
33,8,124.750796008693,34,2,2.49963670095834,"M",0,0.25,1,"HIGH MED NA",NA
33,9,98.6690091388717,33,1,1.50237550189446,"M",0,0.25,1,"HIGH MED NA",NA
33,10,225.803806259291,41,9,9.49921484431099,"M",0,0.25,1,"HIGH MED NA",NA
33,11,61.9609265951528,32,0,0.500724038218777,"M",0,0.25,1,"HIGH MED NA",NA
33,12,62.4557574972679,32,0,0.500615343240332,"M",0,0.25,1,"HIGH MED NA",NA
33,13,190.007583683647,38,6,6.4996194719799,"M",0,0.25,1,"HIGH MED NA",NA
34,1,132.577770381926,35,2,2.50037808411078,"M",0,0.25,1,"HIGH MED NA",NA
34,2,180.907445844437,40,7,7.500000424104,"M",0,0.25,1,"HIGH MED NA",NA
34,3,159.78300681833,38,5,5.5012660368948,"M",0,0.25,1,"HIGH MED NA",NA
34,4,100.168941277248,34,1,1.50068334635337,"M",0,0.25,1,"HIGH MED NA",NA
34,5,193.945413827832,40,7,7.50068550148844,"M",0,0.25,1,"HIGH MED NA",NA
34,6,58.9696796549507,33,0,0.500776155279499,"M",0,0.25,1,"HIGH MED NA",NA
34,7,97.7363864563273,34,1,1.50078510106984,"M",0,0.25,1,"HIGH MED NA",NA
34,8,192.705892624038,40,7,7.50033877214105,"M",0,0.25,1,"HIGH MED NA",NA
34,9,62.5944768313547,33,0,0.499461099394846,"M",0,0.25,1,"HIGH MED NA",NA
34,10,62.1536987168956,33,0,0.500062744226019,"M",0,0.25,1,"HIGH MED NA",NA
35,1,120.622217230592,36,2,2.49993362772013,"M",0,0.25,1,"HIGH MED NA",NA
35,2,61.059790779069,34,0,0.500467878635927,"M",0,0.25,1,"HIGH MED NA",NA
35,3,59.0507281581605,34,0,0.49945165884372,"M",0,0.25,1,"HIGH MED NA",NA
35,4,211.851701167224,40,6,6.50028566953025,"M",0,0.25,1,"HIGH MED NA",NA
35,5,122.101339616266,36,2,2.50070599783004,"M",0,0.25,1,"HIGH MED NA",NA
35,6,190.475959851652,41,7,7.50008334998896,"M",0,0.25,1,"HIGH MED NA",NA
35,7,131.163833712555,37,3,3.49967562257567,"M",0,0.25,1,"HIGH MED NA",NA
35,8,62.0538924858051,34,0,0.500566833113826,"M",0,0.25,1,"HIGH MED NA",NA
35,9,164.95211551844,42,8,8.49922516754401,"M",0,0.25,1,"HIGH MED NA",NA
35,10,63.3475617393625,34,0,0.501209863714267,"M",0,0.25,1,"HIGH MED NA",NA
35,11,62.1045654300167,34,0,0.50174403561464,"M",0,0.25,1,"HIGH MED NA",NA
35,12,64.7170335730287,34,0,0.500843357308289,"M",0,0.25,1,"HIGH MED NA",NA
36,1,200.274977476844,40,5,5.50024204571796,"M",0,0.25,1,"HIGH MED NA",NA
36,2,167.627977484341,40,5,5.50003125435335,"M",0,0.25,1,"HIGH MED NA",NA
36,3,170.677403311042,39,4,4.49989891781933,"M",0,0.25,1,"HIGH MED NA",NA
36,4,153.168963818527,38,3,3.49820924546198,"M",0,0.25,1,"HIGH MED NA",NA
36,5,61.6354977290169,35,0,0.499843294738451,"M",0,0.25,1,"HIGH MED NA",NA
36,6,61.7287927515792,35,0,0.499696252562845,"M",0,0.25,1,"HIGH MED NA",NA
36,7,97.1926143289795,36,1,1.49885631201916,"M",0,0.25,1,"HIGH MED NA",NA
36,8,64.0057298983528,35,0,0.498335076146412,"M",0,0.25,1,"HIGH MED NA",NA
36,9,196.867428446891,45,10,10.4994156502024,"M",0,0.25,1,"HIGH MED NA",NA
36,10,128.651130739571,37,2,2.50079484879995,"M",0,0.25,1,"HIGH MED NA",NA
36,11,62.8119125631496,35,0,0.499041796802089,"M",0,0.25,1,"HIGH MED NA",NA
36,12,65.4772737996119,35,0,0.499839438563341,"M",0,0.25,1,"HIGH MED NA",NA
36,13,62.3286370332258,35,0,0.501473951081257,"M",0,0.25,1,"HIGH MED NA",NA
37,1,152.618759294215,39,3,3.49932919686194,"M",0,0.25,1,"HIGH MED NA",NA
37,2,100.905236495504,37,1,1.4989551533221,"M",0,0.25,1,"HIGH MED NA",NA
37,3,94.3201104000591,37,1,1.50043511262474,"M",0,0.25,1,"HIGH MED NA",NA
37,4,213.719287701804,42,6,6.49840312832668,"M",0,0.25,1,"HIGH MED NA",NA
37,5,219.408120361077,48,12,12.4994668460618,"M",0,0.25,1,"HIGH MED NA",NA
37,6,212.515104228272,44,8,8.50120619651585,"M",0,0.25,1,"HIGH MED NA",NA
37,7,149.707087904297,39,3,3.50044122630714,"M",0,0.25,1,"HIGH MED NA",NA
37,8,62.2643316652391,36,0,0.499718301146584,"M",0,0.25,1,"HIGH MED NA",NA
37,9,184.775185010005,42,6,6.50079187620133,"M",0,0.25,1,"HIGH MED NA",NA
37,10,137.105535045343,39,3,3.4999260216512,"M",0,0.25,1,"HIGH MED NA",NA
37,11,160.877510304901,43,7,7.49965193772715,"M",0,0.25,1,"HIGH MED NA",NA
37,12,95.9476109988085,37,1,1.50045946070493,"M",0,0.25,1,"HIGH MED NA",NA
37,13,61.4734372139189,36,0,0.501205251616478,"M",0,0.25,1,"HIGH MED NA",NA
38,1,218.225578603907,49,12,12.5008812740478,"M",0,0.25,1,"HIGH MED NA",NA
38,2,181.587054327718,49,12,12.4987008858108,"M",0,0.25,1,"HIGH MED NA",NA
38,3,160.88128905031,41,4,4.50045465883297,"M",0,0.25,1,"HIGH MED NA",NA
38,4,196.526868238112,43,6,6.50041146762398,"M",0,0.25,1,"HIGH MED NA",NA
38,5,61.5696134642708,37,0,0.500912326533804,"M",0,0.25,1,"HIGH MED NA",NA
38,6,96.3398827271545,38,1,1.50091026108572,"M",0,0.25,1,"HIGH MED NA",NA
38,7,127.359389780997,39,2,2.50002575916079,"M",0,0.25,1,"HIGH MED NA",NA
38,8,64.3170578399464,37,0,0.498692341452083,"M",0,0.25,1,"HIGH MED NA",NA
38,9,169.312358936572,44,7,7.50079927563682,"M",0,0.25,1,"HIGH MED NA",NA
38,10,185.460529904356,42,5,5.50056245151361,"M",0,0.25,1,"HIGH MED NA",NA
38,11,132.587761224356,39,2,2.5003221800728,"M",0,0.25,1,"HIGH MED NA",NA
38,12,138.542331582849,40,3,3.50022524175089,"M",0,0.25,1,"HIGH MED NA",NA
38,13,194.267190678848,45,8,8.50206949196399,"M",0,0.25,1,"HIGH MED NA",NA
39,1,200.346600057944,45,7,7.49971633050598,"M",0,0.25,1,"HIGH MED NA",NA
39,2,63.0690680036599,38,0,0.500404837828296,"M",0,0.25,1,"HIGH MED NA",NA
39,3,97.9587593508691,39,1,1.49993334858351,"M",0,0.25,1,"HIGH MED NA",NA
39,4,141.744271039432,41,3,3.50062873642367,"M",0,0.25,1,"HIGH MED NA",NA
39,5,130.63081135311,40,2,2.49953703183607,"M",0,0.25,1,"HIGH MED NA",NA
39,6,96.8385865643675,39,1,1.49952152184548,"M",0,0.25,1,"HIGH MED NA",NA
39,7,104.173887300551,39,1,1.50103428292743,"M",0,0.25,1,"HIGH MED NA",NA
39,8,93.8331345847891,39,1,1.49999737899595,"M",0,0.25,1,"HIGH MED NA",NA
39,9,128.72961246731,40,2,2.49992741380495,"M",0,0.25,1,"HIGH MED NA",NA
39,10,206.70154746576,48,10,10.4997727406285,"M",0,0.25,1,"HIGH MED NA",NA
39,11,65.8645043998865,38,0,0.49984181915131,"M",0,0.25,1,"HIGH MED NA",NA
39,12,61.0082966868071,38,0,0.498362986550673,"M",0,0.25,1,"HIGH MED NA",NA
39,13,139.410945920575,41,3,3.4997095257902,"M",0,0.25,1,"HIGH MED NA",NA
40,1,241.951019141242,51,12,12.498835201579,"FISHED",0.388936335430481,0.25,1,"HIGH MED NA",NA
40,2,64.6243948424905,39,0,0.500423563336012,"M",0,0.25,1,"HIGH MED NA",NA
40,3,101.442994892303,40,1,1.50130258727021,"M",0,0.25,1,"HIGH MED NA",NA
40,4,126.705974686249,41,2,2.50129064587212,"M",0,0.25,1,"HIGH MED NA",NA
40,5,151.409826335765,42,3,3.50036977647699,"M",0,0.25,1,"HIGH MED NA",NA
40,6,129.776899785938,41,2,2.50041867258738,"M",0,0.25,1,"HIGH MED NA",NA
40,7,62.4098579929939,39,0,0.500507630545633,"M",0,0.25,1,"HIGH MED NA",NA
40,8,99.7135924656941,40,1,1.49924437518166,"M",0,0.25,1,"HIGH MED NA",NA
40,9,66.1080696875488,39,0,0.500440670869945,"M",0,0.25,1,"HIGH MED NA",NA
40,10,213.676544041981,47,8,8.4997175110544,"M",0,0.25,1,"HIGH MED NA",NA
40,11,102.800193915555,40,1,1.50060011336991,"M",0,0.25,1,"HIGH MED NA",NA
40,12,117.847960085736,41,2,2.50089437363416,"M",0,0.25,1,"HIGH MED NA",NA
41,1,210.392982056932,51,11,11.5007810009158,"M",0.388936335430481,0.25,1,"HIGH MED NA",NA
41,2,199.849163402878,53,13,13.5005447335847,"FISHED",0.318485927861184,0.25,1,"HIGH MED NA",NA
41,3,101.357689390906,41,1,1.49774695920016,"M",0,0.25,1,"HIGH MED NA",NA
41,4,178.488886370677,46,6,6.49819058767372,"M",0,0.25,1,"HIGH MED NA",NA
41,5,184.70411746869,45,5,5.50169896036147,"M",0,0.25,1,"HIGH MED NA",NA
41,6,63.1232736188484,40,0,0.498629605576704,"M",0,0.25,1,"HIGH MED NA",NA
41,7,168.660539566212,43,3,3.50041833620401,"M",0,0.25,1,"HIGH MED NA",NA
41,8,223.418250066137,50,10,10.499556473928,"M",0.39726806061808,0.25,1,"HIGH MED NA",NA
41,9,117.117546650871,42,2,2.50077281226219,"M",0,0.25,1,"HIGH MED NA",NA
41,10,153.772731861272,43,3,3.50117158112862,"M",0,0.25,1,"HIGH MED NA",NA
41,11,196.749811782828,48,8,8.49978435577933,"M",0,0.25,1,"HIGH MED NA",NA
41,12,217.337881631271,50,10,10.499349239219,"FISHED",0.39726806061808,0.25,1,"HIGH MED NA",NA
42,1,106.14408280506,42,1,1.50168349281679,"M",0,0.25,1,"HIGH MED NA",NA
42,2,61.1873944979641,41,0,0.501145096975314,"M",0,0.25,1,"HIGH MED NA",NA
42,3,128.281508849305,43,2,2.50025461514078,"M",0,0.25,1,"HIGH MED NA",NA
42,4,121.709386746608,43,2,2.4995478312271,"M",0,0.25,1,"HIGH MED NA",NA
42,5,197.752822089923,49,8,8.50105655161271,"M",0,0.25,1,"HIGH MED NA",NA
42,6,127.79283488909,43,2,2.49960144249725,"M",0,0.25,1,"HIGH MED NA",NA
42,7,126.971257317552,43,2,2.50108679646993,"M",0,0.25,1,"HIGH MED NA",NA
42,8,124.526067132016,43,2,2.49848603179093,"M",0,0.25,1,"HIGH MED NA",NA
42,9,213.864472394239,50,9,9.5005591090736,"M",0.39726806061808,0.25,1,"HIGH MED NA",NA
42,10,207.548515046529,48,7,7.49952295281406,"M",0,0.25,1,"HIGH MED NA",NA
42,11,62.5025038273286,41,0,0.500288123975769,"M",0,0.25,1,"HIGH MED NA",NA
42,12,62.1710642517813,41,0,0.498803682844735,"M",0,0.25,1,"HIGH MED NA",NA
43,1,151.988095676173,45,3,3.50074271043048,"M",0,0.25,1,"HIGH MED NA",NA
43,2,118.737737649792,44,2,2.49960993187118,"M",0,0.25,1,"HIGH MED NA",NA
43,3,187.875777624992,52,10,10.5004326176514,"M",0.301925994921476,0.25,1,"HIGH MED NA",NA
43,4,183.986747005361,56,14,14.5003587698004,"FISHED",0.383015959127806,0.25,1,"HIGH MED NA",NA
43,5,208.208329773717,49,7,7.50004930741326,"M",0,0.25,1,"HIGH MED NA",NA
43,6,212.320899797044,51,9,9.50133541019833,"FISHED",0.388936335430481,0.25,1,"HIGH MED NA",NA
43,7,66.6505191675213,42,0,0.501774247783174,"M",0,0.25,1,"HIGH MED NA",NA
43,8,102.364344755676,43,1,1.4984754005699,"M",0,0.25,1,"HIGH MED NA",NA
43,9,169.218139043151,46,4,4.49985902905666,"M",0,0.25,1,"HIGH MED NA",NA
43,10,120.956246928071,44,2,2.49829877532691,"M",0,0.25,1,"HIGH MED NA",NA
43,11,184.819416063571,47,5,5.50059771073646,"M",0,0.25,1,"HIGH MED NA",NA
43,12,62.825213492513,42,0,0.500783337973064,"M",0,0.25,1,"HIGH MED NA",NA
43,13,100.536607074029,43,1,1.49998927951188,"M",0,0.25,1,"HIGH MED NA",NA
43,14,98.9126370084536,43,1,1.50011118380315,"M",0,0.25,1,"HIGH MED NA",NA
44,1,99.2917331521448,44,1,1.49954457968013,"M",0,0.25,1,"HIGH MED NA",NA
44,2,135.310599631142,46,3,3.50138166067889,"M",0,0.25,1,"HIGH MED NA",NA
44,3,63.7008766543576,43,0,0.500541430739327,"M",0,0.25,1,"HIGH MED NA",NA
44,4,213.657234510534,51,8,8.5007121264548,"FISHED",0.388936335430481,0.25,1,"HIGH MED NA",NA
44,5,122.083381398312,45,2,2.49727908166777,"M",0,0.25,1,"HIGH MED NA",NA
44,6,62.2921866504326,43,0,0.500840152141806,"M",0,0.25,1,"HIGH MED NA",NA
44,7,221.37261576715,50,7,7.50081624257522,"M",0.39726806061808,0.25,1,"HIGH MED NA",NA
44,8,156.894466516458,46,3,3.50098971781368,"M",0,0.25,1,"HIGH MED NA",NA
44,9,193.525457787135,48,5,5.49867415334768,"M",0,0.25,1,"HIGH MED NA",NA
44,10,197.283922749877,50,7,7.50067139292364,"FISHED",0.39726806061808,0.25,1,"HIGH MED NA",NA
44,11,156.938735508634,48,5,5.49924300015326,"M",0,0.25,1,"HIGH MED NA",NA
45,1,183.33886298603,49,5,5.49931060070472,"M",0,0.25,1,"HIGH MED NA",NA
45,2,143.225993660474,47,3,3.50052070360166,"M",0,0.25,1,"HIGH MED NA",NA
45,3,155.252388023847,48,4,4.49900073356888,"M",0,0.25,1,"HIGH MED NA",NA
45,4,149.767729046336,48,4,4.50068531190811,"M",0,0.25,1,"HIGH MED NA",NA
45,5,141.194853658498,48,4,4.4985425736015,"M",0,0.25,1,"HIGH MED NA",NA
45,6,97.4959943658904,45,1,1.49917475925897,"M",0,0.25,1,"HIGH MED NA",NA
45,7,110.528998531743,45,1,1.49889832496643,"M",0,0.25,1,"HIGH MED NA",NA
45,8,128.778101071901,46,2,2.50054446046139,"M",0,0.25,1,"HIGH MED NA",NA
45,9,188.282129055837,49,5,5.50058023696075,"M",0,0.25,1,"HIGH MED NA",NA
45,10,61.9362272303518,44,0,0.500907586197772,"M",0,0.25,1,"HIGH MED NA",NA
45,11,122.304634799202,46,2,2.5001858512667,"M",0,0.25,1,"HIGH MED NA",NA
45,12,102.305844353192,45,1,1.49848251045252,"M",0,0.25,1,"HIGH MED NA",NA
45,13,96.3420882718965,45,1,1.50036453242802,"M",0,0.25,1,"HIGH MED NA",NA
46,1,99.1186405822013,46,1,1.50123070957065,"M",0,0.25,1,"HIGH MED NA",NA
46,2,159.988216906561,49,4,4.49896534263848,"M",0,0.25,1,"HIGH MED NA",NA
46,3,140.925089266766,48,3,3.50017445666282,"M",0,0.25,1,"HIGH MED NA",NA
46,4,97.2225811759596,46,1,1.49853695434421,"M",0,0.25,1,"HIGH MED NA",NA
46,5,183.371607656899,50,5,5.4991745164091,"M",0.39726806061808,0.25,1,"HIGH MED NA",NA
46,6,95.6609079386351,46,1,1.50036373829604,"M",0,0.25,1,"HIGH MED NA",NA
46,7,130.477550660519,47,2,2.49905979003581,"M",0,0.25,1,"HIGH MED NA",NA
46,8,120.733292968136,47,2,2.50063173512565,"M",0,0.25,1,"HIGH MED NA",NA
46,9,131.372972190569,48,3,3.50069642209456,"M",0,0.25,1,"HIGH MED NA",NA
46,10,155.984707531414,48,3,3.49986426385987,"M",0,0.25,1,"HIGH MED NA",NA
46,11,94.3261041407848,46,1,1.49939040425057,"M",0,0.25,1,"HIGH MED NA",NA
46,12,62.7139668681002,45,0,0.500410746721131,"M",0,0.25,1,"HIGH MED NA",NA
47,1,94.9970603027713,47,1,1.49986313366595,"M",0,0.25,1,"HIGH MED NA",NA
47,2,125.786080556919,48,2,2.50127215440235,"M",0,0.25,1,"HIGH MED NA",NA
47,3,93.9103518063571,47,1,1.49889715965316,"M",0,0.25,1,"HIGH MED NA",NA
47,4,160.360259780401,50,4,4.4996406736749,"FISHED",0.39726806061808,0.25,1,"HIGH MED NA",NA
47,5,98.0664498087815,47,1,1.49960563926446,"M",0,0.25,1,"HIGH MED NA",NA
47,6,158.42154388314,50,4,4.49990961859228,"FISHED",0.39726806061808,0.25,1,"HIGH MED NA",NA
47,7,192.50035138862,51,5,5.49992529012434,"M",0.388936335430481,0.25,1,"HIGH MED NA",NA
47,8,61.1923330819866,46,0,0.498324389193153,"M",0,0.25,1,"HIGH MED NA",NA
47,9,62.9221687685341,46,0,0.499826699493609,"M",0,0.25,1,"HIGH MED NA",NA
47,10,146.343457700096,49,3,3.49991195262256,"M",0,0.25,1,"HIGH MED NA",NA
47,11,64.0484329731952,46,0,0.498511544293935,"M",0,0.25,1,"HIGH MED NA",NA
47,12,161.044053291208,50,4,4.5005825017321,"M",0.39726806061808,0.25,1,"HIGH MED NA",NA
48,1,109.683709055186,49,2,2.50005913461853,"M",0,0.25,1,"HIGH MED NA",NA
48,2,102.036043933578,48,1,1.49929896921751,"M",0,0.25,1,"HIGH MED NA",NA
48,3,102.624502669027,48,1,1.49977433788856,"M",0,0.25,1,"HIGH MED NA",NA
48,4,189.540522086277,52,5,5.49959959796381,"M",0.301925994921476,0.25,1,"HIGH MED NA",NA
48,5,64.4766984673825,47,0,0.499376762742845,"M",0,0.25,1,"HIGH MED NA",NA
48,6,169.437572648113,51,4,4.49990533995378,"FISHED",0.388936335430481,0.25,1,"HIGH MED NA",NA
48,7,99.8085438459965,48,1,1.50068051853981,"M",0,0.25,1,"HIGH MED NA",NA
48,8,186.735862556572,52,5,5.50068824212819,"FISHED",0.301925994921476,0.25,1,"HIGH MED NA",NA
48,9,161.816065582126,51,4,4.50127189439603,"M",0.388936335430481,0.25,1,"HIGH MED NA",NA
48,10,91.9160542027651,48,1,1.49968247956799,"M",0,0.25,1,"HIGH MED NA",NA
48,11,171.857756449214,51,4,4.4994508936651,"M",0.388936335430481,0.25,1,"HIGH MED NA",NA
48,12,163.969171863608,52,5,5.4994072264656,"FISHED",0.301925994921476,0.25,1,"HIGH MED NA",NA
49,1,102.298004323312,49,1,1.4993583030122,"M",0,0.25,1,"HIGH MED NA",NA
49,2,130.30289084018,50,2,2.50031050020877,"FISHED",0.39726806061808,0.25,1,"HIGH MED NA",NA
49,3,115.594301926899,50,2,2.49847889999639,"M",0.39726806061808,0.25,1,"HIGH MED NA",NA
49,4,152.326892084281,51,3,3.50059797887496,"M",0.388936335430481,0.25,1,"HIGH MED NA",NA
49,5,118.452993319298,50,2,2.50091807807231,"FISHED",0.39726806061808,0.25,1,"HIGH MED NA",NA
49,6,60.7627557412137,48,0,0.499990627541425,"M",0,0.25,1,"HIGH MED NA",NA
49,7,132.44770551725,50,2,2.49975073502741,"FISHED",0.39726806061808,0.25,1,"HIGH MED NA",NA
49,8,138.713635649142,51,3,3.49979125228678,"FISHED",0.388936335430481,0.25,1,"HIGH MED NA",NA
49,9,62.9233755363755,48,0,0.498758801450473,"M",0,0.25,1,"HIGH MED NA",NA
49,10,93.2614304538354,49,1,1.49934923702414,"M",0,0.25,1,"HIGH MED NA",NA
49,11,117.773435958246,50,2,2.49931434645594,"M",0.39726806061808,0.25,1,"HIGH MED NA",NA
49,12,64.3919078740232,48,0,0.499559649718199,"M",0,0.25,1,"HIGH MED NA",NA
50,1,121.202263382352,51,2,2.49979178943941,"FISHED",0.388936335430481,0.25,1,"HIGH MED NA",NA
50,2,98.9307314190468,50,1,1.49960013020965,"M",0.39726806061808,0.25,1,"HIGH MED NA",NA
50,3,138.433139872548,52,3,3.4998531913249,"FISHED",0.301925994921476,0.25,1,"HIGH MED NA",NA
50,4,171.735916673194,54,5,5.50021151381681,"FISHED",0.364587865257636,0.25,1,"HIGH MED NA",NA
50,5,96.9270368182953,50,1,1.49922875207956,"FISHED",0.39726806061808,0.25,1,"HIGH MED NA",NA
50,6,96.5346175259803,50,1,1.50066652895928,"FISHED",0.39726806061808,0.25,1,"HIGH MED NA",NA
50,7,139.422582433488,52,3,3.50051249117088,"FISHED",0.301925994921476,0.25,1,"HIGH MED NA",NA
50,8,141.366510519255,52,3,3.50063410779569,"FISHED",0.301925994921476,0.25,1,"HIGH MED NA",NA
50,9,100.111162752126,50,1,1.49904449615853,"FISHED",0.39726806061808,0.25,1,"HIGH MED NA",NA
50,10,148.169042767819,52,3,3.4990381626726,"FISHED",0.301925994921476,0.25,1,"HIGH MED NA",NA
50,11,63.943470502471,49,0,0.500042737897974,"M",0,0.25,1,"HIGH MED NA",NA
51,1,64.7328079436078,50,0,0.499199032173458,"FISHED",0.39726806061808,0.25,1,"HIGH MED NA",NA
51,2,62.8035582579437,50,0,0.500532558288748,"M",0.39726806061808,0.25,1,"HIGH MED NA",NA
51,3,122.447628346838,52,2,2.50061288824981,"M",0.301925994921476,0.25,1,"HIGH MED NA",NA
51,4,62.6698205088261,50,0,0.501137404188463,"FISHED",0.39726806061808,0.25,1,"HIGH MED NA",NA
51,5,61.1123620031574,50,0,0.498307903052064,"M",0.39726806061808,0.25,1,"HIGH MED NA",NA
51,6,62.7909956985055,50,0,0.499633028988291,"M",0.39726806061808,0.25,1,"HIGH MED NA",NA
51,7,64.0094474464483,50,0,0.500167509878878,"M",0.39726806061808,0.25,1,"HIGH MED NA",NA
51,8,63.939941445805,50,0,0.500424740700574,"M",0.39726806061808,0.25,1,"HIGH MED NA",NA
51,9,60.090706358225,50,0,0.501097049285345,"FISHED",0.39726806061808,0.25,1,"HIGH MED NA",NA
51,10,101.072011272542,51,1,1.50073333696975,"M",0.388936335430481,0.25,1,"HIGH MED NA",NA
51,11,181.742173770093,56,6,6.49915835698467,"FISHED",0.383015959127806,0.25,1,"HIGH MED NA",NA
51,12,127.730278489742,52,2,2.50059577953492,"FISHED",0.301925994921476,0.25,1,"HIGH MED NA",NA
52,1,64.4157650680773,51,0,0.498990252661922,"M",0.388936335430481,0.25,1,"HIGH MED NA",NA
52,2,61.9538163436727,51,0,0.498821175177486,"FISHED",0.388936335430481,0.25,1,"HIGH MED NA",NA
52,3,62.4851509251193,51,0,0.501200851884131,"FISHED",0.388936335430481,0.25,1,"HIGH MED NA",NA
52,4,66.8906366234309,51,0,0.500407420601473,"M",0.388936335430481,0.25,1,"HIGH MED NA",NA
52,5,94.7035470618274,52,1,1.50067844197199,"FISHED",0.301925994921476,0.25,1,"HIGH MED NA",NA
52,6,61.5813466973972,51,0,0.499606748669809,"FISHED",0.388936335430481,0.25,1,"HIGH MED NA",NA
52,7,170.263998812008,55,4,4.49950353996018,"M",0.335839118692093,0.25,1,"HIGH MED NA",NA
52,8,100.902013752387,52,1,1.50056713136061,"FISHED",0.301925994921476,0.25,1,"HIGH MED NA",NA
52,9,65.9797210936703,51,0,0.501281478163415,"FISHED",0.388936335430481,0.25,1,"HIGH MED NA",NA
52,10,63.6246393052481,51,0,0.499394401814056,"FISHED",0.388936335430481,0.25,1,"HIGH MED NA",NA
52,11,128.769190285456,53,2,2.5008190834947,"M",0.318485927861184,0.25,1,"HIGH MED NA",NA
52,12,60.7705588130575,51,0,0.499261036012891,"FISHED",0.388936335430481,0.25,1,"HIGH MED NA",NA
53,1,66.247730669402,52,0,0.499596577811386,"FISHED",0.301925994921476,0.25,1,"HIGH MED NA",NA
53,2,102.026480011001,53,1,1.50056358184102,"M",0.318485927861184,0.25,1,"HIGH MED NA",NA
53,3,59.9434973475598,52,0,0.50251575030366,"FISHED",0.301925994921476,0.25,1,"HIGH MED NA",NA
53,4,189.299995971227,59,7,7.50132250270353,"FISHED",0.306390979397111,0.25,1,"HIGH MED NA",NA
53,5,61.4312974295654,52,0,0.500323487085377,"M",0.301925994921476,0.25,1,"HIGH MED NA",NA
53,6,137.481279723392,55,3,3.50091164100688,"M",0.335839118692093,0.25,1,"HIGH MED NA",NA
53,7,65.8191183860843,52,0,0.498784962315667,"M",0.301925994921476,0.25,1,"HIGH MED NA",NA
53,8,176.166787908285,57,5,5.50073783216761,"M",0.381354944594204,0.25,1,"HIGH MED NA",NA
53,9,61.5623345188499,52,0,0.499890896861506,"FISHED",0.301925994921476,0.25,1,"HIGH MED NA",NA
53,10,127.844623085982,54,2,2.50019836836446,"FISHED",0.364587865257636,0.25,1,"HIGH MED NA",NA
53,11,61.7148149138336,52,0,0.500314016306098,"FISHED",0.301925994921476,0.25,1,"HIGH MED NA",NA
53,12,128.294206856486,54,2,2.5010636188813,"FISHED",0.364587865257636,0.25,1,"HIGH MED NA",NA
53,13,61.8271360817538,52,0,0.499733543065657,"FISHED",0.301925994921476,0.25,1,"HIGH MED NA",NA
54,1,62.4180973655054,53,0,0.499355500532075,"FISHED",0.318485927861184,0.25,1,"HIGH MED NA",NA
54,2,104.586536135644,54,1,1.50058353165112,"M",0.364587865257636,0.25,1,"HIGH MED NA",NA
54,3,63.0149452212371,53,0,0.500104264343808,"M",0.318485927861184,0.25,1,"HIGH MED NA",NA
54,4,100.082411843424,54,1,1.49989020168509,"FISHED",0.364587865257636,0.25,1,"HIGH MED NA",NA
54,5,89.0656452816247,54,1,1.49933652088822,"FISHED",0.364587865257636,0.25,1,"HIGH MED NA",NA
54,6,181.515085265668,57,4,4.49913598715729,"FISHED",0.381354944594204,0.25,1,"HIGH MED NA",NA
54,7,171.014583414165,56,3,3.49889273400092,"FISHED",0.383015959127806,0.25,1,"HIGH MED NA",NA
54,8,155.803967992198,56,3,3.50108120674595,"M",0.383015959127806,0.25,1,"HIGH MED NA",NA
54,9,63.3805844070988,53,0,0.498331124073404,"FISHED",0.318485927861184,0.25,1,"HIGH MED NA",NA
54,10,106.337662611601,54,1,1.50078466138807,"FISHED",0.364587865257636,0.25,1,"HIGH MED NA",NA
54,11,99.7988144235332,54,1,1.49982957563661,"M",0.364587865257636,0.25,1,"HIGH MED NA",NA
55,1,61.8047752505605,54,0,0.501102754952666,"M",0.364587865257636,0.25,1,"HIGH MED NA",NA
55,2,100.93903483101,55,1,1.50021683798687,"FISHED",0.335839118692093,0.25,1,"HIGH MED NA",NA
55,3,116.863857609396,56,2,2.49983773676305,"FISHED",0.383015959127806,0.25,1,"HIGH MED NA",NA
55,4,123.404317358178,56,2,2.49939979355087,"FISHED",0.383015959127806,0.25,1,"HIGH MED NA",NA
55,5,103.683046993116,55,1,1.49979800414428,"FISHED",0.335839118692093,0.25,1,"HIGH MED NA",NA
55,6,62.5553713683958,54,0,0.501150514934804,"FISHED",0.364587865257636,0.25,1,"HIGH MED NA",NA
55,7,65.4794847147623,54,0,0.500079697924751,"FISHED",0.364587865257636,0.25,1,"HIGH MED NA",NA
55,8,63.2375313695837,54,0,0.501170310930311,"FISHED",0.364587865257636,0.25,1,"HIGH MED NA",NA
55,9,59.7403833915821,54,0,0.499879828854245,"FISHED",0.364587865257636,0.25,1,"HIGH MED NA",NA
55,10,61.8878952063681,54,0,0.497605203978327,"M",0.364587865257636,0.25,1,"HIGH MED NA",NA
56,1,96.8247941352148,56,1,1.49951483683867,"M",0.383015959127806,0.25,1,"HIGH MED NA",NA
56,2,99.2934192737672,56,1,1.49957208173947,"M",0.383015959127806,0.25,1,"HIGH MED NA",NA
56,3,63.1136513704862,55,0,0.499944778219727,"M",0.335839118692093,0.25,1,"HIGH MED NA",NA
56,4,62.0522345829399,55,0,0.50126623811473,"M",0.335839118692093,0.25,1,"HIGH MED NA",NA
56,5,61.2287792988216,55,0,0.500927501682439,"FISHED",0.335839118692093,0.25,1,"HIGH MED NA",NA
56,6,100.981289250477,56,1,1.50141847358082,"M",0.383015959127806,0.25,1,"HIGH MED NA",NA
56,7,97.3816002508728,56,1,1.49882679374295,"FISHED",0.383015959127806,0.25,1,"HIGH MED NA",NA
56,8,62.9930315363715,55,0,0.500141602880347,"FISHED",0.335839118692093,0.25,1,"HIGH MED NA",NA
56,9,63.3670190997319,55,0,0.499419529469581,"FISHED",0.335839118692093,0.25,1,"HIGH MED NA",NA
57,1,165.323347955784,61,5,5.49887271681487,"M",0.357927096425556,0.25,1,"HIGH MED NA",NA
57,2,93.0273551853873,57,1,1.49917589208713,"FISHED",0.381354944594204,0.25,1,"HIGH MED NA",NA
57,3,105.514497851121,57,1,1.49910032543384,"M",0.381354944594204,0.25,1,"HIGH MED NA",NA
57,4,65.4903655602744,56,0,0.500048903183825,"FISHED",0.383015959127806,0.25,1,"HIGH MED NA",NA
57,5,116.068393976951,58,2,2.49907714419736,"FISHED",0.39609062038362,0.25,1,"HIGH MED NA",NA
57,6,132.802070224943,58,2,2.50120326040162,"FISHED",0.39609062038362,0.25,1,"HIGH MED NA",NA
57,7,62.2953078959103,56,0,0.500607968774945,"M",0.383015959127806,0.25,1,"HIGH MED NA",NA
57,8,186.524918056851,61,5,5.5011936419803,"M",0.357927096425556,0.25,1,"HIGH MED NA",NA
57,9,63.8591113719974,56,0,0.500853208246125,"M",0.383015959127806,0.25,1,"HIGH MED NA",NA
58,1,120.419162084676,59,2,2.49948392420248,"FISHED",0.306390979397111,0.25,1,"HIGH MED NA",NA
58,2,61.1185483277998,57,0,0.500183116138281,"FISHED",0.381354944594204,0.25,1,"HIGH MED NA",NA
58,3,159.69903138562,61,4,4.49797754700306,"FISHED",0.357927096425556,0.25,1,"HIGH MED NA",NA
58,4,64.2854621199932,57,0,0.498451969607231,"FISHED",0.381354944594204,0.25,1,"HIGH MED NA",NA
58,5,188.355736144313,62,5,5.50004348263418,"M",0.311119415890425,0.25,1,"HIGH MED NA",NA
58,6,63.3965744428755,57,0,0.500278556982491,"M",0.381354944594204,0.25,1,"HIGH MED NA",NA
58,7,63.4329709459243,57,0,0.498643175562317,"M",0.381354944594204,0.25,1,"HIGH MED NA",NA
58,8,62.1823567565954,57,0,0.499560468551123,"M",0.381354944594204,0.25,1,"HIGH MED NA",NA
58,9,140.89697383488,60,3,3.49985644687683,"FISHED",0.350872570159845,0.25,1,"HIGH MED NA",NA
59,1,93.3815787140008,59,1,1.49933286202821,"M",0.306390979397111,0.25,1,"HIGH MED NA",NA
59,2,142.103488668682,61,3,3.50079792045759,"FISHED",0.357927096425556,0.25,1,"HIGH MED NA",NA
59,3,122.254706653936,60,2,2.49984997853909,"M",0.350872570159845,0.25,1,"HIGH MED NA",NA
59,4,60.5183073055137,58,0,0.499460337327564,"FISHED",0.39609062038362,0.25,1,"HIGH MED NA",NA
59,5,131.754367375917,60,2,2.50148875280683,"M",0.350872570159845,0.25,1,"HIGH MED NA",NA
59,6,60.2435679832136,58,0,0.499953885074086,"FISHED",0.39609062038362,0.25,1,"HIGH MED NA",NA
59,7,165.867826685213,63,5,5.50057959316733,"FISHED",0.383315486623906,0.25,1,"HIGH MED NA",NA
59,8,144.336905185711,61,3,3.49999319483512,"M",0.357927096425556,0.25,1,"HIGH MED NA",NA
59,9,95.6057752713121,59,1,1.49948073552984,"M",0.306390979397111,0.25,1,"HIGH MED NA",NA
60,1,61.1102882716884,59,0,0.501458675024156,"M",0.306390979397111,0.25,1,"HIGH MED NA",NA
60,2,134.866945477522,62,3,3.49962964309936,"FISHED",0.311119415890425,0.25,1,"HIGH MED NA",NA
60,3,63.1869581919772,59,0,0.50027189941808,"M",0.306390979397111,0.25,1,"HIGH MED NA",NA
60,4,61.8143309741505,59,0,0.502167122807131,"M",0.306390979397111,0.25,1,"HIGH MED NA",NA
60,5,96.5493696193941,60,1,1.49880585636027,"FISHED",0.350872570159845,0.25,1,"HIGH MED NA",NA
60,6,123.82208219591,61,2,2.50030677852551,"M",0.357927096425556,0.25,1,"HIGH MED NA",NA
60,7,120.903570674443,61,2,2.4992396410131,"M",0.357927096425556,0.25,1,"HIGH MED NA",NA
61,1,150.209991015301,63,3,3.50077216399089,"M",0.383315486623906,0.25,1,"HIGH MED NA",NA
61,2,101.009629531584,61,1,1.49966031108697,"FISHED",0.357927096425556,0.25,1,"HIGH MED NA",NA
61,3,155.07923428519,64,4,4.50020197330076,"M",0.314031620905735,0.25,1,"HIGH MED NA",NA
61,4,63.0897775682976,60,0,0.500679941525271,"FISHED",0.350872570159845,0.25,1,"HIGH MED NA",NA
61,5,63.543266449085,60,0,0.499091076647474,"FISHED",0.350872570159845,0.25,1,"HIGH MED NA",NA
61,6,61.8482487187626,60,0,0.501829729372191,"M",0.350872570159845,0.25,1,"HIGH MED NA",NA
61,7,131.296431987613,62,2,2.49884395944225,"M",0.311119415890425,0.25,1,"HIGH MED NA",NA
61,8,100.36427332737,61,1,1.50068474574216,"M",0.357927096425556,0.25,1,"HIGH MED NA",NA
62,1,63.6892925636053,61,0,0.499650705568056,"M",0.357927096425556,0.25,1,"HIGH MED NA",NA
62,2,95.3430985124354,62,1,1.49908174647987,"FISHED",0.311119415890425,0.25,1,"HIGH MED NA",NA
62,3,63.4320412701718,61,0,0.497980997865118,"M",0.357927096425556,0.25,1,"HIGH MED NA",NA
62,4,63.908153535682,61,0,0.501224599509533,"FISHED",0.357927096425556,0.25,1,"HIGH MED NA",NA
62,5,92.9737864318209,62,1,1.50176910513868,"M",0.311119415890425,0.25,1,"HIGH MED NA",NA
62,6,102.501752350109,62,1,1.49913994102708,"M",0.311119415890425,0.25,1,"HIGH MED NA",NA
62,7,60.1861795036614,61,0,0.501846924998805,"M",0.357927096425556,0.25,1,"HIGH MED NA",NA
62,8,62.078055872369,61,0,0.500977360577567,"M",0.357927096425556,0.25,1,"HIGH MED NA",NA
63,1,62.783950236789,62,0,0.498947235112293,"FISHED",0.311119415890425,0.25,1,"HIGH MED NA",NA
63,2,61.0554090166921,62,0,0.501286842182739,"FISHED",0.311119415890425,0.25,1,"HIGH MED NA",NA
63,3,61.8656868149366,62,0,0.500963653016357,"FISHED",0.311119415890425,0.25,1,"HIGH MED NA",NA
63,4,103.254322871564,63,1,1.50031464069956,"M",0.383315486623906,0.25,1,"HIGH MED NA",NA
63,5,62.883585679562,62,0,0.498760080467955,"FISHED",0.311119415890425,0.25,1,"HIGH MED NA",NA
63,6,95.3719473481437,63,1,1.49964084543739,"FISHED",0.383315486623906,0.25,1,"HIGH MED NA",NA
63,7,59.8510025831801,62,0,0.500404475394571,"M",0.311119415890425,0.25,1,"HIGH MED NA",NA
63,8,123.211042164778,64,2,2.50106157568698,"FISHED",0.314031620905735,0.25,1,"HIGH MED NA",NA
63,9,97.9622125361041,63,1,1.49923568575677,"M",0.383315486623906,0.25,1,"HIGH MED NA",NA
63,10,157.127850977285,65,3,3.4998738450641,"M",0.329855064000003,0.25,1,"HIGH MED NA",NA
63,11,166.678393417569,67,5,5.49990510052157,"FISHED",0.370972822629847,0.25,1,"HIGH MED NA",NA
64,1,61.9235886203608,63,0,0.500195876957702,"M",0.383315486623906,0.25,1,"HIGH MED NA",NA
64,2,65.6380716800065,63,0,0.499355926379594,"FISHED",0.383315486623906,0.25,1,"HIGH MED NA",NA
64,3,61.0283892867656,63,0,0.500390223224075,"M",0.383315486623906,0.25,1,"HIGH MED NA",NA
64,4,61.6060965247598,63,0,0.500023603482532,"M",0.383315486623906,0.25,1,"HIGH MED NA",NA
64,5,162.378996987693,66,3,3.49957115498898,"FISHED",0.364339453005232,0.25,1,"HIGH MED NA",NA
64,6,62.7607166497847,63,0,0.500396850318878,"M",0.383315486623906,0.25,1,"HIGH MED NA",NA
64,7,100.870280631301,64,1,1.5002060354457,"M",0.314031620905735,0.25,1,"HIGH MED NA",NA
64,8,99.0017367866184,64,1,1.49990305336758,"FISHED",0.314031620905735,0.25,1,"HIGH MED NA",NA
65,1,63.5513206748702,64,0,0.498919584702047,"FISHED",0.314031620905735,0.25,1,"HIGH MED NA",NA
65,2,178.52053615111,68,4,4.49916538771252,"FISHED",0.390299960155971,0.25,1,"HIGH MED NA",NA
65,3,129.337450215871,66,2,2.50061029695627,"M",0.364339453005232,0.25,1,"HIGH MED NA",NA
65,4,125.538510081041,66,2,2.50032989810245,"M",0.364339453005232,0.25,1,"HIGH MED NA",NA
65,5,200.130458711832,70,6,6.49934361722189,"M",0.329167098528706,0.25,1,"HIGH MED NA",NA
65,6,101.260629352327,65,1,1.49832146708336,"M",0.329855064000003,0.25,1,"HIGH MED NA",NA
66,1,95.7591709708628,66,1,1.4992167051773,"M",0.364339453005232,0.25,1,"HIGH MED NA",NA
66,2,65.1972877302667,65,0,0.499442845990964,"M",0.329855064000003,0.25,1,"HIGH MED NA",NA
66,3,65.0009664816907,65,0,0.501999914322396,"M",0.329855064000003,0.25,1,"HIGH MED NA",NA
66,4,98.7728869341353,66,1,1.5019808595823,"M",0.364339453005232,0.25,1,"HIGH MED NA",NA
66,5,124.10198536825,67,2,2.49951479148291,"FISHED",0.370972822629847,0.25,1,"HIGH MED NA",NA
67,1,61.6590723699841,66,0,0.500376389381304,"FISHED",0.364339453005232,0.25,1,"HIGH MED NA",NA
67,2,62.2956277122378,66,0,0.500032679463823,"FISHED",0.364339453005232,0.25,1,"HIGH MED NA",NA
67,3,99.34859709512,67,1,1.49978387060796,"M",0.370972822629847,0.25,1,"HIGH MED NA",NA
67,4,60.8037389118532,66,0,0.502515988048399,"M",0.364339453005232,0.25,1,"HIGH MED NA",NA
67,5,60.1099787036842,66,0,0.500051945751663,"M",0.364339453005232,0.25,1,"HIGH MED NA",NA
67,6,97.9724275371397,67,1,1.49767678028307,"FISHED",0.370972822629847,0.25,1,"HIGH MED NA",NA
68,1,61.2483714134161,67,0,0.498841846607873,"M",0.370972822629847,0.25,1,"HIGH MED NA",NA
68,2,61.2639485083261,67,0,0.500082485327604,"M",0.370972822629847,0.25,1,"HIGH MED NA",NA
68,3,96.1191208021573,68,1,1.5000087127982,"M",0.390299960155971,0.25,1,"HIGH MED NA",NA
68,4,92.6519071119092,68,1,1.50107450253874,"FISHED",0.390299960155971,0.25,1,"HIGH MED NA",NA
68,5,62.3538596122276,67,0,0.501212885851115,"M",0.370972822629847,0.25,1,"HIGH MED NA",NA
68,6,63.4166384702244,67,0,0.500690683363217,"FISHED",0.370972822629847,0.25,1,"HIGH MED NA",NA
68,7,62.6437002015708,67,0,0.499663985460895,"M",0.370972822629847,0.25,1,"HIGH MED NA",NA
69,1,62.6486040495218,68,0,0.500174069659215,"M",0.390299960155971,0.25,1,"HIGH MED NA",NA
69,2,64.1220971250822,68,0,0.500752256346635,"FISHED",0.390299960155971,0.25,1,"HIGH MED NA",NA
69,3,93.2510502551459,69,1,1.50179027050216,"M",0.3958381626755,0.25,1,"HIGH MED NA",NA
69,4,93.6029120938725,69,1,1.49991679539027,"FISHED",0.3958381626755,0.25,1,"HIGH MED NA",NA
69,5,134.360404143959,71,3,3.50033874499942,"M",0.303172693937086,0.25,1,"HIGH MED NA",NA
69,6,61.5340783321469,68,0,0.502167506091872,"FISHED",0.390299960155971,0.25,1,"HIGH MED NA",NA
69,7,126.545191772141,70,2,2.50061605234988,"FISHED",0.329167098528706,0.25,1,"HIGH MED NA",NA
70,1,133.372190417477,71,2,2.50169070904892,"M",0.303172693937086,0.25,1,"HIGH MED NA",NA
70,2,157.601882854364,73,4,4.50088941002715,"M",0.304779714136384,0.25,1,"HIGH MED NA",NA
70,3,98.4038598373472,70,1,1.50063831928883,"FISHED",0.329167098528706,0.25,1,"HIGH MED NA",NA
70,4,157.875676174721,72,3,3.49871069551721,"M",0.374128284188919,0.25,1,"HIGH MED NA",NA
70,5,63.9296131910984,69,0,0.498564715183396,"FISHED",0.3958381626755,0.25,1,"HIGH MED NA",NA
70,6,126.238546886137,71,2,2.49992851679749,"FISHED",0.303172693937086,0.25,1,"HIGH MED NA",NA
70,7,62.3842024834485,69,0,0.500777921516818,"FISHED",0.3958381626755,0.25,1,"HIGH MED NA",NA
71,1,62.6136505141074,70,0,0.49988265729687,"M",0.329167098528706,0.25,1,"HIGH MED NA",NA
71,2,63.0628963334232,70,0,0.500233211133433,"M",0.329167098528706,0.25,1,"HIGH MED NA",NA
71,3,62.0906335048894,70,0,0.498329260826403,"FISHED",0.329167098528706,0.25,1,"HIGH MED NA",NA
71,4,63.6004729584131,70,0,0.500501926112913,"FISHED",0.329167098528706,0.25,1,"HIGH MED NA",NA
71,5,64.0063051789776,70,0,0.499867100867836,"FISHED",0.329167098528706,0.25,1,"HIGH MED NA",NA
71,6,62.0562246500956,70,0,0.500183429731631,"FISHED",0.329167098528706,0.25,1,"HIGH MED NA",NA
72,1,170.843523625545,75,4,4.50233437975819,"FISHED",0.278547070641071,0.25,1,"HIGH MED NA",NA
72,2,135.952901529658,73,2,2.5000712416268,"FISHED",0.304779714136384,0.25,1,"HIGH MED NA",NA
72,3,104.745225491912,72,1,1.50046746525569,"FISHED",0.374128284188919,0.25,1,"HIGH MED NA",NA
72,4,161.473742860291,75,4,4.50035836223601,"M",0.278547070641071,0.25,1,"HIGH MED NA",NA
72,5,60.8362688369952,71,0,0.501882420931785,"FISHED",0.303172693937086,0.25,1,"HIGH MED NA",NA
72,6,65.5331674271003,71,0,0.500244725444779,"M",0.303172693937086,0.25,1,"HIGH MED NA",NA
72,7,122.561319897507,73,2,2.50258102695706,"M",0.304779714136384,0.25,1,"HIGH MED NA",NA
72,8,100.161585294226,72,1,1.49724198471065,"FISHED",0.374128284188919,0.25,1,"HIGH MED NA",NA
73,1,94.544448119955,73,1,1.50056752952684,"FISHED",0.304779714136384,0.25,1,"HIGH MED NA",NA
73,2,122.525548627997,74,2,2.50082949456505,"FISHED",0.339277655771002,0.25,1,"HIGH MED NA",NA
73,3,62.7841054182497,72,0,0.499661736678304,"FISHED",0.374128284188919,0.25,1,"HIGH MED NA",NA
74,1,66.1059539596291,73,0,0.49974071413739,"M",0.304779714136384,0.25,1,"HIGH MED NA",NA
74,2,117.894469631512,75,2,2.50085045630787,"M",0.278547070641071,0.25,1,"HIGH MED NA",NA
74,3,60.5102649639357,73,0,0.499407845331666,"M",0.304779714136384,0.25,1,"HIGH MED NA",NA
74,4,99.4728228579489,74,1,1.50022818853266,"FISHED",0.339277655771002,0.25,1,"HIGH MED NA",NA
74,5,209.427820926303,80,7,7.50062799372239,"M",0.235329187242314,0.25,1,"HIGH MED NA",NA
74,6,130.812189029136,75,2,2.49953946173066,"FISHED",0.278547070641071,0.25,1,"HIGH MED NA",NA
75,1,100.51721556208,75,1,1.50056907839625,"FISHED",0.278547070641071,0.25,1,"HIGH MED NA",NA
75,2,99.4512120677461,75,1,1.50064205655985,"FISHED",0.278547070641071,0.25,1,"HIGH MED NA",NA
75,3,63.4212772412491,74,0,0.498809967633678,"M",0.339277655771002,0.25,1,"HIGH MED NA",NA
75,4,65.5825809972031,74,0,0.500324548327113,"M",0.339277655771002,0.25,1,"HIGH MED NA",NA
75,5,62.678685853506,74,0,0.499908921585971,"M",0.339277655771002,0.25,1,"HIGH MED NA",NA
76,1,60.3119075105042,75,0,0.49926507195299,"M",0.278547070641071,0.25,1,"HIGH MED NA",NA
76,2,62.8347096225731,75,0,0.502638444070317,"M",0.278547070641071,0.25,1,"HIGH MED NA",NA
76,3,113.651816628426,77,2,2.49879107908121,"M",0.288369596377015,0.25,1,"HIGH MED NA",NA
76,4,63.288245640449,75,0,0.498676571865273,"FISHED",0.278547070641071,0.25,1,"HIGH MED NA",NA
76,5,118.961181952166,77,2,2.50113091119359,"M",0.288369596377015,0.25,1,"HIGH MED NA",NA
77,1,145.159318049352,79,3,3.49933656279043,"M",0.227406651177444,0.25,1,"HIGH MED NA",NA
77,2,99.1414387403781,77,1,1.5006174982967,"M",0.288369596377015,0.25,1,"HIGH MED NA",NA
77,3,94.8017008208799,77,1,1.50100340141423,"M",0.288369596377015,0.25,1,"HIGH MED NA",NA
77,4,119.817467356837,78,2,2.50026690892145,"M",0.250588383595459,0.25,1,"HIGH MED NA",NA
77,5,62.6193194585424,76,0,0.500147347672113,"FISHED",0.265293531212956,0.25,1,"HIGH MED NA",NA
77,6,59.4219349520029,76,0,0.499982074994288,"FISHED",0.265293531212956,0.25,1,"HIGH MED NA",NA
77,7,192.102388807952,82,6,6.49971379606646,"M",0.214750447357073,0.25,1,"HIGH MED NA",NA
77,8,142.129016007846,79,3,3.50021570023039,"FISHED",0.227406651177444,0.25,1,"HIGH MED NA",NA
78,1,99.7742724932085,78,1,1.499638746696,"M",0.250588383595459,0.25,1,"HIGH MED NA",NA
78,2,226.07791419223,90,13,13.4999605249619,"FISHED",0.29202194516547,0.25,1,"HIGH MED NA",NA
78,3,175.933064898075,84,7,7.49957723946917,"M",0.27783481341321,0.25,1,"HIGH MED NA",NA
78,4,62.8407158148041,77,0,0.499109229739948,"FISHED",0.288369596377015,0.25,1,"HIGH MED NA",NA
79,1,99.3088285107646,79,1,1.49976525661666,"M",0.227406651177444,0.25,1,"HIGH MED NA",NA
79,2,175.67050947986,83,5,5.50062354927339,"FISHED",0.267666143365204,0.25,1,"HIGH MED NA",NA
79,3,161.919723732233,83,5,5.50028095940834,"FISHED",0.267666143365204,0.25,1,"HIGH MED NA",NA
79,4,61.2605522605597,78,0,0.498847035324086,"M",0.250588383595459,0.25,1,"HIGH MED NA",NA
79,5,62.9347923236514,78,0,0.499807904653517,"FISHED",0.250588383595459,0.25,1,"HIGH MED NA",NA
79,6,62.2122635164891,78,0,0.499580740499485,"M",0.250588383595459,0.25,1,"HIGH MED NA",NA
80,1,60.5433957744057,79,0,0.500431272791065,"FISHED",0.227406651177444,0.25,1,"HIGH MED NA",NA
80,2,156.163325181139,82,3,3.49868475616535,"FISHED",0.214750447357073,0.25,1,"HIGH MED NA",NA
80,3,204.07177958208,90,11,11.4998191182904,"FISHED",0.29202194516547,0.25,1,"HIGH MED NA",NA
80,4,61.7335871508532,79,0,0.500058034028265,"M",0.227406651177444,0.25,1,"HIGH MED NA",NA
80,5,130.283655953035,81,2,2.50160182153871,"FISHED",0.225141712743789,0.25,1,"HIGH MED NA",NA
80,6,123.404819551183,81,2,2.500181463036,"FISHED",0.225141712743789,0.25,1,"HIGH MED NA",NA
80,7,63.7280238648982,79,0,0.500174888644273,"FISHED",0.227406651177444,0.25,1,"HIGH MED NA",NA
80,8,124.197553187031,81,2,2.50004992827578,"M",0.225141712743789,0.25,1,"HIGH MED NA",NA
81,1,59.0461109673733,80,0,0.499848149612076,"FISHED",0.235329187242314,0.25,1,"HIGH MED NA",NA
81,2,63.0344107048152,80,0,0.498273044251909,"M",0.235329187242314,0.25,1,"HIGH MED NA",NA
81,3,99.2805939405535,81,1,1.4998860112447,"M",0.225141712743789,0.25,1,"HIGH MED NA",NA
81,4,154.727951504058,84,4,4.50097045667977,"FISHED",0.27783481341321,0.25,1,"HIGH MED NA",NA
81,5,58.0572149610961,80,0,0.500037579411302,"FISHED",0.235329187242314,0.25,1,"HIGH MED NA",NA
81,6,147.29655734204,84,4,4.50102485122046,"FISHED",0.27783481341321,0.25,1,"HIGH MED NA",NA
81,7,136.469886716217,83,3,3.49887628788524,"FISHED",0.267666143365204,0.25,1,"HIGH MED NA",NA
81,8,64.1706680120565,80,0,0.500663026378151,"FISHED",0.235329187242314,0.25,1,"HIGH MED NA",NA
81,9,152.587944627076,83,3,3.50111088338814,"FISHED",0.267666143365204,0.25,1,"HIGH MED NA",NA
82,1,132.833431371446,83,2,2.49937104766407,"M",0.267666143365204,0.25,1,"HIGH MED NA",NA
82,2,97.0297774794847,82,1,1.50114904202165,"FISHED",0.214750447357073,0.25,1,"HIGH MED NA",NA
82,3,65.5053710074272,81,0,0.499604958343989,"M",0.225141712743789,0.25,1,"HIGH MED NA",NA
82,4,191.985251403252,86,5,5.49981343890373,"FISHED",0.290850939392112,0.25,1,"HIGH MED NA",NA
82,5,158.253913301205,85,4,4.49906920958614,"M",0.219487437489443,0.25,1,"HIGH MED NA",NA
82,6,62.0499218298579,81,0,0.500922654218531,"FISHED",0.225141712743789,0.25,1,"HIGH MED NA",NA
82,7,99.3770351308189,82,1,1.50027010563279,"M",0.214750447357073,0.25,1,"HIGH MED NA",NA
82,8,98.2152542581808,82,1,1.49902070301633,"FISHED",0.214750447357073,0.25,1,"HIGH MED NA",NA
82,9,117.749548383931,83,2,2.49993360075093,"M",0.267666143365204,0.25,1,"HIGH MED NA",NA
82,10,132.131452917196,83,2,2.4982216454506,"M",0.267666143365204,0.25,1,"HIGH MED NA",NA
83,1,60.2223141674834,82,0,0.498766980885152,"M",0.214750447357073,0.25,1,"HIGH MED NA",NA
83,2,200.298838419712,89,7,7.49946219545159,"FISHED",0.217662994237617,0.25,1,"HIGH MED NA",NA
83,3,128.763785971159,84,2,2.49966803569538,"FISHED",0.27783481341321,0.25,1,"HIGH MED NA",NA
83,4,62.9613156986264,82,0,0.500115973890408,"M",0.214750447357073,0.25,1,"HIGH MED NA",NA
83,5,93.1192030187875,83,1,1.49979478993834,"M",0.267666143365204,0.25,1,"HIGH MED NA",NA
83,6,64.4999750557805,82,0,0.499403975368853,"M",0.214750447357073,0.25,1,"HIGH MED NA",NA
83,7,63.0911178162304,82,0,0.501363288685205,"M",0.214750447357073,0.25,1,"HIGH MED NA",NA
83,8,60.3366147499724,82,0,0.499423334452938,"M",0.214750447357073,0.25,1,"HIGH MED NA",NA
83,9,63.7761113281555,82,0,0.500395946910202,"FISHED",0.214750447357073,0.25,1,"HIGH MED NA",NA
84,1,61.1700263669308,83,0,0.498694614843903,"FISHED",0.267666143365204,0.25,1,"HIGH MED NA",NA
84,2,62.2191858609674,83,0,0.500152065799413,"FISHED",0.267666143365204,0.25,1,"HIGH MED NA",NA
84,3,63.0244917826221,83,0,0.501254195635052,"M",0.267666143365204,0.25,1,"HIGH MED NA",NA
84,4,64.1374223984444,83,0,0.500292622219737,"M",0.267666143365204,0.25,1,"HIGH MED NA",NA
84,5,213.744482248261,95,12,12.4989116005414,"M",0.243816746585071,0.25,1,"HIGH MED NA",NA
84,6,143.62919925815,86,3,3.49880699688886,"FISHED",0.290850939392112,0.25,1,"HIGH MED NA",NA
84,7,96.8213911913835,84,1,1.49927816219886,"M",0.27783481341321,0.25,1,"HIGH MED NA",NA
84,8,155.375043400324,87,4,4.50024897869883,"M",0.240396903292276,0.25,1,"HIGH MED NA",NA
84,9,63.4004937390987,83,0,0.497460293760999,"FISHED",0.267666143365204,0.25,1,"HIGH MED NA",NA
84,10,98.4755484148184,84,1,1.49936737805633,"M",0.27783481341321,0.25,1,"HIGH MED NA",NA
84,11,62.6897353839348,83,0,0.498829949223063,"FISHED",0.267666143365204,0.25,1,"HIGH MED NA",NA
84,12,64.4073768399004,83,0,0.500497665704863,"M",0.267666143365204,0.25,1,"HIGH MED NA",NA
85,1,64.7819261805056,84,0,0.500163278965684,"FISHED",0.27783481341321,0.25,1,"HIGH MED NA",NA
85,2,218.725004578463,91,7,7.50060515550934,"FISHED",0.279473828547634,0.25,1,"HIGH MED NA",NA
85,3,61.4683755441044,84,0,0.498566126649722,"M",0.27783481341321,0.25,1,"HIGH MED NA",NA
85,4,62.6192235303026,84,0,0.498035594709486,"M",0.27783481341321,0.25,1,"HIGH MED NA",NA
85,5,122.234961954238,86,2,2.50127872237859,"FISHED",0.290850939392112,0.25,1,"HIGH MED NA",NA
85,6,96.3480202196222,85,1,1.49946655241696,"M",0.219487437489443,0.25,1,"HIGH MED NA",NA
85,7,63.2479944469309,84,0,0.500643294459125,"M",0.27783481341321,0.25,1,"HIGH MED NA",NA
85,8,98.7910472421567,85,1,1.50001392144357,"FISHED",0.219487437489443,0.25,1,"HIGH MED NA",NA
85,9,167.724596651044,88,4,4.50168934725454,"M",0.270449104183353,0.25,1,"HIGH MED NA",NA
85,10,158.33206613433,88,4,4.49914215092152,"FISHED",0.270449104183353,0.25,1,"HIGH MED NA",NA
86,1,62.4302319026085,85,0,0.500143857705179,"FISHED",0.219487437489443,0.25,1,"HIGH MED NA",NA
86,2,62.9904334116874,85,0,0.499951305305052,"M",0.219487437489443,0.25,1,"HIGH MED NA",NA
86,3,146.979428795449,88,3,3.49952107733918,"FISHED",0.270449104183353,0.25,1,"HIGH MED NA",NA
86,4,103.332860920082,86,1,1.50051257051128,"FISHED",0.290850939392112,0.25,1,"HIGH MED NA",NA
86,5,147.265127330906,88,3,3.49944951179011,"M",0.270449104183353,0.25,1,"HIGH MED NA",NA
86,6,100.153337997631,86,1,1.49985269642816,"FISHED",0.290850939392112,0.25,1,"HIGH MED NA",NA
86,7,97.5751516276585,86,1,1.50019691967129,"FISHED",0.290850939392112,0.25,1,"HIGH MED NA",NA
86,8,174.836578172182,91,6,6.49808541851772,"FISHED",0.279473828547634,0.25,1,"HIGH MED NA",NA
86,9,138.9155844414,87,2,2.50164479523391,"FISHED",0.240396903292276,0.25,1,"HIGH MED NA",NA
86,10,99.5849551972407,86,1,1.50160804426994,"M",0.290850939392112,0.25,1,"HIGH MED NA",NA
86,11,62.7083192712815,85,0,0.500876096191622,"M",0.219487437489443,0.25,1,"HIGH MED NA",NA
87,1,63.5213258111502,86,0,0.500431685800426,"FISHED",0.290850939392112,0.25,1,"HIGH MED NA",NA
87,2,62.8642006905327,86,0,0.499575239022087,"M",0.290850939392112,0.25,1,"HIGH MED NA",NA
87,3,61.7211486848743,86,0,0.499618625986523,"FISHED",0.290850939392112,0.25,1,"HIGH MED NA",NA
87,4,61.6695207621542,86,0,0.500381559917411,"M",0.290850939392112,0.25,1,"HIGH MED NA",NA
87,5,64.1428848546141,86,0,0.500299973331023,"M",0.290850939392112,0.25,1,"HIGH MED NA",NA
87,6,133.771326650362,88,2,2.5004832468114,"M",0.270449104183353,0.25,1,"HIGH MED NA",NA
87,7,94.9058467701535,87,1,1.5005616678364,"M",0.240396903292276,0.25,1,"HIGH MED NA",NA
87,8,63.711175518964,86,0,0.500771088235647,"M",0.290850939392112,0.25,1,"HIGH MED NA",NA
87,9,61.4304159708902,86,0,0.500010510292604,"M",0.290850939392112,0.25,1,"HIGH MED NA",NA
87,10,95.6534659230242,87,1,1.49883119281615,"FISHED",0.240396903292276,0.25,1,"HIGH MED NA",NA
87,11,63.2754182024126,86,0,0.499574119639494,"M",0.290850939392112,0.25,1,"HIGH MED NA",NA
88,1,104.316185807054,88,1,1.49883737762976,"FISHED",0.270449104183353,0.25,1,"HIGH MED NA",NA
88,2,144.418707508933,90,3,3.4991151122625,"FISHED",0.29202194516547,0.25,1,"HIGH MED NA",NA
88,3,65.0182832869306,87,0,0.500062147505863,"M",0.240396903292276,0.25,1,"HIGH MED NA",NA
88,4,143.120000994552,90,3,3.49981726404938,"FISHED",0.29202194516547,0.25,1,"HIGH MED NA",NA
88,5,98.8601355305093,88,1,1.49954091513637,"M",0.270449104183353,0.25,1,"HIGH MED NA",NA
88,6,62.086634717501,87,0,0.499627420288973,"FISHED",0.240396903292276,0.25,1,"HIGH MED NA",NA
88,7,65.4123113653858,87,0,0.500679930944311,"M",0.240396903292276,0.25,1,"HIGH MED NA",NA
88,8,63.472990757672,87,0,0.499368247633626,"M",0.240396903292276,0.25,1,"HIGH MED NA",NA
88,9,155.697320882291,90,3,3.50141197047927,"M",0.29202194516547,0.25,1,"HIGH MED NA",NA
88,10,175.337696533216,92,5,5.49961033631989,"M",0.281407382432371,0.25,1,"HIGH MED NA",NA
88,11,128.118548265779,89,2,2.50127462830504,"M",0.217662994237617,0.25,1,"HIGH MED NA",NA
89,1,99.3470054299071,89,1,1.50135975230322,"FISHED",0.217662994237617,0.25,1,"HIGH MED NA",NA
89,2,65.2034529780794,88,0,0.498498311301792,"M",0.270449104183353,0.25,1,"HIGH MED NA",NA
89,3,62.1232891430168,88,0,0.499162286097205,"FISHED",0.270449104183353,0.25,1,"HIGH MED NA",NA
89,4,62.7034086584284,88,0,0.500493122895282,"M",0.270449104183353,0.25,1,"HIGH MED NA",NA
89,5,188.321168782973,94,6,6.50052207462065,"M",0.226656945375726,0.25,1,"HIGH MED NA",NA
89,6,63.7795374643149,88,0,0.500776670638574,"M",0.270449104183353,0.25,1,"HIGH MED NA",NA
89,7,64.292415796162,88,0,0.498470723081128,"FISHED",0.270449104183353,0.25,1,"HIGH MED NA",NA
89,8,129.196837433588,90,2,2.50002073333172,"M",0.29202194516547,0.25,1,"HIGH MED NA",NA
89,9,125.118254915667,90,2,2.49932059468569,"FISHED",0.29202194516547,0.25,1,"HIGH MED NA",NA
89,10,61.0670017723071,88,0,0.498546200935682,"M",0.270449104183353,0.25,1,"HIGH MED NA",NA
89,11,67.2500980802406,88,0,0.499387303445395,"FISHED",0.270449104183353,0.25,1,"HIGH MED NA",NA
90,1,103.695926190779,90,1,1.50076699480358,"FISHED",0.29202194516547,0.25,1,"HIGH MED NA",NA
90,2,64.3501116120861,89,0,0.500473667823264,"FISHED",0.217662994237617,0.25,1,"HIGH MED NA",NA
90,3,100.186300139462,90,1,1.49823351246275,"FISHED",0.29202194516547,0.25,1,"HIGH MED NA",NA
90,4,93.3989940918962,90,1,1.50042314940008,"FISHED",0.29202194516547,0.25,1,"HIGH MED NA",NA
90,5,62.6376394210099,89,0,0.500229161155049,"M",0.217662994237617,0.25,1,"HIGH MED NA",NA
90,6,154.322389364377,92,3,3.49944151203382,"M",0.281407382432371,0.25,1,"HIGH MED NA",NA
90,7,141.696897717185,93,4,4.49950989430488,"FISHED",0.278025212045759,0.25,1,"HIGH MED NA",NA
90,8,127.209839974814,91,2,2.4992493700972,"M",0.279473828547634,0.25,1,"HIGH MED NA",NA
90,9,61.8456228706683,89,0,0.500134785902393,"M",0.217662994237617,0.25,1,"HIGH MED NA",NA
90,10,159.256866252578,92,3,3.50051031891847,"M",0.281407382432371,0.25,1,"HIGH MED NA",NA
91,1,60.2853009057566,90,0,0.500327851512609,"M",0.29202194516547,0.25,1,"HIGH MED NA",NA
91,2,61.6547398942821,90,0,0.49999987450384,"FISHED",0.29202194516547,0.25,1,"HIGH MED NA",NA
91,3,125.121629657142,92,2,2.50007090169991,"FISHED",0.281407382432371,0.25,1,"HIGH MED NA",NA
91,4,174.296819514226,94,4,4.50196895788843,"FISHED",0.226656945375726,0.25,1,"HIGH MED NA",NA
91,5,118.844362570465,92,2,2.50062858773,"FISHED",0.281407382432371,0.25,1,"HIGH MED NA",NA
91,6,142.020559118022,93,3,3.50127101745541,"FISHED",0.278025212045759,0.25,1,"HIGH MED NA",NA
91,7,61.0473365643208,90,0,0.500998811918459,"M",0.29202194516547,0.25,1,"HIGH MED NA",NA
91,8,102.396175414839,91,1,1.49910908499584,"M",0.279473828547634,0.25,1,"HIGH MED NA",NA
91,9,93.7763773117978,91,1,1.50072369471094,"FISHED",0.279473828547634,0.25,1,"HIGH MED NA",NA
91,10,178.453372366739,98,8,8.50088433266895,"FISHED",0.292997228866443,0.25,1,"HIGH MED NA",NA
91,11,98.0672012137681,91,1,1.49949874264969,"FISHED",0.279473828547634,0.25,1,"HIGH MED NA",NA
92,1,63.3359368979401,91,0,0.50057595246275,"M",0.279473828547634,0.25,1,"HIGH MED NA",NA
92,2,62.8407867561539,91,0,0.499560940947049,"M",0.279473828547634,0.25,1,"HIGH MED NA",NA
92,3,96.7168963931824,92,1,1.50035756410468,"FISHED",0.281407382432371,0.25,1,"HIGH MED NA",NA
92,4,140.639843618277,94,3,3.4996513783104,"FISHED",0.226656945375726,0.25,1,"HIGH MED NA",NA
92,5,63.6436384124501,91,0,0.500731773491464,"FISHED",0.279473828547634,0.25,1,"HIGH MED NA",NA
92,6,64.9684095556662,91,0,0.498884672901541,"FISHED",0.279473828547634,0.25,1,"HIGH MED NA",NA
92,7,119.255893467616,93,2,2.50050944035028,"FISHED",0.278025212045759,0.25,1,"HIGH MED NA",NA
92,8,61.1237970482221,91,0,0.500824400993944,"FISHED",0.279473828547634,0.25,1,"HIGH MED NA",NA
92,9,159.086751736791,95,4,4.50140403528109,"FISHED",0.243816746585071,0.25,1,"HIGH MED NA",NA
92,10,62.7722089110835,91,0,0.501109189009904,"FISHED",0.279473828547634,0.25,1,"HIGH MED NA",NA
93,1,63.9365180509401,92,0,0.49890268256506,"FISHED",0.281407382432371,0.25,1,"HIGH MED NA",NA
93,2,95.9254436088849,93,1,1.49966332198546,"FISHED",0.278025212045759,0.25,1,"HIGH MED NA",NA
93,3,127.711214506321,94,2,2.49923752530086,"FISHED",0.226656945375726,0.25,1,"HIGH MED NA",NA
93,4,185.539058520334,99,7,7.49917144351228,"FISHED",0.25114282052964,0.25,1,"HIGH MED NA",NA
93,5,169.627032153499,97,5,5.49985231923391,"M",0.250188492564484,0.25,1,"HIGH MED NA",NA
93,6,93.7925318891492,93,1,1.50051093352612,"M",0.278025212045759,0.25,1,"HIGH MED NA",NA
93,7,94.0752523070115,93,1,1.49921030525484,"FISHED",0.278025212045759,0.25,1,"HIGH MED NA",NA
93,8,147.115383128695,95,3,3.49890355548847,"FISHED",0.243816746585071,0.25,1,"HIGH MED NA",NA
93,9,146.958239504281,95,3,3.49859009517306,"M",0.243816746585071,0.25,1,"HIGH MED NA",NA
93,10,96.4519455029473,93,1,1.50104827747287,"FISHED",0.278025212045759,0.25,1,"HIGH MED NA",NA
93,11,102.81075139691,93,1,1.50005017724523,"M",0.278025212045759,0.25,1,"HIGH MED NA",NA
93,12,64.7043299915366,92,0,0.500429037833807,"FISHED",0.281407382432371,0.25,1,"HIGH MED NA",NA
94,1,92.0496180648367,94,1,1.49892067277283,"M",0.226656945375726,0.25,1,"HIGH MED NA",NA
94,2,62.1455474600062,93,0,0.498986116858423,"FISHED",0.278025212045759,0.25,1,"HIGH MED NA",NA
94,3,62.1385291287433,93,0,0.501060465216511,"FISHED",0.278025212045759,0.25,1,"HIGH MED NA",NA
94,4,63.933626912023,93,0,0.500630292412506,"FISHED",0.278025212045759,0.25,1,"HIGH MED NA",NA
94,5,64.1177837537245,93,0,0.500874180598763,"FISHED",0.278025212045759,0.25,1,"HIGH MED NA",NA
94,6,62.1531125036162,93,0,0.49848090027908,"M",0.278025212045759,0.25,1,"HIGH MED NA",NA
94,7,65.3095660492435,93,0,0.500259639561322,"FISHED",0.278025212045759,0.25,1,"HIGH MED NA",NA
94,8,116.79188878861,95,2,2.49996053553082,"M",0.243816746585071,0.25,1,"HIGH MED NA",NA
94,9,61.2344803897307,93,0,0.499230218744412,"M",0.278025212045759,0.25,1,"HIGH MED NA",NA
94,10,61.9312344592742,93,0,0.499173852357682,"M",0.278025212045759,0.25,1,"HIGH MED NA",NA
94,11,116.497853759482,95,2,2.50079942344602,"M",0.243816746585071,0.25,1,"HIGH MED NA",NA
95,1,100.575342705348,95,1,1.49995671664673,"FISHED",0.243816746585071,0.25,1,"HIGH MED NA",NA
95,2,62.0851642946246,94,0,0.499463691656578,"M",0.226656945375726,0.25,1,"HIGH MED NA",NA
95,3,64.9908736673864,94,0,0.49899991230122,"M",0.226656945375726,0.25,1,"HIGH MED NA",NA
95,4,98.2610466745576,95,1,1.50007284871379,"FISHED",0.243816746585071,0.25,1,"HIGH MED NA",NA
95,5,63.5650321412027,94,0,0.500568524227397,"M",0.226656945375726,0.25,1,"HIGH MED NA",NA
95,6,102.882497260754,95,1,1.49850736417205,"FISHED",0.243816746585071,0.25,1,"HIGH MED NA",NA
95,7,96.5468080204006,95,1,1.50052662862745,"M",0.243816746585071,0.25,1,"HIGH MED NA",NA
95,8,142.01001296698,97,3,3.49777386240432,"M",0.250188492564484,0.25,1,"HIGH MED NA",NA
95,9,134.188126399654,96,2,2.50052521241828,"M",0.265909443516284,0.25,1,"HIGH MED NA",NA
95,10,61.4785905758169,94,0,0.499622144990452,"M",0.226656945375726,0.25,1,"HIGH MED NA",NA
96,1,63.4441694974092,95,0,0.501684156203701,"FISHED",0.243816746585071,0.25,1,"HIGH MED NA",NA
96,2,59.9570564398319,95,0,0.500915646637594,"M",0.243816746585071,0.25,1,"HIGH MED NA",NA
96,3,101.179596608284,96,1,1.50018709517068,"M",0.265909443516284,0.25,1,"HIGH MED NA",NA
96,4,168.995395763026,99,4,4.49905009657217,"M",0.25114282052964,0.25,1,"HIGH MED NA",NA
96,5,120.844590445777,97,2,2.50036300696554,"M",0.250188492564484,0.25,1,"HIGH MED NA",NA
96,6,64.4176440261829,95,0,0.501503911229107,"FISHED",0.243816746585071,0.25,1,"HIGH MED NA",NA
96,7,96.9185764712844,96,1,1.49881682802112,"M",0.265909443516284,0.25,1,"HIGH MED NA",NA
96,8,59.89829763575,95,0,0.498747676915366,"M",0.243816746585071,0.25,1,"HIGH MED NA",NA
97,1,126.894483167332,98,2,2.49994383423287,"M",0.292997228866443,0.25,1,"HIGH MED NA",NA
97,2,173.532509480253,100,4,4.50027343708478,"M",0.291701902891509,0.25,1,"HIGH MED NA",NA
97,3,100.853357610908,97,1,1.49910170273711,"FISHED",0.250188492564484,0.25,1,"HIGH MED NA",NA
97,4,61.32362689222,96,0,0.50063900578398,"FISHED",0.265909443516284,0.25,1,"HIGH MED NA",NA
97,5,66.1924083280851,96,0,0.499020744294689,"M",0.265909443516284,0.25,1,"HIGH MED NA",NA
97,6,61.4418538660617,96,0,0.502008303525823,"M",0.265909443516284,0.25,1,"HIGH MED NA",NA
97,7,135.474838898425,98,2,2.50015504210898,"FISHED",0.292997228866443,0.25,1,"HIGH MED NA",NA
97,8,138.736408993196,98,2,2.50007369782264,"M",0.292997228866443,0.25,1,"HIGH MED NA",NA
97,9,63.3785141486888,96,0,0.497402529472009,"M",0.265909443516284,0.25,1,"HIGH MED NA",NA
97,10,95.3473365591707,97,1,1.4992699837546,"M",0.250188492564484,0.25,1,"HIGH MED NA",NA
98,1,102.154781215885,98,1,1.49937175686946,"M",0.292997228866443,0.25,1,"HIGH MED NA",NA
98,2,64.3893507509435,97,0,0.501507516449371,"M",0.250188492564484,0.25,1,"HIGH MED NA",NA
98,3,64.0244553904821,97,0,0.502021767752335,"M",0.250188492564484,0.25,1,"HIGH MED NA",NA
98,4,65.0216149364044,97,0,0.500836781497619,"M",0.250188492564484,0.25,1,"HIGH MED NA",NA
98,5,63.5789884472898,97,0,0.50063172693035,"M",0.250188492564484,0.25,1,"HIGH MED NA",NA
98,6,97.0440331306697,98,1,1.49967451644308,"M",0.292997228866443,0.25,1,"HIGH MED NA",NA
98,7,63.9218096400849,97,0,0.500637814994507,"M",0.250188492564484,0.25,1,"HIGH MED NA",NA
99,1,63.7050874597034,98,0,0.499131465961737,"FISHED",0.292997228866443,0.25,1,"HIGH MED NA",NA
99,2,63.4092435242693,98,0,0.500490322848417,"M",0.292997228866443,0.25,1,"HIGH MED NA",NA
99,3,62.5354849746457,98,0,0.500688863524467,"M",0.292997228866443,0.25,1,"HIGH MED NA",NA
99,4,125.437749386779,100,2,2.50147215790398,"FISHED",0.291701902891509,0.25,1,"HIGH MED NA",NA
99,5,117.828535637376,100,2,2.49965408213093,"FISHED",0.291701902891509,0.25,1,"HIGH MED NA",NA
99,6,59.0859428453952,98,0,0.502212729862301,"FISHED",0.292997228866443,0.25,1,"HIGH MED NA",NA
99,7,95.8789823549066,99,1,1.50023149914219,"FISHED",0.25114282052964,0.25,1,"HIGH MED NA",NA
99,8,62.6429133765443,98,0,0.500399889307513,"FISHED",0.292997228866443,0.25,1,"HIGH MED NA",NA
99,9,92.7003766789021,99,1,1.49906674604513,"M",0.25114282052964,0.25,1,"HIGH MED NA",NA
100,1,102.247071874445,100,1,1.49971301452976,"M",0.291701902891509,0.25,1,"HIGH MED NA",NA
100,2,63.599084772743,99,0,0.500026862164368,"FISHED",0.25114282052964,0.25,1,"HIGH MED NA",NA
100,3,97.4015272153514,100,1,1.49980562882579,"FISHED",0.291701902891509,0.25,1,"HIGH MED NA",NA
100,4,90.588865184243,100,1,1.50128903878211,"M",0.291701902891509,0.25,1,"HIGH MED NA",NA
100,5,64.981766624171,99,0,0.501074646568633,"FISHED",0.25114282052964,0.25,1,"HIGH MED NA",NA
100,6,62.101969444886,99,0,0.502005499063628,"FISHED",0.25114282052964,0.25,1,"HIGH MED NA",NA
100,7,99.5034111846092,100,1,1.49939130433069,"FISHED",0.291701902891509,0.25,1,"HIGH MED NA",NA
100,8,98.3544836231692,100,1,1.50038333075054,"FISHED",0.291701902891509,0.25,1,"HIGH MED NA",NA
