"cohort","uni_ind","ind","fish_size","Year","Age","AgeE","FMORT","M","Sel","FSIM","REG"
1,1,1,119.171044840103,2,2,2.50084807892372,0,0.25,0.0559595444733398,"MED HIGH","R1"
1,8,8,129.350137699526,2,2,2.49919797805977,0,0.25,0.142823713632261,"MED HIGH","R1"
1,3,3,151.876577212485,3,3,3.50007371808741,0,0.25,0.621314296269385,"MED HIGH","R1"
1,10,10,138.234174284257,3,3,3.50060266068268,0,0.25,0.291106704061144,"MED HIGH","R1"
1,11,11,150.267954516506,3,3,3.50050632172296,0,0.25,0.582198057216122,"MED HIGH","R1"
2,18,6,134.728032779774,3,2,2.49959026633142,0,0.25,0.223392975159957,"MED HIGH","R1"
1,2,2,156.597580221402,4,4,4.49896343464415,0,0.25,0.726008601423378,"MED HIGH","R1"
1,3,3,169.56738521479,4,4,4.49884096371148,0,0.25,0.908155634258658,"MED HIGH","R1"
1,4,4,157.610157688369,4,4,4.50139784361701,0,0.25,0.745977870314347,"MED HIGH","R1"
1,6,6,167.113579981821,4,4,4.49991909634105,0,0.25,0.885155024374978,"MED HIGH","R1"
1,11,11,167.520203577502,4,4,4.50091224801352,0,0.25,0.889285653876169,"MED HIGH","R1"
2,15,3,142.406122523916,4,3,3.50174443575894,0,0.25,0.385462199931778,"MED HIGH","R1"
2,16,4,149.789414604814,4,3,3.500938210258,0,0.25,0.570334467623779,"MED HIGH","R1"
2,17,5,155.700577079957,4,3,3.49805479535892,0,0.25,0.707524278712956,"MED HIGH","R1"
2,18,6,159.547090251571,4,3,3.49959750897401,0,0.25,0.781415767566192,"MED HIGH","R1"
1,3,3,183.414790758746,5,5,5.49953909675545,0,0.25,0.975808861062668,"MED HIGH","R1"
1,4,4,169.162924228333,5,5,5.49982167568268,0,0.25,0.904672478023507,"MED HIGH","R1"
1,6,6,180.474399830886,5,5,5.5013603526662,0,0.25,0.967664991197257,"MED HIGH","R1"
1,11,11,180.961101051588,5,5,5.50115211824821,0,0.25,0.969175962679976,"MED HIGH","R1"
1,12,12,155.905896988888,5,5,5.5001437677255,0,0.25,0.711819409058613,"MED HIGH","R1"
2,16,4,166.91216737744,5,4,4.49931415253079,0,0.25,0.883059747107269,"MED HIGH","R1"
2,17,5,174.453943330942,5,4,4.50013510262163,0,0.25,0.941994640199426,"MED HIGH","R1"
2,18,6,179.39745113816,5,4,4.50051930843255,0,0.25,0.964063035844902,"MED HIGH","R1"
4,38,5,128.003893468044,5,2,2.50032266205134,0,0.25,0.126892337732207,"MED HIGH","R1"
1,4,4,177.951623785526,6,6,6.49997037696751,0,0.25,0.958615830973266,"MED HIGH","R1"
1,6,6,190.873768649822,6,6,6.50168849036197,0,0.25,0.988508709909197,"MED HIGH","R1"
1,11,11,191.432647356663,6,6,6.50171266378795,0,0.25,0.989135732521594,"MED HIGH","R1"
1,12,12,162.973175853689,6,6,6.500558876638,0,0.25,0.83504246987455,"MED HIGH","R1"
2,15,3,169.13632338618,6,5,5.50018389649967,0,0.25,0.904439301786253,"MED HIGH","R1"
2,16,4,180.233404299831,6,5,5.50098372325878,0,0.25,0.966890550750915,"MED HIGH","R1"
2,17,5,189.294121447649,6,5,5.50042760130751,0,0.25,0.986536563049259,"MED HIGH","R1"
3,29,6,157.761818479185,6,4,4.49990699273725,0,0.25,0.748884735973438,"MED HIGH","R1"
3,30,7,161.633848067657,6,4,4.49976302417443,0,0.25,0.815448453491549,"MED HIGH","R1"
3,32,9,170.066800726454,6,4,4.49960485937566,0,0.25,0.912298412637415,"MED HIGH","R1"
4,35,2,141.208748653813,6,3,3.50041620481768,0,0.25,0.357093987871416,"MED HIGH","R1"
5,51,7,128.864186454118,6,2,2.49874216769362,0,0.25,0.136889075432318,"MED HIGH","R1"
5,55,11,129.540222163934,6,2,2.49969541175617,0,0.25,0.14520281098273,"MED HIGH","R1"
1,3,3,202.737969627203,7,7,7.49835968082621,0,0.25,0.996526831011369,"MED HIGH","R1"
1,6,6,198.968097669596,7,7,7.49865313003882,0,0.25,0.994915416302026,"MED HIGH","R1"
1,11,11,199.590828923834,7,7,7.49926345686837,0,0.25,0.995225461342451,"MED HIGH","R1"
1,12,12,168.192847156494,7,7,7.50280176751359,0,0.25,0.895833144617953,"MED HIGH","R1"
2,15,3,177.921387593011,7,6,6.50026379977674,0,0.25,0.958493869673697,"MED HIGH","R1"
2,16,4,190.597120665939,7,6,6.498319713809,0,0.25,0.988185225851923,"MED HIGH","R1"
3,29,6,169.342474573371,7,5,5.49981041026426,0,0.25,0.9062330952938,"MED HIGH","R1"
3,30,7,173.937192862446,7,5,5.49887262235437,0,0.25,0.939060438497534,"MED HIGH","R1"
3,32,9,184.014221023244,7,5,5.49997497951939,0,0.25,0.977204702841159,"MED HIGH","R1"
4,35,2,156.085642791465,7,4,4.49949646495653,0,0.25,0.715548562426646,"MED HIGH","R1"
4,39,6,178.616294567781,7,4,4.49999098209264,0,0.25,0.961211758476594,"MED HIGH","R1"
4,42,9,172.136968639803,7,4,4.50072916215675,0,0.25,0.927722261028228,"MED HIGH","R1"
4,44,11,170.831483818424,7,4,4.49953506635891,0,0.25,0.918314786583106,"MED HIGH","R1"
5,49,5,144.953178375834,7,3,3.49892182470787,0,0.25,0.448231516366725,"MED HIGH","R1"
5,50,6,153.847220396165,7,3,3.50161858236076,0,0.25,0.66712592892516,"MED HIGH","R1"
5,53,9,159.99911523576,7,3,3.49967882755331,0,0.25,0.789153602840331,"MED HIGH","R1"
5,54,10,154.300907051532,7,3,3.49974209033365,0,0.25,0.677275356698684,"MED HIGH","R1"
6,67,12,129.591481829018,7,2,2.49940551567288,0,0.25,0.145849983607854,"MED HIGH","R1"
1,3,3,209.378926169004,8,8,8.49985467246364,0,0.25,0.998227306282091,"MED HIGH","R1"
1,6,6,205.268303328334,8,8,8.4998859794575,0,0.25,0.997311606423576,"MED HIGH","R1"
1,11,11,205.946712242678,8,8,8.4998405884056,0,0.25,0.997490101482091,"MED HIGH","R1"
1,12,12,172.047933255477,8,8,8.50047429772078,0,0.25,0.927113748866658,"MED HIGH","R1"
2,15,3,184.604198196815,8,7,7.50123942021116,0,0.25,0.978501595366451,"MED HIGH","R1"
3,29,6,178.155730883041,8,6,6.50023106130291,0,0.25,0.959430193935705,"MED HIGH","R1"
3,30,7,183.389999953549,8,6,6.50146707883265,0,0.25,0.975749372088665,"MED HIGH","R1"
3,32,9,194.943890493014,8,6,6.49911227827437,0,0.25,0.992368857063356,"MED HIGH","R1"
4,35,2,167.359814171041,8,5,5.50053985383829,0,0.25,0.887672121437166,"MED HIGH","R1"
4,42,9,186.502492222832,8,5,5.50030172946163,0,0.25,0.982203242825389,"MED HIGH","R1"
4,44,11,184.932683422099,8,5,5.50102066833201,0,0.25,0.979192109221627,"MED HIGH","R1"
5,49,5,160.792292891482,8,4,4.50062333377102,0,0.25,0.802241691659564,"MED HIGH","R1"
5,50,6,172.082094823042,8,4,4.50005517941713,0,0.25,0.927347782159646,"MED HIGH","R1"
5,53,9,179.980231371189,8,4,4.50104846809554,0,0.25,0.966057693393065,"MED HIGH","R1"
5,54,10,172.6620956331,8,4,4.4986784334659,0,0.25,0.931216865352657,"MED HIGH","R1"
6,57,2,146.147270297506,8,3,3.50143386567471,0,0.25,0.478368592056387,"MED HIGH","R1"
6,58,3,169.069313204621,8,3,3.50081010417769,0,0.25,0.903849645267232,"MED HIGH","R1"
6,60,5,146.356379433781,8,3,3.50014857098673,0,0.25,0.483668729596671,"MED HIGH","R1"
6,67,12,152.318374995404,8,3,3.49811490873605,0,0.25,0.631809454902969,"MED HIGH","R1"
7,71,4,129.835071197256,8,2,2.50035011963437,0,0.25,0.148958132390222,"MED HIGH","R1"
1,6,6,210.172056467775,9,9,9.50086685178692,0,0.25,0.998364237553972,"MED HIGH","R1"
1,11,11,210.898459446409,9,9,9.50155403948106,0,0.25,0.998480362363238,"MED HIGH","R1"
2,15,3,189.687821550596,9,8,8.49941022624547,0,0.25,0.987057298583493,"MED HIGH","R1"
3,29,6,184.862905860711,9,7,7.49913865461823,0,0.25,0.979047268261542,"MED HIGH","R1"
3,30,7,190.652704802678,9,7,7.49909566540238,0,0.25,0.988250934596524,"MED HIGH","R1"
3,32,9,203.508748522417,9,7,7.49956811576431,0,0.25,0.996787434326242,"MED HIGH","R1"
5,50,6,186.436462670797,9,5,5.49850149695278,0,0.25,0.982085674654743,"MED HIGH","R1"
5,53,9,195.980860963208,9,5,5.49995609215094,0,0.25,0.993126218133628,"MED HIGH","R1"
6,58,3,191.754931341152,9,4,4.4970593143834,0,0.25,0.989481803653566,"MED HIGH","R1"
6,61,6,178.139370644554,9,4,4.50082479531074,0,0.25,0.95936548832127,"MED HIGH","R1"
6,66,11,147.530559190011,9,4,4.50074907868157,0,0.25,0.513463978409559,"MED HIGH","R1"
7,69,2,159.308056786112,9,3,3.49891732571858,0,0.25,0.777242087531058,"MED HIGH","R1"
7,70,3,155.112898565828,9,3,3.50145691508279,0,0.25,0.695025822118823,"MED HIGH","R1"
7,71,4,152.659296245979,9,3,3.50003019974223,0,0.25,0.639824339071021,"MED HIGH","R1"
7,72,5,145.893624619004,9,3,3.4998159956218,0,0.25,0.47194626289353,"MED HIGH","R1"
7,73,6,149.774777546482,9,3,3.49939707361746,0,0.25,0.569970247601585,"MED HIGH","R1"
7,76,9,154.331127150223,9,3,3.49948844284916,0,0.25,0.677945644532408,"MED HIGH","R1"
7,80,13,147.537298706574,9,3,3.49924376462663,0,0.25,0.513634922569519,"MED HIGH","R1"
7,81,14,134.779831684736,9,3,3.50004555818045,0,0.25,0.224306724788493,"MED HIGH","R1"
8,89,8,132.469258139851,9,2,2.50054713203143,0,0.25,0.186132198068201,"MED HIGH","R1"
1,6,6,213.988883434245,10,10,10.4994871776479,0,0.25,0.998889174800538,"MED HIGH","R1"
2,15,3,193.554940931234,10,9,9.49916509247296,0,0.25,0.991223252446076,"MED HIGH","R1"
3,29,6,189.967284378754,10,8,8.50010901694641,0,0.25,0.987414823492064,"MED HIGH","R1"
3,30,7,196.23272788124,10,8,8.49985547173038,0,0.25,0.993298607337899,"MED HIGH","R1"
3,32,9,210.220460460892,10,8,8.50020410825142,0,0.25,0.998372243851664,"MED HIGH","R1"
5,53,9,208.793966377626,10,6,6.50238320377027,0,0.25,0.998119036481715,"MED HIGH","R1"
6,58,3,210.358988230181,10,5,5.50057293020441,0,0.25,0.998394941586068,"MED HIGH","R1"
6,61,6,193.7490305598,10,5,5.50194931181132,0,0.25,0.991393043265481,"MED HIGH","R1"
6,66,11,157.301082292412,10,5,5.50091705544593,0,0.25,0.739985537423068,"MED HIGH","R1"
7,69,2,179.089429527244,10,4,4.49999014766391,0,0.25,0.962963660909991,"MED HIGH","R1"
7,71,4,170.565306175688,10,4,4.49888474396614,0,0.25,0.916264464031966,"MED HIGH","R1"
7,72,5,161.978762901689,10,4,4.49975288697124,0,0.25,0.820660585283213,"MED HIGH","R1"
7,76,9,172.700743556275,10,4,4.50015762771191,0,0.25,0.931467781559091,"MED HIGH","R1"
7,80,13,164.056598837169,10,4,4.4984242458037,0,0.25,0.849642138421405,"MED HIGH","R1"
8,84,3,152.118318507776,10,3,3.49942984304663,0,0.25,0.627071779577476,"MED HIGH","R1"
8,87,6,157.762224986832,10,3,3.49987985832001,0,0.25,0.748892497674451,"MED HIGH","R1"
8,91,10,156.851688784846,10,3,3.49846891564573,0,0.25,0.731110755347153,"MED HIGH","R1"
9,96,3,139.105696858055,10,2,2.49888526832361,0,0.25,0.309698893317526,"MED HIGH","R1"
9,97,4,134.912465801058,10,2,2.50049761204397,0,0.25,0.226658527749289,"MED HIGH","R1"
1,6,6,216.959703473044,11,11,11.4995794189855,0,0.25,0.999178186644754,"MED HIGH","R1"
3,29,6,193.851882610082,11,9,9.50115932642082,0,0.25,0.991481694784098,"MED HIGH","R1"
3,30,7,200.51992641183,11,9,9.50162511624566,0,0.25,0.995653400674668,"MED HIGH","R1"
3,32,9,215.479984552291,11,9,9.4989404480706,0,0.25,0.999045087730425,"MED HIGH","R1"
5,49,5,189.388290382021,11,7,7.50073740958546,0,0.25,0.986662967525165,"MED HIGH","R1"
5,53,9,219.054542026655,11,7,7.50216779431795,0,0.25,0.999335538568316,"MED HIGH","R1"
6,58,3,225.615832044053,11,6,6.50010844094983,0,0.25,0.9996585788852,"MED HIGH","R1"
6,61,6,206.200359053335,11,6,6.49933399799188,0,0.25,0.997553758482072,"MED HIGH","R1"
6,66,11,164.540927135968,11,6,6.49934373986074,0,0.25,0.855816853489891,"MED HIGH","R1"
7,71,4,184.612888992559,11,5,5.49903476615113,0,0.25,0.978520149834738,"MED HIGH","R1"
7,76,9,187.181111430229,11,5,5.49923570853476,0,0.25,0.983368473551088,"MED HIGH","R1"
7,80,13,176.82249454623,11,5,5.49814783079138,0,0.25,0.953820908969189,"MED HIGH","R1"
7,81,14,157.932308843431,11,5,5.49951601978815,0,0.25,0.752126001828871,"MED HIGH","R1"
8,82,1,148.525758148228,11,4,4.49914777635488,0,0.25,0.538651197459091,"MED HIGH","R1"
8,84,3,169.875465041072,11,4,4.50048770701664,0,0.25,0.910731576125391,"MED HIGH","R1"
8,87,6,177.100061949095,11,4,4.50037567078006,0,0.25,0.955046477556579,"MED HIGH","R1"
8,91,10,175.930393587901,11,4,4.49824774599653,0,0.25,0.949663233419483,"MED HIGH","R1"
9,98,5,137.650085814644,11,3,3.49921147803123,0,0.25,0.279021791793292,"MED HIGH","R1"
9,100,7,133.069911494969,11,3,3.5016665262381,0,0.25,0.195548063988048,"MED HIGH","R1"
9,102,9,152.976244308365,11,3,3.50173157207948,0,0.25,0.647206452197776,"MED HIGH","R1"
9,106,13,153.010602347368,11,3,3.49964068226775,0,0.25,0.64800256204858,"MED HIGH","R1"
10,109,2,143.122763684436,11,2,2.49997415362692,0,0.25,0.402835332646473,"MED HIGH","R1"
10,117,10,134.517270948666,11,2,2.49980186751145,0,0.25,0.219702453171566,"MED HIGH","R1"
1,6,6,219.272035622356,12,12,12.5001850229904,0,0.25,0.999350041375917,"MED HIGH","R1"
3,29,6,196.808188331825,12,10,10.499469460825,0,0.25,0.993676531329864,"MED HIGH","R1"
3,30,7,203.813832365607,12,10,10.500260557589,0,0.25,0.996885115738393,"MED HIGH","R1"
3,32,9,219.601525214582,12,10,10.5000778526915,0,0.25,0.999371411878294,"MED HIGH","R1"
6,58,3,238.127688170347,12,7,7.50095008182765,0,0.25,0.999904128979963,"MED HIGH","R1"
6,61,6,216.132387175389,12,7,7.50150274102612,0,0.25,0.999106236956864,"MED HIGH","R1"
7,76,9,198.595669531505,12,6,6.50015339972706,0,0.25,0.994720503443318,"MED HIGH","R1"
7,80,13,186.687809176163,12,6,6.49877869547813,0,0.25,0.982529174581903,"MED HIGH","R1"
7,81,14,165.250898156903,12,6,6.49868398014472,0,0.25,0.864485642301572,"MED HIGH","R1"
8,84,3,183.784528633859,12,5,5.50047164938458,0,0.25,0.976679384669372,"MED HIGH","R1"
8,90,9,185.958809921022,12,5,5.49987152862477,0,0.25,0.981212192908986,"MED HIGH","R1"
8,91,10,191.076711727571,12,5,5.50040832782413,0,0.25,0.988740429730247,"MED HIGH","R1"
9,98,5,151.638385084643,12,4,4.50065143332458,0,0.25,0.615607701452614,"MED HIGH","R1"
9,102,9,170.969732408244,12,4,4.49930630153305,0,0.25,0.919361554951139,"MED HIGH","R1"
9,103,10,156.432330105582,12,4,4.49995306015988,0,0.25,0.722658447294624,"MED HIGH","R1"
9,106,13,171.01358494404,12,4,4.4989844064332,0,0.25,0.919691025717898,"MED HIGH","R1"
10,109,2,171.538270563366,12,3,3.49917305371856,0,0.25,0.923538770809466,"MED HIGH","R1"
10,113,6,137.839771437371,12,3,3.50035712937228,0,0.25,0.282912583675103,"MED HIGH","R1"
11,121,4,123.187178908714,12,2,2.50278114546452,0,0.25,0.0818274656010759,"MED HIGH","R1"
11,123,6,128.473224485069,12,2,2.50049461594931,0,0.25,0.132266296570852,"MED HIGH","R1"
11,125,8,124.425196527954,12,2,2.49969968345005,0,0.25,0.0917815619675401,"MED HIGH","R1"
3,29,6,199.05803323211,13,11,11.5012190699769,0,0.25,0.994961401314246,"MED HIGH","R1"
3,30,7,206.344579741757,13,11,11.4993797185034,0,0.25,0.997589232255537,"MED HIGH","R1"
3,32,9,222.831303638584,13,11,11.4994075884074,0,0.25,0.999547075746377,"MED HIGH","R1"
6,58,3,248.388430538484,13,8,8.49959748192331,0,0.25,0.999966172698409,"MED HIGH","R1"
7,76,9,207.593516670579,13,7,7.50094351683083,0,0.25,0.997875737078366,"MED HIGH","R1"
7,80,13,194.311593277619,13,7,7.49948361327324,0,0.25,0.991866995433516,"MED HIGH","R1"
7,81,14,170.681849534599,13,7,7.50080467280378,0,0.25,0.917167871706458,"MED HIGH","R1"
8,84,3,194.679412542456,13,6,6.49900106787683,0,0.25,0.992162789007325,"MED HIGH","R1"
8,90,9,197.185054052401,13,6,6.50065965882232,0,0.25,0.99391247713837,"MED HIGH","R1"
9,100,7,155.45639587155,13,5,5.50030993309554,0,0.25,0.702367650476556,"MED HIGH","R1"
9,102,9,185.098816769499,13,5,5.50083994689034,0,0.25,0.979533027940373,"MED HIGH","R1"
9,103,10,167.769575651451,13,5,5.5007596125812,0,0.25,0.891754050498537,"MED HIGH","R1"
9,106,13,185.151519652459,13,5,5.49831597624203,0,0.25,0.979640031347403,"MED HIGH","R1"
10,109,2,194.986420736186,13,4,4.50007528463556,0,0.25,0.992401488941815,"MED HIGH","R1"
10,114,7,163.53862049974,13,4,4.49969073496665,0,0.25,0.842799294636144,"MED HIGH","R1"
11,118,1,152.763852339098,13,3,3.50098712314527,0,0.25,0.642267098991789,"MED HIGH","R1"
11,123,6,150.755714494326,13,3,3.49976769659725,0,0.25,0.59419302908652,"MED HIGH","R1"
11,125,8,145.13243027849,13,3,3.50054358337662,0,0.25,0.452736829615066,"MED HIGH","R1"
3,29,6,200.770238447596,14,12,12.500193606684,0,0.25,0.995762014321439,"MED HIGH","R1"
3,30,7,208.288983246827,14,12,12.5007789437794,0,0.25,0.998020276195298,"MED HIGH","R1"
3,32,9,225.362267062915,14,12,12.5010379868341,0,0.25,0.999649677973284,"MED HIGH","R1"
6,58,3,256.80307604612,14,9,9.50190905403182,0,0.25,0.999985604312616,"MED HIGH","R1"
6,66,11,176.826236937317,14,9,9.49999812611081,0,0.25,0.953837642633821,"MED HIGH","R1"
7,76,9,214.686323279457,14,8,8.49925462737533,0,0.25,0.998965036274161,"MED HIGH","R1"
7,80,13,200.203152361731,14,8,8.50100042341335,0,0.25,0.995511966930675,"MED HIGH","R1"
7,81,14,174.712029614876,14,8,8.50078105369552,0,0.25,0.943409978795077,"MED HIGH","R1"
8,84,3,203.21330805526,14,7,7.4997050400691,0,0.25,0.996689931629737,"MED HIGH","R1"
8,90,9,206.014437452936,14,7,7.50141040128034,0,0.25,0.997507258224655,"MED HIGH","R1"
9,100,7,162.468512550496,14,6,6.49975524645649,0,0.25,0.827862695346111,"MED HIGH","R1"
9,103,10,176.368827915982,14,6,6.50085747671718,0,0.25,0.95174909933836,"MED HIGH","R1"
10,109,2,214.335565161789,14,5,5.5001045901864,0,0.25,0.998927553847995,"MED HIGH","R1"
10,114,7,176.204957082686,14,5,5.50179730964725,0,0.25,0.950979259042518,"MED HIGH","R1"
11,118,1,170.698698527307,14,4,4.49990507691797,0,0.25,0.917297743914314,"MED HIGH","R1"
11,123,6,168.140412189551,14,4,4.49943114190576,0,0.25,0.895335295903603,"MED HIGH","R1"
11,125,8,161.018303353127,14,4,4.50084479095288,0,0.25,0.805857058948729,"MED HIGH","R1"
11,128,11,172.731426621663,14,4,4.49972823946279,0,0.25,0.931666382916855,"MED HIGH","R1"
11,130,13,153.129416235336,14,4,4.50072119169688,0,0.25,0.650749241815765,"MED HIGH","R1"
12,132,2,157.6294375337,14,3,3.50074111387668,0,0.25,0.746348633323343,"MED HIGH","R1"
12,133,3,150.602843174608,14,3,3.49942851102755,0,0.25,0.590444988326492,"MED HIGH","R1"
12,135,5,170.63995993664,14,3,3.50115297708674,0,0.25,0.916844181921879,"MED HIGH","R1"
13,144,1,130.469871853293,14,2,2.50018739485107,0,0.25,0.15731497730747,"MED HIGH","R1"
13,145,2,131.134758172498,14,2,2.49884220831857,0,0.25,0.166472614442007,"MED HIGH","R1"
13,148,5,130.794822582417,14,2,2.50064229468584,0,0.25,0.161738372842667,"MED HIGH","R1"
13,150,7,151.151894826399,14,2,2.49996320638362,0,0.25,0.603854512086432,"MED HIGH","R1"
6,58,3,263.703771578545,15,10,10.5008999967268,0,0.25,0.999992855863897,"MED HIGH","R1"
6,66,11,179.008841360624,15,10,10.4994247517359,0,0.25,0.962670733754733,"MED HIGH","R1"
7,76,9,220.277427997438,15,9,9.49926079203652,0,0.25,0.999413078017582,"MED HIGH","R1"
7,80,13,204.756070962213,15,9,9.49905349580723,0,0.25,0.997168494654543,"MED HIGH","R1"
7,81,14,177.702730571282,15,9,9.50053697555675,0,0.25,0.957601602629333,"MED HIGH","R1"
8,84,3,209.897855888395,15,8,8.50209214563525,0,0.25,0.998318135361596,"MED HIGH","R1"
8,90,9,212.958702188435,15,8,8.50050404798554,0,0.25,0.998766843134,"MED HIGH","R1"
9,103,10,182.891323985233,15,7,7.49803156896148,0,0.25,0.974521993429034,"MED HIGH","R1"
10,109,2,230.302257086033,15,6,6.49951778828168,0,0.25,0.999787822740682,"MED HIGH","R1"
11,123,6,181.703874523822,15,5,5.49987460769988,0,0.25,0.971350932636629,"MED HIGH","R1"
11,128,11,187.218056838885,15,5,5.50105691456434,0,0.25,0.983429712280741,"MED HIGH","R1"
11,129,12,163.125651151144,15,5,5.49954300051527,0,0.25,0.837163902925366,"MED HIGH","R1"
11,130,13,163.87248792315,15,5,5.50046900585818,0,0.25,0.84723843220245,"MED HIGH","R1"
12,131,1,158.29654122919,15,4,4.50041548302964,0,0.25,0.758956070542578,"MED HIGH","R1"
12,132,2,176.929385973082,15,4,4.50027296754272,0,0.25,0.954296596355117,"MED HIGH","R1"
12,133,3,167.945979838094,15,4,4.49916473022629,0,0.25,0.893470859704804,"MED HIGH","R1"
12,140,10,151.89665775776,15,4,4.5002693302646,0,0.25,0.621793878147057,"MED HIGH","R1"
13,146,3,153.140374161533,15,3,3.49926990594191,0,0.25,0.651002061614273,"MED HIGH","R1"
13,148,5,154.004372103447,15,3,3.50050391774247,0,0.25,0.670659759213263,"MED HIGH","R1"
13,149,6,149.025587102201,15,3,3.49964892314733,0,0.25,0.551235204443732,"MED HIGH","R1"
13,150,7,183.20856477862,15,3,3.49987529585782,0,0.25,0.975309630159625,"MED HIGH","R1"
13,153,10,152.794246334206,15,3,3.50067936304498,0,0.25,0.642975821029381,"MED HIGH","R1"
14,159,4,128.388575592791,15,2,2.50040887340867,0,0.25,0.131282991224888,"MED HIGH","R1"
6,58,3,269.362904668349,16,11,11.4995486938772,0,0.25,0.99999597827959,"MED HIGH","R1"
6,66,11,180.626126045793,16,11,11.4998722069787,0,0.25,0.968143551906472,"MED HIGH","R1"
7,76,9,224.68477387492,16,10,10.4988593891476,0,0.25,0.999624741411729,"MED HIGH","R1"
7,80,13,208.274505978595,16,10,10.4988657961527,0,0.25,0.998017369810502,"MED HIGH","R1"
7,81,14,179.922058748308,16,10,10.501348967871,0,0.25,0.96586348701102,"MED HIGH","R1"
8,84,3,215.133821065895,16,9,9.5007740731176,0,0.25,0.999010962630746,"MED HIGH","R1"
8,90,9,218.420330767593,16,9,9.49748624803763,0,0.25,0.999291375604404,"MED HIGH","R1"
9,103,10,187.838609361294,16,8,8.49902403113464,0,0.25,0.984425774224361,"MED HIGH","R1"
10,109,2,243.477788024052,16,7,7.49869615666901,0,0.25,0.999944308052626,"MED HIGH","R1"
11,123,6,192.286026351734,16,6,6.50034964921796,0,0.25,0.990028453264402,"MED HIGH","R1"
11,128,11,198.638329682465,16,6,6.49959628516124,0,0.25,0.994743201581206,"MED HIGH","R1"
11,129,12,171.107864410188,16,6,6.50078348577658,0,0.25,0.920395204825023,"MED HIGH","R1"
11,130,13,171.952435282599,16,6,6.50104664052566,0,0.25,0.926455824103364,"MED HIGH","R1"
12,133,3,181.470963448724,16,5,5.50082784566526,0,0.25,0.970685461942006,"MED HIGH","R1"
12,140,10,162.421836461278,16,5,5.49892664892307,0,0.25,0.827186290291291,"MED HIGH","R1"
13,145,2,172.893061295801,16,4,4.50065670878136,0,0.25,0.932703812172656,"MED HIGH","R1"
13,146,3,171.179238388606,16,4,4.49990342656211,0,0.25,0.92092454526922,"MED HIGH","R1"
14,158,3,143.462695039597,16,3,3.49977647240217,0,0.25,0.411165103709823,"MED HIGH","R1"
14,165,10,153.53449929071,16,3,3.5005693586925,0,0.25,0.660037931209578,"MED HIGH","R1"
15,168,1,128.635332823339,16,2,2.49993643866149,0,0.25,0.134166816011907,"MED HIGH","R1"
15,171,4,113.784705886233,16,2,2.50053792434907,0,0.25,0.0331683647570928,"MED HIGH","R1"
15,179,12,131.115564226477,16,2,2.49953156028507,0,0.25,0.166202374726954,"MED HIGH","R1"
6,58,3,274.003855305517,17,12,12.5035660943505,0,0.25,0.999997489443284,"MED HIGH","R1"
7,80,13,210.993505822605,17,11,11.500170084245,0,0.25,0.998494934800142,"MED HIGH","R1"
7,81,14,181.568969499043,17,11,11.4984112366064,0,0.25,0.970967291220387,"MED HIGH","R1"
8,84,3,219.235120364569,17,10,10.4997131269261,0,0.25,0.99934760229115,"MED HIGH","R1"
8,90,9,222.715873618109,17,10,10.5012690620753,0,0.25,0.999541738745543,"MED HIGH","R1"
11,123,6,200.542173237327,17,7,7.5000598858961,0,0.25,0.995663165045472,"MED HIGH","R1"
11,129,12,177.101440421554,17,7,7.50186382915504,0,0.25,0.955052486017346,"MED HIGH","R1"
11,130,13,178.029426224167,17,7,7.50128558508419,0,0.25,0.958928081966335,"MED HIGH","R1"
12,131,1,178.875915956426,17,6,6.50128014893718,0,0.25,0.962182695897803,"MED HIGH","R1"
12,133,3,192.018373944136,17,6,6.49964052167383,0,0.25,0.989756570885575,"MED HIGH","R1"
13,145,2,187.412701252375,17,5,5.50033650749675,0,0.25,0.983748701771357,"MED HIGH","R1"
13,146,3,185.35062834522,17,5,5.50284608348117,0,0.25,0.980039362284085,"MED HIGH","R1"
14,158,3,158.915466827213,17,4,4.50076056994154,0,0.25,0.770264566148293,"MED HIGH","R1"
15,169,2,152.649316705329,17,3,3.4996907858559,0,0.25,0.639590804205793,"MED HIGH","R1"
15,172,5,142.579453988813,17,3,3.49953336001675,0,0.25,0.389639324572815,"MED HIGH","R1"
15,179,12,154.454537162167,17,3,3.49914363690449,0,0.25,0.680675288959168,"MED HIGH","R1"
16,188,8,118.855006324816,17,2,2.49962879228222,0,0.25,0.0542883450942549,"MED HIGH","R1"
7,80,13,213.094712784593,18,12,12.5006121229391,0,0.25,0.998783734775353,"MED HIGH","R1"
7,81,14,182.791102867585,18,12,12.4997988095895,0,0.25,0.974268118839036,"MED HIGH","R1"
8,90,9,226.094296026956,18,11,11.4989875601233,0,0.25,0.9996747632887,"MED HIGH","R1"
12,131,1,185.658240558027,18,7,7.50115206778842,0,0.25,0.980641267755147,"MED HIGH","R1"
12,133,3,200.243734607145,18,7,7.49921228265332,0,0.25,0.995530338944035,"MED HIGH","R1"
13,145,2,198.863103846051,18,6,6.49911808735895,0,0.25,0.994861203342918,"MED HIGH","R1"
13,146,3,196.483718032819,18,6,6.49953248423882,0,0.25,0.993466123772892,"MED HIGH","R1"
14,157,2,165.208011008271,18,5,5.50136183041699,0,0.25,0.863974709281528,"MED HIGH","R1"
14,158,3,170.70930358474,18,5,5.5006005928272,0,0.25,0.917379392774978,"MED HIGH","R1"
14,161,6,157.917971212145,18,5,5.50048286476805,0,0.25,0.751854506167354,"MED HIGH","R1"
15,168,1,168.428299512859,18,4,4.50056193600634,0,0.25,0.898042947182592,"MED HIGH","R1"
15,169,2,170.552575408809,18,4,4.49923646046409,0,0.25,0.916165238496411,"MED HIGH","R1"
15,171,4,142.910130481496,18,4,4.50065392158714,0,0.25,0.397652938960731,"MED HIGH","R1"
15,175,8,159.132332194734,18,4,4.50099982379403,0,0.25,0.774137752874036,"MED HIGH","R1"
16,186,6,140.079415779594,18,3,3.49923519579349,0,0.25,0.331221987578177,"MED HIGH","R1"
7,81,14,183.698019025511,19,13,13.5013074142582,0,0.25,0.976478484499062,"MED HIGH","R1"
13,145,2,207.893060508158,19,7,7.49865176996497,0,0.25,0.997939239439073,"MED HIGH","R1"
13,146,3,205.229909223068,19,7,7.50137967241228,0,0.25,0.997301134293166,"MED HIGH","R1"
14,157,2,173.464164720814,19,6,6.49980976878137,0,0.25,0.936253356700156,"MED HIGH","R1"
14,158,3,179.710574513666,19,6,6.49962689367541,0,0.25,0.9651483869079,"MED HIGH","R1"
14,161,6,165.234767303093,19,6,6.49989503357091,0,0.25,0.864293658650551,"MED HIGH","R1"
15,168,1,182.048828162037,19,5,5.49999594715944,0,0.25,0.972309664633255,"MED HIGH","R1"
15,171,4,151.91127682202,19,5,5.49954569374565,0,0.25,0.622142874225967,"MED HIGH","R1"
15,175,8,170.966446404978,19,5,5.49995464372702,0,0.25,0.919336817109852,"MED HIGH","R1"
15,179,12,187.371185395332,19,5,5.50027065122008,0,0.25,0.983681174899766,"MED HIGH","R1"
17,190,1,152.553327677198,19,3,3.49827404262031,0,0.25,0.637341169383339,"MED HIGH","R1"
17,195,6,142.358648739744,19,3,3.50107865363765,0,0.25,0.384321035396797,"MED HIGH","R1"
17,196,7,134.509448803473,19,3,3.49824379134146,0,0.25,0.219566330993443,"MED HIGH","R1"
17,200,11,153.893913248288,19,3,3.49846778479718,0,0.25,0.668177885895988,"MED HIGH","R1"
13,145,2,215.014217747168,20,8,8.49858200607952,0,0.25,0.998998891022919,"MED HIGH","R1"
13,146,3,212.100945250164,20,8,8.50099634882344,0,0.25,0.998654783002415,"MED HIGH","R1"
14,158,3,186.580508361462,20,7,7.49989107104394,0,0.25,0.982341177454714,"MED HIGH","R1"
14,161,6,170.664207536634,20,7,7.50129050799897,0,0.25,0.917031688200361,"MED HIGH","R1"
15,171,4,158.495801743041,20,6,6.50011013537392,0,0.25,0.762637822788536,"MED HIGH","R1"
15,176,9,163.361724305522,20,6,6.49950362181743,0,0.25,0.840405030085253,"MED HIGH","R1"
15,179,12,198.81515848743,20,6,6.49948106685868,0,0.25,0.99483625615076,"MED HIGH","R1"
17,190,1,170.430133288777,20,4,4.50162192320517,0,0.25,0.915205439120642,"MED HIGH","R1"
17,200,11,172.141769526871,20,4,4.50072576372055,0,0.25,0.927754939221789,"MED HIGH","R1"
17,201,12,173.259802831075,20,4,4.49938760755695,0,0.25,0.935003706167908,"MED HIGH","R1"
18,209,7,148.297895307392,20,3,3.49896223315774,0,0.25,0.53289700699584,"MED HIGH","R1"
19,222,9,134.208495791857,20,2,2.5012354556748,0,0.25,0.214375153833809,"MED HIGH","R1"
13,146,3,217.498853329088,21,9,9.49968730354676,0,0.25,0.99922193044768,"MED HIGH","R1"
14,158,3,191.823766946362,21,8,8.50166588208991,0,0.25,0.989554294276143,"MED HIGH","R1"
14,161,6,174.693132339672,21,8,8.50033737060073,0,0.25,0.943307457619674,"MED HIGH","R1"
15,171,4,163.312518058424,21,7,7.49901319389087,0,0.25,0.839733800697181,"MED HIGH","R1"
15,179,12,207.83935458103,21,7,7.5001093226488,0,0.25,0.997927994991155,"MED HIGH","R1"
17,190,1,184.450523852342,21,5,5.50239244849077,0,0.25,0.978170906600966,"MED HIGH","R1"
17,200,11,186.508269309488,21,5,5.4998784875709,0,0.25,0.982213493037423,"MED HIGH","R1"
17,201,12,187.854467906986,21,5,5.4993973232051,0,0.25,0.984450441355836,"MED HIGH","R1"
18,204,2,165.247963155895,21,4,4.49883513029057,0,0.25,0.864450728022283,"MED HIGH","R1"
18,206,4,154.315599273676,21,4,4.50022688067035,0,0.25,0.677601324374669,"MED HIGH","R1"
18,209,7,165.019890359498,21,4,4.49921646308046,0,0.25,0.861714346219732,"MED HIGH","R1"
19,214,1,151.197138464145,21,3,3.49831989580111,0,0.25,0.604952863216076,"MED HIGH","R1"
19,219,6,138.838630581825,21,3,3.49980756260032,0,0.25,0.303932024316794,"MED HIGH","R1"
19,222,9,158.812165590483,21,3,3.50038971406589,0,0.25,0.768403307134921,"MED HIGH","R1"
20,227,2,130.428248796313,21,2,2.49987828246727,0,0.25,0.156755548613796,"MED HIGH","R1"
20,234,9,137.798069749272,21,2,2.50068411123878,0,0.25,0.28205439474156,"MED HIGH","R1"
13,146,3,221.739467337457,22,10,10.5009483504268,0,0.25,0.999494004113124,"MED HIGH","R1"
15,171,4,166.836045775482,22,8,8.50046213148828,0,0.25,0.882259264120537,"MED HIGH","R1"
17,200,11,197.818985091824,22,6,6.50154055476163,0,0.25,0.994289787338189,"MED HIGH","R1"
18,204,2,178.244219562491,22,5,5.49960032880078,0,0.25,0.959778464456869,"MED HIGH","R1"
18,206,4,165.270322620732,22,5,5.50093293844113,0,0.25,0.864716521325672,"MED HIGH","R1"
18,209,7,177.971899077388,22,5,5.49873906773195,0,0.25,0.958697421649254,"MED HIGH","R1"
19,215,2,160.104690895901,22,4,4.50101146854521,0,0.25,0.790931669006476,"MED HIGH","R1"
19,220,7,154.495470524456,22,4,4.4982314307852,0,0.25,0.681577956610528,"MED HIGH","R1"
19,222,9,178.450762291725,22,4,4.50117381189592,0,0.25,0.960580255104394,"MED HIGH","R1"
19,223,10,161.896636493041,22,4,4.49991634987599,0,0.25,0.819430070103783,"MED HIGH","R1"
20,229,4,155.884859682217,22,3,3.50093816285973,0,0.25,0.711381054403539,"MED HIGH","R1"
20,234,9,163.907093762318,22,3,3.50077500582639,0,0.25,0.847692628626953,"MED HIGH","R1"
20,237,12,154.014818639331,22,3,3.50080364942288,0,0.25,0.670893990692999,"MED HIGH","R1"
21,241,4,128.66205325248,22,2,2.50062096843197,0,0.25,0.134482286192606,"MED HIGH","R1"
13,146,3,225.07090738887,23,11,11.5007448832736,0,0.25,0.999639163578211,"MED HIGH","R1"
14,161,6,179.901291897271,23,10,10.4994932850552,0,0.25,0.965793898625792,"MED HIGH","R1"
15,171,4,169.413579256793,23,9,9.5005829258467,0,0.25,0.906844767241241,"MED HIGH","R1"
17,200,11,206.723888404707,23,7,7.49931968408696,0,0.25,0.997680099643439,"MED HIGH","R1"
18,209,7,188.003867709455,23,6,6.49908077139137,0,0.25,0.984680945352253,"MED HIGH","R1"
19,215,2,172.120186268942,23,5,5.50086568515096,0,0.25,0.927607921356006,"MED HIGH","R1"
19,217,4,175.146889939296,23,5,5.50151071955264,0,0.25,0.945721538876741,"MED HIGH","R1"
19,220,7,165.48245856649,23,5,5.50021283042329,0,0.25,0.867216420033881,"MED HIGH","R1"
19,222,9,194.126248247711,23,5,5.49908557710543,0,0.25,0.991713775360276,"MED HIGH","R1"
19,223,10,174.24976858538,23,5,5.50071254728281,0,0.25,0.940851485258775,"MED HIGH","R1"
20,227,2,171.626054039391,23,4,4.49926754826601,0,0.25,0.924165780895832,"MED HIGH","R1"
20,229,4,174.69013974463,23,4,4.50093560486942,0,0.25,0.943291206240902,"MED HIGH","R1"
20,234,9,185.034673592995,23,4,4.49883221511862,0,0.25,0.979402054090441,"MED HIGH","R1"
20,237,12,172.296309279016,23,4,4.49912282532385,0,0.25,0.928799592550705,"MED HIGH","R1"
21,239,2,139.170087540188,23,3,3.49934733476583,0,0.25,0.311098303145945,"MED HIGH","R1"
21,245,8,143.922811537325,23,3,3.49995632311111,0,0.25,0.422520674118444,"MED HIGH","R1"
22,248,1,129.26069345398,23,2,2.50046393595793,0,0.25,0.141715513948422,"MED HIGH","R1"
22,251,4,133.54453838496,23,2,2.50093355309321,0,0.25,0.20324015135182,"MED HIGH","R1"
22,252,5,123.260538367543,23,2,2.50067260884062,0,0.25,0.0823888196647104,"MED HIGH","R1"
14,161,6,181.547525552886,24,11,11.5004276099415,0,0.25,0.970905851841621,"MED HIGH","R1"
15,171,4,171.299098367403,24,10,10.5001424116159,0,0.25,0.921806243908535,"MED HIGH","R1"
18,209,7,195.774121484514,24,7,7.49962506923988,0,0.25,0.992981430687696,"MED HIGH","R1"
19,215,2,181.317522271645,24,6,6.50000333303267,0,0.25,0.970238885719287,"MED HIGH","R1"
19,217,4,184.771627136314,24,6,6.50035496803063,0,0.25,0.97885630591699,"MED HIGH","R1"
19,222,9,206.638387668587,24,6,6.49913985985184,0,0.25,0.997659920036148,"MED HIGH","R1"
19,223,10,183.746859793845,24,6,6.50014720902188,0,0.25,0.976592113500484,"MED HIGH","R1"
20,227,2,185.88786351867,24,5,5.50079196598997,0,0.25,0.981078938952983,"MED HIGH","R1"
20,229,4,189.579101098405,24,5,5.50204539095029,0,0.25,0.986915516962731,"MED HIGH","R1"
20,237,12,186.694249006465,24,5,5.50042926169893,0,0.25,0.982540394788349,"MED HIGH","R1"
21,241,4,168.475771937851,24,4,4.50019229911599,0,0.25,0.898483428096562,"MED HIGH","R1"
21,245,8,159.494380092473,24,4,4.49888539497346,0,0.25,0.780500277945672,"MED HIGH","R1"
22,251,4,157.87417910906,24,3,3.49885738857298,0,0.25,0.751024031378513,"MED HIGH","R1"
22,252,5,143.524330871132,24,3,3.50011392854084,0,0.25,0.412681063545276,"MED HIGH","R1"
22,257,10,148.356495894225,24,3,3.50022669813251,0,0.25,0.534377738029454,"MED HIGH","R1"
14,161,6,182.769115868169,25,12,12.498381824972,0,0.25,0.97421209402456,"MED HIGH","R1"
15,171,4,172.678394637366,25,11,11.498808525533,0,0.25,0.931322787926464,"MED HIGH","R1"
18,209,7,201.792565714475,25,8,8.50002083169723,0,0.25,0.996178256668624,"MED HIGH","R1"
19,215,2,188.357680577261,25,7,7.50014763033159,0,0.25,0.985213498768085,"MED HIGH","R1"
19,217,4,192.184570073928,25,7,7.49980898814547,0,0.25,0.989926244620086,"MED HIGH","R1"
19,222,9,216.625550639292,25,7,7.50121658186436,0,0.25,0.999149850446207,"MED HIGH","R1"
20,227,2,197.103222192714,25,6,6.49973473540503,0,0.25,0.99386199949077,"MED HIGH","R1"
20,229,4,201.367341925366,25,6,6.50097655767519,0,0.25,0.996010315833951,"MED HIGH","R1"
21,241,4,182.105721393872,25,5,5.49967591545889,0,0.25,0.972464765243741,"MED HIGH","R1"
22,249,2,159.092645203446,25,4,4.49900606574423,0,0.25,0.773432420130765,"MED HIGH","R1"
22,251,4,177.243986191451,25,4,4.4991612768305,0,0.25,0.95566969665402,"MED HIGH","R1"
22,257,10,165.094154569634,25,4,4.49927763972968,0,0.25,0.862610411479553,"MED HIGH","R1"
23,272,13,151.742468049578,25,3,3.50016284566418,0,0.25,0.618105334542268,"MED HIGH","R1"
24,279,7,137.428494183067,25,2,2.49977850511034,0,0.25,0.274518333922321,"MED HIGH","R1"
14,161,6,183.675598914063,26,13,13.4998438609333,0,0.25,0.976426143569983,"MED HIGH","R1"
19,215,2,193.746613737207,26,8,8.49954890058319,0,0.25,0.991390949166584,"MED HIGH","R1"
19,217,4,197.893995886961,26,8,8.50089364655661,0,0.25,0.994332865747426,"MED HIGH","R1"
20,227,2,205.922879359652,26,7,7.50112919560053,0,0.25,0.997484035951202,"MED HIGH","R1"
20,229,4,210.700606918979,26,7,7.49957120231634,0,0.25,0.998449574341008,"MED HIGH","R1"
21,241,4,192.747939471529,26,6,6.50021149429567,0,0.25,0.990480964433888,"MED HIGH","R1"
22,249,2,170.919383719372,26,5,5.49841254763402,0,0.25,0.918981757281697,"MED HIGH","R1"
22,251,4,192.665069908375,26,5,5.49978878248537,0,0.25,0.99040130593658,"MED HIGH","R1"
22,254,7,160.455657724718,26,5,5.50086103123961,0,0.25,0.796763072966952,"MED HIGH","R1"
22,257,10,178.06056337596,26,5,5.4994933946788,0,0.25,0.95905241440649,"MED HIGH","R1"
23,261,2,168.025433534807,26,4,4.50038458111247,0,0.25,0.894236260292238,"MED HIGH","R1"
23,262,3,166.115684135927,26,4,4.49936051227849,0,0.25,0.874446689553802,"MED HIGH","R1"
23,272,13,169.396522555044,26,4,4.50045412053261,0,0.25,0.90669836564373,"MED HIGH","R1"
24,277,5,141.516342000898,26,3,3.50041237009857,0,0.25,0.364295416910585,"MED HIGH","R1"
24,278,6,143.553642636907,26,3,3.50012868386026,0,0.25,0.413402582327245,"MED HIGH","R1"
24,279,7,163.380677256594,26,3,3.50115650628175,0,0.25,0.840662961783138,"MED HIGH","R1"
25,288,3,135.335381098916,26,2,2.50019541557781,0,0.25,0.234273377606498,"MED HIGH","R1"
25,289,4,116.519382688036,26,2,2.50023403703371,0,0.25,0.0433235211039452,"MED HIGH","R1"
25,290,5,130.157550263695,26,2,2.49975255091046,0,0.25,0.153156714047701,"MED HIGH","R1"
25,291,6,139.066318462535,26,2,2.49880211106979,0,0.25,0.308844790978467,"MED HIGH","R1"
14,161,6,184.348256107077,27,14,14.4982496097968,0,0.25,0.977948088002006,"MED HIGH","R1"
19,217,4,202.291378058773,27,9,9.50033436228044,0,0.25,0.996366305726833,"MED HIGH","R1"
20,227,2,212.85857841334,27,8,8.49894836709385,0,0.25,0.998754258862117,"MED HIGH","R1"
22,249,2,179.949720717449,27,6,6.50026416556038,0,0.25,0.965955968413174,"MED HIGH","R1"
22,251,4,204.942415882592,27,6,6.50047280898198,0,0.25,0.997221415788838,"MED HIGH","R1"
22,254,7,168.093186884084,27,6,6.49937897056044,0,0.25,0.894885113532101,"MED HIGH","R1"
22,257,10,188.105442447355,27,6,6.50088324621028,0,0.25,0.984835737346005,"MED HIGH","R1"
23,261,2,181.566135167998,27,5,5.49851673608326,0,0.25,0.970959177759357,"MED HIGH","R1"
23,262,3,179.280922959117,27,5,5.49873773073,0,0.25,0.963650873500626,"MED HIGH","R1"
23,268,9,180.912612100064,27,5,5.50107778368267,0,0.25,0.969028547249571,"MED HIGH","R1"
23,272,13,183.209786581123,27,5,5.49975886628922,0,0.25,0.975312617261754,"MED HIGH","R1"
24,277,5,156.471230487939,27,4,4.501525638678,0,0.25,0.723449351950605,"MED HIGH","R1"
24,278,6,159.02986283073,27,4,4.49974062356345,0,0.25,0.772313449785088,"MED HIGH","R1"
24,279,7,184.352157416394,27,4,4.50002364485374,0,0.25,0.977956628727816,"MED HIGH","R1"
25,286,1,146.153689854084,27,3,3.50045927726998,0,0.25,0.478531237570551,"MED HIGH","R1"
25,288,3,160.40730173673,27,3,3.50045618263744,0,0.25,0.795966878781839,"MED HIGH","R1"
25,291,6,165.716781379529,27,3,3.49994643992656,0,0.25,0.869932189639384,"MED HIGH","R1"
25,294,9,144.695026254528,27,3,3.50190879241644,0,0.25,0.441758215122044,"MED HIGH","R1"
25,297,12,149.049923642062,27,3,3.49935061254722,0,0.25,0.551846377103953,"MED HIGH","R1"
26,302,4,132.207083941652,27,2,2.49892194913776,0,0.25,0.182133385593006,"MED HIGH","R1"
26,303,5,129.778660085229,27,2,2.50120433330606,0,0.25,0.148233511482916,"MED HIGH","R1"
26,304,6,143.645813943368,27,2,2.49924843039553,0,0.25,0.41567381989583,"MED HIGH","R1"
19,217,4,205.678228260213,28,10,10.5004587668572,0,0.25,0.997420919911477,"MED HIGH","R1"
22,251,4,214.716905596647,28,7,7.50037915802608,0,0.25,0.998968241640491,"MED HIGH","R1"
22,254,7,173.793703649358,28,7,7.50202051423399,0,0.25,0.938221372973216,"MED HIGH","R1"
23,261,2,192.127735116649,28,6,6.50075868819451,0,0.25,0.98986853573435,"MED HIGH","R1"
23,268,9,191.37695698453,28,6,6.49985893070569,0,0.25,0.989074800908208,"MED HIGH","R1"
23,272,13,194.017856930918,28,6,6.49825074370791,0,0.25,0.991622848074555,"MED HIGH","R1"
24,277,5,167.815563651668,28,5,5.49934623246767,0,0.25,0.892203945692966,"MED HIGH","R1"
24,278,6,170.844937847506,28,5,5.50143059862076,0,0.25,0.918417196917479,"MED HIGH","R1"
24,279,7,201.29882347708,28,5,5.49966723161228,0,0.25,0.995982575360315,"MED HIGH","R1"
25,286,1,162.307169074318,28,4,4.50032444194198,0,0.25,0.825515666858934,"MED HIGH","R1"
25,290,5,171.141636568958,28,4,4.50012623146826,0,0.25,0.920646076101991,"MED HIGH","R1"
25,291,6,187.384931321052,28,4,4.50024876662648,0,0.25,0.983703563588478,"MED HIGH","R1"
25,293,8,155.196294522502,28,4,4.50025339380215,0,0.25,0.696817642158904,"MED HIGH","R1"
26,302,4,155.98893637474,28,3,3.49874687992084,0,0.25,0.713545826298779,"MED HIGH","R1"
26,303,5,152.580327965283,28,3,3.50094198846709,0,0.25,0.637974571385637,"MED HIGH","R1"
26,305,7,145.723536119789,28,3,3.50064624796007,0,0.25,0.467644672632171,"MED HIGH","R1"
27,309,1,135.310409775606,28,2,2.50178296987029,0,0.25,0.233818860664846,"MED HIGH","R1"
19,217,4,208.28676985128,29,11,11.5016541325655,0,0.25,0.998019832120456,"MED HIGH","R1"
22,251,4,222.498770616236,29,8,8.50116246105013,0,0.25,0.99953152992916,"MED HIGH","R1"
22,254,7,178.048468601884,29,8,8.4985833418458,0,0.25,0.959004162130986,"MED HIGH","R1"
23,272,13,202.474539179629,29,7,7.49950141586422,0,0.25,0.996433017481694,"MED HIGH","R1"
24,277,5,176.421037041938,29,6,6.50024924671547,0,0.25,0.951991949900195,"MED HIGH","R1"
24,279,7,214.993111547549,29,6,6.49946705337471,0,0.25,0.998996745538067,"MED HIGH","R1"
25,286,1,174.738267124883,29,5,5.501029731328,0,0.25,0.943552033148169,"MED HIGH","R1"
25,290,5,185.305429304314,29,5,5.50087807689534,0,0.25,0.97994939000017,"MED HIGH","R1"
25,291,6,205.002213367924,29,5,5.49897409786523,0,0.25,0.99723818807368,"MED HIGH","R1"
25,293,8,166.309420534754,29,5,5.50077325814205,0,0.25,0.876590450177572,"MED HIGH","R1"
25,294,9,172.55030468994,29,5,5.50006077140722,0,0.25,0.93048628134963,"MED HIGH","R1"
25,298,13,156.27583001445,29,5,5.50089970146905,0,0.25,0.719462517197778,"MED HIGH","R1"
26,302,4,174.82356428532,29,4,4.4984336807082,0,0.25,0.944011533140555,"MED HIGH","R1"
26,303,5,170.464572643512,29,4,4.50088296394098,0,0.25,0.915476405643277,"MED HIGH","R1"
26,304,6,195.975918843416,29,4,4.5005601779652,0,0.25,0.993122791832815,"MED HIGH","R1"
26,305,7,161.76404979297,29,4,4.4989142268622,0,0.25,0.817429624227127,"MED HIGH","R1"
27,309,1,160.371911130273,29,3,3.50143062641021,0,0.25,0.795382694478771,"MED HIGH","R1"
28,320,1,137.274187220628,29,2,2.50124752286781,0,0.25,0.271409142095559,"MED HIGH","R1"
19,217,4,210.295860548423,30,12,12.4992351836675,0,0.25,0.998384637590024,"MED HIGH","R1"
22,254,7,181.224149956166,30,9,9.50172715353513,0,0.25,0.96996391420562,"MED HIGH","R1"
23,272,13,209.091397910292,30,8,8.50100980231934,0,0.25,0.99817488831974,"MED HIGH","R1"
24,277,5,182.948892950421,30,7,7.50088462327334,0,0.25,0.974666719220617,"MED HIGH","R1"
24,279,7,226.059212991068,30,7,7.50054978292719,0,0.25,0.999673603087699,"MED HIGH","R1"
25,286,1,184.304763397042,30,6,6.5012415025892,0,0.25,0.977852654698605,"MED HIGH","R1"
25,290,5,196.43161039077,30,6,6.50044932103352,0,0.25,0.993431691614795,"MED HIGH","R1"
25,291,6,219.325938630884,30,6,6.50093588456316,0,0.25,0.999353586525536,"MED HIGH","R1"
25,293,8,174.712273124227,30,6,6.50028187410832,0,0.25,0.943411298739862,"MED HIGH","R1"
25,298,13,163.388665777299,30,6,6.50005455846203,0,0.25,0.840771576724584,"MED HIGH","R1"
26,302,4,189.740115026188,30,5,5.49949742778352,0,0.25,0.987124953085484,"MED HIGH","R1"
26,305,7,174.092050602136,30,5,5.50141342345082,0,0.25,0.939954018953943,"MED HIGH","R1"
26,308,10,177.836388429088,30,5,5.49929255560828,0,0.25,0.958149170729962,"MED HIGH","R1"
28,320,1,163.1610107725,30,3,3.49932588134927,0,0.25,0.837652721271506,"MED HIGH","R1"
28,326,7,159.777453208011,30,3,3.50142016848304,0,0.25,0.785384477204931,"MED HIGH","R1"
28,330,11,136.157113763163,30,3,3.49873787493039,0,0.25,0.249570544658179,"MED HIGH","R1"
22,254,7,183.594422386361,31,10,10.4993537521495,0,0.25,0.976235680268244,"MED HIGH","R1"
24,277,5,187.900730092825,31,8,8.50060700847598,0,0.25,0.984522180256229,"MED HIGH","R1"
24,279,7,235.001525328015,31,8,8.49888401970257,0,0.25,0.999868320007098,"MED HIGH","R1"
25,286,1,191.66677201068,31,7,7.49879046622285,0,0.25,0.989388235943655,"MED HIGH","R1"
25,290,5,205.171635600232,31,7,7.5020411343367,0,0.25,0.997285162170697,"MED HIGH","R1"
25,291,6,230.971838654673,31,7,7.49912000182616,0,0.25,0.999801765278592,"MED HIGH","R1"
25,293,8,181.065834809982,31,7,7.50050533037112,0,0.25,0.969492057921312,"MED HIGH","R1"
25,298,13,168.646562238973,31,7,7.50167790448317,0,0.25,0.900054200699981,"MED HIGH","R1"
26,302,4,201.553647369978,31,6,6.50063954699115,0,0.25,0.996084782830873,"MED HIGH","R1"
26,305,7,183.566784831185,31,6,6.49941183652446,0,0.25,0.976170492708077,"MED HIGH","R1"
26,308,10,187.848640478378,31,6,6.50073677117256,0,0.25,0.984441381569898,"MED HIGH","R1"
27,309,1,196.564646634901,31,5,5.49956564737937,0,0.25,0.993519245322701,"MED HIGH","R1"
28,326,7,179.694401957768,31,4,4.50008031027065,0,0.25,0.96509311150281,"MED HIGH","R1"
29,334,4,155.78634954902,31,3,3.49938963291709,0,0.25,0.709323136061091,"MED HIGH","R1"
29,342,12,131.213130833046,31,3,3.49832751743039,0,0.25,0.167579706347296,"MED HIGH","R1"
29,343,13,148.300546976848,31,3,3.49924229998584,0,0.25,0.532964022614111,"MED HIGH","R1"
30,346,2,126.592165394237,31,2,2.50028876607432,0,0.25,0.111842646129767,"MED HIGH","R1"
22,254,7,185.363551831847,32,11,11.5000679395898,0,0.25,0.980065014722753,"MED HIGH","R1"
24,277,5,191.657046321103,32,9,9.49977179419192,0,0.25,0.989377863306573,"MED HIGH","R1"
24,279,7,242.227642885281,32,9,9.50071231201349,0,0.25,0.999936771304715,"MED HIGH","R1"
25,290,5,212.037247445702,32,8,8.50014545381252,0,0.25,0.998646066583419,"MED HIGH","R1"
25,291,6,240.440533765353,32,8,8.49989378619552,0,0.25,0.999924192661825,"MED HIGH","R1"
25,298,13,172.533264550601,32,8,8.49887092474806,0,0.25,0.930374290723911,"MED HIGH","R1"
26,302,4,210.909667328092,32,7,7.49882476716491,0,0.25,0.998482088047489,"MED HIGH","R1"
26,305,7,190.848629641283,32,7,7.49871479706943,0,0.25,0.988479680138196,"MED HIGH","R1"
27,309,1,209.47316989475,32,6,6.50059768309069,0,0.25,0.998244158276676,"MED HIGH","R1"
28,326,7,195.634038210076,32,5,5.50006378008013,0,0.25,0.992881608048559,"MED HIGH","R1"
28,330,11,159.936223594791,32,5,5.50096093001783,0,0.25,0.788089150160529,"MED HIGH","R1"
29,333,3,170.882989601807,32,4,4.49975642170526,0,0.25,0.918706208896497,"MED HIGH","R1"
29,334,4,174.56387048901,32,4,4.50158917596739,0,0.25,0.942601494519161,"MED HIGH","R1"
29,343,13,165.023250661237,32,4,4.4981888149199,0,0.25,0.861754997075328,"MED HIGH","R1"
30,346,2,148.136115711425,32,3,3.50007330856161,0,0.25,0.528806197947927,"MED HIGH","R1"
30,348,4,150.944392822468,32,3,3.49992756414038,0,0.25,0.598803841146281,"MED HIGH","R1"
30,358,14,165.046223216636,32,3,3.50078378967867,0,0.25,0.862032636176632,"MED HIGH","R1"
22,254,7,186.683998779217,33,12,12.500321967489,0,0.25,0.982522532339264,"MED HIGH","R1"
24,277,5,194.506475977421,33,10,10.5012670063544,0,0.25,0.992025069972854,"MED HIGH","R1"
24,279,7,248.066935115736,33,10,10.4989175624368,0,0.25,0.99996505032085,"MED HIGH","R1"
25,290,5,217.430438527307,33,9,9.49973152330769,0,0.25,0.999216511163782,"MED HIGH","R1"
25,291,6,248.139053151218,33,9,9.50058413327385,0,0.25,0.999965305289934,"MED HIGH","R1"
25,298,13,175.406363130864,33,9,9.49892631105774,0,0.25,0.947058112972159,"MED HIGH","R1"
26,305,7,196.445120535537,33,8,8.49965404720445,0,0.25,0.993440636240836,"MED HIGH","R1"
27,309,1,219.820613163124,33,7,7.49893886126058,0,0.25,0.999385231646678,"MED HIGH","R1"
28,326,7,208.390610868276,33,6,6.50022430368609,0,0.25,0.998040559112222,"MED HIGH","R1"
28,330,11,167.507556195428,33,6,6.50090149740965,0,0.25,0.88915916058906,"MED HIGH","R1"
29,333,3,184.994574970984,33,5,5.50202913894781,0,0.25,0.979319760347972,"MED HIGH","R1"
29,334,4,189.426743504413,33,5,5.49947175782418,0,0.25,0.986714246491198,"MED HIGH","R1"
29,339,9,154.878926151589,33,5,5.50004612071853,0,0.25,0.689967232306194,"MED HIGH","R1"
30,346,2,164.814902740603,33,4,4.50064900168527,0,0.25,0.859215504650513,"MED HIGH","R1"
30,348,4,168.380448818452,33,4,4.49954934210866,0,0.25,0.897597242699641,"MED HIGH","R1"
30,354,10,155.819905067771,33,4,4.49924465779449,0,0.25,0.710025097215005,"MED HIGH","R1"
30,357,13,165.314407172221,33,4,4.49852319708735,0,0.25,0.8652392789619,"MED HIGH","R1"
30,358,14,186.513360835186,33,4,4.49975886274577,0,0.25,0.982222522061372,"MED HIGH","R1"
31,362,4,142.384467222908,33,3,3.49886213789072,0,0.25,0.384941497446783,"MED HIGH","R1"
31,368,10,158.050169827466,33,3,3.50070788577652,0,0.25,0.754350247153043,"MED HIGH","R1"
32,374,4,136.229486056934,33,2,2.49680741838995,0,0.25,0.250949270955431,"MED HIGH","R1"
24,277,5,196.667968480418,34,11,11.4991768756887,0,0.25,0.993586442643816,"MED HIGH","R1"
24,279,7,252.785559395293,34,11,11.4984872838028,0,0.25,0.999978353810259,"MED HIGH","R1"
25,290,5,221.666988844653,34,10,10.5003084134909,0,0.25,0.999490268703628,"MED HIGH","R1"
25,291,6,254.398331757381,34,10,10.5014193881491,0,0.25,0.999981623290019,"MED HIGH","R1"
25,298,13,177.530193254724,34,10,10.4994310221294,0,0.25,0.956884624047512,"MED HIGH","R1"
26,305,7,200.746325950686,34,9,9.50009719772636,0,0.25,0.995751756211006,"MED HIGH","R1"
27,309,1,228.115100459379,34,8,8.50066657052856,0,0.25,0.999735077717015,"MED HIGH","R1"
28,326,7,218.599761403964,34,7,7.49985634890929,0,0.25,0.999304159551533,"MED HIGH","R1"
28,330,11,173.151995303868,34,7,7.49898623509109,0,0.25,0.934335325223859,"MED HIGH","R1"
29,339,9,161.820488278736,34,6,6.49960540042313,0,0.25,0.818283255181956,"MED HIGH","R1"
30,346,2,177.727202141088,34,5,5.4997789188048,0,0.25,0.957702366993072,"MED HIGH","R1"
30,348,4,181.991484633196,34,5,5.50081562094764,0,0.25,0.972152477688615,"MED HIGH","R1"
30,357,13,178.323567326109,34,5,5.49849195112021,0,0.25,0.9600883211213,"MED HIGH","R1"
30,358,14,203.936721333389,34,5,5.50063448194834,0,0.25,0.996923620521629,"MED HIGH","R1"
31,362,4,157.5604957241,34,4,4.49959021933818,0,0.25,0.745021196214934,"MED HIGH","R1"
31,364,6,159.944493243581,34,4,4.49982023446642,0,0.25,0.788229339536717,"MED HIGH","R1"
31,366,8,148.41507167905,34,4,4.49919327231971,0,0.25,0.535857237129611,"MED HIGH","R1"
31,367,9,160.808926671217,34,4,4.49931302064796,0,0.25,0.802509493614296,"MED HIGH","R1"
31,369,11,157.761519050064,34,4,4.49893288452074,0,0.25,0.748879018686714,"MED HIGH","R1"
32,374,4,161.675754488804,34,3,3.49962522483716,0,0.25,0.81608791759084,"MED HIGH","R1"
32,380,10,159.756268345756,34,3,3.50180935171345,0,0.25,0.785021699863401,"MED HIGH","R1"
33,384,3,129.401966332787,34,2,2.49889743416618,0,0.25,0.143469160999955,"MED HIGH","R1"
33,386,5,121.85550558179,34,2,2.50178165263143,0,0.25,0.0722265193241764,"MED HIGH","R1"
33,393,12,147.926130227952,34,2,2.50126125144491,0,0.25,0.523490744910062,"MED HIGH","R1"
24,277,5,198.307612340427,35,12,12.5008199204978,0,0.25,0.994564664774041,"MED HIGH","R1"
25,291,6,259.487436130034,35,11,11.4998782759141,0,0.25,0.999989038571129,"MED HIGH","R1"
26,305,7,204.052034540742,35,10,10.4998949992676,0,0.25,0.996959319934292,"MED HIGH","R1"
28,326,7,226.770196947507,35,8,8.49896070576773,0,0.25,0.999696327747585,"MED HIGH","R1"
29,339,9,166.934850405968,35,7,7.49970779377402,0,0.25,0.883297363585499,"MED HIGH","R1"
30,348,4,192.616610865464,35,6,6.50029524215349,0,0.25,0.990354419090085,"MED HIGH","R1"
30,357,13,188.406788662763,35,6,6.49873995390493,0,0.25,0.985285959551017,"MED HIGH","R1"
30,358,14,218.078033344545,35,6,6.49977486510948,0,0.25,0.999266333305427,"MED HIGH","R1"
31,362,4,169.104136567643,35,5,5.50137269082732,0,0.25,0.904156478375072,"MED HIGH","R1"
31,364,6,171.930017058408,35,5,5.50000580075879,0,0.25,0.926300585276641,"MED HIGH","R1"
31,366,8,158.336319525525,35,5,5.50081678700643,0,0.25,0.759694160013145,"MED HIGH","R1"
31,367,9,172.956592815542,35,5,5.49852257897295,0,0.25,0.933107565413895,"MED HIGH","R1"
31,369,11,169.342120049872,35,5,5.49939273638333,0,0.25,0.906230036533559,"MED HIGH","R1"
32,374,4,182.14522739776,35,4,4.50171853635617,0,0.25,0.972571968376727,"MED HIGH","R1"
32,377,7,154.64480646681,35,4,4.50008536427787,0,0.25,0.68485955349143,"MED HIGH","R1"
32,378,8,165.52048600965,35,4,4.50077704311912,0,0.25,0.867660394193888,"MED HIGH","R1"
33,382,1,135.408166233473,35,3,3.50109820798518,0,0.25,0.235601675951764,"MED HIGH","R1"
33,384,3,152.053264576775,35,3,3.50013760607764,0,0.25,0.625525871398284,"MED HIGH","R1"
33,393,12,178.496584057643,35,3,3.49956077571199,0,0.25,0.960756044816666,"MED HIGH","R1"
24,277,5,199.551397356538,36,13,13.4994075242667,0,0.25,0.995206399589765,"MED HIGH","R1"
25,291,6,263.625130734371,36,12,12.4972211562566,0,0.25,0.999992798592958,"MED HIGH","R1"
26,305,7,206.592650072352,36,11,11.4992222454245,0,0.25,0.997649053398678,"MED HIGH","R1"
29,339,9,170.702979177182,36,8,8.49975668607713,0,0.25,0.917330709681214,"MED HIGH","R1"
30,348,4,200.910858929182,36,7,7.50069871502679,0,0.25,0.995821841377894,"MED HIGH","R1"
30,357,13,196.222155013955,36,7,7.49972193788312,0,0.25,0.993291457894478,"MED HIGH","R1"
31,362,4,177.884802992607,36,6,6.49943844556105,0,0.25,0.958345841550748,"MED HIGH","R1"
31,364,6,181.100808281434,36,6,6.4992215140376,0,0.25,0.969596909890243,"MED HIGH","R1"
31,366,8,165.705527223818,36,6,6.49798457806387,0,0.25,0.869802842662933,"MED HIGH","R1"
31,367,9,182.27111317109,36,6,6.49920708124109,0,0.25,0.9729108721494,"MED HIGH","R1"
31,369,11,178.155327839673,36,6,6.4999296861342,0,0.25,0.959428601063925,"MED HIGH","R1"
32,377,7,165.658615874939,36,5,5.501059593539,0,0.25,0.869262499556671,"MED HIGH","R1"
32,378,8,178.569705392161,36,5,5.4993182679505,0,0.25,0.961035009680209,"MED HIGH","R1"
33,383,2,162.222355861983,36,4,4.50077592482091,0,0.25,0.82427182197626,"MED HIGH","R1"
33,384,3,169.792547944821,36,4,4.49975856826028,0,0.25,0.91004476287994,"MED HIGH","R1"
33,388,7,158.302378077155,36,4,4.50013405089575,0,0.25,0.759064470502778,"MED HIGH","R1"
33,393,12,204.153415428488,36,4,4.50039827310615,0,0.25,0.996990364748354,"MED HIGH","R1"
33,394,13,160.058437509836,36,4,4.50067379579852,0,0.25,0.790154047464852,"MED HIGH","R1"
34,397,3,157.398707842442,36,3,3.50018338567852,0,0.25,0.741888163225963,"MED HIGH","R1"
34,399,5,147.948623430662,36,3,3.49978201647255,0,0.25,0.524060400966043,"MED HIGH","R1"
24,277,5,200.494895639327,37,14,14.5009000512139,0,0.25,0.99564238822892,"MED HIGH","R1"
25,291,6,266.989281945486,37,13,13.5003317903104,0,0.25,0.999994882284036,"MED HIGH","R1"
26,305,7,208.545250280027,37,12,12.5002052012828,0,0.25,0.998071024970371,"MED HIGH","R1"
29,339,9,173.479238285008,37,9,9.50112671518096,0,0.25,0.936344637885814,"MED HIGH","R1"
30,348,4,207.385563270441,37,8,8.5011513090793,0,0.25,0.997830506874314,"MED HIGH","R1"
30,357,13,202.279738118009,37,8,8.49905172546489,0,0.25,0.996362024408327,"MED HIGH","R1"
31,362,4,184.563813879334,37,7,7.49906109506731,0,0.25,0.978415170763068,"MED HIGH","R1"
31,367,9,189.413249645958,37,7,7.49936084746958,0,0.25,0.986696274014502,"MED HIGH","R1"
31,369,11,184.862460875989,37,7,7.50140453585767,0,0.25,0.97904634142452,"MED HIGH","R1"
33,382,1,158.845453985417,37,5,5.49982129475995,0,0.25,0.769004238378406,"MED HIGH","R1"
33,383,2,174.637327963143,37,5,5.49989954221812,0,0.25,0.943003688884804,"MED HIGH","R1"
33,384,3,183.685004395759,37,5,5.49930622422301,0,0.25,0.976448114986544,"MED HIGH","R1"
33,386,5,167.925042147435,37,5,5.50105822429332,0,0.25,0.893268350199209,"MED HIGH","R1"
33,388,7,169.982696402446,37,5,5.50047964355092,0,0.25,0.911612772319075,"MED HIGH","R1"
33,393,12,225.686396249094,37,5,5.49950798394794,0,0.25,0.999661015446331,"MED HIGH","R1"
33,394,13,172.065275694108,37,5,5.50060211237827,0,0.25,0.927232644732061,"MED HIGH","R1"
34,397,3,176.632901366962,37,4,4.50060348411235,0,0.25,0.952965573231626,"MED HIGH","R1"
34,398,4,172.665574462236,37,4,4.49943095210595,0,0.25,0.931239485962469,"MED HIGH","R1"
34,399,5,164.577399044042,37,4,4.49965035205544,0,0.25,0.856273190849745,"MED HIGH","R1"
34,402,8,173.17144678643,37,4,4.49993240303615,0,0.25,0.934456390422557,"MED HIGH","R1"
35,405,1,164.738560091884,37,3,3.4989698211579,0,0.25,0.858275267384292,"MED HIGH","R1"
35,410,6,145.966159461988,37,3,3.50068319787206,0,0.25,0.473781996596389,"MED HIGH","R1"
36,422,7,131.14047911897,37,2,2.5002369371428,0,0.25,0.166553230071822,"MED HIGH","R1"
25,291,6,269.724503960033,38,14,14.500770835632,0,0.25,0.999996123255005,"MED HIGH","R1"
29,339,9,175.524713665963,38,10,10.5006049229834,0,0.25,0.947657377862058,"MED HIGH","R1"
30,357,13,206.974887572764,38,9,9.50009519477444,0,0.25,0.997738342234918,"MED HIGH","R1"
31,362,4,189.644201205994,38,8,8.50056635549122,0,0.25,0.987000596623192,"MED HIGH","R1"
33,382,1,166.278693847028,38,6,6.49775533349077,0,0.25,0.876252559665549,"MED HIGH","R1"
33,383,2,184.18946327258,38,6,6.50086330582506,0,0.25,0.977597701337463,"MED HIGH","R1"
33,384,3,194.56483207746,38,6,6.50093225364754,0,0.25,0.992071808480456,"MED HIGH","R1"
33,386,5,176.545334180192,38,6,6.49963367148218,0,0.25,0.952565454662671,"MED HIGH","R1"
33,388,7,178.883781957649,38,6,6.50141219959023,0,0.25,0.962211745913821,"MED HIGH","R1"
33,393,12,243.758357525944,38,6,6.49910995651363,0,0.25,0.999945872074249,"MED HIGH","R1"
33,394,13,181.254943240212,38,6,6.49711875994082,0,0.25,0.97005486813516,"MED HIGH","R1"
34,398,4,187.138765930393,38,5,5.50204480658195,0,0.25,0.983298010240954,"MED HIGH","R1"
34,399,5,177.443760957302,38,5,5.49843873596503,0,0.25,0.956521115720244,"MED HIGH","R1"
34,402,8,187.74802048722,38,5,5.49958470673659,0,0.25,0.984284127949537,"MED HIGH","R1"
35,405,1,186.113749672643,38,4,4.49900511859565,0,0.25,0.981500013768674,"MED HIGH","R1"
35,407,3,158.457312082154,38,4,4.50034215145409,0,0.25,0.761929674961561,"MED HIGH","R1"
35,410,6,162.070345364486,38,4,4.50002335866218,0,0.25,0.822025042987194,"MED HIGH","R1"
36,420,5,143.022994805306,38,3,3.49827576514387,0,0.25,0.400400941520885,"MED HIGH","R1"
36,421,6,155.973105106629,38,3,3.50048172708352,0,0.25,0.713217166721007,"MED HIGH","R1"
36,422,7,154.489519167337,38,3,3.4985947726868,0,0.25,0.68144680100009,"MED HIGH","R1"
37,439,13,127.653115092225,38,2,2.49999486149762,0,0.25,0.122998640181262,"MED HIGH","R1"
29,339,9,177.031766636019,39,11,11.5015169916964,0,0.25,0.954747833085386,"MED HIGH","R1"
30,357,13,210.614033420839,39,10,10.5003203324218,0,0.25,0.998435907416654,"MED HIGH","R1"
31,362,4,193.508596073231,39,9,9.50116715254557,0,0.25,0.991182221133081,"MED HIGH","R1"
33,382,1,171.806365599893,39,7,7.50022158623568,0,0.25,0.925438907976612,"MED HIGH","R1"
33,384,3,203.085330291836,39,7,7.49863808139686,0,0.25,0.996646785489259,"MED HIGH","R1"
33,386,5,183.085959293905,39,7,7.49933134597374,0,0.25,0.975008082323842,"MED HIGH","R1"
33,388,7,185.666929630046,39,7,7.50015067211544,0,0.25,0.980658008735696,"MED HIGH","R1"
33,393,12,258.925592713348,39,7,7.50103078714679,0,0.25,0.99998839510143,"MED HIGH","R1"
34,398,4,198.546775639363,39,6,6.49904550543168,0,0.25,0.994694368607649,"MED HIGH","R1"
34,399,5,187.398989936987,39,6,6.50070611499403,0,0.25,0.983726430325297,"MED HIGH","R1"
36,420,5,158.362632659155,39,4,4.50072591993365,0,0.25,0.76018155243716,"MED HIGH","R1"
36,421,6,174.803267536831,39,4,4.49977246153517,0,0.25,0.943902513607523,"MED HIGH","R1"
36,422,7,172.90333681062,39,4,4.49946259333287,0,0.25,0.932769267698004,"MED HIGH","R1"
36,423,8,153.140252032237,39,4,4.50071870679561,0,0.25,0.650999244331402,"MED HIGH","R1"
36,424,9,179.117450740379,39,4,4.49762516175774,0,0.25,0.963064995448245,"MED HIGH","R1"
37,427,1,152.221598757025,39,3,3.50051856671113,0,0.25,0.629520741607017,"MED HIGH","R1"
37,434,8,146.903598656133,39,3,3.49997818466317,0,0.25,0.497553055099609,"MED HIGH","R1"
37,436,10,160.929393889419,39,3,3.49905875677726,0,0.25,0.804440841401776,"MED HIGH","R1"
37,438,12,157.542887372255,39,3,3.49921777010625,0,0.25,0.744681425341756,"MED HIGH","R1"
29,339,9,178.142124001207,40,12,12.5024318601692,0.426299235672327,0.25,0.959376384905925,"MED HIGH","R1"
30,357,13,213.434685379032,40,11,11.500086987751,0.426299235672327,0.25,0.998824953273774,"MED HIGH","R1"
31,362,4,196.448046695738,40,10,10.4998039522783,0.426299235672327,0.25,0.993442571961248,"MED HIGH","R1"
33,382,1,175.916976259078,40,8,8.49866306380176,0.426299235672327,0.25,0.949598071838235,"MED HIGH","R1"
33,384,3,209.758128055287,40,8,8.49993857615197,0.426299235672327,0.25,0.998294145853849,"MED HIGH","R1"
33,386,5,188.048642311552,40,8,8.50151496640594,0.426299235672327,0.25,0.984749369150623,"MED HIGH","R1"
33,388,7,190.836084792097,40,8,8.49960556858578,0.426299235672327,0.25,0.988465166625954,"MED HIGH","R1"
33,393,12,271.65498161065,40,8,8.49926755547088,0.426299235672327,0.25,0.999996813285066,"MED HIGH","R1"
34,398,4,207.538758216689,40,7,7.49814817771659,0.426299235672327,0.25,0.99786391910053,"MED HIGH","R1"
34,399,5,195.101756632505,40,7,7.50170452134909,0.426299235672327,0.25,0.992489286613496,"MED HIGH","R1"
36,421,6,189.715619833052,40,5,5.50065136625733,0.426299235672327,0.25,0.98709330607983,"MED HIGH","R1"
36,422,7,187.425076440932,40,5,5.50169738379151,0.426299235672327,0.25,0.983768777192616,"MED HIGH","R1"
36,424,9,194.934292888216,40,5,5.50091028967503,0.426299235672327,0.25,0.992361473967154,"MED HIGH","R1"
38,449,9,153.961814292754,40,3,3.50085693279228,0.426299235672327,0.25,0.669704655385372,"MED HIGH","R1"
39,458,6,126.810334636493,40,2,2.49861485317761,0.426299235672327,0.25,0.114062006385678,"MED HIGH","R1"
30,357,13,215.620933966312,41,12,12.499788090449,0.474204726947464,0.25,0.999058643320195,"MED HIGH","R1"
31,362,4,198.683938797606,41,11,11.5004307894756,0.474204726947464,0.25,0.994767361411555,"MED HIGH","R1"
33,382,1,178.973800315726,41,9,9.50075398614174,0.474204726947464,0.25,0.962542670702362,"MED HIGH","R1"
33,386,5,191.814065693182,41,9,9.50106003964801,0.474204726947464,0.25,0.98954410791079,"MED HIGH","R1"
33,388,7,194.775283285165,41,9,9.50035391857843,0.474204726947464,0.25,0.99223811694968,"MED HIGH","R1"
36,421,6,201.525302932225,41,6,6.4998647744617,0.474204726947464,0.25,0.996073543389098,"MED HIGH","R1"
38,443,3,147.549696190907,41,4,4.50169840785258,0.474204726947464,0.25,0.513949369634514,"MED HIGH","R1"
38,445,5,163.097057557847,41,4,4.50094172790049,0.474204726947464,0.25,0.836767753085297,"MED HIGH","R1"
38,449,9,172.228556334008,41,4,4.50088390006924,0.474204726947464,0.25,0.928343326165233,"MED HIGH","R1"
39,453,1,137.183363744632,41,3,3.49828232224178,0.474204726947464,0.25,0.269589469358743,"MED HIGH","R1"
39,455,3,145.582831647165,41,3,3.49756748018984,0.474204726947464,0.25,0.464089816914595,"MED HIGH","R1"
39,456,4,152.094641859438,41,3,3.49853394315568,0.474204726947464,0.25,0.626509438555183,"MED HIGH","R1"
39,457,5,138.035105867184,41,3,3.49986008365809,0.474204726947464,0.25,0.286953383130679,"MED HIGH","R1"
40,470,5,126.947052305201,41,2,2.49881440827736,0.474204726947464,0.25,0.115472267177408,"MED HIGH","R1"
40,471,6,123.052589995215,41,2,2.49933678490782,0.474204726947464,0.25,0.0808066298660211,"MED HIGH","R1"
31,362,4,200.384669353486,42,12,12.4986127319201,0.408741953243456,0.25,0.995593562040004,"MED HIGH","R1"
38,442,2,175.704576431839,42,5,5.4981564972643,0.408741953243456,0.25,0.948555850229494,"MED HIGH","R1"
38,443,3,157.32346867077,42,5,5.50265828403348,0.408741953243456,0.25,0.74042262867918,"MED HIGH","R1"
38,450,10,159.410690913496,42,5,5.5000811701219,0.408741953243456,0.25,0.779041078545147,"MED HIGH","R1"
39,455,3,161.586472933507,42,4,4.49861003217902,0.408741953243456,0.25,0.814723470445656,"MED HIGH","R1"
39,457,5,152.118318923628,42,4,4.50094175635607,0.408741953243456,0.25,0.627071789451308,"MED HIGH","R1"
39,458,6,165.199181264307,42,4,4.49886896717185,0.408741953243456,0.25,0.863869315479906,"MED HIGH","R1"
39,460,8,170.145054871813,42,4,4.49982707920641,0.408741953243456,0.25,0.912932039604058,"MED HIGH","R1"
40,466,1,144.451568550526,42,3,3.50123652887539,0.408741953243456,0.25,0.435671426979865,"MED HIGH","R1"
40,470,5,148.629471076178,42,3,3.4998655264841,0.408741953243456,0.25,0.541266932481353,"MED HIGH","R1"
31,362,4,201.678329464046,43,13,13.5003393100823,0.474519265312475,0.25,0.996133843805873,"MED HIGH","R1"
38,443,3,164.566099045239,43,6,6.49965975007535,0.474519265312475,0.25,0.85613193364801,"MED HIGH","R1"
38,450,10,166.915335630949,43,6,6.4996904604711,0.474519265312475,0.25,0.883092961405961,"MED HIGH","R1"
39,460,8,184.108176626314,43,5,5.50133506366763,0.474519265312475,0.25,0.97741623783177,"MED HIGH","R1"
40,466,1,160.160172852714,43,4,4.50120588057249,0.474519265312475,0.25,0.79186164390623,"MED HIGH","R1"
40,468,3,150.096121748815,43,4,4.49941651785626,0.474519265312475,0.25,0.577948301376411,"MED HIGH","R1"
40,469,4,151.393490018202,43,4,4.49969097727386,0.474519265312475,0.25,0.609707170636574,"MED HIGH","R1"
41,488,11,138.167005542767,43,3,3.50074422629055,0.474519265312475,0.25,0.289701352738176,"MED HIGH","R1"
42,496,7,136.746177922164,43,2,2.49872773477345,0.474519265312475,0.25,0.26093877875636,"MED HIGH","R1"
38,443,3,169.933084500369,44,7,7.50109828406824,0.439026732077057,0.25,0.911206056724555,"MED HIGH","R1"
39,460,8,195.052090087542,44,6,6.50035313376933,0.439026732077057,0.25,0.992451602828357,"MED HIGH","R1"
40,466,1,172.186056559808,44,5,5.49906714629338,0.439026732077057,0.25,0.928055745792724,"MED HIGH","R1"
41,482,5,183.458023481765,44,4,4.5004368630364,0.439026732077057,0.25,0.975912263653033,"MED HIGH","R1"
42,490,1,153.137211425008,44,3,3.50116534821019,0.439026732077057,0.25,0.65092910009719,"MED HIGH","R1"
42,492,3,155.230398382862,44,3,3.49883495707809,0.439026732077057,0.25,0.697548671581598,"MED HIGH","R1"
42,495,6,155.913721013288,44,3,3.50036432466236,0.439026732077057,0.25,0.711982337242105,"MED HIGH","R1"
42,496,7,162.409913245667,44,3,3.49913321860546,0.439026732077057,0.25,0.827013168602755,"MED HIGH","R1"
43,506,5,124.744496759511,44,2,2.50141599972952,0.439026732077057,0.25,0.0945199620639024,"MED HIGH","R1"
43,507,6,131.758286789086,44,2,2.50007732356891,0.439026732077057,0.25,0.175443675933529,"MED HIGH","R1"
43,509,8,141.579423734758,44,2,2.50010978987546,0.439026732077057,0.25,0.365779961971775,"MED HIGH","R1"
43,511,10,123.773395920512,44,2,2.50086597338913,0.439026732077057,0.25,0.0864120623748943,"MED HIGH","R1"
43,512,11,126.26459058743,44,2,2.50112794858057,0.439026732077057,0.25,0.108581261152603,"MED HIGH","R1"
38,450,10,176.664223729113,45,8,8.50010048193426,0.453454031892347,0.25,0.953107913113731,"MED HIGH","R1"
39,460,8,203.629630551102,45,7,7.50081916486742,0.453454031892347,0.25,0.996826498214715,"MED HIGH","R1"
40,466,1,181.392595610282,45,6,6.50037433981122,0.453454031892347,0.25,0.970458197612916,"MED HIGH","R1"
42,490,1,171.175200776798,45,4,4.5018838856607,0.453454031892347,0.25,0.920894686643851,"MED HIGH","R1"
42,491,2,155.480350878984,45,4,4.50119933012328,0.453454031892347,0.25,0.702875846874582,"MED HIGH","R1"
42,494,5,154.64182810058,45,4,4.50084061493339,0.453454031892347,0.25,0.684794283643768,"MED HIGH","R1"
42,495,6,174.727137405653,45,4,4.49967574389076,0.453454031892347,0.25,0.943491815940115,"MED HIGH","R1"
42,496,7,183.094888562773,45,4,4.50024278444346,0.453454031892347,0.25,0.975030164468012,"MED HIGH","R1"
42,498,9,148.737220895165,45,4,4.4994215004039,0.453454031892347,0.25,0.543982072924333,"MED HIGH","R1"
42,500,11,164.954822981037,45,4,4.50130294049887,0.453454031892347,0.25,0.860925221243195,"MED HIGH","R1"
43,507,6,155.357586082434,45,3,3.499806310591,0.453454031892347,0.25,0.70026615658955,"MED HIGH","R1"
43,509,8,169.317438969687,45,3,3.49985298368338,0.453454031892347,0.25,0.906016872943887,"MED HIGH","R1"
45,533,10,98.0176800142462,45,1,1.49960930918825,0.453454031892347,0.25,0.00687277067109635,"MED HIGH","R1"
38,450,10,179.76244156786,46,9,9.49872173476965,0.40551545576853,0.25,0.965325092212392,"MED HIGH","R1"
39,460,8,210.352472491024,46,8,8.4990724715201,0.40551545576853,0.25,0.998393881100734,"MED HIGH","R1"
40,466,1,188.440756340283,46,7,7.50059556368178,0.40551545576853,0.25,0.985335875343317,"MED HIGH","R1"
42,490,1,185.345774868617,46,5,5.49922089444081,0.40551545576853,0.25,0.980029720038899,"MED HIGH","R1"
42,494,5,165.65510228025,46,5,5.49980920591005,0.40551545576853,0.25,0.869221952012654,"MED HIGH","R1"
42,496,7,199.76698241333,46,5,5.49984396014807,0.40551545576853,0.25,0.995309699238284,"MED HIGH","R1"
42,500,11,177.894221003927,46,5,5.5004787486015,0.40551545576853,0.25,0.958383996779329,"MED HIGH","R1"
43,508,7,149.470026581329,46,4,4.49858999486698,0.40551545576853,0.25,0.562370364795765,"MED HIGH","R1"
43,511,10,159.883528115403,46,4,4.50128247921972,0.40551545576853,0.25,0.787194248433822,"MED HIGH","R1"
39,460,8,215.621652384861,47,9,9.50193212896026,0.403757663112901,0.25,0.9990587119182,"MED HIGH","R1"
44,515,3,180.499190527019,47,4,4.50112218869475,0.403757663112901,0.25,0.967743655942669,"MED HIGH","R1"
44,517,5,154.358057538312,47,4,4.49935224530795,0.403757663112901,0.25,0.678542349558425,"MED HIGH","R1"
45,527,4,146.395265029087,47,3,3.50031982106639,0.403757663112901,0.25,0.484654775628598,"MED HIGH","R1"
45,528,5,145.611175834583,47,3,3.49867377283602,0.403757663112901,0.25,0.464805642479087,"MED HIGH","R1"
45,531,8,155.681546460871,47,3,3.49911860276255,0.403757663112901,0.25,0.707124276227691,"MED HIGH","R1"
46,538,4,126.17166912721,47,2,2.50159693004137,0.403757663112901,0.25,0.107671445958279,"MED HIGH","R1"
46,540,6,127.583506403405,47,2,2.49986433338736,0.403757663112901,0.25,0.122238294363143,"MED HIGH","R1"
46,543,9,134.007714406264,47,2,2.50078055472479,0.403757663112901,0.25,0.210961800213108,"MED HIGH","R1"
46,544,10,124.23377461925,47,2,2.50009511895478,0.403757663112901,0.25,0.0901742642424139,"MED HIGH","R1"
43,508,7,167.097624718583,48,6,6.50010029292066,0.427801098194743,0.25,0.884990241969972,"MED HIGH","R1"
45,531,8,174.429555336625,48,4,4.49992152837502,0.427801098194743,0.25,0.941859192212116,"MED HIGH","R1"
45,532,9,165.760401568252,48,4,4.49782204973558,0.427801098194743,0.25,0.870432495586983,"MED HIGH","R1"
45,533,10,162.678609213532,48,4,4.4998386684316,0.427801098194743,0.25,0.830881352975864,"MED HIGH","R1"
45,534,11,154.658729992455,48,4,4.49951410161294,0.427801098194743,0.25,0.685164585834402,"MED HIGH","R1"
46,540,6,149.515265275618,48,3,3.49964760931207,0.427801098194743,0.25,0.563500469312071,"MED HIGH","R1"
46,543,9,158.528371642197,48,3,3.50112244961195,0.427801098194743,0.25,0.763235922244887,"MED HIGH","R1"
46,544,10,144.867823573663,48,3,3.49973354543925,0.427801098194743,0.25,0.446089147316407,"MED HIGH","R1"
45,531,8,189.26470060255,49,5,5.50031546737908,0.420595446345256,0.25,0.986496829244322,"MED HIGH","R1"
46,540,6,166.564031763311,49,4,4.50082757760953,0.420595446345256,0.25,0.879359916603991,"MED HIGH","R1"
47,546,1,150.574071710833,49,3,3.50011578291141,0.420595446345256,0.25,0.589738389917671,"MED HIGH","R1"
47,547,2,159.122115851419,49,3,3.49800370771574,0.420595446345256,0.25,0.773956332772331,"MED HIGH","R1"
47,549,4,152.780295617278,49,3,3.50011516196789,0.420595446345256,0.25,0.642650598033126,"MED HIGH","R1"
47,553,8,156.606097387077,49,3,3.50121809390688,0.420595446345256,0.25,0.726180587564169,"MED HIGH","R1"
47,554,9,157.715491121728,49,3,3.5013794316927,0.420595446345256,0.25,0.747999134973324,"MED HIGH","R1"
47,555,10,146.690544525893,49,3,3.50023806371622,0.420595446345256,0.25,0.492145708547615,"MED HIGH","R1"
46,537,3,159.474950698429,50,5,5.49912538203734,1.3399208330459,0.25,0.780162126620046,"MED HIGH","R1"
46,540,6,179.816978799866,50,5,5.49902166925792,1.3399208330459,0.25,0.965509962821965,"MED HIGH","R1"
46,544,10,172.808996599501,50,5,5.49913096195557,1.3399208330459,0.25,0.932166091534195,"MED HIGH","R1"
47,546,1,167.909391359626,50,4,4.49921641487432,1.3399208330459,0.25,0.893116754343415,"MED HIGH","R1"
47,547,2,178.849898324892,50,4,4.49965732681427,1.3399208330459,0.25,0.962086456978876,"MED HIGH","R1"
47,549,4,170.719678729327,50,4,4.50038925826632,1.3399208330459,0.25,0.917459200537522,"MED HIGH","R1"
47,553,8,175.615178736374,50,4,4.50025568622302,1.3399208330459,0.25,0.948111118002058,"MED HIGH","R1"
48,562,7,147.97166506174,50,3,3.50135156106511,1.3399208330459,0.25,0.524643881432199,"MED HIGH","R1"
46,540,6,190.11922590264,51,6,6.50036221537933,1.38851881250804,0.25,0.987605096880094,"MED HIGH","R1"
47,553,8,190.695898055753,51,5,5.50054744141563,1.38851881250804,0.25,0.988301746024969,"MED HIGH","R1"
48,559,4,165.536546311501,51,4,4.5007186367803,1.38851881250804,0.25,0.86784752163863,"MED HIGH","R1"
48,562,7,164.606583065059,51,4,4.49893719099729,1.38851881250804,0.25,0.856637475832743,"MED HIGH","R1"
49,569,4,142.64380022299,51,3,3.50222700103521,1.38851881250804,0.25,0.3911941753703,"MED HIGH","R1"
49,570,5,142.845639047529,51,3,3.50170255186522,1.38851881250804,0.25,0.396085592224041,"MED HIGH","R1"
49,573,8,143.681916994048,51,3,3.50070404871312,1.38851881250804,0.25,0.416564435412337,"MED HIGH","R1"
49,574,9,143.746365568771,51,3,3.49892586483878,1.38851881250804,0.25,0.418155649414919,"MED HIGH","R1"
50,585,8,127.373099881461,51,2,2.50026262805511,1.38851881250804,0.25,0.119964555791597,"MED HIGH","R1"
50,578,1,139.994389912962,52,3,3.50007890405876,1.35952294449841,0.25,0.329312478375718,"MED HIGH","R1"
50,583,6,154.932190724055,52,3,3.49970997438891,1.35952294449841,0.25,0.691122897583805,"MED HIGH","R1"
51,597,10,119.757314879393,52,2,2.50038771864822,1.35952294449841,0.25,0.0591885509475198,"MED HIGH","R1"
50,578,1,154.565210335127,53,4,4.50006945963702,1.3702592663709,0.25,0.683112729603261,"MED HIGH","R1"
50,583,6,173.469796260207,53,4,4.50157476046742,1.3702592663709,0.25,0.936287473953927,"MED HIGH","R1"
51,588,1,156.142010565789,54,4,4.49753057980061,1.33332359965756,0.25,0.71671200804126,"MED HIGH","R1"
51,592,5,152.830086413022,54,4,4.49835009038236,1.33332359965756,0.25,0.643810730548981,"MED HIGH","R1"
51,596,9,171.781078299155,54,4,4.50054291967857,1.33332359965756,0.25,0.925261553787305,"MED HIGH","R1"
53,619,10,132.445525666598,54,2,2.50032494745072,1.33332359965756,0.25,0.185767448832078,"MED HIGH","R1"
53,620,11,128.918832989181,54,2,2.4991952081316,1.33332359965756,0.25,0.137545942253509,"MED HIGH","R1"
51,592,5,163.520056717827,55,5,5.49872612988995,1.37753192008314,0.25,0.842549415360135,"MED HIGH","R1"
52,606,9,160.276702703038,55,4,4.49879103427525,1.37753192008314,0.25,0.793804949118668,"MED HIGH","R1"
53,611,2,134.411214111638,55,3,3.50074004082651,1.37753192008314,0.25,0.217861997599885,"MED HIGH","R1"
53,616,7,145.085272970376,55,3,3.49906931367548,1.37753192008314,0.25,0.451550797314827,"MED HIGH","R1"
53,618,9,142.460329491013,55,3,3.50169395356573,1.37753192008314,0.25,0.386766756243442,"MED HIGH","R1"
54,628,7,126.669997277707,55,2,2.49858688640731,1.37753192008314,0.25,0.112630038829689,"MED HIGH","R1"
51,592,5,171.553811711859,56,6,6.50074898925607,1.33363560420854,0.25,0.923650121737208,"MED HIGH","R1"
53,610,1,159.745980158535,56,4,4.50093950343328,1.33363560420854,0.25,0.784845360614139,"MED HIGH","R1"
53,613,4,153.586947740505,56,4,4.50100899372193,1.33363560420854,0.25,0.66123182470276,"MED HIGH","R1"
53,616,7,160.958838740154,56,4,4.49915117598733,1.33363560420854,0.25,0.804910725522982,"MED HIGH","R1"
54,624,3,151.413282713967,56,3,3.49947478278431,1.33363560420854,0.25,0.610185278075783,"MED HIGH","R1"
54,625,4,148.252121393561,56,3,3.50077295072501,1.33363560420854,0.25,0.531739978215583,"MED HIGH","R1"
54,627,6,148.317422034543,56,3,3.50155740871848,1.33363560420854,0.25,0.53339047782248,"MED HIGH","R1"
53,616,7,173.134727449011,57,5,5.50090275102252,1.38901583201348,0.25,0.934227676658796,"MED HIGH","R1"
54,623,2,163.764066682001,57,4,4.50148926231394,1.38901583201348,0.25,0.845808229626333,"MED HIGH","R1"
54,627,6,165.04463573179,57,4,4.49964186067444,1.38901583201348,0.25,0.862013465406254,"MED HIGH","R1"
54,628,7,164.951951322297,57,4,4.49960679988368,1.38901583201348,0.25,0.860890307460944,"MED HIGH","R1"
54,623,2,176.473691136794,58,5,5.49905599292235,1.37138746826509,0.25,0.952235694421723,"MED HIGH","R1"
54,627,6,178.001441839514,58,5,5.49776182215698,1.37138746826509,0.25,0.958816030453532,"MED HIGH","R1"
55,631,1,157.700585145814,58,4,4.49947404865973,1.37138746826509,0.25,0.747713750030935,"MED HIGH","R1"
55,634,4,162.909811443989,58,4,4.50133572186853,1.37138746826509,0.25,0.834154360819554,"MED HIGH","R1"
55,631,1,169.269976983057,59,5,5.49901166880918,1.36996114181117,0.25,0.905605736129938,"MED HIGH","R1"
55,634,4,175.45577327967,59,5,5.50026627669876,1.36996114181117,0.25,0.947309083617473,"MED HIGH","R1"
56,643,4,156.121534662747,59,4,4.49904462097747,1.36996114181117,0.25,0.716289712957886,"MED HIGH","R1"
57,652,5,149.915761843234,59,3,3.49893683986321,1.36996114181117,0.25,0.573475213676943,"MED HIGH","R1"
57,653,6,161.756992786026,60,4,4.50069920042594,1.34432135236805,0.25,0.817322668373714,"MED HIGH","R1"
58,660,5,139.931668981563,60,3,3.50084557718278,1.34432135236805,0.25,0.327907491728254,"MED HIGH","R1"
58,663,8,133.463373755356,60,3,3.49873006942477,1.34432135236805,0.25,0.201908945930306,"MED HIGH","R1"
59,666,1,135.17673272862,60,2,2.49857079227054,1.34432135236805,0.25,0.231396160968043,"MED HIGH","R1"
59,670,5,133.926869404475,60,2,2.49930169532981,1.34432135236805,0.25,0.209598699341427,"MED HIGH","R1"
59,676,11,136.050750649134,60,2,2.50105797624707,1.34432135236805,0.25,0.247553471518268,"MED HIGH","R1"
60,685,8,99.8949857635366,60,1,1.50218544795472,1.34432135236805,0.25,0.00830396000452231,"MED HIGH","R1"
58,660,5,154.486760867803,61,4,4.49970556188829,1.35641655403026,0.25,0.681386004023712,"MED HIGH","R1"
58,663,8,146.438918947997,61,4,4.50065951939391,1.35641655403026,0.25,0.485761876973842,"MED HIGH","R1"
59,676,11,161.421985941807,61,3,3.50021404916144,1.35641655403026,0.25,0.812189244518606,"MED HIGH","R1"
61,694,6,99.8398012032688,61,1,1.49972837052621,1.35641655403026,0.25,0.00825794600190352,"MED HIGH","R1"
58,663,8,156.02494086269,62,5,5.50019010586191,1.34756599323235,0.25,0.714292444965992,"MED HIGH","R1"
59,674,9,161.174791199238,62,4,4.4992935863541,1.34756599323235,0.25,0.80833077757482,"MED HIGH","R1"
60,681,4,142.954590591502,62,3,3.49910127445102,1.34756599323235,0.25,0.398734686814396,"MED HIGH","R1"
60,686,9,161.192546676574,62,3,3.50037883649178,1.34756599323235,0.25,0.808609927141427,"MED HIGH","R1"
61,692,4,131.262580550439,62,2,2.49991296864987,1.34756599323235,0.25,0.168281253695472,"MED HIGH","R1"
61,698,10,120.949658037407,62,2,2.50170209611313,1.34756599323235,0.25,0.0663007495228992,"MED HIGH","R1"
60,684,7,164.689599875904,63,4,4.49890294053766,1.37345846740305,0.25,0.857669517411773,"MED HIGH","R1"
60,686,9,181.52073254972,63,4,4.5002684276857,1.37345846740305,0.25,0.970828909543386,"MED HIGH","R1"
61,690,2,155.030939916359,63,3,3.49909925975504,1.37345846740305,0.25,0.693259108154907,"MED HIGH","R1"
61,692,4,154.660985306794,63,3,3.50000219572046,1.37345846740305,0.25,0.685213979551622,"MED HIGH","R1"
61,694,6,150.587955894031,63,3,3.50132140843707,1.37345846740305,0.25,0.590079418019301,"MED HIGH","R1"
61,695,7,141.271962340506,63,3,3.50009504285331,1.37345846740305,0.25,0.358568820485639,"MED HIGH","R1"
62,706,7,129.04947529196,63,2,2.50066847751746,1.37345846740305,0.25,0.139127040124359,"MED HIGH","R1"
61,690,2,173.596210699288,64,4,4.50079147942139,1.37129960916903,0.25,0.937048858687243,"MED HIGH","R1"
61,694,6,167.927047582363,64,4,4.49985171504527,1.37129960916903,0.25,0.893287761450305,"MED HIGH","R1"
61,695,7,156.164869756788,64,4,4.4988590550809,1.37129960916903,0.25,0.717183006714216,"MED HIGH","R1"
62,702,3,153.267794157455,64,3,3.49958049171936,1.37129960916903,0.25,0.653935613256043,"MED HIGH","R1"
62,706,7,151.560474009035,64,3,3.49913508671301,1.37129960916903,0.25,0.613734098482264,"MED HIGH","R1"
63,712,4,119.849798483352,64,2,2.50098898257279,1.37129960916903,0.25,0.0597136095633052,"MED HIGH","R1"
63,714,6,135.684696162909,64,2,2.49953761957845,1.37129960916903,0.25,0.24069559512715,"MED HIGH","R1"
63,715,7,125.109272777214,64,2,2.50059749719507,1.37129960916903,0.25,0.0977377275342132,"MED HIGH","R1"
61,690,2,188.259851063694,65,5,5.50053949002328,1.37938356877217,0.25,0.985068098632239,"MED HIGH","R1"
61,694,6,181.448287139504,65,5,5.49860524949044,1.37938356877217,0.25,0.97061987623301,"MED HIGH","R1"
61,696,8,165.822448860566,65,5,5.50012051434538,1.37938356877217,0.25,0.871141330074006,"MED HIGH","R1"
62,706,7,169.164707437712,65,4,4.50185157059617,1.37938356877217,0.25,0.904688090966095,"MED HIGH","R1"
62,708,9,145.462983884041,65,4,4.49930820298232,1.37938356877217,0.25,0.461064760677369,"MED HIGH","R1"
63,710,2,153.664009100819,65,3,3.49929012900287,1.37938356877217,0.25,0.662982267198571,"MED HIGH","R1"
64,719,3,139.911798730976,65,2,2.4988825299584,1.37938356877217,0.25,0.327463026906438,"MED HIGH","R1"
62,706,7,182.93171255847,66,5,5.49826705332813,1.36907561772202,0.25,0.97462361251507,"MED HIGH","R1"
64,719,3,166.925974587701,66,3,3.50044476562528,1.36907561772202,0.25,0.883204434733026,"MED HIGH","R1"
64,722,6,142.806267844861,66,3,3.500072694525,1.36907561772202,0.25,0.395129792866486,"MED HIGH","R1"
65,734,8,123.283695724386,66,2,2.50047548809541,1.36907561772202,0.25,0.0825667487586932,"MED HIGH","R1"
64,718,2,158.349322904293,67,4,4.50039861855928,1.37824642469988,0.25,0.759935103363416,"MED HIGH","R1"
64,719,3,188.958710948619,67,4,4.49985366531216,1.37824642469988,0.25,0.986076662661591,"MED HIGH","R1"
64,723,7,170.270783475317,67,4,4.50004829203595,1.37824642469988,0.25,0.913941400148792,"MED HIGH","R1"
64,724,8,160.544411446976,67,4,4.50031487874718,1.37824642469988,0.25,0.798218398550522,"MED HIGH","R1"
64,725,9,169.61408511387,67,4,4.50302161123188,1.37824642469988,0.25,0.90855035760818,"MED HIGH","R1"
65,734,8,143.556262552755,67,3,3.50039630613673,1.37824642469988,0.25,0.413467090573623,"MED HIGH","R1"
65,735,9,151.735759947894,67,3,3.49872754399928,1.37824642469988,0.25,0.617944549664149,"MED HIGH","R1"
66,738,1,127.221279336595,67,2,2.50025093005298,1.37824642469988,0.25,0.118346688333981,"MED HIGH","R1"
66,741,4,137.255790123087,67,2,2.50031796333166,1.37824642469988,0.25,0.271039929475359,"MED HIGH","R1"
65,734,8,159.033158464412,68,4,4.50119167766279,1.33002772656795,0.25,0.772372284667976,"MED HIGH","R1"
66,738,1,149.010971480128,68,3,3.50171492369606,1.33002772656795,0.25,0.550868082340624,"MED HIGH","R1"
66,742,5,156.336553724347,68,3,3.50092577266623,1.33002772656795,0.25,0.720705237274115,"MED HIGH","R1"
66,744,7,152.125006629175,68,3,3.49860615640005,1.33002772656795,0.25,0.627230566131282,"MED HIGH","R1"
67,752,6,133.96880533822,68,2,2.4993169016032,1.33002772656795,0.25,0.210304957995064,"MED HIGH","R1"
65,734,8,170.848845599062,69,5,5.5002668514306,1.33555823991038,0.25,0.918446920286761,"MED HIGH","R1"
66,744,7,169.883990117485,69,4,4.50059886866809,1.33555823991038,0.25,0.910801921687325,"MED HIGH","R1"
67,752,6,158.473390341855,69,3,3.50103834577569,1.33555823991038,0.25,0.762225665614017,"MED HIGH","R1"
67,753,7,145.954015008794,69,3,3.50077609992158,1.33555823991038,0.25,0.473474590350426,"MED HIGH","R1"
68,757,1,116.023387859268,69,2,2.49896096584502,1.33555823991038,0.25,0.0412836343703791,"MED HIGH","R1"
67,752,6,178.014715141886,70,4,4.50104532932248,1.36173352873433,0.25,0.958869214149829,"MED HIGH","R1"
69,771,5,123.409731063235,70,2,2.49991189128188,1.36173352873433,0.25,0.0835412821148245,"MED HIGH","R1"
68,761,5,144.273578367572,71,4,4.49929938273948,1.37791693365497,0.25,0.431233549226998,"MED HIGH","R1"
69,767,1,138.230700302834,71,3,3.50057928801723,1.37791693365497,0.25,0.291033920529313,"MED HIGH","R1"
69,771,5,143.730083165222,71,3,3.5003061027193,1.37791693365497,0.25,0.417753480028635,"MED HIGH","R1"
70,780,5,165.768665067275,72,3,3.4999744186571,1.330163606401,0.25,0.870527089839198,"MED HIGH","R1"
70,783,8,146.091664065682,72,3,3.50016644865789,1.330163606401,0.25,0.476959951372044,"MED HIGH","R1"
70,785,10,143.375433506912,72,3,3.50001658248182,1.330163606401,0.25,0.409021755844281,"MED HIGH","R1"
71,788,3,126.249100512244,72,2,2.5004890051126,1.330163606401,0.25,0.108429126773075,"MED HIGH","R1"
71,792,7,125.743746149748,72,2,2.50090011217941,1.330163606401,0.25,0.103567630905287,"MED HIGH","R1"
70,781,6,159.342195310283,73,4,4.50005503562187,1.37961900737799,0.25,0.777841631688436,"MED HIGH","R1"
70,785,10,158.805722633026,73,4,4.49875037502122,1.37961900737799,0.25,0.768286871035547,"MED HIGH","R1"
71,791,6,136.701724864817,73,3,3.50112136856773,1.37961900737799,0.25,0.260069305644604,"MED HIGH","R1"
71,795,10,137.738512200528,73,3,3.49932610675534,1.37961900737799,0.25,0.280831490427893,"MED HIGH","R1"
71,795,10,151.748583642018,74,4,4.50066775569375,1.33486804733891,0.25,0.61825189517034,"MED HIGH","R1"
72,797,2,147.258108674572,74,3,3.50122179201782,1.33486804733891,0.25,0.506551221985931,"MED HIGH","R1"
72,802,7,150.336161813869,74,3,3.50136302687195,1.33486804733891,0.25,0.583881613832578,"MED HIGH","R1"
72,797,2,163.703289955691,75,4,4.4998452830344,1.36589725284677,0.25,0.845001735289582,"MED HIGH","R1"
73,806,3,141.378020232705,75,3,3.4986098536427,1.36589725284677,0.25,0.361049255551635,"MED HIGH","R1"
73,807,4,156.028329753642,75,3,3.5005939944428,1.36589725284677,0.25,0.714362659644325,"MED HIGH","R1"
74,811,2,132.284374310146,75,2,2.49995231556209,1.36589725284677,0.25,0.183305269052619,"MED HIGH","R1"
75,826,7,128.5987915025,76,2,2.50174350214134,1.38577192212152,0.25,0.133736409749546,"MED HIGH","R1"
76,829,1,99.9670574377562,76,1,1.50000937331677,1.38577192212152,0.25,0.00836443787361402,"MED HIGH","R1"
74,815,6,157.989594856412,77,4,4.49930237175953,1.38717474207382,0.25,0.753208774037094,"MED HIGH","R1"
74,817,8,146.53991695364,77,4,4.49953777618206,1.38717474207382,0.25,0.488323791666159,"MED HIGH","R1"
75,825,6,153.219310957413,77,3,3.50176073098956,1.38717474207382,0.25,0.652820764185255,"MED HIGH","R1"
75,827,8,151.108037637515,77,3,3.49874177219501,1.38717474207382,0.25,0.602788818009718,"MED HIGH","R1"
75,828,9,161.149581196593,77,3,3.49935770530397,1.38717474207382,0.25,0.807933895397378,"MED HIGH","R1"
76,834,6,126.267913840793,77,2,2.50104762107786,1.38717474207382,0.25,0.108613924599429,"MED HIGH","R1"
77,839,3,132.597958584784,78,2,2.49854295822843,1.38926676861165,0.25,0.188119842297175,"MED HIGH","R1"
78,848,4,149.605778431798,80,3,3.49859596350281,1.35616253419699,0.25,0.56575958208148,"MED HIGH","R1"
79,859,6,122.753706227444,80,2,2.50112591552721,1.35616253419699,0.25,0.0785810763437255,"MED HIGH","R1"
80,865,3,133.091065241699,81,2,2.49954561633966,1.34084399974915,0.25,0.19588615170531,"MED HIGH","R1"
80,863,1,145.791234068735,82,3,3.50012703216541,1.35752088862799,0.25,0.46935623430551,"MED HIGH","R1"
80,867,5,146.948211478442,82,3,3.49958750377522,1.35752088862799,0.25,0.498685450084427,"MED HIGH","R1"
80,870,8,155.116682826026,82,3,3.50062174497729,1.35752088862799,0.25,0.695107258227321,"MED HIGH","R1"
80,867,5,163.311300533065,83,4,4.49912244272401,1.34205216268068,0.25,0.839717163338185,"MED HIGH","R1"
81,873,1,139.267151028126,83,3,3.4996616769283,1.34205216268068,0.25,0.313214329556067,"MED HIGH","R1"
81,874,2,156.575708061853,83,3,3.49881592651014,1.34205216268068,0.25,0.725566631443506,"MED HIGH","R1"
81,877,5,137.70095147735,83,3,3.49940259145204,1.34205216268068,0.25,0.280061914271255,"MED HIGH","R1"
82,880,2,119.316202641094,83,2,2.49933794177081,1.34205216268068,0.25,0.0567432507527999,"MED HIGH","R1"
82,881,3,155.474449194275,84,3,3.5000735739417,1.36015704214459,0.25,0.702750691378261,"MED HIGH","R1"
82,884,6,163.117664563159,84,3,3.50141150314438,1.36015704214459,0.25,0.837053330776372,"MED HIGH","R1"
81,878,6,161.66448593796,85,5,5.49983348667629,1.36348378505224,0.25,0.815916135897409,"MED HIGH","R1"
82,879,1,158.952529905817,85,4,4.49888528530081,1.36348378505224,0.25,0.770929796378051,"MED HIGH","R1"
82,881,3,174.164202143982,85,4,4.49995243377855,1.36348378505224,0.25,0.94036615568634,"MED HIGH","R1"
83,888,3,138.376985694342,85,3,3.50007896592229,1.36348378505224,0.25,0.294108010666766,"MED HIGH","R1"
82,881,3,188.944637979212,86,5,5.49829530581848,1.35620099877368,0.25,0.986057031500163,"MED HIGH","R1"
83,886,1,157.674088001605,86,4,4.50194550831669,1.35620099877368,0.25,0.747205915954795,"MED HIGH","R1"
84,892,3,139.016213147047,86,3,3.50126939261477,1.35620099877368,0.25,0.307759912333135,"MED HIGH","R1"
84,894,5,152.234407929255,86,3,3.49978491242236,1.35620099877368,0.25,0.629824009446474,"MED HIGH","R1"
85,906,7,124.549995810099,86,2,2.49925746575389,1.35620099877368,0.25,0.092843279109181,"MED HIGH","R1"
84,892,3,153.342632279667,87,4,4.49989468552493,1.34017492219882,0.25,0.655653163954867,"MED HIGH","R1"
85,900,1,146.652054521608,87,3,3.50059672229905,1.34017492219882,0.25,0.491168985431852,"MED HIGH","R1"
85,906,7,145.30500680339,87,3,3.49931417532419,1.34017492219882,0.25,0.457081701917383,"MED HIGH","R1"
84,892,3,164.123604521266,88,5,5.49969571389463,1.35571870036115,0.25,0.850509189910387,"MED HIGH","R1"
85,900,1,162.936867009812,88,4,4.50139091489322,1.35571870036115,0.25,0.834534036623893,"MED HIGH","R1"
86,913,5,158.635292887056,88,3,3.50090101148596,1.35571870036115,0.25,0.765192060843124,"MED HIGH","R1"
86,916,8,142.773820416449,88,3,3.50038024797657,1.35571870036115,0.25,0.394342681104084,"MED HIGH","R1"
86,917,9,149.120545027382,88,3,3.50121012433041,1.35571870036115,0.25,0.5536190255663,"MED HIGH","R1"
87,924,7,121.237328510506,88,2,2.50020727198329,1.35571870036115,0.25,0.0681319275289666,"MED HIGH","R1"
84,892,3,172.236543379063,89,6,6.49946641877085,1.38924741242512,0.25,0.928397253021642,"MED HIGH","R1"
85,900,1,175.487997168869,89,5,5.50072950445426,1.38924741242512,0.25,0.94747215376383,"MED HIGH","R1"
87,920,3,140.920270001735,89,3,3.50002182440061,1.38924741242512,0.25,0.350398174915476,"MED HIGH","R1"
87,921,4,146.660302750546,89,3,3.49901725548876,1.38924741242512,0.25,0.491378287232343,"MED HIGH","R1"
87,922,5,148.200177240705,89,3,3.49999824490967,1.38924741242512,0.25,0.530426571230499,"MED HIGH","R1"
87,924,7,140.741250904383,89,3,3.49913778241252,1.38924741242512,0.25,0.346272246000116,"MED HIGH","R1"
87,925,8,140.356893428894,89,3,3.50271534672311,1.38924741242512,0.25,0.337492092908168,"MED HIGH","R1"
88,930,4,134.572839658548,89,2,2.50036516554341,1.38924741242512,0.25,0.220671213230722,"MED HIGH","R1"
88,932,6,123.628832740731,89,2,2.50067927530924,1.38924741242512,0.25,0.085260332104629,"MED HIGH","R1"
85,900,1,185.161480875464,90,6,6.50028076043701,1.37509251935332,0.25,0.979660194117078,"MED HIGH","R1"
87,921,4,162.947292981264,90,4,4.50049440201792,1.37509251935332,0.25,0.834680160104605,"MED HIGH","R1"
88,928,2,143.759379770926,90,3,3.50047280819015,1.37509251935332,0.25,0.418477173718428,"MED HIGH","R1"
88,930,4,159.327469204461,90,3,3.50117410327175,1.37509251935332,0.25,0.777583151828061,"MED HIGH","R1"
88,932,6,144.032377958505,90,3,3.50107350083301,1.37509251935332,0.25,0.425237341374657,"MED HIGH","R1"
88,935,9,145.47243576375,90,3,3.49951078084423,1.37509251935332,0.25,0.461303232709593,"MED HIGH","R1"
88,932,6,159.632297015734,91,4,4.50127757380947,1.3728348163266,0.25,0.782889846994234,"MED HIGH","R1"
89,939,4,144.467285648127,91,3,3.49948026802254,1.3728348163266,0.25,0.436063812092347,"MED HIGH","R1"
89,940,5,153.597369306971,91,3,3.50082698341515,1.3728348163266,0.25,0.661468809119566,"MED HIGH","R1"
88,935,9,173.715209423953,92,5,5.49988889791091,1.37814799464736,0.25,0.937757816166549,"MED HIGH","R1"
90,944,1,168.783610504465,92,3,3.50063281007319,1.37814799464736,0.25,0.901298983176582,"MED HIGH","R1"
90,945,2,144.931846230854,92,3,3.50078309180141,1.37814799464736,0.25,0.447695905345667,"MED HIGH","R1"
90,950,7,151.059136132831,92,3,3.49991054585838,1.37814799464736,0.25,0.601599400727072,"MED HIGH","R1"
91,956,4,142.215091525682,92,2,2.49942524542813,1.37814799464736,0.25,0.380878021867006,"MED HIGH","R1"
91,959,7,134.850642110596,93,3,3.50031616541992,1.38688642021026,0.25,0.225560136899888,"MED HIGH","R1"
92,973,10,132.663542715784,93,2,2.50084536575787,1.38688642021026,0.25,0.189138975914203,"MED HIGH","R1"
91,962,10,153.153401083895,94,4,4.50072607086647,1.35364107700471,0.25,0.651302506501056,"MED HIGH","R1"
91,963,11,149.465779110694,94,4,4.50069135649301,1.35364107700471,0.25,0.562264225605348,"MED HIGH","R1"
92,970,7,161.806727974071,94,3,3.50006226821922,1.35364107700471,0.25,0.818075417487277,"MED HIGH","R1"
92,973,10,156.631716364385,94,3,3.49885342915138,1.35364107700471,0.25,0.72669750304678,"MED HIGH","R1"
92,974,11,150.924283533464,94,3,3.50144920949776,1.35364107700471,0.25,0.598313238270989,"MED HIGH","R1"
92,969,6,161.811899898543,95,4,4.50054369147186,1.34899889561251,0.25,0.818153556680221,"MED HIGH","R1"
92,970,7,182.314572279887,95,4,4.50093280605958,1.34899889561251,0.25,0.973026922764097,"MED HIGH","R1"
94,990,7,120.827143870984,95,2,2.4985659975217,1.34899889561251,0.25,0.0655348459576013,"MED HIGH","R1"
94,989,6,141.830850673242,96,3,3.49863063038473,1.35519865059583,0.25,0.37172210606775,"MED HIGH","R1"
94,990,7,140.178635770083,96,3,3.50088308052791,1.35519865059583,0.25,0.33345731042444,"MED HIGH","R1"
94,992,9,147.087055113494,96,3,3.49913038087593,1.35519865059583,0.25,0.502209713799014,"MED HIGH","R1"
94,992,9,163.486900794156,97,4,4.5015975787204,1.32579376404237,0.25,0.842102313950152,"MED HIGH","R1"
96,1004,2,118.942943437035,97,2,2.49919415621481,1.32579376404237,0.25,0.0547485708713097,"MED HIGH","R1"
94,992,9,176.143316363102,98,5,5.50012510693349,1.37378523368606,0.25,0.950686675920235,"MED HIGH","R1"
95,996,2,160.668251028916,98,4,4.50025212208034,1.37378523368606,0.25,0.800236003803598,"MED HIGH","R1"
96,1011,9,160.278700994104,98,3,3.50046348333133,1.37378523368606,0.25,0.793838156104549,"MED HIGH","R1"
96,1011,9,180.340884643487,99,4,4.49917822715644,1.3735619768944,0.25,0.967238128091568,"MED HIGH","R1"
97,1018,7,158.154727191372,99,3,3.50099156991595,1.3735619768944,0.25,0.756312131478413,"MED HIGH","R1"
98,1024,4,126.170735987577,99,2,2.5021852761576,1.3735619768944,0.25,0.107662343464537,"MED HIGH","R1"
98,1026,6,123.604391722103,99,2,2.50059523115343,1.3735619768944,0.25,0.0850669922325298,"MED HIGH","R1"
