"cohort","uni_ind","ind","fish_size","Year","Age","AgeE","FMORT","M","Sel","FSIM","REG"
1,1,1,145.941067720131,3,3,3.50023325256908,0,0.25,0.473146884498266,"LOW LOW","R1"
1,2,2,150.158235570648,3,3,3.50026974450405,0,0.25,0.579485863164741,"LOW LOW","R1"
1,4,4,132.094031819719,3,3,3.50095868600594,0,0.25,0.180429780700526,"LOW LOW","R1"
1,7,7,141.185988958797,3,3,3.50047416389793,0,0.25,0.356563644144994,"LOW LOW","R1"
2,25,12,122.496755961242,3,2,2.49935372297336,0,0.25,0.0767127374220446,"LOW LOW","R1"
1,4,4,144.746068531968,4,4,4.49977019841732,0,0.25,0.443036629693792,"LOW LOW","R1"
1,7,7,156.057119564387,4,4,4.49912900375031,0,0.25,0.714958739908025,"LOW LOW","R1"
2,14,1,153.638421126385,4,3,3.49872503062084,0,0.25,0.662401531101788,"LOW LOW","R1"
2,16,3,147.758711942701,4,3,3.50032640420481,0,0.25,0.519248939055132,"LOW LOW","R1"
2,18,5,149.936596183021,4,3,3.498997083464,0,0.25,0.573992553096718,"LOW LOW","R1"
2,22,9,145.136779785944,4,3,3.50177290773294,0,0.25,0.452846249371811,"LOW LOW","R1"
3,33,8,126.889364245937,4,2,2.50110803978879,0,0.25,0.114875367486756,"LOW LOW","R1"
3,36,11,133.304115381299,4,2,2.50068683675515,0,0.25,0.199315858783801,"LOW LOW","R1"
1,7,7,167.326108969204,5,5,5.49880153940221,0,0.25,0.887330442853846,"LOW LOW","R1"
2,14,1,171.815295052257,5,4,4.49913595934716,0,0.25,0.925501442794359,"LOW LOW","R1"
2,18,5,167.099129973148,5,4,4.49993210974281,0,0.25,0.885005796687609,"LOW LOW","R1"
2,22,9,161.023788233281,5,4,4.50003360503055,0,0.25,0.80594417082017,"LOW LOW","R1"
2,25,12,157.670567522014,5,4,4.49943488063614,0,0.25,0.747138392917135,"LOW LOW","R1"
3,27,2,143.569780292755,5,3,3.50010797699491,0,0.25,0.413799975014323,"LOW LOW","R1"
3,36,11,157.534869872734,5,3,3.49943877337904,0,0.25,0.744526621076322,"LOW LOW","R1"
4,47,9,134.834765350396,5,2,2.49856199316347,0,0.25,0.225278671955757,"LOW LOW","R1"
2,14,1,186.115479688777,6,5,5.50039876247637,0,0.25,0.981503202953569,"LOW LOW","R1"
2,22,9,173.211913870935,6,5,5.50037347681989,0,0.25,0.934707591044225,"LOW LOW","R1"
2,25,12,169.234439306335,6,5,5.49869716295105,0,0.25,0.905296838943607,"LOW LOW","R1"
3,34,9,158.352746539281,6,4,4.50101383254799,0,0.25,0.759998513390568,"LOW LOW","R1"
3,36,11,176.807855543499,6,4,4.50199033616591,0,0.25,0.953755396912488,"LOW LOW","R1"
4,39,1,138.694955756255,6,3,3.49999219310095,0,0.25,0.300854756516403,"LOW LOW","R1"
4,44,6,142.986640638166,6,3,3.49972538705051,0,0.25,0.399515102783382,"LOW LOW","R1"
4,45,7,149.428774340598,6,3,3.50007153164559,0,0.25,0.561339280703257,"LOW LOW","R1"
4,49,11,137.490289426049,6,3,3.50079835440769,0,0.25,0.275769660920255,"LOW LOW","R1"
2,16,3,187.070476721864,7,6,6.50093107544761,0,0.25,0.983183757659145,"LOW LOW","R1"
2,22,9,182.562346776643,7,6,6.50286873870267,0,0.25,0.973679386359504,"LOW LOW","R1"
2,25,12,178.032915904134,7,6,6.50048151154584,0,0.25,0.958942034419233,"LOW LOW","R1"
3,36,11,192.137463905337,7,5,5.49973228750991,0,0.25,0.98987843727864,"LOW LOW","R1"
4,39,1,152.941525775798,7,4,4.50034137745068,0,0.25,0.646401158385742,"LOW LOW","R1"
4,41,3,170.014891078163,7,4,4.49975332864547,0,0.25,0.911875801662421,"LOW LOW","R1"
4,44,6,158.316941786832,7,4,4.4995608888133,0,0.25,0.75933479765554,"LOW LOW","R1"
4,47,9,179.592198198076,7,4,4.50159424057313,0,0.25,0.964741835108269,"LOW LOW","R1"
4,48,10,169.141651725409,7,4,4.50145340578519,0,0.25,0.904486049474906,"LOW LOW","R1"
5,57,6,157.022610676732,7,3,3.50126899683035,0,0.25,0.734508647964098,"LOW LOW","R1"
5,63,12,160.45048975793,7,3,3.50134402234333,0,0.25,0.796678091599686,"LOW LOW","R1"
6,66,3,131.521780733771,7,2,2.49921709598421,0,0.25,0.17199690377062,"LOW LOW","R1"
6,67,4,126.791461686079,7,2,2.50111332827824,0,0.25,0.113868512386621,"LOW LOW","R1"
6,68,5,137.99620968997,7,2,2.4995873408397,0,0.25,0.286146008792085,"LOW LOW","R1"
2,16,3,194.736710229629,8,7,7.50062043730591,0,0.25,0.992207895931455,"LOW LOW","R1"
2,22,9,189.735770986681,8,7,7.49922931364722,0,0.25,0.987119346317442,"LOW LOW","R1"
2,25,12,184.727316524087,8,7,7.4992779415917,0,0.25,0.978762991656033,"LOW LOW","R1"
3,36,11,204.330535417022,8,6,6.49869700567954,0,0.25,0.997043845938309,"LOW LOW","R1"
4,39,1,163.651250990422,8,5,5.49998229259476,0,0.25,0.844308454733043,"LOW LOW","R1"
4,41,3,183.951900343246,8,5,5.49751014277422,0,0.25,0.977063325616358,"LOW LOW","R1"
4,47,9,195.510050754931,8,5,5.49960907395047,0,0.25,0.992792080027253,"LOW LOW","R1"
4,48,10,182.90405996597,8,5,5.49981309137313,0,0.25,0.974554080315491,"LOW LOW","R1"
5,53,2,152.930190008107,8,4,4.4991566023803,0,0.25,0.646138045817283,"LOW LOW","R1"
5,57,6,176.149838423481,8,4,4.49927667765874,0,0.25,0.950717711613536,"LOW LOW","R1"
5,63,12,180.562557652961,8,4,4.4997934535435,0,0.25,0.967943889821176,"LOW LOW","R1"
6,66,3,155.025134498345,8,3,3.50121952064388,0,0.25,0.69313374936843,"LOW LOW","R1"
6,69,6,135.912952833306,8,3,3.49993099078852,0,0.25,0.244956583104406,"LOW LOW","R1"
8,96,7,101.345209292302,8,1,1.50032160276297,0,0.25,0.00960862086992073,"LOW LOW","R1"
2,16,3,200.665012825846,9,8,8.50033149075441,0,0.25,0.995716688742827,"LOW LOW","R1"
2,22,9,195.239047189621,9,8,8.50028758188934,0,0.25,0.992592485261096,"LOW LOW","R1"
2,25,12,189.820811876639,9,8,8.50151210418095,0,0.25,0.98722867004518,"LOW LOW","R1"
3,36,11,214.028825769904,9,7,7.49826672467265,0,0.25,0.99889366558974,"LOW LOW","R1"
4,41,3,194.872126577656,9,6,6.49927640154085,0,0.25,0.992313479691748,"LOW LOW","R1"
4,44,6,178.903409117301,9,6,6.49792687124206,0,0.25,0.962284137736595,"LOW LOW","R1"
4,47,9,208.246441154004,9,6,6.50012936920149,0,0.25,0.998011723520818,"LOW LOW","R1"
4,48,10,193.666083678017,9,6,6.49956644180427,0,0.25,0.99132088292853,"LOW LOW","R1"
5,53,2,163.637904937866,9,5,5.50048529349552,0,0.25,0.844130247157137,"LOW LOW","R1"
5,57,6,191.341901481542,9,5,5.500641782724,0,0.25,0.9890362729976,"LOW LOW","R1"
5,63,12,196.687776785093,9,5,5.49955028076246,0,0.25,0.993599246047954,"LOW LOW","R1"
6,66,3,173.588778338162,9,4,4.50124254947387,0,0.25,0.937004329943296,"LOW LOW","R1"
6,69,6,149.476736127683,9,4,4.4976007630987,0,0.25,0.56253801666475,"LOW LOW","R1"
6,70,7,163.064031000011,9,4,4.49940267556886,0,0.25,0.836309221694357,"LOW LOW","R1"
6,72,9,160.848248960736,9,4,4.49985836676922,0,0.25,0.803141490551832,"LOW LOW","R1"
8,90,1,124.630404652553,9,2,2.5018557476066,0,0.25,0.0935331769297843,"LOW LOW","R1"
8,94,5,131.414969056187,9,2,2.50133310149979,0,0.25,0.170457935950272,"LOW LOW","R1"
8,95,6,128.407223572636,9,2,2.49730349896087,0,0.25,0.131499077063055,"LOW LOW","R1"
8,101,12,120.815316622741,9,2,2.49902609521614,0,0.25,0.0654613443071931,"LOW LOW","R1"
2,16,3,205.249372490435,10,9,9.50047001654587,0,0.25,0.997306448043751,"LOW LOW","R1"
2,22,9,199.46102655109,10,9,9.49974843936626,0,0.25,0.995162426955405,"LOW LOW","R1"
2,25,12,193.696243954777,10,9,9.50092305041059,0,0.25,0.991347190237242,"LOW LOW","R1"
3,36,11,221.742783297232,10,8,8.49816259130859,0,0.25,0.999494174355613,"LOW LOW","R1"
4,41,3,203.428577875242,10,7,7.50090870981164,0,0.25,0.996761262629734,"LOW LOW","R1"
4,44,6,185.688610720861,10,7,7.50055949731543,0,0.25,0.980699719197398,"LOW LOW","R1"
4,47,9,218.437240435388,10,7,7.50136112740955,0,0.25,0.99929259032289,"LOW LOW","R1"
4,48,10,202.0818458291,10,7,7.49905792716573,0,0.25,0.996288463235422,"LOW LOW","R1"
5,53,2,171.687091761954,10,6,6.50038857032481,0,0.25,0.924598968950681,"LOW LOW","R1"
5,57,6,203.408405996256,10,6,6.49806321153753,0,0.25,0.996754644127348,"LOW LOW","R1"
5,63,12,209.616466834091,10,6,6.50130468307848,0,0.25,0.998269475678013,"LOW LOW","R1"
6,70,7,175.63946607822,10,5,5.50034523886415,0,0.25,0.948232300036632,"LOW LOW","R1"
6,72,9,173.003314993935,10,5,5.4988745898945,0,0.25,0.933403056351543,"LOW LOW","R1"
7,80,3,153.374771020292,10,4,4.4995688090654,0,0.25,0.656389511357729,"LOW LOW","R1"
7,89,12,165.951908432597,10,4,4.50019825791225,0,0.25,0.872609651897746,"LOW LOW","R1"
8,90,1,145.416225417147,10,3,3.49850041971339,0,0.25,0.459885303302421,"LOW LOW","R1"
8,96,7,154.053259941591,10,3,3.50094597486725,0,0.25,0.67175518715136,"LOW LOW","R1"
8,97,8,153.243474779354,10,3,3.4983582107096,0,0.25,0.653376610680371,"LOW LOW","R1"
9,104,3,127.343724540244,10,2,2.50031756123189,0,0.25,0.119650035774609,"LOW LOW","R1"
2,25,12,196.644901556816,11,10,10.5034161484054,0,0.25,0.993571500909379,"LOW LOW","R1"
3,36,11,227.878415307437,11,9,9.49834603512868,0,0.25,0.999728635950851,"LOW LOW","R1"
4,47,9,226.591229653638,11,8,8.49925379767967,0,0.25,0.999690761009696,"LOW LOW","R1"
5,53,2,177.737813970575,11,7,7.49936295899434,0,0.25,0.957745991174219,"LOW LOW","R1"
5,57,6,212.992392756128,11,7,7.50029322378033,0,0.25,0.998771048991748,"LOW LOW","R1"
5,63,12,219.982281091461,11,7,7.50065389982397,0,0.25,0.999395234357573,"LOW LOW","R1"
6,69,6,167.106489230168,11,6,6.50048201821209,0,0.25,0.885081818051404,"LOW LOW","R1"
6,70,7,185.334633189245,11,6,6.49775453197263,0,0.25,0.980007567961063,"LOW LOW","R1"
6,72,9,182.324402201081,11,6,6.49988242906288,0,0.25,0.973053104891295,"LOW LOW","R1"
8,90,1,161.376256982047,11,4,4.50103006776102,0,0.25,0.811479988948514,"LOW LOW","R1"
8,96,7,172.345450348504,11,4,4.50054548249655,0,0.25,0.929128841652531,"LOW LOW","R1"
8,97,8,171.310869211412,11,4,4.49933140682503,0,0.25,0.921892344266488,"LOW LOW","R1"
9,104,3,149.181393135495,11,3,3.49864942449162,0,0.25,0.555145266512591,"LOW LOW","R1"
9,107,6,144.974835899267,11,3,3.50216838360266,0,0.25,0.448775419924553,"LOW LOW","R1"
3,36,11,232.758657392163,12,10,10.5008420160737,0,0.25,0.999834649952885,"LOW LOW","R1"
5,53,2,182.286253464653,12,8,8.50179043737776,0,0.25,0.972951356879191,"LOW LOW","R1"
5,57,6,220.604605729769,12,8,8.49909949856672,0,0.25,0.999432243888384,"LOW LOW","R1"
5,63,12,228.293262699889,12,8,8.50151989173592,0,0.25,0.999739825639299,"LOW LOW","R1"
6,69,6,172.712684056553,12,7,7.5009849861321,0,0.25,0.931545131955443,"LOW LOW","R1"
6,72,9,189.472258616334,12,7,7.49914506687989,0,0.25,0.986774691613639,"LOW LOW","R1"
8,90,1,173.630890101297,12,5,5.49966559383307,0,0.25,0.937256241968401,"LOW LOW","R1"
8,96,7,186.753394056391,12,5,5.49919787603859,0,0.25,0.982643113567986,"LOW LOW","R1"
8,97,8,185.508869116098,12,5,5.49986814118714,0,0.25,0.980351247601571,"LOW LOW","R1"
9,104,3,166.140253013866,12,4,4.50045507556322,0,0.25,0.874720308201272,"LOW LOW","R1"
9,107,6,160.819596501657,12,4,4.49985052148209,0,0.25,0.802681132677296,"LOW LOW","R1"
10,119,7,143.637527327531,12,3,3.50055016749292,0,0.25,0.415469477281055,"LOW LOW","R1"
10,120,8,142.319631728528,12,3,3.50080221974535,0,0.25,0.383384104656898,"LOW LOW","R1"
11,125,2,139.578961325039,12,2,2.5010445724203,0,0.25,0.320064433506493,"LOW LOW","R1"
11,128,5,125.352981346863,12,2,2.49984741252057,0,0.25,0.0999416307133895,"LOW LOW","R1"
11,133,10,132.792282855196,12,2,2.50062877341989,0,0.25,0.191151810441228,"LOW LOW","R1"
3,36,11,236.640370435893,13,11,11.4987816487437,0,0.25,0.999888502850408,"LOW LOW","R1"
5,53,2,185.705399331541,13,9,9.49937361830989,0,0.25,0.980731956832801,"LOW LOW","R1"
5,57,6,226.650710321512,13,9,9.50115255823964,0,0.25,0.999692622369761,"LOW LOW","R1"
6,69,6,176.888717495266,13,8,8.50154520953479,0,0.25,0.954116166158471,"LOW LOW","R1"
6,72,9,194.953577500885,13,8,8.49943155024571,0,0.25,0.992376301753548,"LOW LOW","R1"
8,90,1,183.040397361777,13,6,6.50238915094895,0,0.25,0.974895110775756,"LOW LOW","R1"
8,96,7,198.101889631376,13,6,6.499662599581,0,0.25,0.994450576792925,"LOW LOW","R1"
8,97,8,196.666161444637,13,6,6.50018066549967,0,0.25,0.993585273372536,"LOW LOW","R1"
8,98,9,171.015855573844,13,6,6.50133525530388,0,0.25,0.919708051806987,"LOW LOW","R1"
9,104,3,179.310291157808,13,5,5.49963936096482,0,0.25,0.963755176125712,"LOW LOW","R1"
10,114,2,160.097484477878,13,4,4.49966882004483,0,0.25,0.790810652763094,"LOW LOW","R1"
11,125,2,166.449692307701,13,3,3.49940225389377,0,0.25,0.878122913031238,"LOW LOW","R1"
11,128,5,146.416603306417,13,3,3.49951972279976,0,0.25,0.485195914755945,"LOW LOW","R1"
11,129,6,160.603962897491,13,3,3.49975675792915,0,0.25,0.799190510967147,"LOW LOW","R1"
3,36,11,239.727859927657,14,12,12.4980530264269,0,0.25,0.999918504412404,"LOW LOW","R1"
5,57,6,231.452911844365,14,10,10.5012527819923,0,0.25,0.999811213502237,"LOW LOW","R1"
6,72,9,199.156915532412,14,9,9.50021903608635,0,0.25,0.995011483433986,"LOW LOW","R1"
8,96,7,207.040594170105,14,7,7.49888233952856,0,0.25,0.997753346535641,"LOW LOW","R1"
8,97,8,205.433957820193,14,7,7.50010153529542,0,0.25,0.997356326633002,"LOW LOW","R1"
8,98,9,177.000378900892,14,7,7.49882136354984,0,0.25,0.954609946480224,"LOW LOW","R1"
9,104,3,189.537977804013,14,6,6.50011832494948,0,0.25,0.986861489793899,"LOW LOW","R1"
10,113,1,162.125538922615,14,5,5.49933845742735,0,0.25,0.822843418713,"LOW LOW","R1"
10,114,2,172.111630842917,14,5,5.50007988292453,0,0.25,0.927549568379344,"LOW LOW","R1"
11,125,2,188.338500452354,14,4,4.49967994425542,0,0.25,0.985185102439472,"LOW LOW","R1"
11,127,4,171.985263585002,14,4,4.50045945320203,0,0.25,0.926682606166986,"LOW LOW","R1"
11,128,5,162.63930695554,14,4,4.49953549034599,0,0.25,0.830319883953462,"LOW LOW","R1"
11,129,6,180.76064355337,14,4,4.49997902918863,0,0.25,0.968562100415371,"LOW LOW","R1"
12,139,6,165.200015056334,14,3,3.50074962959582,0,0.25,0.863879270748841,"LOW LOW","R1"
13,153,9,125.636786425448,14,2,2.50036624115532,0,0.25,0.102563717061034,"LOW LOW","R1"
5,57,6,235.267126288751,15,11,11.4999479250372,0,0.25,0.999871823132267,"LOW LOW","R1"
6,72,9,202.380236594262,15,10,10.5004905702098,0,0.25,0.99639882401452,"LOW LOW","R1"
8,96,7,214.08121363396,15,8,8.50139843025239,0,0.25,0.998899528172312,"LOW LOW","R1"
8,97,8,212.324003453092,15,8,8.50029725936007,0,0.25,0.998684866961261,"LOW LOW","R1"
8,98,9,181.493144975655,15,8,8.49883723024107,0,0.25,0.970749479229061,"LOW LOW","R1"
9,104,3,197.480671134865,15,7,7.50143645498141,0,0.25,0.994091413954835,"LOW LOW","R1"
10,114,2,181.307771849222,15,6,6.50123153745897,0,0.25,0.970210286245399,"LOW LOW","R1"
11,127,4,186.319955532298,15,5,5.50223278695438,0,0.25,0.981876366773777,"LOW LOW","R1"
11,128,5,175.133649770494,15,5,5.50032141759981,0,0.25,0.945652491191349,"LOW LOW","R1"
11,129,6,196.928343198097,15,5,5.5004079405702,0,0.25,0.993752727512026,"LOW LOW","R1"
12,138,5,147.887318572497,15,4,4.498905951675,0,0.25,0.522507669760959,"LOW LOW","R1"
12,144,11,164.533349516016,15,4,4.50027011068121,0,0.25,0.855721891107917,"LOW LOW","R1"
13,151,7,158.557690214777,15,3,3.50085621546383,0,0.25,0.763773425993637,"LOW LOW","R1"
13,153,9,146.80997999386,15,3,3.50221444246789,0,0.25,0.495176853806943,"LOW LOW","R1"
14,157,3,135.977627175624,15,2,2.50013658590327,0,0.25,0.246173116414048,"LOW LOW","R1"
14,162,8,133.153238386031,15,2,2.50051181533192,0,0.25,0.196882386622493,"LOW LOW","R1"
14,163,9,124.365117716017,15,2,2.50195147972252,0,0.25,0.0912743491555852,"LOW LOW","R1"
6,72,9,204.852033673116,16,11,11.5001248582689,0,0.25,0.997195871973061,"LOW LOW","R1"
8,96,7,219.626796018972,16,9,9.49974587056113,0,0.25,0.999373021635506,"LOW LOW","R1"
8,97,8,217.73844589564,16,9,9.4997888520816,0,0.25,0.999240615516265,"LOW LOW","R1"
8,98,9,184.866002912614,16,9,9.50052060478912,0,0.25,0.979053717849016,"LOW LOW","R1"
11,127,4,197.601687429158,16,6,6.50020833889411,0,0.25,0.994163147825179,"LOW LOW","R1"
11,128,5,184.756497216519,16,6,6.49791597186356,0,0.25,0.978824488823916,"LOW LOW","R1"
11,129,6,209.896476010474,16,6,6.49989611686896,0,0.25,0.998317900108392,"LOW LOW","R1"
12,138,5,157.718502600091,16,5,5.5005583099101,0,0.25,0.74805676575373,"LOW LOW","R1"
12,144,11,177.39119980577,16,5,5.50066256684234,0,0.25,0.956298630732097,"LOW LOW","R1"
13,151,7,178.123199561323,16,4,4.50190748683104,0,0.25,0.959301433711197,"LOW LOW","R1"
13,153,9,163.136512004389,16,4,4.49999664996954,0,0.25,0.837314171511326,"LOW LOW","R1"
14,156,2,140.779471221008,16,3,3.50188594399716,0,0.25,0.347151211969808,"LOW LOW","R1"
14,157,3,161.318193932222,16,3,3.49924368108128,0,0.25,0.810576471327679,"LOW LOW","R1"
14,162,8,157.322029796565,16,3,3.49895431411533,0,0.25,0.740394549193142,"LOW LOW","R1"
14,163,9,145.049369271335,16,3,3.49991851862994,0,0.25,0.45064816765356,"LOW LOW","R1"
15,164,1,141.603825561621,16,2,2.50079948915107,0,0.25,0.366354913183799,"LOW LOW","R1"
8,96,7,223.994804281149,17,10,10.5005418986325,0,0.25,0.999597521217864,"LOW LOW","R1"
8,97,8,221.993306969953,17,10,10.4992293784967,0,0.25,0.999506872148866,"LOW LOW","R1"
11,127,4,206.480669625677,17,7,7.49833958034208,0,0.25,0.997622235369035,"LOW LOW","R1"
11,129,6,220.298232125129,17,7,7.50005897409034,0,0.25,0.999414315734751,"LOW LOW","R1"
12,144,11,187.338806786966,17,6,6.49979256325117,0,0.25,0.983628318605354,"LOW LOW","R1"
13,151,7,193.729444459534,17,5,5.50177347240286,0,0.25,0.991376057994663,"LOW LOW","R1"
13,152,8,168.568344526635,17,5,5.49913782759945,0,0.25,0.899337525171844,"LOW LOW","R1"
13,153,9,175.725810195498,17,5,5.49937273853389,0,0.25,0.948660952111242,"LOW LOW","R1"
14,156,2,155.547831589381,17,4,4.50126859040794,0,0.25,0.704304727135378,"LOW LOW","R1"
14,157,3,181.683076090647,17,4,4.50220368783276,0,0.25,0.971292108689561,"LOW LOW","R1"
14,159,5,156.354676291259,17,4,4.49885333477739,0,0.25,0.721075464443996,"LOW LOW","R1"
14,161,7,171.256973623986,17,4,4.49961450530221,0,0.25,0.921497401383517,"LOW LOW","R1"
14,162,8,176.534393490778,17,4,4.49945876391191,0,0.25,0.952515236923045,"LOW LOW","R1"
15,164,1,169.352495913463,17,3,3.49905998949101,0,0.25,0.906319520484971,"LOW LOW","R1"
8,96,7,227.435289852152,18,11,11.499121942357,0,0.25,0.999716151578709,"LOW LOW","R1"
8,97,8,225.336927842056,18,11,11.5003100349853,0,0.25,0.99964877583838,"LOW LOW","R1"
11,127,4,213.468632605726,18,8,8.50019329213465,0,0.25,0.998828991651164,"LOW LOW","R1"
11,129,6,228.641494168644,18,8,8.50019923244513,0,0.25,0.999748861571958,"LOW LOW","R1"
12,144,11,195.034874358325,18,7,7.50062463276435,0,0.25,0.992438496895226,"LOW LOW","R1"
13,151,7,206.1776192302,18,6,6.49799589418411,0,0.25,0.997548117869364,"LOW LOW","R1"
13,152,8,177.275959291421,18,6,6.49964297404772,0,0.25,0.955807023514427,"LOW LOW","R1"
13,153,9,185.433348136959,18,6,6.5003294914057,0,0.25,0.980202999448828,"LOW LOW","R1"
14,156,2,166.724484464601,18,5,5.49893038954649,0,0.25,0.88107752665086,"LOW LOW","R1"
14,157,3,198.049261950266,18,5,5.5012833540031,0,0.25,0.994421010439989,"LOW LOW","R1"
14,159,5,167.677779601734,18,5,5.4998531532232,0,0.25,0.890851085816245,"LOW LOW","R1"
14,161,7,185.444075446845,18,5,5.49925828362872,0,0.25,0.980224123814664,"LOW LOW","R1"
14,162,8,191.806771511213,18,5,5.50028608224495,0,0.25,0.98953644250999,"LOW LOW","R1"
15,164,1,192.125006960433,18,4,4.50011649054824,0,0.25,0.989865757413083,"LOW LOW","R1"
16,180,4,154.021572931184,18,3,3.49987973697458,0,0.25,0.671045389755472,"LOW LOW","R1"
16,181,5,145.956495454488,18,3,3.49918579249661,0,0.25,0.473537374959477,"LOW LOW","R1"
16,184,8,143.279834632307,18,3,3.50007159662699,0,0.25,0.406677589142159,"LOW LOW","R1"
16,186,10,167.825049650957,18,3,3.49922303535923,0,0.25,0.892296541345548,"LOW LOW","R1"
17,189,2,127.481773635769,18,2,2.50039295611934,0,0.25,0.121134332220162,"LOW LOW","R1"
17,190,3,135.700891710291,18,2,2.49880655881746,0,0.25,0.240996250780904,"LOW LOW","R1"
8,96,7,230.145207108211,19,12,12.4979812753559,0,0.25,0.999784413051485,"LOW LOW","R1"
11,127,4,218.968320016935,19,9,9.50143453609002,0,0.25,0.999329700036666,"LOW LOW","R1"
11,129,6,235.3336354532,19,9,9.4985549081763,0,0.25,0.999872685663593,"LOW LOW","R1"
12,144,11,200.989015507535,19,8,8.49792034256846,0,0.25,0.995854728736687,"LOW LOW","R1"
13,151,7,216.106789003695,19,7,7.50014021908892,0,0.25,0.999103913090991,"LOW LOW","R1"
13,152,8,183.891891186112,19,7,7.49920917869519,0,0.25,0.976926383165153,"LOW LOW","R1"
13,153,9,192.918776748972,19,7,7.49735527278115,0,0.25,0.990643121655158,"LOW LOW","R1"
14,156,2,175.182943384705,19,6,6.50057676381963,0,0.25,0.945909139223704,"LOW LOW","R1"
14,157,3,211.201905678222,19,6,6.4993861792925,0,0.25,0.998526399982341,"LOW LOW","R1"
14,161,7,196.591454730499,19,6,6.49915348886713,0,0.25,0.993536747380912,"LOW LOW","R1"
14,162,8,203.947158509473,19,6,6.49835499375494,0,0.25,0.996926868855679,"LOW LOW","R1"
15,164,1,210.813731602332,19,5,5.49877562722354,0,0.25,0.998467253230602,"LOW LOW","R1"
16,180,4,172.304943357713,19,4,4.49997492560669,0,0.25,0.928857543667395,"LOW LOW","R1"
16,184,8,158.685510313576,19,4,4.5002251384163,0,0.25,0.766106920503936,"LOW LOW","R1"
16,186,10,190.130621469766,19,4,4.50060500636581,0,0.25,0.987619252274318,"LOW LOW","R1"
17,190,3,160.925544506765,19,3,3.4995039428921,0,0.25,0.804379349264237,"LOW LOW","R1"
17,192,5,165.913143055629,19,3,3.50010424000976,0,0.25,0.872171482605711,"LOW LOW","R1"
11,129,6,240.701410639796,20,10,10.5000382249782,0,0.25,0.99992617409918,"LOW LOW","R1"
12,144,11,205.59549751877,20,9,9.49981707277947,0,0.25,0.997399221366572,"LOW LOW","R1"
13,151,7,224.026698083312,20,8,8.50244954228759,0,0.25,0.999598821916228,"LOW LOW","R1"
13,152,8,188.918589773216,20,8,8.49987240818051,0,0.25,0.986020623397523,"LOW LOW","R1"
14,156,2,181.584280896198,20,7,7.50014835496335,0,0.25,0.971011083100684,"LOW LOW","R1"
14,157,3,221.771994428183,20,7,7.5010369617162,0,0.25,0.999495671593544,"LOW LOW","R1"
14,161,7,205.350401162632,20,7,7.50006824734262,0,0.25,0.997333863129257,"LOW LOW","R1"
14,162,8,213.597849205467,20,7,7.49984639761138,0,0.25,0.998844236911451,"LOW LOW","R1"
15,164,1,226.151013820367,20,6,6.50102276164003,0,0.25,0.999676630240489,"LOW LOW","R1"
16,180,4,186.70464055243,20,5,5.50162314470699,0,0.25,0.982558485200697,"LOW LOW","R1"
16,181,5,174.441920207819,20,5,5.50071780973563,0,0.25,0.941927902266903,"LOW LOW","R1"
16,184,8,170.436708475208,20,5,5.49973574939669,0,0.25,0.915257233047446,"LOW LOW","R1"
17,190,3,181.175848834045,20,4,4.49844850885201,0,0.25,0.969820707971897,"LOW LOW","R1"
17,192,5,187.640314114439,20,4,4.49946699984423,0,0.25,0.984114066176627,"LOW LOW","R1"
18,201,4,136.110528385646,20,3,3.5001353784314,0,0.25,0.248685750090725,"LOW LOW","R1"
18,204,7,152.729948197655,20,3,3.49913797525804,0,0.25,0.641475793492544,"LOW LOW","R1"
18,207,10,144.179314611813,20,3,3.50056468658694,0,0.25,0.42888766399401,"LOW LOW","R1"
19,221,12,126.537585722581,20,2,2.50110676758901,0,0.25,0.111293360105101,"LOW LOW","R1"
11,129,6,245.00691006497,21,11,11.499728705283,0,0.25,0.999952316368882,"LOW LOW","R1"
12,144,11,209.159349296563,21,10,10.5008571043316,0,0.25,0.998187414167259,"LOW LOW","R1"
13,151,7,230.343939228373,21,9,9.49909915210154,0,0.25,0.999788718606566,"LOW LOW","R1"
14,156,2,186.42879481098,21,8,8.49955936233513,0,0.25,0.98207197241484,"LOW LOW","R1"
14,157,3,230.266619424723,21,8,8.50022980080451,0,0.25,0.999787053776594,"LOW LOW","R1"
14,161,7,212.232659373176,21,8,8.50146556374035,0,0.25,0.998672629445488,"LOW LOW","R1"
15,164,1,238.737866606901,21,7,7.50035514025539,0,0.25,0.999909887702904,"LOW LOW","R1"
16,180,4,198.045617323249,21,6,6.50123873439448,0,0.25,0.994418957090135,"LOW LOW","R1"
16,184,8,179.400330784996,21,6,6.50114977053616,0,0.25,0.96407316403122,"LOW LOW","R1"
17,190,3,197.432755466463,21,5,5.49994234075482,0,0.25,0.994062769778926,"LOW LOW","R1"
17,192,5,205.314600390758,21,5,5.49931654301675,0,0.25,0.997324180232615,"LOW LOW","R1"
18,203,6,163.675733028897,21,4,4.50112720054912,0,0.25,0.844634927189297,"LOW LOW","R1"
18,207,10,159.817291024155,21,4,4.5009806554093,0,0.25,0.78606546904091,"LOW LOW","R1"
19,213,4,163.382565760782,21,3,3.50044174152138,0,0.25,0.840688644017093,"LOW LOW","R1"
19,220,11,153.218087124136,21,3,3.5004355192986,0,0.25,0.652792600935467,"LOW LOW","R1"
11,129,6,248.460356726906,22,12,12.4983509523186,0,0.25,0.999966418825576,"LOW LOW","R1"
12,144,11,211.916559563116,22,11,11.5012128767553,0,0.25,0.998629396665472,"LOW LOW","R1"
13,151,7,235.382827337273,22,10,10.4999402385083,0,0.25,0.999873319878145,"LOW LOW","R1"
14,161,7,217.640327800378,22,9,9.49931206397675,0,0.25,0.999233018427217,"LOW LOW","R1"
16,180,4,206.977593626434,22,7,7.50212865781999,0,0.25,0.997738962139899,"LOW LOW","R1"
16,184,8,186.237635697004,22,7,7.49792778870186,0,0.25,0.981727031887305,"LOW LOW","R1"
17,192,5,219.692008039998,22,6,6.49979514070935,0,0.25,0.999377156651809,"LOW LOW","R1"
18,199,2,177.937486071675,22,5,5.49913765325089,0,0.25,0.958558847554015,"LOW LOW","R1"
18,203,6,176.368388385071,22,5,5.49953302673561,0,0.25,0.951747049919926,"LOW LOW","R1"
18,207,10,171.779041347547,22,5,5.50089167564052,0,0.25,0.925247250625539,"LOW LOW","R1"
18,209,12,165.56839179697,22,5,5.49765326086719,0,0.25,0.868217907638429,"LOW LOW","R1"
19,219,10,159.77782884377,22,4,4.49925075789126,0,0.25,0.785390905713185,"LOW LOW","R1"
19,220,11,171.278454336352,22,4,4.49907012021675,0,0.25,0.921655028946487,"LOW LOW","R1"
19,222,13,166.834468132949,22,4,4.50167379585874,0,0.25,0.882242623759984,"LOW LOW","R1"
11,129,6,251.230370764559,23,13,13.4994761998845,0,0.25,0.999974651292471,"LOW LOW","R1"
12,144,11,214.049703399614,23,12,12.4992481466762,0,0.25,0.99889600567796,"LOW LOW","R1"
13,151,7,239.402049144858,23,11,11.4995136306122,0,0.25,0.999915763654774,"LOW LOW","R1"
14,161,7,221.889351438253,23,10,10.5013789337116,0,0.25,0.999501642299489,"LOW LOW","R1"
16,180,4,214.012278759194,23,8,8.49962306539289,0,0.25,0.99889180738377,"LOW LOW","R1"
16,184,8,191.453020375666,23,8,8.50170391968868,0,0.25,0.989157938859544,"LOW LOW","R1"
17,192,5,231.387521368272,23,7,7.50009537623288,0,0.25,0.999809956170322,"LOW LOW","R1"
18,201,4,167.430999778399,23,6,6.50043908034838,0,0.25,0.888390775416777,"LOW LOW","R1"
18,203,6,186.168225837,23,6,6.49945958341291,0,0.25,0.981600178909907,"LOW LOW","R1"
18,207,10,180.928784704765,23,6,6.50077313315415,0,0.25,0.96907779067247,"LOW LOW","R1"
19,217,8,171.792587557476,23,5,5.50026925706127,0,0.25,0.925342322779466,"LOW LOW","R1"
19,219,10,171.732208356325,23,5,5.49897841044629,0,0.25,0.924917701868602,"LOW LOW","R1"
19,220,11,185.469899255882,23,5,5.4999192551614,0,0.25,0.980274885875743,"LOW LOW","R1"
19,222,13,180.140449596986,23,5,5.4979996022647,0,0.25,0.966587077863193,"LOW LOW","R1"
20,229,7,161.287731981835,23,4,4.49978038333015,0,0.25,0.810101128211667,"LOW LOW","R1"
21,238,6,153.442775020862,23,3,3.49953800865929,0,0.25,0.657945106729615,"LOW LOW","R1"
12,144,11,215.700031879231,24,13,13.4976119663728,0,0.25,0.999066166047219,"LOW LOW","R1"
13,151,7,242.607943697278,24,12,12.4985704246861,0,0.25,0.999939166064295,"LOW LOW","R1"
14,161,7,225.22798103773,24,11,11.4995682667614,0,0.25,0.999644870547394,"LOW LOW","R1"
17,192,5,240.901408388027,24,8,8.5020484074289,0,0.25,0.999927658000491,"LOW LOW","R1"
18,201,4,173.068128679671,24,7,7.50165515262398,0,0.25,0.93381095883526,"LOW LOW","R1"
18,203,6,193.734555449621,24,7,7.49880035260085,0,0.25,0.991380493500103,"LOW LOW","R1"
18,207,10,187.927576791174,24,7,7.49899156731292,0,0.25,0.984563662024734,"LOW LOW","R1"
18,209,12,180.141158593946,24,7,7.50098020757118,0,0.25,0.96658940268564,"LOW LOW","R1"
19,217,8,180.944218479337,24,6,6.50109563124739,0,0.25,0.969124713769223,"LOW LOW","R1"
19,219,10,180.87542731378,24,6,6.50117101925592,0,0.25,0.968915036442519,"LOW LOW","R1"
19,220,11,196.621228934708,24,6,6.50131956350599,0,0.25,0.993556130871197,"LOW LOW","R1"
20,229,7,173.525645410247,24,5,5.50038120794437,0,0.25,0.936624901786111,"LOW LOW","R1"
21,238,6,171.565378177104,24,4,4.50060555943052,0,0.25,0.923732897842992,"LOW LOW","R1"
21,239,7,149.670184940466,24,4,4.50024619445176,0,0.25,0.567365444062042,"LOW LOW","R1"
23,258,5,131.931755601074,24,2,2.50066995269984,0,0.25,0.178006167264531,"LOW LOW","R1"
12,144,11,216.976825334992,25,14,14.5004223245828,0,0.25,0.999179612892171,"LOW LOW","R1"
13,151,7,245.165095398097,25,13,13.4993707019748,0,0.25,0.999953076059556,"LOW LOW","R1"
17,192,5,248.640619458469,25,9,9.49989318747776,0,0.25,0.99996702783469,"LOW LOW","R1"
18,201,4,177.269965696941,25,8,8.49932698012045,0,0.25,0.955781311514742,"LOW LOW","R1"
18,207,10,193.281070190543,25,8,8.50061791920246,0,0.25,0.990978007554158,"LOW LOW","R1"
18,209,12,184.87347502223,25,8,8.50064054544744,0,0.25,0.979069270464443,"LOW LOW","R1"
19,217,8,187.944650624858,25,7,7.49811270490106,0,0.25,0.984589986451322,"LOW LOW","R1"
19,219,10,187.868550864539,25,7,7.49954682304891,0,0.25,0.984472314416025,"LOW LOW","R1"
20,229,7,182.920296829544,25,6,6.49852547148041,0,0.25,0.974594930222236,"LOW LOW","R1"
21,238,6,185.814893544516,25,5,5.50027775723137,0,0.25,0.980940917407127,"LOW LOW","R1"
21,239,7,159.807195226951,25,5,5.50098218815493,0,0.25,0.785893039323638,"LOW LOW","R1"
22,245,2,168.117801732589,25,4,4.49822171297687,0,0.25,0.895119971131734,"LOW LOW","R1"
22,250,7,159.416898715241,25,4,4.50017397775768,0,0.25,0.779149555605743,"LOW LOW","R1"
22,253,10,170.225794155,25,4,4.50012021252589,0,0.25,0.91358144547446,"LOW LOW","R1"
23,257,4,149.110643673339,25,3,3.49751560252989,0,0.25,0.553370575448531,"LOW LOW","R1"
23,258,5,155.601539852995,25,3,3.49886219311971,0,0.25,0.70543912657767,"LOW LOW","R1"
24,275,7,123.63330121578,25,2,2.49716792090719,0,0.25,0.0852957228858871,"LOW LOW","R1"
17,192,5,254.936194323765,26,10,10.5012170710831,0,0.25,0.999982599923341,"LOW LOW","R1"
19,217,8,193.299548636205,26,8,8.50021141529253,0,0.25,0.990994766105653,"LOW LOW","R1"
19,219,10,193.217189809285,26,8,8.49969673774273,0,0.25,0.99091983445479,"LOW LOW","R1"
20,229,7,190.13226771056,26,7,7.50017292174384,0,0.25,0.987621295888676,"LOW LOW","R1"
21,238,6,197.019061425673,26,6,6.49956893810137,0,0.25,0.993809651353877,"LOW LOW","R1"
22,245,2,181.676786801084,26,5,5.49904496781382,0,0.25,0.971274297701566,"LOW LOW","R1"
22,250,7,171.303961666516,26,5,5.50192655621979,0,0.25,0.92184182807589,"LOW LOW","R1"
22,253,10,184.205124516839,26,5,5.49941922322477,0,0.25,0.977632499298023,"LOW LOW","R1"
23,256,3,151.889692621647,26,4,4.49875971393552,0,0.25,0.621627557351265,"LOW LOW","R1"
23,258,5,174.327033361548,26,4,4.50055328025131,0,0.25,0.941286545530121,"LOW LOW","R1"
23,265,12,160.687017365468,26,4,4.49992162058862,0,0.25,0.80054042217602,"LOW LOW","R1"
24,273,5,158.514565153665,26,3,3.50160198444674,0,0.25,0.762982512899968,"LOW LOW","R1"
24,275,7,144.038544735514,26,3,3.50219643049997,0,0.25,0.4253903807063,"LOW LOW","R1"
24,277,9,150.568640200415,26,3,3.49900412556039,0,0.25,0.589604955784313,"LOW LOW","R1"
24,279,11,142.763011336739,26,3,3.49861409264237,0,0.25,0.394080595217377,"LOW LOW","R1"
26,293,1,95.3064163764252,26,1,1.50136901369364,0,0.25,0.00522754374526557,"LOW LOW","R1"
17,192,5,260.057422123835,27,11,11.5009077484153,0,0.25,0.999989654918109,"LOW LOW","R1"
19,219,10,197.308056837959,27,9,9.50066100307931,0,0.25,0.993987575764127,"LOW LOW","R1"
20,229,7,195.668665142165,27,8,8.50137705457952,0,0.25,0.99290641341095,"LOW LOW","R1"
21,238,6,205.828720889337,27,7,7.50109284320027,0,0.25,0.997459929046323,"LOW LOW","R1"
22,245,2,192.254895427574,27,6,6.49956673696847,0,0.25,0.989997201135359,"LOW LOW","R1"
22,250,7,180.387623831443,27,6,6.50123740652721,0,0.25,0.967388174336679,"LOW LOW","R1"
22,253,10,195.163744717577,27,6,6.50093014526075,0,0.25,0.992536057359731,"LOW LOW","R1"
23,265,12,172.811755299295,27,5,5.50237011331258,0,0.25,0.932183800637634,"LOW LOW","R1"
24,273,5,178.067700794023,27,4,4.49983094849281,0,0.25,0.959080863725072,"LOW LOW","R1"
24,274,6,159.505960031885,27,4,4.49916226390633,0,0.25,0.780701638607385,"LOW LOW","R1"
24,277,9,167.902484324172,27,4,4.49941136251393,0,0.25,0.893049791506572,"LOW LOW","R1"
25,280,1,147.398366600634,27,3,3.50011376075424,0,0.25,0.510110398808167,"LOW LOW","R1"
25,289,10,167.900482143791,27,3,3.49922496256937,0,0.25,0.893030373717835,"LOW LOW","R1"
26,302,10,126.994779288481,27,2,2.50012712401935,0,0.25,0.115968136043303,"LOW LOW","R1"
19,219,10,200.436926297869,28,10,10.5006314371409,0,0.25,0.995616777474389,"LOW LOW","R1"
20,229,7,199.918778880334,28,9,9.49932362122228,0,0.25,0.995381101813765,"LOW LOW","R1"
21,238,6,212.755616370459,28,8,8.4994371208738,0,0.25,0.998741184078589,"LOW LOW","R1"
22,245,2,200.507458694557,28,7,7.4997911451534,0,0.25,0.995647918891978,"LOW LOW","R1"
22,250,7,187.329028841643,28,7,7.49927234502371,0,0.25,0.983612323577252,"LOW LOW","R1"
22,253,10,203.754382008178,28,7,7.49982361610282,0,0.25,0.996866316110375,"LOW LOW","R1"
24,273,5,193.662228018796,28,5,5.5005848572458,0,0.25,0.991317514118367,"LOW LOW","R1"
24,274,6,171.409617163563,28,5,5.50185812952406,0,0.25,0.922611246250093,"LOW LOW","R1"
24,275,7,171.56872366379,28,5,5.50021179395105,0,0.25,0.923756824664738,"LOW LOW","R1"
24,279,11,169.667081022222,28,5,5.5003822173013,0,0.25,0.908996448336313,"LOW LOW","R1"
25,289,10,190.229012745065,28,4,4.50056409834224,0,0.25,0.987740810275155,"LOW LOW","R1"
25,291,12,166.204229541039,28,4,4.50016446185066,0,0.25,0.875430405347749,"LOW LOW","R1"
26,297,5,153.93500711928,28,3,3.50026765101911,0,0.25,0.669102315343203,"LOW LOW","R1"
26,298,6,146.512147146907,28,3,3.50078964056655,0,0.25,0.487619316090544,"LOW LOW","R1"
26,300,8,150.614544168024,28,3,3.50042224292025,0,0.25,0.590732246415372,"LOW LOW","R1"
26,301,9,142.942995848646,28,3,3.49961713595833,0,0.25,0.398452482253244,"LOW LOW","R1"
26,302,10,148.695850799165,28,3,3.49946755169957,0,0.25,0.542939906219273,"LOW LOW","R1"
27,310,7,134.484022623278,28,2,2.50040279926559,0,0.25,0.219124279478823,"LOW LOW","R1"
19,219,10,202.830019015999,29,11,11.4995619159186,0,0.25,0.996559028836429,"LOW LOW","R1"
20,229,7,203.181454114641,29,10,10.4998598480882,0,0.25,0.996679244462794,"LOW LOW","R1"
21,238,6,218.202124400002,29,9,9.5014929026947,0,0.25,0.999275512320145,"LOW LOW","R1"
22,245,2,206.9457363565,29,8,8.50103941855865,0,0.25,0.99773165348825,"LOW LOW","R1"
22,250,7,192.63339866967,29,8,8.50198532684271,0,0.25,0.990370687853598,"LOW LOW","R1"
22,253,10,210.488719699129,29,8,8.50005572631642,0,0.25,0.998415911426245,"LOW LOW","R1"
24,274,6,180.507955686178,29,6,6.49944575902883,0,0.25,0.967771424867772,"LOW LOW","R1"
24,275,7,180.689184659975,29,6,6.49964547228852,0,0.25,0.968340424315224,"LOW LOW","R1"
24,279,11,178.524816510088,29,6,6.50048752046287,0,0.25,0.960863980624113,"LOW LOW","R1"
25,286,7,183.85839218397,29,5,5.50041112004463,0,0.25,0.976849590704457,"LOW LOW","R1"
25,291,12,179.386768751385,29,5,5.49993674753362,0,0.25,0.964025440135755,"LOW LOW","R1"
26,293,1,155.068173442285,29,4,4.50018945297182,0,0.25,0.694062427618402,"LOW LOW","R1"
26,294,2,165.314336889589,29,4,4.50044842837224,0,0.25,0.865238446904545,"LOW LOW","R1"
26,296,4,152.135607282281,29,4,4.50055598503116,0,0.25,0.627482186145081,"LOW LOW","R1"
26,301,9,158.262091329377,29,4,4.49960250191049,0,0.25,0.758315601020464,"LOW LOW","R1"
27,309,6,155.59737480668,29,3,3.50058243078459,0,0.25,0.705351245226834,"LOW LOW","R1"
28,325,10,125.874249457107,29,2,2.50058283652725,0,0.25,0.104804285912944,"LOW LOW","R1"
21,238,6,222.484627261021,30,10,10.5007409368919,0,0.25,0.999530857034737,"LOW LOW","R1"
22,253,10,215.76787450472,30,9,9.50161224448776,0,0.25,0.999072570455388,"LOW LOW","R1"
24,274,6,187.46210120267,30,7,7.49937484554447,0,0.25,0.983828694392682,"LOW LOW","R1"
24,275,7,187.662539954357,30,7,7.50117430819108,0,0.25,0.984149307040918,"LOW LOW","R1"
24,279,11,185.270453285099,30,7,7.49802344873254,0,0.25,0.979879494927643,"LOW LOW","R1"
25,291,12,189.625692912878,30,6,6.50092966470617,0,0.25,0.986976463736663,"LOW LOW","R1"
26,293,1,166.158188877895,30,5,5.50019000660082,0,0.25,0.874919733555071,"LOW LOW","R1"
26,294,2,178.323483391117,30,5,5.50058310727633,0,0.25,0.960087994563172,"LOW LOW","R1"
26,301,9,169.934968239764,30,5,5.50064458846738,0,0.25,0.911221530317421,"LOW LOW","R1"
27,309,6,174.321696527629,30,4,4.49848577915182,0,0.25,0.941256591753872,"LOW LOW","R1"
27,311,8,166.469873013943,30,4,4.50136162226205,0,0.25,0.878342032918238,"LOW LOW","R1"
28,318,3,145.65404764578,30,3,3.4997586910977,0,0.25,0.465888634261504,"LOW LOW","R1"
28,319,4,145.075408431146,30,3,3.50094813509853,0,0.25,0.451302767849156,"LOW LOW","R1"
28,322,7,144.713101990481,30,3,3.4970690447137,0,0.25,0.442210856056261,"LOW LOW","R1"
29,330,3,133.704061016725,30,2,2.49986602279773,0,0.25,0.205875552680719,"LOW LOW","R1"
29,332,5,132.500829672524,30,2,2.49996816274371,0,0.25,0.186618283266695,"LOW LOW","R1"
29,337,10,136.391725082632,30,2,2.49934673828491,0,0.25,0.254058355651915,"LOW LOW","R1"
21,238,6,225.851891323638,31,11,11.4988881776452,0,0.25,0.999666661969471,"LOW LOW","R1"
22,253,10,219.90628821968,31,10,10.5000359622765,0,0.25,0.999390552951698,"LOW LOW","R1"
24,274,6,192.777372748606,31,8,8.49854149023702,0,0.25,0.990509099363337,"LOW LOW","R1"
24,279,11,190.407614533898,31,8,8.49948289369494,0,0.25,0.987958460463698,"LOW LOW","R1"
25,291,12,197.57830100393,31,7,7.49997033790198,0,0.25,0.994149353055783,"LOW LOW","R1"
26,293,1,174.540824821324,31,6,6.50103162276949,0,0.25,0.942474766580866,"LOW LOW","R1"
26,294,2,188.406692480221,31,6,6.50112472409961,0,0.25,0.985285817972582,"LOW LOW","R1"
26,296,4,170.62999586081,31,6,6.50019897298936,0,0.25,0.916767018246228,"LOW LOW","R1"
27,309,6,189.134592765321,31,5,5.49900417410538,0,0.25,0.986319723273575,"LOW LOW","R1"
28,319,4,160.946400267693,31,4,4.50155753192871,0,0.25,0.804712335454399,"LOW LOW","R1"
28,320,5,150.484163969089,31,4,4.5008998640297,0,0.25,0.587527969807455,"LOW LOW","R1"
28,324,9,157.686241938346,31,4,4.49970025758465,0,0.25,0.747438937576716,"LOW LOW","R1"
28,327,12,159.528650822056,31,4,4.50056826861867,0,0.25,0.78109581780468,"LOW LOW","R1"
29,329,2,150.865289559637,31,3,3.50065356448764,0,0.25,0.596872839093228,"LOW LOW","R1"
29,330,3,158.09941377947,31,3,3.49843738314316,0,0.25,0.755275571473687,"LOW LOW","R1"
29,331,4,150.679553092131,31,3,3.49846357545619,0,0.25,0.592327075537111,"LOW LOW","R1"
29,332,5,156.402510413347,31,3,3.50078654302806,0,0.25,0.722051224196306,"LOW LOW","R1"
29,333,6,151.659557352935,31,3,3.49994762712795,0,0.25,0.616116261908015,"LOW LOW","R1"
29,337,10,161.906187655483,31,3,3.50091425172914,0,0.25,0.819573514495952,"LOW LOW","R1"
30,346,8,136.551263465144,31,2,2.49988542346516,0,0.25,0.257140352304192,"LOW LOW","R1"
21,238,6,228.499517638286,32,12,12.5003712753623,0,0.25,0.999745216067701,"LOW LOW","R1"
22,253,10,223.150456785834,32,11,11.5007709916656,0,0.25,0.99956151089547,"LOW LOW","R1"
24,274,6,196.840001512992,32,9,9.50014192788774,0,0.25,0.993696795074689,"LOW LOW","R1"
24,279,11,194.319836104133,32,9,9.50133135598499,0,0.25,0.991873743920418,"LOW LOW","R1"
25,291,12,203.755119432542,32,8,8.49932464974497,0,0.25,0.996866549993018,"LOW LOW","R1"
26,293,1,180.877027486508,32,7,7.49916271742287,0,0.25,0.968919929433297,"LOW LOW","R1"
26,294,2,196.222048047371,32,7,7.50064907933927,0,0.25,0.993291385524263,"LOW LOW","R1"
27,306,3,178.520270686971,32,6,6.502612555036,0,0.25,0.960846620691361,"LOW LOW","R1"
27,309,6,200.853142479362,32,6,6.50245544472391,0,0.25,0.995797388318647,"LOW LOW","R1"
27,311,8,189.990033356166,32,6,6.49947249407738,0,0.25,0.987443494076284,"LOW LOW","R1"
28,324,9,169.252995995474,32,5,5.50141625350958,0,0.25,0.905458248369872,"LOW LOW","R1"
28,327,12,171.436537502322,32,5,5.49789645219517,0,0.25,0.922806176857737,"LOW LOW","R1"
29,329,2,168.279805226241,32,4,4.49935042784416,0,0.25,0.896654163564262,"LOW LOW","R1"
29,331,4,168.043539171583,32,4,4.49966926251343,0,0.25,0.894409997439142,"LOW LOW","R1"
29,332,5,175.353963382687,32,4,4.50094491193494,0,0.25,0.946790724323615,"LOW LOW","R1"
29,333,6,169.290907021163,32,4,4.5005836561716,0,0.25,0.905787239631952,"LOW LOW","R1"
29,335,8,161.514282330401,32,4,4.4999088263155,0,0.25,0.813614507807594,"LOW LOW","R1"
29,337,10,182.443192244814,32,4,4.49807897125268,0,0.25,0.973367556494209,"LOW LOW","R1"
30,339,1,141.355747461228,32,3,3.49999105052556,0,0.25,0.36052772947715,"LOW LOW","R1"
30,346,8,162.132864952218,32,3,3.49909809427569,0,0.25,0.822951822242182,"LOW LOW","R1"
30,347,9,145.013334007784,32,3,3.50101739031779,0,0.25,0.449742556934858,"LOW LOW","R1"
30,350,12,150.300316263309,32,3,3.49962798784059,0,0.25,0.582997081636179,"LOW LOW","R1"
31,353,2,115.941003233013,32,2,2.50011036266534,0,0.25,0.0409538325362315,"LOW LOW","R1"
31,361,10,123.860361360748,32,2,2.4994463339974,0,0.25,0.0871116821225699,"LOW LOW","R1"
21,238,6,230.581304207935,33,13,13.4997399185617,0,0.25,0.999793748630896,"LOW LOW","R1"
22,253,10,225.69361230641,33,12,12.4983432684075,0,0.25,0.999661263632869,"LOW LOW","R1"
24,274,6,199.945196108335,33,10,10.4996169484727,0,0.25,0.995393417047404,"LOW LOW","R1"
24,279,11,197.299200946572,33,10,10.4996918587351,0,0.25,0.993982199750875,"LOW LOW","R1"
26,294,2,202.279621792122,33,8,8.49990512764698,0,0.25,0.996361981596829,"LOW LOW","R1"
27,309,6,210.123740558016,33,7,7.50021873222706,0,0.25,0.998356206618121,"LOW LOW","R1"
28,320,5,168.4390194233,33,6,6.50002537871851,0,0.25,0.898142561541123,"LOW LOW","R1"
28,324,9,178.054010385817,33,6,6.49896380303092,0,0.25,0.959026277910279,"LOW LOW","R1"
28,327,12,180.538617276213,33,6,6.50030839458877,0,0.25,0.967868382233117,"LOW LOW","R1"
29,331,4,181.587823752298,33,5,5.49775730543313,0,0.25,0.971021206833362,"LOW LOW","R1"
29,332,5,190.380420038334,33,5,5.499734991238,0,0.25,0.987925568370109,"LOW LOW","R1"
29,333,6,183.083086516265,33,5,5.49831938516539,0,0.25,0.975000973879907,"LOW LOW","R1"
29,337,10,198.973760203982,33,5,5.4998247136535,0,0.25,0.994918323893619,"LOW LOW","R1"
30,339,1,156.269891575818,33,4,4.49958543766405,0,0.25,0.719340805208673,"LOW LOW","R1"
30,347,9,160.868133296456,33,4,4.50106360545547,0,0.25,0.803460494488115,"LOW LOW","R1"
30,351,13,154.700991669182,33,4,4.50024593077058,0,0.25,0.686089463264751,"LOW LOW","R1"
31,352,1,146.09019102082,33,3,3.49825074578447,0,0.25,0.476922640457478,"LOW LOW","R1"
31,353,2,133.51919153882,33,3,3.49934429763328,0,0.25,0.202823729369458,"LOW LOW","R1"
31,355,4,146.636493976537,33,3,3.49983253939882,0,0.25,0.490774139445903,"LOW LOW","R1"
31,363,12,143.560330993334,33,3,3.49911628067885,0,0.25,0.413567270656948,"LOW LOW","R1"
31,364,13,152.682654308104,33,3,3.50060747864356,0,0.25,0.64037069076421,"LOW LOW","R1"
21,238,6,232.21817996249,34,14,14.4985526589535,0,0.25,0.99982532425734,"LOW LOW","R1"
22,253,10,227.687232511386,34,13,13.4996552434873,0,0.25,0.999723318451828,"LOW LOW","R1"
24,274,6,202.318593736854,34,11,11.4987792041461,0,0.25,0.996376296419342,"LOW LOW","R1"
24,279,11,199.568145766031,34,11,11.4984028764498,0,0.25,0.995214505232344,"LOW LOW","R1"
27,309,6,217.457752942925,34,8,8.50104824683281,0,0.25,0.99921867930595,"LOW LOW","R1"
28,320,5,174.172782106107,34,7,7.49895796056294,0,0.25,0.940414988655143,"LOW LOW","R1"
28,324,9,184.750604254456,34,7,7.49964625954476,0,0.25,0.978812083692701,"LOW LOW","R1"
28,327,12,187.496011013219,34,7,7.49987027644121,0,0.25,0.983883379771075,"LOW LOW","R1"
29,331,4,192.152658575591,34,6,6.49892290863302,0,0.25,0.98989388260503,"LOW LOW","R1"
29,332,5,202.294778266663,34,6,6.49803638471647,0,0.25,0.996367555418946,"LOW LOW","R1"
29,337,10,212.279482363418,34,6,6.50173109107627,0,0.25,0.998678916537943,"LOW LOW","R1"
30,346,8,199.330572359926,34,5,5.49784233975735,0,0.25,0.995098241673683,"LOW LOW","R1"
30,347,9,173.026942075856,34,5,5.49951662692211,0,0.25,0.933552022180148,"LOW LOW","R1"
31,361,10,160.034741122303,34,4,4.50155708663786,0,0.25,0.789754836789843,"LOW LOW","R1"
31,363,12,159.038276247246,34,4,4.50013317003938,0,0.25,0.772463627981827,"LOW LOW","R1"
31,364,13,170.595104494287,34,4,4.49989501858427,0,0.25,0.91649629957976,"LOW LOW","R1"
32,368,4,137.162647648447,34,3,3.49967886018401,0,0.25,0.26917549652164,"LOW LOW","R1"
32,371,7,155.557127606002,34,3,3.50065463492708,0,0.25,0.704501254335488,"LOW LOW","R1"
32,375,11,147.819717422525,34,3,3.50092058211594,0,0.25,0.520794962627746,"LOW LOW","R1"
24,274,6,204.13265598967,35,12,12.500838887257,0,0.25,0.996984033636132,"LOW LOW","R1"
24,279,11,201.296067946093,35,12,12.5006592107527,0,0.25,0.995981455743003,"LOW LOW","R1"
27,309,6,223.259723560747,35,9,9.50111794038315,0,0.25,0.999566346561379,"LOW LOW","R1"
28,320,5,178.455335264358,35,8,8.50044027887515,0,0.25,0.96059783263068,"LOW LOW","R1"
28,324,9,189.845967976471,35,8,8.49815475982054,0,0.25,0.987260833403785,"LOW LOW","R1"
28,327,12,192.814062361284,35,8,8.50159373794343,0,0.25,0.990544055243987,"LOW LOW","R1"
29,332,5,211.741578350407,35,7,7.49996984391867,0,0.25,0.99860486285257,"LOW LOW","R1"
29,337,10,222.989473854419,35,7,7.49900625368685,0,0.25,0.999554288127111,"LOW LOW","R1"
30,346,8,212.695592572317,35,6,6.50011107638998,0,0.25,0.998733498723771,"LOW LOW","R1"
30,347,9,182.351350934166,35,6,6.50039856866812,0,0.25,0.973124756533813,"LOW LOW","R1"
31,353,2,156.105653405922,35,5,5.49816627996195,0,0.25,0.715961916223214,"LOW LOW","R1"
31,356,5,165.768343052624,35,5,5.49974387582148,0,0.25,0.870523404761459,"LOW LOW","R1"
31,357,6,168.121884528811,35,5,5.50129486282041,0,0.25,0.895158881485163,"LOW LOW","R1"
31,361,10,172.037145212477,35,5,5.49872906252576,0,0.25,0.927039698187611,"LOW LOW","R1"
31,362,11,160.187002741638,35,5,5.50051804410638,0,0.25,0.792310264742614,"LOW LOW","R1"
31,363,12,170.854913967909,35,5,5.49834457020706,0,0.25,0.918493058310678,"LOW LOW","R1"
32,375,11,164.41414867764,35,4,4.49773433503953,0,0.25,0.85422122043367,"LOW LOW","R1"
33,377,1,166.386818241346,35,3,3.49933906600615,0,0.25,0.877438053361331,"LOW LOW","R1"
33,378,2,138.019385280531,35,3,3.50017259378359,0,0.25,0.286626904446315,"LOW LOW","R1"
33,383,7,145.49030383668,35,3,3.49907920637651,0,0.25,0.461754094587014,"LOW LOW","R1"
33,385,9,156.823232178696,35,3,3.49858873479996,0,0.25,0.730542381536768,"LOW LOW","R1"
33,387,11,144.615746798831,35,3,3.50093864585043,0,0.25,0.439774102607444,"LOW LOW","R1"
34,398,11,132.050927645613,35,2,2.49965687789432,0,0.25,0.179783515737301,"LOW LOW","R1"
24,274,6,205.519200670405,36,13,13.4994336459497,0,0.25,0.997379048945368,"LOW LOW","R1"
27,309,6,227.849688955317,36,10,10.4987755084452,0,0.25,0.999727843535945,"LOW LOW","R1"
28,320,5,181.653978558098,36,9,9.50008724679798,0,0.25,0.971209615769827,"LOW LOW","R1"
28,327,12,196.879042899934,36,9,9.49876653473357,0,0.25,0.993721574741589,"LOW LOW","R1"
29,332,5,219.231871164504,36,8,8.49922026525327,0,0.25,0.999347387170768,"LOW LOW","R1"
29,337,10,231.610119645972,36,8,8.5004902207516,0,0.25,0.999814202375235,"LOW LOW","R1"
30,347,9,189.502100825407,36,7,7.50072051407701,0,0.25,0.98681417541306,"LOW LOW","R1"
31,357,6,176.768851311393,36,6,6.49972462632077,0,0.25,0.953580414298458,"LOW LOW","R1"
31,361,10,181.222885419828,36,6,6.49987578842307,0,0.25,0.969960173435735,"LOW LOW","R1"
31,362,11,167.790259523828,36,6,6.49994112721007,0,0.25,0.891956602174639,"LOW LOW","R1"
31,363,12,179.876326353777,36,6,6.49921657060919,0,0.25,0.965710059553739,"LOW LOW","R1"
32,368,4,161.40468654573,36,5,5.49883665126688,0,0.25,0.811921172618355,"LOW LOW","R1"
32,370,6,162.573422798183,36,5,5.49963508498223,0,0.25,0.829375342511439,"LOW LOW","R1"
32,371,7,189.072392055678,36,5,5.4989366323112,0,0.25,0.986234246730032,"LOW LOW","R1"
32,375,11,177.248979072442,36,5,5.4986462619845,0,0.25,0.955691168232608,"LOW LOW","R1"
33,377,1,188.256657788492,36,4,4.49961855071109,0,0.25,0.985063328937569,"LOW LOW","R1"
33,383,7,161.469718924318,36,4,4.49875010488994,0,0.25,0.812927392408391,"LOW LOW","R1"
33,387,11,160.367012807449,36,4,4.49989759914689,0,0.25,0.795301741234294,"LOW LOW","R1"
34,398,11,155.769189691927,36,3,3.500209921536,0,0.25,0.708963774910734,"LOW LOW","R1"
35,405,7,128.091027116073,36,2,2.50046201720191,0,0.25,0.127875729847428,"LOW LOW","R1"
35,408,10,130.290609990667,36,2,2.49786087013188,0,0.25,0.154917163030845,"LOW LOW","R1"
27,309,6,231.480831494824,37,11,11.5000800204765,0,0.25,0.99981174780607,"LOW LOW","R1"
28,320,5,184.043048475623,37,10,10.4991208247339,0,0.25,0.977269810959991,"LOW LOW","R1"
29,332,5,225.170864891857,37,9,9.49939196090281,0,0.25,0.999642805857335,"LOW LOW","R1"
29,337,10,238.549017209603,37,9,9.49888846184957,0,0.25,0.999908143348865,"LOW LOW","R1"
30,347,9,194.985904118902,37,8,8.49906670431839,0,0.25,0.992401093392518,"LOW LOW","R1"
31,357,6,183.332469594612,37,7,7.49933541724587,0,0.25,0.975610769853262,"LOW LOW","R1"
31,361,10,188.252962271349,37,7,7.49942888313504,0,0.25,0.98505780718686,"LOW LOW","R1"
31,362,11,173.461734500949,37,7,7.49989017195101,0,0.25,0.936238628570954,"LOW LOW","R1"
31,363,12,186.763723882564,37,7,7.49811392839929,0,0.25,0.98266099265697,"LOW LOW","R1"
32,368,4,169.163884099179,37,6,6.49964291880862,0,0.25,0.904680882485465,"LOW LOW","R1"
32,375,11,187.175976191585,37,6,6.49937231309342,0,0.25,0.983359944061567,"LOW LOW","R1"
33,377,1,206.06885869688,37,5,5.50067887252091,0,0.25,0.997520959880294,"LOW LOW","R1"
33,383,7,173.742015721128,37,5,5.49958842412082,0,0.25,0.9379164878771,"LOW LOW","R1"
33,385,9,191.032573195916,37,5,5.49992812799348,0,0.25,0.98869042879886,"LOW LOW","R1"
33,387,11,172.43166177913,37,5,5.5001909476858,0,0.25,0.9297030689714,"LOW LOW","R1"
34,389,2,172.019219027342,37,4,4.49924903415073,0,0.25,0.926916496981793,"LOW LOW","R1"
34,391,4,164.254174341308,37,4,4.49887213622372,0,0.25,0.852186916428083,"LOW LOW","R1"
34,395,8,159.165394036902,37,4,4.50094589006756,0,0.25,0.774724152416439,"LOW LOW","R1"
35,408,10,153.297362090606,37,3,3.49842623026151,0,0.25,0.654614686229173,"LOW LOW","R1"
35,410,12,154.911194479435,37,3,3.49936061550637,0,0.25,0.690667632861069,"LOW LOW","R1"
27,309,6,234.353444904463,38,12,12.4991517120353,0,0.25,0.999859365141714,"LOW LOW","R1"
30,347,9,199.191350962816,38,9,9.49893545176881,0,0.25,0.995028807832139,"LOW LOW","R1"
31,357,6,188.314688915101,38,8,8.49899991119135,0,0.25,0.985149774525051,"LOW LOW","R1"
31,362,11,177.692241155869,38,8,8.50041991404954,0,0.25,0.957558341105198,"LOW LOW","R1"
31,363,12,192.021907711281,38,8,8.50244350579251,0,0.25,0.9897602078574,"LOW LOW","R1"
32,375,11,194.853932874471,38,7,7.4992166439756,0,0.25,0.992299377086471,"LOW LOW","R1"
33,377,1,220.576258283273,38,6,6.49943222967088,0,0.25,0.999430608359915,"LOW LOW","R1"
33,383,7,183.16722107708,38,6,6.49774288020926,0,0.25,0.97520834384619,"LOW LOW","R1"
33,385,9,203.050031489297,38,6,6.49890848469549,0,0.25,0.996634786617994,"LOW LOW","R1"
34,391,4,177.058140800874,38,5,5.50042371145895,0,0.25,0.954863386436366,"LOW LOW","R1"
34,395,8,171.005654322447,38,5,5.49989174046019,0,0.25,0.919631532893979,"LOW LOW","R1"
35,400,2,178.52008870417,38,4,4.50024606013566,0,0.25,0.960845925567936,"LOW LOW","R1"
35,407,9,161.596782607257,38,4,4.49842513024491,0,0.25,0.814881426772787,"LOW LOW","R1"
35,408,10,171.379676463303,38,4,4.49920785096901,0,0.25,0.92239391554923,"LOW LOW","R1"
35,410,12,173.442920183781,38,4,4.50014726191715,0,0.25,0.936124498744621,"LOW LOW","R1"
36,416,6,149.607254163825,38,3,3.5001181498269,0,0.25,0.565796392431346,"LOW LOW","R1"
36,422,12,158.959252846871,38,3,3.50085667729816,0,0.25,0.771050318556028,"LOW LOW","R1"
27,309,6,236.625982462946,39,13,13.5007429234019,0,0.25,0.999888339869512,"LOW LOW","R1"
30,347,9,202.416445338096,39,10,10.5016311783482,0,0.25,0.99641199151197,"LOW LOW","R1"
31,357,6,192.096522087958,39,9,9.50093725285128,0,0.25,0.989836703685478,"LOW LOW","R1"
31,362,11,180.847890546815,39,9,9.49916105422341,0,0.25,0.968830717911805,"LOW LOW","R1"
31,363,12,196.03626829683,39,9,9.50021922440983,0,0.25,0.99316451539623,"LOW LOW","R1"
32,375,11,200.792387184142,39,8,8.4991012443472,0,0.25,0.995771493800242,"LOW LOW","R1"
33,377,1,232.39201557468,39,7,7.50026596786958,0,0.25,0.999828379701638,"LOW LOW","R1"
33,383,7,190.405841318482,39,7,7.50143185240721,0,0.25,0.987956318436832,"LOW LOW","R1"
33,385,9,212.58976836617,39,7,7.49938524226816,0,0.25,0.998719834840843,"LOW LOW","R1"
34,391,4,186.957514460954,39,6,6.4990632718668,0,0.25,0.982993075410135,"LOW LOW","R1"
34,395,8,180.047940448837,39,6,6.50051708573854,0,0.25,0.966282394348047,"LOW LOW","R1"
35,400,2,194.21024690956,39,5,5.49944231751107,0,0.25,0.991783566436665,"LOW LOW","R1"
35,407,9,173.893112603412,39,5,5.50018652089628,0,0.25,0.938803815785502,"LOW LOW","R1"
35,408,10,185.591595279689,39,5,5.5010701179516,0,0.25,0.98051239113596,"LOW LOW","R1"
35,410,12,188.075112217485,39,5,5.50042019632708,0,0.25,0.984789678407471,"LOW LOW","R1"
36,416,6,166.680829942169,39,4,4.49959993144501,0,0.25,0.880612320637371,"LOW LOW","R1"
36,421,11,162.935407039204,39,4,4.50042603197171,0,0.25,0.834513566383828,"LOW LOW","R1"
36,422,12,178.64015009463,39,4,4.49851564182986,0,0.25,0.961301962860606,"LOW LOW","R1"
37,429,7,136.998422323141,39,3,3.49966301139979,0,0.25,0.265908001144031,"LOW LOW","R1"
38,441,5,133.268027978438,39,2,2.50014140581886,0,0.25,0.198731762318667,"LOW LOW","R1"
27,309,6,238.423797281115,40,14,14.5007304963833,0.808778964457426,0.25,0.999906968148485,"LOW LOW","R1"
30,347,9,204.88972204697,40,11,11.4992816664508,0.808778964457426,0.25,0.997206551800919,"LOW LOW","R1"
31,362,11,183.201774819044,40,10,10.4997703699494,0.808778964457426,0.25,0.97529302342781,"LOW LOW","R1"
31,363,12,199.101031993908,40,10,10.5015811878882,0.808778964457426,0.25,0.994983240597223,"LOW LOW","R1"
32,375,11,205.385437268242,40,9,9.50038764954112,0.808778964457426,0.25,0.997343305374503,"LOW LOW","R1"
33,377,1,242.015526634538,40,8,8.49885599572456,0.808778964457426,0.25,0.9999353948888,"LOW LOW","R1"
33,385,9,220.162632565758,40,8,8.49991289734873,0.808778964457426,0.25,0.99940620123982,"LOW LOW","R1"
35,400,2,206.735946290584,40,6,6.49981981120527,0.808778964457426,0.25,0.997682931503475,"LOW LOW","R1"
35,407,9,183.339682554727,40,6,6.49895647524947,0.808778964457426,0.25,0.975628189586718,"LOW LOW","R1"
35,408,10,196.761550202522,40,6,6.50065270748509,0.808778964457426,0.25,0.993646707616926,"LOW LOW","R1"
35,410,12,199.628328961945,40,6,6.49950231114742,0.808778964457426,0.25,0.995243519378807,"LOW LOW","R1"
36,416,6,179.956669890783,40,5,5.49924825391177,0.808778964457426,0.25,0.965979163352753,"LOW LOW","R1"
36,421,11,175.486258280278,40,5,5.50158298666209,0.808778964457426,0.25,0.947463366236712,"LOW LOW","R1"
36,422,12,194.355732852396,40,5,5.49944444372827,0.808778964457426,0.25,0.991903068258323,"LOW LOW","R1"
37,425,3,179.310040431534,40,4,4.50018826029097,0.808778964457426,0.25,0.963754286879034,"LOW LOW","R1"
37,428,6,169.821706211533,40,4,4.49997121934996,0.808778964457426,0.25,0.910286825799546,"LOW LOW","R1"
37,429,7,150.826756056933,40,4,4.49988942487337,0.808778964457426,0.25,0.595931099125956,"LOW LOW","R1"
37,432,10,161.045248802205,40,4,4.49949762331158,0.808778964457426,0.25,0.806284726283527,"LOW LOW","R1"
37,436,14,157.412206664765,40,4,4.50035437407368,0.808778964457426,0.25,0.742150526342847,"LOW LOW","R1"
38,437,1,141.614537182127,40,3,3.50006444032626,0.808778964457426,0.25,0.366607418727058,"LOW LOW","R1"
38,443,7,149.938359986576,40,3,3.50074637928033,0.808778964457426,0.25,0.574036342846853,"LOW LOW","R1"
38,444,8,149.600142880734,40,3,3.50049643658077,0.808778964457426,0.25,0.56561900340779,"LOW LOW","R1"
31,362,11,184.957600793548,41,11,11.4989700653232,0.767279799376173,0.25,0.979243593702275,"LOW LOW","R1"
31,363,12,201.440825920926,41,11,11.501326219945,0.767279799376173,0.25,0.9960398546733,"LOW LOW","R1"
33,385,9,226.174147655281,41,9,9.50063249712148,0.767279799376173,0.25,0.999677388646074,"LOW LOW","R1"
35,407,9,190.596944182626,41,7,7.49973146326816,0.767279799376173,0.25,0.988185016645128,"LOW LOW","R1"
35,408,10,205.540652770592,41,7,7.50069190040062,0.767279799376173,0.25,0.997384736467854,"LOW LOW","R1"
35,410,12,208.750463009736,41,7,7.50106047607831,0.767279799376173,0.25,0.998110725620542,"LOW LOW","R1"
37,425,3,195.167824068878,41,5,5.50080078546035,0.767279799376173,0.25,0.992539125121704,"LOW LOW","R1"
37,428,6,183.720001617457,41,5,5.49970245248503,0.767279799376173,0.25,0.976529693893716,"LOW LOW","R1"
37,432,10,173.237419018104,41,5,5.49937455732187,0.767279799376173,0.25,0.934865454641744,"LOW LOW","R1"
37,436,14,168.928618600195,41,5,5.50017156998422,0.767279799376173,0.25,0.902601013544309,"LOW LOW","R1"
38,441,5,176.742431522349,41,4,4.4996717084924,0.767279799376173,0.25,0.953461530968497,"LOW LOW","R1"
38,444,8,166.671800167867,41,4,4.50028262493362,0.767279799376173,0.25,0.880515898386097,"LOW LOW","R1"
39,454,6,148.079528584457,41,3,3.49838837618796,0.767279799376173,0.25,0.527374376052039,"LOW LOW","R1"
31,363,12,203.227141657479,42,12,12.4991323362688,0.766948765854077,0.25,0.996694562194226,"LOW LOW","R1"
33,385,9,230.946227639697,42,10,10.4985855148828,0.766948765854077,0.25,0.999801249231268,"LOW LOW","R1"
35,410,12,215.953074319333,42,8,8.50055374511794,0.766948765854077,0.25,0.999089830971732,"LOW LOW","R1"
37,428,6,194.605122637009,42,6,6.49948346763242,0.766948765854077,0.25,0.992103919282636,"LOW LOW","R1"
37,432,10,182.591443004656,42,6,6.4983089626971,0.766948765854077,0.25,0.973754990506552,"LOW LOW","R1"
38,444,8,179.945869592955,42,5,5.50005111223332,0.766948765854077,0.25,0.965943107566466,"LOW LOW","R1"
39,454,6,164.743214412256,42,4,4.50012061199329,0.766948765854077,0.25,0.858332739812583,"LOW LOW","R1"
41,478,7,129.156946789361,42,2,2.49789272519369,0.766948765854077,0.25,0.140439112167356,"LOW LOW","R1"
35,410,12,221.640077974985,43,9,9.5007311507907,0.768961502378556,0.25,0.999488874760649,"LOW LOW","R1"
37,432,10,189.767996742963,43,7,7.50198692038227,0.768961502378556,0.25,0.987160882178401,"LOW LOW","R1"
40,465,6,159.437757988081,43,4,4.49999696981352,0.768961502378556,0.25,0.779513777446595,"LOW LOW","R1"
40,469,10,152.023603469678,43,4,4.50021183858834,0.768961502378556,0.25,0.624820166890599,"LOW LOW","R1"
41,476,5,152.566042014063,43,3,3.50012385793405,0.768961502378556,0.25,0.637639495621574,"LOW LOW","R1"
41,478,7,151.710679721551,43,3,3.49881815317201,0.768961502378556,0.25,0.61734317913826,"LOW LOW","R1"
41,481,10,141.129878887327,43,3,3.50054837696138,0.768961502378556,0.25,0.35525767738479,"LOW LOW","R1"
35,410,12,226.130395332011,44,10,10.4993413397052,0.730449574965418,0.25,0.999675952794469,"LOW LOW","R1"
41,472,1,155.43761726007,44,4,4.5004569458453,0.730449574965418,0.25,0.701968919349571,"LOW LOW","R1"
41,473,2,156.313418729233,44,4,4.50101871239662,0.730449574965418,0.25,0.720232173763178,"LOW LOW","R1"
41,474,3,170.024692711464,44,4,4.49988778762195,0.730449574965418,0.25,0.911955740139155,"LOW LOW","R1"
41,476,5,170.446350479836,44,4,4.49894546553293,0.730449574965418,0.25,0.915333132938897,"LOW LOW","R1"
42,483,2,152.010068287652,44,3,3.50104388476633,0.730449574965418,0.25,0.62449795792518,"LOW LOW","R1"
42,488,7,144.4880274908,44,3,3.49920026975062,0.730449574965418,0.25,0.436581764943137,"LOW LOW","R1"
43,501,10,131.690061134466,44,2,2.50134748006791,0.730449574965418,0.25,0.174443829543963,"LOW LOW","R1"
40,469,10,170.481140851369,45,6,6.50128093097108,0.767365632542452,0.25,0.915606482991592,"LOW LOW","R1"
41,473,2,167.62901162886,45,5,5.49830722951814,0.767365632542452,0.25,0.890368689239236,"LOW LOW","R1"
41,476,5,184.470002120215,45,5,5.50013376452584,0.767365632542452,0.25,0.978213095159807,"LOW LOW","R1"
42,488,7,160.206101051432,45,4,4.50056732805835,0.767365632542452,0.25,0.792629171393943,"LOW LOW","R1"
44,503,1,120.734338738149,45,2,2.49809226614035,0.767365632542452,0.25,0.0649601548914918,"LOW LOW","R1"
44,513,11,113.747532362313,45,2,2.49985268803841,0.767365632542452,0.25,0.0330475421643766,"LOW LOW","R1"
40,468,9,162.052407933636,46,7,7.49955948716364,0.727097921402193,0.25,0.821758440985454,"LOW LOW","R1"
43,499,8,166.385921507515,46,4,4.50028219420903,0.727097921402193,0.25,0.877428261727711,"LOW LOW","R1"
44,506,4,143.815514578787,46,3,3.5002111699074,0.727097921402193,0.25,0.419864811137428,"LOW LOW","R1"
44,511,9,142.803126277032,46,3,3.50040308608082,0.727097921402193,0.25,0.395053560668599,"LOW LOW","R1"
44,513,11,130.555329557338,46,3,3.50135757354979,0.727097921402193,0.25,0.158468647423409,"LOW LOW","R1"
45,518,5,129.043890979324,46,2,2.49855829645931,0.727097921402193,0.25,0.139059145399398,"LOW LOW","R1"
40,468,9,165.492864242321,47,8,8.50017161391364,0.887494698309777,0.25,0.867338032534307,"LOW LOW","R1"
43,499,8,179.603993393754,47,5,5.50089895649289,0.887494698309777,0.25,0.964782548644557,"LOW LOW","R1"
44,506,4,159.359342858821,47,4,4.49978107676843,0.887494698309777,0.25,0.778142343385468,"LOW LOW","R1"
44,508,6,163.281457191436,47,4,4.50070576272563,0.887494698309777,0.25,0.839308920094353,"LOW LOW","R1"
44,511,9,158.08633611369,47,4,4.50004422072918,0.887494698309777,0.25,0.755030063996319,"LOW LOW","R1"
44,513,11,142.848424679336,47,4,4.50009825389762,0.887494698309777,0.25,0.396153248092054,"LOW LOW","R1"
46,530,5,125.64945133676,47,2,2.49883864222538,0.887494698309777,0.25,0.10268213732854,"LOW LOW","R1"
46,537,12,126.742536034774,47,2,2.49906296167211,0.887494698309777,0.25,0.11336823615645,"LOW LOW","R1"
44,508,6,175.898499686409,48,5,5.49944794597557,0.757841488268165,0.25,0.949508209177114,"LOW LOW","R1"
45,516,3,168.623391853334,48,4,4.4991949825022,0.757841488268165,0.25,0.899842374459948,"LOW LOW","R1"
45,520,7,184.583128382982,48,4,4.49811042233984,0.757841488268165,0.25,0.978456547144495,"LOW LOW","R1"
45,522,9,161.877296606244,48,4,4.49826642148197,0.757841488268165,0.25,0.819139341228905,"LOW LOW","R1"
45,522,9,174.226761414596,49,5,5.49929582197188,0.779113657795155,0.25,0.940721354497054,"LOW LOW","R1"
46,530,5,163.158714685513,49,4,4.50002695333781,0.779113657795155,0.25,0.837621015662452,"LOW LOW","R1"
47,545,7,152.404527096295,49,3,3.50063168548326,0.779113657795155,0.25,0.633841933499479,"LOW LOW","R1"
48,554,6,127.302255515617,49,2,2.49900409087208,0.779113657795155,0.25,0.119207242534303,"LOW LOW","R1"
45,516,3,192.951371378096,50,6,6.50020892654113,0.908005621864649,0.25,0.990673747904277,"LOW LOW","R1"
47,542,4,162.815430264112,50,4,4.50064185649964,0.908005621864649,0.25,0.832824427084638,"LOW LOW","R1"
47,545,7,170.240360680157,50,4,4.49983915093615,0.908005621864649,0.25,0.913698139641046,"LOW LOW","R1"
47,547,9,155.21955495082,50,4,4.49776790172573,0.908005621864649,0.25,0.697316346682487,"LOW LOW","R1"
47,548,10,168.083006828934,50,4,4.50015353351778,0.908005621864649,0.25,0.89478784699428,"LOW LOW","R1"
48,550,2,137.542332741011,50,3,3.50068046359122,0.908005621864649,0.25,0.276826251122578,"LOW LOW","R1"
48,553,5,147.523038345413,50,3,3.49909947906828,0.908005621864649,0.25,0.513273212573369,"LOW LOW","R1"
48,555,7,144.014108120869,50,3,3.50198494657985,0.908005621864649,0.25,0.424784027681614,"LOW LOW","R1"
48,553,5,164.038548965704,51,4,4.50017009915176,0.730541740090697,0.25,0.849407867110092,"LOW LOW","R1"
48,554,6,166.067008372582,51,4,4.49996079810336,0.730541740090697,0.25,0.873903085868611,"LOW LOW","R1"
49,562,3,144.397810514018,51,3,3.50137877258974,0.730541740090697,0.25,0.434329942855997,"LOW LOW","R1"
49,563,4,145.946095098592,51,3,3.49905676322741,0.730541740090697,0.25,0.473274128588637,"LOW LOW","R1"
49,569,10,144.886822967822,51,3,3.4998573830542,0.730541740090697,0.25,0.446565853601645,"LOW LOW","R1"
50,577,6,130.946438677583,51,2,2.49994297191001,0.730541740090697,0.25,0.163836352439632,"LOW LOW","R1"
48,551,3,157.494922901465,52,5,5.50116897186356,0.950114068632774,0.25,0.743754394680728,"LOW LOW","R1"
48,554,6,179.222741190866,52,5,5.50076929644796,0.950114068632774,0.25,0.963443384515213,"LOW LOW","R1"
48,555,7,171.532223158276,52,5,5.49891310664438,0.950114068632774,0.25,0.923495401453679,"LOW LOW","R1"
49,560,1,159.352950293479,52,4,4.5006706634921,0.950114068632774,0.25,0.77803027281028,"LOW LOW","R1"
49,561,2,153.62659185611,52,4,4.49910891629228,0.950114068632774,0.25,0.662132892154099,"LOW LOW","R1"
49,562,3,160.092457355365,52,4,4.50153261619112,0.950114068632774,0.25,0.790726202585928,"LOW LOW","R1"
49,563,4,162.045011073029,52,4,4.50002047837281,0.950114068632774,0.25,0.821648411247328,"LOW LOW","R1"
49,569,10,160.708644474848,52,4,4.50064087685216,0.950114068632774,0.25,0.800890814440221,"LOW LOW","R1"
50,577,6,154.21712666792,52,3,3.50057642388626,0.950114068632774,0.25,0.675413282053062,"LOW LOW","R1"
50,581,10,149.178348918633,52,3,3.49953156905018,0.950114068632774,0.25,0.555068933499787,"LOW LOW","R1"
50,582,11,170.562792090407,52,3,3.50032082057193,0.950114068632774,0.25,0.916244877327964,"LOW LOW","R1"
49,562,3,172.105662708301,53,5,5.50077114625712,0.873090864720445,0.25,0.9275088365615,"LOW LOW","R1"
49,569,10,172.837448473173,53,5,5.50019531714087,0.873090864720445,0.25,0.93234852874425,"LOW LOW","R1"
50,577,6,172.55495961594,53,4,4.50018741714087,0.873090864720445,0.25,0.930516845299444,"LOW LOW","R1"
50,581,10,166.136390034473,53,4,4.50086363781523,0.873090864720445,0.25,0.874677320852003,"LOW LOW","R1"
51,585,3,151.676161866238,53,3,3.50017511250971,0.873090864720445,0.25,0.616514926794732,"LOW LOW","R1"
51,586,4,141.899597587494,53,3,3.50109989409801,0.873090864720445,0.25,0.373353711746098,"LOW LOW","R1"
49,569,10,182.135232951683,54,6,6.50085329726084,0.750529188487828,0.25,0.972544885926316,"LOW LOW","R1"
50,575,4,162.201484535713,54,5,5.49854772136639,0.750529188487828,0.25,0.823964661847229,"LOW LOW","R1"
51,589,7,175.690954490801,54,4,4.5008272898258,0.750529188487828,0.25,0.948488317873551,"LOW LOW","R1"
52,594,3,146.581248436302,54,3,3.49967547535176,0.750529188487828,0.25,0.489372390321228,"LOW LOW","R1"
52,597,6,145.405123647646,54,3,3.50062483830442,0.750529188487828,0.25,0.459605332585565,"LOW LOW","R1"
52,600,9,154.674807549569,54,3,3.50079824379312,0.750529188487828,0.25,0.685516609418129,"LOW LOW","R1"
51,591,9,163.461858645274,55,5,5.50045511512508,0.778815787771402,0.25,0.841763941909396,"LOW LOW","R1"
52,594,3,162.847371803882,55,4,4.49975008756536,0.778815787771402,0.25,0.833275469917028,"LOW LOW","R1"
52,597,6,161.36225122963,55,4,4.50131623441968,0.778815787771402,0.25,0.811262349001883,"LOW LOW","R1"
52,598,7,166.019572270175,55,4,4.5000721791024,0.778815787771402,0.25,0.873371390050798,"LOW LOW","R1"
53,608,5,149.355142012966,55,3,3.49920414350186,0.778815787771402,0.25,0.559497557119723,"LOW LOW","R1"
53,609,6,147.748276270319,55,3,3.49989993061588,0.778815787771402,0.25,0.518984436614895,"LOW LOW","R1"
53,612,9,147.808900996725,55,3,3.49973641886058,0.778815787771402,0.25,0.520520876938737,"LOW LOW","R1"
53,604,1,164.231539100944,56,4,4.50077995023265,0.895132444451473,0.25,0.851897189488395,"LOW LOW","R1"
53,608,5,166.360762712026,56,4,4.49969956258928,0.895132444451473,0.25,0.877153272903107,"LOW LOW","R1"
53,609,6,164.323687484609,56,4,4.50010693045903,0.895132444451473,0.25,0.853073744133095,"LOW LOW","R1"
53,612,9,164.400451914113,56,4,4.49844348095853,0.895132444451473,0.25,0.854047959319951,"LOW LOW","R1"
54,615,2,143.126559353479,56,3,3.50022100236947,0.895132444451473,0.25,0.402928043550285,"LOW LOW","R1"
54,619,6,142.255734563336,56,3,3.49991150277379,0.895132444451473,0.25,0.381851588710727,"LOW LOW","R1"
54,620,7,147.523457222587,56,3,3.50161687011879,0.895132444451473,0.25,0.513283837473517,"LOW LOW","R1"
53,608,5,179.573911767588,57,5,5.49944170303833,0.793662839745612,0.25,0.964678626083085,"LOW LOW","R1"
54,615,2,158.492809663742,57,4,4.50007794631548,0.793662839745612,0.25,0.762582825387564,"LOW LOW","R1"
54,616,3,152.606235589034,57,4,4.49934593969065,0.793662839745612,0.25,0.638581890211481,"LOW LOW","R1"
55,625,1,136.913448542538,57,3,3.50102000013101,0.793662839745612,0.25,0.264227292356285,"LOW LOW","R1"
55,630,6,137.588610477322,57,3,3.5013944783184,0.793662839745612,0.25,0.277767883629272,"LOW LOW","R1"
56,639,5,123.735519554106,57,2,2.49885171906103,0.793662839745612,0.25,0.0861089477753706,"LOW LOW","R1"
54,615,2,170.208332912212,58,5,5.49895162935226,0.820742962684223,0.25,0.913441373122486,"LOW LOW","R1"
55,632,8,160.37978691875,58,4,4.50030995044953,0.820742962684223,0.25,0.795512805627399,"LOW LOW","R1"
56,642,8,142.516491375009,58,3,3.5000265786506,0.820742962684223,0.25,0.388120075891243,"LOW LOW","R1"
56,637,3,154.180840183919,59,4,4.49947778012117,0.815112345620906,0.25,0.67460506118387,"LOW LOW","R1"
56,639,5,159.817688313872,59,4,4.50148781358717,0.815112345620906,0.25,0.786072252426146,"LOW LOW","R1"
56,642,8,157.726281962241,59,4,4.50212498569239,0.815112345620906,0.25,0.748205599255555,"LOW LOW","R1"
56,643,9,147.683511972816,59,4,4.49996492185046,0.815112345620906,0.25,0.517342689219669,"LOW LOW","R1"
57,645,1,147.427831979466,59,3,3.50031777229206,0.815112345620906,0.25,0.51085799232667,"LOW LOW","R1"
57,647,3,145.25590701305,59,3,3.50098740860845,0.815112345620906,0.25,0.455844847161734,"LOW LOW","R1"
57,651,7,146.612540060789,59,3,3.49934719569788,0.815112345620906,0.25,0.490166335884592,"LOW LOW","R1"
57,652,8,153.946681423196,59,3,3.50143055832536,0.815112345620906,0.25,0.669364697757777,"LOW LOW","R1"
56,637,3,165.111420229452,60,5,5.50085507274223,0.916229358289635,0.25,0.862818036730198,"LOW LOW","R1"
56,639,5,171.779512854486,60,5,5.49869938144512,0.916229358289635,0.25,0.925250561698738,"LOW LOW","R1"
56,642,8,169.300400264541,60,5,5.50070002913181,0.916229358289635,0.25,0.905869461102057,"LOW LOW","R1"
56,643,9,157.480020183493,60,5,5.50195926800444,0.916229358289635,0.25,0.743465914394664,"LOW LOW","R1"
57,645,1,163.918052908842,60,4,4.49938032516351,0.916229358289635,0.25,0.847836234628804,"LOW LOW","R1"
57,652,8,172.209213693603,60,4,4.50046176805319,0.916229358289635,0.25,0.928212573383581,"LOW LOW","R1"
57,655,11,180.966699695385,60,4,4.49780332377773,0.916229358289635,0.25,0.969192939788749,"LOW LOW","R1"
58,659,4,150.445388644062,60,3,3.5013376479286,0.916229358289635,0.25,0.586573565968118,"LOW LOW","R1"
58,660,5,151.912394005853,60,3,3.50183021626698,0.916229358289635,0.25,0.62216953918576,"LOW LOW","R1"
58,663,8,174.90982579971,60,3,3.50037304114976,0.916229358289635,0.25,0.94447264802244,"LOW LOW","R1"
58,665,10,148.942540518945,60,3,3.50015284997941,0.916229358289635,0.25,0.549148470203829,"LOW LOW","R1"
58,666,11,130.707222505117,60,3,3.49894993419311,0.916229358289635,0.25,0.160536124457578,"LOW LOW","R1"
56,639,5,180.929321909602,61,6,6.50053287053788,0.804298615767024,0.25,0.969079425088149,"LOW LOW","R1"
56,643,9,164.742144884513,61,6,6.49926265061966,0.804298615767024,0.25,0.858319534804019,"LOW LOW","R1"
58,657,2,165.781247645071,61,4,4.49884966257474,0.804298615767024,0.25,0.870671012704177,"LOW LOW","R1"
58,665,10,165.837214222996,61,4,4.50131786625073,0.804298615767024,0.25,0.871309523601499,"LOW LOW","R1"
60,681,5,133.540725754309,61,2,2.49905849277356,0.804298615767024,0.25,0.203177473175404,"LOW LOW","R1"
61,686,2,98.2412319387733,61,1,1.49932756945523,0.804298615767024,0.25,0.0070294419094557,"LOW LOW","R1"
56,639,5,187.928171078542,62,7,7.50020386061597,0.87689297167159,0.25,0.984564579039742,"LOW LOW","R1"
60,677,1,147.630996298963,62,3,3.4999708647186,0.87689297167159,0.25,0.516011162637616,"LOW LOW","R1"
60,681,5,157.868796922231,62,3,3.50201570876307,0.87689297167159,0.25,0.750921835316255,"LOW LOW","R1"
61,685,1,132.811524318264,62,2,2.49958129320545,0.87689297167159,0.25,0.191454049138717,"LOW LOW","R1"
56,639,5,193.281713365,63,8,8.49817818584637,0.757264948184412,0.25,0.990978591383476,"LOW LOW","R1"
60,681,5,177.237066498786,63,4,4.50068504661105,0.757264948184412,0.25,0.955639922534689,"LOW LOW","R1"
61,686,2,146.952482771676,63,3,3.5001148191138,0.757264948184412,0.25,0.498793868035561,"LOW LOW","R1"
56,639,5,197.376731606009,64,9,9.50109501731949,0.890766734871441,0.25,0.994029103404311,"LOW LOW","R1"
61,686,2,163.316702019613,64,4,4.49945544679837,0.890766734871441,0.25,0.839790963445382,"LOW LOW","R1"
62,699,4,137.535419971317,64,3,3.50007852317961,0.890766734871441,0.25,0.276685763348019,"LOW LOW","R1"
62,697,2,150.373527723711,65,4,4.50005435464265,0.738445308240365,0.25,0.584803087907555,"LOW LOW","R1"
62,701,6,156.607653521739,65,4,4.49919041769852,0.738445308240365,0.25,0.726212003144424,"LOW LOW","R1"
63,707,1,155.04090390755,65,3,3.49901750641225,0.738445308240365,0.25,0.693474198153184,"LOW LOW","R1"
63,708,2,138.729585800577,65,3,3.49953729363734,0.738445308240365,0.25,0.301594848419536,"LOW LOW","R1"
63,709,3,127.349609515584,65,3,3.50073017738315,0.738445308240365,0.25,0.119712988725132,"LOW LOW","R1"
63,715,9,149.090123861029,65,3,3.49888101495479,0.738445308240365,0.25,0.55285559650135,"LOW LOW","R1"
64,721,2,126.648921660865,65,2,2.49875911406488,0.738445308240365,0.25,0.112416349025289,"LOW LOW","R1"
64,728,9,130.746141807635,65,2,2.49966494654579,0.738445308240365,0.25,0.161069369454876,"LOW LOW","R1"
63,710,4,168.352356809813,66,4,4.50214467604212,0.867623068111385,0.25,0.897334776726047,"LOW LOW","R1"
63,715,9,166.024444094991,66,4,4.50025705523604,0.867623068111385,0.25,0.873426084948485,"LOW LOW","R1"
63,718,12,156.170938139299,66,4,4.50023490607238,0.867623068111385,0.25,0.717307962069959,"LOW LOW","R1"
64,721,2,148.21498979281,66,3,3.49904513624927,0.867623068111385,0.25,0.530801150106624,"LOW LOW","R1"
64,724,5,143.093593718254,66,3,3.49986475034405,0.867623068111385,0.25,0.402123075413677,"LOW LOW","R1"
64,725,6,138.916229918205,66,3,3.49971060978742,0.867623068111385,0.25,0.305601422151737,"LOW LOW","R1"
64,726,7,145.139532065134,66,3,3.50027263554818,0.867623068111385,0.25,0.452915490306625,"LOW LOW","R1"
64,728,9,153.936076478991,66,3,3.49903944930459,0.867623068111385,0.25,0.669126353804491,"LOW LOW","R1"
64,729,10,152.671549779919,66,3,3.49981694716751,0.867623068111385,0.25,0.640110997976199,"LOW LOW","R1"
65,732,2,128.881470867451,66,2,2.49982531058894,0.867623068111385,0.25,0.137096553087537,"LOW LOW","R1"
66,745,5,94.629893733191,66,1,1.49955465033035,0.867623068111385,0.25,0.00488221811094594,"LOW LOW","R1"
63,715,9,179.171867038857,67,5,5.50170291073559,0.80193061334671,0.25,0.96326102272735,"LOW LOW","R1"
64,725,6,153.217775844181,67,4,4.50083128498796,0.80193061334671,0.25,0.652785437489194,"LOW LOW","R1"
64,726,7,161.027258972304,67,4,4.49971559050176,0.80193061334671,0.25,0.805999278401001,"LOW LOW","R1"
64,727,8,155.521154705377,67,4,4.50086442640811,0.80193061334671,0.25,0.703740330035274,"LOW LOW","R1"
64,728,9,172.195658851527,67,4,4.50130865734265,0.80193061334671,0.25,0.928120813933009,"LOW LOW","R1"
64,729,10,170.580938107988,67,4,4.49896200046952,0.80193061334671,0.25,0.916386155729935,"LOW LOW","R1"
65,733,3,140.662505895686,67,3,3.49954147233185,0.80193061334671,0.25,0.344464628913615,"LOW LOW","R1"
65,735,5,156.032712817506,67,3,3.50078726542409,0.80193061334671,0.25,0.714453457303025,"LOW LOW","R1"
65,738,8,149.450557602247,67,3,3.4990492989457,0.80193061334671,0.25,0.561883811638468,"LOW LOW","R1"
65,739,9,160.988372000506,67,3,3.49854972094954,0.80193061334671,0.25,0.805381160759111,"LOW LOW","R1"
64,727,8,166.692980778209,68,5,5.49941435575744,0.834279242325149,0.25,0.880741964228763,"LOW LOW","R1"
64,728,9,186.573118432354,68,5,5.50082033433171,0.834279242325149,0.25,0.982328157001326,"LOW LOW","R1"
64,729,10,184.631667107549,68,5,5.49976002955693,0.834279242325149,0.25,0.978560186822962,"LOW LOW","R1"
65,733,3,155.401357756442,68,4,4.50186251349792,0.834279242325149,0.25,0.701198142955134,"LOW LOW","R1"
65,734,4,150.072160312453,68,4,4.50055458749906,0.834279242325149,0.25,0.577354755619251,"LOW LOW","R1"
66,742,2,145.20873152631,68,3,3.49937124589787,0.834279242325149,0.25,0.454656979459345,"LOW LOW","R1"
66,745,5,138.906708504924,68,3,3.49977859505527,0.834279242325149,0.25,0.305396311352556,"LOW LOW","R1"
67,755,5,126.583876448971,68,2,2.50107452358557,0.834279242325149,0.25,0.111759074416052,"LOW LOW","R1"
67,762,12,127.836793016576,68,2,2.50135813140505,0.834279242325149,0.25,0.125024519843078,"LOW LOW","R1"
66,742,2,161.114527286995,69,4,4.49942360516717,0.796573951382159,0.25,0.8073809995154,"LOW LOW","R1"
66,743,3,168.821827059405,69,4,4.50047805138181,0.796573951382159,0.25,0.901643626867887,"LOW LOW","R1"
66,745,5,153.205886798484,69,4,4.50052423841001,0.796573951382159,0.25,0.652511784625128,"LOW LOW","R1"
67,752,2,152.016031763499,69,3,3.49870304549218,0.796573951382159,0.25,0.62463993381554,"LOW LOW","R1"
67,755,5,148.124597444046,69,3,3.50061110264937,0.796573951382159,0.25,0.528514789321677,"LOW LOW","R1"
67,760,10,157.875800182138,69,3,3.5006327910484,0.796573951382159,0.25,0.751054806549468,"LOW LOW","R1"
66,743,3,182.520541158716,70,5,5.49871238433948,0.770343529651203,0.25,0.97357038683393,"LOW LOW","R1"
67,752,2,169.74509504588,70,4,4.50055101674193,0.770343529651203,0.25,0.909649565082826,"LOW LOW","R1"
67,760,10,177.24607036018,70,4,4.50101295467485,0.770343529651203,0.25,0.95567866070005,"LOW LOW","R1"
68,774,11,147.993432167942,70,3,3.50045922475387,0.770343529651203,0.25,0.52519502548767,"LOW LOW","R1"
64,727,8,186.386353186229,71,8,8.49905090295792,0.836242557847534,0.25,0.981995944192823,"LOW LOW","R1"
67,752,2,183.628051447683,71,5,5.50042939085605,0.836242557847534,0.25,0.976314765123646,"LOW LOW","R1"
67,762,12,180.353050121928,71,5,5.50046953151976,0.836242557847534,0.25,0.967277246866301,"LOW LOW","R1"
68,771,8,147.580195883612,71,4,4.49971719952989,0.836242557847534,0.25,0.514722909616002,"LOW LOW","R1"
68,773,10,158.280500434609,71,4,4.50026655522713,0.836242557847534,0.25,0.758657994973203,"LOW LOW","R1"
69,777,2,148.664829650286,71,3,3.50237553054946,0.836242557847534,0.25,0.542158195822989,"LOW LOW","R1"
69,783,8,138.397977818536,71,3,3.49864633801569,0.836242557847534,0.25,0.294550697408453,"LOW LOW","R1"
69,784,9,141.391548235722,71,3,3.49991286341767,0.836242557847534,0.25,0.361366179393779,"LOW LOW","R1"
69,787,12,147.010641851693,71,3,3.49987220117576,0.836242557847534,0.25,0.500270123102477,"LOW LOW","R1"
70,791,4,133.083233585072,71,2,2.49943330813638,0.836242557847534,0.25,0.195760931491079,"LOW LOW","R1"
70,796,9,145.972860233402,71,2,2.50028560012869,0.836242557847534,0.25,0.473951618272196,"LOW LOW","R1"
68,773,10,169.956777437852,72,5,5.49925108493477,0.728135073646408,0.25,0.911400500394797,"LOW LOW","R1"
68,774,11,177.511486144866,72,5,5.49848697881653,0.728135073646408,0.25,0.956806194461486,"LOW LOW","R1"
69,777,2,165.485014655408,72,4,4.50054502874287,0.728135073646408,0.25,0.867246302125577,"LOW LOW","R1"
69,781,6,170.506014421637,72,4,4.49924138319991,0.728135073646408,0.25,0.915801424716359,"LOW LOW","R1"
69,783,8,152.570917688694,72,4,4.50086527960916,0.728135073646408,0.25,0.637753869208727,"LOW LOW","R1"
69,787,12,163.390253673576,72,4,4.49942116489336,0.728135073646408,0.25,0.840793159209518,"LOW LOW","R1"
70,793,6,148.428874334351,72,3,3.50000239153051,0.728135073646408,0.25,0.536205771805093,"LOW LOW","R1"
70,794,7,147.591361496987,72,3,3.50010738831657,0.728135073646408,0.25,0.515006076941229,"LOW LOW","R1"
69,777,2,178.52733477197,73,5,5.49871878282546,0.847375406583959,0.25,0.96087359437449,"LOW LOW","R1"
69,787,12,176.028139811491,73,5,5.50074757919111,0.847375406583959,0.25,0.950135537991865,"LOW LOW","R1"
70,789,2,153.172946132159,73,4,4.49667236827127,0.847375406583959,0.25,0.651753055845044,"LOW LOW","R1"
70,790,3,153.937609662525,73,4,4.49923396200377,0.847375406583959,0.25,0.669160817161957,"LOW LOW","R1"
71,802,4,148.791467156357,73,3,3.50033866474213,0.847375406583959,0.25,0.545348022242111,"LOW LOW","R1"
71,805,7,156.50167008477,73,3,3.50068307179637,0.847375406583959,0.25,0.724067263205846,"LOW LOW","R1"
69,787,12,185.779052578638,74,6,6.49788601594858,1.38628265055893,0.25,0.980872763716981,"LOW LOW","R1"
70,790,3,164.824676398769,74,5,5.50025313754672,1.38628265055893,0.25,0.859335499835878,"LOW LOW","R1"
71,802,4,165.645600726977,74,4,4.49938184012599,1.38628265055893,0.25,0.869112248788467,"LOW LOW","R1"
72,811,2,140.597880185531,74,3,3.49980082433209,1.38628265055893,0.25,0.34298447765861,"LOW LOW","R1"
72,813,4,156.478884193675,74,3,3.49913725730485,1.38628265055893,0.25,0.723604799437968,"LOW LOW","R1"
73,829,7,135.691035757817,74,2,2.50049672556482,1.38628265055893,0.25,0.24081325343776,"LOW LOW","R1"
73,831,9,126.720444775667,74,2,2.50102414142304,1.38628265055893,0.25,0.113142976683352,"LOW LOW","R1"
70,790,3,173.030065661877,75,6,6.49891859560058,1.49959134813495,0.25,0.93357169282554,"LOW LOW","R1"
72,811,2,155.320439708354,75,4,4.50024225120563,1.49959134813495,0.25,0.699473933406901,"LOW LOW","R1"
72,820,11,175.996771313542,75,4,4.49888375316879,1.49959134813495,0.25,0.949984426432517,"LOW LOW","R1"
73,829,7,160.911564677069,75,3,3.49933566075413,1.49959134813495,0.25,0.804155904772945,"LOW LOW","R1"
74,839,7,128.808742613157,75,2,2.49824444831738,1.49959134813495,0.25,0.136225324256093,"LOW LOW","R1"
74,841,9,129.312700934518,75,2,2.49852162115817,1.49959134813495,0.25,0.142359001935402,"LOW LOW","R1"
72,814,5,159.671291076519,76,5,5.50080668455467,1.28838124150797,0.25,0.783562044833622,"LOW LOW","R1"
74,833,1,165.058180870465,76,3,3.50147372324392,1.28838124150797,0.25,0.862176967206485,"LOW LOW","R1"
74,840,8,161.864529314179,76,3,3.50038699623309,1.28838124150797,0.25,0.818947215782293,"LOW LOW","R1"
74,841,9,151.928432111257,76,3,3.49797795227376,1.28838124150797,0.25,0.62255225539019,"LOW LOW","R1"
74,833,1,186.528895701533,77,4,4.50201279265226,1.46024660231454,0.25,0.982250042910338,"LOW LOW","R1"
74,840,8,182.389317960938,77,4,4.50001635816314,1.46024660231454,0.25,0.973225389477875,"LOW LOW","R1"
75,847,5,141.023024820781,77,3,3.50135566296729,1.46024660231454,0.25,0.352776604270837,"LOW LOW","R1"
74,840,8,198.908210673638,78,5,5.4976319913937,1.46860551592256,0.25,0.994884564097007,"LOW LOW","R1"
75,849,7,165.948187221487,78,4,4.50038371190459,1.46860551592256,0.25,0.872567646360321,"LOW LOW","R1"
76,857,3,151.352447986526,78,3,3.49999428758597,1.46860551592256,0.25,0.608715098515167,"LOW LOW","R1"
76,862,8,152.316224546729,78,3,3.49950194425845,1.46860551592256,0.25,0.631758661782801,"LOW LOW","R1"
76,857,3,168.899812486547,79,4,4.5007365983824,1.41963195849052,0.25,0.902343588461235,"LOW LOW","R1"
77,868,5,148.132583640271,79,3,3.50058346095263,1.41963195849052,0.25,0.528716839710833,"LOW LOW","R1"
77,873,10,150.744271562655,79,3,3.50010325615458,1.41963195849052,0.25,0.593912849556867,"LOW LOW","R1"
76,857,3,182.614045093049,80,5,5.50220742828298,1.52748481815832,0.25,0.973813574296511,"LOW LOW","R1"
77,872,9,158.812703933046,80,4,4.49954279389393,1.52748481815832,0.25,0.768413034125296,"LOW LOW","R1"
77,873,10,168.12585670673,80,4,4.49981643727054,1.52748481815832,0.25,0.895196725378551,"LOW LOW","R1"
78,876,3,140.92623005494,80,3,3.49868624822621,1.52748481815832,0.25,0.350535928552518,"LOW LOW","R1"
78,877,4,139.248738936044,80,3,3.49931640520935,1.52748481815832,0.25,0.312812336270578,"LOW LOW","R1"
78,880,7,159.617633820738,80,3,3.50228767986476,1.52748481815832,0.25,0.78263668597705,"LOW LOW","R1"
78,883,10,149.019562254073,80,3,3.49927663508613,1.52748481815832,0.25,0.551083876201135,"LOW LOW","R1"
79,890,6,118.065523232302,80,2,2.49817109815004,1.52748481815832,0.25,0.0503169523576223,"LOW LOW","R1"
77,872,9,170.587477433365,81,5,5.49980639364006,1.35059436758076,0.25,0.916437015472017,"LOW LOW","R1"
77,873,10,181.686436722747,81,5,5.499272541684,1.35059436758076,0.25,0.971301621456296,"LOW LOW","R1"
78,877,4,153.63308190382,81,4,4.50001431786601,1.35059436758076,0.25,0.662280292028847,"LOW LOW","R1"
78,880,7,179.488375124001,81,4,4.49913656806603,1.35059436758076,0.25,0.964381507059477,"LOW LOW","R1"
79,893,9,156.4795010023,81,3,3.49834087056152,1.35059436758076,0.25,0.723617324527886,"LOW LOW","R1"
80,897,1,135.702893691536,81,2,2.50093620543015,1.35059436758076,0.25,0.241033433541945,"LOW LOW","R1"
80,905,9,121.454453340309,81,2,2.50163984606907,1.35059436758076,0.25,0.0695449724320943,"LOW LOW","R1"
77,872,9,179.571913392391,82,6,6.5001852627509,1.35380301160534,0.25,0.964671711869633,"LOW LOW","R1"
77,873,10,192.265985644582,82,6,6.49821536212199,1.35380301160534,0.25,0.990008345633298,"LOW LOW","R1"
79,890,6,150.088529679196,82,4,4.4982780029515,1.35380301160534,0.25,0.577760263446815,"LOW LOW","R1"
80,897,1,160.928384183804,82,3,3.50073760484276,1.35380301160534,0.25,0.804424713229357,"LOW LOW","R1"
80,899,3,151.560865861973,82,3,3.50108276358205,1.35380301160534,0.25,0.613743530233275,"LOW LOW","R1"
80,903,7,162.502265831112,82,3,3.50147887509294,1.35380301160534,0.25,0.828350522237712,"LOW LOW","R1"
77,872,9,186.427254558796,83,7,7.50041352092784,1.34501468719536,0.25,0.982069218788777,"LOW LOW","R1"
80,898,2,161.872066643507,83,4,4.50013694302805,1.34501468719536,0.25,0.819060658639779,"LOW LOW","R1"
81,911,5,156.954458947163,83,3,3.49839977330708,1.34501468719536,0.25,0.733157097379232,"LOW LOW","R1"
81,914,8,151.609670806649,83,3,3.49888478239372,1.34501468719536,0.25,0.614917577219579,"LOW LOW","R1"
81,908,2,151.215005533083,84,4,4.49941347645029,1.52047553047578,0.25,0.605386319726706,"LOW LOW","R1"
81,914,8,169.227365600848,84,4,4.49980644990718,1.52047553047578,0.25,0.905235245649479,"LOW LOW","R1"
82,923,7,151.025484468085,84,3,3.49920599618151,1.52047553047578,0.25,0.600780202779069,"LOW LOW","R1"
82,924,8,153.841396269395,84,3,3.49963464311583,1.52047553047578,0.25,0.66699459827998,"LOW LOW","R1"
83,934,8,126.407382788768,84,2,2.49968960178104,1.52047553047578,0.25,0.109992529477638,"LOW LOW","R1"
82,920,4,156.579852464747,85,4,4.49938571837029,1.49658637891597,0.25,0.725650411282338,"LOW LOW","R1"
82,925,9,159.613551930175,85,4,4.49751827893845,1.49658637891597,0.25,0.782566173944334,"LOW LOW","R1"
83,932,6,168.284733234447,85,3,3.49690518256479,1.49658637891597,0.25,0.896700519755233,"LOW LOW","R1"
84,942,7,135.375809803863,85,2,2.5009659381921,1.49658637891597,0.25,0.23501054214526,"LOW LOW","R1"
84,943,8,124.469887065588,85,2,2.50070695973855,1.49658637891597,0.25,0.0921605018746752,"LOW LOW","R1"
84,945,10,126.5163325346,85,2,2.49995857066982,1.49658637891597,0.25,0.111080108637738,"LOW LOW","R1"
83,934,8,164.48972242418,86,4,4.49958614631206,1.46440845495639,0.25,0.85517414657567,"LOW LOW","R1"
84,936,1,155.281078622425,86,3,3.50079172397084,1.46440845495639,0.25,0.698633175257516,"LOW LOW","R1"
84,940,5,142.348081710307,86,3,3.49928467966299,1.46440845495639,0.25,0.384067200101405,"LOW LOW","R1"
84,942,7,160.46460344663,86,3,3.49905807463238,1.46440845495639,0.25,0.796910112696764,"LOW LOW","R1"
84,943,8,145.194224033267,86,3,3.5012285099957,1.46440845495639,0.25,0.454291787279336,"LOW LOW","R1"
84,945,10,148.03074705376,86,3,3.5008773971944,1.46440845495639,0.25,0.526139696455394,"LOW LOW","R1"
85,950,4,129.440527520007,86,2,2.49910094045789,1.46440845495639,0.25,0.143950956363336,"LOW LOW","R1"
84,941,6,182.188938902479,87,4,4.50012198399742,1.32025174880747,0.25,0.972690110857895,"LOW LOW","R1"
84,942,7,180.580772165282,87,4,4.4998346141974,1.32025174880747,0.25,0.968001223170645,"LOW LOW","R1"
85,950,4,152.10719799374,87,3,3.50064597047757,1.32025174880747,0.25,0.626807700376467,"LOW LOW","R1"
85,952,6,151.077562709113,87,3,3.49862077392053,1.32025174880747,0.25,0.602047726718543,"LOW LOW","R1"
85,954,8,143.132590277661,87,3,3.49982754890341,1.32025174880747,0.25,0.403075365819505,"LOW LOW","R1"
84,936,1,188.645962205329,88,5,5.50122798279901,1.38700979544818,0.25,0.985633898279391,"LOW LOW","R1"
84,941,6,198.664439617716,88,5,5.49921193133498,1.38700979544818,0.25,0.994757045950385,"LOW LOW","R1"
85,952,6,168.549909099431,88,4,4.50053635649748,1.38700979544818,0.25,0.899167945924054,"LOW LOW","R1"
86,958,3,161.289014647947,88,3,3.50049088272168,1.38700979544818,0.25,0.810121161962309,"LOW LOW","R1"
87,966,1,154.187782479582,89,3,3.50016061465344,1.51933802147765,0.25,0.674759769831637,"LOW LOW","R1"
87,967,2,161.008744955024,89,3,3.50031347305925,1.51933802147765,0.25,0.805705179787198,"LOW LOW","R1"
87,968,3,152.389387269504,89,3,3.50202120037626,1.51933802147765,0.25,0.63348510107059,"LOW LOW","R1"
87,974,9,144.531580357552,89,3,3.49913653691958,1.51933802147765,0.25,0.43766979000616,"LOW LOW","R1"
88,979,3,128.061575904588,89,2,2.49953988850004,1.51933802147765,0.25,0.127542617363297,"LOW LOW","R1"
88,989,13,130.870685780163,89,2,2.50102594001326,1.51933802147765,0.25,0.162785403100284,"LOW LOW","R1"
87,974,9,160.26096907767,90,4,4.50154256290368,1.51355801656429,0.25,0.793543354265933,"LOW LOW","R1"
88,979,3,150.181477750759,90,3,3.50126931107163,1.51355801656429,0.25,0.580060804075983,"LOW LOW","R1"
88,980,4,144.205574988925,90,3,3.50088675411136,1.51355801656429,0.25,0.429540873821284,"LOW LOW","R1"
88,989,13,154.110817675213,90,3,3.49918640057227,1.51355801656429,0.25,0.673042488470034,"LOW LOW","R1"
88,980,4,159.850357467878,91,4,4.50164431493042,1.47997041452685,0.25,0.786629514813706,"LOW LOW","R1"
90,1001,2,132.346763052941,91,2,2.50095276932249,1.47997041452685,0.25,0.184255471519004,"LOW LOW","R1"
90,1001,2,156.185561154962,92,3,3.4996777346798,1.37817631347978,0.25,0.717608930232102,"LOW LOW","R1"
90,1004,5,148.198712726279,92,3,3.4997151041502,1.37817631347978,0.25,0.530389534813589,"LOW LOW","R1"
90,1007,8,150.53220016869,92,3,3.50113475231823,1.37817631347978,0.25,0.588709405353138,"LOW LOW","R1"
91,1017,9,129.851986910084,92,2,2.49974703690047,1.37817631347978,0.25,0.149175989542366,"LOW LOW","R1"
91,1014,6,152.869031100309,93,3,3.49991034012187,1.44183114789327,0.25,0.644716972928709,"LOW LOW","R1"
91,1015,7,141.077349854496,93,3,3.50044686270378,1.44183114789327,0.25,0.354037009676882,"LOW LOW","R1"
91,1017,9,152.682978032401,93,3,3.49897549509779,1.44183114789327,0.25,0.640378260215166,"LOW LOW","R1"
92,1027,10,117.894206338886,93,2,2.49935561436617,1.44183114789327,0.25,0.0494922388329396,"LOW LOW","R1"
91,1009,1,154.483811205087,94,4,4.49984211376516,1.33469151551077,0.25,0.681320982286767,"LOW LOW","R1"
91,1014,6,170.832906527197,94,4,4.50019046139887,1.33469151551077,0.25,0.918325621594008,"LOW LOW","R1"
92,1020,3,144.479909949226,94,3,3.50158015179741,1.33469151551077,0.25,0.436379042025064,"LOW LOW","R1"
92,1026,9,155.566263504861,94,3,3.50026203879596,1.33469151551077,0.25,0.704694322580934,"LOW LOW","R1"
91,1014,6,184.934392962547,95,5,5.4990119051958,1.47545768289088,0.25,0.97919564547833,"LOW LOW","R1"
93,1034,6,148.895054708135,95,3,3.49990698328854,1.47545768289088,0.25,0.547954499073051,"LOW LOW","R1"
94,1037,2,130.332920536986,95,2,2.49974506942103,1.47545768289088,0.25,0.155480405811391,"LOW LOW","R1"
91,1014,6,196.003937532463,96,6,6.50014286347637,1.43094239512561,0.25,0.993142194363586,"LOW LOW","R1"
94,1037,2,153.356659217395,96,3,3.50044466241104,1.43094239512561,0.25,0.655974634621478,"LOW LOW","R1"
94,1043,8,150.097724546754,96,3,3.49816687452971,1.43094239512561,0.25,0.577987996071473,"LOW LOW","R1"
95,1053,9,133.775068901701,96,2,2.50005533453493,1.43094239512561,0.25,0.207056755579923,"LOW LOW","R1"
96,1057,4,100.644033546178,96,1,1.49931123874334,1.43094239512561,0.25,0.00895425783454252,"LOW LOW","R1"
95,1046,2,160.430473081356,97,3,3.4991223199564,1.37869634283948,0.25,0.796348690251829,"LOW LOW","R1"
95,1049,5,154.492895534307,97,3,3.49955836287897,1.37869634283948,0.25,0.681521212680827,"LOW LOW","R1"
95,1053,9,158.199697589403,97,3,3.50016523567017,1.37869634283948,0.25,0.757152669866618,"LOW LOW","R1"
95,1053,9,177.662596321075,98,4,4.50065658769062,1.31130424194825,0.25,0.957435848636433,"LOW LOW","R1"
97,1065,2,130.709494962838,98,2,2.50129332014505,1.31130424194825,0.25,0.160567220790248,"LOW LOW","R1"
98,1073,1,99.8832349657801,98,1,1.50084488700436,1.31130424194825,0.25,0.00829414069408551,"LOW LOW","R1"
