"cohort","ind","fish_size","Year","Age","AgeE","dtype","FMORT","M","Sel","FSIM","REG"
1,1,225.179982837591,8,8,8.50214077096809,"M",0,0.25,1,"MED MED HIGH",NA
1,2,63.8051734405803,0,0,0.500747855008077,"M",0,0.25,1,"MED MED HIGH",NA
1,3,156.747096013335,3,3,3.50092343794789,"M",0,0.25,1,"MED MED HIGH",NA
1,4,67.0121403200137,0,0,0.49953056146671,"M",0,0.25,1,"MED MED HIGH",NA
1,5,197.427486355166,7,7,7.50002469685562,"M",0,0.25,1,"MED MED HIGH",NA
1,6,66.7522014765296,0,0,0.500826349608151,"M",0,0.25,1,"MED MED HIGH",NA
1,7,102.223666522227,1,1,1.49900012878271,"M",0,0.25,1,"MED MED HIGH",NA
1,8,125.975050076205,2,2,2.50072242559327,"M",0,0.25,1,"MED MED HIGH",NA
1,9,62.2833031684581,0,0,0.498532937154014,"M",0,0.25,1,"MED MED HIGH",NA
1,10,59.6799965806902,0,0,0.501623771645654,"M",0,0.25,1,"MED MED HIGH",NA
1,11,60.5424454610332,0,0,0.499690187045193,"M",0,0.25,1,"MED MED HIGH",NA
2,1,182.547318239413,6,5,5.50110330713661,"M",0,0.25,1,"MED MED HIGH",NA
2,2,62.1230680497838,1,0,0.500121367401992,"M",0,0.25,1,"MED MED HIGH",NA
2,3,198.642905158939,6,5,5.499579410766,"M",0,0.25,1,"MED MED HIGH",NA
2,4,152.039677136613,5,4,4.49988036376746,"M",0,0.25,1,"MED MED HIGH",NA
2,5,157.074229859809,5,4,4.50233132996179,"M",0,0.25,1,"MED MED HIGH",NA
2,6,62.8507953674054,1,0,0.500591855556989,"M",0,0.25,1,"MED MED HIGH",NA
2,7,62.5418845485066,1,0,0.499349255838534,"M",0,0.25,1,"MED MED HIGH",NA
2,8,63.5196269568391,1,0,0.499367278718771,"M",0,0.25,1,"MED MED HIGH",NA
2,9,120.09135083415,3,2,2.5003730417967,"M",0,0.25,1,"MED MED HIGH",NA
2,10,204.572588371961,11,10,10.5001292054004,"M",0,0.25,1,"MED MED HIGH",NA
2,11,94.7441851140051,2,1,1.49908850342121,"M",0,0.25,1,"MED MED HIGH",NA
2,12,146.883944430107,5,4,4.49929279581611,"M",0,0.25,1,"MED MED HIGH",NA
2,13,62.9806221627634,1,0,0.500684475358654,"M",0,0.25,1,"MED MED HIGH",NA
3,1,123.583809363487,4,2,2.50140370549491,"M",0,0.25,1,"MED MED HIGH",NA
3,2,114.256357314892,3,1,1.50076544730624,"M",0,0.25,1,"MED MED HIGH",NA
3,3,60.898801181455,2,0,0.499892622268916,"M",0,0.25,1,"MED MED HIGH",NA
3,4,176.833313173641,8,6,6.49996871063293,"M",0,0.25,1,"MED MED HIGH",NA
3,5,120.205379864664,4,2,2.4989670623028,"M",0,0.25,1,"MED MED HIGH",NA
3,6,188.962372018514,9,7,7.49812993162259,"M",0,0.25,1,"MED MED HIGH",NA
3,7,151.565225470189,5,3,3.5001915363954,"M",0,0.25,1,"MED MED HIGH",NA
3,8,132.03275812865,4,2,2.49990520880553,"M",0,0.25,1,"MED MED HIGH",NA
3,9,61.5403259956307,2,0,0.500426426869388,"M",0,0.25,1,"MED MED HIGH",NA
3,10,185.545185247808,9,7,7.49885815125073,"M",0,0.25,1,"MED MED HIGH",NA
4,1,137.798286452856,6,3,3.50102109760201,"M",0,0.25,1,"MED MED HIGH",NA
4,2,63.2618565294188,3,0,0.500630771724611,"M",0,0.25,1,"MED MED HIGH",NA
4,3,99.7737455796895,4,1,1.50112496616487,"M",0,0.25,1,"MED MED HIGH",NA
4,4,189.827191364436,8,5,5.49981482148201,"M",0,0.25,1,"MED MED HIGH",NA
4,5,62.3736305842541,3,0,0.499627338532876,"M",0,0.25,1,"MED MED HIGH",NA
4,6,136.739382080725,6,3,3.50018680310353,"M",0,0.25,1,"MED MED HIGH",NA
4,7,195.551837714783,17,14,14.5001412381554,"M",0,0.25,1,"MED MED HIGH",NA
4,8,101.009156345117,4,1,1.4994742513734,"M",0,0.25,1,"MED MED HIGH",NA
4,9,168.277950333345,8,5,5.5017126379445,"M",0,0.25,1,"MED MED HIGH",NA
4,10,163.322697652249,8,5,5.49954537273163,"M",0,0.25,1,"MED MED HIGH",NA
4,11,93.1833312243734,4,1,1.50224928690646,"M",0,0.25,1,"MED MED HIGH",NA
4,12,93.683730843928,4,1,1.50061067296951,"M",0,0.25,1,"MED MED HIGH",NA
5,1,64.0726183497441,4,0,0.499390890966128,"M",0,0.25,1,"MED MED HIGH",NA
5,2,62.430056347146,4,0,0.500572471245626,"M",0,0.25,1,"MED MED HIGH",NA
5,3,174.366074332449,8,4,4.49947125687928,"M",0,0.25,1,"MED MED HIGH",NA
5,4,123.922362860496,6,2,2.501030708598,"M",0,0.25,1,"MED MED HIGH",NA
5,5,176.581343920434,13,9,9.50153843876038,"M",0,0.25,1,"MED MED HIGH",NA
5,6,122.159477459348,6,2,2.5009258439994,"M",0,0.25,1,"MED MED HIGH",NA
5,7,60.8647227518598,4,0,0.500320129754748,"M",0,0.25,1,"MED MED HIGH",NA
5,8,62.2226127520783,4,0,0.500881479336337,"M",0,0.25,1,"MED MED HIGH",NA
5,9,152.561749006407,7,3,3.49980982718475,"M",0,0.25,1,"MED MED HIGH",NA
5,10,102.20818812843,5,1,1.49955516182538,"M",0,0.25,1,"MED MED HIGH",NA
5,11,194.5111303862,17,13,13.4997537451784,"M",0,0.25,1,"MED MED HIGH",NA
5,12,64.271008642677,4,0,0.501126106920832,"M",0,0.25,1,"MED MED HIGH",NA
5,13,92.6328600897038,5,1,1.50118273220447,"M",0,0.25,1,"MED MED HIGH",NA
5,14,145.129550960392,7,3,3.50093101071044,"M",0,0.25,1,"MED MED HIGH",NA
6,1,139.493815497753,7,2,2.5002233619772,"M",0,0.25,1,"MED MED HIGH",NA
6,2,135.047088491422,8,3,3.50132555416146,"M",0,0.25,1,"MED MED HIGH",NA
6,3,117.267365550248,7,2,2.49979960803088,"M",0,0.25,1,"MED MED HIGH",NA
6,4,103.634463276469,6,1,1.49882049088373,"M",0,0.25,1,"MED MED HIGH",NA
6,5,186.225370959934,10,5,5.49996944260641,"M",0,0.25,1,"MED MED HIGH",NA
6,6,167.078923371221,9,4,4.49978007574075,"M",0,0.25,1,"MED MED HIGH",NA
6,7,133.135164754657,8,3,3.49951182353158,"M",0,0.25,1,"MED MED HIGH",NA
6,8,150.719467643732,8,3,3.50175570519298,"M",0,0.25,1,"MED MED HIGH",NA
6,9,125.993986048786,7,2,2.49904048097792,"M",0,0.25,1,"MED MED HIGH",NA
6,10,65.0577135732419,5,0,0.500096441730454,"M",0,0.25,1,"MED MED HIGH",NA
6,11,183.633938228405,13,8,8.49966140656278,"M",0,0.25,1,"MED MED HIGH",NA
7,1,181.804438962997,10,4,4.50039956679462,"M",0,0.25,1,"MED MED HIGH",NA
7,2,129.791259586378,8,2,2.50033198695366,"M",0,0.25,1,"MED MED HIGH",NA
7,3,102.098957717553,7,1,1.50044730715886,"M",0,0.25,1,"MED MED HIGH",NA
7,4,96.7912572158733,7,1,1.49976124017568,"M",0,0.25,1,"MED MED HIGH",NA
7,5,97.9864839090188,7,1,1.50027734309502,"M",0,0.25,1,"MED MED HIGH",NA
7,6,64.0705634652156,6,0,0.500971370926848,"M",0,0.25,1,"MED MED HIGH",NA
7,7,185.839645438444,17,11,11.5009544568669,"M",0,0.25,1,"MED MED HIGH",NA
7,8,106.453276086409,7,1,1.50202032260265,"M",0,0.25,1,"MED MED HIGH",NA
7,9,176.092652315502,11,5,5.4986008829454,"M",0,0.25,1,"MED MED HIGH",NA
7,10,158.433814866193,10,4,4.50014559060978,"M",0,0.25,1,"MED MED HIGH",NA
8,1,158.308718824391,11,4,4.50054116621023,"M",0,0.25,1,"MED MED HIGH",NA
8,2,290.201562365689,18,11,11.4993909273909,"M",0,0.25,1,"MED MED HIGH",NA
8,3,127.861830216119,9,2,2.50034009543413,"M",0,0.25,1,"MED MED HIGH",NA
8,4,64.2557530939798,7,0,0.500549541800341,"M",0,0.25,1,"MED MED HIGH",NA
8,5,139.939752001558,10,3,3.50044857193198,"M",0,0.25,1,"MED MED HIGH",NA
8,6,103.643651263626,8,1,1.49927267575316,"M",0,0.25,1,"MED MED HIGH",NA
8,7,172.653479147982,11,4,4.49971284593537,"M",0,0.25,1,"MED MED HIGH",NA
8,8,134.668543249482,9,2,2.50047810957984,"M",0,0.25,1,"MED MED HIGH",NA
8,9,129.861434940689,9,2,2.49941216071603,"M",0,0.25,1,"MED MED HIGH",NA
8,10,218.5235699814,18,11,11.4995384687565,"M",0,0.25,1,"MED MED HIGH",NA
8,11,106.167473122892,8,1,1.50148763571365,"M",0,0.25,1,"MED MED HIGH",NA
8,12,129.831566040636,10,3,3.49981641017195,"M",0,0.25,1,"MED MED HIGH",NA
8,13,174.189194264806,12,5,5.50174839329344,"M",0,0.25,1,"MED MED HIGH",NA
9,1,163.202906128787,12,4,4.49919292313828,"M",0,0.25,1,"MED MED HIGH",NA
9,2,134.17374618214,11,3,3.49913536425388,"M",0,0.25,1,"MED MED HIGH",NA
9,3,208.494484118088,22,14,14.4998305924519,"M",0,0.25,1,"MED MED HIGH",NA
9,4,159.078465583108,12,4,4.50207994596769,"M",0,0.25,1,"MED MED HIGH",NA
9,5,64.0017180622608,8,0,0.501201436922474,"M",0,0.25,1,"MED MED HIGH",NA
9,6,108.664743514956,9,1,1.49947265380125,"M",0,0.25,1,"MED MED HIGH",NA
9,7,150.95458343767,11,3,3.50086113864871,"M",0,0.25,1,"MED MED HIGH",NA
9,8,92.7822117930697,9,1,1.50079442382095,"M",0,0.25,1,"MED MED HIGH",NA
9,9,195.635860769366,16,8,8.50120634268523,"M",0,0.25,1,"MED MED HIGH",NA
9,10,96.572110847811,9,1,1.49995905132258,"M",0,0.25,1,"MED MED HIGH",NA
10,1,64.7650921572932,9,0,0.501030974772271,"M",0,0.25,1,"MED MED HIGH",NA
10,2,146.950174808636,12,3,3.49845334455231,"M",0,0.25,1,"MED MED HIGH",NA
10,3,147.052580314232,12,3,3.49929976812626,"M",0,0.25,1,"MED MED HIGH",NA
10,4,223.661036941652,17,8,8.49998957411445,"M",0,0.25,1,"MED MED HIGH",NA
10,5,126.514773052521,11,2,2.50068202818248,"M",0,0.25,1,"MED MED HIGH",NA
10,6,140.274968767845,12,3,3.50082122381346,"M",0,0.25,1,"MED MED HIGH",NA
10,7,98.0814750340048,10,1,1.50045005549844,"M",0,0.25,1,"MED MED HIGH",NA
10,8,204.584095025912,18,9,9.50067059911417,"M",0,0.25,1,"MED MED HIGH",NA
10,9,101.334842441688,10,1,1.49988888632515,"M",0,0.25,1,"MED MED HIGH",NA
10,10,204.382634252262,19,10,10.5006425781015,"M",0,0.25,1,"MED MED HIGH",NA
10,11,165.558433703877,13,4,4.50128311995407,"M",0,0.25,1,"MED MED HIGH",NA
10,12,130.344011031929,11,2,2.49873274421679,"M",0,0.25,1,"MED MED HIGH",NA
10,13,62.9318430140456,9,0,0.500716593114249,"M",0,0.25,1,"MED MED HIGH",NA
11,1,63.8286932641385,10,0,0.500718729812114,"M",0,0.25,1,"MED MED HIGH",NA
11,2,103.166516813785,11,1,1.49912876385855,"M",0,0.25,1,"MED MED HIGH",NA
11,3,155.066442382973,13,3,3.49796425779889,"M",0,0.25,1,"MED MED HIGH",NA
11,4,136.208139607593,12,2,2.49979642077947,"M",0,0.25,1,"MED MED HIGH",NA
11,5,120.866910680178,12,2,2.49971718133137,"M",0,0.25,1,"MED MED HIGH",NA
11,6,98.936688531182,11,1,1.5009002849572,"M",0,0.25,1,"MED MED HIGH",NA
11,7,210.821193490728,21,11,11.5003437081749,"M",0,0.25,1,"MED MED HIGH",NA
11,8,99.4738093878104,11,1,1.4987128071177,"M",0,0.25,1,"MED MED HIGH",NA
11,9,209.297834404132,24,14,14.5009575683778,"M",0,0.25,1,"MED MED HIGH",NA
11,10,61.1029462754655,10,0,0.500313288066842,"M",0,0.25,1,"MED MED HIGH",NA
11,11,134.550977853819,13,3,3.50040047550283,"M",0,0.25,1,"MED MED HIGH",NA
11,12,143.906565026574,13,3,3.50017829569033,"M",0,0.25,1,"MED MED HIGH",NA
12,1,157.992044844671,15,4,4.49985905992757,"M",0,0.25,1,"MED MED HIGH",NA
12,2,99.2607477561362,12,1,1.50021322511544,"M",0,0.25,1,"MED MED HIGH",NA
12,3,64.0005858515462,11,0,0.500169311127923,"M",0,0.25,1,"MED MED HIGH",NA
12,4,190.2657413534,18,7,7.50037176381298,"M",0,0.25,1,"MED MED HIGH",NA
12,5,62.0937209182751,11,0,0.499853056573069,"M",0,0.25,1,"MED MED HIGH",NA
12,6,60.0598192047836,11,0,0.498881330585174,"M",0,0.25,1,"MED MED HIGH",NA
12,7,96.1328420667809,12,1,1.49958246756936,"M",0,0.25,1,"MED MED HIGH",NA
12,8,62.4073746605639,11,0,0.500979614587256,"M",0,0.25,1,"MED MED HIGH",NA
12,9,150.603102065289,14,3,3.50051534389615,"M",0,0.25,1,"MED MED HIGH",NA
12,10,61.0359034066287,11,0,0.498612626233328,"M",0,0.25,1,"MED MED HIGH",NA
12,11,99.9989472551905,12,1,1.49997242201642,"M",0,0.25,1,"MED MED HIGH",NA
13,1,63.6695130971124,12,0,0.500076591856539,"M",0,0.25,1,"MED MED HIGH",NA
13,2,62.7044459180417,12,0,0.499462652320881,"M",0,0.25,1,"MED MED HIGH",NA
13,3,153.95069806196,15,3,3.50158779920358,"M",0,0.25,1,"MED MED HIGH",NA
13,4,64.7661275000267,12,0,0.4990944166457,"M",0,0.25,1,"MED MED HIGH",NA
13,5,63.9163627300845,12,0,0.498599083885269,"M",0,0.25,1,"MED MED HIGH",NA
13,6,172.594935019985,18,6,6.49950786300415,"M",0,0.25,1,"MED MED HIGH",NA
13,7,97.0616668554891,13,1,1.50255719183517,"M",0,0.25,1,"MED MED HIGH",NA
13,8,128.83160480773,14,2,2.50026144569353,"M",0,0.25,1,"MED MED HIGH",NA
13,9,141.656708944002,15,3,3.50162370823334,"M",0,0.25,1,"MED MED HIGH",NA
13,10,209.228760692993,25,13,13.4997309829166,"M",0,0.25,1,"MED MED HIGH",NA
13,11,273.911615906074,21,9,9.50088465658146,"M",0,0.25,1,"MED MED HIGH",NA
13,12,100.336635357515,13,1,1.5008286286069,"M",0,0.25,1,"MED MED HIGH",NA
14,1,216.209345770355,22,9,9.49983741533567,"M",0,0.25,1,"MED MED HIGH",NA
14,2,184.322194185645,20,7,7.50134195749436,"M",0,0.25,1,"MED MED HIGH",NA
14,3,99.2071867539002,14,1,1.49944428700794,"M",0,0.25,1,"MED MED HIGH",NA
14,4,121.55203761342,15,2,2.50066747338227,"M",0,0.25,1,"MED MED HIGH",NA
14,5,210.674793259639,21,8,8.49917844862987,"M",0,0.25,1,"MED MED HIGH",NA
14,6,62.2237035135136,13,0,0.501093795830519,"M",0,0.25,1,"MED MED HIGH",NA
14,7,130.688677933568,15,2,2.49995803571502,"M",0,0.25,1,"MED MED HIGH",NA
14,8,62.3617750195384,13,0,0.500477625147509,"M",0,0.25,1,"MED MED HIGH",NA
14,9,91.3554679511421,14,1,1.4999799668831,"M",0,0.25,1,"MED MED HIGH",NA
14,10,97.6627867124621,14,1,1.4988083363377,"M",0,0.25,1,"MED MED HIGH",NA
14,11,144.516188696551,16,3,3.50064539825326,"M",0,0.25,1,"MED MED HIGH",NA
15,1,119.851133895732,16,2,2.50000563836538,"M",0,0.25,1,"MED MED HIGH",NA
15,2,61.5066879953531,14,0,0.500077521995197,"M",0,0.25,1,"MED MED HIGH",NA
15,3,198.960783602232,25,11,11.4991967504983,"M",0,0.25,1,"MED MED HIGH",NA
15,4,179.186311339917,18,4,4.50050433716247,"M",0,0.25,1,"MED MED HIGH",NA
15,5,61.1976084834513,14,0,0.498739357339191,"M",0,0.25,1,"MED MED HIGH",NA
15,6,63.191557948252,14,0,0.4993462300775,"M",0,0.25,1,"MED MED HIGH",NA
15,7,171.032879435281,19,5,5.4996891322161,"M",0,0.25,1,"MED MED HIGH",NA
15,8,100.013319640612,15,1,1.50035699198735,"M",0,0.25,1,"MED MED HIGH",NA
15,9,162.356908434119,18,4,4.4997656493325,"M",0,0.25,1,"MED MED HIGH",NA
15,10,119.876348666652,16,2,2.50005767179382,"M",0,0.25,1,"MED MED HIGH",NA
16,1,96.2862051177864,16,1,1.50046097192572,"M",0,0.25,1,"MED MED HIGH",NA
16,2,170.287755675635,19,4,4.50105900859266,"M",0,0.25,1,"MED MED HIGH",NA
16,3,186.156642447596,20,5,5.50072759619529,"M",0,0.25,1,"MED MED HIGH",NA
16,4,60.0987093011798,15,0,0.499927758570628,"M",0,0.25,1,"MED MED HIGH",NA
16,5,171.345480375431,19,4,4.49915196384518,"M",0,0.25,1,"MED MED HIGH",NA
16,6,63.7075617551572,15,0,0.500123932738944,"M",0,0.25,1,"MED MED HIGH",NA
16,7,117.80163568262,17,2,2.49904205739966,"M",0,0.25,1,"MED MED HIGH",NA
16,8,158.40646705594,19,4,4.50003130572515,"M",0,0.25,1,"MED MED HIGH",NA
16,9,181.715898124571,20,5,5.49988921826644,"M",0,0.25,1,"MED MED HIGH",NA
16,10,204.951364502396,23,8,8.50046866471464,"M",0,0.25,1,"MED MED HIGH",NA
16,11,124.831447965982,17,2,2.49968894383631,"M",0,0.25,1,"MED MED HIGH",NA
16,12,99.5844707814896,16,1,1.5003492191566,"M",0,0.25,1,"MED MED HIGH",NA
16,13,146.40302480891,18,3,3.50014587737538,"M",0,0.25,1,"MED MED HIGH",NA
17,1,66.2988433880129,16,0,0.498245853325782,"M",0,0.25,1,"MED MED HIGH",NA
17,2,203.026844044559,22,6,6.50007867496116,"M",0,0.25,1,"MED MED HIGH",NA
17,3,123.754718308245,18,2,2.50036624538887,"M",0,0.25,1,"MED MED HIGH",NA
17,4,157.731690583534,23,7,7.49945622375558,"M",0,0.25,1,"MED MED HIGH",NA
17,5,99.7436437916508,17,1,1.49997573301124,"M",0,0.25,1,"MED MED HIGH",NA
17,6,63.7323940908419,16,0,0.499286420288963,"M",0,0.25,1,"MED MED HIGH",NA
17,7,202.558617184683,22,6,6.49948877318424,"M",0,0.25,1,"MED MED HIGH",NA
17,8,208.806725099496,26,10,10.4999263467302,"M",0,0.25,1,"MED MED HIGH",NA
17,9,63.9143433999074,16,0,0.50238135344776,"M",0,0.25,1,"MED MED HIGH",NA
17,10,132.250608423465,18,2,2.50080994847862,"M",0,0.25,1,"MED MED HIGH",NA
17,11,60.4734220955968,16,0,0.501630210341254,"M",0,0.25,1,"MED MED HIGH",NA
17,12,61.3283144094444,16,0,0.499070310241348,"M",0,0.25,1,"MED MED HIGH",NA
17,13,98.6993290948585,17,1,1.50018544086846,"M",0,0.25,1,"MED MED HIGH",NA
18,1,124.140512092138,19,2,2.49998398193637,"M",0,0.25,1,"MED MED HIGH",NA
18,2,61.9146989918703,17,0,0.500684515107032,"M",0,0.25,1,"MED MED HIGH",NA
18,3,63.0557382281861,17,0,0.501518697687282,"M",0,0.25,1,"MED MED HIGH",NA
18,4,62.2311815647236,17,0,0.499758731874044,"M",0,0.25,1,"MED MED HIGH",NA
18,5,232.508459696997,31,14,14.4981395362592,"M",0,0.25,1,"MED MED HIGH",NA
18,6,175.966515955683,22,5,5.49931939858406,"M",0,0.25,1,"MED MED HIGH",NA
18,7,60.9718716022115,17,0,0.499380060018534,"M",0,0.25,1,"MED MED HIGH",NA
18,8,93.767031588911,18,1,1.49965419991379,"M",0,0.25,1,"MED MED HIGH",NA
18,9,98.42550810426,18,1,1.50078705040446,"M",0,0.25,1,"MED MED HIGH",NA
18,10,156.72864829932,20,3,3.49992387869584,"M",0,0.25,1,"MED MED HIGH",NA
19,1,63.3652471933772,18,0,0.498665129800894,"M",0,0.25,1,"MED MED HIGH",NA
19,2,205.708951230765,27,9,9.49907161364639,"M",0,0.25,1,"MED MED HIGH",NA
19,3,187.718571932246,30,12,12.4982299776278,"M",0,0.25,1,"MED MED HIGH",NA
19,4,203.991008920075,28,10,10.5002939249924,"M",0,0.25,1,"MED MED HIGH",NA
19,5,64.4604396072744,18,0,0.497615843455819,"M",0,0.25,1,"MED MED HIGH",NA
19,6,181.100212547338,23,5,5.50114703409114,"M",0,0.25,1,"MED MED HIGH",NA
19,7,62.6279608726213,18,0,0.501480583992077,"M",0,0.25,1,"MED MED HIGH",NA
19,8,92.0616729700305,19,1,1.50023545386364,"M",0,0.25,1,"MED MED HIGH",NA
19,9,124.662912427531,20,2,2.49872089913447,"M",0,0.25,1,"MED MED HIGH",NA
19,10,193.801425345796,24,6,6.50079992907854,"M",0,0.25,1,"MED MED HIGH",NA
19,11,128.576537948065,20,2,2.49869012580953,"M",0,0.25,1,"MED MED HIGH",NA
19,12,161.835194293786,31,13,13.4991499940123,"M",0,0.25,1,"MED MED HIGH",NA
19,13,150.503329834741,21,3,3.49841045717877,"M",0,0.25,1,"MED MED HIGH",NA
20,1,63.7365584447442,19,0,0.500136104288031,"M",0,0.25,1,"MED MED HIGH",NA
20,2,242.427496561634,29,10,10.5015497486015,"M",0,0.25,1,"MED MED HIGH",NA
20,3,165.876608637718,23,4,4.50183692689965,"M",0,0.25,1,"MED MED HIGH",NA
20,4,143.0477121736,22,3,3.50059622168309,"M",0,0.25,1,"MED MED HIGH",NA
20,5,97.173773235761,20,1,1.50069081960333,"M",0,0.25,1,"MED MED HIGH",NA
20,6,126.950966959434,21,2,2.50027297669739,"M",0,0.25,1,"MED MED HIGH",NA
20,7,126.78451969608,21,2,2.50043174046491,"M",0,0.25,1,"MED MED HIGH",NA
20,8,62.2510770796679,19,0,0.50084750151631,"M",0,0.25,1,"MED MED HIGH",NA
20,9,262.967633810606,31,12,12.5004902868321,"M",0,0.25,1,"MED MED HIGH",NA
20,10,161.621305701967,25,6,6.5006278955193,"M",0,0.25,1,"MED MED HIGH",NA
20,11,186.636773615027,25,6,6.49905978426982,"M",0,0.25,1,"MED MED HIGH",NA
20,12,90.6317237515304,20,1,1.49917296124925,"M",0,0.25,1,"MED MED HIGH",NA
21,1,131.30961730601,22,2,2.49893219807309,"M",0,0.25,1,"MED MED HIGH",NA
21,2,178.92129716782,29,9,9.50060876275099,"M",0,0.25,1,"MED MED HIGH",NA
21,3,150.225364475403,23,3,3.50141527159951,"M",0,0.25,1,"MED MED HIGH",NA
21,4,125.066491922465,22,2,2.49871203564995,"M",0,0.25,1,"MED MED HIGH",NA
21,5,113.166068833219,22,2,2.50142700448013,"M",0,0.25,1,"MED MED HIGH",NA
21,6,155.673337666716,23,3,3.49988979885217,"M",0,0.25,1,"MED MED HIGH",NA
21,7,105.584639888134,21,1,1.50023671715277,"M",0,0.25,1,"MED MED HIGH",NA
21,8,94.3659867436785,21,1,1.50056838659553,"M",0,0.25,1,"MED MED HIGH",NA
21,9,125.881949638136,22,2,2.50040052804635,"M",0,0.25,1,"MED MED HIGH",NA
21,10,96.7247657766961,21,1,1.50032442726132,"M",0,0.25,1,"MED MED HIGH",NA
21,11,197.054647670182,28,8,8.50058046474992,"M",0,0.25,1,"MED MED HIGH",NA
21,12,176.369550921423,24,4,4.49881578549291,"M",0,0.25,1,"MED MED HIGH",NA
22,1,169.419857497655,26,5,5.49848360744521,"M",0,0.25,1,"MED MED HIGH",NA
22,2,130.905199997352,23,2,2.50064765082357,"M",0,0.25,1,"MED MED HIGH",NA
22,3,124.125939344212,23,2,2.49921432889492,"M",0,0.25,1,"MED MED HIGH",NA
22,4,118.626638177459,23,2,2.50032326284281,"M",0,0.25,1,"MED MED HIGH",NA
22,5,181.765724793014,31,10,10.5016743017282,"M",0,0.25,1,"MED MED HIGH",NA
22,6,103.039486744935,22,1,1.50068161029573,"M",0,0.25,1,"MED MED HIGH",NA
22,7,168.399748400784,25,4,4.50069486589755,"M",0,0.25,1,"MED MED HIGH",NA
22,8,120.576775659996,23,2,2.4983753043907,"M",0,0.25,1,"MED MED HIGH",NA
22,9,184.90124043264,28,7,7.50026278195422,"M",0,0.25,1,"MED MED HIGH",NA
22,10,100.909410674268,22,1,1.49935173577022,"M",0,0.25,1,"MED MED HIGH",NA
22,11,129.833530898042,23,2,2.49885698651129,"M",0,0.25,1,"MED MED HIGH",NA
23,1,180.421745549674,28,6,6.49817607324205,"M",0,0.25,1,"MED MED HIGH",NA
23,2,226.581769144894,36,14,14.5010381719527,"M",0,0.25,1,"MED MED HIGH",NA
23,3,62.2616720312189,22,0,0.500338763039703,"M",0,0.25,1,"MED MED HIGH",NA
23,4,132.246916314013,25,3,3.50007665806433,"M",0,0.25,1,"MED MED HIGH",NA
23,5,204.471435692814,28,6,6.50130375455841,"M",0,0.25,1,"MED MED HIGH",NA
23,6,95.4448316317212,23,1,1.50108229141008,"M",0,0.25,1,"MED MED HIGH",NA
23,7,174.122936024547,28,6,6.50109175363309,"M",0,0.25,1,"MED MED HIGH",NA
23,8,64.5157854998323,22,0,0.500405439845028,"M",0,0.25,1,"MED MED HIGH",NA
23,9,178.917792433742,30,8,8.50048882578573,"M",0,0.25,1,"MED MED HIGH",NA
23,10,120.21461814153,24,2,2.50132516039033,"M",0,0.25,1,"MED MED HIGH",NA
23,11,124.262354395387,24,2,2.49966696734262,"M",0,0.25,1,"MED MED HIGH",NA
23,12,98.6566092921223,23,1,1.50220891931682,"M",0,0.25,1,"MED MED HIGH",NA
24,1,193.570174690524,34,11,11.4998592945633,"M",0,0.25,1,"MED MED HIGH",NA
24,2,194.888437018307,29,6,6.49899840537252,"M",0,0.25,1,"MED MED HIGH",NA
24,3,100.22557596138,24,1,1.4990014565351,"M",0,0.25,1,"MED MED HIGH",NA
24,4,141.028613164169,25,2,2.4997344240652,"M",0,0.25,1,"MED MED HIGH",NA
24,5,162.698660387862,26,3,3.5010935522019,"M",0,0.25,1,"MED MED HIGH",NA
24,6,93.7533288769277,24,1,1.50137081446709,"M",0,0.25,1,"MED MED HIGH",NA
24,7,209.545648826152,29,6,6.50028744759669,"M",0,0.25,1,"MED MED HIGH",NA
24,8,173.420400628582,26,3,3.49832380198115,"M",0,0.25,1,"MED MED HIGH",NA
24,9,147.827425709666,27,4,4.49927537531739,"M",0,0.25,1,"MED MED HIGH",NA
24,10,105.351526831216,24,1,1.4995694899113,"M",0,0.25,1,"MED MED HIGH",NA
24,11,180.325367546544,28,5,5.50017674853424,"M",0,0.25,1,"MED MED HIGH",NA
24,12,186.589704393021,28,5,5.50024362908011,"M",0,0.25,1,"MED MED HIGH",NA
24,13,125.783031000856,25,2,2.50003939493692,"M",0,0.25,1,"MED MED HIGH",NA
24,14,163.858442115795,27,4,4.50100600404187,"M",0,0.25,1,"MED MED HIGH",NA
24,15,141.103808492492,26,3,3.50079625046781,"M",0,0.25,1,"MED MED HIGH",NA
25,1,197.476199903341,37,13,13.5008979642718,"M",0,0.25,1,"MED MED HIGH",NA
25,2,199.333208535148,32,8,8.49981686071111,"M",0,0.25,1,"MED MED HIGH",NA
25,3,98.9088617447827,25,1,1.50130506149948,"M",0,0.25,1,"MED MED HIGH",NA
25,4,121.774088938951,26,2,2.49995837545066,"M",0,0.25,1,"MED MED HIGH",NA
25,5,198.161603996204,32,8,8.49999461863166,"M",0,0.25,1,"MED MED HIGH",NA
25,6,105.031956979552,25,1,1.50076007282667,"M",0,0.25,1,"MED MED HIGH",NA
25,7,61.5382605203675,24,0,0.498195322587345,"M",0,0.25,1,"MED MED HIGH",NA
25,8,63.8382045472916,24,0,0.501599992076017,"M",0,0.25,1,"MED MED HIGH",NA
25,9,61.7348946764062,24,0,0.500689038800674,"M",0,0.25,1,"MED MED HIGH",NA
25,10,192.449888836889,35,11,11.4993726625639,"M",0,0.25,1,"MED MED HIGH",NA
26,1,135.979790841532,28,3,3.50020860468218,"M",0,0.25,1,"MED MED HIGH",NA
26,2,127.125462700463,27,2,2.50081461260758,"M",0,0.25,1,"MED MED HIGH",NA
26,3,195.600120222719,33,8,8.49982479693886,"M",0,0.25,1,"MED MED HIGH",NA
26,4,213.248118417226,36,11,11.5016224443626,"M",0,0.25,1,"MED MED HIGH",NA
26,5,93.1762086182051,26,1,1.50110748037281,"M",0,0.25,1,"MED MED HIGH",NA
26,6,171.351323498583,29,4,4.50041647521509,"M",0,0.25,1,"MED MED HIGH",NA
26,7,61.0394567511032,25,0,0.49911130260719,"M",0,0.25,1,"MED MED HIGH",NA
26,8,218.826467917887,34,9,9.49993567203299,"M",0,0.25,1,"MED MED HIGH",NA
26,9,195.807941229385,34,9,9.49988157914765,"M",0,0.25,1,"MED MED HIGH",NA
26,10,104.253241362288,26,1,1.50168652073942,"M",0,0.25,1,"MED MED HIGH",NA
26,11,154.45871805391,28,3,3.50138992510142,"M",0,0.25,1,"MED MED HIGH",NA
26,12,61.2047702112743,25,0,0.499478181770419,"M",0,0.25,1,"MED MED HIGH",NA
27,1,98.8124185843313,27,1,1.50045363565124,"M",0,0.25,1,"MED MED HIGH",NA
27,2,183.517717974928,33,7,7.50105002995164,"M",0,0.25,1,"MED MED HIGH",NA
27,3,134.911918308267,28,2,2.50038247972778,"M",0,0.25,1,"MED MED HIGH",NA
27,4,188.282433756544,31,5,5.50000423846015,"M",0,0.25,1,"MED MED HIGH",NA
27,5,64.0544385452526,26,0,0.500284093221971,"M",0,0.25,1,"MED MED HIGH",NA
27,6,164.924219438053,30,4,4.49860491482284,"M",0,0.25,1,"MED MED HIGH",NA
27,7,160.507039806465,31,5,5.49899626347835,"M",0,0.25,1,"MED MED HIGH",NA
27,8,122.599526032855,28,2,2.49953678586008,"M",0,0.25,1,"MED MED HIGH",NA
27,9,99.7963645650523,27,1,1.50081159139843,"M",0,0.25,1,"MED MED HIGH",NA
27,10,61.630732877636,26,0,0.499772895721189,"M",0,0.25,1,"MED MED HIGH",NA
27,11,160.070535940727,29,3,3.49974402829597,"M",0,0.25,1,"MED MED HIGH",NA
28,1,145.346256689095,31,4,4.50241536943567,"M",0,0.25,1,"MED MED HIGH",NA
28,2,63.7696619460853,27,0,0.500062841113483,"M",0,0.25,1,"MED MED HIGH",NA
28,3,214.694170971417,34,7,7.50037394797977,"M",0,0.25,1,"MED MED HIGH",NA
28,4,97.9441619261109,28,1,1.50118254533726,"M",0,0.25,1,"MED MED HIGH",NA
28,5,177.751430411214,31,4,4.49973565723258,"M",0,0.25,1,"MED MED HIGH",NA
28,6,102.568219420462,28,1,1.50076374085774,"M",0,0.25,1,"MED MED HIGH",NA
28,7,98.537588269423,28,1,1.50059789450946,"M",0,0.25,1,"MED MED HIGH",NA
28,8,100.87473700724,28,1,1.50102055817224,"M",0,0.25,1,"MED MED HIGH",NA
28,9,187.657780634144,34,7,7.50066092452956,"M",0,0.25,1,"MED MED HIGH",NA
28,10,190.682085085384,37,10,10.5002018384329,"M",0,0.25,1,"MED MED HIGH",NA
28,11,97.4618567391981,28,1,1.50019921592589,"M",0,0.25,1,"MED MED HIGH",NA
28,12,144.554967903584,30,3,3.49874603481832,"M",0,0.25,1,"MED MED HIGH",NA
29,1,141.018113950744,31,3,3.49998642694712,"M",0,0.25,1,"MED MED HIGH",NA
29,2,217.580170552511,42,14,14.4996673853741,"M",0,0.25,1,"MED MED HIGH",NA
29,3,143.009612118398,31,3,3.50056710666331,"M",0,0.25,1,"MED MED HIGH",NA
29,4,192.70387916055,34,6,6.50053616437107,"M",0,0.25,1,"MED MED HIGH",NA
29,5,223.598916413188,37,9,9.49925900532654,"M",0,0.25,1,"MED MED HIGH",NA
29,6,169.201499128551,33,5,5.49962481071881,"M",0,0.25,1,"MED MED HIGH",NA
29,7,152.321226262856,31,3,3.49708294946795,"M",0,0.25,1,"MED MED HIGH",NA
29,8,127.996319482519,30,2,2.4990103560641,"M",0,0.25,1,"MED MED HIGH",NA
29,9,131.808228984818,30,2,2.500103046747,"M",0,0.25,1,"MED MED HIGH",NA
29,10,166.749841363016,32,4,4.49976118658733,"M",0,0.25,1,"MED MED HIGH",NA
29,11,119.366954201389,30,2,2.50159888483124,"M",0,0.25,1,"MED MED HIGH",NA
29,12,193.886684982168,34,6,6.49861197857681,"M",0,0.25,1,"MED MED HIGH",NA
30,1,137.586572490038,31,2,2.499351235548,"M",0,0.25,1,"MED MED HIGH",NA
30,2,99.916129342108,30,1,1.50083140815405,"M",0,0.25,1,"MED MED HIGH",NA
30,3,186.285220485665,37,8,8.50000958523148,"M",0,0.25,1,"MED MED HIGH",NA
30,4,94.2753760269543,30,1,1.4974711229874,"M",0,0.25,1,"MED MED HIGH",NA
30,5,104.188028790216,30,1,1.50031770338346,"M",0,0.25,1,"MED MED HIGH",NA
30,6,61.9469469692356,29,0,0.498782553295689,"M",0,0.25,1,"MED MED HIGH",NA
30,7,132.325773900054,31,2,2.49943992718542,"M",0,0.25,1,"MED MED HIGH",NA
30,8,61.8464651414235,29,0,0.499478342481607,"M",0,0.25,1,"MED MED HIGH",NA
30,9,198.347610484333,43,14,14.5009188140977,"M",0,0.25,1,"MED MED HIGH",NA
30,10,100.514534559478,30,1,1.49887390984217,"M",0,0.25,1,"MED MED HIGH",NA
30,11,142.286950077685,32,3,3.49961390303944,"M",0,0.25,1,"MED MED HIGH",NA
30,12,140.176558052087,32,3,3.50061795385891,"M",0,0.25,1,"MED MED HIGH",NA
30,13,60.3397583591509,29,0,0.50203521351729,"M",0,0.25,1,"MED MED HIGH",NA
31,1,205.034711084563,36,6,6.49950209116107,"M",0,0.25,1,"MED MED HIGH",NA
31,2,208.406837534756,40,10,10.499699927644,"M",0,0.25,1,"MED MED HIGH",NA
31,3,144.446211941481,33,3,3.5006034521442,"M",0,0.25,1,"MED MED HIGH",NA
31,4,63.0603214864542,30,0,0.499697191649539,"M",0,0.25,1,"MED MED HIGH",NA
31,5,62.6545028319435,30,0,0.500187036301055,"M",0,0.25,1,"MED MED HIGH",NA
31,6,96.2673418553985,31,1,1.50028015593486,"M",0,0.25,1,"MED MED HIGH",NA
31,7,99.306748849953,31,1,1.49960951200879,"M",0,0.25,1,"MED MED HIGH",NA
31,8,241.39024698523,42,12,12.499650646212,"M",0,0.25,1,"MED MED HIGH",NA
31,9,63.6517530305451,30,0,0.499386205952733,"M",0,0.25,1,"MED MED HIGH",NA
31,10,191.433321997287,40,10,10.5010567622798,"M",0,0.25,1,"MED MED HIGH",NA
31,11,135.498767895539,33,3,3.49978537724944,"M",0,0.25,1,"MED MED HIGH",NA
31,12,151.837342289258,33,3,3.50097865461257,"M",0,0.25,1,"MED MED HIGH",NA
32,1,125.614181659823,33,2,2.5009089760814,"M",0,0.25,1,"MED MED HIGH",NA
32,2,130.38755413701,33,2,2.50388409063911,"M",0,0.25,1,"MED MED HIGH",NA
32,3,145.136780902017,34,3,3.50038609977731,"M",0,0.25,1,"MED MED HIGH",NA
32,4,64.2348440743291,31,0,0.498655622138973,"M",0,0.25,1,"MED MED HIGH",NA
32,5,135.281457216904,33,2,2.49945798585427,"M",0,0.25,1,"MED MED HIGH",NA
32,6,98.2614334062724,32,1,1.49976316731847,"M",0,0.25,1,"MED MED HIGH",NA
32,7,91.5094636721412,32,1,1.49923621584128,"M",0,0.25,1,"MED MED HIGH",NA
32,8,62.7152309886353,31,0,0.500315552256258,"M",0,0.25,1,"MED MED HIGH",NA
32,9,118.74597029731,33,2,2.49956478570643,"M",0,0.25,1,"MED MED HIGH",NA
32,10,173.148895554734,35,4,4.50088951384282,"M",0,0.25,1,"MED MED HIGH",NA
32,11,63.6983225973113,31,0,0.499870997061609,"M",0,0.25,1,"MED MED HIGH",NA
32,12,98.2448272833184,32,1,1.49928659884346,"M",0,0.25,1,"MED MED HIGH",NA
32,13,209.916604741213,40,9,9.50035722644487,"M",0,0.25,1,"MED MED HIGH",NA
33,1,187.444411442927,38,6,6.50183086200372,"M",0,0.25,1,"MED MED HIGH",NA
33,2,138.521801055163,34,2,2.4999492982089,"M",0,0.25,1,"MED MED HIGH",NA
33,3,136.164134416866,34,2,2.50070954229294,"M",0,0.25,1,"MED MED HIGH",NA
33,4,171.714932794345,37,5,5.50032163430201,"M",0,0.25,1,"MED MED HIGH",NA
33,5,127.644067980133,34,2,2.49986729545127,"M",0,0.25,1,"MED MED HIGH",NA
33,6,92.5407409693916,33,1,1.50007558163544,"M",0,0.25,1,"MED MED HIGH",NA
33,7,183.915405021411,40,8,8.50064987240477,"M",0,0.25,1,"MED MED HIGH",NA
33,8,123.295798886783,34,2,2.49911041386217,"M",0,0.25,1,"MED MED HIGH",NA
33,9,168.194144184869,36,4,4.50083322601938,"M",0,0.25,1,"MED MED HIGH",NA
33,10,100.383794551874,33,1,1.50040612594584,"M",0,0.25,1,"MED MED HIGH",NA
33,11,156.856005264022,35,3,3.49926268050878,"M",0,0.25,1,"MED MED HIGH",NA
34,1,62.9263492677019,33,0,0.500397338831064,"M",0,0.25,1,"MED MED HIGH",NA
34,2,64.0949382620897,33,0,0.50070400843239,"M",0,0.25,1,"MED MED HIGH",NA
34,3,137.038835210587,36,3,3.50041573970855,"M",0,0.25,1,"MED MED HIGH",NA
34,4,151.729397186398,37,4,4.50025592637339,"M",0,0.25,1,"MED MED HIGH",NA
34,5,60.9970920811445,33,0,0.499825550871306,"M",0,0.25,1,"MED MED HIGH",NA
34,6,99.6445921895461,34,1,1.5004754761447,"M",0,0.25,1,"MED MED HIGH",NA
34,7,67.4666741006218,33,0,0.49802813268374,"M",0,0.25,1,"MED MED HIGH",NA
34,8,165.228480724166,38,5,5.49943390605006,"M",0,0.25,1,"MED MED HIGH",NA
34,9,150.317642968136,37,4,4.50056018899729,"M",0,0.25,1,"MED MED HIGH",NA
34,10,169.46981290655,37,4,4.49932007389785,"M",0,0.25,1,"MED MED HIGH",NA
34,11,184.291278647012,38,5,5.50045113810033,"M",0,0.25,1,"MED MED HIGH",NA
34,12,149.067998683163,36,3,3.50316274614455,"M",0,0.25,1,"MED MED HIGH",NA
34,13,164.40098320178,37,4,4.50043171221405,"M",0,0.25,1,"MED MED HIGH",NA
34,14,95.7859345070759,34,1,1.49962571677913,"M",0,0.25,1,"MED MED HIGH",NA
35,1,180.224410565951,39,5,5.50024184820172,"M",0,0.25,1,"MED MED HIGH",NA
35,2,158.447548230389,38,4,4.499896929729,"M",0,0.25,1,"MED MED HIGH",NA
35,3,139.247565735518,37,3,3.49839723239623,"M",0,0.25,1,"MED MED HIGH",NA
35,4,97.431082287664,35,1,1.4989413205787,"M",0,0.25,1,"MED MED HIGH",NA
35,5,61.4542714442475,34,0,0.500388675478825,"M",0,0.25,1,"MED MED HIGH",NA
35,6,167.143600947809,38,4,4.49988010009078,"M",0,0.25,1,"MED MED HIGH",NA
35,7,203.320772270656,40,6,6.50037983991968,"M",0,0.25,1,"MED MED HIGH",NA
35,8,189.243894074383,40,6,6.50089525582051,"M",0,0.25,1,"MED MED HIGH",NA
35,9,94.285152008167,35,1,1.49970301181061,"M",0,0.25,1,"MED MED HIGH",NA
35,10,120.912849200781,36,2,2.50085549258056,"M",0,0.25,1,"MED MED HIGH",NA
35,11,100.503434341747,35,1,1.49894805343912,"M",0,0.25,1,"MED MED HIGH",NA
36,1,163.936550884151,40,5,5.50165480215278,"M",0,0.25,1,"MED MED HIGH",NA
36,2,209.340812431374,47,12,12.5005833077348,"M",0,0.25,1,"MED MED HIGH",NA
36,3,214.369943616428,45,10,10.5000107757835,"M",0,0.25,1,"MED MED HIGH",NA
36,4,168.808722771491,39,4,4.49939523443673,"M",0,0.25,1,"MED MED HIGH",NA
36,5,63.5850707544958,35,0,0.498063216767435,"M",0,0.25,1,"MED MED HIGH",NA
36,6,61.337199446664,35,0,0.500230280548444,"M",0,0.25,1,"MED MED HIGH",NA
36,7,188.411257656181,45,10,10.4996463876141,"M",0,0.25,1,"MED MED HIGH",NA
36,8,162.661753730762,38,3,3.49950047421598,"M",0,0.25,1,"MED MED HIGH",NA
36,9,168.506903537441,39,4,4.50197626027681,"M",0,0.25,1,"MED MED HIGH",NA
36,10,125.390280154336,37,2,2.50074910060175,"M",0,0.25,1,"MED MED HIGH",NA
36,11,160.542457960685,38,3,3.49807427972446,"M",0,0.25,1,"MED MED HIGH",NA
36,12,94.9617395255044,36,1,1.50149826132878,"M",0,0.25,1,"MED MED HIGH",NA
37,1,215.124657505106,43,7,7.50021679080813,"M",0,0.25,1,"MED MED HIGH",NA
37,2,204.710564964064,42,6,6.49959267760565,"M",0,0.25,1,"MED MED HIGH",NA
37,3,219.586096848003,48,12,12.5009977614795,"M",0,0.25,1,"MED MED HIGH",NA
37,4,159.308575808179,41,5,5.49938360486636,"M",0,0.25,1,"MED MED HIGH",NA
37,5,207.36256108708,46,10,10.5007998452202,"M",0,0.25,1,"MED MED HIGH",NA
37,6,101.50962884101,37,1,1.49974922308131,"M",0,0.25,1,"MED MED HIGH",NA
37,7,190.355766999905,46,10,10.5011999149566,"M",0,0.25,1,"MED MED HIGH",NA
37,8,166.416514348649,39,3,3.50112128058922,"M",0,0.25,1,"MED MED HIGH",NA
37,9,61.3030999458099,36,0,0.498784488933684,"M",0,0.25,1,"MED MED HIGH",NA
37,10,198.678946858791,43,7,7.49995432339248,"M",0,0.25,1,"MED MED HIGH",NA
37,11,211.82705960669,47,11,11.5010197089666,"M",0,0.25,1,"MED MED HIGH",NA
38,1,121.41683501715,39,2,2.50141795177554,"M",0,0.25,1,"MED MED HIGH",NA
38,2,96.4417284535323,38,1,1.49937073357729,"M",0,0.25,1,"MED MED HIGH",NA
38,3,119.185025709732,39,2,2.50026061155331,"M",0,0.25,1,"MED MED HIGH",NA
38,4,62.7204349784194,37,0,0.500835718206015,"M",0,0.25,1,"MED MED HIGH",NA
38,5,201.583372322891,43,6,6.49931954088752,"M",0,0.25,1,"MED MED HIGH",NA
38,6,61.9716131160625,37,0,0.498705869726707,"M",0,0.25,1,"MED MED HIGH",NA
38,7,113.212338618635,39,2,2.49881749997711,"M",0,0.25,1,"MED MED HIGH",NA
38,8,159.883289935044,40,3,3.49956111241713,"M",0,0.25,1,"MED MED HIGH",NA
38,9,162.542880060085,40,3,3.50029893233382,"M",0,0.25,1,"MED MED HIGH",NA
38,10,229.218103512304,46,9,9.49933217053586,"M",0,0.25,1,"MED MED HIGH",NA
38,11,209.785424901552,44,7,7.49987614346334,"M",0,0.25,1,"MED MED HIGH",NA
38,12,65.133777798224,37,0,0.499188475199546,"M",0,0.25,1,"MED MED HIGH",NA
39,1,67.5889141011101,38,0,0.499801122158867,"M",0,0.25,1,"MED MED HIGH",NA
39,2,211.484701183619,46,8,8.50017123699954,"M",0,0.25,1,"MED MED HIGH",NA
39,3,194.287234645789,44,6,6.50252532460481,"M",0,0.25,1,"MED MED HIGH",NA
39,4,142.861183764491,41,3,3.50100197904463,"M",0,0.25,1,"MED MED HIGH",NA
39,5,118.75077316951,40,2,2.49976419410062,"M",0,0.25,1,"MED MED HIGH",NA
39,6,160.18608286985,41,3,3.50039588267709,"M",0,0.25,1,"MED MED HIGH",NA
39,7,143.329338176831,41,3,3.49969912269961,"M",0,0.25,1,"MED MED HIGH",NA
39,8,157.42797781698,44,6,6.49969484599019,"M",0,0.25,1,"MED MED HIGH",NA
39,9,99.8273654523138,39,1,1.4986722760231,"M",0,0.25,1,"MED MED HIGH",NA
39,10,201.892043656154,47,9,9.4987606270117,"M",0,0.25,1,"MED MED HIGH",NA
39,11,173.654265707776,43,5,5.49839696301848,"M",0,0.25,1,"MED MED HIGH",NA
39,12,94.9977703430229,39,1,1.50096222637194,"M",0,0.25,1,"MED MED HIGH",NA
39,13,121.371288752813,40,2,2.49920856776498,"M",0,0.25,1,"MED MED HIGH",NA
40,1,121.958891677502,41,2,2.49878920981492,"M",0,0.25,1,"MED MED HIGH",NA
40,2,193.817639436314,46,7,7.49824709921938,"M",0,0.25,1,"MED MED HIGH",NA
40,3,160.849620424329,42,3,3.50226999977263,"M",0,0.25,1,"MED MED HIGH",NA
40,4,188.911057829222,47,8,8.49999317802295,"M",0,0.25,1,"MED MED HIGH",NA
40,5,205.955629800878,49,10,10.4996142306885,"M",0,0.25,1,"MED MED HIGH",NA
40,6,101.818342145574,40,1,1.50171607523217,"M",0,0.25,1,"MED MED HIGH",NA
40,7,152.080341926061,42,3,3.49981819144524,"M",0,0.25,1,"MED MED HIGH",NA
40,8,177.296479871357,44,5,5.49990802807054,"M",0,0.25,1,"MED MED HIGH",NA
40,9,182.276325354451,53,14,14.498844027089,"M",0.217066251998767,0.25,1,"MED MED HIGH",NA
40,10,93.7846996327652,40,1,1.49896454117572,"M",0,0.25,1,"MED MED HIGH",NA
40,11,235.247901581635,46,7,7.49812408410111,"M",0,0.25,1,"MED MED HIGH",NA
40,12,221.599100326674,45,6,6.50007425003043,"M",0,0.25,1,"MED MED HIGH",NA
41,1,166.453108239352,44,4,4.49983573526703,"M",0,0.25,1,"MED MED HIGH",NA
41,2,193.833241061859,50,10,10.5012550828812,"FISHED",0.275970525480807,0.25,1,"MED MED HIGH",NA
41,3,99.220219999747,41,1,1.50123261985142,"M",0,0.25,1,"MED MED HIGH",NA
41,4,158.459669286499,43,3,3.50014052257516,"M",0,0.25,1,"MED MED HIGH",NA
41,5,61.4699824227305,40,0,0.49844947980821,"M",0,0.25,1,"MED MED HIGH",NA
41,6,87.263923337141,41,1,1.49844830453856,"M",0,0.25,1,"MED MED HIGH",NA
41,7,61.4808431656285,40,0,0.499467954752714,"M",0,0.25,1,"MED MED HIGH",NA
41,8,151.035602004853,44,4,4.49938955500388,"M",0,0.25,1,"MED MED HIGH",NA
41,9,62.0561341696932,40,0,0.500375162218216,"M",0,0.25,1,"MED MED HIGH",NA
41,10,177.755662649971,46,6,6.50075691054977,"M",0,0.25,1,"MED MED HIGH",NA
41,11,91.4056657643042,41,1,1.49953505374902,"M",0,0.25,1,"MED MED HIGH",NA
41,12,219.309818295322,52,12,12.5008528341008,"FISHED",0.269070951314643,0.25,1,"MED MED HIGH",NA
41,13,64.29739268393,40,0,0.499872857937844,"M",0,0.25,1,"MED MED HIGH",NA
42,1,153.186287468727,45,4,4.50111292555956,"M",0,0.25,1,"MED MED HIGH",NA
42,2,194.91696521766,46,5,5.50189950215148,"M",0,0.25,1,"MED MED HIGH",NA
42,3,185.727055641507,51,10,10.4983197180494,"M",0.25792332040146,0.25,1,"MED MED HIGH",NA
42,4,98.3667051393837,42,1,1.50050215016528,"M",0,0.25,1,"MED MED HIGH",NA
42,5,122.307215160822,43,2,2.49847060704443,"M",0,0.25,1,"MED MED HIGH",NA
42,6,95.2738160873045,42,1,1.5001715737717,"M",0,0.25,1,"MED MED HIGH",NA
42,7,96.6262450183824,42,1,1.50123828271303,"M",0,0.25,1,"MED MED HIGH",NA
42,8,144.590769115217,44,3,3.50042090772886,"M",0,0.25,1,"MED MED HIGH",NA
42,9,100.139491532314,42,1,1.50096685878357,"M",0,0.25,1,"MED MED HIGH",NA
42,10,63.9658543922144,41,0,0.499969115198235,"M",0,0.25,1,"MED MED HIGH",NA
42,11,62.0858091952311,41,0,0.499694351865352,"M",0,0.25,1,"MED MED HIGH",NA
42,12,144.585249764524,44,3,3.49932158702282,"M",0,0.25,1,"MED MED HIGH",NA
43,1,165.615495306767,51,9,9.50037628723056,"M",0.25792332040146,0.25,1,"MED MED HIGH",NA
43,2,224.902579602478,56,14,14.4999331741215,"M",0.242083761305548,0.25,1,"MED MED HIGH",NA
43,3,62.9619506659191,42,0,0.498795438335736,"M",0,0.25,1,"MED MED HIGH",NA
43,4,104.013242433005,43,1,1.49996626467883,"M",0,0.25,1,"MED MED HIGH",NA
43,5,157.532867027926,47,5,5.49987570562884,"M",0,0.25,1,"MED MED HIGH",NA
43,6,102.330450497165,43,1,1.49938656045271,"M",0,0.25,1,"MED MED HIGH",NA
43,7,63.8505984376343,42,0,0.499753249834488,"M",0,0.25,1,"MED MED HIGH",NA
43,8,148.152999080056,45,3,3.50045796957839,"M",0,0.25,1,"MED MED HIGH",NA
43,9,62.7739875107008,42,0,0.500432551646751,"M",0,0.25,1,"MED MED HIGH",NA
43,10,94.7926604024848,43,1,1.49961284142284,"M",0,0.25,1,"MED MED HIGH",NA
43,11,212.23293935192,52,10,10.5006915835998,"M",0.269070951314643,0.25,1,"MED MED HIGH",NA
43,12,170.168556581585,46,4,4.50008700552513,"M",0,0.25,1,"MED MED HIGH",NA
44,1,145.890062876985,45,2,2.50175084077375,"M",0,0.25,1,"MED MED HIGH",NA
44,2,63.1776937617341,43,0,0.500664317237857,"M",0,0.25,1,"MED MED HIGH",NA
44,3,61.3836969401002,43,0,0.4997680204484,"M",0,0.25,1,"MED MED HIGH",NA
44,4,194.547998823653,48,5,5.50007526021207,"M",0,0.25,1,"MED MED HIGH",NA
44,5,143.909422938914,46,3,3.49895166248909,"M",0,0.25,1,"MED MED HIGH",NA
44,6,97.5129088127603,44,1,1.49974111269492,"M",0,0.25,1,"MED MED HIGH",NA
44,7,171.393195247817,47,4,4.50073741563112,"M",0,0.25,1,"MED MED HIGH",NA
44,8,205.348550058021,50,7,7.49997409291715,"FISHED",0.275970525480807,0.25,1,"MED MED HIGH",NA
44,9,135.818746917488,45,2,2.49959823875515,"M",0,0.25,1,"MED MED HIGH",NA
44,10,126.325876389402,45,2,2.49804730680127,"M",0,0.25,1,"MED MED HIGH",NA
44,11,190.842262317792,49,6,6.502520013194,"M",0,0.25,1,"MED MED HIGH",NA
45,1,185.591431534536,50,6,6.49888593754369,"M",0.275970525480807,0.25,1,"MED MED HIGH",NA
45,2,173.696691722973,50,6,6.50077349943024,"M",0.275970525480807,0.25,1,"MED MED HIGH",NA
45,3,63.1442610090325,44,0,0.499285091488761,"M",0,0.25,1,"MED MED HIGH",NA
45,4,207.267526233163,51,7,7.4992232892098,"FISHED",0.25792332040146,0.25,1,"MED MED HIGH",NA
45,5,60.7302206638018,44,0,0.499186834721367,"M",0,0.25,1,"MED MED HIGH",NA
45,6,177.912231442234,48,4,4.50039725762076,"M",0,0.25,1,"MED MED HIGH",NA
45,7,121.888046561947,46,2,2.49975532294969,"M",0,0.25,1,"MED MED HIGH",NA
45,8,179.656193298475,51,7,7.50143412202265,"FISHED",0.25792332040146,0.25,1,"MED MED HIGH",NA
45,9,198.436157613876,51,7,7.50012094946622,"FISHED",0.25792332040146,0.25,1,"MED MED HIGH",NA
45,10,99.883836659497,45,1,1.49884972574054,"M",0,0.25,1,"MED MED HIGH",NA
45,11,61.7262844303997,44,0,0.500108396391583,"M",0,0.25,1,"MED MED HIGH",NA
46,1,125.758341545954,47,2,2.50047360186781,"M",0,0.25,1,"MED MED HIGH",NA
46,2,180.299291907826,51,6,6.49982441455109,"M",0.25792332040146,0.25,1,"MED MED HIGH",NA
46,3,178.754982912035,50,5,5.50006803506274,"M",0.275970525480807,0.25,1,"MED MED HIGH",NA
46,4,62.6393563106729,45,0,0.50029915563308,"M",0,0.25,1,"MED MED HIGH",NA
46,5,61.2904468246269,45,0,0.501912698428771,"M",0,0.25,1,"MED MED HIGH",NA
46,6,61.9893905205398,45,0,0.500642915408421,"M",0,0.25,1,"MED MED HIGH",NA
46,7,154.395421229204,50,5,5.5000647467667,"M",0.275970525480807,0.25,1,"MED MED HIGH",NA
46,8,144.501560804921,47,2,2.49839049794801,"M",0,0.25,1,"MED MED HIGH",NA
46,9,61.0636728027204,45,0,0.500206484812242,"M",0,0.25,1,"MED MED HIGH",NA
46,10,66.2575842573657,45,0,0.500396422156281,"M",0,0.25,1,"MED MED HIGH",NA
46,11,89.845899992956,46,1,1.50016179055776,"M",0,0.25,1,"MED MED HIGH",NA
46,12,62.9244521805329,45,0,0.500687827059701,"M",0,0.25,1,"MED MED HIGH",NA
47,1,63.0432159771916,46,0,0.498779137775006,"M",0,0.25,1,"MED MED HIGH",NA
47,2,202.343522416626,52,6,6.50023031328471,"M",0.269070951314643,0.25,1,"MED MED HIGH",NA
47,3,132.930826520764,49,3,3.50047061732509,"M",0,0.25,1,"MED MED HIGH",NA
47,4,97.3856249786924,47,1,1.49971383633346,"M",0,0.25,1,"MED MED HIGH",NA
47,5,158.489680462046,50,4,4.50071137607943,"FISHED",0.275970525480807,0.25,1,"MED MED HIGH",NA
47,6,60.4058472926374,46,0,0.49933430217968,"M",0,0.25,1,"MED MED HIGH",NA
47,7,151.528217558122,49,3,3.50017868605187,"M",0,0.25,1,"MED MED HIGH",NA
47,8,176.534387225801,50,4,4.50140974323497,"M",0.275970525480807,0.25,1,"MED MED HIGH",NA
47,9,194.325230298644,51,5,5.50019232312232,"FISHED",0.25792332040146,0.25,1,"MED MED HIGH",NA
47,10,142.021032481031,50,4,4.50156430681638,"M",0.275970525480807,0.25,1,"MED MED HIGH",NA
48,1,181.19540635075,52,5,5.50027996689174,"M",0.269070951314643,0.25,1,"MED MED HIGH",NA
48,2,61.9829912884502,47,0,0.500437586786759,"M",0,0.25,1,"MED MED HIGH",NA
48,3,150.913513491461,50,3,3.50082102985303,"M",0.275970525480807,0.25,1,"MED MED HIGH",NA
48,4,180.459987253166,53,6,6.49973712389724,"FISHED",0.217066251998767,0.25,1,"MED MED HIGH",NA
48,5,108.253598208482,49,2,2.50048659862697,"M",0,0.25,1,"MED MED HIGH",NA
48,6,150.145504905738,50,3,3.50042849775916,"FISHED",0.275970525480807,0.25,1,"MED MED HIGH",NA
48,7,180.602576849871,54,7,7.50117456062574,"FISHED",0.202290028054267,0.25,1,"MED MED HIGH",NA
48,8,105.440388585474,48,1,1.50025061489954,"M",0,0.25,1,"MED MED HIGH",NA
48,9,192.858422590029,54,7,7.49888285625982,"M",0.202290028054267,0.25,1,"MED MED HIGH",NA
48,10,123.115947014386,49,2,2.50100440942917,"M",0,0.25,1,"MED MED HIGH",NA
48,11,169.219601272757,51,4,4.49828918668756,"M",0.25792332040146,0.25,1,"MED MED HIGH",NA
49,1,60.5900536719856,48,0,0.499096995020948,"M",0,0.25,1,"MED MED HIGH",NA
49,2,97.3041762297011,49,1,1.50088823129532,"M",0,0.25,1,"MED MED HIGH",NA
49,3,144.086051914952,51,3,3.49876638917355,"FISHED",0.25792332040146,0.25,1,"MED MED HIGH",NA
49,4,119.990902950413,50,2,2.49888130950042,"FISHED",0.275970525480807,0.25,1,"MED MED HIGH",NA
49,5,162.595868283486,52,4,4.50078897167816,"FISHED",0.269070951314643,0.25,1,"MED MED HIGH",NA
49,6,100.963914532064,49,1,1.49856697122455,"M",0,0.25,1,"MED MED HIGH",NA
49,7,123.19447166839,50,2,2.49937807477913,"M",0.275970525480807,0.25,1,"MED MED HIGH",NA
49,8,61.2979962698563,48,0,0.500481729058017,"M",0,0.25,1,"MED MED HIGH",NA
49,9,151.435808290351,51,3,3.49933222286998,"FISHED",0.25792332040146,0.25,1,"MED MED HIGH",NA
49,10,141.016226569289,51,3,3.5008711419161,"FISHED",0.25792332040146,0.25,1,"MED MED HIGH",NA
49,11,97.3084025076606,49,1,1.50078677562001,"M",0,0.25,1,"MED MED HIGH",NA
49,12,121.951493014934,50,2,2.49958968088582,"M",0.275970525480807,0.25,1,"MED MED HIGH",NA
50,1,153.276635565993,53,4,4.50139672805471,"FISHED",0.217066251998767,0.25,1,"MED MED HIGH",NA
50,2,64.3220525339621,49,0,0.502333712779558,"M",0,0.25,1,"MED MED HIGH",NA
50,3,218.00385076398,59,10,10.4994545067539,"M",0.29950423326809,0.25,1,"MED MED HIGH",NA
50,4,62.8259519198909,49,0,0.499013107097662,"M",0,0.25,1,"MED MED HIGH",NA
50,5,190.796779938966,55,6,6.5003404654049,"M",0.248906600568444,0.25,1,"MED MED HIGH",NA
50,6,153.959420268358,53,4,4.49893300895667,"M",0.217066251998767,0.25,1,"MED MED HIGH",NA
50,7,137.342970096698,51,2,2.49850727348639,"FISHED",0.25792332040146,0.25,1,"MED MED HIGH",NA
50,8,161.119444915243,54,5,5.50141689866089,"FISHED",0.202290028054267,0.25,1,"MED MED HIGH",NA
50,9,99.7098503938608,50,1,1.50169887372765,"M",0.275970525480807,0.25,1,"MED MED HIGH",NA
50,10,62.1419430453567,49,0,0.499030898492699,"M",0,0.25,1,"MED MED HIGH",NA
50,11,96.4795443156707,50,1,1.4999858361462,"FISHED",0.275970525480807,0.25,1,"MED MED HIGH",NA
51,1,100.579885048807,51,1,1.50135107287948,"FISHED",0.25792332040146,0.25,1,"MED MED HIGH",NA
51,2,95.7295040151186,51,1,1.50076590692557,"M",0.25792332040146,0.25,1,"MED MED HIGH",NA
51,3,63.0115240998256,50,0,0.499813308665388,"FISHED",0.275970525480807,0.25,1,"MED MED HIGH",NA
51,4,138.59263433966,52,2,2.50055557551878,"M",0.269070951314643,0.25,1,"MED MED HIGH",NA
51,5,187.420031627077,57,7,7.49949605726447,"FISHED",0.252065839222632,0.25,1,"MED MED HIGH",NA
51,6,64.7847263237634,50,0,0.499873495949093,"M",0.275970525480807,0.25,1,"MED MED HIGH",NA
51,7,103.785857708824,51,1,1.50087521000257,"M",0.25792332040146,0.25,1,"MED MED HIGH",NA
51,8,63.9576718664953,50,0,0.499008075845514,"M",0.275970525480807,0.25,1,"MED MED HIGH",NA
51,9,123.723534132772,52,2,2.50137494398655,"M",0.269070951314643,0.25,1,"MED MED HIGH",NA
51,10,97.8619914535367,51,1,1.49862818012005,"FISHED",0.25792332040146,0.25,1,"MED MED HIGH",NA
51,11,103.866303264391,51,1,1.49953331212306,"FISHED",0.25792332040146,0.25,1,"MED MED HIGH",NA
51,12,96.0953128371493,51,1,1.50109963665861,"M",0.25792332040146,0.25,1,"MED MED HIGH",NA
51,13,149.313121828514,53,3,3.49880691436391,"FISHED",0.217066251998767,0.25,1,"MED MED HIGH",NA
52,1,64.2086327562297,51,0,0.50203339965057,"M",0.25792332040146,0.25,1,"MED MED HIGH",NA
52,2,119.240310457644,53,2,2.50043072343728,"M",0.217066251998767,0.25,1,"MED MED HIGH",NA
52,3,122.924912230351,53,2,2.4986241845393,"M",0.217066251998767,0.25,1,"MED MED HIGH",NA
52,4,63.0560676042562,51,0,0.500285439438078,"M",0.25792332040146,0.25,1,"MED MED HIGH",NA
52,5,125.975271445226,53,2,2.49786094975008,"M",0.217066251998767,0.25,1,"MED MED HIGH",NA
52,6,101.053724773315,52,1,1.50099788903063,"M",0.269070951314643,0.25,1,"MED MED HIGH",NA
52,7,120.4734001774,53,2,2.49950612180312,"FISHED",0.217066251998767,0.25,1,"MED MED HIGH",NA
52,8,94.9620756452223,52,1,1.49912349825164,"M",0.269070951314643,0.25,1,"MED MED HIGH",NA
52,9,62.3906237409572,51,0,0.501401384958828,"FISHED",0.25792332040146,0.25,1,"MED MED HIGH",NA
52,10,62.5575778480228,51,0,0.498093309356063,"M",0.25792332040146,0.25,1,"MED MED HIGH",NA
52,11,66.0411362260669,51,0,0.499350592899782,"FISHED",0.25792332040146,0.25,1,"MED MED HIGH",NA
52,12,59.6394001552472,51,0,0.502056879862852,"M",0.25792332040146,0.25,1,"MED MED HIGH",NA
52,13,98.612837465803,52,1,1.50055539108511,"FISHED",0.269070951314643,0.25,1,"MED MED HIGH",NA
53,1,130.785969357142,54,2,2.49910359439823,"FISHED",0.202290028054267,0.25,1,"MED MED HIGH",NA
53,2,189.441325819836,57,5,5.49960753583958,"FISHED",0.252065839222632,0.25,1,"MED MED HIGH",NA
53,3,62.7571038604754,52,0,0.499814417046469,"FISHED",0.269070951314643,0.25,1,"MED MED HIGH",NA
53,4,94.7660294968298,53,1,1.4996112103755,"M",0.217066251998767,0.25,1,"MED MED HIGH",NA
53,5,146.62755440021,54,2,2.49971062905263,"M",0.202290028054267,0.25,1,"MED MED HIGH",NA
53,6,122.231581468381,54,2,2.49971635649109,"FISHED",0.202290028054267,0.25,1,"MED MED HIGH",NA
53,7,63.6459144955424,52,0,0.50036213744055,"M",0.269070951314643,0.25,1,"MED MED HIGH",NA
53,8,65.3130514991356,52,0,0.500036512682461,"M",0.269070951314643,0.25,1,"MED MED HIGH",NA
53,9,89.7576553864337,53,1,1.50043717492074,"FISHED",0.217066251998767,0.25,1,"MED MED HIGH",NA
53,10,127.569098875277,54,2,2.49834304472298,"FISHED",0.202290028054267,0.25,1,"MED MED HIGH",NA
53,11,120.24237183112,54,2,2.49888363963709,"M",0.202290028054267,0.25,1,"MED MED HIGH",NA
53,12,153.653870432038,56,4,4.50012071371818,"FISHED",0.242083761305548,0.25,1,"MED MED HIGH",NA
53,13,62.3477587467193,52,0,0.50164430287391,"FISHED",0.269070951314643,0.25,1,"MED MED HIGH",NA
53,14,179.472908508888,58,6,6.50040095533692,"M",0.250788390100934,0.25,1,"MED MED HIGH",NA
54,1,61.7940506254167,53,0,0.499501167870418,"FISHED",0.217066251998767,0.25,1,"MED MED HIGH",NA
54,2,119.416776237528,55,2,2.49800818890775,"M",0.248906600568444,0.25,1,"MED MED HIGH",NA
54,3,119.325370129803,55,2,2.50031550895061,"FISHED",0.248906600568444,0.25,1,"MED MED HIGH",NA
54,4,62.3611644680217,53,0,0.498236591385839,"FISHED",0.217066251998767,0.25,1,"MED MED HIGH",NA
54,5,98.3125515493752,54,1,1.50027197522703,"FISHED",0.202290028054267,0.25,1,"MED MED HIGH",NA
54,6,59.3237189761794,53,0,0.499969577113835,"FISHED",0.217066251998767,0.25,1,"MED MED HIGH",NA
54,7,61.5953005803553,53,0,0.499090156009886,"M",0.217066251998767,0.25,1,"MED MED HIGH",NA
54,8,166.845728647372,57,4,4.49984832420796,"FISHED",0.252065839222632,0.25,1,"MED MED HIGH",NA
54,9,60.0012156527051,53,0,0.500011981296805,"M",0.217066251998767,0.25,1,"MED MED HIGH",NA
54,10,163.667447309532,57,4,4.49932283615897,"FISHED",0.252065839222632,0.25,1,"MED MED HIGH",NA
54,11,62.5551013210867,53,0,0.501449390350452,"M",0.217066251998767,0.25,1,"MED MED HIGH",NA
55,1,95.782578217969,55,1,1.50050394153711,"M",0.248906600568444,0.25,1,"MED MED HIGH",NA
55,2,101.715180192954,55,1,1.4986742383061,"FISHED",0.248906600568444,0.25,1,"MED MED HIGH",NA
55,3,64.1342427197682,54,0,0.499825928955387,"M",0.202290028054267,0.25,1,"MED MED HIGH",NA
55,4,123.064394490646,56,2,2.49843654869502,"FISHED",0.242083761305548,0.25,1,"MED MED HIGH",NA
55,5,64.0966792042206,54,0,0.499723429542696,"FISHED",0.202290028054267,0.25,1,"MED MED HIGH",NA
55,6,122.954100150737,56,2,2.49941919430879,"FISHED",0.242083761305548,0.25,1,"MED MED HIGH",NA
55,7,176.083606377891,59,5,5.50017992886284,"M",0.29950423326809,0.25,1,"MED MED HIGH",NA
55,8,124.387940164286,56,2,2.50004254449587,"M",0.242083761305548,0.25,1,"MED MED HIGH",NA
55,9,134.634453179388,56,2,2.49856371451296,"M",0.242083761305548,0.25,1,"MED MED HIGH",NA
55,10,102.464414231841,55,1,1.49885486989142,"FISHED",0.248906600568444,0.25,1,"MED MED HIGH",NA
55,11,94.6040239475216,55,1,1.50100837110817,"M",0.248906600568444,0.25,1,"MED MED HIGH",NA
55,12,97.9069570917172,55,1,1.49956369242311,"FISHED",0.248906600568444,0.25,1,"MED MED HIGH",NA
55,13,60.8473702940734,54,0,0.498923211145779,"FISHED",0.202290028054267,0.25,1,"MED MED HIGH",NA
56,1,63.0630774659617,55,0,0.499096483010195,"M",0.248906600568444,0.25,1,"MED MED HIGH",NA
56,2,62.5352562753685,55,0,0.502095576532235,"M",0.248906600568444,0.25,1,"MED MED HIGH",NA
56,3,63.5738478978124,55,0,0.498721135613495,"FISHED",0.248906600568444,0.25,1,"MED MED HIGH",NA
56,4,66.173454320352,55,0,0.499753336412314,"M",0.248906600568444,0.25,1,"MED MED HIGH",NA
56,5,101.157921333345,56,1,1.5027418322643,"FISHED",0.242083761305548,0.25,1,"MED MED HIGH",NA
56,6,97.11107567634,56,1,1.5002405637017,"M",0.242083761305548,0.25,1,"MED MED HIGH",NA
56,7,138.518319806443,58,3,3.50053220076425,"M",0.250788390100934,0.25,1,"MED MED HIGH",NA
56,8,124.966772113215,57,2,2.50041899614454,"M",0.252065839222632,0.25,1,"MED MED HIGH",NA
56,9,62.9548306091632,55,0,0.500080156442994,"M",0.248906600568444,0.25,1,"MED MED HIGH",NA
57,1,99.2799614468154,57,1,1.50111211473229,"M",0.252065839222632,0.25,1,"MED MED HIGH",NA
57,2,64.6306100915791,56,0,0.499505776387381,"M",0.242083761305548,0.25,1,"MED MED HIGH",NA
57,3,137.177112987338,59,3,3.50002959172203,"FISHED",0.29950423326809,0.25,1,"MED MED HIGH",NA
57,4,146.388705980115,59,3,3.49942736738287,"M",0.29950423326809,0.25,1,"MED MED HIGH",NA
57,5,98.7218027128278,57,1,1.49991499318889,"M",0.252065839222632,0.25,1,"MED MED HIGH",NA
57,6,62.9852352399017,56,0,0.50027518834268,"FISHED",0.242083761305548,0.25,1,"MED MED HIGH",NA
57,7,61.7397351191002,56,0,0.49892633305885,"M",0.242083761305548,0.25,1,"MED MED HIGH",NA
57,8,99.3839422058235,57,1,1.49690137239537,"M",0.252065839222632,0.25,1,"MED MED HIGH",NA
57,9,120.90676506449,58,2,2.50082955016385,"M",0.250788390100934,0.25,1,"MED MED HIGH",NA
57,10,142.885757207507,59,3,3.5010282206967,"FISHED",0.29950423326809,0.25,1,"MED MED HIGH",NA
57,11,103.895695951758,57,1,1.49933453028083,"M",0.252065839222632,0.25,1,"MED MED HIGH",NA
58,1,64.8514639981758,57,0,0.500387129423771,"M",0.252065839222632,0.25,1,"MED MED HIGH",NA
58,2,61.5435344882695,57,0,0.50201731349234,"M",0.252065839222632,0.25,1,"MED MED HIGH",NA
58,3,60.5146207315121,57,0,0.499607319060039,"M",0.252065839222632,0.25,1,"MED MED HIGH",NA
58,4,154.765668879215,60,3,3.49826759186983,"M",0.28620372726582,0.25,1,"MED MED HIGH",NA
58,5,63.5634542293192,57,0,0.501040690067738,"FISHED",0.252065839222632,0.25,1,"MED MED HIGH",NA
58,6,61.3479118179878,57,0,0.500107276698968,"FISHED",0.252065839222632,0.25,1,"MED MED HIGH",NA
58,7,95.6442270921814,58,1,1.50023736912625,"M",0.250788390100934,0.25,1,"MED MED HIGH",NA
58,8,62.1619846516544,57,0,0.500366181309187,"M",0.252065839222632,0.25,1,"MED MED HIGH",NA
58,9,61.348848471486,57,0,0.501363666230102,"M",0.252065839222632,0.25,1,"MED MED HIGH",NA
58,10,123.353133119677,59,2,2.49929209498573,"FISHED",0.29950423326809,0.25,1,"MED MED HIGH",NA
58,11,100.231145872709,58,1,1.50086614308725,"M",0.250788390100934,0.25,1,"MED MED HIGH",NA
58,12,63.4492596071673,57,0,0.501231504476383,"M",0.252065839222632,0.25,1,"MED MED HIGH",NA
59,1,165.015445666574,62,4,4.50063597536487,"M",0.230887006130069,0.25,1,"MED MED HIGH",NA
59,2,60.8055124209642,58,0,0.500897740673996,"M",0.250788390100934,0.25,1,"MED MED HIGH",NA
59,3,61.9223336801044,58,0,0.500039623107608,"M",0.250788390100934,0.25,1,"MED MED HIGH",NA
59,4,101.300746557841,59,1,1.49874848308471,"FISHED",0.29950423326809,0.25,1,"MED MED HIGH",NA
59,5,126.117671270719,60,2,2.49848394966443,"M",0.28620372726582,0.25,1,"MED MED HIGH",NA
59,6,99.7934389834447,59,1,1.49973675973811,"FISHED",0.29950423326809,0.25,1,"MED MED HIGH",NA
59,7,62.4501317747674,58,0,0.49968737764032,"FISHED",0.250788390100934,0.25,1,"MED MED HIGH",NA
59,8,92.4379074613682,59,1,1.50000368288803,"M",0.29950423326809,0.25,1,"MED MED HIGH",NA
59,9,97.4226379845661,59,1,1.49988727239533,"FISHED",0.29950423326809,0.25,1,"MED MED HIGH",NA
59,10,98.1666536474681,59,1,1.50196387648101,"M",0.29950423326809,0.25,1,"MED MED HIGH",NA
60,1,62.1180225686517,59,0,0.500625841641855,"M",0.29950423326809,0.25,1,"MED MED HIGH",NA
60,2,98.6958578811697,60,1,1.50012134829354,"FISHED",0.28620372726582,0.25,1,"MED MED HIGH",NA
60,3,61.9842594306224,59,0,0.501644782797636,"FISHED",0.29950423326809,0.25,1,"MED MED HIGH",NA
60,4,99.2566611572285,60,1,1.49995492326936,"FISHED",0.28620372726582,0.25,1,"MED MED HIGH",NA
60,5,145.321709583367,62,3,3.50013591690501,"M",0.230887006130069,0.25,1,"MED MED HIGH",NA
60,6,102.732333809561,60,1,1.49928841926562,"FISHED",0.28620372726582,0.25,1,"MED MED HIGH",NA
60,7,173.905778249636,63,4,4.49978623578938,"M",0.223362629348412,0.25,1,"MED MED HIGH",NA
60,8,165.63991147607,63,4,4.50135672680736,"FISHED",0.223362629348412,0.25,1,"MED MED HIGH",NA
60,9,63.4407076048613,59,0,0.499426232547608,"M",0.29950423326809,0.25,1,"MED MED HIGH",NA
60,10,61.2294207115316,59,0,0.500375259817239,"M",0.29950423326809,0.25,1,"MED MED HIGH",NA
61,1,151.229442953422,63,3,3.50004493859796,"M",0.223362629348412,0.25,1,"MED MED HIGH",NA
61,2,189.120494383141,66,6,6.49927746451554,"M",0.271614035079256,0.25,1,"MED MED HIGH",NA
61,3,62.2709678141166,60,0,0.499664753889107,"FISHED",0.28620372726582,0.25,1,"MED MED HIGH",NA
61,4,64.1004407179386,60,0,0.499997197734584,"M",0.28620372726582,0.25,1,"MED MED HIGH",NA
61,5,143.725961299251,63,3,3.50033463661296,"FISHED",0.223362629348412,0.25,1,"MED MED HIGH",NA
61,6,94.3987522066588,61,1,1.5019410073498,"M",0.263435030612163,0.25,1,"MED MED HIGH",NA
61,7,58.1685271935592,60,0,0.499150206963344,"M",0.28620372726582,0.25,1,"MED MED HIGH",NA
61,8,62.0398947941833,60,0,0.500900546469672,"M",0.28620372726582,0.25,1,"MED MED HIGH",NA
61,9,65.3694269086109,60,0,0.500203740436746,"FISHED",0.28620372726582,0.25,1,"MED MED HIGH",NA
61,10,60.1533626912151,60,0,0.500287904090453,"FISHED",0.28620372726582,0.25,1,"MED MED HIGH",NA
62,1,140.626186500561,64,3,3.49864435223673,"M",0.262851810548455,0.25,1,"MED MED HIGH",NA
62,2,164.407833780576,65,4,4.50062195563188,"M",0.258522810088471,0.25,1,"MED MED HIGH",NA
62,3,63.2650239815683,61,0,0.500086181135145,"FISHED",0.263435030612163,0.25,1,"MED MED HIGH",NA
62,4,63.7919230069013,61,0,0.497914162428652,"FISHED",0.263435030612163,0.25,1,"MED MED HIGH",NA
62,5,169.428951060061,65,4,4.4999857402678,"M",0.258522810088471,0.25,1,"MED MED HIGH",NA
63,1,159.872684650664,65,3,3.49971325304869,"FISHED",0.258522810088471,0.25,1,"MED MED HIGH",NA
63,2,127.335723386366,64,2,2.49890601426937,"M",0.262851810548455,0.25,1,"MED MED HIGH",NA
63,3,96.6858195231806,63,1,1.50124245083728,"M",0.223362629348412,0.25,1,"MED MED HIGH",NA
63,4,61.2342063940795,62,0,0.498369028836249,"M",0.230887006130069,0.25,1,"MED MED HIGH",NA
64,1,97.6840743355221,64,1,1.49989860756562,"M",0.262851810548455,0.25,1,"MED MED HIGH",NA
64,2,64.1881374636652,63,0,0.499689958263465,"M",0.223362629348412,0.25,1,"MED MED HIGH",NA
64,3,61.768903123451,63,0,0.500284786322094,"M",0.223362629348412,0.25,1,"MED MED HIGH",NA
64,4,64.9552150696392,63,0,0.499348430555784,"FISHED",0.223362629348412,0.25,1,"MED MED HIGH",NA
64,5,157.906349029164,66,3,3.50071421922516,"FISHED",0.271614035079256,0.25,1,"MED MED HIGH",NA
64,6,64.938614647723,63,0,0.50121264224746,"FISHED",0.223362629348412,0.25,1,"MED MED HIGH",NA
64,7,60.4958881013825,63,0,0.500341171930434,"M",0.223362629348412,0.25,1,"MED MED HIGH",NA
64,8,145.713028386981,66,3,3.49991813736047,"FISHED",0.271614035079256,0.25,1,"MED MED HIGH",NA
64,9,62.7348263513864,63,0,0.501421455621853,"FISHED",0.223362629348412,0.25,1,"MED MED HIGH",NA
64,10,204.059611054418,69,6,6.4987725853452,"FISHED",0.20332325801719,0.25,1,"MED MED HIGH",NA
65,1,62.3057641194617,64,0,0.498386389842213,"FISHED",0.262851810548455,0.25,1,"MED MED HIGH",NA
65,2,61.6897068487464,64,0,0.500591286725234,"M",0.262851810548455,0.25,1,"MED MED HIGH",NA
65,3,189.030053030526,70,6,6.50015909235961,"FISHED",0.291745923040435,0.25,1,"MED MED HIGH",NA
65,4,65.8787341556846,64,0,0.499878045956705,"M",0.262851810548455,0.25,1,"MED MED HIGH",NA
65,5,58.0600698765752,64,0,0.499718821205144,"M",0.262851810548455,0.25,1,"MED MED HIGH",NA
65,6,123.350493149104,66,2,2.49942851140798,"FISHED",0.271614035079256,0.25,1,"MED MED HIGH",NA
65,7,63.5093697850293,64,0,0.499745488347812,"M",0.262851810548455,0.25,1,"MED MED HIGH",NA
65,8,62.2018965947374,64,0,0.50054030386064,"FISHED",0.262851810548455,0.25,1,"MED MED HIGH",NA
65,9,171.09626451318,69,5,5.49868886546173,"M",0.20332325801719,0.25,1,"MED MED HIGH",NA
65,10,62.0829148341036,64,0,0.501457017293757,"FISHED",0.262851810548455,0.25,1,"MED MED HIGH",NA
66,1,61.1135993995031,65,0,0.500189643705466,"FISHED",0.258522810088471,0.25,1,"MED MED HIGH",NA
66,2,61.8873439231321,65,0,0.499902794301215,"FISHED",0.258522810088471,0.25,1,"MED MED HIGH",NA
66,3,180.523027910916,71,6,6.49887952227696,"M",0.220505953324027,0.25,1,"MED MED HIGH",NA
66,4,100.884842880093,66,1,1.49984284764992,"M",0.271614035079256,0.25,1,"MED MED HIGH",NA
66,5,128.22823896925,68,3,3.49887563037787,"FISHED",0.269644649256952,0.25,1,"MED MED HIGH",NA
66,6,95.7529024074066,66,1,1.50078694686607,"FISHED",0.271614035079256,0.25,1,"MED MED HIGH",NA
66,7,61.1681316472561,65,0,0.499141939286613,"FISHED",0.258522810088471,0.25,1,"MED MED HIGH",NA
66,8,155.45087442552,68,3,3.50149344813751,"M",0.269644649256952,0.25,1,"MED MED HIGH",NA
67,1,62.6947309684743,66,0,0.500071893284221,"FISHED",0.271614035079256,0.25,1,"MED MED HIGH",NA
67,2,60.6037008854399,66,0,0.499427171608529,"M",0.271614035079256,0.25,1,"MED MED HIGH",NA
67,3,62.2057285732327,66,0,0.499617510083335,"FISHED",0.271614035079256,0.25,1,"MED MED HIGH",NA
67,4,128.586399144173,68,2,2.49978052612425,"M",0.269644649256952,0.25,1,"MED MED HIGH",NA
67,5,100.035570238328,67,1,1.49970635310304,"M",0.212849355628714,0.25,1,"MED MED HIGH",NA
67,6,62.0715335878661,66,0,0.500815904402849,"FISHED",0.271614035079256,0.25,1,"MED MED HIGH",NA
67,7,60.5651247866846,66,0,0.50042619304163,"FISHED",0.271614035079256,0.25,1,"MED MED HIGH",NA
67,8,130.951836734531,68,2,2.49958410325343,"FISHED",0.269644649256952,0.25,1,"MED MED HIGH",NA
67,9,63.3867633629725,66,0,0.501070376087557,"M",0.271614035079256,0.25,1,"MED MED HIGH",NA
67,10,64.5402743726996,66,0,0.500229892199474,"FISHED",0.271614035079256,0.25,1,"MED MED HIGH",NA
68,1,112.307568865205,69,2,2.49860153253074,"M",0.20332325801719,0.25,1,"MED MED HIGH",NA
68,2,135.263474426436,70,3,3.49974789978268,"M",0.291745923040435,0.25,1,"MED MED HIGH",NA
68,3,147.18672796448,70,3,3.50135995036872,"M",0.291745923040435,0.25,1,"MED MED HIGH",NA
68,4,95.5678015261748,68,1,1.50147308287432,"M",0.269644649256952,0.25,1,"MED MED HIGH",NA
68,5,61.7872165169003,67,0,0.50102377068052,"M",0.212849355628714,0.25,1,"MED MED HIGH",NA
68,6,96.7290660105964,68,1,1.49977935703654,"FISHED",0.269644649256952,0.25,1,"MED MED HIGH",NA
68,7,61.7366234136542,67,0,0.499711216193816,"FISHED",0.212849355628714,0.25,1,"MED MED HIGH",NA
68,8,100.281761027948,68,1,1.50051813586164,"M",0.269644649256952,0.25,1,"MED MED HIGH",NA
69,1,65.3187736315785,68,0,0.500337283167928,"FISHED",0.269644649256952,0.25,1,"MED MED HIGH",NA
69,2,63.2131824730701,68,0,0.500340172444505,"M",0.269644649256952,0.25,1,"MED MED HIGH",NA
69,3,95.5953948881125,69,1,1.49989549163002,"FISHED",0.20332325801719,0.25,1,"MED MED HIGH",NA
69,4,123.387350632198,70,2,2.5000421678388,"FISHED",0.291745923040435,0.25,1,"MED MED HIGH",NA
69,5,96.7097948957224,69,1,1.5013284078334,"FISHED",0.20332325801719,0.25,1,"MED MED HIGH",NA
69,6,58.804640799507,68,0,0.496848073792347,"FISHED",0.269644649256952,0.25,1,"MED MED HIGH",NA
69,7,165.492323783628,72,4,4.50022421756923,"M",0.290967398509383,0.25,1,"MED MED HIGH",NA
70,1,59.8653043234932,69,0,0.50112162496404,"FISHED",0.20332325801719,0.25,1,"MED MED HIGH",NA
70,2,61.47478823956,69,0,0.498923223275408,"FISHED",0.20332325801719,0.25,1,"MED MED HIGH",NA
70,3,93.2310337256597,70,1,1.49834376370695,"FISHED",0.291745923040435,0.25,1,"MED MED HIGH",NA
70,4,66.2306121266751,69,0,0.499094049530343,"FISHED",0.20332325801719,0.25,1,"MED MED HIGH",NA
70,5,64.4621127003113,69,0,0.498992732988392,"M",0.20332325801719,0.25,1,"MED MED HIGH",NA
70,6,93.5287263649569,70,1,1.49914362790128,"M",0.291745923040435,0.25,1,"MED MED HIGH",NA
70,7,144.56595280097,72,3,3.50080191961371,"M",0.290967398509383,0.25,1,"MED MED HIGH",NA
70,8,99.515199545258,70,1,1.50100792023561,"M",0.291745923040435,0.25,1,"MED MED HIGH",NA
70,9,179.513359020309,76,7,7.50106329174179,"FISHED",0.299669102928601,0.25,1,"MED MED HIGH",NA
71,1,63.7172509945177,70,0,0.500209374239931,"FISHED",0.291745923040435,0.25,1,"MED MED HIGH",NA
71,2,173.419254839349,75,5,5.50112119731625,"FISHED",0.21985711583402,0.25,1,"MED MED HIGH",NA
71,3,60.589950518774,70,0,0.500539389431823,"M",0.291745923040435,0.25,1,"MED MED HIGH",NA
71,4,64.6347553234896,70,0,0.5015537225266,"FISHED",0.291745923040435,0.25,1,"MED MED HIGH",NA
71,5,128.618099339075,72,2,2.49904626462832,"M",0.290967398509383,0.25,1,"MED MED HIGH",NA
71,6,66.0047807819978,70,0,0.500800874586294,"M",0.291745923040435,0.25,1,"MED MED HIGH",NA
71,7,128.454905671789,72,2,2.49916952543843,"M",0.290967398509383,0.25,1,"MED MED HIGH",NA
71,8,217.013374049762,78,8,8.50076913871297,"M",0.26530328260269,0.25,1,"MED MED HIGH",NA
71,9,154.482667467428,74,4,4.49975612653454,"FISHED",0.252220805478282,0.25,1,"MED MED HIGH",NA
72,1,157.028339973706,74,3,3.50030419667499,"M",0.252220805478282,0.25,1,"MED MED HIGH",NA
72,2,61.3287972101075,71,0,0.500520572673738,"FISHED",0.220505953324027,0.25,1,"MED MED HIGH",NA
72,3,102.707608083285,72,1,1.50032415821907,"M",0.290967398509383,0.25,1,"MED MED HIGH",NA
72,4,64.3080182211477,71,0,0.498333691250584,"FISHED",0.220505953324027,0.25,1,"MED MED HIGH",NA
72,5,145.498522020392,74,3,3.50132999290164,"M",0.252220805478282,0.25,1,"MED MED HIGH",NA
72,6,100.921836288778,72,1,1.49979253888473,"FISHED",0.290967398509383,0.25,1,"MED MED HIGH",NA
72,7,93.5501493678409,72,1,1.50039097211377,"FISHED",0.290967398509383,0.25,1,"MED MED HIGH",NA
72,8,95.9826963010934,72,1,1.49893817551928,"M",0.290967398509383,0.25,1,"MED MED HIGH",NA
72,9,127.676895851723,73,2,2.49825756905839,"FISHED",0.279182017198764,0.25,1,"MED MED HIGH",NA
73,1,97.1943862379403,73,1,1.49955356946307,"M",0.279182017198764,0.25,1,"MED MED HIGH",NA
73,2,105.965422594206,73,1,1.50172366023675,"FISHED",0.279182017198764,0.25,1,"MED MED HIGH",NA
73,3,165.783429404689,76,4,4.50122415771461,"M",0.299669102928601,0.25,1,"MED MED HIGH",NA
73,4,94.5215140429843,73,1,1.50055000577912,"M",0.279182017198764,0.25,1,"MED MED HIGH",NA
73,5,164.744093228417,76,4,4.50008155627578,"M",0.299669102928601,0.25,1,"MED MED HIGH",NA
73,6,104.004849091515,73,1,1.50090551517969,"M",0.279182017198764,0.25,1,"MED MED HIGH",NA
73,7,166.861629383114,76,4,4.49956043587266,"M",0.299669102928601,0.25,1,"MED MED HIGH",NA
74,1,102.936656767299,74,1,1.50052231411726,"M",0.252220805478282,0.25,1,"MED MED HIGH",NA
74,2,58.9684517081996,73,0,0.500344411248668,"M",0.279182017198764,0.25,1,"MED MED HIGH",NA
74,3,168.832342252794,79,6,6.49969874344799,"FISHED",0.230547591717914,0.25,1,"MED MED HIGH",NA
74,4,60.6869220380395,73,0,0.499735067087218,"M",0.279182017198764,0.25,1,"MED MED HIGH",NA
74,5,98.5203255608936,74,1,1.49917414012846,"M",0.252220805478282,0.25,1,"MED MED HIGH",NA
74,6,63.7741117487083,73,0,0.501918349198418,"FISHED",0.279182017198764,0.25,1,"MED MED HIGH",NA
74,7,100.479476773983,74,1,1.49904151413243,"FISHED",0.252220805478282,0.25,1,"MED MED HIGH",NA
74,8,64.0852037788489,73,0,0.49818298475788,"M",0.279182017198764,0.25,1,"MED MED HIGH",NA
75,1,99.9306433783074,75,1,1.50060159752041,"FISHED",0.21985711583402,0.25,1,"MED MED HIGH",NA
75,2,64.7747834265638,74,0,0.500103008123126,"M",0.252220805478282,0.25,1,"MED MED HIGH",NA
75,3,116.626466858984,76,2,2.49825660942052,"FISHED",0.299669102928601,0.25,1,"MED MED HIGH",NA
75,4,61.440091546116,74,0,0.500764688440213,"FISHED",0.252220805478282,0.25,1,"MED MED HIGH",NA
75,5,98.1674270323509,75,1,1.49939729303908,"M",0.21985711583402,0.25,1,"MED MED HIGH",NA
75,6,60.4538932255698,74,0,0.501201694757663,"FISHED",0.252220805478282,0.25,1,"MED MED HIGH",NA
75,7,62.8055266036989,74,0,0.499091945320972,"M",0.252220805478282,0.25,1,"MED MED HIGH",NA
75,8,96.4947024141404,75,1,1.50007490159634,"FISHED",0.21985711583402,0.25,1,"MED MED HIGH",NA
75,9,125.933145564734,76,2,2.50169720658752,"FISHED",0.299669102928601,0.25,1,"MED MED HIGH",NA
76,1,63.2104096940151,75,0,0.499728754903793,"M",0.21985711583402,0.25,1,"MED MED HIGH",NA
76,2,64.4038109864805,75,0,0.498804028995364,"M",0.21985711583402,0.25,1,"MED MED HIGH",NA
76,3,94.9411576793207,76,1,1.50141691108046,"FISHED",0.299669102928601,0.25,1,"MED MED HIGH",NA
76,4,59.151996031672,75,0,0.500857323546433,"M",0.21985711583402,0.25,1,"MED MED HIGH",NA
76,5,98.4254285924956,76,1,1.49969305282379,"FISHED",0.299669102928601,0.25,1,"MED MED HIGH",NA
76,6,59.4944010214362,75,0,0.50084008348356,"FISHED",0.21985711583402,0.25,1,"MED MED HIGH",NA
76,7,210.122344047293,83,8,8.4985376034478,"M",0.273846849356778,0.25,1,"MED MED HIGH",NA
76,8,119.786211269855,77,2,2.500572166312,"M",0.207975512649864,0.25,1,"MED MED HIGH",NA
76,9,97.5766617203091,76,1,1.49996999594907,"M",0.299669102928601,0.25,1,"MED MED HIGH",NA
77,1,63.2629901972595,76,0,0.50118069807154,"M",0.299669102928601,0.25,1,"MED MED HIGH",NA
77,2,64.2184224160199,76,0,0.49930537970101,"FISHED",0.299669102928601,0.25,1,"MED MED HIGH",NA
77,3,62.7370474267874,76,0,0.499730700295529,"M",0.299669102928601,0.25,1,"MED MED HIGH",NA
77,4,125.170893918883,78,2,2.498947034346,"FISHED",0.26530328260269,0.25,1,"MED MED HIGH",NA
77,5,62.0087073914388,76,0,0.497169947532525,"FISHED",0.299669102928601,0.25,1,"MED MED HIGH",NA
77,6,63.5255121661691,76,0,0.501717052393126,"M",0.299669102928601,0.25,1,"MED MED HIGH",NA
77,7,62.1381902582906,76,0,0.501510072317912,"M",0.299669102928601,0.25,1,"MED MED HIGH",NA
77,8,60.5337798521256,76,0,0.499768400071967,"FISHED",0.299669102928601,0.25,1,"MED MED HIGH",NA
77,9,98.6510323306463,77,1,1.49922411621125,"M",0.207975512649864,0.25,1,"MED MED HIGH",NA
78,1,62.8046561534649,77,0,0.499107042608659,"M",0.207975512649864,0.25,1,"MED MED HIGH",NA
78,2,97.1178707788577,78,1,1.49992071553132,"FISHED",0.26530328260269,0.25,1,"MED MED HIGH",NA
78,3,124.045042559649,79,2,2.50084693073258,"FISHED",0.230547591717914,0.25,1,"MED MED HIGH",NA
78,4,94.9868847282948,78,1,1.49946066206816,"M",0.26530328260269,0.25,1,"MED MED HIGH",NA
78,5,98.1988216765094,78,1,1.50106665518365,"FISHED",0.26530328260269,0.25,1,"MED MED HIGH",NA
78,6,124.279555006517,79,2,2.4994347015894,"FISHED",0.230547591717914,0.25,1,"MED MED HIGH",NA
78,7,162.200945347057,82,5,5.50042371910058,"M",0.203871094319038,0.25,1,"MED MED HIGH",NA
78,8,184.610073864123,83,6,6.49910152039773,"FISHED",0.273846849356778,0.25,1,"MED MED HIGH",NA
78,9,98.6273335839658,78,1,1.49692781545624,"M",0.26530328260269,0.25,1,"MED MED HIGH",NA
78,10,175.804758460073,83,6,6.49962416762345,"FISHED",0.273846849356778,0.25,1,"MED MED HIGH",NA
78,11,179.749890268185,82,5,5.49898263701976,"M",0.203871094319038,0.25,1,"MED MED HIGH",NA
79,1,122.662304435206,80,2,2.5012853917969,"M",0.280254090763629,0.25,1,"MED MED HIGH",NA
79,2,62.8004212620593,78,0,0.499735521039304,"FISHED",0.26530328260269,0.25,1,"MED MED HIGH",NA
79,3,62.0933482184406,78,0,0.49901921188783,"M",0.26530328260269,0.25,1,"MED MED HIGH",NA
79,4,61.9982820397087,78,0,0.499328989619454,"M",0.26530328260269,0.25,1,"MED MED HIGH",NA
79,5,64.9044567951962,78,0,0.499814668677259,"M",0.26530328260269,0.25,1,"MED MED HIGH",NA
79,6,127.489142609661,80,2,2.5005561020521,"FISHED",0.280254090763629,0.25,1,"MED MED HIGH",NA
79,7,133.408319045203,80,2,2.49865488057472,"FISHED",0.280254090763629,0.25,1,"MED MED HIGH",NA
79,8,61.9872390637,78,0,0.499335916774431,"M",0.26530328260269,0.25,1,"MED MED HIGH",NA
79,9,104.928774416704,79,1,1.50030941637797,"FISHED",0.230547591717914,0.25,1,"MED MED HIGH",NA
79,10,60.7637634857718,78,0,0.499139740263143,"FISHED",0.26530328260269,0.25,1,"MED MED HIGH",NA
80,1,62.1283037529475,79,0,0.500599442890663,"FISHED",0.230547591717914,0.25,1,"MED MED HIGH",NA
80,2,60.6733013765246,79,0,0.499706183338211,"FISHED",0.230547591717914,0.25,1,"MED MED HIGH",NA
80,3,61.6475044511476,79,0,0.50068900106699,"FISHED",0.230547591717914,0.25,1,"MED MED HIGH",NA
80,4,97.7956709340447,80,1,1.5014283482156,"M",0.280254090763629,0.25,1,"MED MED HIGH",NA
80,5,104.361247005151,80,1,1.50040251631541,"M",0.280254090763629,0.25,1,"MED MED HIGH",NA
80,6,151.110837252216,84,5,5.4989356794506,"FISHED",0.384215794783086,0.25,1,"MED MED HIGH",NA
80,7,62.7196670566734,79,0,0.500311768844448,"FISHED",0.230547591717914,0.25,1,"MED MED HIGH",NA
80,8,131.233346255706,81,2,2.49998315712662,"M",0.258754025236703,0.25,1,"MED MED HIGH",NA
80,9,99.4939237899927,80,1,1.49919387084121,"FISHED",0.280254090763629,0.25,1,"MED MED HIGH",NA
80,10,197.280963706089,84,5,5.49972616791453,"M",0.384215794783086,0.25,1,"MED MED HIGH",NA
81,1,64.4841928030253,80,0,0.500747833325189,"FISHED",0.280254090763629,0.25,1,"MED MED HIGH",NA
81,2,61.9387774553014,80,0,0.497812179766418,"M",0.280254090763629,0.25,1,"MED MED HIGH",NA
81,3,95.8911361159787,81,1,1.49865917753911,"M",0.258754025236703,0.25,1,"MED MED HIGH",NA
81,4,62.8004365066185,80,0,0.499235647185167,"M",0.280254090763629,0.25,1,"MED MED HIGH",NA
81,5,137.905833181499,82,2,2.50144326596182,"M",0.203871094319038,0.25,1,"MED MED HIGH",NA
81,6,103.309058505741,81,1,1.49852831226302,"FISHED",0.258754025236703,0.25,1,"MED MED HIGH",NA
81,7,101.27183636707,81,1,1.50007914574408,"FISHED",0.258754025236703,0.25,1,"MED MED HIGH",NA
81,8,129.068135488345,82,2,2.50098881857772,"FISHED",0.203871094319038,0.25,1,"MED MED HIGH",NA
81,9,154.292139716563,84,4,4.49972204985989,"FISHED",0.384215794783086,0.25,1,"MED MED HIGH",NA
82,1,98.2071887891566,82,1,1.49974986238476,"M",0.203871094319038,0.25,1,"MED MED HIGH",NA
82,2,62.9082830100123,81,0,0.498923397442004,"M",0.258754025236703,0.25,1,"MED MED HIGH",NA
82,3,155.303453105048,84,3,3.49873444468928,"FISHED",0.384215794783086,0.25,1,"MED MED HIGH",NA
82,4,62.0865478490586,81,0,0.501629753142922,"M",0.258754025236703,0.25,1,"MED MED HIGH",NA
82,5,64.3742151532886,81,0,0.500245204947028,"M",0.258754025236703,0.25,1,"MED MED HIGH",NA
82,6,63.6273300483645,81,0,0.498941658146426,"M",0.258754025236703,0.25,1,"MED MED HIGH",NA
82,7,59.8565468224306,81,0,0.501867386603184,"FISHED",0.258754025236703,0.25,1,"MED MED HIGH",NA
82,8,63.5793337787614,81,0,0.499704138735758,"FISHED",0.258754025236703,0.25,1,"MED MED HIGH",NA
83,1,189.56949577801,87,5,5.50091486528204,"M",0.335283733648248,0.25,1,"MED MED HIGH",NA
83,2,194.980575980584,88,6,6.49801155759026,"M",0.344013875559904,0.25,1,"MED MED HIGH",NA
83,3,171.435867348792,86,4,4.49946773281436,"M",0.304572001076303,0.25,1,"MED MED HIGH",NA
83,4,146.093057238876,85,3,3.50014232437382,"M",0.357595163071528,0.25,1,"MED MED HIGH",NA
83,5,62.0130446328523,82,0,0.499907976917776,"M",0.203871094319038,0.25,1,"MED MED HIGH",NA
83,6,65.0616373926419,82,0,0.500453203715682,"FISHED",0.203871094319038,0.25,1,"MED MED HIGH",NA
83,7,101.031917379004,83,1,1.49967347455477,"FISHED",0.273846849356778,0.25,1,"MED MED HIGH",NA
83,8,62.7581337382195,82,0,0.497917502769619,"FISHED",0.203871094319038,0.25,1,"MED MED HIGH",NA
84,1,63.0388314130106,83,0,0.499422028354947,"M",0.273846849356778,0.25,1,"MED MED HIGH",NA
84,2,99.2541888209476,84,1,1.50127310861677,"FISHED",0.384215794783086,0.25,1,"MED MED HIGH",NA
84,3,61.6735698826788,83,0,0.503047930628734,"M",0.273846849356778,0.25,1,"MED MED HIGH",NA
84,4,63.6638669140529,83,0,0.499766274784034,"M",0.273846849356778,0.25,1,"MED MED HIGH",NA
84,5,161.33835465698,87,4,4.50133017778649,"M",0.335283733648248,0.25,1,"MED MED HIGH",NA
84,6,181.978859217448,88,5,5.4993799658763,"FISHED",0.344013875559904,0.25,1,"MED MED HIGH",NA
84,7,102.075900173551,84,1,1.49873660989688,"FISHED",0.384215794783086,0.25,1,"MED MED HIGH",NA
84,8,63.8679228502981,83,0,0.498793366604211,"M",0.273846849356778,0.25,1,"MED MED HIGH",NA
84,9,61.839182006607,83,0,0.498081437266173,"M",0.273846849356778,0.25,1,"MED MED HIGH",NA
84,10,122.261415112692,85,2,2.49976849459208,"M",0.357595163071528,0.25,1,"MED MED HIGH",NA
84,11,124.360419575323,85,2,2.49890700379874,"M",0.357595163071528,0.25,1,"MED MED HIGH",NA
84,12,98.0821127797046,84,1,1.49944300718333,"FISHED",0.384215794783086,0.25,1,"MED MED HIGH",NA
85,1,63.0778902995495,84,0,0.500154907892136,"M",0.384215794783086,0.25,1,"MED MED HIGH",NA
85,2,65.203664331362,84,0,0.49916872565234,"M",0.384215794783086,0.25,1,"MED MED HIGH",NA
85,3,61.9566465499327,84,0,0.501206226792159,"FISHED",0.384215794783086,0.25,1,"MED MED HIGH",NA
85,4,190.323579580583,89,5,5.49811603187298,"FISHED",0.334952899627388,0.25,1,"MED MED HIGH",NA
85,5,144.863624241645,87,3,3.50064172114577,"M",0.335283733648248,0.25,1,"MED MED HIGH",NA
85,6,171.848484298846,90,6,6.49977718568008,"FISHED",0.39512450597249,0.25,1,"MED MED HIGH",NA
85,7,101.14490328759,85,1,1.49979249379338,"M",0.357595163071528,0.25,1,"MED MED HIGH",NA
85,8,62.1491440228038,84,0,0.500316404005796,"FISHED",0.384215794783086,0.25,1,"MED MED HIGH",NA
85,9,62.6753099414589,84,0,0.498925359783323,"FISHED",0.384215794783086,0.25,1,"MED MED HIGH",NA
85,10,121.550184267799,86,2,2.49930591425982,"M",0.304572001076303,0.25,1,"MED MED HIGH",NA
85,11,62.7956781685792,84,0,0.499427597368791,"FISHED",0.384215794783086,0.25,1,"MED MED HIGH",NA
86,1,65.0846658020853,85,0,0.499554650175165,"M",0.357595163071528,0.25,1,"MED MED HIGH",NA
86,2,148.105881055074,88,3,3.49799727146458,"FISHED",0.344013875559904,0.25,1,"MED MED HIGH",NA
86,3,60.0837948104333,85,0,0.499155062115147,"FISHED",0.357595163071528,0.25,1,"MED MED HIGH",NA
86,4,64.6852823883918,85,0,0.50005895004312,"M",0.357595163071528,0.25,1,"MED MED HIGH",NA
86,5,100.261172560178,86,1,1.50108570920185,"M",0.304572001076303,0.25,1,"MED MED HIGH",NA
86,6,98.4879244698539,86,1,1.50176630658222,"M",0.304572001076303,0.25,1,"MED MED HIGH",NA
86,7,98.2845522364363,86,1,1.50015714494637,"FISHED",0.304572001076303,0.25,1,"MED MED HIGH",NA
86,8,62.3706896997516,85,0,0.499595154416486,"FISHED",0.357595163071528,0.25,1,"MED MED HIGH",NA
86,9,98.681322104378,86,1,1.49894303947087,"M",0.304572001076303,0.25,1,"MED MED HIGH",NA
87,1,107.403019911698,87,1,1.49862420222245,"FISHED",0.335283733648248,0.25,1,"MED MED HIGH",NA
87,2,60.8106175099528,86,0,0.499430202414519,"M",0.304572001076303,0.25,1,"MED MED HIGH",NA
87,3,63.3277093782732,86,0,0.498660591287366,"FISHED",0.304572001076303,0.25,1,"MED MED HIGH",NA
87,4,130.487438686469,88,2,2.50047766834111,"M",0.344013875559904,0.25,1,"MED MED HIGH",NA
87,5,61.3299583000147,86,0,0.500648144096603,"FISHED",0.304572001076303,0.25,1,"MED MED HIGH",NA
87,6,98.2132547901168,87,1,1.49889226692781,"M",0.335283733648248,0.25,1,"MED MED HIGH",NA
87,7,63.9426574170659,86,0,0.497545895091333,"FISHED",0.304572001076303,0.25,1,"MED MED HIGH",NA
87,8,138.426501115951,88,2,2.49936648655328,"FISHED",0.344013875559904,0.25,1,"MED MED HIGH",NA
88,1,63.9315265282062,87,0,0.501776584899675,"FISHED",0.335283733648248,0.25,1,"MED MED HIGH",NA
88,2,103.749956269354,88,1,1.49863158500907,"M",0.344013875559904,0.25,1,"MED MED HIGH",NA
88,3,136.26453968305,89,2,2.49903852553307,"M",0.334952899627388,0.25,1,"MED MED HIGH",NA
88,4,146.303958636757,90,3,3.5008324401899,"FISHED",0.39512450597249,0.25,1,"MED MED HIGH",NA
88,5,60.0357315556059,87,0,0.497273220252088,"FISHED",0.335283733648248,0.25,1,"MED MED HIGH",NA
88,6,157.510195754174,90,3,3.50009871851911,"M",0.39512450597249,0.25,1,"MED MED HIGH",NA
88,7,102.445738441601,88,1,1.50001923731866,"M",0.344013875559904,0.25,1,"MED MED HIGH",NA
88,8,92.6174368560485,88,1,1.49905015550019,"FISHED",0.344013875559904,0.25,1,"MED MED HIGH",NA
88,9,63.3873269911709,87,0,0.499970029172306,"FISHED",0.335283733648248,0.25,1,"MED MED HIGH",NA
89,1,94.8409205642676,89,1,1.50109472191989,"FISHED",0.334952899627388,0.25,1,"MED MED HIGH",NA
89,2,173.900079264058,93,5,5.49941130708965,"M",0.351852871105075,0.25,1,"MED MED HIGH",NA
89,3,137.226409385043,91,3,3.50126540395026,"M",0.350726109347306,0.25,1,"MED MED HIGH",NA
89,4,122.12040463252,90,2,2.49929949506269,"M",0.39512450597249,0.25,1,"MED MED HIGH",NA
89,5,60.3757314033941,88,0,0.499679981286356,"FISHED",0.344013875559904,0.25,1,"MED MED HIGH",NA
89,6,66.7363682454479,88,0,0.502399357097504,"M",0.344013875559904,0.25,1,"MED MED HIGH",NA
89,7,100.496791904389,89,1,1.50178078377554,"M",0.334952899627388,0.25,1,"MED MED HIGH",NA
89,8,161.13178658233,92,4,4.49920023582477,"FISHED",0.385975950816646,0.25,1,"MED MED HIGH",NA
89,9,98.6819062021091,89,1,1.50084096428296,"M",0.334952899627388,0.25,1,"MED MED HIGH",NA
89,10,62.8840846696757,88,0,0.501398273889974,"M",0.344013875559904,0.25,1,"MED MED HIGH",NA
89,11,62.5319905602793,88,0,0.500232671120231,"FISHED",0.344013875559904,0.25,1,"MED MED HIGH",NA
90,1,134.591245222642,92,3,3.50029331422146,"M",0.385975950816646,0.25,1,"MED MED HIGH",NA
90,2,132.381523824126,91,2,2.49978219880964,"M",0.350726109347306,0.25,1,"MED MED HIGH",NA
90,3,64.0158599844513,89,0,0.498722403314063,"FISHED",0.334952899627388,0.25,1,"MED MED HIGH",NA
90,4,64.7008683305359,89,0,0.501487457422184,"M",0.334952899627388,0.25,1,"MED MED HIGH",NA
90,5,60.8956436788554,89,0,0.500014726720757,"M",0.334952899627388,0.25,1,"MED MED HIGH",NA
90,6,61.6150319700313,89,0,0.501931878430186,"M",0.334952899627388,0.25,1,"MED MED HIGH",NA
90,7,64.5112922734426,89,0,0.498426143402748,"FISHED",0.334952899627388,0.25,1,"MED MED HIGH",NA
90,8,63.8438444545042,89,0,0.500376740639184,"M",0.334952899627388,0.25,1,"MED MED HIGH",NA
90,9,156.550128054541,92,3,3.49943090728628,"M",0.385975950816646,0.25,1,"MED MED HIGH",NA
90,10,95.3970658216819,90,1,1.50138930157398,"FISHED",0.39512450597249,0.25,1,"MED MED HIGH",NA
91,1,62.670250783443,90,0,0.499986814780693,"M",0.39512450597249,0.25,1,"MED MED HIGH",NA
91,2,97.4051947060236,91,1,1.50026695179025,"M",0.350726109347306,0.25,1,"MED MED HIGH",NA
91,3,133.060515554767,92,2,2.50115531295879,"FISHED",0.385975950816646,0.25,1,"MED MED HIGH",NA
91,4,64.2359237190294,90,0,0.498405569933525,"M",0.39512450597249,0.25,1,"MED MED HIGH",NA
91,5,140.01180330578,93,3,3.50090269894418,"M",0.351852871105075,0.25,1,"MED MED HIGH",NA
91,6,59.4590355489539,90,0,0.500319563266896,"FISHED",0.39512450597249,0.25,1,"MED MED HIGH",NA
91,7,148.808756123024,93,3,3.50058049166059,"FISHED",0.351852871105075,0.25,1,"MED MED HIGH",NA
91,8,120.778738633368,92,2,2.5025853223185,"M",0.385975950816646,0.25,1,"MED MED HIGH",NA
92,1,61.9297997879568,91,0,0.499186968445861,"M",0.350726109347306,0.25,1,"MED MED HIGH",NA
92,2,63.1804411636838,91,0,0.499563297992059,"M",0.350726109347306,0.25,1,"MED MED HIGH",NA
92,3,61.6356465433807,91,0,0.500459767858995,"FISHED",0.350726109347306,0.25,1,"MED MED HIGH",NA
92,4,146.89293221064,94,3,3.49940063532396,"M",0.349208626151085,0.25,1,"MED MED HIGH",NA
92,5,164.023282547003,95,4,4.4989876704088,"M",0.394425373640843,0.25,1,"MED MED HIGH",NA
92,6,99.8081830796592,92,1,1.49941782330228,"M",0.385975950816646,0.25,1,"MED MED HIGH",NA
92,7,63.9778935118001,91,0,0.500098024581076,"FISHED",0.350726109347306,0.25,1,"MED MED HIGH",NA
92,8,61.6843757239603,91,0,0.500204036428802,"FISHED",0.350726109347306,0.25,1,"MED MED HIGH",NA
93,1,98.7329030725655,93,1,1.50028990808845,"M",0.351852871105075,0.25,1,"MED MED HIGH",NA
93,2,62.3960001433078,92,0,0.499917433009587,"FISHED",0.385975950816646,0.25,1,"MED MED HIGH",NA
93,3,63.0714212792872,92,0,0.49982134982691,"M",0.385975950816646,0.25,1,"MED MED HIGH",NA
93,4,155.386233975158,95,3,3.50069396124468,"FISHED",0.394425373640843,0.25,1,"MED MED HIGH",NA
93,5,63.538511775586,92,0,0.499782714998867,"M",0.385975950816646,0.25,1,"MED MED HIGH",NA
93,6,61.2211876412697,92,0,0.500980490247253,"FISHED",0.385975950816646,0.25,1,"MED MED HIGH",NA
94,1,62.6390828064693,93,0,0.501361360775009,"FISHED",0.351852871105075,0.25,1,"MED MED HIGH",NA
94,2,152.556799152077,97,4,4.49921535501075,"FISHED",0.32304649122525,0.25,1,"MED MED HIGH",NA
94,3,96.4118246655194,94,1,1.50043488099107,"FISHED",0.349208626151085,0.25,1,"MED MED HIGH",NA
94,4,63.2297621960633,93,0,0.499072514764001,"FISHED",0.351852871105075,0.25,1,"MED MED HIGH",NA
94,5,103.030996154052,94,1,1.5015034546426,"FISHED",0.349208626151085,0.25,1,"MED MED HIGH",NA
94,6,61.9242860153907,93,0,0.50102078902573,"FISHED",0.351852871105075,0.25,1,"MED MED HIGH",NA
94,7,104.31958293677,94,1,1.49914870213958,"FISHED",0.349208626151085,0.25,1,"MED MED HIGH",NA
94,8,168.026564593429,99,6,6.49994883075813,"M",0.399429644597694,0.25,1,"MED MED HIGH",NA
94,9,147.662954955687,96,3,3.50027293420747,"M",0.354325162805617,0.25,1,"MED MED HIGH",NA
95,1,91.9121562784795,95,1,1.50129326407345,"M",0.394425373640843,0.25,1,"MED MED HIGH",NA
95,2,130.395122809854,96,2,2.49913005965243,"FISHED",0.354325162805617,0.25,1,"MED MED HIGH",NA
95,3,129.644872668141,96,2,2.50009231850937,"FISHED",0.354325162805617,0.25,1,"MED MED HIGH",NA
95,4,131.393266540229,96,2,2.50087401595526,"M",0.354325162805617,0.25,1,"MED MED HIGH",NA
95,5,96.7180879130373,95,1,1.50021085868238,"FISHED",0.394425373640843,0.25,1,"MED MED HIGH",NA
95,6,98.9533070274913,95,1,1.50188686697679,"M",0.394425373640843,0.25,1,"MED MED HIGH",NA
95,7,98.7295491875799,95,1,1.49938638236776,"M",0.394425373640843,0.25,1,"MED MED HIGH",NA
96,1,58.8263402518291,95,0,0.499479564647793,"FISHED",0.394425373640843,0.25,1,"MED MED HIGH",NA
96,2,65.2605238880607,95,0,0.50057897820028,"M",0.394425373640843,0.25,1,"MED MED HIGH",NA
96,3,131.073540499425,97,2,2.50163130339531,"FISHED",0.32304649122525,0.25,1,"MED MED HIGH",NA
96,4,64.6195001201851,95,0,0.500227520496791,"M",0.394425373640843,0.25,1,"MED MED HIGH",NA
96,5,97.9474754568842,96,1,1.50091138499072,"FISHED",0.354325162805617,0.25,1,"MED MED HIGH",NA
97,1,60.7340188206008,96,0,0.50017809393254,"M",0.354325162805617,0.25,1,"MED MED HIGH",NA
97,2,120.427797124048,98,2,2.50047160075836,"FISHED",0.399266870319843,0.25,1,"MED MED HIGH",NA
97,3,101.774232642668,97,1,1.49798832277101,"M",0.32304649122525,0.25,1,"MED MED HIGH",NA
97,4,123.57421327281,98,2,2.50131887776035,"FISHED",0.399266870319843,0.25,1,"MED MED HIGH",NA
97,5,125.161288033424,98,2,2.49841731140602,"M",0.399266870319843,0.25,1,"MED MED HIGH",NA
97,6,60.9911824507198,96,0,0.500406998429244,"M",0.354325162805617,0.25,1,"MED MED HIGH",NA
97,7,147.42287616886,99,3,3.49923235346768,"M",0.399429644597694,0.25,1,"MED MED HIGH",NA
98,1,63.0628821265056,97,0,0.499516800011455,"M",0.32304649122525,0.25,1,"MED MED HIGH",NA
98,2,95.7604687833866,98,1,1.49953441024078,"M",0.399266870319843,0.25,1,"MED MED HIGH",NA
98,3,97.8326890643754,98,1,1.50124790595781,"M",0.399266870319843,0.25,1,"MED MED HIGH",NA
98,4,60.2482406088144,97,0,0.499209467599488,"FISHED",0.32304649122525,0.25,1,"MED MED HIGH",NA
98,5,95.525949220311,98,1,1.49983222707814,"FISHED",0.399266870319843,0.25,1,"MED MED HIGH",NA
99,1,121.296558180528,100,2,2.50097110715615,"FISHED",0.318401230988093,0.25,1,"MED MED HIGH",NA
99,2,60.0770624406053,98,0,0.499731612317292,"FISHED",0.399266870319843,0.25,1,"MED MED HIGH",NA
99,3,95.3842643075699,99,1,1.50191737543347,"FISHED",0.399429644597694,0.25,1,"MED MED HIGH",NA
99,4,105.937600286104,99,1,1.49919037473045,"M",0.399429644597694,0.25,1,"MED MED HIGH",NA
99,5,62.6395234137088,98,0,0.50047868914572,"FISHED",0.399266870319843,0.25,1,"MED MED HIGH",NA
99,6,118.776519508639,100,2,2.50062853737976,"M",0.318401230988093,0.25,1,"MED MED HIGH",NA
100,1,102.985877798457,100,1,1.50182694553495,"FISHED",0.318401230988093,0.25,1,"MED MED HIGH",NA
100,2,63.9816007851223,99,0,0.501179401250153,"FISHED",0.399429644597694,0.25,1,"MED MED HIGH",NA
100,3,63.2310540039361,99,0,0.499505906504654,"M",0.399429644597694,0.25,1,"MED MED HIGH",NA
100,4,98.3389662733816,100,1,1.49998010118793,"FISHED",0.318401230988093,0.25,1,"MED MED HIGH",NA
100,5,104.551091930316,100,1,1.49961399600563,"M",0.318401230988093,0.25,1,"MED MED HIGH",NA
100,6,91.1877346976705,100,1,1.5002115259357,"FISHED",0.318401230988093,0.25,1,"MED MED HIGH",NA
