"cohort","ind","fish_size","Year","Age","AgeE","dtype","FMORT","M","Sel","FSIM","REG"
1,1,62.4321635564704,0,0,0.500479896178427,"M",0,0.25,1,"LOW LOW LOW",NA
1,2,149.576382383808,3,3,3.50092577565845,"M",0,0.25,1,"LOW LOW LOW",NA
1,3,61.3738679933837,0,0,0.499762829599957,"M",0,0.25,1,"LOW LOW LOW",NA
1,4,66.5909988059965,0,0,0.499183468568728,"M",0,0.25,1,"LOW LOW LOW",NA
1,5,94.5052963655901,1,1,1.50044875425349,"M",0,0.25,1,"LOW LOW LOW",NA
1,6,219.266451735552,9,9,9.49888244691201,"M",0,0.25,1,"LOW LOW LOW",NA
1,7,97.2974770438014,1,1,1.5002771304524,"M",0,0.25,1,"LOW LOW LOW",NA
1,8,131.002758426604,2,2,2.49960830522425,"M",0,0.25,1,"LOW LOW LOW",NA
1,9,172.403921886206,5,5,5.49900331505405,"M",0,0.25,1,"LOW LOW LOW",NA
1,10,118.126466325261,2,2,2.50059674557112,"M",0,0.25,1,"LOW LOW LOW",NA
1,11,106.634979079586,1,1,1.50002986885251,"M",0,0.25,1,"LOW LOW LOW",NA
1,12,61.3795326147779,0,0,0.499691386313242,"M",0,0.25,1,"LOW LOW LOW",NA
2,1,158.613783674933,5,4,4.50026296999854,"M",0,0.25,1,"LOW LOW LOW",NA
2,2,60.9241695940634,1,0,0.500635693853011,"M",0,0.25,1,"LOW LOW LOW",NA
2,3,101.531039361721,2,1,1.50024836680613,"M",0,0.25,1,"LOW LOW LOW",NA
2,4,87.835343176836,2,1,1.50101120144752,"M",0,0.25,1,"LOW LOW LOW",NA
2,5,99.0485791612273,2,1,1.49997042159424,"M",0,0.25,1,"LOW LOW LOW",NA
2,6,169.465390372703,7,6,6.49952799489895,"M",0,0.25,1,"LOW LOW LOW",NA
2,7,61.8586723538202,1,0,0.498031970340592,"M",0,0.25,1,"LOW LOW LOW",NA
2,8,218.186177077197,10,9,9.50175804349127,"M",0,0.25,1,"LOW LOW LOW",NA
2,9,61.3700695139097,1,0,0.498821250119802,"M",0,0.25,1,"LOW LOW LOW",NA
2,10,94.3689013698129,2,1,1.49956549973384,"M",0,0.25,1,"LOW LOW LOW",NA
2,11,100.549908082283,2,1,1.50090611506178,"M",0,0.25,1,"LOW LOW LOW",NA
2,12,62.9831119542676,1,0,0.499339267053937,"M",0,0.25,1,"LOW LOW LOW",NA
3,1,63.7558919401584,2,0,0.501080422452085,"M",0,0.25,1,"LOW LOW LOW",NA
3,2,195.607560584785,10,8,8.49887437114926,"M",0,0.25,1,"LOW LOW LOW",NA
3,3,254.253538633404,11,9,9.49884445440661,"M",0,0.25,1,"LOW LOW LOW",NA
3,4,177.891287998671,8,6,6.49848367751919,"M",0,0.25,1,"LOW LOW LOW",NA
3,5,62.724614688776,2,0,0.500256368591901,"M",0,0.25,1,"LOW LOW LOW",NA
3,6,99.6515112932347,3,1,1.4996302585364,"M",0,0.25,1,"LOW LOW LOW",NA
3,7,122.866954816188,4,2,2.50037649952025,"M",0,0.25,1,"LOW LOW LOW",NA
3,8,93.8545965296497,3,1,1.50043703154108,"M",0,0.25,1,"LOW LOW LOW",NA
3,9,107.482720213201,3,1,1.49859206238202,"M",0,0.25,1,"LOW LOW LOW",NA
3,10,60.8226597268029,2,0,0.501483404446548,"M",0,0.25,1,"LOW LOW LOW",NA
3,11,146.303061878547,6,4,4.50033394548378,"M",0,0.25,1,"LOW LOW LOW",NA
3,12,61.6711637609949,2,0,0.501173897823806,"M",0,0.25,1,"LOW LOW LOW",NA
4,1,166.61817789943,8,5,5.50187558893795,"M",0,0.25,1,"LOW LOW LOW",NA
4,2,63.973365099108,3,0,0.49903170616949,"M",0,0.25,1,"LOW LOW LOW",NA
4,3,98.2055452517714,4,1,1.50014484057854,"M",0,0.25,1,"LOW LOW LOW",NA
4,4,171.725661864734,7,4,4.50007018008648,"M",0,0.25,1,"LOW LOW LOW",NA
4,5,61.1764435975867,3,0,0.500853859661639,"M",0,0.25,1,"LOW LOW LOW",NA
4,6,132.790914134358,5,2,2.50148861072656,"M",0,0.25,1,"LOW LOW LOW",NA
4,7,149.398613935451,6,3,3.50230187390452,"M",0,0.25,1,"LOW LOW LOW",NA
4,8,129.668315499763,5,2,2.50028747371139,"M",0,0.25,1,"LOW LOW LOW",NA
4,9,170.448812844703,8,5,5.50150374191451,"M",0,0.25,1,"LOW LOW LOW",NA
4,10,64.1158309578061,3,0,0.499725621866364,"M",0,0.25,1,"LOW LOW LOW",NA
4,11,144.614595148552,7,4,4.50094196153322,"M",0,0.25,1,"LOW LOW LOW",NA
5,1,60.2410265370245,4,0,0.499346133869732,"M",0,0.25,1,"LOW LOW LOW",NA
5,2,225.192540980339,15,11,11.4991073758226,"M",0,0.25,1,"LOW LOW LOW",NA
5,3,180.214680615286,11,7,7.50007385906324,"M",0,0.25,1,"LOW LOW LOW",NA
5,4,155.336186424744,9,5,5.5015819038783,"M",0,0.25,1,"LOW LOW LOW",NA
5,5,158.423933420444,7,3,3.50091781150253,"M",0,0.25,1,"LOW LOW LOW",NA
5,6,181.015650476888,10,6,6.50128580042162,"M",0,0.25,1,"LOW LOW LOW",NA
5,7,169.918720694394,9,5,5.49775192912913,"M",0,0.25,1,"LOW LOW LOW",NA
5,8,105.077470618819,5,1,1.50001456110698,"M",0,0.25,1,"LOW LOW LOW",NA
5,9,96.7811252859512,5,1,1.49972149314895,"M",0,0.25,1,"LOW LOW LOW",NA
5,10,142.23869163322,8,4,4.49925319715869,"M",0,0.25,1,"LOW LOW LOW",NA
5,11,122.01066337646,6,2,2.50000714386826,"M",0,0.25,1,"LOW LOW LOW",NA
6,1,195.611645192706,10,5,5.49975051439819,"M",0,0.25,1,"LOW LOW LOW",NA
6,2,167.028565572378,10,5,5.50045597679807,"M",0,0.25,1,"LOW LOW LOW",NA
6,3,92.4128189573781,6,1,1.50007097392216,"M",0,0.25,1,"LOW LOW LOW",NA
6,4,63.7457332125696,5,0,0.497535704291182,"M",0,0.25,1,"LOW LOW LOW",NA
6,5,61.0557831227435,5,0,0.500548214890692,"M",0,0.25,1,"LOW LOW LOW",NA
6,6,93.296689469628,6,1,1.49979703767082,"M",0,0.25,1,"LOW LOW LOW",NA
6,7,100.299018394175,6,1,1.49918953896743,"M",0,0.25,1,"LOW LOW LOW",NA
6,8,165.516632687091,8,3,3.50034355949864,"M",0,0.25,1,"LOW LOW LOW",NA
6,9,63.3360188089684,5,0,0.500324385504697,"M",0,0.25,1,"LOW LOW LOW",NA
6,10,64.4336913272735,5,0,0.5005877636744,"M",0,0.25,1,"LOW LOW LOW",NA
6,11,97.5997622930996,6,1,1.49846333153796,"M",0,0.25,1,"LOW LOW LOW",NA
6,12,136.202788449188,7,2,2.50048885491662,"M",0,0.25,1,"LOW LOW LOW",NA
6,13,98.2922092618937,6,1,1.49976489107942,"M",0,0.25,1,"LOW LOW LOW",NA
7,1,169.601041312619,11,5,5.49924699984057,"M",0,0.25,1,"LOW LOW LOW",NA
7,2,128.327528967892,8,2,2.50060278529644,"M",0,0.25,1,"LOW LOW LOW",NA
7,3,146.244914545767,9,3,3.50245235585831,"M",0,0.25,1,"LOW LOW LOW",NA
7,4,189.704876566521,13,7,7.49897026176202,"M",0,0.25,1,"LOW LOW LOW",NA
7,5,235.35722942323,14,8,8.5001564704891,"M",0,0.25,1,"LOW LOW LOW",NA
7,6,63.2962212177973,6,0,0.501001625186851,"M",0,0.25,1,"LOW LOW LOW",NA
7,7,159.105114250489,10,4,4.50046755873513,"M",0,0.25,1,"LOW LOW LOW",NA
7,8,210.206493126064,14,8,8.49939812183591,"M",0,0.25,1,"LOW LOW LOW",NA
7,9,153.065526714506,9,3,3.49879332129694,"M",0,0.25,1,"LOW LOW LOW",NA
7,10,62.348024232859,6,0,0.500792876403413,"M",0,0.25,1,"LOW LOW LOW",NA
7,11,257.55803708176,16,10,10.5007178560395,"M",0,0.25,1,"LOW LOW LOW",NA
7,12,93.0208422879325,7,1,1.49855541702597,"M",0,0.25,1,"LOW LOW LOW",NA
8,1,100.633695684289,8,1,1.4997295702119,"M",0,0.25,1,"LOW LOW LOW",NA
8,2,217.225980080631,16,9,9.50074297689742,"M",0,0.25,1,"LOW LOW LOW",NA
8,3,146.364860270488,10,3,3.50085797814921,"M",0,0.25,1,"LOW LOW LOW",NA
8,4,62.7246048269351,7,0,0.499542276008382,"M",0,0.25,1,"LOW LOW LOW",NA
8,5,102.092314596053,8,1,1.50045943532545,"M",0,0.25,1,"LOW LOW LOW",NA
8,6,62.7706637274008,7,0,0.500309398319548,"M",0,0.25,1,"LOW LOW LOW",NA
8,7,63.8094379626961,7,0,0.498773564779431,"M",0,0.25,1,"LOW LOW LOW",NA
8,8,144.916411975041,10,3,3.50043019646175,"M",0,0.25,1,"LOW LOW LOW",NA
8,9,166.556454851482,10,3,3.50044550759859,"M",0,0.25,1,"LOW LOW LOW",NA
8,10,96.2966692090887,8,1,1.50016030231711,"M",0,0.25,1,"LOW LOW LOW",NA
8,11,157.827025692929,10,3,3.49985195018246,"M",0,0.25,1,"LOW LOW LOW",NA
8,12,189.069499091786,12,5,5.50097332756245,"M",0,0.25,1,"LOW LOW LOW",NA
9,1,131.128989376636,10,2,2.49994864667513,"M",0,0.25,1,"LOW LOW LOW",NA
9,2,97.2030968076439,9,1,1.50056680129275,"M",0,0.25,1,"LOW LOW LOW",NA
9,3,104.386027776844,9,1,1.50052326965937,"M",0,0.25,1,"LOW LOW LOW",NA
9,4,61.2984275586582,8,0,0.500687670837511,"M",0,0.25,1,"LOW LOW LOW",NA
9,5,143.335058858732,11,3,3.50096105920702,"M",0,0.25,1,"LOW LOW LOW",NA
9,6,62.8171716831747,8,0,0.4996398934447,"M",0,0.25,1,"LOW LOW LOW",NA
9,7,96.4833403306382,9,1,1.50008690583988,"M",0,0.25,1,"LOW LOW LOW",NA
9,8,60.8737043420703,8,0,0.499993743263941,"M",0,0.25,1,"LOW LOW LOW",NA
9,9,196.121200491009,14,6,6.50095362854874,"M",0,0.25,1,"LOW LOW LOW",NA
9,10,205.305284201775,16,8,8.50091862546439,"M",0,0.25,1,"LOW LOW LOW",NA
9,11,157.895016354012,13,5,5.49973151974138,"M",0,0.25,1,"LOW LOW LOW",NA
9,12,165.836470109598,12,4,4.49959781005931,"M",0,0.25,1,"LOW LOW LOW",NA
9,13,62.3786376041902,8,0,0.49972495770866,"M",0,0.25,1,"LOW LOW LOW",NA
10,1,164.289589045041,14,5,5.50196926202581,"M",0,0.25,1,"LOW LOW LOW",NA
10,2,144.324158846328,11,2,2.49897477053827,"M",0,0.25,1,"LOW LOW LOW",NA
10,3,124.731434810923,11,2,2.5027159969216,"M",0,0.25,1,"LOW LOW LOW",NA
10,4,124.832437477535,11,2,2.49995359105494,"M",0,0.25,1,"LOW LOW LOW",NA
10,5,195.505881365743,16,7,7.50067386933876,"M",0,0.25,1,"LOW LOW LOW",NA
10,6,64.5956440515642,9,0,0.499755048381568,"M",0,0.25,1,"LOW LOW LOW",NA
10,7,98.0713048582787,10,1,1.49856824801301,"M",0,0.25,1,"LOW LOW LOW",NA
10,8,61.1545116563447,9,0,0.499077806554058,"M",0,0.25,1,"LOW LOW LOW",NA
10,9,196.225552860804,15,6,6.49944441322669,"M",0,0.25,1,"LOW LOW LOW",NA
10,10,215.148731429207,17,8,8.50037943104834,"M",0,0.25,1,"LOW LOW LOW",NA
10,11,177.588714124223,14,5,5.50045294150274,"M",0,0.25,1,"LOW LOW LOW",NA
10,12,98.0663486485107,10,1,1.49988565704595,"M",0,0.25,1,"LOW LOW LOW",NA
11,1,64.6500761560496,10,0,0.499180901296196,"M",0,0.25,1,"LOW LOW LOW",NA
11,2,202.169966496003,16,6,6.50041329414451,"M",0,0.25,1,"LOW LOW LOW",NA
11,3,127.270773419514,12,2,2.50025858059441,"M",0,0.25,1,"LOW LOW LOW",NA
11,4,167.656514049542,16,6,6.49738306506248,"M",0,0.25,1,"LOW LOW LOW",NA
11,5,188.8159536342,16,6,6.49869615969072,"M",0,0.25,1,"LOW LOW LOW",NA
11,6,149.35628890434,13,3,3.50028521859846,"M",0,0.25,1,"LOW LOW LOW",NA
11,7,61.5605018862061,10,0,0.499065901103065,"M",0,0.25,1,"LOW LOW LOW",NA
11,8,63.0454959718329,10,0,0.499152004954076,"M",0,0.25,1,"LOW LOW LOW",NA
11,9,96.0585388586576,11,1,1.5013017009812,"M",0,0.25,1,"LOW LOW LOW",NA
11,10,62.3668221766757,10,0,0.500031938362502,"M",0,0.25,1,"LOW LOW LOW",NA
11,11,93.7563313745868,11,1,1.49966730645783,"M",0,0.25,1,"LOW LOW LOW",NA
11,12,97.8086121061731,11,1,1.49997398488873,"M",0,0.25,1,"LOW LOW LOW",NA
12,1,178.853688669288,18,7,7.50031130122293,"M",0,0.25,1,"LOW LOW LOW",NA
12,2,103.580130476108,12,1,1.49924342333338,"M",0,0.25,1,"LOW LOW LOW",NA
12,3,62.3003285407279,11,0,0.500574194228432,"M",0,0.25,1,"LOW LOW LOW",NA
12,4,169.777290642974,15,4,4.50141322512306,"M",0,0.25,1,"LOW LOW LOW",NA
12,5,127.100753219858,13,2,2.50049898825713,"M",0,0.25,1,"LOW LOW LOW",NA
12,6,114.800555404749,13,2,2.50028446399133,"M",0,0.25,1,"LOW LOW LOW",NA
12,7,59.0357125255641,11,0,0.4994856945978,"M",0,0.25,1,"LOW LOW LOW",NA
12,8,157.620013864674,14,3,3.50010643732414,"M",0,0.25,1,"LOW LOW LOW",NA
12,9,63.0396487930459,11,0,0.498554816013093,"M",0,0.25,1,"LOW LOW LOW",NA
12,10,103.902426296774,12,1,1.50002684263982,"M",0,0.25,1,"LOW LOW LOW",NA
12,11,132.943901048773,13,2,2.50275824486807,"M",0,0.25,1,"LOW LOW LOW",NA
12,12,98.4016948506083,12,1,1.50061659996795,"M",0,0.25,1,"LOW LOW LOW",NA
13,1,97.6955882505964,13,1,1.49995040321112,"M",0,0.25,1,"LOW LOW LOW",NA
13,2,61.6246739739081,12,0,0.499187012185535,"M",0,0.25,1,"LOW LOW LOW",NA
13,3,118.673675371151,14,2,2.50007994278662,"M",0,0.25,1,"LOW LOW LOW",NA
13,4,227.871562949266,20,8,8.50087694583743,"M",0,0.25,1,"LOW LOW LOW",NA
13,5,61.8495582540465,12,0,0.500807884872451,"M",0,0.25,1,"LOW LOW LOW",NA
13,6,61.2809699630284,12,0,0.50162134676444,"M",0,0.25,1,"LOW LOW LOW",NA
13,7,62.3520111531613,12,0,0.499616642421612,"M",0,0.25,1,"LOW LOW LOW",NA
13,8,129.997724788442,14,2,2.4997856962437,"M",0,0.25,1,"LOW LOW LOW",NA
13,9,189.509992054426,22,10,10.5000859334837,"M",0,0.25,1,"LOW LOW LOW",NA
13,10,120.267675301429,14,2,2.50190150603193,"M",0,0.25,1,"LOW LOW LOW",NA
13,11,94.6627573961647,13,1,1.49949043508397,"M",0,0.25,1,"LOW LOW LOW",NA
13,12,174.137969719754,18,6,6.50066437466106,"M",0,0.25,1,"LOW LOW LOW",NA
14,1,164.393112682681,17,4,4.50027035465253,"M",0,0.25,1,"LOW LOW LOW",NA
14,2,99.8704313837379,14,1,1.5004323713972,"M",0,0.25,1,"LOW LOW LOW",NA
14,3,95.264433896177,14,1,1.4994794255473,"M",0,0.25,1,"LOW LOW LOW",NA
14,4,60.6448497836378,13,0,0.50106169340091,"M",0,0.25,1,"LOW LOW LOW",NA
14,5,155.998251238882,16,3,3.50003190968891,"M",0,0.25,1,"LOW LOW LOW",NA
14,6,121.576714509746,15,2,2.49960046260694,"M",0,0.25,1,"LOW LOW LOW",NA
14,7,184.035815299106,18,5,5.50029359426399,"M",0,0.25,1,"LOW LOW LOW",NA
14,8,135.189705604183,16,3,3.49870000033322,"M",0,0.25,1,"LOW LOW LOW",NA
14,9,60.3312065573219,13,0,0.498864553477714,"M",0,0.25,1,"LOW LOW LOW",NA
14,10,93.2402700242379,14,1,1.49982430323045,"M",0,0.25,1,"LOW LOW LOW",NA
14,11,225.101639424167,25,12,12.5006030978358,"M",0,0.25,1,"LOW LOW LOW",NA
14,12,62.4469547402798,13,0,0.501183230641285,"M",0,0.25,1,"LOW LOW LOW",NA
15,1,176.866266292378,20,6,6.49867078720913,"M",0,0.25,1,"LOW LOW LOW",NA
15,2,121.058013657674,16,2,2.49998952206496,"M",0,0.25,1,"LOW LOW LOW",NA
15,3,186.926728671974,20,6,6.50026860470254,"M",0,0.25,1,"LOW LOW LOW",NA
15,4,63.9256433227114,14,0,0.500575737141112,"M",0,0.25,1,"LOW LOW LOW",NA
15,5,125.689302582977,16,2,2.50016132891458,"M",0,0.25,1,"LOW LOW LOW",NA
15,6,135.145427910426,17,3,3.49999423627114,"M",0,0.25,1,"LOW LOW LOW",NA
15,7,201.601112043614,22,8,8.49788827476625,"M",0,0.25,1,"LOW LOW LOW",NA
15,8,64.9256503006782,14,0,0.499456496042141,"M",0,0.25,1,"LOW LOW LOW",NA
15,9,197.125418114044,20,6,6.49856915354519,"M",0,0.25,1,"LOW LOW LOW",NA
15,10,239.02881886692,26,12,12.4990959054778,"M",0,0.25,1,"LOW LOW LOW",NA
15,11,62.6391615700777,14,0,0.499352787722364,"M",0,0.25,1,"LOW LOW LOW",NA
15,12,62.2524156771137,14,0,0.500287875186398,"M",0,0.25,1,"LOW LOW LOW",NA
15,13,124.664157679798,16,2,2.49915099449671,"M",0,0.25,1,"LOW LOW LOW",NA
16,1,144.323849133689,18,3,3.50057413689762,"M",0,0.25,1,"LOW LOW LOW",NA
16,2,66.172803513767,15,0,0.497409348257989,"M",0,0.25,1,"LOW LOW LOW",NA
16,3,127.795752607392,17,2,2.50032107241288,"M",0,0.25,1,"LOW LOW LOW",NA
16,4,211.757982361797,22,7,7.50067276223458,"M",0,0.25,1,"LOW LOW LOW",NA
16,5,62.936827404417,15,0,0.497746773060675,"M",0,0.25,1,"LOW LOW LOW",NA
16,6,63.2906914716689,15,0,0.500187961388951,"M",0,0.25,1,"LOW LOW LOW",NA
16,7,99.0975014300873,16,1,1.50201686120393,"M",0,0.25,1,"LOW LOW LOW",NA
16,8,99.5927074923467,16,1,1.50018251962844,"M",0,0.25,1,"LOW LOW LOW",NA
16,9,181.39604298111,20,5,5.50258902485356,"M",0,0.25,1,"LOW LOW LOW",NA
16,10,201.853667774939,22,7,7.50025230967422,"M",0,0.25,1,"LOW LOW LOW",NA
16,11,62.7139461999585,15,0,0.500780968812285,"M",0,0.25,1,"LOW LOW LOW",NA
16,12,195.189052668619,20,5,5.50042946324804,"M",0,0.25,1,"LOW LOW LOW",NA
16,13,155.480261209083,19,4,4.49979185928768,"M",0,0.25,1,"LOW LOW LOW",NA
17,1,192.007310082905,22,6,6.49828408935999,"M",0,0.25,1,"LOW LOW LOW",NA
17,2,127.426085789253,18,2,2.49999708847202,"M",0,0.25,1,"LOW LOW LOW",NA
17,3,183.564908648942,21,5,5.50192744805047,"M",0,0.25,1,"LOW LOW LOW",NA
17,4,64.7596174779581,16,0,0.499235425054872,"M",0,0.25,1,"LOW LOW LOW",NA
17,5,196.521701315507,24,8,8.49981084651842,"M",0,0.25,1,"LOW LOW LOW",NA
17,6,221.656594280765,22,6,6.50105435933544,"M",0,0.25,1,"LOW LOW LOW",NA
17,7,153.013540975773,19,3,3.50124846899075,"M",0,0.25,1,"LOW LOW LOW",NA
17,8,61.6090200035971,16,0,0.500281833989132,"M",0,0.25,1,"LOW LOW LOW",NA
17,9,174.027879256917,21,5,5.49993348477493,"M",0,0.25,1,"LOW LOW LOW",NA
17,10,134.466344266661,19,3,3.49910044814459,"M",0,0.25,1,"LOW LOW LOW",NA
18,1,97.9216571610385,18,1,1.50090720260165,"M",0,0.25,1,"LOW LOW LOW",NA
18,2,164.550810707607,21,4,4.50036756477567,"M",0,0.25,1,"LOW LOW LOW",NA
18,3,99.3813693408207,18,1,1.498553189393,"M",0,0.25,1,"LOW LOW LOW",NA
18,4,65.0976929939872,17,0,0.498917222663946,"M",0,0.25,1,"LOW LOW LOW",NA
18,5,121.289502846514,19,2,2.49896847551258,"M",0,0.25,1,"LOW LOW LOW",NA
18,6,150.650671469275,21,4,4.49980158126783,"M",0,0.25,1,"LOW LOW LOW",NA
18,7,164.872452769924,22,5,5.50089035467634,"M",0,0.25,1,"LOW LOW LOW",NA
18,8,184.627546640818,22,5,5.50050048692311,"M",0,0.25,1,"LOW LOW LOW",NA
18,9,102.431830060233,18,1,1.50047755633429,"M",0,0.25,1,"LOW LOW LOW",NA
18,10,185.810922211659,26,9,9.49747742392279,"M",0,0.25,1,"LOW LOW LOW",NA
18,11,118.05652725099,19,2,2.50169057299627,"M",0,0.25,1,"LOW LOW LOW",NA
18,12,66.4165134729265,17,0,0.503082191122045,"M",0,0.25,1,"LOW LOW LOW",NA
19,1,130.451457143203,20,2,2.49993328851827,"M",0,0.25,1,"LOW LOW LOW",NA
19,2,233.863142756073,30,12,12.4986478512159,"M",0,0.25,1,"LOW LOW LOW",NA
19,3,143.167016436446,21,3,3.49877149385153,"M",0,0.25,1,"LOW LOW LOW",NA
19,4,193.786745549243,23,5,5.49965135673419,"M",0,0.25,1,"LOW LOW LOW",NA
19,5,62.7450565635953,18,0,0.502014379151068,"M",0,0.25,1,"LOW LOW LOW",NA
19,6,170.821453971639,24,6,6.49945807480821,"M",0,0.25,1,"LOW LOW LOW",NA
19,7,96.0674040861015,19,1,1.49911759759385,"M",0,0.25,1,"LOW LOW LOW",NA
19,8,90.7502066553735,19,1,1.50053153297393,"M",0,0.25,1,"LOW LOW LOW",NA
19,9,171.411018227568,23,5,5.5003735382468,"M",0,0.25,1,"LOW LOW LOW",NA
19,10,204.567775998213,24,6,6.50043957966206,"M",0,0.25,1,"LOW LOW LOW",NA
19,11,60.4991435853235,18,0,0.502203983709981,"M",0,0.25,1,"LOW LOW LOW",NA
20,1,61.7787408525506,19,0,0.499322846798073,"M",0,0.25,1,"LOW LOW LOW",NA
20,2,61.236371230307,19,0,0.50040563122441,"M",0,0.25,1,"LOW LOW LOW",NA
20,3,182.246146383799,24,5,5.501289013058,"M",0,0.25,1,"LOW LOW LOW",NA
20,4,176.642701078098,23,4,4.50088179491802,"M",0,0.25,1,"LOW LOW LOW",NA
20,5,119.831378488325,21,2,2.49894491153886,"M",0,0.25,1,"LOW LOW LOW",NA
20,6,64.9357181001793,19,0,0.500702016887245,"M",0,0.25,1,"LOW LOW LOW",NA
20,7,63.5745503241516,19,0,0.499281282786317,"M",0,0.25,1,"LOW LOW LOW",NA
20,8,124.050747068508,21,2,2.49935928494001,"M",0,0.25,1,"LOW LOW LOW",NA
20,9,62.8312729620021,19,0,0.496753991805211,"M",0,0.25,1,"LOW LOW LOW",NA
20,10,199.809816756905,29,10,10.501757888815,"M",0,0.25,1,"LOW LOW LOW",NA
20,11,60.6059937060055,19,0,0.502137457159675,"M",0,0.25,1,"LOW LOW LOW",NA
20,12,247.110078947596,33,14,14.499196104789,"M",0,0.25,1,"LOW LOW LOW",NA
21,1,136.149811525233,22,2,2.4990983248097,"M",0,0.25,1,"LOW LOW LOW",NA
21,2,59.1873780479748,20,0,0.500244046851402,"M",0,0.25,1,"LOW LOW LOW",NA
21,3,120.490191424367,22,2,2.50058422241944,"M",0,0.25,1,"LOW LOW LOW",NA
21,4,186.378400265153,32,12,12.5003777509596,"M",0,0.25,1,"LOW LOW LOW",NA
21,5,62.9282722755224,20,0,0.500106686903147,"M",0,0.25,1,"LOW LOW LOW",NA
21,6,95.1829296173627,21,1,1.50119363947394,"M",0,0.25,1,"LOW LOW LOW",NA
21,7,164.108655888148,28,8,8.5007212705035,"M",0,0.25,1,"LOW LOW LOW",NA
21,8,146.035356682347,23,3,3.49978415173532,"M",0,0.25,1,"LOW LOW LOW",NA
21,9,226.19684938018,34,14,14.5002725560969,"M",0,0.25,1,"LOW LOW LOW",NA
21,10,183.32770937629,26,6,6.49900517102932,"M",0,0.25,1,"LOW LOW LOW",NA
21,11,122.650802342045,22,2,2.49934221465134,"M",0,0.25,1,"LOW LOW LOW",NA
21,12,149.920401770931,23,3,3.50257873417599,"M",0,0.25,1,"LOW LOW LOW",NA
21,13,98.1875240305383,21,1,1.50186897254693,"M",0,0.25,1,"LOW LOW LOW",NA
22,1,60.2742806560591,21,0,0.499368066890406,"M",0,0.25,1,"LOW LOW LOW",NA
22,2,63.4796565865664,21,0,0.500001413133427,"M",0,0.25,1,"LOW LOW LOW",NA
22,3,178.692765366173,29,8,8.49994493848587,"M",0,0.25,1,"LOW LOW LOW",NA
22,4,152.601248008647,25,4,4.49824173230045,"M",0,0.25,1,"LOW LOW LOW",NA
22,5,221.314160053978,34,13,13.498819526342,"M",0,0.25,1,"LOW LOW LOW",NA
22,6,64.404698974767,21,0,0.49938176450665,"M",0,0.25,1,"LOW LOW LOW",NA
22,7,93.4885482665205,22,1,1.50016882110564,"M",0,0.25,1,"LOW LOW LOW",NA
22,8,124.448098319076,23,2,2.49879102432963,"M",0,0.25,1,"LOW LOW LOW",NA
22,9,192.910874992269,29,8,8.5006825423988,"M",0,0.25,1,"LOW LOW LOW",NA
22,10,180.215339770474,27,6,6.50090150975013,"M",0,0.25,1,"LOW LOW LOW",NA
22,11,166.248669000022,25,4,4.49867016385023,"M",0,0.25,1,"LOW LOW LOW",NA
22,12,159.017195052987,25,4,4.49999475664411,"M",0,0.25,1,"LOW LOW LOW",NA
23,1,173.136793391158,28,6,6.49866420164518,"M",0,0.25,1,"LOW LOW LOW",NA
23,2,100.699566239706,23,1,1.49996537543535,"M",0,0.25,1,"LOW LOW LOW",NA
23,3,210.42658143811,31,9,9.4987958758312,"M",0,0.25,1,"LOW LOW LOW",NA
23,4,158.881920921001,25,3,3.5005348688874,"M",0,0.25,1,"LOW LOW LOW",NA
23,5,66.5213694512396,22,0,0.500393153908533,"M",0,0.25,1,"LOW LOW LOW",NA
23,6,216.905521660962,29,7,7.49983590262152,"M",0,0.25,1,"LOW LOW LOW",NA
23,7,96.618913077744,23,1,1.50018862530188,"M",0,0.25,1,"LOW LOW LOW",NA
23,8,159.751788069071,26,4,4.49923701882293,"M",0,0.25,1,"LOW LOW LOW",NA
23,9,132.898910687675,24,2,2.49861910566753,"M",0,0.25,1,"LOW LOW LOW",NA
23,10,61.1383576768041,22,0,0.500161949200372,"M",0,0.25,1,"LOW LOW LOW",NA
23,11,134.180856198361,24,2,2.49866594385364,"M",0,0.25,1,"LOW LOW LOW",NA
23,12,61.7350071711505,22,0,0.499257979191013,"M",0,0.25,1,"LOW LOW LOW",NA
23,13,63.1447381829853,22,0,0.500435309485445,"M",0,0.25,1,"LOW LOW LOW",NA
24,1,99.2642277997566,24,1,1.49863001538587,"M",0,0.25,1,"LOW LOW LOW",NA
24,2,64.2678653928877,23,0,0.501234850204636,"M",0,0.25,1,"LOW LOW LOW",NA
24,3,228.610784767685,32,9,9.5021362458892,"M",0,0.25,1,"LOW LOW LOW",NA
24,4,148.650974144255,26,3,3.49969196809733,"M",0,0.25,1,"LOW LOW LOW",NA
24,5,208.499633112564,30,7,7.50131942729688,"M",0,0.25,1,"LOW LOW LOW",NA
24,6,60.6121218804602,23,0,0.499663240943724,"M",0,0.25,1,"LOW LOW LOW",NA
24,7,63.8107569147486,23,0,0.499406102496766,"M",0,0.25,1,"LOW LOW LOW",NA
24,8,64.1964993849034,23,0,0.501731433431607,"M",0,0.25,1,"LOW LOW LOW",NA
24,9,214.243101173492,31,8,8.50153687145865,"M",0,0.25,1,"LOW LOW LOW",NA
24,10,233.928099251,33,10,10.4993045905667,"M",0,0.25,1,"LOW LOW LOW",NA
24,11,61.7088505139506,23,0,0.498998900843388,"M",0,0.25,1,"LOW LOW LOW",NA
24,12,140.303323843669,26,3,3.49894931277646,"M",0,0.25,1,"LOW LOW LOW",NA
25,1,182.954185259756,33,9,9.49771067768794,"M",0,0.25,1,"LOW LOW LOW",NA
25,2,142.750673733797,28,4,4.49962970829131,"M",0,0.25,1,"LOW LOW LOW",NA
25,3,175.236884476422,28,4,4.49897952751383,"M",0,0.25,1,"LOW LOW LOW",NA
25,4,97.8684714067364,25,1,1.49970147632506,"M",0,0.25,1,"LOW LOW LOW",NA
25,5,62.368625946915,24,0,0.499930698624263,"M",0,0.25,1,"LOW LOW LOW",NA
25,6,62.5808857851776,24,0,0.500359011989808,"M",0,0.25,1,"LOW LOW LOW",NA
25,7,148.431531965071,27,3,3.50076591186919,"M",0,0.25,1,"LOW LOW LOW",NA
25,8,99.7832418149916,25,1,1.49975767771523,"M",0,0.25,1,"LOW LOW LOW",NA
25,9,100.333590250481,25,1,1.50062311130248,"M",0,0.25,1,"LOW LOW LOW",NA
25,10,64.7629392990935,24,0,0.500340377315599,"M",0,0.25,1,"LOW LOW LOW",NA
26,1,152.38860452361,28,3,3.50013238654592,"M",0,0.25,1,"LOW LOW LOW",NA
26,2,181.423176416853,30,5,5.50046921359869,"M",0,0.25,1,"LOW LOW LOW",NA
26,3,101.615264658468,26,1,1.50090480693527,"M",0,0.25,1,"LOW LOW LOW",NA
26,4,61.0414195571501,25,0,0.499121421740593,"M",0,0.25,1,"LOW LOW LOW",NA
26,5,59.9179316318823,25,0,0.501040085192962,"M",0,0.25,1,"LOW LOW LOW",NA
26,6,108.057220413909,26,1,1.50015180396075,"M",0,0.25,1,"LOW LOW LOW",NA
26,7,131.414117600204,27,2,2.50226094327375,"M",0,0.25,1,"LOW LOW LOW",NA
26,8,149.481885412221,28,3,3.4997869391078,"M",0,0.25,1,"LOW LOW LOW",NA
26,9,63.6015848469511,25,0,0.501088486599959,"M",0,0.25,1,"LOW LOW LOW",NA
26,10,63.4469362075267,25,0,0.502125875318338,"M",0,0.25,1,"LOW LOW LOW",NA
26,11,136.209076640136,28,3,3.49939680880416,"M",0,0.25,1,"LOW LOW LOW",NA
27,1,178.873792384657,31,5,5.50096637872295,"M",0,0.25,1,"LOW LOW LOW",NA
27,2,93.2071279754378,27,1,1.50038489206547,"M",0,0.25,1,"LOW LOW LOW",NA
27,3,160.461214325335,30,4,4.50132279800078,"M",0,0.25,1,"LOW LOW LOW",NA
27,4,96.3609692909974,27,1,1.49756060854129,"M",0,0.25,1,"LOW LOW LOW",NA
27,5,63.664819806673,26,0,0.499279740549449,"M",0,0.25,1,"LOW LOW LOW",NA
27,6,186.737789144192,33,7,7.49688985447368,"M",0,0.25,1,"LOW LOW LOW",NA
27,7,166.390308054493,30,4,4.49853006944204,"M",0,0.25,1,"LOW LOW LOW",NA
27,8,162.080589398752,30,4,4.49963948745234,"M",0,0.25,1,"LOW LOW LOW",NA
27,9,148.872952646609,29,3,3.50144236425969,"M",0,0.25,1,"LOW LOW LOW",NA
27,10,66.0794437019718,26,0,0.501027128352078,"M",0,0.25,1,"LOW LOW LOW",NA
27,11,66.0173119985548,26,0,0.500921341608625,"M",0,0.25,1,"LOW LOW LOW",NA
28,1,133.633354860376,29,2,2.50303726810364,"M",0,0.25,1,"LOW LOW LOW",NA
28,2,122.416286065864,29,2,2.49832336695927,"M",0,0.25,1,"LOW LOW LOW",NA
28,3,64.3538656655325,27,0,0.499331516507583,"M",0,0.25,1,"LOW LOW LOW",NA
28,4,61.5899793444345,27,0,0.500211092934427,"M",0,0.25,1,"LOW LOW LOW",NA
28,5,63.6014306857301,27,0,0.498687149528861,"M",0,0.25,1,"LOW LOW LOW",NA
28,6,61.915424852611,27,0,0.499392945645171,"M",0,0.25,1,"LOW LOW LOW",NA
28,7,101.305549950663,28,1,1.49953525462597,"M",0,0.25,1,"LOW LOW LOW",NA
28,8,135.375774234353,30,3,3.49886036498369,"M",0,0.25,1,"LOW LOW LOW",NA
28,9,96.7233773550464,28,1,1.49911739703431,"M",0,0.25,1,"LOW LOW LOW",NA
28,10,63.086255110372,27,0,0.498560764004616,"M",0,0.25,1,"LOW LOW LOW",NA
28,11,63.5162248523066,27,0,0.500375914424668,"M",0,0.25,1,"LOW LOW LOW",NA
28,12,130.511340033347,29,2,2.49963397922383,"M",0,0.25,1,"LOW LOW LOW",NA
28,13,225.488626208742,34,7,7.5000737850739,"M",0,0.25,1,"LOW LOW LOW",NA
29,1,95.3412601714607,29,1,1.50126493469464,"M",0,0.25,1,"LOW LOW LOW",NA
29,2,132.898933377135,30,2,2.50027815337063,"M",0,0.25,1,"LOW LOW LOW",NA
29,3,152.178924372388,32,4,4.5000184268664,"M",0,0.25,1,"LOW LOW LOW",NA
29,4,97.6002102614651,29,1,1.49940820984597,"M",0,0.25,1,"LOW LOW LOW",NA
29,5,192.497750290496,35,7,7.50151518318883,"M",0,0.25,1,"LOW LOW LOW",NA
29,6,152.971932548165,31,3,3.49906243320382,"M",0,0.25,1,"LOW LOW LOW",NA
29,7,143.319670147667,31,3,3.50027914321647,"M",0,0.25,1,"LOW LOW LOW",NA
29,8,124.649051260601,30,2,2.49944514892677,"M",0,0.25,1,"LOW LOW LOW",NA
29,9,134.736817085847,30,2,2.50017813685152,"M",0,0.25,1,"LOW LOW LOW",NA
29,10,61.9643353168046,28,0,0.500985840651339,"M",0,0.25,1,"LOW LOW LOW",NA
29,11,145.302285019479,31,3,3.50054433417357,"M",0,0.25,1,"LOW LOW LOW",NA
29,12,64.7531302249642,28,0,0.501024590098096,"M",0,0.25,1,"LOW LOW LOW",NA
30,1,214.035360963318,39,10,10.4989098944449,"M",0,0.25,1,"LOW LOW LOW",NA
30,2,144.26656860472,32,3,3.50067252174032,"M",0,0.25,1,"LOW LOW LOW",NA
30,3,105.998607520771,30,1,1.49969980863017,"M",0,0.25,1,"LOW LOW LOW",NA
30,4,63.702426208122,29,0,0.499796797615748,"M",0,0.25,1,"LOW LOW LOW",NA
30,5,119.80908735284,31,2,2.49918378338549,"M",0,0.25,1,"LOW LOW LOW",NA
30,6,164.429610953437,34,5,5.49997038254382,"M",0,0.25,1,"LOW LOW LOW",NA
30,7,101.898655129885,30,1,1.49865636472788,"M",0,0.25,1,"LOW LOW LOW",NA
30,8,138.579385072858,32,3,3.49991607361942,"M",0,0.25,1,"LOW LOW LOW",NA
30,9,100.642999436044,30,1,1.49924875688903,"M",0,0.25,1,"LOW LOW LOW",NA
30,10,169.500427441288,34,5,5.49937575947898,"M",0,0.25,1,"LOW LOW LOW",NA
30,11,60.81577121103,29,0,0.499761184674254,"M",0,0.25,1,"LOW LOW LOW",NA
31,1,172.931832585373,36,6,6.49973531670006,"M",0,0.25,1,"LOW LOW LOW",NA
31,2,58.6377916066231,30,0,0.501189633639053,"M",0,0.25,1,"LOW LOW LOW",NA
31,3,150.754677184319,33,3,3.50078505930792,"M",0,0.25,1,"LOW LOW LOW",NA
31,4,231.19632770005,43,13,13.4991737916334,"M",0,0.25,1,"LOW LOW LOW",NA
31,5,137.466750290687,34,4,4.50023649753824,"M",0,0.25,1,"LOW LOW LOW",NA
31,6,63.1102769074165,30,0,0.500601751378367,"M",0,0.25,1,"LOW LOW LOW",NA
31,7,173.413401205656,34,4,4.50087134594093,"M",0,0.25,1,"LOW LOW LOW",NA
31,8,163.832983829751,34,4,4.50016502905461,"M",0,0.25,1,"LOW LOW LOW",NA
31,9,167.11836199658,34,4,4.5007915588055,"M",0,0.25,1,"LOW LOW LOW",NA
31,10,102.21472810191,31,1,1.49955735611953,"M",0,0.25,1,"LOW LOW LOW",NA
31,11,174.743896359245,34,4,4.49913665109672,"M",0,0.25,1,"LOW LOW LOW",NA
32,1,98.885778660901,32,1,1.49939828693217,"M",0,0.25,1,"LOW LOW LOW",NA
32,2,63.6779863370605,31,0,0.500454012765498,"M",0,0.25,1,"LOW LOW LOW",NA
32,3,64.1972115814609,31,0,0.500039898242074,"M",0,0.25,1,"LOW LOW LOW",NA
32,4,123.40860019579,33,2,2.50032552708261,"M",0,0.25,1,"LOW LOW LOW",NA
32,5,219.441760203076,39,8,8.49957249318823,"M",0,0.25,1,"LOW LOW LOW",NA
32,6,129.274919754228,33,2,2.50003472115146,"M",0,0.25,1,"LOW LOW LOW",NA
32,7,268.28143353198,42,11,11.4990189103819,"M",0,0.25,1,"LOW LOW LOW",NA
32,8,207.285455296378,43,12,12.4989711589692,"M",0,0.25,1,"LOW LOW LOW",NA
32,9,179.305119527637,36,5,5.50204487607667,"M",0,0.25,1,"LOW LOW LOW",NA
32,10,112.622519081306,33,2,2.5002230118739,"M",0,0.25,1,"LOW LOW LOW",NA
32,11,116.409651585728,33,2,2.50151623769264,"M",0,0.25,1,"LOW LOW LOW",NA
32,12,188.048622632507,36,5,5.50084670222934,"M",0,0.25,1,"LOW LOW LOW",NA
32,13,64.5301512504841,31,0,0.497464854140653,"M",0,0.25,1,"LOW LOW LOW",NA
33,1,160.961295378549,36,4,4.50005186315485,"M",0,0.25,1,"LOW LOW LOW",NA
33,2,62.5824599501668,32,0,0.499152690223089,"M",0,0.25,1,"LOW LOW LOW",NA
33,3,101.574961307873,33,1,1.49911989524579,"M",0,0.25,1,"LOW LOW LOW",NA
33,4,226.746808851427,40,8,8.49856624912543,"M",0,0.25,1,"LOW LOW LOW",NA
33,5,191.595057355829,40,8,8.4983443547915,"M",0,0.25,1,"LOW LOW LOW",NA
33,6,61.7154914218892,32,0,0.500757417437475,"M",0,0.25,1,"LOW LOW LOW",NA
33,7,62.1070802639548,32,0,0.500517003088905,"M",0,0.25,1,"LOW LOW LOW",NA
33,8,117.73959393979,34,2,2.49903420170463,"M",0,0.25,1,"LOW LOW LOW",NA
33,9,147.486209020608,35,3,3.49904015605422,"M",0,0.25,1,"LOW LOW LOW",NA
33,10,125.663622094641,34,2,2.5008520612003,"M",0,0.25,1,"LOW LOW LOW",NA
33,11,143.103158989882,35,3,3.50077984275725,"M",0,0.25,1,"LOW LOW LOW",NA
33,12,62.8126295232317,32,0,0.500783454661865,"M",0,0.25,1,"LOW LOW LOW",NA
33,13,174.593634289183,36,4,4.5002440567692,"M",0,0.25,1,"LOW LOW LOW",NA
34,1,99.1790435662485,34,1,1.49999749701964,"M",0,0.25,1,"LOW LOW LOW",NA
34,2,128.308609709647,35,2,2.50132120001512,"M",0,0.25,1,"LOW LOW LOW",NA
34,3,121.495549059284,35,2,2.49943003167398,"M",0,0.25,1,"LOW LOW LOW",NA
34,4,60.737083074205,33,0,0.501359322175619,"M",0,0.25,1,"LOW LOW LOW",NA
34,5,93.0686405142892,34,1,1.50082818213834,"M",0,0.25,1,"LOW LOW LOW",NA
34,6,172.813537759599,38,5,5.50040989965851,"M",0,0.25,1,"LOW LOW LOW",NA
34,7,169.601686915644,37,4,4.50136385231593,"M",0,0.25,1,"LOW LOW LOW",NA
34,8,63.1951518725751,33,0,0.500619071720828,"M",0,0.25,1,"LOW LOW LOW",NA
34,9,189.397393762716,40,7,7.49932985678144,"M",0,0.25,1,"LOW LOW LOW",NA
34,10,119.527831429353,35,2,2.50058532451038,"M",0,0.25,1,"LOW LOW LOW",NA
35,1,171.189061052316,39,5,5.49987993346155,"M",0,0.25,1,"LOW LOW LOW",NA
35,2,180.500705618574,38,4,4.50065837558471,"M",0,0.25,1,"LOW LOW LOW",NA
35,3,104.6551716143,35,1,1.50032632213732,"M",0,0.25,1,"LOW LOW LOW",NA
35,4,62.021758320894,34,0,0.499433731613854,"M",0,0.25,1,"LOW LOW LOW",NA
35,5,220.189833942073,46,12,12.4987397578137,"M",0,0.25,1,"LOW LOW LOW",NA
35,6,208.367811798522,45,11,11.4995334273078,"M",0,0.25,1,"LOW LOW LOW",NA
35,7,188.103258211438,39,5,5.5002521156431,"M",0,0.25,1,"LOW LOW LOW",NA
35,8,153.025379556089,38,4,4.49969658973976,"M",0,0.25,1,"LOW LOW LOW",NA
35,9,62.984485475146,34,0,0.498481826059933,"M",0,0.25,1,"LOW LOW LOW",NA
35,10,159.488774131215,38,4,4.49979555186101,"M",0,0.25,1,"LOW LOW LOW",NA
35,11,158.367379661065,38,4,4.4996041674342,"M",0,0.25,1,"LOW LOW LOW",NA
35,12,177.285282239927,43,9,9.49986981255842,"M",0,0.25,1,"LOW LOW LOW",NA
36,1,94.0134861176349,36,1,1.49899126587642,"M",0,0.25,1,"LOW LOW LOW",NA
36,2,132.127035903672,37,2,2.49986707489545,"M",0,0.25,1,"LOW LOW LOW",NA
36,3,93.9611840137115,36,1,1.50084052158018,"M",0,0.25,1,"LOW LOW LOW",NA
36,4,116.725496543532,37,2,2.50034739046312,"M",0,0.25,1,"LOW LOW LOW",NA
36,5,129.275820645397,37,2,2.50165990242764,"M",0,0.25,1,"LOW LOW LOW",NA
36,6,97.252791190382,36,1,1.49843942537989,"M",0,0.25,1,"LOW LOW LOW",NA
36,7,101.629693431828,36,1,1.50063696646776,"M",0,0.25,1,"LOW LOW LOW",NA
36,8,190.722313381492,43,8,8.50021294553312,"M",0,0.25,1,"LOW LOW LOW",NA
36,9,61.4821797930503,35,0,0.500320339075982,"M",0,0.25,1,"LOW LOW LOW",NA
36,10,103.121107475693,36,1,1.50050061798692,"M",0,0.25,1,"LOW LOW LOW",NA
36,11,168.478010022763,47,12,12.5005791705516,"M",0,0.25,1,"LOW LOW LOW",NA
36,12,163.722492577009,39,4,4.49975430471728,"M",0,0.25,1,"LOW LOW LOW",NA
37,1,63.9605078042397,36,0,0.499995041537295,"M",0,0.25,1,"LOW LOW LOW",NA
37,2,157.271860336512,41,5,5.50013941487258,"M",0,0.25,1,"LOW LOW LOW",NA
37,3,141.58600982958,39,3,3.5007164518546,"M",0,0.25,1,"LOW LOW LOW",NA
37,4,128.0078600836,38,2,2.49958365857816,"M",0,0.25,1,"LOW LOW LOW",NA
37,5,95.7035984469807,37,1,1.50160114358604,"M",0,0.25,1,"LOW LOW LOW",NA
37,6,146.26189065309,39,3,3.49987735070809,"M",0,0.25,1,"LOW LOW LOW",NA
37,7,96.8218729304483,37,1,1.50180574480281,"M",0,0.25,1,"LOW LOW LOW",NA
37,8,155.837435843909,40,4,4.49792730028129,"M",0,0.25,1,"LOW LOW LOW",NA
37,9,150.65237527681,39,3,3.50135313776761,"M",0,0.25,1,"LOW LOW LOW",NA
37,10,63.7455464228866,36,0,0.500416636721803,"M",0,0.25,1,"LOW LOW LOW",NA
37,11,176.469376440063,46,10,10.5008372287895,"M",0,0.25,1,"LOW LOW LOW",NA
38,1,198.119539302027,51,14,14.5015378877646,"FISHED",0.128139380039647,0.25,1,"LOW LOW LOW",NA
38,2,62.1655769062616,37,0,0.501008392655527,"M",0,0.25,1,"LOW LOW LOW",NA
38,3,59.3573042797488,37,0,0.500933818504604,"M",0,0.25,1,"LOW LOW LOW",NA
38,4,104.803253231739,38,1,1.50064868061766,"M",0,0.25,1,"LOW LOW LOW",NA
38,5,189.861939092342,43,6,6.5001458280592,"M",0,0.25,1,"LOW LOW LOW",NA
38,6,100.412244560089,38,1,1.49978427761429,"M",0,0.25,1,"LOW LOW LOW",NA
38,7,138.80221110947,40,3,3.49999796814743,"M",0,0.25,1,"LOW LOW LOW",NA
38,8,163.014322346953,44,7,7.50207563599518,"M",0,0.25,1,"LOW LOW LOW",NA
38,9,64.1379021670169,37,0,0.499520238490382,"M",0,0.25,1,"LOW LOW LOW",NA
38,10,161.806017187608,41,4,4.49911944039079,"M",0,0.25,1,"LOW LOW LOW",NA
38,11,93.9317692267022,38,1,1.50004879511564,"M",0,0.25,1,"LOW LOW LOW",NA
38,12,166.843102288443,43,6,6.49996319751189,"M",0,0.25,1,"LOW LOW LOW",NA
38,13,206.187621706915,44,7,7.50125982254016,"M",0,0.25,1,"LOW LOW LOW",NA
38,14,192.759385497662,42,5,5.50039043386217,"M",0,0.25,1,"LOW LOW LOW",NA
39,1,167.941566692046,42,4,4.49845242357164,"M",0,0.25,1,"LOW LOW LOW",NA
39,2,132.761524544446,40,2,2.50083627440304,"M",0,0.25,1,"LOW LOW LOW",NA
39,3,144.877882132615,41,3,3.4991203481061,"M",0,0.25,1,"LOW LOW LOW",NA
39,4,194.259084995956,45,7,7.50185062729336,"M",0,0.25,1,"LOW LOW LOW",NA
39,5,58.1149904981684,38,0,0.498208030605382,"M",0,0.25,1,"LOW LOW LOW",NA
39,6,134.166896795468,40,2,2.49934008080942,"M",0,0.25,1,"LOW LOW LOW",NA
39,7,96.4974723364757,39,1,1.49853870471249,"M",0,0.25,1,"LOW LOW LOW",NA
39,8,185.074283096937,49,11,11.499569087164,"M",0,0.25,1,"LOW LOW LOW",NA
39,9,214.229739245857,46,8,8.50107050461715,"M",0,0.25,1,"LOW LOW LOW",NA
39,10,174.48760799305,42,4,4.50034838115215,"M",0,0.25,1,"LOW LOW LOW",NA
39,11,207.324072223957,47,9,9.50035393304194,"M",0,0.25,1,"LOW LOW LOW",NA
39,12,153.364622503675,42,4,4.50098209484724,"M",0,0.25,1,"LOW LOW LOW",NA
40,1,184.208595071993,44,5,5.4995140428671,"M",0,0.25,1,"LOW LOW LOW",NA
40,2,136.859338659272,41,2,2.49914321692613,"M",0,0.25,1,"LOW LOW LOW",NA
40,3,100.086455377765,40,1,1.50000228568577,"M",0,0.25,1,"LOW LOW LOW",NA
40,4,134.923633362623,42,3,3.49995937930569,"M",0,0.25,1,"LOW LOW LOW",NA
40,5,226.653448610991,48,9,9.50081284247078,"M",0,0.25,1,"LOW LOW LOW",NA
40,6,152.905959966958,42,3,3.4991714107767,"M",0,0.25,1,"LOW LOW LOW",NA
40,7,189.111694919982,47,8,8.50087020510978,"M",0,0.25,1,"LOW LOW LOW",NA
40,8,59.2230170925408,39,0,0.500150912473406,"M",0,0.25,1,"LOW LOW LOW",NA
40,9,132.629397434757,41,2,2.50196879607828,"M",0,0.25,1,"LOW LOW LOW",NA
40,10,105.601896254739,40,1,1.49953057281264,"M",0,0.25,1,"LOW LOW LOW",NA
40,11,93.7104587374369,40,1,1.49949988460293,"M",0,0.25,1,"LOW LOW LOW",NA
41,1,99.9196390898667,41,1,1.50033057034113,"M",0,0.25,1,"LOW LOW LOW",NA
41,2,174.120416530721,45,5,5.49910264457082,"M",0,0.25,1,"LOW LOW LOW",NA
41,3,99.0559826242792,41,1,1.50070871318271,"M",0,0.25,1,"LOW LOW LOW",NA
41,4,62.6861168096926,40,0,0.498300753010877,"M",0,0.25,1,"LOW LOW LOW",NA
41,5,196.772756253216,51,11,11.5002680229036,"FISHED",0.128139380039647,0.25,1,"LOW LOW LOW",NA
41,6,103.01509197904,41,1,1.49935790281548,"M",0,0.25,1,"LOW LOW LOW",NA
41,7,99.1944041027926,41,1,1.49901085116283,"M",0,0.25,1,"LOW LOW LOW",NA
41,8,95.7291478801401,41,1,1.50048508503304,"M",0,0.25,1,"LOW LOW LOW",NA
41,9,195.89581732465,45,5,5.49963571053671,"M",0,0.25,1,"LOW LOW LOW",NA
41,10,211.648978353586,53,13,13.4996602231751,"M",0.153181002335623,0.25,1,"LOW LOW LOW",NA
41,11,65.2113632801654,40,0,0.49937379310913,"M",0,0.25,1,"LOW LOW LOW",NA
41,12,61.8248133712792,40,0,0.50004508817249,"M",0,0.25,1,"LOW LOW LOW",NA
41,13,64.0162353651746,40,0,0.499105751138567,"M",0,0.25,1,"LOW LOW LOW",NA
41,14,235.939957988685,53,13,13.5004314905455,"M",0.153181002335623,0.25,1,"LOW LOW LOW",NA
42,1,197.357426581488,47,6,6.50014839028656,"M",0,0.25,1,"LOW LOW LOW",NA
42,2,175.98887979396,45,4,4.50176051165677,"M",0,0.25,1,"LOW LOW LOW",NA
42,3,183.410433221665,46,5,5.49971819330296,"M",0,0.25,1,"LOW LOW LOW",NA
42,4,96.9544837288809,42,1,1.49943815399772,"M",0,0.25,1,"LOW LOW LOW",NA
42,5,61.6946148633204,41,0,0.49998587790866,"M",0,0.25,1,"LOW LOW LOW",NA
42,6,64.8329216782331,41,0,0.499079806305344,"M",0,0.25,1,"LOW LOW LOW",NA
42,7,190.311566086102,48,7,7.50160331775459,"M",0,0.25,1,"LOW LOW LOW",NA
42,8,98.6759112889258,42,1,1.50049243944961,"M",0,0.25,1,"LOW LOW LOW",NA
42,9,152.102684576987,44,3,3.50057294443378,"M",0,0.25,1,"LOW LOW LOW",NA
42,10,224.453959540501,53,12,12.4994473914555,"M",0.153181002335623,0.25,1,"LOW LOW LOW",NA
43,1,62.8777393364385,42,0,0.500588714443435,"M",0,0.25,1,"LOW LOW LOW",NA
43,2,60.9748594006389,42,0,0.498641421677257,"M",0,0.25,1,"LOW LOW LOW",NA
43,3,100.850854167034,43,1,1.49963229719391,"M",0,0.25,1,"LOW LOW LOW",NA
43,4,168.002939727011,46,4,4.5015177847369,"M",0,0.25,1,"LOW LOW LOW",NA
43,5,205.129299014469,49,7,7.49914616898057,"M",0,0.25,1,"LOW LOW LOW",NA
43,6,150.045281481856,45,3,3.50035022546857,"M",0,0.25,1,"LOW LOW LOW",NA
43,7,99.8538408558277,43,1,1.50068112072606,"M",0,0.25,1,"LOW LOW LOW",NA
43,8,207.076370773096,47,5,5.50085305964672,"M",0,0.25,1,"LOW LOW LOW",NA
43,9,64.3958523899349,42,0,0.500055129940762,"M",0,0.25,1,"LOW LOW LOW",NA
43,10,163.351811682443,47,5,5.49844497395361,"M",0,0.25,1,"LOW LOW LOW",NA
43,11,195.920902776937,48,6,6.50126456748238,"M",0,0.25,1,"LOW LOW LOW",NA
43,12,197.576323294924,53,11,11.4981152678814,"M",0.153181002335623,0.25,1,"LOW LOW LOW",NA
43,13,165.827947153292,47,5,5.50005972486775,"M",0,0.25,1,"LOW LOW LOW",NA
44,1,166.562796439416,47,4,4.50041123743323,"M",0,0.25,1,"LOW LOW LOW",NA
44,2,202.626069888134,52,9,9.49776188476213,"M",0.171079463860951,0.25,1,"LOW LOW LOW",NA
44,3,134.08665879523,45,2,2.50054492000224,"M",0,0.25,1,"LOW LOW LOW",NA
44,4,229.036338445811,56,13,13.5011599889429,"M",0.175705564580858,0.25,1,"LOW LOW LOW",NA
44,5,212.037725072738,51,8,8.49889333795256,"M",0.128139380039647,0.25,1,"LOW LOW LOW",NA
44,6,184.589151937088,50,7,7.50025968841614,"M",0.101114481966943,0.25,1,"LOW LOW LOW",NA
44,7,64.1711848897588,43,0,0.498886736342618,"M",0,0.25,1,"LOW LOW LOW",NA
44,8,162.917803717756,46,3,3.49994905111173,"M",0,0.25,1,"LOW LOW LOW",NA
44,9,216.14287866386,49,6,6.5002364341893,"M",0,0.25,1,"LOW LOW LOW",NA
44,10,61.6805701947638,43,0,0.500901430237762,"M",0,0.25,1,"LOW LOW LOW",NA
44,11,131.235980474133,45,2,2.50033309553237,"M",0,0.25,1,"LOW LOW LOW",NA
45,1,64.196915470554,44,0,0.49863812743775,"M",0,0.25,1,"LOW LOW LOW",NA
45,2,167.372580691589,48,4,4.49972426087743,"M",0,0.25,1,"LOW LOW LOW",NA
45,3,96.9832808299957,45,1,1.50022242920368,"M",0,0.25,1,"LOW LOW LOW",NA
45,4,221.209218216535,50,6,6.50040603297182,"M",0.101114481966943,0.25,1,"LOW LOW LOW",NA
45,5,127.837804856277,47,3,3.50082419565929,"M",0,0.25,1,"LOW LOW LOW",NA
45,6,120.530203374034,46,2,2.49906216502332,"M",0,0.25,1,"LOW LOW LOW",NA
45,7,123.797530044502,46,2,2.49867248489459,"M",0,0.25,1,"LOW LOW LOW",NA
45,8,60.7999543304807,44,0,0.500466944248605,"M",0,0.25,1,"LOW LOW LOW",NA
45,9,118.92840112163,46,2,2.4995766208256,"M",0,0.25,1,"LOW LOW LOW",NA
45,10,60.7573186188112,44,0,0.49834473881578,"M",0,0.25,1,"LOW LOW LOW",NA
45,11,122.018682425026,47,3,3.5010044155019,"M",0,0.25,1,"LOW LOW LOW",NA
45,12,62.4571640347446,44,0,0.499367699129784,"M",0,0.25,1,"LOW LOW LOW",NA
46,1,60.7768030260175,45,0,0.499186114759584,"M",0,0.25,1,"LOW LOW LOW",NA
46,2,151.235210909281,49,4,4.50014689811006,"M",0,0.25,1,"LOW LOW LOW",NA
46,3,101.643279663588,46,1,1.49912537997455,"M",0,0.25,1,"LOW LOW LOW",NA
46,4,101.098434566015,46,1,1.5007851668673,"M",0,0.25,1,"LOW LOW LOW",NA
46,5,122.77865476909,47,2,2.50061789714206,"M",0,0.25,1,"LOW LOW LOW",NA
46,6,132.961709438262,48,3,3.50061633858126,"M",0,0.25,1,"LOW LOW LOW",NA
46,7,197.958633065869,50,5,5.50094102727621,"M",0.101114481966943,0.25,1,"LOW LOW LOW",NA
46,8,60.060377159903,45,0,0.500000613847149,"M",0,0.25,1,"LOW LOW LOW",NA
46,9,152.256610297674,49,4,4.49955638042688,"M",0,0.25,1,"LOW LOW LOW",NA
46,10,168.843763812139,50,5,5.50146192879155,"M",0.101114481966943,0.25,1,"LOW LOW LOW",NA
46,11,152.971628052499,48,3,3.50111948165648,"M",0,0.25,1,"LOW LOW LOW",NA
47,1,124.104645389201,48,2,2.50012877748442,"M",0,0.25,1,"LOW LOW LOW",NA
47,2,150.738986084948,49,3,3.49976120010432,"M",0,0.25,1,"LOW LOW LOW",NA
47,3,62.2754627699481,46,0,0.500115330423923,"M",0,0.25,1,"LOW LOW LOW",NA
47,4,61.8151376565033,46,0,0.498888408479028,"M",0,0.25,1,"LOW LOW LOW",NA
47,5,163.380026778884,51,5,5.50009866366963,"FISHED",0.128139380039647,0.25,1,"LOW LOW LOW",NA
47,6,194.586908677901,52,6,6.49989943109717,"M",0.171079463860951,0.25,1,"LOW LOW LOW",NA
47,7,62.3803331933623,46,0,0.500068965625799,"M",0,0.25,1,"LOW LOW LOW",NA
47,8,125.234361400167,48,2,2.49746472579573,"M",0,0.25,1,"LOW LOW LOW",NA
47,9,60.418684758422,46,0,0.499407957264643,"M",0,0.25,1,"LOW LOW LOW",NA
47,10,195.671628331367,54,8,8.49921446624204,"FISHED",0.173475016606972,0.25,1,"LOW LOW LOW",NA
47,11,141.253857350611,49,3,3.50033510229874,"M",0,0.25,1,"LOW LOW LOW",NA
47,12,101.965660997678,47,1,1.50128826103553,"M",0,0.25,1,"LOW LOW LOW",NA
47,13,137.51630008864,49,3,3.4991181337834,"M",0,0.25,1,"LOW LOW LOW",NA
48,1,169.493596745677,52,5,5.49908435605781,"FISHED",0.171079463860951,0.25,1,"LOW LOW LOW",NA
48,2,198.954261184006,52,5,5.50072184312689,"FISHED",0.171079463860951,0.25,1,"LOW LOW LOW",NA
48,3,96.189594856883,48,1,1.49891102035729,"M",0,0.25,1,"LOW LOW LOW",NA
48,4,185.397815828996,52,5,5.50004638318462,"M",0.171079463860951,0.25,1,"LOW LOW LOW",NA
48,5,181.382668523312,52,5,5.49869846447413,"M",0.171079463860951,0.25,1,"LOW LOW LOW",NA
48,6,180.27464001724,52,5,5.5007013610392,"M",0.171079463860951,0.25,1,"LOW LOW LOW",NA
48,7,61.1200220879772,47,0,0.50128449054951,"M",0,0.25,1,"LOW LOW LOW",NA
48,8,164.609829104909,51,4,4.4987574081606,"FISHED",0.128139380039647,0.25,1,"LOW LOW LOW",NA
48,9,171.731256009449,53,6,6.4981704633794,"M",0.153181002335623,0.25,1,"LOW LOW LOW",NA
48,10,107.027414288048,48,1,1.50141635610743,"M",0,0.25,1,"LOW LOW LOW",NA
48,11,124.863996263283,49,2,2.49964229288795,"M",0,0.25,1,"LOW LOW LOW",NA
48,12,165.693057165932,51,4,4.49931338210659,"M",0.128139380039647,0.25,1,"LOW LOW LOW",NA
48,13,65.7928990927307,47,0,0.500883636015273,"M",0,0.25,1,"LOW LOW LOW",NA
49,1,199.102350524368,55,7,7.49918115793654,"M",0.189901574328542,0.25,1,"LOW LOW LOW",NA
49,2,96.0013442927684,49,1,1.49958130281209,"M",0,0.25,1,"LOW LOW LOW",NA
49,3,99.3066398041249,49,1,1.50049304152428,"M",0,0.25,1,"LOW LOW LOW",NA
49,4,97.4252095417057,49,1,1.49983907256473,"M",0,0.25,1,"LOW LOW LOW",NA
49,5,94.7601205678378,49,1,1.50058630419039,"M",0,0.25,1,"LOW LOW LOW",NA
49,6,205.516151343606,55,7,7.49961803338836,"M",0.189901574328542,0.25,1,"LOW LOW LOW",NA
49,7,192.651766519332,56,8,8.49852996404334,"M",0.175705564580858,0.25,1,"LOW LOW LOW",NA
49,8,126.871876100294,50,2,2.4987755046803,"M",0.101114481966943,0.25,1,"LOW LOW LOW",NA
49,9,163.061083609733,53,5,5.50159980339861,"FISHED",0.153181002335623,0.25,1,"LOW LOW LOW",NA
49,10,95.4319618557565,49,1,1.50025355113182,"M",0,0.25,1,"LOW LOW LOW",NA
49,11,95.4815824025634,49,1,1.50094566194317,"M",0,0.25,1,"LOW LOW LOW",NA
50,1,126.106009547214,51,2,2.50009772799327,"FISHED",0.128139380039647,0.25,1,"LOW LOW LOW",NA
50,2,177.246723761417,53,4,4.50079560126548,"FISHED",0.153181002335623,0.25,1,"LOW LOW LOW",NA
50,3,193.22483253849,56,7,7.50121643738085,"M",0.175705564580858,0.25,1,"LOW LOW LOW",NA
50,4,186.787190668777,54,5,5.49846910616889,"M",0.173475016606972,0.25,1,"LOW LOW LOW",NA
50,5,160.260670382964,52,3,3.50033804532433,"FISHED",0.171079463860951,0.25,1,"LOW LOW LOW",NA
50,6,152.453485466115,52,3,3.50114127372032,"M",0.171079463860951,0.25,1,"LOW LOW LOW",NA
50,7,140.596647417949,52,3,3.50230286841286,"FISHED",0.171079463860951,0.25,1,"LOW LOW LOW",NA
50,8,131.771576501074,51,2,2.49846714557873,"M",0.128139380039647,0.25,1,"LOW LOW LOW",NA
50,9,143.027950560205,52,3,3.49950113313565,"FISHED",0.171079463860951,0.25,1,"LOW LOW LOW",NA
50,10,108.667997282744,50,1,1.50074750551481,"M",0.101114481966943,0.25,1,"LOW LOW LOW",NA
50,11,188.664337700144,55,6,6.49864270446856,"M",0.189901574328542,0.25,1,"LOW LOW LOW",NA
51,1,162.732700654286,54,4,4.50205595758068,"FISHED",0.173475016606972,0.25,1,"LOW LOW LOW",NA
51,2,126.553239371554,52,2,2.49875311309451,"M",0.171079463860951,0.25,1,"LOW LOW LOW",NA
51,3,100.830146290332,51,1,1.50147588077037,"M",0.128139380039647,0.25,1,"LOW LOW LOW",NA
51,4,97.0204748942966,51,1,1.49998479706194,"M",0.128139380039647,0.25,1,"LOW LOW LOW",NA
51,5,60.8675604818587,50,0,0.501512688863375,"M",0.101114481966943,0.25,1,"LOW LOW LOW",NA
51,6,100.968082060414,51,1,1.50135412633494,"M",0.128139380039647,0.25,1,"LOW LOW LOW",NA
51,7,209.206843975912,62,12,12.4986216925573,"FISHED",0.141889984626323,0.25,1,"LOW LOW LOW",NA
51,8,65.4717758188207,50,0,0.499088054679826,"M",0.101114481966943,0.25,1,"LOW LOW LOW",NA
51,9,208.344341963427,56,6,6.49903341288575,"M",0.175705564580858,0.25,1,"LOW LOW LOW",NA
51,10,133.365210965895,52,2,2.50165826179174,"M",0.171079463860951,0.25,1,"LOW LOW LOW",NA
51,11,130.291267357519,52,2,2.50020205495726,"FISHED",0.171079463860951,0.25,1,"LOW LOW LOW",NA
51,12,95.5059658222015,51,1,1.49969462535332,"M",0.128139380039647,0.25,1,"LOW LOW LOW",NA
51,13,61.1475972883392,50,0,0.500278172115652,"M",0.101114481966943,0.25,1,"LOW LOW LOW",NA
52,1,182.666184139134,55,4,4.50032280285213,"FISHED",0.189901574328542,0.25,1,"LOW LOW LOW",NA
52,2,92.065888434083,52,1,1.49999596311428,"M",0.171079463860951,0.25,1,"LOW LOW LOW",NA
52,3,97.1997013846656,52,1,1.50052887728846,"FISHED",0.171079463860951,0.25,1,"LOW LOW LOW",NA
52,4,171.551645399069,55,4,4.50021432985939,"M",0.189901574328542,0.25,1,"LOW LOW LOW",NA
52,5,185.974752477301,55,4,4.50013325233629,"M",0.189901574328542,0.25,1,"LOW LOW LOW",NA
52,6,97.5726884446574,52,1,1.49852452373874,"M",0.171079463860951,0.25,1,"LOW LOW LOW",NA
52,7,154.775494154638,54,3,3.50145136434027,"M",0.173475016606972,0.25,1,"LOW LOW LOW",NA
52,8,104.480387776614,52,1,1.49924532521265,"M",0.171079463860951,0.25,1,"LOW LOW LOW",NA
52,9,63.5515319807166,51,0,0.500542000506405,"FISHED",0.128139380039647,0.25,1,"LOW LOW LOW",NA
52,10,126.432287198113,53,2,2.50063225857899,"M",0.153181002335623,0.25,1,"LOW LOW LOW",NA
52,11,202.607754698903,58,7,7.49955933569688,"FISHED",0.185698510636576,0.25,1,"LOW LOW LOW",NA
52,12,100.776479861247,52,1,1.49831060190695,"M",0.171079463860951,0.25,1,"LOW LOW LOW",NA
52,13,163.248547925561,55,4,4.50025501326549,"M",0.189901574328542,0.25,1,"LOW LOW LOW",NA
53,1,95.9029245310731,53,1,1.50072898814517,"M",0.153181002335623,0.25,1,"LOW LOW LOW",NA
53,2,61.1881989157858,52,0,0.499472437665216,"M",0.171079463860951,0.25,1,"LOW LOW LOW",NA
53,3,143.092253794331,55,3,3.50004004984678,"FISHED",0.189901574328542,0.25,1,"LOW LOW LOW",NA
53,4,155.907386058489,56,4,4.50001791052576,"M",0.175705564580858,0.25,1,"LOW LOW LOW",NA
53,5,183.283371759588,57,5,5.49900991627954,"M",0.132216112618335,0.25,1,"LOW LOW LOW",NA
53,6,63.7330718796465,52,0,0.499278605695116,"M",0.171079463860951,0.25,1,"LOW LOW LOW",NA
53,7,101.432460768773,53,1,1.49891377280642,"FISHED",0.153181002335623,0.25,1,"LOW LOW LOW",NA
53,8,145.695334748773,55,3,3.49818772703679,"M",0.189901574328542,0.25,1,"LOW LOW LOW",NA
53,9,94.0631882194354,53,1,1.49920948923399,"M",0.153181002335623,0.25,1,"LOW LOW LOW",NA
53,10,63.5255996495292,52,0,0.498780931954265,"FISHED",0.171079463860951,0.25,1,"LOW LOW LOW",NA
53,11,62.1387068072649,52,0,0.499003294772902,"M",0.171079463860951,0.25,1,"LOW LOW LOW",NA
53,12,59.8043494988512,52,0,0.501321735066315,"FISHED",0.171079463860951,0.25,1,"LOW LOW LOW",NA
54,1,131.031330023772,55,2,2.50095377143106,"M",0.189901574328542,0.25,1,"LOW LOW LOW",NA
54,2,60.630607422536,53,0,0.499898853059094,"FISHED",0.153181002335623,0.25,1,"LOW LOW LOW",NA
54,3,170.591279825063,57,4,4.50136520033542,"M",0.132216112618335,0.25,1,"LOW LOW LOW",NA
54,4,62.4802724190955,53,0,0.498742676638297,"M",0.153181002335623,0.25,1,"LOW LOW LOW",NA
54,5,159.820881128312,57,4,4.49971949141765,"FISHED",0.132216112618335,0.25,1,"LOW LOW LOW",NA
54,6,155.982698781044,56,3,3.49857525462303,"FISHED",0.175705564580858,0.25,1,"LOW LOW LOW",NA
54,7,200.949759270848,59,6,6.50098411798323,"FISHED",0.15951849129051,0.25,1,"LOW LOW LOW",NA
54,8,60.9062206843156,53,0,0.50010200497642,"M",0.153181002335623,0.25,1,"LOW LOW LOW",NA
54,9,140.476243672681,55,2,2.50025198934483,"M",0.189901574328542,0.25,1,"LOW LOW LOW",NA
54,10,63.2212574780057,53,0,0.49962422902772,"FISHED",0.153181002335623,0.25,1,"LOW LOW LOW",NA
54,11,179.503269145724,59,6,6.49962087960132,"M",0.15951849129051,0.25,1,"LOW LOW LOW",NA
54,12,96.865343764747,54,1,1.49914073246701,"M",0.173475016606972,0.25,1,"LOW LOW LOW",NA
55,1,63.6424301025219,54,0,0.500868167000762,"M",0.173475016606972,0.25,1,"LOW LOW LOW",NA
55,2,64.2216919984761,54,0,0.500390445537029,"FISHED",0.173475016606972,0.25,1,"LOW LOW LOW",NA
55,3,162.855571764514,59,5,5.49859778829343,"FISHED",0.15951849129051,0.25,1,"LOW LOW LOW",NA
55,4,62.0582538026231,54,0,0.500808281163701,"M",0.173475016606972,0.25,1,"LOW LOW LOW",NA
55,5,204.592845132304,61,7,7.49957035767629,"M",0.122639683773741,0.25,1,"LOW LOW LOW",NA
55,6,130.752294129715,56,2,2.49992390766266,"M",0.175705564580858,0.25,1,"LOW LOW LOW",NA
55,7,123.473215180379,56,2,2.50005771814621,"M",0.175705564580858,0.25,1,"LOW LOW LOW",NA
55,8,183.395812363457,59,5,5.50046564129963,"FISHED",0.15951849129051,0.25,1,"LOW LOW LOW",NA
55,9,141.062476689636,57,3,3.50091657492413,"M",0.132216112618335,0.25,1,"LOW LOW LOW",NA
55,10,61.1363885711033,54,0,0.49925754740039,"FISHED",0.173475016606972,0.25,1,"LOW LOW LOW",NA
55,11,101.728387630059,55,1,1.50145203450086,"FISHED",0.189901574328542,0.25,1,"LOW LOW LOW",NA
55,12,99.5014665542824,55,1,1.5005641402424,"M",0.189901574328542,0.25,1,"LOW LOW LOW",NA
56,1,127.369544866456,57,2,2.50100319575649,"FISHED",0.132216112618335,0.25,1,"LOW LOW LOW",NA
56,2,62.067214451158,55,0,0.500127482105531,"M",0.189901574328542,0.25,1,"LOW LOW LOW",NA
56,3,64.2660345503938,55,0,0.49947108195212,"M",0.189901574328542,0.25,1,"LOW LOW LOW",NA
56,4,120.718074572002,57,2,2.50104685599136,"M",0.132216112618335,0.25,1,"LOW LOW LOW",NA
56,5,65.0845023836641,55,0,0.499692989760708,"M",0.189901574328542,0.25,1,"LOW LOW LOW",NA
56,6,125.337827242065,57,2,2.49972872240072,"M",0.132216112618335,0.25,1,"LOW LOW LOW",NA
56,7,60.1065556572334,55,0,0.499700483946712,"FISHED",0.189901574328542,0.25,1,"LOW LOW LOW",NA
56,8,101.49890299856,56,1,1.49989516899686,"M",0.175705564580858,0.25,1,"LOW LOW LOW",NA
56,9,63.0776633436897,55,0,0.498844966803306,"M",0.189901574328542,0.25,1,"LOW LOW LOW",NA
56,10,126.828724525166,57,2,2.49996251064051,"FISHED",0.132216112618335,0.25,1,"LOW LOW LOW",NA
56,11,151.446167397909,58,3,3.49997144918275,"FISHED",0.185698510636576,0.25,1,"LOW LOW LOW",NA
57,1,94.7782215873979,57,1,1.50072631315454,"M",0.132216112618335,0.25,1,"LOW LOW LOW",NA
57,2,64.3693782444748,56,0,0.500832309295253,"FISHED",0.175705564580858,0.25,1,"LOW LOW LOW",NA
57,3,60.0470094744855,56,0,0.498822645941831,"M",0.175705564580858,0.25,1,"LOW LOW LOW",NA
57,4,62.6149295342269,56,0,0.500146216646943,"M",0.175705564580858,0.25,1,"LOW LOW LOW",NA
57,5,64.336471382579,56,0,0.500373688479022,"M",0.175705564580858,0.25,1,"LOW LOW LOW",NA
57,6,121.875212774244,58,2,2.50034164001711,"M",0.185698510636576,0.25,1,"LOW LOW LOW",NA
57,7,126.944804869448,58,2,2.49948814443543,"M",0.185698510636576,0.25,1,"LOW LOW LOW",NA
57,8,221.9320652221,63,7,7.49982614363285,"M",0.157835748093203,0.25,1,"LOW LOW LOW",NA
57,9,136.66779050846,58,2,2.50143055732255,"FISHED",0.185698510636576,0.25,1,"LOW LOW LOW",NA
57,10,93.7627827572387,57,1,1.49752466272484,"M",0.132216112618335,0.25,1,"LOW LOW LOW",NA
57,11,191.883078170461,62,6,6.49919012653314,"M",0.141889984626323,0.25,1,"LOW LOW LOW",NA
57,12,65.1077368923065,56,0,0.498715618304517,"M",0.175705564580858,0.25,1,"LOW LOW LOW",NA
58,1,59.2973314313541,57,0,0.500203868380576,"M",0.132216112618335,0.25,1,"LOW LOW LOW",NA
58,2,100.681422162958,58,1,1.49877936405575,"FISHED",0.185698510636576,0.25,1,"LOW LOW LOW",NA
58,3,100.247230310545,58,1,1.50076883041555,"M",0.185698510636576,0.25,1,"LOW LOW LOW",NA
58,4,113.454085807509,59,2,2.49833638145407,"M",0.15951849129051,0.25,1,"LOW LOW LOW",NA
58,5,172.263654483195,61,4,4.49886385935346,"M",0.122639683773741,0.25,1,"LOW LOW LOW",NA
58,6,126.363726761659,59,2,2.4997541027565,"M",0.15951849129051,0.25,1,"LOW LOW LOW",NA
58,7,152.467501119787,60,3,3.50034375524668,"M",0.160786728491075,0.25,1,"LOW LOW LOW",NA
58,8,97.0156706219578,58,1,1.49976971830839,"M",0.185698510636576,0.25,1,"LOW LOW LOW",NA
58,9,121.16333171796,59,2,2.49976157410703,"M",0.15951849129051,0.25,1,"LOW LOW LOW",NA
58,10,147.056548779164,61,4,4.50048054810864,"M",0.122639683773741,0.25,1,"LOW LOW LOW",NA
58,11,120.922509742014,59,2,2.50119343581082,"FISHED",0.15951849129051,0.25,1,"LOW LOW LOW",NA
59,1,125.050310247474,60,2,2.49879732698847,"FISHED",0.160786728491075,0.25,1,"LOW LOW LOW",NA
59,2,101.902888038659,59,1,1.4996377406164,"M",0.15951849129051,0.25,1,"LOW LOW LOW",NA
59,3,179.969843700985,63,5,5.50083267386701,"M",0.157835748093203,0.25,1,"LOW LOW LOW",NA
59,4,98.11766342277,59,1,1.49906761233109,"M",0.15951849129051,0.25,1,"LOW LOW LOW",NA
59,5,63.7697561475011,58,0,0.49983388662153,"M",0.185698510636576,0.25,1,"LOW LOW LOW",NA
59,6,157.84616908975,61,3,3.50072453818136,"FISHED",0.122639683773741,0.25,1,"LOW LOW LOW",NA
59,7,58.702705196849,58,0,0.500133137857465,"M",0.185698510636576,0.25,1,"LOW LOW LOW",NA
59,8,97.8274054609365,59,1,1.49964656201695,"FISHED",0.15951849129051,0.25,1,"LOW LOW LOW",NA
59,9,156.23456812783,62,4,4.49938548634713,"FISHED",0.141889984626323,0.25,1,"LOW LOW LOW",NA
59,10,187.217767312084,64,6,6.50235895121468,"FISHED",0.157440588320605,0.25,1,"LOW LOW LOW",NA
59,11,139.564369306987,60,2,2.50064504426184,"FISHED",0.160786728491075,0.25,1,"LOW LOW LOW",NA
59,12,129.336056960133,60,2,2.49802776012757,"M",0.160786728491075,0.25,1,"LOW LOW LOW",NA
60,1,177.864609438387,63,4,4.50062373547163,"M",0.157835748093203,0.25,1,"LOW LOW LOW",NA
60,2,128.765539677652,61,2,2.49991466024788,"M",0.122639683773741,0.25,1,"LOW LOW LOW",NA
60,3,61.5298435995613,59,0,0.49990307019883,"M",0.15951849129051,0.25,1,"LOW LOW LOW",NA
60,4,162.123417835722,62,3,3.50001738237478,"M",0.141889984626323,0.25,1,"LOW LOW LOW",NA
60,5,143.150452761528,62,3,3.49900678057286,"M",0.141889984626323,0.25,1,"LOW LOW LOW",NA
60,6,103.270051127789,60,1,1.49950615868801,"M",0.160786728491075,0.25,1,"LOW LOW LOW",NA
60,7,205.20196524022,71,12,12.5001419925665,"M",0.143912194017321,0.25,1,"LOW LOW LOW",NA
60,8,64.8023976034906,59,0,0.50062494975832,"M",0.15951849129051,0.25,1,"LOW LOW LOW",NA
60,9,96.8213527006421,60,1,1.49866803173199,"FISHED",0.160786728491075,0.25,1,"LOW LOW LOW",NA
60,10,152.801574831033,62,3,3.49934334574298,"FISHED",0.141889984626323,0.25,1,"LOW LOW LOW",NA
60,11,108.579822939383,60,1,1.49888658966968,"M",0.160786728491075,0.25,1,"LOW LOW LOW",NA
60,12,120.830094137599,61,2,2.49753011692214,"M",0.122639683773741,0.25,1,"LOW LOW LOW",NA
61,1,150.953344501551,63,3,3.49834376554229,"FISHED",0.157835748093203,0.25,1,"LOW LOW LOW",NA
61,2,153.654863213334,65,5,5.50087093363318,"FISHED",0.176228282856755,0.25,1,"LOW LOW LOW",NA
61,3,100.279557753615,61,1,1.50146129598393,"M",0.122639683773741,0.25,1,"LOW LOW LOW",NA
61,4,64.6191898105976,60,0,0.498897027911147,"M",0.160786728491075,0.25,1,"LOW LOW LOW",NA
61,5,98.2135196340915,61,1,1.49978707448881,"M",0.122639683773741,0.25,1,"LOW LOW LOW",NA
61,6,101.525601879604,61,1,1.49782052412165,"M",0.122639683773741,0.25,1,"LOW LOW LOW",NA
61,7,201.796149107252,70,10,10.4994428926662,"FISHED",0.162798351654783,0.25,1,"LOW LOW LOW",NA
61,8,60.1788413398451,60,0,0.499843749899529,"M",0.160786728491075,0.25,1,"LOW LOW LOW",NA
61,9,148.683327874087,63,3,3.49960341796082,"M",0.157835748093203,0.25,1,"LOW LOW LOW",NA
61,10,95.447385674581,61,1,1.50011589521971,"M",0.122639683773741,0.25,1,"LOW LOW LOW",NA
61,11,127.976098470862,63,3,3.50010874061306,"FISHED",0.157835748093203,0.25,1,"LOW LOW LOW",NA
61,12,102.889839357911,61,1,1.4989999212123,"FISHED",0.122639683773741,0.25,1,"LOW LOW LOW",NA
62,1,62.6493842521321,61,0,0.500352520674508,"FISHED",0.122639683773741,0.25,1,"LOW LOW LOW",NA
62,2,155.556137931323,64,3,3.49954631736559,"M",0.157440588320605,0.25,1,"LOW LOW LOW",NA
62,3,64.6216511856556,61,0,0.498862766215676,"M",0.122639683773741,0.25,1,"LOW LOW LOW",NA
62,4,61.8898747845334,61,0,0.500547026220595,"M",0.122639683773741,0.25,1,"LOW LOW LOW",NA
62,5,97.4898984831995,62,1,1.50104222270745,"M",0.141889984626323,0.25,1,"LOW LOW LOW",NA
62,6,143.69107250204,64,3,3.49947472243979,"M",0.157440588320605,0.25,1,"LOW LOW LOW",NA
62,7,122.874842492607,63,2,2.50042121949347,"M",0.157835748093203,0.25,1,"LOW LOW LOW",NA
62,8,93.8523210078568,62,1,1.50012594321342,"M",0.141889984626323,0.25,1,"LOW LOW LOW",NA
62,9,62.0763704450807,61,0,0.500529357685184,"M",0.122639683773741,0.25,1,"LOW LOW LOW",NA
62,10,185.01439037054,67,6,6.50023026196597,"FISHED",0.192678627371788,0.25,1,"LOW LOW LOW",NA
62,11,65.0256437094499,61,0,0.499824341454145,"M",0.122639683773741,0.25,1,"LOW LOW LOW",NA
63,1,61.189533976413,62,0,0.500723651433728,"M",0.141889984626323,0.25,1,"LOW LOW LOW",NA
63,2,94.0597092566553,63,1,1.50047064968331,"FISHED",0.157835748093203,0.25,1,"LOW LOW LOW",NA
63,3,61.3387097103823,62,0,0.501230989321917,"M",0.141889984626323,0.25,1,"LOW LOW LOW",NA
63,4,64.9861068741493,62,0,0.501926780546832,"M",0.141889984626323,0.25,1,"LOW LOW LOW",NA
63,5,61.4736419468551,62,0,0.500138857811564,"FISHED",0.141889984626323,0.25,1,"LOW LOW LOW",NA
63,6,62.9838010520542,62,0,0.501915010275499,"M",0.141889984626323,0.25,1,"LOW LOW LOW",NA
63,7,62.0045051171094,62,0,0.501181319791495,"M",0.141889984626323,0.25,1,"LOW LOW LOW",NA
63,8,95.025056255895,63,1,1.50090126226214,"M",0.157835748093203,0.25,1,"LOW LOW LOW",NA
63,9,126.106786194142,64,2,2.50106911691939,"M",0.157440588320605,0.25,1,"LOW LOW LOW",NA
63,10,176.350425887896,68,6,6.50002805053415,"FISHED",0.13295798683539,0.25,1,"LOW LOW LOW",NA
63,11,62.1649705708224,62,0,0.500753973175138,"M",0.141889984626323,0.25,1,"LOW LOW LOW",NA
63,12,60.6921459335051,62,0,0.498554310262653,"M",0.141889984626323,0.25,1,"LOW LOW LOW",NA
64,1,95.3263581007938,64,1,1.4973439001594,"FISHED",0.157440588320605,0.25,1,"LOW LOW LOW",NA
64,2,131.219041187319,65,2,2.4994446800386,"FISHED",0.176228282856755,0.25,1,"LOW LOW LOW",NA
64,3,104.705955282172,64,1,1.49981616311675,"FISHED",0.157440588320605,0.25,1,"LOW LOW LOW",NA
64,4,100.247615867113,64,1,1.5004618456032,"M",0.157440588320605,0.25,1,"LOW LOW LOW",NA
64,5,128.437580215518,65,2,2.50181315364683,"FISHED",0.176228282856755,0.25,1,"LOW LOW LOW",NA
64,6,140.483130146304,66,3,3.49998221336084,"FISHED",0.13753761339467,0.25,1,"LOW LOW LOW",NA
64,7,63.4560272986669,63,0,0.500296478506333,"M",0.157835748093203,0.25,1,"LOW LOW LOW",NA
64,8,59.912908159358,63,0,0.500145462863457,"M",0.157835748093203,0.25,1,"LOW LOW LOW",NA
64,9,97.5883761545699,64,1,1.50043582925649,"M",0.157440588320605,0.25,1,"LOW LOW LOW",NA
64,10,186.812450187349,67,4,4.50080664862236,"M",0.192678627371788,0.25,1,"LOW LOW LOW",NA
64,11,62.2727108223625,63,0,0.500081886156804,"M",0.157835748093203,0.25,1,"LOW LOW LOW",NA
64,12,98.2670481048557,64,1,1.49968482190277,"FISHED",0.157440588320605,0.25,1,"LOW LOW LOW",NA
65,1,120.681055635709,66,2,2.50253652606427,"M",0.13753761339467,0.25,1,"LOW LOW LOW",NA
65,2,96.2250699958156,65,1,1.50019748736172,"FISHED",0.176228282856755,0.25,1,"LOW LOW LOW",NA
65,3,59.3469731816142,64,0,0.500311641788909,"M",0.157440588320605,0.25,1,"LOW LOW LOW",NA
65,4,97.5174444073955,65,1,1.50021612900723,"M",0.176228282856755,0.25,1,"LOW LOW LOW",NA
65,5,61.9828231491892,64,0,0.50068243120746,"M",0.157440588320605,0.25,1,"LOW LOW LOW",NA
65,6,61.8508464487472,64,0,0.498883963291471,"M",0.157440588320605,0.25,1,"LOW LOW LOW",NA
65,7,98.0846428529336,65,1,1.49818149398938,"FISHED",0.176228282856755,0.25,1,"LOW LOW LOW",NA
65,8,108.26524536971,65,1,1.49959064960361,"M",0.176228282856755,0.25,1,"LOW LOW LOW",NA
65,9,62.6128532949067,64,0,0.500957572776873,"M",0.157440588320605,0.25,1,"LOW LOW LOW",NA
65,10,96.9550331644315,65,1,1.50018189990439,"FISHED",0.176228282856755,0.25,1,"LOW LOW LOW",NA
65,11,64.3278318869633,64,0,0.49918851907537,"FISHED",0.157440588320605,0.25,1,"LOW LOW LOW",NA
65,12,141.758248970556,67,3,3.50042605233197,"M",0.192678627371788,0.25,1,"LOW LOW LOW",NA
65,13,59.6707164489207,64,0,0.501558852736222,"FISHED",0.157440588320605,0.25,1,"LOW LOW LOW",NA
66,1,202.963776512677,71,6,6.50097683732829,"M",0.143912194017321,0.25,1,"LOW LOW LOW",NA
66,2,95.3662538161463,66,1,1.49944748375956,"FISHED",0.13753761339467,0.25,1,"LOW LOW LOW",NA
66,3,97.3886584005223,66,1,1.50162563179524,"M",0.13753761339467,0.25,1,"LOW LOW LOW",NA
66,4,63.8623657776643,65,0,0.500325515772844,"FISHED",0.176228282856755,0.25,1,"LOW LOW LOW",NA
66,5,62.0224459378328,65,0,0.499001193763,"M",0.176228282856755,0.25,1,"LOW LOW LOW",NA
66,6,63.380936349374,65,0,0.499155787622898,"FISHED",0.176228282856755,0.25,1,"LOW LOW LOW",NA
66,7,61.7879517886677,65,0,0.501737152973419,"M",0.176228282856755,0.25,1,"LOW LOW LOW",NA
66,8,62.8197173629108,65,0,0.499595592471715,"FISHED",0.176228282856755,0.25,1,"LOW LOW LOW",NA
66,9,155.00005030513,69,4,4.49835638790472,"M",0.101333934767172,0.25,1,"LOW LOW LOW",NA
66,10,97.7511306881579,66,1,1.50023161995232,"M",0.13753761339467,0.25,1,"LOW LOW LOW",NA
66,11,93.139228503771,66,1,1.49980126449925,"M",0.13753761339467,0.25,1,"LOW LOW LOW",NA
66,12,138.600506561896,67,2,2.49877276843541,"FISHED",0.192678627371788,0.25,1,"LOW LOW LOW",NA
66,13,65.3632366274099,65,0,0.499510545252204,"M",0.176228282856755,0.25,1,"LOW LOW LOW",NA
67,1,62.8237109375028,66,0,0.498399480512492,"FISHED",0.13753761339467,0.25,1,"LOW LOW LOW",NA
67,2,179.662839015076,71,5,5.5018060895131,"FISHED",0.143912194017321,0.25,1,"LOW LOW LOW",NA
67,3,96.9766467613845,67,1,1.50044061373517,"FISHED",0.192678627371788,0.25,1,"LOW LOW LOW",NA
67,4,101.149914179965,67,1,1.50017283336442,"M",0.192678627371788,0.25,1,"LOW LOW LOW",NA
67,5,132.855259163362,68,2,2.49965571619607,"M",0.13295798683539,0.25,1,"LOW LOW LOW",NA
67,6,148.808442100875,69,3,3.50128128270046,"M",0.101333934767172,0.25,1,"LOW LOW LOW",NA
67,7,116.040366315988,68,2,2.49969786534691,"M",0.13295798683539,0.25,1,"LOW LOW LOW",NA
67,8,169.036273651154,71,5,5.50154760939833,"M",0.143912194017321,0.25,1,"LOW LOW LOW",NA
67,9,123.561012950379,68,2,2.50027404362182,"FISHED",0.13295798683539,0.25,1,"LOW LOW LOW",NA
68,1,62.2025811058758,67,0,0.500524694722037,"M",0.192678627371788,0.25,1,"LOW LOW LOW",NA
68,2,143.303315142879,69,2,2.50053643705778,"M",0.101333934767172,0.25,1,"LOW LOW LOW",NA
68,3,95.8824703617259,68,1,1.50062437635442,"M",0.13295798683539,0.25,1,"LOW LOW LOW",NA
68,4,99.0945888344206,68,1,1.49934250145575,"M",0.13295798683539,0.25,1,"LOW LOW LOW",NA
68,5,186.24554603273,72,5,5.49925331723847,"M",0.121445477427915,0.25,1,"LOW LOW LOW",NA
68,6,122.340298207561,69,2,2.50064806736243,"M",0.101333934767172,0.25,1,"LOW LOW LOW",NA
68,7,184.054082667574,74,7,7.49993659254906,"M",0.153314553387463,0.25,1,"LOW LOW LOW",NA
68,8,62.6597212938204,67,0,0.49956557732877,"M",0.192678627371788,0.25,1,"LOW LOW LOW",NA
68,9,159.5907113838,70,3,3.49906063046423,"FISHED",0.162798351654783,0.25,1,"LOW LOW LOW",NA
68,10,61.8468280929124,67,0,0.499181810121249,"M",0.192678627371788,0.25,1,"LOW LOW LOW",NA
68,11,154.639571687405,70,3,3.50059384278943,"M",0.162798351654783,0.25,1,"LOW LOW LOW",NA
68,12,131.493197504035,69,2,2.49993758125825,"FISHED",0.101333934767172,0.25,1,"LOW LOW LOW",NA
68,13,236.975261069794,78,11,11.4996427767274,"M",0.119463320681825,0.25,1,"LOW LOW LOW",NA
69,1,139.257279165346,71,3,3.49891260621302,"M",0.143912194017321,0.25,1,"LOW LOW LOW",NA
69,2,61.556059331233,68,0,0.500088955054968,"M",0.13295798683539,0.25,1,"LOW LOW LOW",NA
69,3,121.537892164253,70,2,2.49966959795564,"M",0.162798351654783,0.25,1,"LOW LOW LOW",NA
69,4,91.9030108162694,69,1,1.4988731064273,"M",0.101333934767172,0.25,1,"LOW LOW LOW",NA
69,5,96.808595068898,69,1,1.50168870262141,"M",0.101333934767172,0.25,1,"LOW LOW LOW",NA
69,6,60.235732727974,68,0,0.500756236790016,"M",0.13295798683539,0.25,1,"LOW LOW LOW",NA
69,7,163.895020900578,72,4,4.50045540691383,"M",0.121445477427915,0.25,1,"LOW LOW LOW",NA
69,8,99.4099123147022,69,1,1.49975046981885,"M",0.101333934767172,0.25,1,"LOW LOW LOW",NA
69,9,60.1309614782065,68,0,0.500045329536997,"M",0.13295798683539,0.25,1,"LOW LOW LOW",NA
69,10,62.7766138572815,68,0,0.498732862522273,"M",0.13295798683539,0.25,1,"LOW LOW LOW",NA
70,1,63.0886832201414,69,0,0.499743818517526,"M",0.101333934767172,0.25,1,"LOW LOW LOW",NA
70,2,62.6025078559733,69,0,0.501247097392905,"M",0.101333934767172,0.25,1,"LOW LOW LOW",NA
70,3,149.930604369323,72,3,3.49916249055297,"M",0.121445477427915,0.25,1,"LOW LOW LOW",NA
70,4,146.112469246504,72,3,3.49913940090953,"M",0.121445477427915,0.25,1,"LOW LOW LOW",NA
70,5,129.603712349112,71,2,2.50009694271675,"M",0.143912194017321,0.25,1,"LOW LOW LOW",NA
70,6,58.9204962957687,69,0,0.49891543156748,"M",0.101333934767172,0.25,1,"LOW LOW LOW",NA
70,7,94.3200255946778,70,1,1.50138155847832,"M",0.162798351654783,0.25,1,"LOW LOW LOW",NA
70,8,92.3286507998477,70,1,1.50097676395057,"FISHED",0.162798351654783,0.25,1,"LOW LOW LOW",NA
70,9,162.141892287648,72,3,3.49996242414879,"FISHED",0.121445477427915,0.25,1,"LOW LOW LOW",NA
70,10,201.867872408675,78,9,9.49998679194083,"M",0.119463320681825,0.25,1,"LOW LOW LOW",NA
70,11,62.144499372873,69,0,0.498181644629825,"M",0.101333934767172,0.25,1,"LOW LOW LOW",NA
70,12,90.2436349499602,70,1,1.49987785525377,"M",0.162798351654783,0.25,1,"LOW LOW LOW",NA
71,1,183.075446652667,78,8,8.50002785706468,"M",0.119463320681825,0.25,1,"LOW LOW LOW",NA
71,2,62.4214693654427,70,0,0.496865679040669,"M",0.162798351654783,0.25,1,"LOW LOW LOW",NA
71,3,62.0225829292011,70,0,0.49936657145448,"FISHED",0.162798351654783,0.25,1,"LOW LOW LOW",NA
71,4,117.874642565147,72,2,2.50129186067956,"M",0.121445477427915,0.25,1,"LOW LOW LOW",NA
71,5,62.8076887009617,70,0,0.500203875935986,"FISHED",0.162798351654783,0.25,1,"LOW LOW LOW",NA
71,6,63.2665726811938,70,0,0.499008329629181,"FISHED",0.162798351654783,0.25,1,"LOW LOW LOW",NA
71,7,189.9882965373,75,5,5.50180878374396,"M",0.147890547499992,0.25,1,"LOW LOW LOW",NA
71,8,63.1475114328142,70,0,0.498035588496782,"M",0.162798351654783,0.25,1,"LOW LOW LOW",NA
71,9,61.5505248320874,70,0,0.501355353962885,"M",0.162798351654783,0.25,1,"LOW LOW LOW",NA
71,10,92.4586869038966,71,1,1.49868992069913,"M",0.143912194017321,0.25,1,"LOW LOW LOW",NA
71,11,148.663026553097,73,3,3.5006555432327,"M",0.141816347488202,0.25,1,"LOW LOW LOW",NA
72,1,61.1634014137452,71,0,0.50149972675631,"FISHED",0.143912194017321,0.25,1,"LOW LOW LOW",NA
72,2,167.201610786634,76,5,5.49842394550717,"M",0.186387056810781,0.25,1,"LOW LOW LOW",NA
72,3,105.363007085756,72,1,1.50117378568803,"M",0.121445477427915,0.25,1,"LOW LOW LOW",NA
72,4,164.833418338681,75,4,4.4992555254653,"FISHED",0.147890547499992,0.25,1,"LOW LOW LOW",NA
72,5,124.303463723042,73,2,2.49814572882476,"FISHED",0.141816347488202,0.25,1,"LOW LOW LOW",NA
72,6,167.810521301574,77,6,6.49969329653677,"M",0.189376733708195,0.25,1,"LOW LOW LOW",NA
72,7,146.00795915099,74,3,3.50031457127769,"M",0.153314553387463,0.25,1,"LOW LOW LOW",NA
72,8,151.732137563895,74,3,3.49917655914128,"M",0.153314553387463,0.25,1,"LOW LOW LOW",NA
72,9,130.33764102161,74,3,3.50021768276224,"M",0.153314553387463,0.25,1,"LOW LOW LOW",NA
72,10,141.937879268383,74,3,3.50128944240447,"M",0.153314553387463,0.25,1,"LOW LOW LOW",NA
72,11,62.7539062995326,71,0,0.498737139939579,"M",0.143912194017321,0.25,1,"LOW LOW LOW",NA
73,1,118.324449753616,74,2,2.50009537850319,"M",0.153314553387463,0.25,1,"LOW LOW LOW",NA
73,2,100.905939585172,73,1,1.49923001011236,"FISHED",0.141816347488202,0.25,1,"LOW LOW LOW",NA
73,3,176.741601409427,77,5,5.5001169836867,"M",0.189376733708195,0.25,1,"LOW LOW LOW",NA
73,4,164.107636957845,76,4,4.49959084609671,"FISHED",0.186387056810781,0.25,1,"LOW LOW LOW",NA
73,5,124.665140209289,74,2,2.49777334363722,"M",0.153314553387463,0.25,1,"LOW LOW LOW",NA
73,6,103.016356822288,73,1,1.49943976080022,"M",0.141816347488202,0.25,1,"LOW LOW LOW",NA
73,7,100.609132834754,73,1,1.50098702558483,"FISHED",0.141816347488202,0.25,1,"LOW LOW LOW",NA
73,8,116.710276208976,74,2,2.50107690276444,"M",0.153314553387463,0.25,1,"LOW LOW LOW",NA
73,9,60.7968477266837,72,0,0.498793388004779,"M",0.121445477427915,0.25,1,"LOW LOW LOW",NA
73,10,63.0732977588595,72,0,0.501299565075647,"FISHED",0.121445477427915,0.25,1,"LOW LOW LOW",NA
73,11,90.7371852405227,73,1,1.49889353274874,"M",0.141816347488202,0.25,1,"LOW LOW LOW",NA
73,12,101.613524115539,73,1,1.50139110161231,"M",0.141816347488202,0.25,1,"LOW LOW LOW",NA
73,13,173.658082705378,76,4,4.49909839255175,"M",0.186387056810781,0.25,1,"LOW LOW LOW",NA
74,1,197.157488315786,79,6,6.49942250844732,"M",0.158990409295075,0.25,1,"LOW LOW LOW",NA
74,2,162.87993495583,79,6,6.50162729583765,"FISHED",0.158990409295075,0.25,1,"LOW LOW LOW",NA
74,3,168.871909078481,78,5,5.50110504782496,"FISHED",0.119463320681825,0.25,1,"LOW LOW LOW",NA
74,4,129.874617715172,75,2,2.50059158992752,"M",0.147890547499992,0.25,1,"LOW LOW LOW",NA
74,5,150.207122974175,77,4,4.49957934665849,"M",0.189376733708195,0.25,1,"LOW LOW LOW",NA
74,6,139.963125766612,76,3,3.49809480304192,"FISHED",0.186387056810781,0.25,1,"LOW LOW LOW",NA
74,7,241.823614215777,84,11,11.5011012121164,"M",0.156497832736932,0.25,1,"LOW LOW LOW",NA
74,8,179.336367075938,78,5,5.5010122298331,"FISHED",0.119463320681825,0.25,1,"LOW LOW LOW",NA
74,9,91.4173107117123,74,1,1.49911875944043,"M",0.153314553387463,0.25,1,"LOW LOW LOW",NA
74,10,63.6972182955271,73,0,0.499500483328008,"M",0.141816347488202,0.25,1,"LOW LOW LOW",NA
74,11,128.190844624528,75,2,2.50187146166474,"M",0.147890547499992,0.25,1,"LOW LOW LOW",NA
75,1,130.486187762821,76,2,2.50211526841385,"FISHED",0.186387056810781,0.25,1,"LOW LOW LOW",NA
75,2,171.526145247536,82,8,8.50025471388673,"FISHED",0.187412007129751,0.25,1,"LOW LOW LOW",NA
75,3,147.58639762082,77,3,3.49937305661052,"M",0.189376733708195,0.25,1,"LOW LOW LOW",NA
75,4,64.3131707814153,74,0,0.500908164862919,"FISHED",0.153314553387463,0.25,1,"LOW LOW LOW",NA
75,5,191.345685883075,81,7,7.50137614805291,"M",0.136002732510678,0.25,1,"LOW LOW LOW",NA
75,6,64.0249972463515,74,0,0.499164107656778,"M",0.153314553387463,0.25,1,"LOW LOW LOW",NA
75,7,61.1831648331038,74,0,0.500127594845945,"FISHED",0.153314553387463,0.25,1,"LOW LOW LOW",NA
75,8,131.332852617418,76,2,2.50229044497231,"M",0.186387056810781,0.25,1,"LOW LOW LOW",NA
75,9,64.01369425753,74,0,0.499372525080004,"FISHED",0.153314553387463,0.25,1,"LOW LOW LOW",NA
75,10,91.1488254996251,75,1,1.50192390444497,"M",0.147890547499992,0.25,1,"LOW LOW LOW",NA
76,1,104.592157442496,76,1,1.49951515962973,"M",0.186387056810781,0.25,1,"LOW LOW LOW",NA
76,2,59.7953696755559,75,0,0.50027763806049,"M",0.147890547499992,0.25,1,"LOW LOW LOW",NA
76,3,98.4610265072906,76,1,1.49955499264953,"M",0.186387056810781,0.25,1,"LOW LOW LOW",NA
76,4,212.336786614365,80,5,5.50059098583506,"M",0.148183837276883,0.25,1,"LOW LOW LOW",NA
76,5,61.8342686819018,75,0,0.499736117094777,"M",0.147890547499992,0.25,1,"LOW LOW LOW",NA
76,6,212.726431016673,86,11,11.4994931013235,"M",0.199709044233896,0.25,1,"LOW LOW LOW",NA
76,7,61.7104431588374,75,0,0.499561072396969,"FISHED",0.147890547499992,0.25,1,"LOW LOW LOW",NA
76,8,157.450919220977,78,3,3.49937611786987,"M",0.119463320681825,0.25,1,"LOW LOW LOW",NA
76,9,206.02442938925,83,8,8.4985453727061,"M",0.103763034916483,0.25,1,"LOW LOW LOW",NA
76,10,96.8467902787004,76,1,1.49956735221515,"FISHED",0.186387056810781,0.25,1,"LOW LOW LOW",NA
76,11,96.7409599568921,76,1,1.49884967027168,"FISHED",0.186387056810781,0.25,1,"LOW LOW LOW",NA
77,1,147.052778927388,79,3,3.49872575910437,"M",0.158990409295075,0.25,1,"LOW LOW LOW",NA
77,2,63.7308432539273,76,0,0.500070771720951,"FISHED",0.186387056810781,0.25,1,"LOW LOW LOW",NA
77,3,146.266954477166,79,3,3.4989793102528,"M",0.158990409295075,0.25,1,"LOW LOW LOW",NA
77,4,130.033557031302,78,2,2.49961187687598,"FISHED",0.119463320681825,0.25,1,"LOW LOW LOW",NA
77,5,151.82446915629,79,3,3.49975520233003,"FISHED",0.158990409295075,0.25,1,"LOW LOW LOW",NA
77,6,58.47316686356,76,0,0.50013609028293,"FISHED",0.186387056810781,0.25,1,"LOW LOW LOW",NA
77,7,227.761768067301,89,13,13.4995553093186,"M",0.134108445118181,0.25,1,"LOW LOW LOW",NA
77,8,179.733245664068,82,6,6.5012084308923,"M",0.187412007129751,0.25,1,"LOW LOW LOW",NA
77,9,103.426185635297,77,1,1.49917241203155,"M",0.189376733708195,0.25,1,"LOW LOW LOW",NA
77,10,62.1178354679269,76,0,0.500745566697632,"FISHED",0.186387056810781,0.25,1,"LOW LOW LOW",NA
77,11,124.452056801017,78,2,2.50062651331067,"FISHED",0.119463320681825,0.25,1,"LOW LOW LOW",NA
77,12,96.438004602644,77,1,1.499993167962,"FISHED",0.189376733708195,0.25,1,"LOW LOW LOW",NA
77,13,124.874227823091,78,2,2.5000588777147,"FISHED",0.119463320681825,0.25,1,"LOW LOW LOW",NA
78,1,63.0421264620428,77,0,0.500265346001867,"M",0.189376733708195,0.25,1,"LOW LOW LOW",NA
78,2,209.753021705948,85,8,8.49947332816742,"M",0.112972554005682,0.25,1,"LOW LOW LOW",NA
78,3,122.019476412556,79,2,2.49795535626503,"M",0.158990409295075,0.25,1,"LOW LOW LOW",NA
78,4,104.599777823608,78,1,1.50098258221469,"M",0.119463320681825,0.25,1,"LOW LOW LOW",NA
78,5,177.573950303954,84,7,7.50008597731184,"M",0.156497832736932,0.25,1,"LOW LOW LOW",NA
78,6,101.171234005852,78,1,1.4982706704093,"M",0.119463320681825,0.25,1,"LOW LOW LOW",NA
78,7,91.5716606075752,78,1,1.49884184520711,"FISHED",0.119463320681825,0.25,1,"LOW LOW LOW",NA
78,8,63.0809018567089,77,0,0.500523271734259,"M",0.189376733708195,0.25,1,"LOW LOW LOW",NA
78,9,185.01052065873,81,4,4.5007056449021,"FISHED",0.136002732510678,0.25,1,"LOW LOW LOW",NA
78,10,99.8813355947609,78,1,1.5015005329602,"FISHED",0.119463320681825,0.25,1,"LOW LOW LOW",NA
78,11,62.0372876386168,77,0,0.501637714576057,"FISHED",0.189376733708195,0.25,1,"LOW LOW LOW",NA
78,12,143.518772096674,80,3,3.50028076156324,"M",0.148183837276883,0.25,1,"LOW LOW LOW",NA
79,1,180.895988563089,83,5,5.49955200271716,"M",0.103763034916483,0.25,1,"LOW LOW LOW",NA
79,2,61.2359526104772,78,0,0.498928277141235,"M",0.119463320681825,0.25,1,"LOW LOW LOW",NA
79,3,62.0085980044088,78,0,0.499177822087972,"M",0.119463320681825,0.25,1,"LOW LOW LOW",NA
79,4,97.8088906900036,79,1,1.50000805855487,"FISHED",0.158990409295075,0.25,1,"LOW LOW LOW",NA
79,5,62.0135473389913,78,0,0.501017190268376,"FISHED",0.119463320681825,0.25,1,"LOW LOW LOW",NA
79,6,167.15305685186,82,4,4.50074083462522,"M",0.187412007129751,0.25,1,"LOW LOW LOW",NA
79,7,173.866650358715,87,9,9.50065200783427,"M",0.123694242816418,0.25,1,"LOW LOW LOW",NA
79,8,61.9371286706364,78,0,0.499143328520642,"M",0.119463320681825,0.25,1,"LOW LOW LOW",NA
79,9,101.106465314708,79,1,1.50019714983127,"M",0.158990409295075,0.25,1,"LOW LOW LOW",NA
79,10,61.9327820954571,78,0,0.500831982625321,"FISHED",0.119463320681825,0.25,1,"LOW LOW LOW",NA
80,1,121.615484216974,81,2,2.50112988646387,"M",0.136002732510678,0.25,1,"LOW LOW LOW",NA
80,2,123.396829453166,81,2,2.4988337380732,"M",0.136002732510678,0.25,1,"LOW LOW LOW",NA
80,3,64.4019214845493,79,0,0.500422526254836,"FISHED",0.158990409295075,0.25,1,"LOW LOW LOW",NA
80,4,172.842157047442,82,3,3.49935113281815,"M",0.187412007129751,0.25,1,"LOW LOW LOW",NA
80,5,138.715946270942,82,3,3.49941232285613,"M",0.187412007129751,0.25,1,"LOW LOW LOW",NA
80,6,63.5625592124509,79,0,0.499799486733212,"M",0.158990409295075,0.25,1,"LOW LOW LOW",NA
80,7,127.494233504019,81,2,2.50039161196312,"FISHED",0.136002732510678,0.25,1,"LOW LOW LOW",NA
80,8,90.7771031852331,80,1,1.49993572217036,"FISHED",0.148183837276883,0.25,1,"LOW LOW LOW",NA
80,9,62.7657673999196,79,0,0.500717580544185,"FISHED",0.158990409295075,0.25,1,"LOW LOW LOW",NA
80,10,105.312407460436,80,1,1.50053935424741,"FISHED",0.148183837276883,0.25,1,"LOW LOW LOW",NA
80,11,62.9769843333924,79,0,0.500866753784539,"M",0.158990409295075,0.25,1,"LOW LOW LOW",NA
80,12,190.229898228609,87,8,8.50011729317912,"FISHED",0.123694242816418,0.25,1,"LOW LOW LOW",NA
81,1,99.1172028566629,81,1,1.4995828782527,"FISHED",0.136002732510678,0.25,1,"LOW LOW LOW",NA
81,2,113.640760919499,82,2,2.49946375063516,"M",0.187412007129751,0.25,1,"LOW LOW LOW",NA
81,3,146.125918973449,83,3,3.5009097609668,"M",0.103763034916483,0.25,1,"LOW LOW LOW",NA
81,4,64.262551307215,80,0,0.498506454792562,"M",0.148183837276883,0.25,1,"LOW LOW LOW",NA
81,5,60.7799839090982,80,0,0.501436657309075,"M",0.148183837276883,0.25,1,"LOW LOW LOW",NA
81,6,65.0844110777822,80,0,0.499849095634429,"FISHED",0.148183837276883,0.25,1,"LOW LOW LOW",NA
81,7,121.4621507871,82,2,2.5001951215601,"M",0.187412007129751,0.25,1,"LOW LOW LOW",NA
81,8,139.171429317993,83,3,3.50040094637135,"FISHED",0.103763034916483,0.25,1,"LOW LOW LOW",NA
81,9,62.4898594923795,80,0,0.499597274620246,"FISHED",0.148183837276883,0.25,1,"LOW LOW LOW",NA
81,10,60.9565682864514,80,0,0.500129761871719,"M",0.148183837276883,0.25,1,"LOW LOW LOW",NA
81,11,126.826813842567,82,2,2.49868573504581,"M",0.187412007129751,0.25,1,"LOW LOW LOW",NA
81,12,62.6564008371016,80,0,0.499747796680363,"M",0.148183837276883,0.25,1,"LOW LOW LOW",NA
82,1,98.322845801017,82,1,1.49981308404965,"M",0.187412007129751,0.25,1,"LOW LOW LOW",NA
82,2,93.1585028711007,82,1,1.50024092553134,"M",0.187412007129751,0.25,1,"LOW LOW LOW",NA
82,3,91.4352004235081,82,1,1.50080795857091,"FISHED",0.187412007129751,0.25,1,"LOW LOW LOW",NA
82,4,64.1677291327876,81,0,0.501002736816385,"M",0.136002732510678,0.25,1,"LOW LOW LOW",NA
82,5,124.768419261438,83,2,2.49895123057205,"FISHED",0.103763034916483,0.25,1,"LOW LOW LOW",NA
82,6,120.057336179116,83,2,2.49941231652445,"M",0.103763034916483,0.25,1,"LOW LOW LOW",NA
82,7,63.6168029184433,81,0,0.498470818438297,"M",0.136002732510678,0.25,1,"LOW LOW LOW",NA
82,8,127.532307740958,83,2,2.49800574229048,"M",0.103763034916483,0.25,1,"LOW LOW LOW",NA
82,9,221.992445341928,94,13,13.4997503437015,"M",0.166040463140234,0.25,1,"LOW LOW LOW",NA
82,10,62.1865078867028,81,0,0.500265333192848,"M",0.136002732510678,0.25,1,"LOW LOW LOW",NA
82,11,63.2899104673848,81,0,0.498814438828543,"FISHED",0.136002732510678,0.25,1,"LOW LOW LOW",NA
82,12,62.6715566632995,81,0,0.501192736558882,"M",0.136002732510678,0.25,1,"LOW LOW LOW",NA
82,13,132.839712191053,83,2,2.50075567158882,"FISHED",0.103763034916483,0.25,1,"LOW LOW LOW",NA
83,1,62.4192948557362,82,0,0.498620146439456,"M",0.187412007129751,0.25,1,"LOW LOW LOW",NA
83,2,108.070818941826,84,2,2.50013891601021,"FISHED",0.156497832736932,0.25,1,"LOW LOW LOW",NA
83,3,58.833703279034,82,0,0.501289251351322,"M",0.187412007129751,0.25,1,"LOW LOW LOW",NA
83,4,61.1220284920614,82,0,0.498840360381755,"M",0.187412007129751,0.25,1,"LOW LOW LOW",NA
83,5,64.3024669015131,82,0,0.500709381858247,"M",0.187412007129751,0.25,1,"LOW LOW LOW",NA
83,6,120.410931348192,84,2,2.49817420673966,"M",0.156497832736932,0.25,1,"LOW LOW LOW",NA
83,7,155.780069035337,85,3,3.49981944580148,"M",0.112972554005682,0.25,1,"LOW LOW LOW",NA
83,8,113.232212372929,84,2,2.50064600839087,"M",0.156497832736932,0.25,1,"LOW LOW LOW",NA
83,9,154.785237804226,86,4,4.49969530194609,"FISHED",0.199709044233896,0.25,1,"LOW LOW LOW",NA
83,10,126.518307159065,84,2,2.49894977089121,"M",0.156497832736932,0.25,1,"LOW LOW LOW",NA
83,11,60.8490837455297,82,0,0.500209248554681,"M",0.187412007129751,0.25,1,"LOW LOW LOW",NA
83,12,164.104534339108,87,5,5.49931219017623,"M",0.123694242816418,0.25,1,"LOW LOW LOW",NA
83,13,125.14436157364,84,2,2.50058167524334,"M",0.156497832736932,0.25,1,"LOW LOW LOW",NA
84,1,151.8083592991,86,3,3.50069429886336,"M",0.199709044233896,0.25,1,"LOW LOW LOW",NA
84,2,91.7359172949589,84,1,1.50111430887262,"FISHED",0.156497832736932,0.25,1,"LOW LOW LOW",NA
84,3,62.6459284866102,83,0,0.499421632693437,"FISHED",0.103763034916483,0.25,1,"LOW LOW LOW",NA
84,4,61.7274831017185,83,0,0.500802818174253,"FISHED",0.103763034916483,0.25,1,"LOW LOW LOW",NA
84,5,63.1472916236182,83,0,0.500495242608608,"FISHED",0.103763034916483,0.25,1,"LOW LOW LOW",NA
84,6,61.7271085344711,83,0,0.501116392216201,"M",0.103763034916483,0.25,1,"LOW LOW LOW",NA
84,7,123.350588560271,85,2,2.49995121266324,"M",0.112972554005682,0.25,1,"LOW LOW LOW",NA
84,8,146.636671587655,86,3,3.50072965481262,"M",0.199709044233896,0.25,1,"LOW LOW LOW",NA
84,9,102.861448650877,84,1,1.49973403643433,"M",0.156497832736932,0.25,1,"LOW LOW LOW",NA
84,10,170.081153585324,88,5,5.50135061671665,"FISHED",0.131979254633188,0.25,1,"LOW LOW LOW",NA
84,11,61.7153081175821,83,0,0.499066396061002,"M",0.103763034916483,0.25,1,"LOW LOW LOW",NA
85,1,173.813478528006,89,5,5.49956977869286,"M",0.134108445118181,0.25,1,"LOW LOW LOW",NA
85,2,63.5804345168888,84,0,0.500829128432827,"FISHED",0.156497832736932,0.25,1,"LOW LOW LOW",NA
85,3,63.4526638051486,84,0,0.499010688486801,"M",0.156497832736932,0.25,1,"LOW LOW LOW",NA
85,4,62.5507314581991,84,0,0.500072656294298,"FISHED",0.156497832736932,0.25,1,"LOW LOW LOW",NA
85,5,143.653473802101,87,3,3.49964896648941,"M",0.123694242816418,0.25,1,"LOW LOW LOW",NA
85,6,64.4283758814786,84,0,0.498783312426635,"M",0.156497832736932,0.25,1,"LOW LOW LOW",NA
85,7,132.213247955669,87,3,3.49875108497857,"M",0.123694242816418,0.25,1,"LOW LOW LOW",NA
85,8,63.6337522229465,84,0,0.500225306976251,"FISHED",0.156497832736932,0.25,1,"LOW LOW LOW",NA
85,9,102.952311369367,85,1,1.50021753014323,"FISHED",0.112972554005682,0.25,1,"LOW LOW LOW",NA
85,10,194.818755724092,89,5,5.50109999702506,"M",0.134108445118181,0.25,1,"LOW LOW LOW",NA
85,11,97.1231673580781,85,1,1.50018189210052,"FISHED",0.112972554005682,0.25,1,"LOW LOW LOW",NA
86,1,61.3299928021367,85,0,0.500162724564208,"FISHED",0.112972554005682,0.25,1,"LOW LOW LOW",NA
86,2,158.604567052321,89,4,4.50086763660572,"FISHED",0.134108445118181,0.25,1,"LOW LOW LOW",NA
86,3,162.415591968955,89,4,4.5014696721289,"M",0.134108445118181,0.25,1,"LOW LOW LOW",NA
86,4,128.385296448108,87,2,2.49938326405506,"M",0.123694242816418,0.25,1,"LOW LOW LOW",NA
86,5,150.386634869713,89,4,4.49968184005972,"M",0.134108445118181,0.25,1,"LOW LOW LOW",NA
86,6,191.166581055742,92,7,7.4986766789653,"FISHED",0.124486415437423,0.25,1,"LOW LOW LOW",NA
86,7,100.052638668047,86,1,1.50023958378453,"FISHED",0.199709044233896,0.25,1,"LOW LOW LOW",NA
86,8,61.8368466695416,85,0,0.499948586640611,"FISHED",0.112972554005682,0.25,1,"LOW LOW LOW",NA
86,9,61.6770614558332,85,0,0.499363093778803,"FISHED",0.112972554005682,0.25,1,"LOW LOW LOW",NA
86,10,60.5731597395681,85,0,0.500116796198799,"M",0.112972554005682,0.25,1,"LOW LOW LOW",NA
86,11,102.381419482795,86,1,1.5008849218627,"M",0.199709044233896,0.25,1,"LOW LOW LOW",NA
86,12,166.822125476333,90,5,5.50173748840482,"M",0.156865479727276,0.25,1,"LOW LOW LOW",NA
87,1,63.4977881077074,86,0,0.501045742856211,"M",0.199709044233896,0.25,1,"LOW LOW LOW",NA
87,2,163.160054013425,89,3,3.50121069560956,"M",0.134108445118181,0.25,1,"LOW LOW LOW",NA
87,3,61.4242088903792,86,0,0.500026046009002,"M",0.199709044233896,0.25,1,"LOW LOW LOW",NA
87,4,103.175570750116,87,1,1.49999405093854,"M",0.123694242816418,0.25,1,"LOW LOW LOW",NA
87,5,63.6973551313804,86,0,0.500003480551527,"M",0.199709044233896,0.25,1,"LOW LOW LOW",NA
87,6,59.249838440954,86,0,0.50023962572091,"M",0.199709044233896,0.25,1,"LOW LOW LOW",NA
87,7,89.4686498875954,87,1,1.50130835479598,"M",0.123694242816418,0.25,1,"LOW LOW LOW",NA
87,8,164.932853276733,93,7,7.50104776475724,"M",0.152910849172622,0.25,1,"LOW LOW LOW",NA
87,9,192.168874568144,93,7,7.49950070871049,"FISHED",0.152910849172622,0.25,1,"LOW LOW LOW",NA
87,10,59.7765135340183,86,0,0.500140069989739,"M",0.199709044233896,0.25,1,"LOW LOW LOW",NA
87,11,144.824938059827,89,3,3.49995836270379,"M",0.134108445118181,0.25,1,"LOW LOW LOW",NA
87,12,127.556503521128,88,2,2.49988693146746,"FISHED",0.131979254633188,0.25,1,"LOW LOW LOW",NA
88,1,212.925725749735,94,7,7.50068531340666,"M",0.166040463140234,0.25,1,"LOW LOW LOW",NA
88,2,99.7450377038323,88,1,1.50187658127404,"M",0.131979254633188,0.25,1,"LOW LOW LOW",NA
88,3,129.968698712785,89,2,2.50101296270601,"M",0.134108445118181,0.25,1,"LOW LOW LOW",NA
88,4,147.848726133858,90,3,3.50004375337473,"M",0.156865479727276,0.25,1,"LOW LOW LOW",NA
88,5,173.606457410002,93,6,6.49931453748979,"M",0.152910849172622,0.25,1,"LOW LOW LOW",NA
88,6,98.8288628668349,88,1,1.49969105199169,"FISHED",0.131979254633188,0.25,1,"LOW LOW LOW",NA
88,7,143.053503182713,90,3,3.49824134097313,"M",0.156865479727276,0.25,1,"LOW LOW LOW",NA
88,8,63.2072455441717,87,0,0.498723028402106,"M",0.123694242816418,0.25,1,"LOW LOW LOW",NA
88,9,240.629048856558,98,11,11.499686477478,"M",0.114794142707251,0.25,1,"LOW LOW LOW",NA
88,10,62.1401994437387,87,0,0.497241992871632,"M",0.123694242816418,0.25,1,"LOW LOW LOW",NA
88,11,171.162439331813,90,3,3.49966064670044,"M",0.156865479727276,0.25,1,"LOW LOW LOW",NA
88,12,145.837454760235,90,3,3.50020838478466,"M",0.156865479727276,0.25,1,"LOW LOW LOW",NA
89,1,62.5328291679346,88,0,0.498052352323103,"FISHED",0.131979254633188,0.25,1,"LOW LOW LOW",NA
89,2,93.5751525772422,89,1,1.49944149304764,"FISHED",0.134108445118181,0.25,1,"LOW LOW LOW",NA
89,3,60.2712083554553,88,0,0.498186777558536,"FISHED",0.131979254633188,0.25,1,"LOW LOW LOW",NA
89,4,102.853330843603,89,1,1.49918461911475,"M",0.134108445118181,0.25,1,"LOW LOW LOW",NA
89,5,164.058511894475,92,4,4.49997010632732,"M",0.124486415437423,0.25,1,"LOW LOW LOW",NA
89,6,132.236455622739,90,2,2.50132338063279,"M",0.156865479727276,0.25,1,"LOW LOW LOW",NA
89,7,174.79549121657,94,6,6.4999391509969,"FISHED",0.166040463140234,0.25,1,"LOW LOW LOW",NA
89,8,64.1976120747654,88,0,0.499737276461128,"M",0.131979254633188,0.25,1,"LOW LOW LOW",NA
89,9,177.347661983612,92,4,4.49940062624453,"M",0.124486415437423,0.25,1,"LOW LOW LOW",NA
89,10,137.4877426497,90,2,2.5011682929791,"M",0.156865479727276,0.25,1,"LOW LOW LOW",NA
89,11,102.030953954751,89,1,1.50008101056979,"M",0.134108445118181,0.25,1,"LOW LOW LOW",NA
89,12,63.4379251741314,88,0,0.500191904655948,"FISHED",0.131979254633188,0.25,1,"LOW LOW LOW",NA
90,1,61.8206270455016,89,0,0.50030317697696,"M",0.134108445118181,0.25,1,"LOW LOW LOW",NA
90,2,63.0386975433275,89,0,0.499254281000552,"M",0.134108445118181,0.25,1,"LOW LOW LOW",NA
90,3,64.830978402621,89,0,0.500802753139506,"M",0.134108445118181,0.25,1,"LOW LOW LOW",NA
90,4,183.345377958678,96,7,7.49969357156108,"FISHED",0.141952128778212,0.25,1,"LOW LOW LOW",NA
90,5,64.2891515065843,89,0,0.501384517362957,"M",0.134108445118181,0.25,1,"LOW LOW LOW",NA
90,6,62.1658840772564,89,0,0.498680831391311,"FISHED",0.134108445118181,0.25,1,"LOW LOW LOW",NA
90,7,63.2163704534577,89,0,0.499637666943499,"M",0.134108445118181,0.25,1,"LOW LOW LOW",NA
90,8,162.158270002366,93,4,4.50090551926819,"M",0.152910849172622,0.25,1,"LOW LOW LOW",NA
90,9,65.6893297058032,89,0,0.499983901305986,"M",0.134108445118181,0.25,1,"LOW LOW LOW",NA
90,10,139.342597660497,92,3,3.50117983679121,"M",0.124486415437423,0.25,1,"LOW LOW LOW",NA
90,11,102.467308441492,90,1,1.50137340846929,"M",0.156865479727276,0.25,1,"LOW LOW LOW",NA
91,1,119.849115491085,92,2,2.49920465146204,"FISHED",0.124486415437423,0.25,1,"LOW LOW LOW",NA
91,2,101.495783759923,91,1,1.50071490115458,"M",0.181218153238297,0.25,1,"LOW LOW LOW",NA
91,3,131.109555228475,92,2,2.5005224893745,"M",0.124486415437423,0.25,1,"LOW LOW LOW",NA
91,4,63.9202293847448,90,0,0.499259598274571,"M",0.156865479727276,0.25,1,"LOW LOW LOW",NA
91,5,59.7637900888704,90,0,0.500650838024918,"M",0.156865479727276,0.25,1,"LOW LOW LOW",NA
91,6,63.0743555274084,90,0,0.498720601056936,"FISHED",0.156865479727276,0.25,1,"LOW LOW LOW",NA
91,7,64.5347205180958,90,0,0.500235490784995,"FISHED",0.156865479727276,0.25,1,"LOW LOW LOW",NA
91,8,123.239956221428,92,2,2.49956551820967,"M",0.124486415437423,0.25,1,"LOW LOW LOW",NA
91,9,60.8490606955864,90,0,0.500305748924753,"M",0.156865479727276,0.25,1,"LOW LOW LOW",NA
91,10,106.871258932342,91,1,1.49979598757952,"FISHED",0.181218153238297,0.25,1,"LOW LOW LOW",NA
91,11,187.954843564137,95,5,5.49990391009978,"FISHED",0.169041395979002,0.25,1,"LOW LOW LOW",NA
91,12,144.013813075142,93,3,3.4984149342092,"M",0.152910849172622,0.25,1,"LOW LOW LOW",NA
91,13,185.038418423598,95,5,5.50080108930019,"M",0.169041395979002,0.25,1,"LOW LOW LOW",NA
91,14,118.656978178333,92,2,2.5019046982728,"M",0.124486415437423,0.25,1,"LOW LOW LOW",NA
92,1,169.353318709586,95,4,4.49979974328143,"M",0.169041395979002,0.25,1,"LOW LOW LOW",NA
92,2,64.2923481329712,91,0,0.502092682024091,"M",0.181218153238297,0.25,1,"LOW LOW LOW",NA
92,3,62.2088044103083,91,0,0.500052897165255,"M",0.181218153238297,0.25,1,"LOW LOW LOW",NA
92,4,135.362553400732,93,2,2.49976158706026,"FISHED",0.152910849172622,0.25,1,"LOW LOW LOW",NA
92,5,95.4423518689418,92,1,1.50011226014924,"M",0.124486415437423,0.25,1,"LOW LOW LOW",NA
92,6,60.3949424433013,91,0,0.500191240093133,"M",0.181218153238297,0.25,1,"LOW LOW LOW",NA
92,7,63.0308593165401,91,0,0.499935175408221,"M",0.181218153238297,0.25,1,"LOW LOW LOW",NA
92,8,127.424095645848,93,2,2.50015710580888,"M",0.152910849172622,0.25,1,"LOW LOW LOW",NA
92,9,94.7889488812222,92,1,1.50020864546006,"M",0.124486415437423,0.25,1,"LOW LOW LOW",NA
92,10,62.6898943889254,91,0,0.501460266126681,"M",0.181218153238297,0.25,1,"LOW LOW LOW",NA
92,11,93.0514868880562,92,1,1.49930220538677,"FISHED",0.124486415437423,0.25,1,"LOW LOW LOW",NA
92,12,179.241374446897,95,4,4.50027709110684,"M",0.169041395979002,0.25,1,"LOW LOW LOW",NA
93,1,62.8648786260399,92,0,0.498518697914105,"M",0.124486415437423,0.25,1,"LOW LOW LOW",NA
93,2,149.804297109155,95,3,3.49970534102815,"FISHED",0.169041395979002,0.25,1,"LOW LOW LOW",NA
93,3,178.474110526904,96,4,4.50121060448752,"M",0.141952128778212,0.25,1,"LOW LOW LOW",NA
93,4,120.765891170389,94,2,2.499931987915,"M",0.166040463140234,0.25,1,"LOW LOW LOW",NA
93,5,61.7893449514258,92,0,0.500283466799349,"M",0.124486415437423,0.25,1,"LOW LOW LOW",NA
93,6,64.6015944510146,92,0,0.50028515701165,"M",0.124486415437423,0.25,1,"LOW LOW LOW",NA
93,7,164.105557892167,96,4,4.50039341012787,"M",0.141952128778212,0.25,1,"LOW LOW LOW",NA
93,8,157.519590295772,98,6,6.50238089007259,"M",0.114794142707251,0.25,1,"LOW LOW LOW",NA
93,9,99.4223234646224,93,1,1.49981316010809,"FISHED",0.152910849172622,0.25,1,"LOW LOW LOW",NA
93,10,65.6947439253996,92,0,0.498551233462743,"M",0.124486415437423,0.25,1,"LOW LOW LOW",NA
93,11,97.5297549499258,93,1,1.4987575144665,"M",0.152910849172622,0.25,1,"LOW LOW LOW",NA
93,12,106.405513689429,93,1,1.49874304501087,"FISHED",0.152910849172622,0.25,1,"LOW LOW LOW",NA
93,13,128.890728615365,94,2,2.50276613148194,"M",0.166040463140234,0.25,1,"LOW LOW LOW",NA
93,14,65.1966170986475,92,0,0.49957167534195,"FISHED",0.124486415437423,0.25,1,"LOW LOW LOW",NA
94,1,62.7422355057906,93,0,0.500019107142591,"M",0.152910849172622,0.25,1,"LOW LOW LOW",NA
94,2,175.819562822903,99,6,6.49966274301628,"M",0.136702932114713,0.25,1,"LOW LOW LOW",NA
94,3,95.2032466950998,94,1,1.5014662942744,"M",0.166040463140234,0.25,1,"LOW LOW LOW",NA
94,4,155.430468425007,96,3,3.50153911522797,"M",0.141952128778212,0.25,1,"LOW LOW LOW",NA
94,5,60.4502595937233,93,0,0.499443836264893,"M",0.152910849172622,0.25,1,"LOW LOW LOW",NA
94,6,62.5030401446272,93,0,0.497518426577597,"M",0.152910849172622,0.25,1,"LOW LOW LOW",NA
94,7,91.1801056003939,94,1,1.49944108866675,"M",0.166040463140234,0.25,1,"LOW LOW LOW",NA
94,8,99.9163046238119,94,1,1.50118947551613,"M",0.166040463140234,0.25,1,"LOW LOW LOW",NA
94,9,99.9341448687905,94,1,1.50043945152859,"M",0.166040463140234,0.25,1,"LOW LOW LOW",NA
94,10,175.067965213743,97,4,4.4999992369165,"M",0.12307710214518,0.25,1,"LOW LOW LOW",NA
95,1,94.719402954415,95,1,1.50095228120964,"M",0.169041395979002,0.25,1,"LOW LOW LOW",NA
95,2,216.624246239784,99,5,5.49920089876859,"M",0.136702932114713,0.25,1,"LOW LOW LOW",NA
95,3,66.0900734179123,94,0,0.498697340032764,"M",0.166040463140234,0.25,1,"LOW LOW LOW",NA
95,4,166.384825910186,98,4,4.49971289971285,"M",0.114794142707251,0.25,1,"LOW LOW LOW",NA
95,5,195.19710834182,99,5,5.50077733092143,"M",0.136702932114713,0.25,1,"LOW LOW LOW",NA
95,6,209.421905757185,100,6,6.49869996253115,"M",0.101616640482098,0.25,1,"LOW LOW LOW",NA
95,7,61.8582748124527,94,0,0.500885380237667,"FISHED",0.166040463140234,0.25,1,"LOW LOW LOW",NA
95,8,102.909654165752,95,1,1.50120639633433,"M",0.169041395979002,0.25,1,"LOW LOW LOW",NA
95,9,60.3285274403046,94,0,0.499946251589461,"M",0.166040463140234,0.25,1,"LOW LOW LOW",NA
95,10,64.3543276005538,94,0,0.50087462345268,"FISHED",0.166040463140234,0.25,1,"LOW LOW LOW",NA
95,11,96.8708653274446,95,1,1.50077583475818,"M",0.169041395979002,0.25,1,"LOW LOW LOW",NA
96,1,93.3859052620934,96,1,1.50034984947507,"M",0.141952128778212,0.25,1,"LOW LOW LOW",NA
96,2,163.253369719918,100,5,5.50079298410945,"M",0.101616640482098,0.25,1,"LOW LOW LOW",NA
96,3,61.9164360578336,95,0,0.500909266769398,"FISHED",0.169041395979002,0.25,1,"LOW LOW LOW",NA
96,4,60.092620282129,95,0,0.500207841793601,"FISHED",0.169041395979002,0.25,1,"LOW LOW LOW",NA
96,5,157.936119817003,99,4,4.50028028482097,"FISHED",0.136702932114713,0.25,1,"LOW LOW LOW",NA
96,6,118.098346365565,97,2,2.50030760197358,"M",0.12307710214518,0.25,1,"LOW LOW LOW",NA
96,7,169.314255627803,98,3,3.50205480846855,"FISHED",0.114794142707251,0.25,1,"LOW LOW LOW",NA
96,8,94.9938993136431,96,1,1.49914096554239,"M",0.141952128778212,0.25,1,"LOW LOW LOW",NA
96,9,63.0512214108267,95,0,0.50009274169767,"M",0.169041395979002,0.25,1,"LOW LOW LOW",NA
96,10,96.8881309083934,96,1,1.50075403514432,"FISHED",0.141952128778212,0.25,1,"LOW LOW LOW",NA
96,11,168.812167768646,99,4,4.49859843481968,"FISHED",0.136702932114713,0.25,1,"LOW LOW LOW",NA
96,12,60.6910201357686,95,0,0.500031217369514,"FISHED",0.169041395979002,0.25,1,"LOW LOW LOW",NA
96,13,62.0878593980156,95,0,0.500621238718586,"M",0.169041395979002,0.25,1,"LOW LOW LOW",NA
96,14,63.1176366887414,95,0,0.500321203946984,"FISHED",0.169041395979002,0.25,1,"LOW LOW LOW",NA
96,15,58.7438974680908,95,0,0.50177883923024,"M",0.169041395979002,0.25,1,"LOW LOW LOW",NA
96,16,148.456823952489,98,3,3.50031657912893,"FISHED",0.114794142707251,0.25,1,"LOW LOW LOW",NA
97,1,63.5756243746826,96,0,0.500867403488297,"FISHED",0.141952128778212,0.25,1,"LOW LOW LOW",NA
97,2,97.6354023279576,97,1,1.49882744513103,"M",0.12307710214518,0.25,1,"LOW LOW LOW",NA
97,3,120.762560386033,98,2,2.49916854430429,"FISHED",0.114794142707251,0.25,1,"LOW LOW LOW",NA
97,4,63.1196455894151,96,0,0.500722862463553,"M",0.141952128778212,0.25,1,"LOW LOW LOW",NA
97,5,147.110944175497,99,3,3.49997969018795,"M",0.136702932114713,0.25,1,"LOW LOW LOW",NA
97,6,126.351680434372,98,2,2.49958625404975,"M",0.114794142707251,0.25,1,"LOW LOW LOW",NA
97,7,97.9195132873303,97,1,1.50061648725889,"M",0.12307710214518,0.25,1,"LOW LOW LOW",NA
97,8,92.2553538522756,97,1,1.49914296872514,"M",0.12307710214518,0.25,1,"LOW LOW LOW",NA
97,9,63.5209803809318,96,0,0.501354341734222,"M",0.141952128778212,0.25,1,"LOW LOW LOW",NA
97,10,57.5399967764431,96,0,0.49890586762874,"M",0.141952128778212,0.25,1,"LOW LOW LOW",NA
97,11,176.099006228723,100,4,4.5007273150738,"M",0.101616640482098,0.25,1,"LOW LOW LOW",NA
97,12,98.2775144142358,97,1,1.49945354476511,"M",0.12307710214518,0.25,1,"LOW LOW LOW",NA
98,1,120.580074743952,99,2,2.49991839931088,"M",0.136702932114713,0.25,1,"LOW LOW LOW",NA
98,2,62.1688950857224,97,0,0.49968368904124,"M",0.12307710214518,0.25,1,"LOW LOW LOW",NA
98,3,97.9578827879574,98,1,1.50054180230755,"M",0.114794142707251,0.25,1,"LOW LOW LOW",NA
98,4,142.334871673044,100,3,3.49961809636531,"FISHED",0.101616640482098,0.25,1,"LOW LOW LOW",NA
98,5,122.436991202013,99,2,2.50065560303301,"FISHED",0.136702932114713,0.25,1,"LOW LOW LOW",NA
98,6,123.800384241046,99,2,2.49942422920944,"FISHED",0.136702932114713,0.25,1,"LOW LOW LOW",NA
98,7,60.5229350915556,97,0,0.499442090481646,"M",0.12307710214518,0.25,1,"LOW LOW LOW",NA
98,8,143.059483762609,100,3,3.49867560061117,"FISHED",0.101616640482098,0.25,1,"LOW LOW LOW",NA
98,9,98.2489929658487,98,1,1.49783562981831,"M",0.114794142707251,0.25,1,"LOW LOW LOW",NA
98,10,103.308440498434,98,1,1.49993891151177,"FISHED",0.114794142707251,0.25,1,"LOW LOW LOW",NA
98,11,154.018027966283,100,3,3.50054099679813,"FISHED",0.101616640482098,0.25,1,"LOW LOW LOW",NA
99,1,64.0502702295722,98,0,0.501429633682574,"M",0.114794142707251,0.25,1,"LOW LOW LOW",NA
99,2,96.3435202313999,99,1,1.5016057078135,"M",0.136702932114713,0.25,1,"LOW LOW LOW",NA
99,3,94.291138143564,99,1,1.50166008708919,"FISHED",0.136702932114713,0.25,1,"LOW LOW LOW",NA
99,4,60.9875437706888,98,0,0.500792859587773,"FISHED",0.114794142707251,0.25,1,"LOW LOW LOW",NA
99,5,129.00906080554,100,2,2.49817409610742,"M",0.101616640482098,0.25,1,"LOW LOW LOW",NA
99,6,59.2150451034622,98,0,0.499708259771879,"M",0.114794142707251,0.25,1,"LOW LOW LOW",NA
99,7,60.969271794971,98,0,0.500363775538742,"FISHED",0.114794142707251,0.25,1,"LOW LOW LOW",NA
99,8,63.7446974904248,98,0,0.499605163414075,"M",0.114794142707251,0.25,1,"LOW LOW LOW",NA
99,9,96.0108136277519,99,1,1.50030589014811,"M",0.136702932114713,0.25,1,"LOW LOW LOW",NA
99,10,62.5545617079924,98,0,0.501519663273224,"M",0.114794142707251,0.25,1,"LOW LOW LOW",NA
99,11,121.868948408739,100,2,2.49898260153504,"M",0.101616640482098,0.25,1,"LOW LOW LOW",NA
99,12,134.374582727381,100,2,2.50147914003902,"FISHED",0.101616640482098,0.25,1,"LOW LOW LOW",NA
100,1,101.44623992201,100,1,1.49845619457814,"M",0.101616640482098,0.25,1,"LOW LOW LOW",NA
100,2,65.3540777585677,99,0,0.498856350811404,"M",0.136702932114713,0.25,1,"LOW LOW LOW",NA
100,3,59.676789966575,99,0,0.499485015141144,"FISHED",0.136702932114713,0.25,1,"LOW LOW LOW",NA
100,4,63.8749987049754,99,0,0.499895646461392,"M",0.136702932114713,0.25,1,"LOW LOW LOW",NA
100,5,61.8989226341936,99,0,0.500569301929944,"M",0.136702932114713,0.25,1,"LOW LOW LOW",NA
100,6,62.6072602258148,99,0,0.498939789262776,"M",0.136702932114713,0.25,1,"LOW LOW LOW",NA
100,7,60.4954580806928,99,0,0.501050585319439,"M",0.136702932114713,0.25,1,"LOW LOW LOW",NA
100,8,97.6961241135805,100,1,1.50150634960903,"M",0.101616640482098,0.25,1,"LOW LOW LOW",NA
100,9,63.4823126338602,99,0,0.498231258235269,"M",0.136702932114713,0.25,1,"LOW LOW LOW",NA
100,10,100.651262936557,100,1,1.50005206925849,"M",0.101616640482098,0.25,1,"LOW LOW LOW",NA
100,11,97.8609784718496,100,1,1.49923749704803,"M",0.101616640482098,0.25,1,"LOW LOW LOW",NA
100,12,99.4675739796431,100,1,1.50154764992404,"M",0.101616640482098,0.25,1,"LOW LOW LOW",NA
100,13,64.2304862292342,99,0,0.499925327545306,"M",0.136702932114713,0.25,1,"LOW LOW LOW",NA
