"cohort","ind","fish_size","Year","Age","AgeE","dtype","FMORT","M","Sel","FSIM","REG"
1,1,61.2635485273687,0,0,0.501829667416375,"M",0,0.25,1,"MED LOW HIGH",NA
1,2,97.0183658645551,1,1,1.50030136117951,"M",0,0.25,1,"MED LOW HIGH",NA
1,3,65.3269513397503,0,0,0.497514585590036,"M",0,0.25,1,"MED LOW HIGH",NA
1,4,155.196495562358,3,3,3.50015739876303,"M",0,0.25,1,"MED LOW HIGH",NA
1,5,94.4452125009547,1,1,1.49996550272351,"M",0,0.25,1,"MED LOW HIGH",NA
1,6,99.2701159002484,1,1,1.49917939508136,"M",0,0.25,1,"MED LOW HIGH",NA
1,7,122.64339240923,2,2,2.49917409138038,"M",0,0.25,1,"MED LOW HIGH",NA
1,8,93.9129509013595,1,1,1.49943693333843,"M",0,0.25,1,"MED LOW HIGH",NA
1,9,62.3241642079116,0,0,0.499318827256595,"M",0,0.25,1,"MED LOW HIGH",NA
1,10,206.529873678931,12,12,12.5010821745632,"M",0,0.25,1,"MED LOW HIGH",NA
2,1,171.440242601168,5,4,4.50100482099776,"M",0,0.25,1,"MED LOW HIGH",NA
2,2,121.479463123695,3,2,2.49911652437568,"M",0,0.25,1,"MED LOW HIGH",NA
2,3,160.760674739928,4,3,3.49935821428795,"M",0,0.25,1,"MED LOW HIGH",NA
2,4,194.938468884181,12,11,11.4987425710267,"M",0,0.25,1,"MED LOW HIGH",NA
2,5,176.625060454102,7,6,6.50171728386482,"M",0,0.25,1,"MED LOW HIGH",NA
2,6,62.3292306562308,1,0,0.50073793061364,"M",0,0.25,1,"MED LOW HIGH",NA
2,7,233.440872460485,14,13,13.4992166255023,"M",0,0.25,1,"MED LOW HIGH",NA
2,8,62.114518931653,1,0,0.500543092577858,"M",0,0.25,1,"MED LOW HIGH",NA
2,9,157.785858432744,5,4,4.49873789675032,"M",0,0.25,1,"MED LOW HIGH",NA
2,10,207.853202074696,7,6,6.5001049558018,"M",0,0.25,1,"MED LOW HIGH",NA
2,11,171.528117195594,6,5,5.49848813025299,"M",0,0.25,1,"MED LOW HIGH",NA
3,1,61.0527539258233,2,0,0.499466039344847,"M",0,0.25,1,"MED LOW HIGH",NA
3,2,60.9850844000787,2,0,0.49988446655318,"M",0,0.25,1,"MED LOW HIGH",NA
3,3,134.188565949371,4,2,2.50044635017916,"M",0,0.25,1,"MED LOW HIGH",NA
3,4,177.80510389149,8,6,6.50107015186713,"M",0,0.25,1,"MED LOW HIGH",NA
3,5,152.577054435514,5,3,3.49940644596543,"M",0,0.25,1,"MED LOW HIGH",NA
3,6,65.2364512973429,2,0,0.501758403772799,"M",0,0.25,1,"MED LOW HIGH",NA
3,7,99.0468979976459,3,1,1.50130517457751,"M",0,0.25,1,"MED LOW HIGH",NA
3,8,123.64331828101,4,2,2.50228600682829,"M",0,0.25,1,"MED LOW HIGH",NA
3,9,100.467902656377,3,1,1.50137801807754,"M",0,0.25,1,"MED LOW HIGH",NA
3,10,169.870651122308,6,4,4.49978071337958,"M",0,0.25,1,"MED LOW HIGH",NA
3,11,100.440074415195,3,1,1.50225081291611,"M",0,0.25,1,"MED LOW HIGH",NA
3,12,202.827542024387,16,14,14.5014169662188,"M",0,0.25,1,"MED LOW HIGH",NA
3,13,63.1673645388751,2,0,0.498889116677874,"M",0,0.25,1,"MED LOW HIGH",NA
4,1,60.5441336496515,3,0,0.499430409850128,"M",0,0.25,1,"MED LOW HIGH",NA
4,2,65.7021413589443,3,0,0.500820306388054,"M",0,0.25,1,"MED LOW HIGH",NA
4,3,97.8925737789199,4,1,1.4988270567046,"M",0,0.25,1,"MED LOW HIGH",NA
4,4,123.362056819157,5,2,2.49911529458021,"M",0,0.25,1,"MED LOW HIGH",NA
4,5,192.372084533119,11,8,8.49875892616474,"M",0,0.25,1,"MED LOW HIGH",NA
4,6,62.9037540624534,3,0,0.501641464015718,"M",0,0.25,1,"MED LOW HIGH",NA
4,7,121.499935061791,5,2,2.50051890660019,"M",0,0.25,1,"MED LOW HIGH",NA
4,8,171.770678352857,8,5,5.50167616854253,"M",0,0.25,1,"MED LOW HIGH",NA
4,9,65.841703763374,3,0,0.500911242895156,"M",0,0.25,1,"MED LOW HIGH",NA
4,10,63.2031012726554,3,0,0.500195136066939,"M",0,0.25,1,"MED LOW HIGH",NA
4,11,161.063715445195,6,3,3.50098972401724,"M",0,0.25,1,"MED LOW HIGH",NA
5,1,104.765241118198,5,1,1.4992421289377,"M",0,0.25,1,"MED LOW HIGH",NA
5,2,63.7418920865145,4,0,0.500055154116222,"M",0,0.25,1,"MED LOW HIGH",NA
5,3,98.0483805997947,5,1,1.49907191856735,"M",0,0.25,1,"MED LOW HIGH",NA
5,4,59.6187274667056,4,0,0.500699836636412,"M",0,0.25,1,"MED LOW HIGH",NA
5,5,94.0971765723038,5,1,1.50010915924099,"M",0,0.25,1,"MED LOW HIGH",NA
5,6,170.259395544452,8,4,4.49922053458208,"M",0,0.25,1,"MED LOW HIGH",NA
5,7,100.112209657443,5,1,1.49931279004578,"M",0,0.25,1,"MED LOW HIGH",NA
5,8,147.08093223126,7,3,3.49921335009468,"M",0,0.25,1,"MED LOW HIGH",NA
5,9,63.32057000654,4,0,0.500071233663148,"M",0,0.25,1,"MED LOW HIGH",NA
5,10,192.704898935102,10,6,6.49884474711611,"M",0,0.25,1,"MED LOW HIGH",NA
5,11,194.971597213035,15,11,11.5013865996508,"M",0,0.25,1,"MED LOW HIGH",NA
5,12,63.9724201699735,4,0,0.500168371240718,"M",0,0.25,1,"MED LOW HIGH",NA
5,13,97.2442805562859,5,1,1.49932021384276,"M",0,0.25,1,"MED LOW HIGH",NA
6,1,62.2453385495926,5,0,0.498960760792186,"M",0,0.25,1,"MED LOW HIGH",NA
6,2,98.9319768951914,6,1,1.50150200016453,"M",0,0.25,1,"MED LOW HIGH",NA
6,3,224.880034704384,19,14,14.4993418514395,"M",0,0.25,1,"MED LOW HIGH",NA
6,4,175.686396880011,10,5,5.49968932737678,"M",0,0.25,1,"MED LOW HIGH",NA
6,5,219.395915075969,19,14,14.4998071093053,"M",0,0.25,1,"MED LOW HIGH",NA
6,6,104.431782956197,6,1,1.50064290149727,"M",0,0.25,1,"MED LOW HIGH",NA
6,7,138.163642451544,7,2,2.50015763761593,"M",0,0.25,1,"MED LOW HIGH",NA
6,8,63.2378450178696,5,0,0.500909541166011,"M",0,0.25,1,"MED LOW HIGH",NA
6,9,60.8064268374597,5,0,0.50018919115045,"M",0,0.25,1,"MED LOW HIGH",NA
6,10,147.297580511429,8,3,3.49967202826076,"M",0,0.25,1,"MED LOW HIGH",NA
6,11,96.6239040289069,6,1,1.5002513826587,"M",0,0.25,1,"MED LOW HIGH",NA
6,12,103.45169513598,6,1,1.49930836825444,"M",0,0.25,1,"MED LOW HIGH",NA
7,1,63.3721328462055,6,0,0.499435280231552,"M",0,0.25,1,"MED LOW HIGH",NA
7,2,195.687266338014,11,5,5.49966160777123,"M",0,0.25,1,"MED LOW HIGH",NA
7,3,190.157436615419,14,8,8.49933464555156,"M",0,0.25,1,"MED LOW HIGH",NA
7,4,226.905668048323,19,13,13.4973175244739,"M",0,0.25,1,"MED LOW HIGH",NA
7,5,203.088679724035,13,7,7.50026275665884,"M",0,0.25,1,"MED LOW HIGH",NA
7,6,95.4177349470777,7,1,1.49970708497963,"M",0,0.25,1,"MED LOW HIGH",NA
7,7,168.476556529455,9,3,3.5003502542596,"M",0,0.25,1,"MED LOW HIGH",NA
7,8,182.820608426514,15,9,9.50080620604925,"M",0,0.25,1,"MED LOW HIGH",NA
7,9,60.7234518422784,6,0,0.499589968029288,"M",0,0.25,1,"MED LOW HIGH",NA
7,10,130.432084320014,8,2,2.49942372856801,"M",0,0.25,1,"MED LOW HIGH",NA
7,11,65.1926447047585,6,0,0.500229120807064,"M",0,0.25,1,"MED LOW HIGH",NA
7,12,250.69268928463,18,12,12.5017465768437,"M",0,0.25,1,"MED LOW HIGH",NA
8,1,153.663698144047,10,3,3.50001441557425,"M",0,0.25,1,"MED LOW HIGH",NA
8,2,240.631946593695,19,12,12.5019239396532,"M",0,0.25,1,"MED LOW HIGH",NA
8,3,64.965117025896,7,0,0.499015170205527,"M",0,0.25,1,"MED LOW HIGH",NA
8,4,206.265679248736,20,13,13.4997301524684,"M",0,0.25,1,"MED LOW HIGH",NA
8,5,64.0966175999933,7,0,0.500172949546866,"M",0,0.25,1,"MED LOW HIGH",NA
8,6,59.1765669543535,7,0,0.500992444721711,"M",0,0.25,1,"MED LOW HIGH",NA
8,7,202.218564302138,14,7,7.50044401097618,"M",0,0.25,1,"MED LOW HIGH",NA
8,8,98.7086044782438,8,1,1.49889021558399,"M",0,0.25,1,"MED LOW HIGH",NA
8,9,94.3930765304591,8,1,1.50039201868275,"M",0,0.25,1,"MED LOW HIGH",NA
8,10,143.517620436944,10,3,3.50030004897578,"M",0,0.25,1,"MED LOW HIGH",NA
8,11,64.0051443062985,7,0,0.499161915531507,"M",0,0.25,1,"MED LOW HIGH",NA
8,12,187.769467664766,14,7,7.50096597028554,"M",0,0.25,1,"MED LOW HIGH",NA
9,1,124.43428528124,10,2,2.49882513442964,"M",0,0.25,1,"MED LOW HIGH",NA
9,2,60.5590734760472,8,0,0.499531618867629,"M",0,0.25,1,"MED LOW HIGH",NA
9,3,225.415423980084,21,13,13.4999107209924,"M",0,0.25,1,"MED LOW HIGH",NA
9,4,95.2493184603536,9,1,1.49980776325134,"M",0,0.25,1,"MED LOW HIGH",NA
9,5,188.048530292514,18,10,10.5014679701187,"M",0,0.25,1,"MED LOW HIGH",NA
9,6,101.324679845354,9,1,1.49952739519527,"M",0,0.25,1,"MED LOW HIGH",NA
9,7,98.001828379703,9,1,1.50032056151418,"M",0,0.25,1,"MED LOW HIGH",NA
9,8,130.237817577387,10,2,2.49876634899724,"M",0,0.25,1,"MED LOW HIGH",NA
9,9,181.237044434421,13,5,5.50069652662996,"M",0,0.25,1,"MED LOW HIGH",NA
9,10,169.870430746876,15,7,7.49987162929091,"M",0,0.25,1,"MED LOW HIGH",NA
9,11,61.7974571482946,8,0,0.501045601855005,"M",0,0.25,1,"MED LOW HIGH",NA
9,12,103.985121355655,9,1,1.50119525117413,"M",0,0.25,1,"MED LOW HIGH",NA
9,13,150.018165105473,12,4,4.49994367545271,"M",0,0.25,1,"MED LOW HIGH",NA
9,14,62.5312601176592,8,0,0.498917801714014,"M",0,0.25,1,"MED LOW HIGH",NA
10,1,210.526864111699,17,8,8.50126867359772,"M",0,0.25,1,"MED LOW HIGH",NA
10,2,145.031056294556,12,3,3.49969408458343,"M",0,0.25,1,"MED LOW HIGH",NA
10,3,153.084850188829,12,3,3.50042605597655,"M",0,0.25,1,"MED LOW HIGH",NA
10,4,162.513342086063,13,4,4.49910048000607,"M",0,0.25,1,"MED LOW HIGH",NA
10,5,196.494628409344,17,8,8.49962286297951,"M",0,0.25,1,"MED LOW HIGH",NA
10,6,157.401394793295,13,4,4.50134563769555,"M",0,0.25,1,"MED LOW HIGH",NA
10,7,94.1691275291631,10,1,1.50003128391551,"M",0,0.25,1,"MED LOW HIGH",NA
10,8,170.153027371113,13,4,4.49968651552535,"M",0,0.25,1,"MED LOW HIGH",NA
10,9,59.8905548232147,9,0,0.501002020767661,"M",0,0.25,1,"MED LOW HIGH",NA
10,10,197.181683265658,16,7,7.50094963438097,"M",0,0.25,1,"MED LOW HIGH",NA
10,11,192.069374321481,20,11,11.5015876875873,"M",0,0.25,1,"MED LOW HIGH",NA
11,1,155.891752353857,14,4,4.50202698547847,"M",0,0.25,1,"MED LOW HIGH",NA
11,2,94.1808697721229,11,1,1.50092082399681,"M",0,0.25,1,"MED LOW HIGH",NA
11,3,125.337695325688,12,2,2.49931253750514,"M",0,0.25,1,"MED LOW HIGH",NA
11,4,95.2253992107348,11,1,1.49843739051486,"M",0,0.25,1,"MED LOW HIGH",NA
11,5,100.317714184299,11,1,1.50278909937691,"M",0,0.25,1,"MED LOW HIGH",NA
11,6,192.906112475733,15,5,5.49917760019594,"M",0,0.25,1,"MED LOW HIGH",NA
11,7,214.654373953895,20,10,10.4989875781361,"M",0,0.25,1,"MED LOW HIGH",NA
11,8,194.460956641201,18,8,8.50102778273345,"M",0,0.25,1,"MED LOW HIGH",NA
11,9,201.487929377618,17,7,7.50053871836426,"M",0,0.25,1,"MED LOW HIGH",NA
11,10,114.211343635677,12,2,2.50157084184655,"M",0,0.25,1,"MED LOW HIGH",NA
11,11,118.564785383681,12,2,2.49986504237362,"M",0,0.25,1,"MED LOW HIGH",NA
11,12,61.632556248684,10,0,0.49806436756957,"M",0,0.25,1,"MED LOW HIGH",NA
12,1,113.254551352499,13,2,2.4994234928732,"M",0,0.25,1,"MED LOW HIGH",NA
12,2,97.219829122033,12,1,1.50016890958288,"M",0,0.25,1,"MED LOW HIGH",NA
12,3,132.342138156315,13,2,2.4993577369762,"M",0,0.25,1,"MED LOW HIGH",NA
12,4,154.8028815551,15,4,4.49977334589137,"M",0,0.25,1,"MED LOW HIGH",NA
12,5,135.365058381522,13,2,2.50191829295084,"M",0,0.25,1,"MED LOW HIGH",NA
12,6,98.1587507532057,12,1,1.50144626033319,"M",0,0.25,1,"MED LOW HIGH",NA
12,7,130.742833476767,14,3,3.499654936972,"M",0,0.25,1,"MED LOW HIGH",NA
12,8,209.272284505033,20,9,9.50033635588515,"M",0,0.25,1,"MED LOW HIGH",NA
12,9,158.155893937564,15,4,4.49956746576464,"M",0,0.25,1,"MED LOW HIGH",NA
12,10,152.150063620676,14,3,3.50019118656295,"M",0,0.25,1,"MED LOW HIGH",NA
12,11,59.2053382025287,11,0,0.5007138378838,"M",0,0.25,1,"MED LOW HIGH",NA
12,12,203.816584800865,21,10,10.4998104195788,"M",0,0.25,1,"MED LOW HIGH",NA
12,13,96.5528640534639,12,1,1.50160595285219,"M",0,0.25,1,"MED LOW HIGH",NA
13,1,113.713392359383,14,2,2.50129319916572,"M",0,0.25,1,"MED LOW HIGH",NA
13,2,228.659922079427,22,10,10.4989695330824,"M",0,0.25,1,"MED LOW HIGH",NA
13,3,94.0611915071531,13,1,1.50171694838042,"M",0,0.25,1,"MED LOW HIGH",NA
13,4,159.348814203252,16,4,4.4999988777059,"M",0,0.25,1,"MED LOW HIGH",NA
13,5,99.3523851631151,13,1,1.50290485772488,"M",0,0.25,1,"MED LOW HIGH",NA
13,6,174.635379347569,18,6,6.49951953266944,"M",0,0.25,1,"MED LOW HIGH",NA
13,7,204.473151983922,18,6,6.49925689644756,"M",0,0.25,1,"MED LOW HIGH",NA
13,8,206.255718283969,20,8,8.5000842447258,"M",0,0.25,1,"MED LOW HIGH",NA
13,9,60.8702546537986,12,0,0.501343844451732,"M",0,0.25,1,"MED LOW HIGH",NA
13,10,128.247952955381,14,2,2.50098721331707,"M",0,0.25,1,"MED LOW HIGH",NA
14,1,122.41638746961,15,2,2.50084094774181,"M",0,0.25,1,"MED LOW HIGH",NA
14,2,101.400687479601,14,1,1.50161364576176,"M",0,0.25,1,"MED LOW HIGH",NA
14,3,93.1004782400633,14,1,1.49938618934536,"M",0,0.25,1,"MED LOW HIGH",NA
14,4,95.1598314707269,14,1,1.49861110312124,"M",0,0.25,1,"MED LOW HIGH",NA
14,5,60.7973066379248,13,0,0.498537016310757,"M",0,0.25,1,"MED LOW HIGH",NA
14,6,100.897750499331,14,1,1.49995509232999,"M",0,0.25,1,"MED LOW HIGH",NA
14,7,63.2700142106667,13,0,0.50021185673653,"M",0,0.25,1,"MED LOW HIGH",NA
14,8,61.675117517774,13,0,0.499666034479602,"M",0,0.25,1,"MED LOW HIGH",NA
14,9,95.5800032202805,14,1,1.50115212291641,"M",0,0.25,1,"MED LOW HIGH",NA
14,10,92.7060809341632,14,1,1.49968679124889,"M",0,0.25,1,"MED LOW HIGH",NA
14,11,98.030813229958,14,1,1.49866193479824,"M",0,0.25,1,"MED LOW HIGH",NA
15,1,180.545987081367,20,6,6.50134320763877,"M",0,0.25,1,"MED LOW HIGH",NA
15,2,98.5741320509122,15,1,1.50008417385473,"M",0,0.25,1,"MED LOW HIGH",NA
15,3,116.523699457454,16,2,2.50035550706721,"M",0,0.25,1,"MED LOW HIGH",NA
15,4,101.042247685824,15,1,1.49931390292979,"M",0,0.25,1,"MED LOW HIGH",NA
15,5,124.327994019985,16,2,2.5024057519827,"M",0,0.25,1,"MED LOW HIGH",NA
15,6,61.3596266069352,14,0,0.500829053062235,"M",0,0.25,1,"MED LOW HIGH",NA
15,7,104.231010217625,15,1,1.49947255957117,"M",0,0.25,1,"MED LOW HIGH",NA
15,8,60.7164440162205,14,0,0.499928422206904,"M",0,0.25,1,"MED LOW HIGH",NA
15,9,94.2550180700003,15,1,1.50102588513149,"M",0,0.25,1,"MED LOW HIGH",NA
15,10,159.93874734821,17,3,3.50001491689306,"M",0,0.25,1,"MED LOW HIGH",NA
15,11,63.9178559310803,14,0,0.500296659302187,"M",0,0.25,1,"MED LOW HIGH",NA
15,12,180.243051164262,18,4,4.49985439587394,"M",0,0.25,1,"MED LOW HIGH",NA
16,1,171.990627985775,21,6,6.49964865938091,"M",0,0.25,1,"MED LOW HIGH",NA
16,2,205.661215186037,24,9,9.50019708249118,"M",0,0.25,1,"MED LOW HIGH",NA
16,3,195.122425765689,25,10,10.5007291788895,"M",0,0.25,1,"MED LOW HIGH",NA
16,4,64.2898391981131,15,0,0.499223098367789,"M",0,0.25,1,"MED LOW HIGH",NA
16,5,174.090992969575,19,4,4.49855017803592,"M",0,0.25,1,"MED LOW HIGH",NA
16,6,157.197333658613,19,4,4.50031357522068,"M",0,0.25,1,"MED LOW HIGH",NA
16,7,62.5163089305361,15,0,0.502585543707408,"M",0,0.25,1,"MED LOW HIGH",NA
16,8,96.68905972848,16,1,1.50022996510514,"M",0,0.25,1,"MED LOW HIGH",NA
16,9,98.6714693249038,16,1,1.50016260541023,"M",0,0.25,1,"MED LOW HIGH",NA
16,10,128.303205492149,17,2,2.49819465363079,"M",0,0.25,1,"MED LOW HIGH",NA
16,11,98.3610850753395,16,1,1.49921091782894,"M",0,0.25,1,"MED LOW HIGH",NA
16,12,174.846005283549,21,6,6.49991050906663,"M",0,0.25,1,"MED LOW HIGH",NA
17,1,100.240420521752,17,1,1.50006227982011,"M",0,0.25,1,"MED LOW HIGH",NA
17,2,64.825649467812,16,0,0.500602359820883,"M",0,0.25,1,"MED LOW HIGH",NA
17,3,61.3676021955623,16,0,0.500626841362481,"M",0,0.25,1,"MED LOW HIGH",NA
17,4,153.970558131371,19,3,3.50056244251258,"M",0,0.25,1,"MED LOW HIGH",NA
17,5,170.073786270671,20,4,4.50134733211115,"M",0,0.25,1,"MED LOW HIGH",NA
17,6,61.6108366545151,16,0,0.499709177800959,"M",0,0.25,1,"MED LOW HIGH",NA
17,7,101.485318537735,17,1,1.49975980466837,"M",0,0.25,1,"MED LOW HIGH",NA
17,8,61.5114104949262,16,0,0.49906000832583,"M",0,0.25,1,"MED LOW HIGH",NA
17,9,208.090694585071,25,9,9.5006321199413,"M",0,0.25,1,"MED LOW HIGH",NA
17,10,176.258348391323,20,4,4.50093200681881,"M",0,0.25,1,"MED LOW HIGH",NA
17,11,167.740241882706,20,4,4.50016623437427,"M",0,0.25,1,"MED LOW HIGH",NA
17,12,184.304027598413,21,5,5.49896760999757,"M",0,0.25,1,"MED LOW HIGH",NA
17,13,150.131556626198,19,3,3.50241488192815,"M",0,0.25,1,"MED LOW HIGH",NA
17,14,124.170622922743,18,2,2.50078418120843,"M",0,0.25,1,"MED LOW HIGH",NA
18,1,112.750853259852,19,2,2.50041503624414,"M",0,0.25,1,"MED LOW HIGH",NA
18,2,125.515584042863,19,2,2.50143338780186,"M",0,0.25,1,"MED LOW HIGH",NA
18,3,162.322891034919,21,4,4.50168773925282,"M",0,0.25,1,"MED LOW HIGH",NA
18,4,99.4938341676682,18,1,1.50136635177417,"M",0,0.25,1,"MED LOW HIGH",NA
18,5,151.504671415166,20,3,3.4996289567513,"M",0,0.25,1,"MED LOW HIGH",NA
18,6,132.620318325082,19,2,2.4979610917529,"M",0,0.25,1,"MED LOW HIGH",NA
18,7,60.6527574808398,17,0,0.500152657792705,"M",0,0.25,1,"MED LOW HIGH",NA
18,8,103.669381967942,18,1,1.50116959665301,"M",0,0.25,1,"MED LOW HIGH",NA
18,9,63.4770095678733,17,0,0.497982902001735,"M",0,0.25,1,"MED LOW HIGH",NA
18,10,145.940201364218,20,3,3.49940167394378,"M",0,0.25,1,"MED LOW HIGH",NA
18,11,63.3063494589514,17,0,0.500947250752335,"M",0,0.25,1,"MED LOW HIGH",NA
18,12,168.873353398672,21,4,4.50081998396221,"M",0,0.25,1,"MED LOW HIGH",NA
18,13,59.6149408821861,17,0,0.49976534019435,"M",0,0.25,1,"MED LOW HIGH",NA
18,14,127.692783878417,19,2,2.50080674650378,"M",0,0.25,1,"MED LOW HIGH",NA
18,15,181.153338334025,22,5,5.49980006329424,"M",0,0.25,1,"MED LOW HIGH",NA
19,1,198.207854987491,24,6,6.50000061521379,"M",0,0.25,1,"MED LOW HIGH",NA
19,2,251.070919955621,30,12,12.4999513573845,"M",0,0.25,1,"MED LOW HIGH",NA
19,3,62.7708176708429,18,0,0.498764322946693,"M",0,0.25,1,"MED LOW HIGH",NA
19,4,98.0899375534811,19,1,1.499752364071,"M",0,0.25,1,"MED LOW HIGH",NA
19,5,64.0996412886306,18,0,0.499989292759091,"M",0,0.25,1,"MED LOW HIGH",NA
19,6,62.1740567114589,18,0,0.500044592279609,"M",0,0.25,1,"MED LOW HIGH",NA
19,7,121.499765300064,20,2,2.50072723084429,"M",0,0.25,1,"MED LOW HIGH",NA
19,8,94.2871700285039,19,1,1.49977887643093,"M",0,0.25,1,"MED LOW HIGH",NA
19,9,61.5693084803734,18,0,0.499727799056049,"M",0,0.25,1,"MED LOW HIGH",NA
19,10,61.8635635737501,18,0,0.499630982937843,"M",0,0.25,1,"MED LOW HIGH",NA
19,11,62.850096417261,18,0,0.499109638891064,"M",0,0.25,1,"MED LOW HIGH",NA
19,12,198.879992543985,32,14,14.5002547881218,"M",0,0.25,1,"MED LOW HIGH",NA
19,13,96.4524965690102,19,1,1.49923437554135,"M",0,0.25,1,"MED LOW HIGH",NA
19,14,65.1102398063341,18,0,0.499016343159056,"M",0,0.25,1,"MED LOW HIGH",NA
20,1,64.3028663911719,19,0,0.498069743879471,"M",0,0.25,1,"MED LOW HIGH",NA
20,2,132.533042565145,21,2,2.49939336521058,"M",0,0.25,1,"MED LOW HIGH",NA
20,3,131.162270212841,22,3,3.49947682134245,"M",0,0.25,1,"MED LOW HIGH",NA
20,4,95.5105189023832,20,1,1.50103296685831,"M",0,0.25,1,"MED LOW HIGH",NA
20,5,63.2259368376207,19,0,0.499979196898815,"M",0,0.25,1,"MED LOW HIGH",NA
20,6,98.7688607050829,20,1,1.49940559595562,"M",0,0.25,1,"MED LOW HIGH",NA
20,7,195.836114887137,24,5,5.4984512924336,"M",0,0.25,1,"MED LOW HIGH",NA
20,8,61.4791187167208,19,0,0.499734453145893,"M",0,0.25,1,"MED LOW HIGH",NA
20,9,193.637882207687,25,6,6.49968535082941,"M",0,0.25,1,"MED LOW HIGH",NA
20,10,64.5114587890775,19,0,0.500051524890772,"M",0,0.25,1,"MED LOW HIGH",NA
21,1,62.8973895080515,20,0,0.499499587340578,"M",0,0.25,1,"MED LOW HIGH",NA
21,2,61.9860730429402,20,0,0.500376080075857,"M",0,0.25,1,"MED LOW HIGH",NA
21,3,175.661446594317,24,4,4.50082737058164,"M",0,0.25,1,"MED LOW HIGH",NA
21,4,149.600190793654,24,4,4.49840999945007,"M",0,0.25,1,"MED LOW HIGH",NA
21,5,207.718892444597,31,11,11.5005137106589,"M",0,0.25,1,"MED LOW HIGH",NA
21,6,62.182072798956,20,0,0.501211656611916,"M",0,0.25,1,"MED LOW HIGH",NA
21,7,197.753964400795,25,5,5.50001820400182,"M",0,0.25,1,"MED LOW HIGH",NA
21,8,199.583561827765,28,8,8.49892348168185,"M",0,0.25,1,"MED LOW HIGH",NA
21,9,62.5270037379198,20,0,0.500438804381344,"M",0,0.25,1,"MED LOW HIGH",NA
21,10,195.068895559735,26,6,6.50055540355568,"M",0,0.25,1,"MED LOW HIGH",NA
22,1,226.508268251393,32,11,11.5016924121072,"M",0,0.25,1,"MED LOW HIGH",NA
22,2,62.9020913532266,21,0,0.500083822258922,"M",0,0.25,1,"MED LOW HIGH",NA
22,3,98.9927765378786,22,1,1.50073307540825,"M",0,0.25,1,"MED LOW HIGH",NA
22,4,63.8902724802849,21,0,0.501923901477459,"M",0,0.25,1,"MED LOW HIGH",NA
22,5,152.765560691516,24,3,3.50118397461055,"M",0,0.25,1,"MED LOW HIGH",NA
22,6,102.023531880613,22,1,1.49942792261468,"M",0,0.25,1,"MED LOW HIGH",NA
22,7,210.193797100766,29,8,8.49880215389442,"M",0,0.25,1,"MED LOW HIGH",NA
22,8,166.106415668727,25,4,4.50048333212499,"M",0,0.25,1,"MED LOW HIGH",NA
22,9,129.637606090433,23,2,2.50014802488649,"M",0,0.25,1,"MED LOW HIGH",NA
23,1,95.3817995240604,23,1,1.49962536109656,"M",0,0.25,1,"MED LOW HIGH",NA
23,2,62.2222681388137,22,0,0.50065818298421,"M",0,0.25,1,"MED LOW HIGH",NA
23,3,95.5048629133844,23,1,1.50085395570131,"M",0,0.25,1,"MED LOW HIGH",NA
23,4,145.450539284028,25,3,3.49944844723598,"M",0,0.25,1,"MED LOW HIGH",NA
23,5,165.960354893408,26,4,4.49834713623852,"M",0,0.25,1,"MED LOW HIGH",NA
23,6,178.005797205578,28,6,6.49966682562019,"M",0,0.25,1,"MED LOW HIGH",NA
23,7,59.6976266767802,22,0,0.499020125776332,"M",0,0.25,1,"MED LOW HIGH",NA
23,8,62.6424930621568,22,0,0.499873207927611,"M",0,0.25,1,"MED LOW HIGH",NA
23,9,196.13748584925,29,7,7.49919690046249,"M",0,0.25,1,"MED LOW HIGH",NA
23,10,67.5455962526933,22,0,0.499383200938912,"M",0,0.25,1,"MED LOW HIGH",NA
23,11,64.4562213951747,22,0,0.500280536895394,"M",0,0.25,1,"MED LOW HIGH",NA
23,12,177.876861154638,29,7,7.49907610016358,"M",0,0.25,1,"MED LOW HIGH",NA
23,13,62.4937111316623,22,0,0.498920916749617,"M",0,0.25,1,"MED LOW HIGH",NA
24,1,101.625074467489,24,1,1.49973880658807,"M",0,0.25,1,"MED LOW HIGH",NA
24,2,97.2134378636927,24,1,1.50014109251823,"M",0,0.25,1,"MED LOW HIGH",NA
24,3,66.3787832269088,23,0,0.499271804515696,"M",0,0.25,1,"MED LOW HIGH",NA
24,4,94.4098111467921,24,1,1.50019567651921,"M",0,0.25,1,"MED LOW HIGH",NA
24,5,91.5411998144922,24,1,1.49787683932379,"M",0,0.25,1,"MED LOW HIGH",NA
24,6,58.2106902727505,23,0,0.498657078160503,"M",0,0.25,1,"MED LOW HIGH",NA
24,7,123.091106134036,26,3,3.49748789103756,"M",0,0.25,1,"MED LOW HIGH",NA
24,8,116.401639165315,25,2,2.50124240695291,"M",0,0.25,1,"MED LOW HIGH",NA
24,9,155.977164256685,27,4,4.50150047524485,"M",0,0.25,1,"MED LOW HIGH",NA
24,10,202.306032947822,30,7,7.49867377334711,"M",0,0.25,1,"MED LOW HIGH",NA
24,11,198.678205559145,28,5,5.49929472021163,"M",0,0.25,1,"MED LOW HIGH",NA
25,1,115.706854955601,26,2,2.50087071251461,"M",0,0.25,1,"MED LOW HIGH",NA
25,2,99.9957073167207,25,1,1.50064523620559,"M",0,0.25,1,"MED LOW HIGH",NA
25,3,96.0579468617111,25,1,1.50074479644195,"M",0,0.25,1,"MED LOW HIGH",NA
25,4,126.751513948629,26,2,2.49964416573239,"M",0,0.25,1,"MED LOW HIGH",NA
25,5,154.483658363176,27,3,3.49921204671126,"M",0,0.25,1,"MED LOW HIGH",NA
25,6,194.321257844373,31,7,7.49992874935982,"M",0,0.25,1,"MED LOW HIGH",NA
25,7,189.230085208027,30,6,6.49996727960893,"M",0,0.25,1,"MED LOW HIGH",NA
25,8,123.856909583065,26,2,2.4992974970369,"M",0,0.25,1,"MED LOW HIGH",NA
25,9,60.9265610195773,24,0,0.500732131727497,"M",0,0.25,1,"MED LOW HIGH",NA
25,10,213.338865705493,33,9,9.49965408523558,"M",0,0.25,1,"MED LOW HIGH",NA
25,11,63.8212771714355,24,0,0.500059834908238,"M",0,0.25,1,"MED LOW HIGH",NA
26,1,99.0711351628381,26,1,1.50073934909299,"M",0,0.25,1,"MED LOW HIGH",NA
26,2,143.358959207765,29,4,4.5002699554571,"M",0,0.25,1,"MED LOW HIGH",NA
26,3,97.208720884668,26,1,1.50044615531144,"M",0,0.25,1,"MED LOW HIGH",NA
26,4,98.4706425915535,26,1,1.49821239686628,"M",0,0.25,1,"MED LOW HIGH",NA
26,5,62.5814713043672,25,0,0.499099914017527,"M",0,0.25,1,"MED LOW HIGH",NA
26,6,145.126046165407,28,3,3.50056476837501,"M",0,0.25,1,"MED LOW HIGH",NA
26,7,100.170311265276,26,1,1.49962459113188,"M",0,0.25,1,"MED LOW HIGH",NA
26,8,157.405292393897,29,4,4.49987813034868,"M",0,0.25,1,"MED LOW HIGH",NA
26,9,60.6382647600636,25,0,0.499801664996381,"M",0,0.25,1,"MED LOW HIGH",NA
26,10,201.664654680154,34,9,9.50030515992913,"M",0,0.25,1,"MED LOW HIGH",NA
27,1,122.624252427607,28,2,2.49985104605654,"M",0,0.25,1,"MED LOW HIGH",NA
27,2,173.893349927022,31,5,5.49988757829261,"M",0,0.25,1,"MED LOW HIGH",NA
27,3,60.2022748753586,26,0,0.498696515465944,"M",0,0.25,1,"MED LOW HIGH",NA
27,4,130.407676292979,29,3,3.49897279509146,"M",0,0.25,1,"MED LOW HIGH",NA
27,5,61.4099534432693,26,0,0.499249188949397,"M",0,0.25,1,"MED LOW HIGH",NA
27,6,123.689979905317,28,2,2.49826922380489,"M",0,0.25,1,"MED LOW HIGH",NA
27,7,62.918579641123,26,0,0.497767051325387,"M",0,0.25,1,"MED LOW HIGH",NA
27,8,61.5374933580568,26,0,0.499918981077651,"M",0,0.25,1,"MED LOW HIGH",NA
27,9,125.361473717479,28,2,2.49962556759162,"M",0,0.25,1,"MED LOW HIGH",NA
27,10,62.8823477908704,26,0,0.498827038069162,"M",0,0.25,1,"MED LOW HIGH",NA
27,11,124.883570249963,28,2,2.49910158285021,"M",0,0.25,1,"MED LOW HIGH",NA
27,12,95.4241022855435,27,1,1.49938662628396,"M",0,0.25,1,"MED LOW HIGH",NA
28,1,96.8932173205366,28,1,1.50152830068701,"M",0,0.25,1,"MED LOW HIGH",NA
28,2,160.448444392566,31,4,4.49861794588088,"M",0,0.25,1,"MED LOW HIGH",NA
28,3,166.089926540849,31,4,4.50144721878317,"M",0,0.25,1,"MED LOW HIGH",NA
28,4,61.7544228985694,27,0,0.50034193421008,"M",0,0.25,1,"MED LOW HIGH",NA
28,5,198.290289395152,32,5,5.49944872964196,"M",0,0.25,1,"MED LOW HIGH",NA
28,6,151.717585029872,31,4,4.50211968655506,"M",0,0.25,1,"MED LOW HIGH",NA
28,7,93.4617009843831,28,1,1.50030219987673,"M",0,0.25,1,"MED LOW HIGH",NA
28,8,101.06672725967,28,1,1.49810809246868,"M",0,0.25,1,"MED LOW HIGH",NA
28,9,161.555169480363,31,4,4.50081063217196,"M",0,0.25,1,"MED LOW HIGH",NA
28,10,63.1929610471822,27,0,0.497602368852659,"M",0,0.25,1,"MED LOW HIGH",NA
28,11,186.869329384915,33,6,6.50016745421813,"M",0,0.25,1,"MED LOW HIGH",NA
29,1,62.9672754504754,28,0,0.501395674629178,"M",0,0.25,1,"MED LOW HIGH",NA
29,2,64.3231618537285,28,0,0.498328540242394,"M",0,0.25,1,"MED LOW HIGH",NA
29,3,63.4292051523044,28,0,0.50007706076548,"M",0,0.25,1,"MED LOW HIGH",NA
29,4,196.408639434019,35,7,7.50104140911139,"M",0,0.25,1,"MED LOW HIGH",NA
29,5,98.2322980443707,29,1,1.49967947052998,"M",0,0.25,1,"MED LOW HIGH",NA
29,6,144.589022150662,32,4,4.50009814528206,"M",0,0.25,1,"MED LOW HIGH",NA
29,7,189.500494329219,36,8,8.49967311012391,"M",0,0.25,1,"MED LOW HIGH",NA
29,8,61.6915216455066,28,0,0.499010363681874,"M",0,0.25,1,"MED LOW HIGH",NA
29,9,179.615128286135,32,4,4.49994193404968,"M",0,0.25,1,"MED LOW HIGH",NA
29,10,196.751780031147,34,6,6.50089784025135,"M",0,0.25,1,"MED LOW HIGH",NA
29,11,66.0252628805691,28,0,0.498912887106828,"M",0,0.25,1,"MED LOW HIGH",NA
29,12,130.724937247996,30,2,2.50039379751373,"M",0,0.25,1,"MED LOW HIGH",NA
30,1,97.0681983077524,30,1,1.500806213335,"M",0,0.25,1,"MED LOW HIGH",NA
30,2,103.878283133636,30,1,1.50023941012573,"M",0,0.25,1,"MED LOW HIGH",NA
30,3,128.123389570123,31,2,2.49969935414169,"M",0,0.25,1,"MED LOW HIGH",NA
30,4,60.937352694185,29,0,0.499356832756071,"M",0,0.25,1,"MED LOW HIGH",NA
30,5,97.7385993688005,30,1,1.50034981184785,"M",0,0.25,1,"MED LOW HIGH",NA
30,6,123.421666484515,31,2,2.49970018926809,"M",0,0.25,1,"MED LOW HIGH",NA
30,7,123.775270768706,31,2,2.49973119521022,"M",0,0.25,1,"MED LOW HIGH",NA
30,8,91.6858170235136,30,1,1.49894950763349,"M",0,0.25,1,"MED LOW HIGH",NA
30,9,160.694094819684,35,6,6.50095497617676,"M",0,0.25,1,"MED LOW HIGH",NA
30,10,130.090721782928,31,2,2.49900145235759,"M",0,0.25,1,"MED LOW HIGH",NA
30,11,204.9059153084,37,8,8.50094520283499,"M",0,0.25,1,"MED LOW HIGH",NA
30,12,177.496123434056,34,5,5.49940834229002,"M",0,0.25,1,"MED LOW HIGH",NA
31,1,63.3562394856427,30,0,0.501005358983468,"M",0,0.25,1,"MED LOW HIGH",NA
31,2,152.771319511831,33,3,3.49933253928601,"M",0,0.25,1,"MED LOW HIGH",NA
31,3,62.5419572844488,30,0,0.50147935249768,"M",0,0.25,1,"MED LOW HIGH",NA
31,4,62.0960618579472,30,0,0.500687953831607,"M",0,0.25,1,"MED LOW HIGH",NA
31,5,191.076902202721,37,7,7.49967145863623,"M",0,0.25,1,"MED LOW HIGH",NA
31,6,219.859494481662,38,8,8.49962172530014,"M",0,0.25,1,"MED LOW HIGH",NA
31,7,151.252778129092,33,3,3.50097699423537,"M",0,0.25,1,"MED LOW HIGH",NA
31,8,62.0856586223985,30,0,0.500251200671239,"M",0,0.25,1,"MED LOW HIGH",NA
31,9,233.413597936801,40,10,10.4993151428495,"M",0,0.25,1,"MED LOW HIGH",NA
31,10,100.435597092756,31,1,1.50163477798531,"M",0,0.25,1,"MED LOW HIGH",NA
31,11,144.523350945529,33,3,3.49920562996018,"M",0,0.25,1,"MED LOW HIGH",NA
31,12,64.2569303992007,30,0,0.500000640069294,"M",0,0.25,1,"MED LOW HIGH",NA
32,1,194.736800767365,38,7,7.50164920095785,"M",0,0.25,1,"MED LOW HIGH",NA
32,2,136.110638864889,33,2,2.50222065587257,"M",0,0.25,1,"MED LOW HIGH",NA
32,3,65.7570245480443,31,0,0.500164005613616,"M",0,0.25,1,"MED LOW HIGH",NA
32,4,134.047291485857,33,2,2.50034306674072,"M",0,0.25,1,"MED LOW HIGH",NA
32,5,122.834986359928,33,2,2.49847488802164,"M",0,0.25,1,"MED LOW HIGH",NA
32,6,171.902748015595,35,4,4.5005420303895,"M",0,0.25,1,"MED LOW HIGH",NA
32,7,60.7126844307494,31,0,0.500123878455954,"M",0,0.25,1,"MED LOW HIGH",NA
32,8,61.6411355305038,31,0,0.500052378689478,"M",0,0.25,1,"MED LOW HIGH",NA
32,9,186.037500254178,37,6,6.49891572721663,"M",0,0.25,1,"MED LOW HIGH",NA
32,10,130.474582608278,33,2,2.49929433078547,"M",0,0.25,1,"MED LOW HIGH",NA
32,11,161.090665273162,37,6,6.49928082755777,"M",0,0.25,1,"MED LOW HIGH",NA
32,12,201.832758228961,36,5,5.50069686460264,"M",0,0.25,1,"MED LOW HIGH",NA
32,13,163.781831257248,36,5,5.49846949514101,"M",0,0.25,1,"MED LOW HIGH",NA
33,1,63.2659426858655,32,0,0.50055039560726,"M",0,0.25,1,"MED LOW HIGH",NA
33,2,62.1617216412266,32,0,0.501241263413529,"M",0,0.25,1,"MED LOW HIGH",NA
33,3,156.847916990294,36,4,4.50032044220387,"M",0,0.25,1,"MED LOW HIGH",NA
33,4,186.862732067565,39,7,7.49882347297573,"M",0,0.25,1,"MED LOW HIGH",NA
33,5,62.0935187925186,32,0,0.500163407791803,"M",0,0.25,1,"MED LOW HIGH",NA
33,6,129.059536914434,34,2,2.49860977471989,"M",0,0.25,1,"MED LOW HIGH",NA
33,7,190.753078606148,39,7,7.49880172142145,"M",0,0.25,1,"MED LOW HIGH",NA
33,8,116.241316636008,34,2,2.49945779983139,"M",0,0.25,1,"MED LOW HIGH",NA
33,9,127.26943752043,34,2,2.50109123096358,"M",0,0.25,1,"MED LOW HIGH",NA
33,10,93.4454064798775,33,1,1.49936224771213,"M",0,0.25,1,"MED LOW HIGH",NA
33,11,194.543026676485,39,7,7.49972573124001,"M",0,0.25,1,"MED LOW HIGH",NA
34,1,62.0397244353978,33,0,0.499847835450503,"M",0,0.25,1,"MED LOW HIGH",NA
34,2,174.427274787209,38,5,5.49950296330597,"M",0,0.25,1,"MED LOW HIGH",NA
34,3,199.738453210451,40,7,7.49922057685041,"M",0,0.25,1,"MED LOW HIGH",NA
34,4,63.774551511647,33,0,0.499315386357456,"M",0,0.25,1,"MED LOW HIGH",NA
34,5,63.0749451388119,33,0,0.499858747627236,"M",0,0.25,1,"MED LOW HIGH",NA
34,6,61.8896292775207,33,0,0.500348657544906,"M",0,0.25,1,"MED LOW HIGH",NA
34,7,179.736171528834,38,5,5.49914090017775,"M",0,0.25,1,"MED LOW HIGH",NA
34,8,117.858777132019,35,2,2.49998076356688,"M",0,0.25,1,"MED LOW HIGH",NA
34,9,136.49997807381,36,3,3.49999985918987,"M",0,0.25,1,"MED LOW HIGH",NA
34,10,207.244340266969,38,5,5.50036973321768,"M",0,0.25,1,"MED LOW HIGH",NA
35,1,216.087648036442,42,8,8.49931317128778,"M",0,0.25,1,"MED LOW HIGH",NA
35,2,131.001721806723,36,2,2.50084086497178,"M",0,0.25,1,"MED LOW HIGH",NA
35,3,63.3381534333296,34,0,0.501423798443944,"M",0,0.25,1,"MED LOW HIGH",NA
35,4,62.7797425384139,34,0,0.498189437387234,"M",0,0.25,1,"MED LOW HIGH",NA
35,5,206.487459797363,41,7,7.50164645480249,"M",0,0.25,1,"MED LOW HIGH",NA
35,6,60.1340574766419,34,0,0.500919516280061,"M",0,0.25,1,"MED LOW HIGH",NA
35,7,96.6344235396615,35,1,1.50121609004577,"M",0,0.25,1,"MED LOW HIGH",NA
35,8,203.059263062824,44,10,10.5015657864957,"M",0,0.25,1,"MED LOW HIGH",NA
35,9,99.8411602665264,35,1,1.50031147038303,"M",0,0.25,1,"MED LOW HIGH",NA
35,10,116.172717862734,36,2,2.49944498796679,"M",0,0.25,1,"MED LOW HIGH",NA
35,11,189.312682003301,41,7,7.50065796385235,"M",0,0.25,1,"MED LOW HIGH",NA
36,1,214.446527448684,46,11,11.5003819252943,"M",0,0.25,1,"MED LOW HIGH",NA
36,2,61.7234473395079,35,0,0.500272907357215,"M",0,0.25,1,"MED LOW HIGH",NA
36,3,61.3075511850989,35,0,0.497020422583852,"M",0,0.25,1,"MED LOW HIGH",NA
36,4,60.2482991702879,35,0,0.500106945325772,"M",0,0.25,1,"MED LOW HIGH",NA
36,5,176.906698838332,42,7,7.49826142095622,"M",0,0.25,1,"MED LOW HIGH",NA
36,6,61.7451460211783,35,0,0.501119921539932,"M",0,0.25,1,"MED LOW HIGH",NA
36,7,101.006473262434,36,1,1.50015744207124,"M",0,0.25,1,"MED LOW HIGH",NA
36,8,130.984617798234,37,2,2.5003242379735,"M",0,0.25,1,"MED LOW HIGH",NA
36,9,175.71531127329,40,5,5.49955131581514,"M",0,0.25,1,"MED LOW HIGH",NA
36,10,102.400235790507,36,1,1.50165872005679,"M",0,0.25,1,"MED LOW HIGH",NA
36,11,147.012405051142,38,3,3.50073078611555,"M",0,0.25,1,"MED LOW HIGH",NA
37,1,219.235742736282,44,8,8.50060250461853,"M",0,0.25,1,"MED LOW HIGH",NA
37,2,154.116867792415,40,4,4.50120787292944,"M",0,0.25,1,"MED LOW HIGH",NA
37,3,206.867201437114,48,12,12.5011859230576,"M",0,0.25,1,"MED LOW HIGH",NA
37,4,128.91894173444,39,3,3.50014793676135,"M",0,0.25,1,"MED LOW HIGH",NA
37,5,212.096199789646,44,8,8.49964985366947,"M",0,0.25,1,"MED LOW HIGH",NA
37,6,133.512883124057,38,2,2.49940606443821,"M",0,0.25,1,"MED LOW HIGH",NA
37,7,123.793342427752,38,2,2.49911453946611,"M",0,0.25,1,"MED LOW HIGH",NA
37,8,137.785663131248,39,3,3.4992163882734,"M",0,0.25,1,"MED LOW HIGH",NA
37,9,189.539641758805,42,6,6.50083939066504,"M",0,0.25,1,"MED LOW HIGH",NA
37,10,207.938459159047,46,10,10.5024604042009,"M",0,0.25,1,"MED LOW HIGH",NA
37,11,99.7087371862764,37,1,1.50090264227799,"M",0,0.25,1,"MED LOW HIGH",NA
37,12,189.969223956015,41,5,5.49994521065911,"M",0,0.25,1,"MED LOW HIGH",NA
38,1,160.625552441602,41,4,4.49849801910086,"M",0,0.25,1,"MED LOW HIGH",NA
38,2,62.0526745120729,37,0,0.499789760905294,"M",0,0.25,1,"MED LOW HIGH",NA
38,3,167.766852447036,42,5,5.49891693023982,"M",0,0.25,1,"MED LOW HIGH",NA
38,4,196.795882694885,49,12,12.4992833190987,"M",0,0.25,1,"MED LOW HIGH",NA
38,5,185.858485073266,44,7,7.50158554076777,"M",0,0.25,1,"MED LOW HIGH",NA
38,6,217.676261452033,48,11,11.5013522353639,"M",0,0.25,1,"MED LOW HIGH",NA
38,7,63.2015459453032,37,0,0.4998107855517,"M",0,0.25,1,"MED LOW HIGH",NA
38,8,62.0091466022362,37,0,0.499732461148981,"M",0,0.25,1,"MED LOW HIGH",NA
38,9,123.134396466307,39,2,2.50028088220608,"M",0,0.25,1,"MED LOW HIGH",NA
38,10,210.124209101382,45,8,8.49766559951324,"M",0,0.25,1,"MED LOW HIGH",NA
38,11,61.6242898668202,37,0,0.499637165485164,"M",0,0.25,1,"MED LOW HIGH",NA
39,1,134.686261456411,40,2,2.50049085768591,"M",0,0.25,1,"MED LOW HIGH",NA
39,2,181.148619062684,47,9,9.50015726033869,"M",0,0.25,1,"MED LOW HIGH",NA
39,3,149.972168497071,41,3,3.49993730101217,"M",0,0.25,1,"MED LOW HIGH",NA
39,4,62.8397995304491,38,0,0.501005414728297,"M",0,0.25,1,"MED LOW HIGH",NA
39,5,189.451483925902,44,6,6.5014598243372,"M",0,0.25,1,"MED LOW HIGH",NA
39,6,168.675690672748,43,5,5.49928735940367,"M",0,0.25,1,"MED LOW HIGH",NA
39,7,225.053434071858,51,13,13.4993739671605,"M",0.282853315211833,0.25,1,"MED LOW HIGH",NA
39,8,63.3638838721206,38,0,0.498739274673435,"M",0,0.25,1,"MED LOW HIGH",NA
39,9,130.487058939021,40,2,2.49991021264071,"M",0,0.25,1,"MED LOW HIGH",NA
39,10,61.1477901299814,38,0,0.499196157957347,"M",0,0.25,1,"MED LOW HIGH",NA
39,11,61.0949169062617,38,0,0.500610587258322,"M",0,0.25,1,"MED LOW HIGH",NA
39,12,151.862170534343,43,5,5.49971414128074,"M",0,0.25,1,"MED LOW HIGH",NA
40,1,63.9569903632836,39,0,0.49926711625357,"M",0,0.25,1,"MED LOW HIGH",NA
40,2,97.354852294298,40,1,1.49925243269517,"M",0,0.25,1,"MED LOW HIGH",NA
40,3,209.673915182588,45,6,6.50055163491767,"M",0,0.25,1,"MED LOW HIGH",NA
40,4,62.9692891354686,39,0,0.502027391936908,"M",0,0.25,1,"MED LOW HIGH",NA
40,5,59.4665574916734,39,0,0.500014986936696,"M",0,0.25,1,"MED LOW HIGH",NA
40,6,62.7836607440581,39,0,0.500877941679391,"M",0,0.25,1,"MED LOW HIGH",NA
40,7,164.569341931988,46,7,7.5005630107084,"M",0,0.25,1,"MED LOW HIGH",NA
40,8,62.243589315727,39,0,0.500593091533305,"M",0,0.25,1,"MED LOW HIGH",NA
40,9,122.373014597319,41,2,2.50068726326775,"M",0,0.25,1,"MED LOW HIGH",NA
40,10,194.351561586106,45,6,6.50087562189424,"M",0,0.25,1,"MED LOW HIGH",NA
40,11,101.867429481885,40,1,1.501856001685,"M",0,0.25,1,"MED LOW HIGH",NA
40,12,157.871547736282,44,5,5.50016147326233,"M",0,0.25,1,"MED LOW HIGH",NA
41,1,147.641230399943,43,3,3.49984528703573,"M",0,0.25,1,"MED LOW HIGH",NA
41,2,63.8864737307008,40,0,0.499627467647853,"M",0,0.25,1,"MED LOW HIGH",NA
41,3,138.905910743073,42,2,2.49916265725027,"M",0,0.25,1,"MED LOW HIGH",NA
41,4,200.930918477032,52,12,12.5006785812259,"M",0.290400776849128,0.25,1,"MED LOW HIGH",NA
41,5,65.2725930414695,40,0,0.501213952315268,"M",0,0.25,1,"MED LOW HIGH",NA
41,6,95.1280679746084,41,1,1.50039047858969,"M",0,0.25,1,"MED LOW HIGH",NA
41,7,117.725807427064,42,2,2.49972342973994,"M",0,0.25,1,"MED LOW HIGH",NA
41,8,227.783934427227,53,13,13.5010611409234,"M",0.279407876753248,0.25,1,"MED LOW HIGH",NA
41,9,220.445233711311,52,12,12.4998173431537,"M",0.290400776849128,0.25,1,"MED LOW HIGH",NA
41,10,62.0542860772301,40,0,0.498445940027768,"M",0,0.25,1,"MED LOW HIGH",NA
41,11,62.3762564658487,40,0,0.49877547219282,"M",0,0.25,1,"MED LOW HIGH",NA
41,12,220.629177518352,46,6,6.50095314359036,"M",0,0.25,1,"MED LOW HIGH",NA
42,1,98.5395366421021,42,1,1.50007309708306,"M",0,0.25,1,"MED LOW HIGH",NA
42,2,61.2836572711137,41,0,0.49988793810495,"M",0,0.25,1,"MED LOW HIGH",NA
42,3,63.2005151333391,41,0,0.501278263116132,"M",0,0.25,1,"MED LOW HIGH",NA
42,4,203.290209367484,48,7,7.5000929911996,"M",0,0.25,1,"MED LOW HIGH",NA
42,5,100.146427588291,42,1,1.50040059222827,"M",0,0.25,1,"MED LOW HIGH",NA
42,6,64.1334859358394,41,0,0.500967271799972,"M",0,0.25,1,"MED LOW HIGH",NA
42,7,179.087980478833,47,6,6.50007710205208,"M",0,0.25,1,"MED LOW HIGH",NA
42,8,206.67922644579,50,9,9.49980532940146,"M",0.22817113942001,0.25,1,"MED LOW HIGH",NA
42,9,183.967896344784,51,10,10.4987748866523,"FISHED",0.282853315211833,0.25,1,"MED LOW HIGH",NA
42,10,180.04969831592,47,6,6.50001004709114,"M",0,0.25,1,"MED LOW HIGH",NA
42,11,63.2047819217758,41,0,0.498558526961303,"M",0,0.25,1,"MED LOW HIGH",NA
42,12,216.467385942054,47,6,6.49893993249564,"M",0,0.25,1,"MED LOW HIGH",NA
42,13,175.615853083325,48,7,7.50099855151305,"M",0,0.25,1,"MED LOW HIGH",NA
42,14,156.265400596653,44,3,3.50015273099543,"M",0,0.25,1,"MED LOW HIGH",NA
43,1,161.624614746245,45,3,3.50123600902736,"M",0,0.25,1,"MED LOW HIGH",NA
43,2,129.280506300039,44,2,2.50109902716195,"M",0,0.25,1,"MED LOW HIGH",NA
43,3,140.626657073336,45,3,3.49821394400224,"M",0,0.25,1,"MED LOW HIGH",NA
43,4,175.302652996977,48,6,6.5001335593573,"M",0,0.25,1,"MED LOW HIGH",NA
43,5,184.54535826989,48,6,6.49756415923069,"M",0,0.25,1,"MED LOW HIGH",NA
43,6,98.6329477272175,43,1,1.49817304074597,"M",0,0.25,1,"MED LOW HIGH",NA
43,7,187.046825048107,47,5,5.49973709005756,"M",0,0.25,1,"MED LOW HIGH",NA
43,8,200.855149651663,51,9,9.50111659095344,"FISHED",0.282853315211833,0.25,1,"MED LOW HIGH",NA
43,9,177.779448683163,50,8,8.50068035842712,"M",0.22817113942001,0.25,1,"MED LOW HIGH",NA
43,10,146.605303934954,45,3,3.49954997124475,"M",0,0.25,1,"MED LOW HIGH",NA
44,1,101.161316543914,44,1,1.50035154181995,"M",0,0.25,1,"MED LOW HIGH",NA
44,2,123.793839948489,45,2,2.50016453430738,"M",0,0.25,1,"MED LOW HIGH",NA
44,3,93.0819716930612,44,1,1.4990602308345,"M",0,0.25,1,"MED LOW HIGH",NA
44,4,65.4181214970405,43,0,0.501789274585291,"M",0,0.25,1,"MED LOW HIGH",NA
44,5,174.944508011642,48,5,5.49889558447338,"M",0,0.25,1,"MED LOW HIGH",NA
44,6,256.485310777724,53,10,10.497677373002,"FISHED",0.279407876753248,0.25,1,"MED LOW HIGH",NA
44,7,90.2263581201303,44,1,1.50051700564243,"M",0,0.25,1,"MED LOW HIGH",NA
44,8,93.636194259293,44,1,1.50069277834296,"M",0,0.25,1,"MED LOW HIGH",NA
44,9,61.757622820313,43,0,0.500374772694357,"M",0,0.25,1,"MED LOW HIGH",NA
44,10,63.2942682663896,43,0,0.49818813418519,"M",0,0.25,1,"MED LOW HIGH",NA
44,11,183.685299336511,49,6,6.49909414132858,"M",0,0.25,1,"MED LOW HIGH",NA
44,12,194.12770978361,52,9,9.49992252152281,"FISHED",0.290400776849128,0.25,1,"MED LOW HIGH",NA
44,13,64.3707451909135,43,0,0.499125472900789,"M",0,0.25,1,"MED LOW HIGH",NA
44,14,59.0268565622658,43,0,0.500143253312213,"M",0,0.25,1,"MED LOW HIGH",NA
45,1,195.440029934093,51,7,7.50115475312089,"FISHED",0.282853315211833,0.25,1,"MED LOW HIGH",NA
45,2,59.2246040446332,44,0,0.500802663505501,"M",0,0.25,1,"MED LOW HIGH",NA
45,3,62.7858633945131,44,0,0.498722200325944,"M",0,0.25,1,"MED LOW HIGH",NA
45,4,62.6335973730407,44,0,0.500158101620876,"M",0,0.25,1,"MED LOW HIGH",NA
45,5,96.9947309541118,45,1,1.50083318555699,"M",0,0.25,1,"MED LOW HIGH",NA
45,6,95.7566670556536,45,1,1.49867963845822,"M",0,0.25,1,"MED LOW HIGH",NA
45,7,138.042955100869,47,3,3.49913919816108,"M",0,0.25,1,"MED LOW HIGH",NA
45,8,96.0427574856759,45,1,1.49954599939143,"M",0,0.25,1,"MED LOW HIGH",NA
45,9,65.7776219990597,44,0,0.499096398355291,"M",0,0.25,1,"MED LOW HIGH",NA
45,10,191.516833661412,50,6,6.5006476076725,"M",0.22817113942001,0.25,1,"MED LOW HIGH",NA
45,11,99.0241730368882,45,1,1.50142543313736,"M",0,0.25,1,"MED LOW HIGH",NA
45,12,162.222840544413,50,6,6.49855482956881,"M",0.22817113942001,0.25,1,"MED LOW HIGH",NA
46,1,207.693352424517,51,6,6.49977379757431,"FISHED",0.282853315211833,0.25,1,"MED LOW HIGH",NA
46,2,96.4478243392104,46,1,1.50035448984064,"M",0,0.25,1,"MED LOW HIGH",NA
46,3,60.9256794361731,45,0,0.499177280251977,"M",0,0.25,1,"MED LOW HIGH",NA
46,4,102.017202593908,46,1,1.49967573096966,"M",0,0.25,1,"MED LOW HIGH",NA
46,5,134.295212887192,47,2,2.49955426345147,"M",0,0.25,1,"MED LOW HIGH",NA
46,6,124.289940962874,47,2,2.50085185705228,"M",0,0.25,1,"MED LOW HIGH",NA
46,7,99.2787335598869,46,1,1.50152816407299,"M",0,0.25,1,"MED LOW HIGH",NA
46,8,223.311543163371,53,8,8.49921677553063,"M",0.279407876753248,0.25,1,"MED LOW HIGH",NA
46,9,180.106986509182,50,5,5.50042635962287,"M",0.22817113942001,0.25,1,"MED LOW HIGH",NA
46,10,62.2956891834037,45,0,0.499079774208803,"M",0,0.25,1,"MED LOW HIGH",NA
47,1,63.640953107169,46,0,0.499548818008517,"M",0,0.25,1,"MED LOW HIGH",NA
47,2,156.672163138891,49,3,3.50206846340537,"M",0,0.25,1,"MED LOW HIGH",NA
47,3,62.8884200189116,46,0,0.500297787371175,"M",0,0.25,1,"MED LOW HIGH",NA
47,4,193.705431263044,51,5,5.49844847061757,"FISHED",0.282853315211833,0.25,1,"MED LOW HIGH",NA
47,5,98.209968730654,47,1,1.49939160420799,"M",0,0.25,1,"MED LOW HIGH",NA
47,6,60.6019788781193,46,0,0.498566598674472,"M",0,0.25,1,"MED LOW HIGH",NA
47,7,139.769185083676,50,4,4.50167774947584,"M",0.22817113942001,0.25,1,"MED LOW HIGH",NA
47,8,163.350586252988,49,3,3.50119850072309,"M",0,0.25,1,"MED LOW HIGH",NA
47,9,126.138902139388,48,2,2.49754796143007,"M",0,0.25,1,"MED LOW HIGH",NA
47,10,162.499811680298,51,5,5.49953047919546,"M",0.282853315211833,0.25,1,"MED LOW HIGH",NA
47,11,202.990049046881,53,7,7.50067473002762,"M",0.279407876753248,0.25,1,"MED LOW HIGH",NA
47,12,167.648159223052,50,4,4.50092381483908,"FISHED",0.22817113942001,0.25,1,"MED LOW HIGH",NA
48,1,178.663138426807,51,4,4.50101755393746,"FISHED",0.282853315211833,0.25,1,"MED LOW HIGH",NA
48,2,95.9170058573045,48,1,1.50007537054546,"M",0,0.25,1,"MED LOW HIGH",NA
48,3,60.6688692551991,47,0,0.500615626984964,"M",0,0.25,1,"MED LOW HIGH",NA
48,4,148.610015948386,51,4,4.49926663970219,"FISHED",0.282853315211833,0.25,1,"MED LOW HIGH",NA
48,5,153.883004228407,50,3,3.50152880022934,"FISHED",0.22817113942001,0.25,1,"MED LOW HIGH",NA
48,6,174.618552142264,53,6,6.49802081238932,"M",0.279407876753248,0.25,1,"MED LOW HIGH",NA
48,7,124.41431270581,49,2,2.50018120904943,"M",0,0.25,1,"MED LOW HIGH",NA
48,8,159.807191233709,50,3,3.50160012322271,"M",0.22817113942001,0.25,1,"MED LOW HIGH",NA
48,9,185.482830156367,54,7,7.4996656355367,"M",0.245405064360239,0.25,1,"MED LOW HIGH",NA
48,10,157.38655271922,52,5,5.49953242254398,"M",0.290400776849128,0.25,1,"MED LOW HIGH",NA
48,11,164.667225707143,51,4,4.50057752137803,"FISHED",0.282853315211833,0.25,1,"MED LOW HIGH",NA
48,12,153.655703896349,50,3,3.50109178507197,"FISHED",0.22817113942001,0.25,1,"MED LOW HIGH",NA
49,1,66.5439151510295,48,0,0.50045939569199,"M",0,0.25,1,"MED LOW HIGH",NA
49,2,99.9269378912883,49,1,1.49943341480773,"M",0,0.25,1,"MED LOW HIGH",NA
49,3,156.191547582005,51,3,3.50008358637706,"M",0.282853315211833,0.25,1,"MED LOW HIGH",NA
49,4,126.335832496196,50,2,2.5016695483203,"FISHED",0.22817113942001,0.25,1,"MED LOW HIGH",NA
49,5,126.864396705662,50,2,2.49903333964997,"FISHED",0.22817113942001,0.25,1,"MED LOW HIGH",NA
49,6,171.435136575836,55,7,7.49884218742146,"M",0.267128065484576,0.25,1,"MED LOW HIGH",NA
49,7,62.3231694734943,48,0,0.501665736850823,"M",0,0.25,1,"MED LOW HIGH",NA
49,8,99.412879317817,49,1,1.49926930427971,"M",0,0.25,1,"MED LOW HIGH",NA
49,9,179.817082622425,53,5,5.50086161413437,"M",0.279407876753248,0.25,1,"MED LOW HIGH",NA
49,10,198.356985066906,56,8,8.5025138426306,"M",0.208752234117128,0.25,1,"MED LOW HIGH",NA
49,11,99.877285836083,49,1,1.4995018779656,"M",0,0.25,1,"MED LOW HIGH",NA
49,12,132.485867339406,50,2,2.50197602814069,"FISHED",0.22817113942001,0.25,1,"MED LOW HIGH",NA
50,1,185.607407496204,57,8,8.49820695789595,"FISHED",0.297078873915598,0.25,1,"MED LOW HIGH",NA
50,2,94.496821327236,50,1,1.49969473935167,"FISHED",0.22817113942001,0.25,1,"MED LOW HIGH",NA
50,3,130.789836934511,52,3,3.49863735784021,"FISHED",0.290400776849128,0.25,1,"MED LOW HIGH",NA
50,4,108.539351420751,51,2,2.50222155448145,"M",0.282853315211833,0.25,1,"MED LOW HIGH",NA
50,5,102.018694470348,50,1,1.4990811047117,"FISHED",0.22817113942001,0.25,1,"MED LOW HIGH",NA
50,6,101.91315736009,50,1,1.50002852456536,"M",0.22817113942001,0.25,1,"MED LOW HIGH",NA
50,7,101.346653982483,50,1,1.50033792704853,"M",0.22817113942001,0.25,1,"MED LOW HIGH",NA
50,8,100.089588356215,50,1,1.49919870396024,"M",0.22817113942001,0.25,1,"MED LOW HIGH",NA
50,9,63.1605477458898,49,0,0.499693903342413,"M",0,0.25,1,"MED LOW HIGH",NA
50,10,117.62005440179,51,2,2.49798153975065,"FISHED",0.282853315211833,0.25,1,"MED LOW HIGH",NA
50,11,61.9702229419154,49,0,0.500107310742769,"M",0,0.25,1,"MED LOW HIGH",NA
50,12,94.9161376125937,50,1,1.49942876151653,"M",0.22817113942001,0.25,1,"MED LOW HIGH",NA
50,13,63.2689224578988,49,0,0.500908757300576,"M",0,0.25,1,"MED LOW HIGH",NA
51,1,145.072889868042,52,2,2.49989499723509,"M",0.290400776849128,0.25,1,"MED LOW HIGH",NA
51,2,115.910950101475,52,2,2.49865781083272,"FISHED",0.290400776849128,0.25,1,"MED LOW HIGH",NA
51,3,100.051861859666,51,1,1.50022316835961,"M",0.282853315211833,0.25,1,"MED LOW HIGH",NA
51,4,152.548543929033,53,3,3.49916488893013,"FISHED",0.279407876753248,0.25,1,"MED LOW HIGH",NA
51,5,63.4084288205136,50,0,0.5003604477152,"FISHED",0.22817113942001,0.25,1,"MED LOW HIGH",NA
51,6,61.9338969901422,50,0,0.49824829420639,"M",0.22817113942001,0.25,1,"MED LOW HIGH",NA
51,7,164.469756206931,54,4,4.50109052754819,"FISHED",0.245405064360239,0.25,1,"MED LOW HIGH",NA
51,8,97.8489817712586,51,1,1.49858885828869,"FISHED",0.282853315211833,0.25,1,"MED LOW HIGH",NA
51,9,117.021027916601,52,2,2.50118654368611,"M",0.290400776849128,0.25,1,"MED LOW HIGH",NA
51,10,128.814027466724,52,2,2.49998390033171,"FISHED",0.290400776849128,0.25,1,"MED LOW HIGH",NA
51,11,151.277945430456,53,3,3.49955403608012,"M",0.279407876753248,0.25,1,"MED LOW HIGH",NA
51,12,62.4932619078895,50,0,0.500811289032665,"FISHED",0.22817113942001,0.25,1,"MED LOW HIGH",NA
51,13,65.7454750246356,50,0,0.499624009911628,"FISHED",0.22817113942001,0.25,1,"MED LOW HIGH",NA
52,1,100.857968201726,52,1,1.50092411863092,"M",0.290400776849128,0.25,1,"MED LOW HIGH",NA
52,2,98.110016663415,52,1,1.49936596275956,"FISHED",0.290400776849128,0.25,1,"MED LOW HIGH",NA
52,3,98.4048834698854,52,1,1.49996613353216,"FISHED",0.290400776849128,0.25,1,"MED LOW HIGH",NA
52,4,63.0357131322302,51,0,0.500185034131059,"FISHED",0.282853315211833,0.25,1,"MED LOW HIGH",NA
52,5,62.1782757977798,51,0,0.50175927216598,"M",0.282853315211833,0.25,1,"MED LOW HIGH",NA
52,6,62.7759929558083,51,0,0.499981740987989,"M",0.282853315211833,0.25,1,"MED LOW HIGH",NA
52,7,97.9128956165573,52,1,1.49982146832252,"M",0.290400776849128,0.25,1,"MED LOW HIGH",NA
52,8,64.4900466791434,51,0,0.500998847572538,"M",0.282853315211833,0.25,1,"MED LOW HIGH",NA
52,9,100.542366736256,52,1,1.49958890513538,"FISHED",0.290400776849128,0.25,1,"MED LOW HIGH",NA
52,10,94.4289707589366,52,1,1.49905776193699,"FISHED",0.290400776849128,0.25,1,"MED LOW HIGH",NA
52,11,90.9134030524587,52,1,1.5006452513524,"M",0.290400776849128,0.25,1,"MED LOW HIGH",NA
52,12,65.2016890248354,51,0,0.497502718790344,"M",0.282853315211833,0.25,1,"MED LOW HIGH",NA
52,13,122.013198320093,53,2,2.50038529829906,"FISHED",0.279407876753248,0.25,1,"MED LOW HIGH",NA
53,1,202.357508893261,58,6,6.50026178300924,"FISHED",0.253831462492235,0.25,1,"MED LOW HIGH",NA
53,2,64.7517430337196,52,0,0.500000969674916,"FISHED",0.290400776849128,0.25,1,"MED LOW HIGH",NA
53,3,153.740184948432,56,4,4.50085069478041,"FISHED",0.208752234117128,0.25,1,"MED LOW HIGH",NA
53,4,104.396336232965,53,1,1.50124660508321,"M",0.279407876753248,0.25,1,"MED LOW HIGH",NA
53,5,212.074238607945,59,7,7.49939498481224,"FISHED",0.246606315067038,0.25,1,"MED LOW HIGH",NA
53,6,64.6524487270388,52,0,0.500404971671245,"FISHED",0.290400776849128,0.25,1,"MED LOW HIGH",NA
53,7,99.1621990260475,53,1,1.50153669084271,"M",0.279407876753248,0.25,1,"MED LOW HIGH",NA
53,8,94.2857198791501,53,1,1.50130105554829,"FISHED",0.279407876753248,0.25,1,"MED LOW HIGH",NA
53,9,180.134626246981,57,5,5.50181403996465,"M",0.297078873915598,0.25,1,"MED LOW HIGH",NA
53,10,63.0182914506546,52,0,0.50069789132079,"M",0.290400776849128,0.25,1,"MED LOW HIGH",NA
53,11,174.967638300758,55,3,3.4999900582847,"FISHED",0.267128065484576,0.25,1,"MED LOW HIGH",NA
53,12,94.8750121852086,53,1,1.50009157402743,"FISHED",0.279407876753248,0.25,1,"MED LOW HIGH",NA
53,13,100.831132952838,53,1,1.49851954211645,"FISHED",0.279407876753248,0.25,1,"MED LOW HIGH",NA
54,1,122.761398059453,55,2,2.49988992282871,"FISHED",0.267128065484576,0.25,1,"MED LOW HIGH",NA
54,2,103.562758959284,54,1,1.49965969801411,"M",0.245405064360239,0.25,1,"MED LOW HIGH",NA
54,3,65.7210429830376,53,0,0.501690652096964,"M",0.279407876753248,0.25,1,"MED LOW HIGH",NA
54,4,64.6572966120117,53,0,0.499807472376859,"M",0.279407876753248,0.25,1,"MED LOW HIGH",NA
54,5,157.605662127572,57,4,4.50145310019183,"M",0.297078873915598,0.25,1,"MED LOW HIGH",NA
54,6,63.7209517826465,53,0,0.499619809356295,"FISHED",0.279407876753248,0.25,1,"MED LOW HIGH",NA
54,7,131.045878894512,55,2,2.4974082431067,"M",0.267128065484576,0.25,1,"MED LOW HIGH",NA
54,8,65.6120283016682,53,0,0.498470418437201,"FISHED",0.279407876753248,0.25,1,"MED LOW HIGH",NA
54,9,62.1455306112192,53,0,0.499181539285987,"M",0.279407876753248,0.25,1,"MED LOW HIGH",NA
54,10,100.768100011911,54,1,1.50041671407961,"FISHED",0.245405064360239,0.25,1,"MED LOW HIGH",NA
54,11,61.5460239034496,53,0,0.499656051459642,"FISHED",0.279407876753248,0.25,1,"MED LOW HIGH",NA
54,12,202.294423132859,59,6,6.49975755918185,"FISHED",0.246606315067038,0.25,1,"MED LOW HIGH",NA
55,1,97.2430342955883,55,1,1.49926794360378,"FISHED",0.267128065484576,0.25,1,"MED LOW HIGH",NA
55,2,60.4684260458414,54,0,0.499226088608201,"FISHED",0.245405064360239,0.25,1,"MED LOW HIGH",NA
55,3,200.065869572804,60,6,6.50151437923835,"FISHED",0.299358868761919,0.25,1,"MED LOW HIGH",NA
55,4,179.870928337621,59,5,5.50033881254225,"M",0.246606315067038,0.25,1,"MED LOW HIGH",NA
55,5,64.6026368761293,54,0,0.498306475477947,"M",0.245405064360239,0.25,1,"MED LOW HIGH",NA
55,6,61.8965404550476,54,0,0.499794029428657,"M",0.245405064360239,0.25,1,"MED LOW HIGH",NA
55,7,60.6391751857808,54,0,0.500435827154448,"FISHED",0.245405064360239,0.25,1,"MED LOW HIGH",NA
55,8,61.8383031839899,54,0,0.500790491408264,"M",0.245405064360239,0.25,1,"MED LOW HIGH",NA
55,9,103.233118676469,55,1,1.50041031224415,"M",0.267128065484576,0.25,1,"MED LOW HIGH",NA
55,10,147.958970188892,57,3,3.49883558951549,"FISHED",0.297078873915598,0.25,1,"MED LOW HIGH",NA
55,11,118.851266030157,56,2,2.50114644474431,"M",0.208752234117128,0.25,1,"MED LOW HIGH",NA
55,12,61.9396222524356,54,0,0.501989882699727,"M",0.245405064360239,0.25,1,"MED LOW HIGH",NA
56,1,63.8452963434405,55,0,0.502227053777521,"M",0.267128065484576,0.25,1,"MED LOW HIGH",NA
56,2,93.6020018304314,56,1,1.5005589445628,"M",0.208752234117128,0.25,1,"MED LOW HIGH",NA
56,3,94.7477707810329,56,1,1.50118916828686,"M",0.208752234117128,0.25,1,"MED LOW HIGH",NA
56,4,61.2454768108935,55,0,0.49727570125038,"FISHED",0.267128065484576,0.25,1,"MED LOW HIGH",NA
56,5,159.209042975804,60,5,5.49999367947784,"M",0.299358868761919,0.25,1,"MED LOW HIGH",NA
56,6,126.288924144508,57,2,2.4994627413628,"M",0.297078873915598,0.25,1,"MED LOW HIGH",NA
56,7,63.1248007089631,55,0,0.500104110701056,"M",0.267128065484576,0.25,1,"MED LOW HIGH",NA
56,8,226.2097689852,62,7,7.5003673899091,"M",0.228696685819887,0.25,1,"MED LOW HIGH",NA
56,9,100.713862538152,56,1,1.50079795703827,"FISHED",0.208752234117128,0.25,1,"MED LOW HIGH",NA
56,10,164.787436383726,59,4,4.50032610364434,"FISHED",0.246606315067038,0.25,1,"MED LOW HIGH",NA
57,1,63.7059366367865,56,0,0.499548879596693,"M",0.208752234117128,0.25,1,"MED LOW HIGH",NA
57,2,63.5607731557684,56,0,0.499710651398841,"M",0.208752234117128,0.25,1,"MED LOW HIGH",NA
57,3,164.039225068097,60,4,4.49943791361335,"FISHED",0.299358868761919,0.25,1,"MED LOW HIGH",NA
57,4,105.006799462707,57,1,1.50017664407128,"M",0.297078873915598,0.25,1,"MED LOW HIGH",NA
57,5,100.116568083774,57,1,1.49975233121311,"M",0.297078873915598,0.25,1,"MED LOW HIGH",NA
57,6,95.0385923145216,57,1,1.49967867042889,"M",0.297078873915598,0.25,1,"MED LOW HIGH",NA
57,7,120.303664466354,58,2,2.49907777315566,"FISHED",0.253831462492235,0.25,1,"MED LOW HIGH",NA
57,8,121.689652790724,58,2,2.49948890263946,"FISHED",0.253831462492235,0.25,1,"MED LOW HIGH",NA
57,9,133.428405332531,59,3,3.499405575518,"FISHED",0.246606315067038,0.25,1,"MED LOW HIGH",NA
57,10,62.6987103560283,56,0,0.49970279512762,"M",0.208752234117128,0.25,1,"MED LOW HIGH",NA
58,1,60.4367204003813,57,0,0.501273670972534,"FISHED",0.297078873915598,0.25,1,"MED LOW HIGH",NA
58,2,62.0576277614476,57,0,0.499069765708267,"M",0.297078873915598,0.25,1,"MED LOW HIGH",NA
58,3,120.367604935407,59,2,2.50092250284093,"M",0.246606315067038,0.25,1,"MED LOW HIGH",NA
58,4,125.568539355704,59,2,2.50213171230423,"FISHED",0.246606315067038,0.25,1,"MED LOW HIGH",NA
58,5,65.4223250597227,57,0,0.500023022884838,"FISHED",0.297078873915598,0.25,1,"MED LOW HIGH",NA
58,6,62.1108177847682,57,0,0.499601418613826,"FISHED",0.297078873915598,0.25,1,"MED LOW HIGH",NA
58,7,59.4541526547975,57,0,0.500945864935444,"FISHED",0.297078873915598,0.25,1,"MED LOW HIGH",NA
58,8,62.0041641010928,57,0,0.500242694189101,"M",0.297078873915598,0.25,1,"MED LOW HIGH",NA
58,9,92.9479304737798,58,1,1.50021500687089,"M",0.253831462492235,0.25,1,"MED LOW HIGH",NA
58,10,63.664062063234,57,0,0.501728310758459,"FISHED",0.297078873915598,0.25,1,"MED LOW HIGH",NA
58,11,99.9149955946529,58,1,1.50061100645547,"FISHED",0.253831462492235,0.25,1,"MED LOW HIGH",NA
58,12,62.6764301305159,57,0,0.501658209166082,"FISHED",0.297078873915598,0.25,1,"MED LOW HIGH",NA
59,1,61.6780540378486,58,0,0.498669050411938,"M",0.253831462492235,0.25,1,"MED LOW HIGH",NA
59,2,63.4663923908668,58,0,0.499556149785466,"M",0.253831462492235,0.25,1,"MED LOW HIGH",NA
59,3,149.468155708801,61,3,3.50035465546632,"FISHED",0.220689520100132,0.25,1,"MED LOW HIGH",NA
59,4,63.0655225040353,58,0,0.500913575657659,"M",0.253831462492235,0.25,1,"MED LOW HIGH",NA
59,5,65.2756060532013,58,0,0.499089959521687,"FISHED",0.253831462492235,0.25,1,"MED LOW HIGH",NA
59,6,120.965782806959,60,2,2.49941807321651,"M",0.299358868761919,0.25,1,"MED LOW HIGH",NA
59,7,186.364820838446,62,4,4.49925861953952,"FISHED",0.228696685819887,0.25,1,"MED LOW HIGH",NA
59,8,63.7357078783177,58,0,0.49918617294169,"FISHED",0.253831462492235,0.25,1,"MED LOW HIGH",NA
59,9,146.741752533434,62,4,4.4987935719545,"M",0.228696685819887,0.25,1,"MED LOW HIGH",NA
59,10,130.537924900267,60,2,2.50182573842108,"M",0.299358868761919,0.25,1,"MED LOW HIGH",NA
60,1,97.6119945201079,60,1,1.50041386626193,"FISHED",0.299358868761919,0.25,1,"MED LOW HIGH",NA
60,2,97.5427334810528,60,1,1.500461990749,"FISHED",0.299358868761919,0.25,1,"MED LOW HIGH",NA
60,3,102.292798585835,60,1,1.49976034124137,"FISHED",0.299358868761919,0.25,1,"MED LOW HIGH",NA
60,4,67.2184065847493,59,0,0.500202328614973,"M",0.246606315067038,0.25,1,"MED LOW HIGH",NA
60,5,61.0049270768936,59,0,0.499299764962854,"FISHED",0.246606315067038,0.25,1,"MED LOW HIGH",NA
60,6,186.568689739238,64,5,5.5013221606581,"FISHED",0.213743615429848,0.25,1,"MED LOW HIGH",NA
60,7,94.5960296184589,60,1,1.50144015344323,"M",0.299358868761919,0.25,1,"MED LOW HIGH",NA
60,8,137.593706996828,62,3,3.50062868670335,"FISHED",0.228696685819887,0.25,1,"MED LOW HIGH",NA
60,9,174.131443503453,64,5,5.50153322726311,"FISHED",0.213743615429848,0.25,1,"MED LOW HIGH",NA
60,10,62.8217575188622,59,0,0.499632733390833,"M",0.246606315067038,0.25,1,"MED LOW HIGH",NA
60,11,152.977959232998,62,3,3.49712599891695,"FISHED",0.228696685819887,0.25,1,"MED LOW HIGH",NA
61,1,93.9224224331597,61,1,1.50002765428265,"FISHED",0.220689520100132,0.25,1,"MED LOW HIGH",NA
61,2,65.4026572277907,60,0,0.499712080060972,"M",0.299358868761919,0.25,1,"MED LOW HIGH",NA
61,3,61.9476892247262,60,0,0.498805622174408,"M",0.299358868761919,0.25,1,"MED LOW HIGH",NA
61,4,96.7083661846437,61,1,1.50220186616915,"M",0.220689520100132,0.25,1,"MED LOW HIGH",NA
61,5,65.9122017784691,60,0,0.500738051420656,"M",0.299358868761919,0.25,1,"MED LOW HIGH",NA
61,6,266.844142981007,67,7,7.50030367414201,"M",0.178624215302989,0.25,1,"MED LOW HIGH",NA
61,7,100.229286573882,61,1,1.49941361708793,"M",0.220689520100132,0.25,1,"MED LOW HIGH",NA
61,8,124.71009143214,62,2,2.49900811338403,"M",0.228696685819887,0.25,1,"MED LOW HIGH",NA
61,9,123.324634662649,62,2,2.49987051443622,"M",0.228696685819887,0.25,1,"MED LOW HIGH",NA
61,10,134.268452274581,62,2,2.50271995766018,"FISHED",0.228696685819887,0.25,1,"MED LOW HIGH",NA
61,11,98.5865250672416,61,1,1.49907276329184,"M",0.220689520100132,0.25,1,"MED LOW HIGH",NA
62,1,91.9409609875118,62,1,1.50072227579043,"FISHED",0.228696685819887,0.25,1,"MED LOW HIGH",NA
62,2,102.137821597106,62,1,1.50129290243499,"FISHED",0.228696685819887,0.25,1,"MED LOW HIGH",NA
62,3,125.4575837137,63,2,2.5000575560754,"M",0.214527652971447,0.25,1,"MED LOW HIGH",NA
62,4,62.7859373706409,61,0,0.501046568347248,"FISHED",0.220689520100132,0.25,1,"MED LOW HIGH",NA
62,5,63.0484239687118,61,0,0.499869768861582,"FISHED",0.220689520100132,0.25,1,"MED LOW HIGH",NA
62,6,97.1741142384327,62,1,1.49793536432877,"FISHED",0.228696685819887,0.25,1,"MED LOW HIGH",NA
62,7,96.7372511932792,62,1,1.49993397646782,"M",0.228696685819887,0.25,1,"MED LOW HIGH",NA
62,8,103.427224349161,62,1,1.50144299074558,"M",0.228696685819887,0.25,1,"MED LOW HIGH",NA
62,9,101.468296454282,62,1,1.50062450290556,"FISHED",0.228696685819887,0.25,1,"MED LOW HIGH",NA
62,10,97.8874604073088,62,1,1.49938207344947,"FISHED",0.228696685819887,0.25,1,"MED LOW HIGH",NA
63,1,63.2982563157942,62,0,0.499897432987786,"FISHED",0.228696685819887,0.25,1,"MED LOW HIGH",NA
63,2,62.7808172634929,62,0,0.499999760815433,"M",0.228696685819887,0.25,1,"MED LOW HIGH",NA
63,3,162.05217907664,66,4,4.49944201408078,"FISHED",0.281123486813158,0.25,1,"MED LOW HIGH",NA
63,4,62.4094450185943,62,0,0.500397707580351,"M",0.228696685819887,0.25,1,"MED LOW HIGH",NA
63,5,64.2342909506441,62,0,0.50185240448888,"M",0.228696685819887,0.25,1,"MED LOW HIGH",NA
63,6,162.007125940443,66,4,4.49964384037901,"M",0.281123486813158,0.25,1,"MED LOW HIGH",NA
63,7,63.8774953393182,62,0,0.50016804440637,"M",0.228696685819887,0.25,1,"MED LOW HIGH",NA
63,8,62.4821342212507,62,0,0.49955269728018,"FISHED",0.228696685819887,0.25,1,"MED LOW HIGH",NA
63,9,62.5042091259876,62,0,0.498089416588918,"M",0.228696685819887,0.25,1,"MED LOW HIGH",NA
63,10,64.2662225038126,62,0,0.498373299533186,"FISHED",0.228696685819887,0.25,1,"MED LOW HIGH",NA
64,1,63.1007520743571,63,0,0.4994510093333,"FISHED",0.214527652971447,0.25,1,"MED LOW HIGH",NA
64,2,64.0824094666269,63,0,0.499118041683941,"M",0.214527652971447,0.25,1,"MED LOW HIGH",NA
64,3,92.1399003641605,64,1,1.50195655543874,"FISHED",0.213743615429848,0.25,1,"MED LOW HIGH",NA
64,4,120.178336253355,65,2,2.50099214852056,"M",0.223021226585843,0.25,1,"MED LOW HIGH",NA
64,5,63.968377776364,63,0,0.500535783586661,"M",0.214527652971447,0.25,1,"MED LOW HIGH",NA
64,6,63.2107070674639,63,0,0.50106929581795,"FISHED",0.214527652971447,0.25,1,"MED LOW HIGH",NA
64,7,64.8360751010824,63,0,0.499443969737659,"M",0.214527652971447,0.25,1,"MED LOW HIGH",NA
64,8,96.7860585067572,64,1,1.49929298878725,"M",0.213743615429848,0.25,1,"MED LOW HIGH",NA
64,9,213.593580648118,71,8,8.50175056131331,"M",0.140624910127372,0.25,1,"MED LOW HIGH",NA
64,10,62.765787117322,63,0,0.501630526051591,"M",0.214527652971447,0.25,1,"MED LOW HIGH",NA
64,11,62.2045213257513,63,0,0.498838117345952,"M",0.214527652971447,0.25,1,"MED LOW HIGH",NA
65,1,128.490153689227,66,2,2.5008518529416,"M",0.281123486813158,0.25,1,"MED LOW HIGH",NA
65,2,98.0825704029831,65,1,1.49951178080745,"FISHED",0.223021226585843,0.25,1,"MED LOW HIGH",NA
65,3,168.881412749238,70,6,6.50055077734437,"M",0.117666523205116,0.25,1,"MED LOW HIGH",NA
65,4,173.004691639977,68,4,4.50190834514036,"M",0.116335981478915,0.25,1,"MED LOW HIGH",NA
65,5,62.3994061810604,64,0,0.500068320892415,"M",0.213743615429848,0.25,1,"MED LOW HIGH",NA
65,6,60.4525720338729,64,0,0.500385813621276,"FISHED",0.213743615429848,0.25,1,"MED LOW HIGH",NA
65,7,93.2513982409635,65,1,1.49852611172261,"M",0.223021226585843,0.25,1,"MED LOW HIGH",NA
65,8,62.2383237222309,64,0,0.501252648847801,"M",0.213743615429848,0.25,1,"MED LOW HIGH",NA
65,9,94.0058582707207,65,1,1.5001257255977,"M",0.223021226585843,0.25,1,"MED LOW HIGH",NA
65,10,64.6450046883527,64,0,0.500452134178338,"M",0.213743615429848,0.25,1,"MED LOW HIGH",NA
65,11,60.6586257580199,64,0,0.501987250284379,"FISHED",0.213743615429848,0.25,1,"MED LOW HIGH",NA
66,1,104.660330275796,66,1,1.50107016282101,"FISHED",0.281123486813158,0.25,1,"MED LOW HIGH",NA
66,2,63.6998765490217,65,0,0.500188290430648,"FISHED",0.223021226585843,0.25,1,"MED LOW HIGH",NA
66,3,102.860119202513,66,1,1.49906064423201,"M",0.281123486813158,0.25,1,"MED LOW HIGH",NA
66,4,60.107386127264,65,0,0.498468607054058,"M",0.223021226585843,0.25,1,"MED LOW HIGH",NA
66,5,174.858933664242,69,4,4.49958511207243,"FISHED",0.161539450031705,0.25,1,"MED LOW HIGH",NA
66,6,119.844867478747,67,2,2.50017912287796,"M",0.178624215302989,0.25,1,"MED LOW HIGH",NA
66,7,120.713970571238,67,2,2.5008916747033,"M",0.178624215302989,0.25,1,"MED LOW HIGH",NA
66,8,97.6129370160762,66,1,1.49956589217037,"FISHED",0.281123486813158,0.25,1,"MED LOW HIGH",NA
66,9,64.8799514305652,65,0,0.501128067497999,"M",0.223021226585843,0.25,1,"MED LOW HIGH",NA
66,10,60.9493763058385,65,0,0.499919561847959,"FISHED",0.223021226585843,0.25,1,"MED LOW HIGH",NA
66,11,99.6403388322376,66,1,1.50008249956747,"M",0.281123486813158,0.25,1,"MED LOW HIGH",NA
67,1,61.3064636290444,66,0,0.501139539753485,"M",0.281123486813158,0.25,1,"MED LOW HIGH",NA
67,2,105.254766713199,67,1,1.49973263952746,"FISHED",0.178624215302989,0.25,1,"MED LOW HIGH",NA
67,3,148.697218979684,69,3,3.49986799644593,"M",0.161539450031705,0.25,1,"MED LOW HIGH",NA
67,4,102.900965847927,67,1,1.50103751015479,"FISHED",0.178624215302989,0.25,1,"MED LOW HIGH",NA
67,5,64.9940186197851,66,0,0.498693114117382,"M",0.281123486813158,0.25,1,"MED LOW HIGH",NA
67,6,192.467740741135,72,6,6.50104421853155,"M",0.135945658409037,0.25,1,"MED LOW HIGH",NA
67,7,61.2514224937591,66,0,0.501730909006083,"M",0.281123486813158,0.25,1,"MED LOW HIGH",NA
67,8,63.3970201565315,66,0,0.499823283868632,"FISHED",0.281123486813158,0.25,1,"MED LOW HIGH",NA
67,9,62.9938404379364,66,0,0.500895817377016,"M",0.281123486813158,0.25,1,"MED LOW HIGH",NA
67,10,136.922303141934,68,2,2.50057363495754,"FISHED",0.116335981478915,0.25,1,"MED LOW HIGH",NA
68,1,61.5879313083528,67,0,0.501108156592395,"M",0.178624215302989,0.25,1,"MED LOW HIGH",NA
68,2,174.555666863536,72,5,5.49933745516801,"M",0.135945658409037,0.25,1,"MED LOW HIGH",NA
68,3,99.0893353737278,68,1,1.498816206657,"FISHED",0.116335981478915,0.25,1,"MED LOW HIGH",NA
68,4,164.887626634812,71,4,4.49964943555281,"FISHED",0.140624910127372,0.25,1,"MED LOW HIGH",NA
68,5,183.805904359712,72,5,5.50094258838516,"FISHED",0.135945658409037,0.25,1,"MED LOW HIGH",NA
68,6,165.533180348754,71,4,4.49977022192463,"M",0.140624910127372,0.25,1,"MED LOW HIGH",NA
68,7,64.8021340165974,67,0,0.498813014947357,"M",0.178624215302989,0.25,1,"MED LOW HIGH",NA
68,8,98.0504330460681,68,1,1.50003410787365,"M",0.116335981478915,0.25,1,"MED LOW HIGH",NA
68,9,190.710469920685,73,6,6.50110983811413,"M",0.191593595012091,0.25,1,"MED LOW HIGH",NA
68,10,61.0404743867284,67,0,0.499706367190741,"M",0.178624215302989,0.25,1,"MED LOW HIGH",NA
69,1,186.129206676897,74,6,6.50054238154648,"M",0.113354247738607,0.25,1,"MED LOW HIGH",NA
69,2,62.1805450489006,68,0,0.498271098427927,"FISHED",0.116335981478915,0.25,1,"MED LOW HIGH",NA
69,3,214.27622771414,74,6,6.49877411253517,"M",0.113354247738607,0.25,1,"MED LOW HIGH",NA
69,4,61.7483023436274,68,0,0.498919894509327,"M",0.116335981478915,0.25,1,"MED LOW HIGH",NA
69,5,64.8484586453269,68,0,0.500127428868977,"M",0.116335981478915,0.25,1,"MED LOW HIGH",NA
69,6,130.506535905711,70,2,2.5009193854938,"M",0.117666523205116,0.25,1,"MED LOW HIGH",NA
69,7,98.6320519039708,69,1,1.50023288212715,"M",0.161539450031705,0.25,1,"MED LOW HIGH",NA
69,8,64.4976729012356,68,0,0.50070393139456,"FISHED",0.116335981478915,0.25,1,"MED LOW HIGH",NA
69,9,62.9860784020583,68,0,0.500282544582761,"M",0.116335981478915,0.25,1,"MED LOW HIGH",NA
69,10,169.765553073848,72,4,4.49971155850277,"M",0.135945658409037,0.25,1,"MED LOW HIGH",NA
69,11,146.525442950208,71,3,3.49926482878007,"M",0.140624910127372,0.25,1,"MED LOW HIGH",NA
70,1,102.295189324415,70,1,1.5000905815527,"M",0.117666523205116,0.25,1,"MED LOW HIGH",NA
70,2,119.001351411154,71,2,2.50101448281345,"FISHED",0.140624910127372,0.25,1,"MED LOW HIGH",NA
70,3,62.7925405975011,69,0,0.50018363336916,"FISHED",0.161539450031705,0.25,1,"MED LOW HIGH",NA
70,4,133.240377509299,71,2,2.50134489532394,"M",0.140624910127372,0.25,1,"MED LOW HIGH",NA
70,5,99.6807067208357,70,1,1.5000399608065,"M",0.117666523205116,0.25,1,"MED LOW HIGH",NA
70,6,62.0779225725672,69,0,0.498956812791364,"M",0.161539450031705,0.25,1,"MED LOW HIGH",NA
70,7,181.019001961534,74,5,5.50016290506697,"M",0.113354247738607,0.25,1,"MED LOW HIGH",NA
70,8,65.0060488561334,69,0,0.500221615196134,"M",0.161539450031705,0.25,1,"MED LOW HIGH",NA
70,9,63.3711666697066,69,0,0.499102132394825,"FISHED",0.161539450031705,0.25,1,"MED LOW HIGH",NA
70,10,216.381867270353,76,7,7.50010149286921,"M",0.164724431629293,0.25,1,"MED LOW HIGH",NA
71,1,141.346374858368,73,3,3.49927501731126,"M",0.191593595012091,0.25,1,"MED LOW HIGH",NA
71,2,162.458369882075,73,3,3.50190213590977,"M",0.191593595012091,0.25,1,"MED LOW HIGH",NA
71,3,137.569513196632,73,3,3.50009794537238,"M",0.191593595012091,0.25,1,"MED LOW HIGH",NA
71,4,149.284662321839,73,3,3.49939250548757,"FISHED",0.191593595012091,0.25,1,"MED LOW HIGH",NA
71,5,169.188856303689,75,5,5.49952834258886,"M",0.125245305988938,0.25,1,"MED LOW HIGH",NA
71,6,91.4234413313867,71,1,1.49963555988648,"M",0.140624910127372,0.25,1,"MED LOW HIGH",NA
71,7,62.1182954999938,70,0,0.500162287844585,"FISHED",0.117666523205116,0.25,1,"MED LOW HIGH",NA
71,8,150.176110960226,73,3,3.49985666983696,"M",0.191593595012091,0.25,1,"MED LOW HIGH",NA
71,9,188.50699589961,77,7,7.50041876910509,"M",0.166565987584181,0.25,1,"MED LOW HIGH",NA
71,10,130.45914438559,72,2,2.49953007852679,"FISHED",0.135945658409037,0.25,1,"MED LOW HIGH",NA
71,11,61.5272564151752,70,0,0.499908697958697,"FISHED",0.117666523205116,0.25,1,"MED LOW HIGH",NA
71,12,62.8391472909161,70,0,0.499068684269527,"FISHED",0.117666523205116,0.25,1,"MED LOW HIGH",NA
72,1,97.6264758165712,72,1,1.50042019851951,"M",0.135945658409037,0.25,1,"MED LOW HIGH",NA
72,2,60.1309721881084,71,0,0.500804891848884,"M",0.140624910127372,0.25,1,"MED LOW HIGH",NA
72,3,113.475665689461,73,2,2.50031664214768,"M",0.191593595012091,0.25,1,"MED LOW HIGH",NA
72,4,145.388820501322,74,3,3.49997964398117,"M",0.113354247738607,0.25,1,"MED LOW HIGH",NA
72,5,103.882781859414,72,1,1.50070088042968,"M",0.135945658409037,0.25,1,"MED LOW HIGH",NA
72,6,65.4603179061766,71,0,0.499232315887177,"FISHED",0.140624910127372,0.25,1,"MED LOW HIGH",NA
72,7,121.054090332346,73,2,2.50001891025612,"M",0.191593595012091,0.25,1,"MED LOW HIGH",NA
72,8,165.954444087444,75,4,4.50025495059832,"FISHED",0.125245305988938,0.25,1,"MED LOW HIGH",NA
72,9,63.8830276718337,71,0,0.500259251151365,"M",0.140624910127372,0.25,1,"MED LOW HIGH",NA
72,10,130.200271902197,73,2,2.50034163348275,"M",0.191593595012091,0.25,1,"MED LOW HIGH",NA
72,11,60.8218043623751,71,0,0.501461196664154,"M",0.140624910127372,0.25,1,"MED LOW HIGH",NA
73,1,125.139862270874,74,2,2.4996450763511,"M",0.113354247738607,0.25,1,"MED LOW HIGH",NA
73,2,129.629309862814,74,2,2.50016641921506,"FISHED",0.113354247738607,0.25,1,"MED LOW HIGH",NA
73,3,59.9715210881287,72,0,0.500362221469497,"M",0.135945658409037,0.25,1,"MED LOW HIGH",NA
73,4,151.331811000117,75,3,3.49988165078598,"M",0.125245305988938,0.25,1,"MED LOW HIGH",NA
73,5,125.219015388461,74,2,2.49951605319371,"FISHED",0.113354247738607,0.25,1,"MED LOW HIGH",NA
73,6,62.1090003487206,72,0,0.501600427520728,"FISHED",0.135945658409037,0.25,1,"MED LOW HIGH",NA
73,7,145.718695580489,75,3,3.50009452753673,"M",0.125245305988938,0.25,1,"MED LOW HIGH",NA
73,8,161.073690056918,76,4,4.49895608590962,"FISHED",0.164724431629293,0.25,1,"MED LOW HIGH",NA
73,9,102.963825475556,73,1,1.49859814703112,"FISHED",0.191593595012091,0.25,1,"MED LOW HIGH",NA
73,10,192.27209581854,77,5,5.50056345250294,"M",0.166565987584181,0.25,1,"MED LOW HIGH",NA
73,11,64.4265170534684,72,0,0.499660786802584,"M",0.135945658409037,0.25,1,"MED LOW HIGH",NA
73,12,103.623970309881,73,1,1.4997207716933,"FISHED",0.191593595012091,0.25,1,"MED LOW HIGH",NA
74,1,155.218134234543,76,3,3.50257766952694,"M",0.164724431629293,0.25,1,"MED LOW HIGH",NA
74,2,181.155881846106,80,7,7.50089989126569,"FISHED",0.141390904947184,0.25,1,"MED LOW HIGH",NA
74,3,64.0803454085113,73,0,0.498292228868646,"FISHED",0.191593595012091,0.25,1,"MED LOW HIGH",NA
74,4,62.0926761900476,73,0,0.500932413147876,"M",0.191593595012091,0.25,1,"MED LOW HIGH",NA
74,5,60.0315066014019,73,0,0.500934693166348,"M",0.191593595012091,0.25,1,"MED LOW HIGH",NA
74,6,60.7310601920401,73,0,0.500659045455703,"FISHED",0.191593595012091,0.25,1,"MED LOW HIGH",NA
74,7,117.554375329464,75,2,2.5008969283031,"M",0.125245305988938,0.25,1,"MED LOW HIGH",NA
74,8,202.27608009067,83,10,10.4998436424894,"FISHED",0.174640192021616,0.25,1,"MED LOW HIGH",NA
74,9,104.909546094698,74,1,1.5017549849772,"M",0.113354247738607,0.25,1,"MED LOW HIGH",NA
74,10,103.341793813062,74,1,1.50065689623672,"M",0.113354247738607,0.25,1,"MED LOW HIGH",NA
74,11,99.9065670271567,74,1,1.50107983769588,"FISHED",0.113354247738607,0.25,1,"MED LOW HIGH",NA
75,1,91.0091297970094,75,1,1.50033950985933,"M",0.125245305988938,0.25,1,"MED LOW HIGH",NA
75,2,119.200526505663,76,2,2.50100673656107,"FISHED",0.164724431629293,0.25,1,"MED LOW HIGH",NA
75,3,205.847019454731,87,13,13.499207753973,"FISHED",0.323143253638409,0.25,1,"MED LOW HIGH",NA
75,4,63.7498483329335,74,0,0.500228535938606,"M",0.113354247738607,0.25,1,"MED LOW HIGH",NA
75,5,138.017698273994,77,3,3.50186715974461,"FISHED",0.166565987584181,0.25,1,"MED LOW HIGH",NA
75,6,143.751777468914,77,3,3.49971470116,"M",0.166565987584181,0.25,1,"MED LOW HIGH",NA
75,7,123.968577715514,76,2,2.49938011075151,"FISHED",0.164724431629293,0.25,1,"MED LOW HIGH",NA
75,8,102.338777705469,75,1,1.50199649303595,"FISHED",0.125245305988938,0.25,1,"MED LOW HIGH",NA
75,9,137.174799103928,77,3,3.49952700260954,"FISHED",0.166565987584181,0.25,1,"MED LOW HIGH",NA
75,10,64.6146415039603,74,0,0.500422812258706,"M",0.113354247738607,0.25,1,"MED LOW HIGH",NA
75,11,103.560800155171,75,1,1.49914760360357,"M",0.125245305988938,0.25,1,"MED LOW HIGH",NA
75,12,121.701055912758,76,2,2.49879850729238,"M",0.164724431629293,0.25,1,"MED LOW HIGH",NA
76,1,59.141406218625,75,0,0.500648463639307,"M",0.125245305988938,0.25,1,"MED LOW HIGH",NA
76,2,64.8384963055479,75,0,0.500133819259619,"FISHED",0.125245305988938,0.25,1,"MED LOW HIGH",NA
76,3,200.909632989406,82,7,7.500884616946,"M",0.124814912443981,0.25,1,"MED LOW HIGH",NA
76,4,62.1031447485866,75,0,0.500309957081199,"M",0.125245305988938,0.25,1,"MED LOW HIGH",NA
76,5,62.399624928597,75,0,0.500174206777302,"FISHED",0.125245305988938,0.25,1,"MED LOW HIGH",NA
76,6,123.566380209939,77,2,2.50043924899466,"FISHED",0.166565987584181,0.25,1,"MED LOW HIGH",NA
76,7,168.483173270137,79,4,4.50017244610642,"M",0.19260951236356,0.25,1,"MED LOW HIGH",NA
76,8,60.6832136840222,75,0,0.500751870387101,"M",0.125245305988938,0.25,1,"MED LOW HIGH",NA
76,9,63.5456776361504,75,0,0.500298880260964,"M",0.125245305988938,0.25,1,"MED LOW HIGH",NA
76,10,102.337243365987,76,1,1.49932742078376,"FISHED",0.164724431629293,0.25,1,"MED LOW HIGH",NA
76,11,105.091058186045,76,1,1.49960238772964,"M",0.164724431629293,0.25,1,"MED LOW HIGH",NA
76,12,115.079406316029,77,2,2.49972712625713,"M",0.166565987584181,0.25,1,"MED LOW HIGH",NA
77,1,62.2427807773455,76,0,0.501133899387865,"M",0.164724431629293,0.25,1,"MED LOW HIGH",NA
77,2,189.990800468062,81,5,5.49947526329217,"M",0.154363137367181,0.25,1,"MED LOW HIGH",NA
77,3,168.455322351569,81,5,5.50120774777094,"FISHED",0.154363137367181,0.25,1,"MED LOW HIGH",NA
77,4,201.283312741999,82,6,6.50087831529561,"M",0.124814912443981,0.25,1,"MED LOW HIGH",NA
77,5,64.9878625083305,76,0,0.49963830853909,"M",0.164724431629293,0.25,1,"MED LOW HIGH",NA
77,6,121.930357000797,78,2,2.50067829586136,"M",0.131132447812706,0.25,1,"MED LOW HIGH",NA
77,7,61.8672753026686,76,0,0.499135840165682,"M",0.164724431629293,0.25,1,"MED LOW HIGH",NA
77,8,62.4713975454067,76,0,0.500321305287245,"M",0.164724431629293,0.25,1,"MED LOW HIGH",NA
77,9,63.7094395858203,76,0,0.501212759309666,"FISHED",0.164724431629293,0.25,1,"MED LOW HIGH",NA
77,10,126.642288286683,78,2,2.50040734104209,"M",0.131132447812706,0.25,1,"MED LOW HIGH",NA
77,11,62.3950673226087,76,0,0.499951169418987,"FISHED",0.164724431629293,0.25,1,"MED LOW HIGH",NA
78,1,60.1188131582003,77,0,0.50004997918815,"M",0.166565987584181,0.25,1,"MED LOW HIGH",NA
78,2,141.224793424574,80,3,3.50112348172961,"M",0.141390904947184,0.25,1,"MED LOW HIGH",NA
78,3,63.1032185345808,77,0,0.501098260651042,"M",0.166565987584181,0.25,1,"MED LOW HIGH",NA
78,4,65.7460085802439,77,0,0.499589109327036,"M",0.166565987584181,0.25,1,"MED LOW HIGH",NA
78,5,152.167831298689,81,4,4.50142267588376,"FISHED",0.154363137367181,0.25,1,"MED LOW HIGH",NA
78,6,135.647508925134,79,2,2.50016952193372,"M",0.19260951236356,0.25,1,"MED LOW HIGH",NA
78,7,112.85230861902,79,2,2.49979396924907,"M",0.19260951236356,0.25,1,"MED LOW HIGH",NA
78,8,234.846056280829,84,7,7.5017411543185,"M",0.360495231277309,0.25,1,"MED LOW HIGH",NA
78,9,153.494726911068,81,4,4.50112997689817,"M",0.154363137367181,0.25,1,"MED LOW HIGH",NA
78,10,63.3357110533774,77,0,0.498852688282739,"M",0.166565987584181,0.25,1,"MED LOW HIGH",NA
78,11,63.6011088890067,77,0,0.498318847653194,"M",0.166565987584181,0.25,1,"MED LOW HIGH",NA
79,1,99.8836746315008,79,1,1.50122277776242,"FISHED",0.19260951236356,0.25,1,"MED LOW HIGH",NA
79,2,98.4125322958818,79,1,1.49810792360608,"FISHED",0.19260951236356,0.25,1,"MED LOW HIGH",NA
79,3,177.133683600539,84,6,6.50194291254955,"FISHED",0.360495231277309,0.25,1,"MED LOW HIGH",NA
79,4,126.848960218947,80,2,2.50003463730079,"FISHED",0.141390904947184,0.25,1,"MED LOW HIGH",NA
79,5,65.0653954955873,78,0,0.501049741157964,"M",0.131132447812706,0.25,1,"MED LOW HIGH",NA
79,6,62.4857655431785,78,0,0.50234016365882,"M",0.131132447812706,0.25,1,"MED LOW HIGH",NA
79,7,101.250334987988,79,1,1.50122233946946,"M",0.19260951236356,0.25,1,"MED LOW HIGH",NA
79,8,61.6757262571785,78,0,0.500250930854083,"M",0.131132447812706,0.25,1,"MED LOW HIGH",NA
79,9,158.518854303478,81,3,3.49969855458166,"M",0.154363137367181,0.25,1,"MED LOW HIGH",NA
79,10,100.870454485265,79,1,1.5000332115543,"M",0.19260951236356,0.25,1,"MED LOW HIGH",NA
79,11,165.093690795028,85,7,7.50035604368213,"M",0.387946781539358,0.25,1,"MED LOW HIGH",NA
79,12,61.6008071035194,78,0,0.501128666991871,"M",0.131132447812706,0.25,1,"MED LOW HIGH",NA
79,13,164.547787804554,82,4,4.49830437536688,"M",0.124814912443981,0.25,1,"MED LOW HIGH",NA
80,1,65.8055162946314,79,0,0.501373778907897,"M",0.19260951236356,0.25,1,"MED LOW HIGH",NA
80,2,184.773516639615,84,5,5.49959467254597,"M",0.360495231277309,0.25,1,"MED LOW HIGH",NA
80,3,98.8196647673998,80,1,1.49753657885147,"M",0.141390904947184,0.25,1,"MED LOW HIGH",NA
80,4,63.1448669650602,79,0,0.498888412119621,"FISHED",0.19260951236356,0.25,1,"MED LOW HIGH",NA
80,5,61.3598188795359,79,0,0.50079954177895,"FISHED",0.19260951236356,0.25,1,"MED LOW HIGH",NA
80,6,138.442477629604,82,3,3.4997362399571,"M",0.124814912443981,0.25,1,"MED LOW HIGH",NA
80,7,93.1932689696814,80,1,1.49811064561464,"M",0.141390904947184,0.25,1,"MED LOW HIGH",NA
80,8,60.6889525195647,79,0,0.50010128226447,"FISHED",0.19260951236356,0.25,1,"MED LOW HIGH",NA
80,9,63.2454990907323,79,0,0.500633750612322,"M",0.19260951236356,0.25,1,"MED LOW HIGH",NA
80,10,211.760227456842,87,8,8.50042000754775,"M",0.323143253638409,0.25,1,"MED LOW HIGH",NA
80,11,171.331794878562,84,5,5.49980469238641,"FISHED",0.360495231277309,0.25,1,"MED LOW HIGH",NA
81,1,173.20544088974,86,6,6.49891784924051,"FISHED",0.30788913727738,0.25,1,"MED LOW HIGH",NA
81,2,123.389429409041,82,2,2.49929341116319,"FISHED",0.124814912443981,0.25,1,"MED LOW HIGH",NA
81,3,144.433658570617,83,3,3.50055898529748,"FISHED",0.174640192021616,0.25,1,"MED LOW HIGH",NA
81,4,61.4076015220618,80,0,0.499288888325166,"M",0.141390904947184,0.25,1,"MED LOW HIGH",NA
81,5,128.747853466609,82,2,2.50050809975661,"FISHED",0.124814912443981,0.25,1,"MED LOW HIGH",NA
81,6,93.7307660626447,81,1,1.50148844975476,"M",0.154363137367181,0.25,1,"MED LOW HIGH",NA
81,7,96.1879335684066,81,1,1.49999785224067,"M",0.154363137367181,0.25,1,"MED LOW HIGH",NA
81,8,64.0658020801853,80,0,0.499667600476195,"M",0.141390904947184,0.25,1,"MED LOW HIGH",NA
81,9,152.894907202537,83,3,3.49941676655928,"M",0.174640192021616,0.25,1,"MED LOW HIGH",NA
81,10,155.685084629471,83,3,3.50040986393611,"FISHED",0.174640192021616,0.25,1,"MED LOW HIGH",NA
82,1,137.954904134353,83,2,2.49953086156565,"FISHED",0.174640192021616,0.25,1,"MED LOW HIGH",NA
82,2,189.230197046974,86,5,5.49959231771839,"FISHED",0.30788913727738,0.25,1,"MED LOW HIGH",NA
82,3,65.0513222929453,81,0,0.500670341128575,"M",0.154363137367181,0.25,1,"MED LOW HIGH",NA
82,4,137.342235964462,83,2,2.49968694027045,"FISHED",0.174640192021616,0.25,1,"MED LOW HIGH",NA
82,5,143.544602384345,84,3,3.50008788706198,"FISHED",0.360495231277309,0.25,1,"MED LOW HIGH",NA
82,6,131.309204939206,83,2,2.49910629630817,"M",0.174640192021616,0.25,1,"MED LOW HIGH",NA
82,7,135.423257751694,84,3,3.4999272287543,"FISHED",0.360495231277309,0.25,1,"MED LOW HIGH",NA
82,8,121.741831087994,83,2,2.49834387455465,"FISHED",0.174640192021616,0.25,1,"MED LOW HIGH",NA
82,9,117.178469207596,83,2,2.50043405299256,"M",0.174640192021616,0.25,1,"MED LOW HIGH",NA
82,10,60.4604589252199,81,0,0.500137134043971,"M",0.154363137367181,0.25,1,"MED LOW HIGH",NA
83,1,97.3247190164896,83,1,1.50111962929731,"M",0.174640192021616,0.25,1,"MED LOW HIGH",NA
83,2,99.1462169261125,83,1,1.50164043938245,"M",0.174640192021616,0.25,1,"MED LOW HIGH",NA
83,3,61.9413911738565,82,0,0.498018904220342,"FISHED",0.124814912443981,0.25,1,"MED LOW HIGH",NA
83,4,59.7438220711453,82,0,0.50074498151441,"M",0.124814912443981,0.25,1,"MED LOW HIGH",NA
83,5,100.583177988216,83,1,1.5002730391666,"FISHED",0.174640192021616,0.25,1,"MED LOW HIGH",NA
83,6,137.076437606408,84,2,2.49920145655924,"FISHED",0.360495231277309,0.25,1,"MED LOW HIGH",NA
83,7,126.190748664071,84,2,2.4997928790455,"FISHED",0.360495231277309,0.25,1,"MED LOW HIGH",NA
83,8,65.6941851196907,82,0,0.50018894797584,"M",0.124814912443981,0.25,1,"MED LOW HIGH",NA
83,9,148.963856609906,85,3,3.49956810060322,"M",0.387946781539358,0.25,1,"MED LOW HIGH",NA
83,10,61.5862718963784,82,0,0.500263045301724,"M",0.124814912443981,0.25,1,"MED LOW HIGH",NA
83,11,179.085147710265,87,5,5.50115135061473,"FISHED",0.323143253638409,0.25,1,"MED LOW HIGH",NA
83,12,63.0384449267004,82,0,0.499855712169907,"FISHED",0.124814912443981,0.25,1,"MED LOW HIGH",NA
84,1,119.674159640716,85,2,2.50124411115289,"FISHED",0.387946781539358,0.25,1,"MED LOW HIGH",NA
84,2,180.670007058552,87,4,4.5006278445239,"M",0.323143253638409,0.25,1,"MED LOW HIGH",NA
84,3,59.7936121859357,83,0,0.499476438200728,"M",0.174640192021616,0.25,1,"MED LOW HIGH",NA
84,4,61.6192943294008,83,0,0.500426825882284,"M",0.174640192021616,0.25,1,"MED LOW HIGH",NA
84,5,166.25039027551,87,4,4.50081550092274,"FISHED",0.323143253638409,0.25,1,"MED LOW HIGH",NA
84,6,124.68995869074,85,2,2.50203913381797,"FISHED",0.387946781539358,0.25,1,"MED LOW HIGH",NA
84,7,172.112987597636,88,5,5.49956349075714,"FISHED",0.340701897861436,0.25,1,"MED LOW HIGH",NA
84,8,91.4399458462844,84,1,1.49754583953096,"FISHED",0.360495231277309,0.25,1,"MED LOW HIGH",NA
84,9,65.9640486942695,83,0,0.499515341287179,"M",0.174640192021616,0.25,1,"MED LOW HIGH",NA
84,10,65.2792524289674,83,0,0.501481985557548,"M",0.174640192021616,0.25,1,"MED LOW HIGH",NA
84,11,94.0995268713678,84,1,1.49979877652955,"M",0.360495231277309,0.25,1,"MED LOW HIGH",NA
84,12,181.167926420943,89,6,6.5000716521816,"FISHED",0.399053792585619,0.25,1,"MED LOW HIGH",NA
85,1,170.474048349115,88,4,4.49938718776886,"M",0.340701897861436,0.25,1,"MED LOW HIGH",NA
85,2,97.80528687759,85,1,1.5004889937425,"FISHED",0.387946781539358,0.25,1,"MED LOW HIGH",NA
85,3,96.5642419251328,85,1,1.50054347223981,"FISHED",0.387946781539358,0.25,1,"MED LOW HIGH",NA
85,4,67.4706554702033,84,0,0.499842211013629,"FISHED",0.360495231277309,0.25,1,"MED LOW HIGH",NA
85,5,97.0383529543869,85,1,1.50071623119649,"FISHED",0.387946781539358,0.25,1,"MED LOW HIGH",NA
85,6,95.5130712732787,85,1,1.49870173725455,"FISHED",0.387946781539358,0.25,1,"MED LOW HIGH",NA
85,7,61.9191112803167,84,0,0.501653118098989,"M",0.360495231277309,0.25,1,"MED LOW HIGH",NA
85,8,124.047594836406,86,2,2.49907496266562,"M",0.30788913727738,0.25,1,"MED LOW HIGH",NA
85,9,215.995633923141,92,8,8.50146307517262,"M",0.329227402131073,0.25,1,"MED LOW HIGH",NA
85,10,63.1136869150929,84,0,0.500882997538643,"M",0.360495231277309,0.25,1,"MED LOW HIGH",NA
85,11,105.639297590209,85,1,1.50033699258979,"FISHED",0.387946781539358,0.25,1,"MED LOW HIGH",NA
85,12,96.7309280137354,85,1,1.49926051267949,"M",0.387946781539358,0.25,1,"MED LOW HIGH",NA
86,1,60.0201813079535,85,0,0.501047239930868,"M",0.387946781539358,0.25,1,"MED LOW HIGH",NA
86,2,63.4364262704238,85,0,0.500714985614697,"M",0.387946781539358,0.25,1,"MED LOW HIGH",NA
86,3,96.2551782435691,86,1,1.50039064385304,"M",0.30788913727738,0.25,1,"MED LOW HIGH",NA
86,4,129.777962016162,87,2,2.50056092896851,"M",0.323143253638409,0.25,1,"MED LOW HIGH",NA
86,5,61.449907520018,85,0,0.499481706116094,"M",0.387946781539358,0.25,1,"MED LOW HIGH",NA
86,6,141.30938008886,88,3,3.49950160224046,"FISHED",0.340701897861436,0.25,1,"MED LOW HIGH",NA
86,7,97.7671507347495,86,1,1.50005099488678,"M",0.30788913727738,0.25,1,"MED LOW HIGH",NA
86,8,62.5739935804024,85,0,0.499857902584306,"FISHED",0.387946781539358,0.25,1,"MED LOW HIGH",NA
86,9,144.608803537605,88,3,3.49986957776873,"M",0.340701897861436,0.25,1,"MED LOW HIGH",NA
86,10,130.25314978345,87,2,2.49799682357485,"M",0.323143253638409,0.25,1,"MED LOW HIGH",NA
87,1,62.4161396879588,86,0,0.499912883758774,"M",0.30788913727738,0.25,1,"MED LOW HIGH",NA
87,2,128.623451911942,88,2,2.49965581268312,"M",0.340701897861436,0.25,1,"MED LOW HIGH",NA
87,3,64.0262353736736,86,0,0.499935478765408,"FISHED",0.30788913727738,0.25,1,"MED LOW HIGH",NA
87,4,95.0115325606859,87,1,1.50067819911146,"FISHED",0.323143253638409,0.25,1,"MED LOW HIGH",NA
87,5,65.1523260039265,86,0,0.500013387070027,"M",0.30788913727738,0.25,1,"MED LOW HIGH",NA
87,6,210.02396631916,92,6,6.50057165666519,"M",0.329227402131073,0.25,1,"MED LOW HIGH",NA
87,7,63.7979416716386,86,0,0.499093141546076,"FISHED",0.30788913727738,0.25,1,"MED LOW HIGH",NA
87,8,63.62451620417,86,0,0.499612267489284,"M",0.30788913727738,0.25,1,"MED LOW HIGH",NA
87,9,61.8503337780163,86,0,0.500682475112102,"M",0.30788913727738,0.25,1,"MED LOW HIGH",NA
87,10,148.463069513038,89,3,3.50083830471259,"M",0.399053792585619,0.25,1,"MED LOW HIGH",NA
87,11,151.030908322811,89,3,3.50113296569511,"M",0.399053792585619,0.25,1,"MED LOW HIGH",NA
87,12,96.2221658382935,87,1,1.50032088004143,"FISHED",0.323143253638409,0.25,1,"MED LOW HIGH",NA
88,1,121.282184711311,89,2,2.49971863222361,"FISHED",0.399053792585619,0.25,1,"MED LOW HIGH",NA
88,2,102.08137610119,88,1,1.50074857840065,"FISHED",0.340701897861436,0.25,1,"MED LOW HIGH",NA
88,3,152.503242015384,91,4,4.49971395335885,"M",0.337266160035506,0.25,1,"MED LOW HIGH",NA
88,4,158.82203259126,90,3,3.49974682729348,"M",0.380606532585807,0.25,1,"MED LOW HIGH",NA
88,5,61.998477305198,87,0,0.49838182191541,"FISHED",0.323143253638409,0.25,1,"MED LOW HIGH",NA
88,6,151.837803197881,91,4,4.49996125465591,"FISHED",0.337266160035506,0.25,1,"MED LOW HIGH",NA
88,7,89.6139113193361,88,1,1.499466491943,"FISHED",0.340701897861436,0.25,1,"MED LOW HIGH",NA
88,8,99.7602553309948,88,1,1.50121794990605,"M",0.340701897861436,0.25,1,"MED LOW HIGH",NA
88,9,62.4834188454093,87,0,0.498951771729961,"M",0.323143253638409,0.25,1,"MED LOW HIGH",NA
89,1,63.259554261234,88,0,0.500355987327492,"M",0.340701897861436,0.25,1,"MED LOW HIGH",NA
89,2,64.2041555410659,88,0,0.499299589043874,"M",0.340701897861436,0.25,1,"MED LOW HIGH",NA
89,3,63.1197834846607,88,0,0.498456870115875,"M",0.340701897861436,0.25,1,"MED LOW HIGH",NA
89,4,62.2791828062895,88,0,0.499675527585244,"M",0.340701897861436,0.25,1,"MED LOW HIGH",NA
89,5,64.1940004221843,88,0,0.499326799193718,"FISHED",0.340701897861436,0.25,1,"MED LOW HIGH",NA
89,6,97.4774479802154,89,1,1.49898403072581,"M",0.399053792585619,0.25,1,"MED LOW HIGH",NA
89,7,121.130622786252,90,2,2.50090490821782,"FISHED",0.380606532585807,0.25,1,"MED LOW HIGH",NA
89,8,92.5119345143052,89,1,1.50026705384171,"M",0.399053792585619,0.25,1,"MED LOW HIGH",NA
89,9,62.1881880810291,88,0,0.499644047186641,"FISHED",0.340701897861436,0.25,1,"MED LOW HIGH",NA
89,10,62.8648377853583,88,0,0.500356010808939,"M",0.340701897861436,0.25,1,"MED LOW HIGH",NA
89,11,64.0111840089314,88,0,0.500060683847447,"M",0.340701897861436,0.25,1,"MED LOW HIGH",NA
90,1,61.6427552701321,89,0,0.497512992862099,"M",0.399053792585619,0.25,1,"MED LOW HIGH",NA
90,2,60.007169664319,89,0,0.500069446019121,"FISHED",0.399053792585619,0.25,1,"MED LOW HIGH",NA
90,3,91.9190651608235,90,1,1.49986311636938,"FISHED",0.380606532585807,0.25,1,"MED LOW HIGH",NA
90,4,63.6583501740498,89,0,0.501311152223713,"M",0.399053792585619,0.25,1,"MED LOW HIGH",NA
90,5,59.76321796427,89,0,0.499886982857253,"M",0.399053792585619,0.25,1,"MED LOW HIGH",NA
90,6,164.747301192928,93,4,4.49844693372022,"FISHED",0.392649773624726,0.25,1,"MED LOW HIGH",NA
90,7,187.519439213723,94,5,5.49884464851976,"FISHED",0.375593196088448,0.25,1,"MED LOW HIGH",NA
90,8,63.7566809122088,89,0,0.501553010238724,"FISHED",0.399053792585619,0.25,1,"MED LOW HIGH",NA
90,9,63.5679792199187,89,0,0.49889730259796,"M",0.399053792585619,0.25,1,"MED LOW HIGH",NA
90,10,61.2286070770898,89,0,0.500360370684501,"FISHED",0.399053792585619,0.25,1,"MED LOW HIGH",NA
90,11,135.11176348053,91,2,2.50102678913794,"FISHED",0.337266160035506,0.25,1,"MED LOW HIGH",NA
91,1,98.5127414366785,91,1,1.49834938906454,"FISHED",0.337266160035506,0.25,1,"MED LOW HIGH",NA
91,2,196.853046741105,96,6,6.49902948908899,"M",0.351527906046249,0.25,1,"MED LOW HIGH",NA
91,3,94.4573620411328,91,1,1.49957510740441,"FISHED",0.337266160035506,0.25,1,"MED LOW HIGH",NA
91,4,129.14291830627,92,2,2.49985581669689,"FISHED",0.329227402131073,0.25,1,"MED LOW HIGH",NA
91,5,61.6664291764795,90,0,0.499217061862683,"FISHED",0.380606532585807,0.25,1,"MED LOW HIGH",NA
91,6,63.8979744770621,90,0,0.49892600122117,"FISHED",0.380606532585807,0.25,1,"MED LOW HIGH",NA
91,7,64.0339850032089,90,0,0.50034287346442,"FISHED",0.380606532585807,0.25,1,"MED LOW HIGH",NA
91,8,103.860347075086,91,1,1.49967137383495,"M",0.337266160035506,0.25,1,"MED LOW HIGH",NA
91,9,92.1285382957551,91,1,1.49853672493723,"M",0.337266160035506,0.25,1,"MED LOW HIGH",NA
91,10,133.637926663691,92,2,2.50012069722286,"FISHED",0.329227402131073,0.25,1,"MED LOW HIGH",NA
91,11,62.266036744487,90,0,0.498781532356535,"FISHED",0.380606532585807,0.25,1,"MED LOW HIGH",NA
92,1,118.804715257446,93,2,2.49994531392588,"FISHED",0.392649773624726,0.25,1,"MED LOW HIGH",NA
92,2,64.1777848525498,91,0,0.502009111227144,"M",0.337266160035506,0.25,1,"MED LOW HIGH",NA
92,3,102.520652608064,92,1,1.49879811942204,"M",0.329227402131073,0.25,1,"MED LOW HIGH",NA
92,4,95.1297012527616,92,1,1.50002929173853,"M",0.329227402131073,0.25,1,"MED LOW HIGH",NA
92,5,116.602491943514,93,2,2.499687850452,"FISHED",0.392649773624726,0.25,1,"MED LOW HIGH",NA
92,6,99.8897886487221,92,1,1.49954102469368,"FISHED",0.329227402131073,0.25,1,"MED LOW HIGH",NA
92,7,63.6214598431616,91,0,0.501513962308734,"FISHED",0.337266160035506,0.25,1,"MED LOW HIGH",NA
92,8,138.033511581033,93,2,2.49957523891284,"FISHED",0.392649773624726,0.25,1,"MED LOW HIGH",NA
92,9,130.218414044195,93,2,2.49925370044235,"M",0.392649773624726,0.25,1,"MED LOW HIGH",NA
92,10,105.071822461371,92,1,1.50169772623009,"FISHED",0.329227402131073,0.25,1,"MED LOW HIGH",NA
92,11,151.387884656562,94,3,3.49919016480619,"FISHED",0.375593196088448,0.25,1,"MED LOW HIGH",NA
92,12,64.2184365321273,91,0,0.498439755751587,"M",0.337266160035506,0.25,1,"MED LOW HIGH",NA
93,1,124.174412145575,94,2,2.50122889956013,"FISHED",0.375593196088448,0.25,1,"MED LOW HIGH",NA
93,2,189.315209612535,98,6,6.50027988200039,"FISHED",0.33707372569479,0.25,1,"MED LOW HIGH",NA
93,3,126.545176545403,94,2,2.4995481699887,"M",0.375593196088448,0.25,1,"MED LOW HIGH",NA
93,4,95.6500022405068,93,1,1.50014547058879,"M",0.392649773624726,0.25,1,"MED LOW HIGH",NA
93,5,62.0254252789632,92,0,0.500064217586965,"M",0.329227402131073,0.25,1,"MED LOW HIGH",NA
93,6,61.4351591053818,92,0,0.500206928103244,"M",0.329227402131073,0.25,1,"MED LOW HIGH",NA
93,7,124.275734041366,94,2,2.50151742532245,"FISHED",0.375593196088448,0.25,1,"MED LOW HIGH",NA
93,8,96.6565578529401,93,1,1.49991721425268,"M",0.392649773624726,0.25,1,"MED LOW HIGH",NA
93,9,63.504475732372,92,0,0.498461485837972,"FISHED",0.329227402131073,0.25,1,"MED LOW HIGH",NA
93,10,61.6812253332911,92,0,0.500769988966351,"M",0.329227402131073,0.25,1,"MED LOW HIGH",NA
93,11,100.216876752018,93,1,1.49985123805001,"M",0.392649773624726,0.25,1,"MED LOW HIGH",NA
94,1,123.176160341841,95,2,2.49977682624482,"M",0.383163678622805,0.25,1,"MED LOW HIGH",NA
94,2,181.192322890211,98,5,5.49989840314534,"FISHED",0.33707372569479,0.25,1,"MED LOW HIGH",NA
94,3,149.411925096411,96,3,3.50062758172799,"M",0.351527906046249,0.25,1,"MED LOW HIGH",NA
94,4,61.8958965822133,93,0,0.502286248373263,"M",0.392649773624726,0.25,1,"MED LOW HIGH",NA
94,5,147.749979265422,96,3,3.49975357975774,"FISHED",0.351527906046249,0.25,1,"MED LOW HIGH",NA
94,6,98.5932925154153,94,1,1.50047957342993,"FISHED",0.375593196088448,0.25,1,"MED LOW HIGH",NA
94,7,97.8784496237209,94,1,1.501005343699,"M",0.375593196088448,0.25,1,"MED LOW HIGH",NA
94,8,145.972782246606,96,3,3.49922389230484,"FISHED",0.351527906046249,0.25,1,"MED LOW HIGH",NA
94,9,62.4454097923523,93,0,0.501097344271325,"FISHED",0.392649773624726,0.25,1,"MED LOW HIGH",NA
94,10,62.0847029115884,93,0,0.498358883588878,"FISHED",0.392649773624726,0.25,1,"MED LOW HIGH",NA
94,11,98.7043476954712,94,1,1.50016701197799,"FISHED",0.375593196088448,0.25,1,"MED LOW HIGH",NA
94,12,122.377258494887,95,2,2.50015275966184,"FISHED",0.383163678622805,0.25,1,"MED LOW HIGH",NA
94,13,63.3831986488894,93,0,0.5002563349953,"FISHED",0.392649773624726,0.25,1,"MED LOW HIGH",NA
95,1,63.1525773334725,94,0,0.499476178087685,"FISHED",0.375593196088448,0.25,1,"MED LOW HIGH",NA
95,2,94.0829483484475,95,1,1.49969824786284,"M",0.383163678622805,0.25,1,"MED LOW HIGH",NA
95,3,61.5704988938434,94,0,0.499264856638216,"M",0.375593196088448,0.25,1,"MED LOW HIGH",NA
95,4,124.082280955866,96,2,2.4998948344107,"M",0.351527906046249,0.25,1,"MED LOW HIGH",NA
95,5,64.2696352296121,94,0,0.501428507216273,"M",0.375593196088448,0.25,1,"MED LOW HIGH",NA
95,6,104.317173532902,95,1,1.50041805701312,"FISHED",0.383163678622805,0.25,1,"MED LOW HIGH",NA
95,7,138.768468135203,97,3,3.50013186152817,"M",0.340755058452487,0.25,1,"MED LOW HIGH",NA
95,8,92.7006656084421,95,1,1.50119824737943,"M",0.383163678622805,0.25,1,"MED LOW HIGH",NA
95,9,121.027009604218,96,2,2.50036951339417,"FISHED",0.351527906046249,0.25,1,"MED LOW HIGH",NA
96,1,96.6112065036448,96,1,1.49938935472916,"M",0.351527906046249,0.25,1,"MED LOW HIGH",NA
96,2,61.225083501805,95,0,0.498872461582728,"FISHED",0.383163678622805,0.25,1,"MED LOW HIGH",NA
96,3,117.735484173622,97,2,2.49977427668975,"M",0.340755058452487,0.25,1,"MED LOW HIGH",NA
96,4,63.7257519140097,95,0,0.498658587265432,"M",0.383163678622805,0.25,1,"MED LOW HIGH",NA
96,5,131.844135882608,98,3,3.50031441918696,"M",0.33707372569479,0.25,1,"MED LOW HIGH",NA
96,6,97.4915977451985,96,1,1.49947649574369,"FISHED",0.351527906046249,0.25,1,"MED LOW HIGH",NA
96,7,160.335247675411,99,4,4.4991171135218,"FISHED",0.349630552856252,0.25,1,"MED LOW HIGH",NA
96,8,102.466968346549,96,1,1.49985031123754,"M",0.351527906046249,0.25,1,"MED LOW HIGH",NA
97,1,63.7577314370842,96,0,0.498118380015487,"FISHED",0.351527906046249,0.25,1,"MED LOW HIGH",NA
97,2,98.1623506220549,97,1,1.49967585428936,"M",0.340755058452487,0.25,1,"MED LOW HIGH",NA
97,3,100.614606336294,97,1,1.49896019521543,"FISHED",0.340755058452487,0.25,1,"MED LOW HIGH",NA
97,4,123.266528233463,98,2,2.49984060309695,"FISHED",0.33707372569479,0.25,1,"MED LOW HIGH",NA
97,5,63.2799104158635,96,0,0.499779140976399,"M",0.351527906046249,0.25,1,"MED LOW HIGH",NA
97,6,98.6514759173254,97,1,1.50286841546013,"FISHED",0.340755058452487,0.25,1,"MED LOW HIGH",NA
97,7,64.0044866247847,96,0,0.501672818149837,"M",0.351527906046249,0.25,1,"MED LOW HIGH",NA
97,8,94.9655456736074,97,1,1.50099725922461,"FISHED",0.340755058452487,0.25,1,"MED LOW HIGH",NA
97,9,62.2350134502201,96,0,0.498935014687446,"FISHED",0.351527906046249,0.25,1,"MED LOW HIGH",NA
97,10,96.4170475962573,97,1,1.50212413943577,"FISHED",0.340755058452487,0.25,1,"MED LOW HIGH",NA
98,1,60.7046526775863,97,0,0.500872714612949,"M",0.340755058452487,0.25,1,"MED LOW HIGH",NA
98,2,61.9843491332274,97,0,0.501429491088459,"M",0.340755058452487,0.25,1,"MED LOW HIGH",NA
98,3,63.1293232368362,97,0,0.499942519323134,"M",0.340755058452487,0.25,1,"MED LOW HIGH",NA
98,4,133.706356290088,99,2,2.49993487519398,"M",0.349630552856252,0.25,1,"MED LOW HIGH",NA
98,5,62.338083037676,97,0,0.500805520700881,"FISHED",0.340755058452487,0.25,1,"MED LOW HIGH",NA
98,6,61.5133889725983,97,0,0.499813979749782,"FISHED",0.340755058452487,0.25,1,"MED LOW HIGH",NA
98,7,62.2559106497784,97,0,0.50035048995522,"FISHED",0.340755058452487,0.25,1,"MED LOW HIGH",NA
98,8,150.144690572821,100,3,3.50152126906951,"M",0.333756514941342,0.25,1,"MED LOW HIGH",NA
98,9,149.704288161116,100,3,3.50082752712619,"FISHED",0.333756514941342,0.25,1,"MED LOW HIGH",NA
98,10,60.7761099385234,97,0,0.501484871557791,"M",0.340755058452487,0.25,1,"MED LOW HIGH",NA
98,11,62.6335861995495,97,0,0.500069113666451,"M",0.340755058452487,0.25,1,"MED LOW HIGH",NA
99,1,62.6150658896335,98,0,0.499089633235284,"M",0.33707372569479,0.25,1,"MED LOW HIGH",NA
99,2,131.262258916305,100,2,2.49870201627739,"M",0.333756514941342,0.25,1,"MED LOW HIGH",NA
99,3,99.1741690442324,99,1,1.49973582834847,"FISHED",0.349630552856252,0.25,1,"MED LOW HIGH",NA
99,4,62.9162586086978,98,0,0.501590567840239,"FISHED",0.33707372569479,0.25,1,"MED LOW HIGH",NA
99,5,63.4880369771694,98,0,0.499528145634297,"M",0.33707372569479,0.25,1,"MED LOW HIGH",NA
99,6,62.9886440874423,98,0,0.500385680861283,"M",0.33707372569479,0.25,1,"MED LOW HIGH",NA
99,7,119.002471389373,100,2,2.50112800210249,"M",0.333756514941342,0.25,1,"MED LOW HIGH",NA
99,8,97.103133591429,99,1,1.50148463999436,"FISHED",0.349630552856252,0.25,1,"MED LOW HIGH",NA
99,9,64.8456851843307,98,0,0.499360635167512,"M",0.33707372569479,0.25,1,"MED LOW HIGH",NA
100,1,61.0585639922063,99,0,0.500660130869004,"M",0.349630552856252,0.25,1,"MED LOW HIGH",NA
100,2,60.401947426524,99,0,0.499105818942715,"FISHED",0.349630552856252,0.25,1,"MED LOW HIGH",NA
100,3,61.7609330538514,99,0,0.503481264769596,"FISHED",0.349630552856252,0.25,1,"MED LOW HIGH",NA
100,4,95.4611974672618,100,1,1.50117017989778,"M",0.333756514941342,0.25,1,"MED LOW HIGH",NA
100,5,61.4055000956927,99,0,0.499406842865613,"M",0.349630552856252,0.25,1,"MED LOW HIGH",NA
100,6,64.774130672427,99,0,0.499128627350658,"M",0.349630552856252,0.25,1,"MED LOW HIGH",NA
100,7,99.9526634792709,100,1,1.50230564634093,"M",0.333756514941342,0.25,1,"MED LOW HIGH",NA
100,8,62.0467053762334,99,0,0.503102698900568,"FISHED",0.349630552856252,0.25,1,"MED LOW HIGH",NA
100,9,62.6116482702248,99,0,0.500529802115865,"FISHED",0.349630552856252,0.25,1,"MED LOW HIGH",NA
100,10,62.7914751220745,99,0,0.500366185816452,"FISHED",0.349630552856252,0.25,1,"MED LOW HIGH",NA
