"cohort","ind","fish_size","Year","Age","AgeE","dtype","FMORT","M","Sel","FSIM","REG"
1,1,197.278706182999,6,6,6.49954659478924,"M",0,0.25,1,"HIGH LOW MED",NA
1,2,125.329647729772,2,2,2.49910386516771,"M",0,0.25,1,"HIGH LOW MED",NA
1,3,64.8016271072885,0,0,0.501506403635321,"M",0,0.25,1,"HIGH LOW MED",NA
1,4,132.711972066082,2,2,2.49896923058796,"M",0,0.25,1,"HIGH LOW MED",NA
1,5,62.8026007017336,0,0,0.501543415896529,"M",0,0.25,1,"HIGH LOW MED",NA
1,6,116.06760799275,2,2,2.50062612682487,"M",0,0.25,1,"HIGH LOW MED",NA
1,7,61.9689843951641,0,0,0.498973681028297,"M",0,0.25,1,"HIGH LOW MED",NA
1,8,62.6463861131544,0,0,0.50111697650225,"M",0,0.25,1,"HIGH LOW MED",NA
1,9,208.781435130214,9,9,9.49985232116292,"M",0,0.25,1,"HIGH LOW MED",NA
1,10,181.085352704551,6,6,6.50004778167814,"M",0,0.25,1,"HIGH LOW MED",NA
2,1,91.8270144190033,2,1,1.50040760857344,"M",0,0.25,1,"HIGH LOW MED",NA
2,2,151.167607387544,4,3,3.49992299365657,"M",0,0.25,1,"HIGH LOW MED",NA
2,3,144.919073113578,4,3,3.49721077095411,"M",0,0.25,1,"HIGH LOW MED",NA
2,4,138.836873986677,3,2,2.50082196717338,"M",0,0.25,1,"HIGH LOW MED",NA
2,5,92.782573858916,2,1,1.49988297898167,"M",0,0.25,1,"HIGH LOW MED",NA
2,6,96.2689069117749,2,1,1.50035142473713,"M",0,0.25,1,"HIGH LOW MED",NA
2,7,61.112898275666,1,0,0.499263113893342,"M",0,0.25,1,"HIGH LOW MED",NA
2,8,220.913952138847,12,11,11.4995763958878,"M",0,0.25,1,"HIGH LOW MED",NA
2,9,131.182011542406,4,3,3.49956055342945,"M",0,0.25,1,"HIGH LOW MED",NA
2,10,184.917891295093,6,5,5.49943171105185,"M",0,0.25,1,"HIGH LOW MED",NA
2,11,94.8876015805432,2,1,1.49952466605358,"M",0,0.25,1,"HIGH LOW MED",NA
2,12,128.062798618263,3,2,2.50131029205806,"M",0,0.25,1,"HIGH LOW MED",NA
3,1,141.937398480588,5,3,3.5009486846548,"M",0,0.25,1,"HIGH LOW MED",NA
3,2,131.099122015314,4,2,2.50099563026659,"M",0,0.25,1,"HIGH LOW MED",NA
3,3,63.615405483741,2,0,0.499171441409303,"M",0,0.25,1,"HIGH LOW MED",NA
3,4,98.2246672589786,3,1,1.50051244217894,"M",0,0.25,1,"HIGH LOW MED",NA
3,5,121.315005124706,4,2,2.49989589309267,"M",0,0.25,1,"HIGH LOW MED",NA
3,6,62.1453457388098,2,0,0.499927328792413,"M",0,0.25,1,"HIGH LOW MED",NA
3,7,130.393263141458,4,2,2.49964250064513,"M",0,0.25,1,"HIGH LOW MED",NA
3,8,123.756389960986,4,2,2.5001393579614,"M",0,0.25,1,"HIGH LOW MED",NA
3,9,238.640842388624,11,9,9.49929832048554,"M",0,0.25,1,"HIGH LOW MED",NA
3,10,96.6893399915374,3,1,1.49955628820493,"M",0,0.25,1,"HIGH LOW MED",NA
3,11,65.7550832081237,2,0,0.500297840356698,"M",0,0.25,1,"HIGH LOW MED",NA
3,12,186.348855264218,8,6,6.50082629157436,"M",0,0.25,1,"HIGH LOW MED",NA
3,13,61.718252685717,2,0,0.499613586600143,"M",0,0.25,1,"HIGH LOW MED",NA
4,1,59.4523332612879,3,0,0.499536141094056,"M",0,0.25,1,"HIGH LOW MED",NA
4,2,111.315986739203,5,2,2.50078707667811,"M",0,0.25,1,"HIGH LOW MED",NA
4,3,194.659843436476,11,8,8.50087052662406,"M",0,0.25,1,"HIGH LOW MED",NA
4,4,152.97789645263,7,4,4.50304056514994,"M",0,0.25,1,"HIGH LOW MED",NA
4,5,62.21621885526,3,0,0.498255691334318,"M",0,0.25,1,"HIGH LOW MED",NA
4,6,63.6634606185768,3,0,0.499698381137857,"M",0,0.25,1,"HIGH LOW MED",NA
4,7,164.538046309521,8,5,5.50055634917802,"M",0,0.25,1,"HIGH LOW MED",NA
4,8,61.2489722294942,3,0,0.499631247940759,"M",0,0.25,1,"HIGH LOW MED",NA
4,9,167.108299452323,7,4,4.49961236318778,"M",0,0.25,1,"HIGH LOW MED",NA
4,10,62.721676883621,3,0,0.497794673325212,"M",0,0.25,1,"HIGH LOW MED",NA
4,11,216.575932197263,12,9,9.49976203109737,"M",0,0.25,1,"HIGH LOW MED",NA
4,12,179.335157056791,10,7,7.50061677542882,"M",0,0.25,1,"HIGH LOW MED",NA
4,13,94.9947242160269,4,1,1.50089194228625,"M",0,0.25,1,"HIGH LOW MED",NA
5,1,99.5363232214169,5,1,1.49990611402424,"M",0,0.25,1,"HIGH LOW MED",NA
5,2,98.8900467204646,5,1,1.49971063753976,"M",0,0.25,1,"HIGH LOW MED",NA
5,3,145.639004189843,8,4,4.49936496511971,"M",0,0.25,1,"HIGH LOW MED",NA
5,4,199.048411079283,9,5,5.50111028319702,"M",0,0.25,1,"HIGH LOW MED",NA
5,5,175.609313372578,10,6,6.4998736568325,"M",0,0.25,1,"HIGH LOW MED",NA
5,6,62.9994396002935,4,0,0.500045464209847,"M",0,0.25,1,"HIGH LOW MED",NA
5,7,129.165549175506,7,3,3.5013058808756,"M",0,0.25,1,"HIGH LOW MED",NA
5,8,231.779189900983,14,10,10.4991909821159,"M",0,0.25,1,"HIGH LOW MED",NA
5,9,61.7597240516166,4,0,0.500913805262997,"M",0,0.25,1,"HIGH LOW MED",NA
5,10,216.755025473757,10,6,6.49954148703982,"M",0,0.25,1,"HIGH LOW MED",NA
5,11,94.2793381511382,5,1,1.50181120943904,"M",0,0.25,1,"HIGH LOW MED",NA
5,12,62.8978418180279,4,0,0.50083729619956,"M",0,0.25,1,"HIGH LOW MED",NA
5,13,191.819930746546,11,7,7.50064356619705,"M",0,0.25,1,"HIGH LOW MED",NA
6,1,210.317164839908,15,10,10.5008071528757,"M",0,0.25,1,"HIGH LOW MED",NA
6,2,64.9239279580596,5,0,0.498856635844519,"M",0,0.25,1,"HIGH LOW MED",NA
6,3,97.9672918290091,6,1,1.50071528938663,"M",0,0.25,1,"HIGH LOW MED",NA
6,4,124.065597318954,7,2,2.49837272612606,"M",0,0.25,1,"HIGH LOW MED",NA
6,5,180.811582911686,9,4,4.5021501046097,"M",0,0.25,1,"HIGH LOW MED",NA
6,6,119.528733043024,7,2,2.50212655118272,"M",0,0.25,1,"HIGH LOW MED",NA
6,7,94.9163206762441,6,1,1.49812658636273,"M",0,0.25,1,"HIGH LOW MED",NA
6,8,64.6919274167158,5,0,0.498972883807148,"M",0,0.25,1,"HIGH LOW MED",NA
6,9,64.807108525843,5,0,0.501486969475094,"M",0,0.25,1,"HIGH LOW MED",NA
6,10,179.346158158061,10,5,5.50216533627618,"M",0,0.25,1,"HIGH LOW MED",NA
6,11,95.2097568643675,6,1,1.50112135654072,"M",0,0.25,1,"HIGH LOW MED",NA
6,12,99.4864127728358,6,1,1.49921572044794,"M",0,0.25,1,"HIGH LOW MED",NA
6,13,231.41390625817,18,13,13.5008086237825,"M",0,0.25,1,"HIGH LOW MED",NA
6,14,181.695403023735,11,6,6.5002327939479,"M",0,0.25,1,"HIGH LOW MED",NA
6,15,160.010037033635,9,4,4.49962661060473,"M",0,0.25,1,"HIGH LOW MED",NA
7,1,168.712828118791,11,5,5.49961182669319,"M",0,0.25,1,"HIGH LOW MED",NA
7,2,95.9532740792985,7,1,1.49998724301417,"M",0,0.25,1,"HIGH LOW MED",NA
7,3,96.1760605392644,7,1,1.50031438317286,"M",0,0.25,1,"HIGH LOW MED",NA
7,4,98.3351484215031,7,1,1.50106917128842,"M",0,0.25,1,"HIGH LOW MED",NA
7,5,158.052774283754,9,3,3.49994143721096,"M",0,0.25,1,"HIGH LOW MED",NA
7,6,198.14596805017,13,7,7.50042326316607,"M",0,0.25,1,"HIGH LOW MED",NA
7,7,189.666941839432,12,6,6.50179066844273,"M",0,0.25,1,"HIGH LOW MED",NA
7,8,200.31179244483,11,5,5.50016208099567,"M",0,0.25,1,"HIGH LOW MED",NA
7,9,99.8180508551539,7,1,1.50039087876913,"M",0,0.25,1,"HIGH LOW MED",NA
7,10,116.798071216687,8,2,2.50041221330278,"M",0,0.25,1,"HIGH LOW MED",NA
7,11,159.473727679241,11,5,5.498359887909,"M",0,0.25,1,"HIGH LOW MED",NA
7,12,218.472456778461,14,8,8.50014152307695,"M",0,0.25,1,"HIGH LOW MED",NA
7,13,178.648605268594,10,4,4.49985326855364,"M",0,0.25,1,"HIGH LOW MED",NA
8,1,159.52510375732,12,5,5.4996221930029,"M",0,0.25,1,"HIGH LOW MED",NA
8,2,223.577300219121,19,12,12.5001678683722,"M",0,0.25,1,"HIGH LOW MED",NA
8,3,63.3744829454031,7,0,0.499866302649362,"M",0,0.25,1,"HIGH LOW MED",NA
8,4,150.424938051282,11,4,4.50018081163073,"M",0,0.25,1,"HIGH LOW MED",NA
8,5,119.303333131013,9,2,2.5011314186136,"M",0,0.25,1,"HIGH LOW MED",NA
8,6,94.9942544387926,8,1,1.50002654119742,"M",0,0.25,1,"HIGH LOW MED",NA
8,7,92.4913475867202,8,1,1.50071578266752,"M",0,0.25,1,"HIGH LOW MED",NA
8,8,169.865171332021,14,7,7.50035072361152,"M",0,0.25,1,"HIGH LOW MED",NA
8,9,194.574156156786,17,10,10.5000242276468,"M",0,0.25,1,"HIGH LOW MED",NA
8,10,61.8509744342099,7,0,0.500465756538424,"M",0,0.25,1,"HIGH LOW MED",NA
8,11,96.7636363155157,8,1,1.49954586359369,"M",0,0.25,1,"HIGH LOW MED",NA
8,12,163.815899025468,11,4,4.49883783754982,"M",0,0.25,1,"HIGH LOW MED",NA
8,13,98.5127344342303,8,1,1.50083220106509,"M",0,0.25,1,"HIGH LOW MED",NA
8,14,125.135114136164,9,2,2.4999506013835,"M",0,0.25,1,"HIGH LOW MED",NA
9,1,60.1566574239911,8,0,0.500901185860894,"M",0,0.25,1,"HIGH LOW MED",NA
9,2,199.925049527559,14,6,6.50044635181502,"M",0,0.25,1,"HIGH LOW MED",NA
9,3,213.384145574675,15,7,7.49897793062742,"M",0,0.25,1,"HIGH LOW MED",NA
9,4,61.9623840518231,8,0,0.498287475513076,"M",0,0.25,1,"HIGH LOW MED",NA
9,5,158.088446824117,11,3,3.5008379208535,"M",0,0.25,1,"HIGH LOW MED",NA
9,6,61.2662653733908,8,0,0.499895833369867,"M",0,0.25,1,"HIGH LOW MED",NA
9,7,141.592352824088,11,3,3.50078582817418,"M",0,0.25,1,"HIGH LOW MED",NA
9,8,172.485402467197,13,5,5.49987775483676,"M",0,0.25,1,"HIGH LOW MED",NA
9,9,99.0910417275975,9,1,1.50055146314101,"M",0,0.25,1,"HIGH LOW MED",NA
9,10,61.4994679350441,8,0,0.501002012241383,"M",0,0.25,1,"HIGH LOW MED",NA
9,11,228.058768193535,20,12,12.4993134042371,"M",0,0.25,1,"HIGH LOW MED",NA
9,12,63.636069432643,8,0,0.499394539684403,"M",0,0.25,1,"HIGH LOW MED",NA
10,1,63.3125878589908,9,0,0.499978774424192,"M",0,0.25,1,"HIGH LOW MED",NA
10,2,91.0181871236506,10,1,1.50008280454882,"M",0,0.25,1,"HIGH LOW MED",NA
10,3,101.779760638098,10,1,1.50055209753816,"M",0,0.25,1,"HIGH LOW MED",NA
10,4,100.241453559759,10,1,1.49874880542411,"M",0,0.25,1,"HIGH LOW MED",NA
10,5,188.163539374947,14,5,5.50039469130852,"M",0,0.25,1,"HIGH LOW MED",NA
10,6,201.079049163722,15,6,6.49936010449481,"M",0,0.25,1,"HIGH LOW MED",NA
10,7,64.3283953723901,9,0,0.499332999239409,"M",0,0.25,1,"HIGH LOW MED",NA
10,8,154.672193573745,13,4,4.50185791997132,"M",0,0.25,1,"HIGH LOW MED",NA
10,9,200.120103433276,14,5,5.50068932041797,"M",0,0.25,1,"HIGH LOW MED",NA
10,10,147.622718359678,12,3,3.4999467404762,"M",0,0.25,1,"HIGH LOW MED",NA
10,11,100.015234979919,10,1,1.49984345110596,"M",0,0.25,1,"HIGH LOW MED",NA
10,12,299.797329144548,20,11,11.4995286970377,"M",0,0.25,1,"HIGH LOW MED",NA
10,13,93.792317013913,10,1,1.50011479459144,"M",0,0.25,1,"HIGH LOW MED",NA
10,14,118.740212501972,11,2,2.49998051023647,"M",0,0.25,1,"HIGH LOW MED",NA
11,1,131.26864377743,12,2,2.49836788538478,"M",0,0.25,1,"HIGH LOW MED",NA
11,2,129.678587435624,12,2,2.50142725635218,"M",0,0.25,1,"HIGH LOW MED",NA
11,3,233.558170286593,23,13,13.500024684816,"M",0,0.25,1,"HIGH LOW MED",NA
11,4,216.101865570793,15,5,5.49978726710977,"M",0,0.25,1,"HIGH LOW MED",NA
11,5,63.5498153156711,10,0,0.499131280724708,"M",0,0.25,1,"HIGH LOW MED",NA
11,6,176.10047772647,17,7,7.49952439279065,"M",0,0.25,1,"HIGH LOW MED",NA
11,7,173.356968786596,15,5,5.50071432690403,"M",0,0.25,1,"HIGH LOW MED",NA
11,8,147.114346511598,13,3,3.50123285469708,"M",0,0.25,1,"HIGH LOW MED",NA
11,9,65.7381181593069,10,0,0.500391962512781,"M",0,0.25,1,"HIGH LOW MED",NA
11,10,101.75662125772,11,1,1.49957579707071,"M",0,0.25,1,"HIGH LOW MED",NA
11,11,187.96161864865,15,5,5.50032320141874,"M",0,0.25,1,"HIGH LOW MED",NA
12,1,100.499506057221,12,1,1.49988274249975,"M",0,0.25,1,"HIGH LOW MED",NA
12,2,63.175018944449,11,0,0.499339159720631,"M",0,0.25,1,"HIGH LOW MED",NA
12,3,152.758051903152,14,3,3.49877093280899,"M",0,0.25,1,"HIGH LOW MED",NA
12,4,100.33294612685,12,1,1.50145166745968,"M",0,0.25,1,"HIGH LOW MED",NA
12,5,129.875137505147,13,2,2.50152986630841,"M",0,0.25,1,"HIGH LOW MED",NA
12,6,229.650855850101,23,12,12.5005318326937,"M",0,0.25,1,"HIGH LOW MED",NA
12,7,99.1502661682063,12,1,1.50136324404026,"M",0,0.25,1,"HIGH LOW MED",NA
12,8,173.776802962616,17,6,6.50074370269729,"M",0,0.25,1,"HIGH LOW MED",NA
12,9,181.390558015853,15,4,4.50172289320144,"M",0,0.25,1,"HIGH LOW MED",NA
12,10,96.3761869959844,12,1,1.49885461274716,"M",0,0.25,1,"HIGH LOW MED",NA
12,11,63.2601248495273,11,0,0.500406661032053,"M",0,0.25,1,"HIGH LOW MED",NA
13,1,207.687881119941,22,10,10.5007136622091,"M",0,0.25,1,"HIGH LOW MED",NA
13,2,61.7429926659118,12,0,0.498902895364306,"M",0,0.25,1,"HIGH LOW MED",NA
13,3,62.011194394731,12,0,0.500817385619047,"M",0,0.25,1,"HIGH LOW MED",NA
13,4,242.30466055845,19,7,7.4993353409158,"M",0,0.25,1,"HIGH LOW MED",NA
13,5,199.859750850989,19,7,7.49899319275972,"M",0,0.25,1,"HIGH LOW MED",NA
13,6,141.5614236798,16,4,4.50066662586746,"M",0,0.25,1,"HIGH LOW MED",NA
13,7,63.6676972497393,12,0,0.500577033696907,"M",0,0.25,1,"HIGH LOW MED",NA
13,8,172.016062461754,16,4,4.50136038973964,"M",0,0.25,1,"HIGH LOW MED",NA
13,9,63.9789094625055,12,0,0.497053676489185,"M",0,0.25,1,"HIGH LOW MED",NA
13,10,191.017108251381,25,13,13.4987897565613,"M",0,0.25,1,"HIGH LOW MED",NA
13,11,119.326443824362,14,2,2.50112107785496,"M",0,0.25,1,"HIGH LOW MED",NA
14,1,58.3625752714978,13,0,0.500633336531764,"M",0,0.25,1,"HIGH LOW MED",NA
14,2,62.7305704470706,13,0,0.500190674001892,"M",0,0.25,1,"HIGH LOW MED",NA
14,3,160.188469898543,16,3,3.49904420174689,"M",0,0.25,1,"HIGH LOW MED",NA
14,4,130.213204006523,15,2,2.497902651557,"M",0,0.25,1,"HIGH LOW MED",NA
14,5,171.672019169133,17,4,4.49990335834144,"M",0,0.25,1,"HIGH LOW MED",NA
14,6,63.9408749975298,13,0,0.500194582473616,"M",0,0.25,1,"HIGH LOW MED",NA
14,7,229.16887087372,27,14,14.5014472622401,"M",0,0.25,1,"HIGH LOW MED",NA
14,8,101.521248689565,14,1,1.49976302018738,"M",0,0.25,1,"HIGH LOW MED",NA
14,9,63.0802001478078,13,0,0.501361041421522,"M",0,0.25,1,"HIGH LOW MED",NA
14,10,179.457149900527,20,7,7.50059915450242,"M",0,0.25,1,"HIGH LOW MED",NA
14,11,95.3481833761625,14,1,1.49932123798933,"M",0,0.25,1,"HIGH LOW MED",NA
14,12,178.67268737812,18,5,5.49945492907065,"M",0,0.25,1,"HIGH LOW MED",NA
15,1,177.340817758313,19,5,5.49951376322774,"M",0,0.25,1,"HIGH LOW MED",NA
15,2,136.132690742779,16,2,2.49896198543726,"M",0,0.25,1,"HIGH LOW MED",NA
15,3,90.2270768234259,15,1,1.50134667172896,"M",0,0.25,1,"HIGH LOW MED",NA
15,4,150.600736605757,17,3,3.50147882005264,"M",0,0.25,1,"HIGH LOW MED",NA
15,5,196.46903817492,24,10,10.5004450604854,"M",0,0.25,1,"HIGH LOW MED",NA
15,6,61.3749371614595,14,0,0.500736315707905,"M",0,0.25,1,"HIGH LOW MED",NA
15,7,101.827831702959,15,1,1.50054610206279,"M",0,0.25,1,"HIGH LOW MED",NA
15,8,193.918295840319,21,7,7.49908780864963,"M",0,0.25,1,"HIGH LOW MED",NA
15,9,179.851873876833,24,10,10.5000455507292,"M",0,0.25,1,"HIGH LOW MED",NA
15,10,210.563497112168,25,11,11.5016656486521,"M",0,0.25,1,"HIGH LOW MED",NA
15,11,105.944026092782,15,1,1.50017996071461,"M",0,0.25,1,"HIGH LOW MED",NA
16,1,63.4022624475111,15,0,0.500125349210847,"M",0,0.25,1,"HIGH LOW MED",NA
16,2,126.75413971081,17,2,2.50210894410717,"M",0,0.25,1,"HIGH LOW MED",NA
16,3,98.0019976470854,16,1,1.50023855638353,"M",0,0.25,1,"HIGH LOW MED",NA
16,4,144.235618844288,18,3,3.50118588162569,"M",0,0.25,1,"HIGH LOW MED",NA
16,5,149.741967342848,18,3,3.50089444406699,"M",0,0.25,1,"HIGH LOW MED",NA
16,6,97.149075723267,16,1,1.50003421443002,"M",0,0.25,1,"HIGH LOW MED",NA
16,7,96.4408470970392,16,1,1.50047770485703,"M",0,0.25,1,"HIGH LOW MED",NA
16,8,140.722537021072,17,2,2.49969694911763,"M",0,0.25,1,"HIGH LOW MED",NA
16,9,60.8214695366489,15,0,0.499505591354472,"M",0,0.25,1,"HIGH LOW MED",NA
16,10,175.17018888012,20,5,5.50214349168985,"M",0,0.25,1,"HIGH LOW MED",NA
16,11,61.5934830055726,15,0,0.501131004418196,"M",0,0.25,1,"HIGH LOW MED",NA
16,12,64.5007604282197,15,0,0.499537644508164,"M",0,0.25,1,"HIGH LOW MED",NA
16,13,148.627383384633,18,3,3.49960170697574,"M",0,0.25,1,"HIGH LOW MED",NA
17,1,61.4064161176237,16,0,0.499324196254922,"M",0,0.25,1,"HIGH LOW MED",NA
17,2,189.627635131064,23,7,7.49995762456735,"M",0,0.25,1,"HIGH LOW MED",NA
17,3,61.674815495604,16,0,0.499665125761855,"M",0,0.25,1,"HIGH LOW MED",NA
17,4,193.959560922419,22,6,6.4999654845141,"M",0,0.25,1,"HIGH LOW MED",NA
17,5,62.1396055694788,16,0,0.499419826624166,"M",0,0.25,1,"HIGH LOW MED",NA
17,6,218.721121485385,27,11,11.5007459604304,"M",0,0.25,1,"HIGH LOW MED",NA
17,7,58.8915310288143,16,0,0.499596208613722,"M",0,0.25,1,"HIGH LOW MED",NA
17,8,152.537599617438,20,4,4.49909032412026,"M",0,0.25,1,"HIGH LOW MED",NA
17,9,183.339130712863,24,8,8.49953228263073,"M",0,0.25,1,"HIGH LOW MED",NA
17,10,97.9159151576681,17,1,1.50047286539856,"M",0,0.25,1,"HIGH LOW MED",NA
17,11,182.144611851293,21,5,5.4995643728089,"M",0,0.25,1,"HIGH LOW MED",NA
18,1,60.8133630272908,17,0,0.500624897337624,"M",0,0.25,1,"HIGH LOW MED",NA
18,2,181.638575321372,22,5,5.50046705200382,"M",0,0.25,1,"HIGH LOW MED",NA
18,3,62.3193565986078,17,0,0.501066970597659,"M",0,0.25,1,"HIGH LOW MED",NA
18,4,62.5419154460534,17,0,0.497918034664265,"M",0,0.25,1,"HIGH LOW MED",NA
18,5,61.4725511390458,17,0,0.498798241734213,"M",0,0.25,1,"HIGH LOW MED",NA
18,6,100.558312188036,18,1,1.49989555498413,"M",0,0.25,1,"HIGH LOW MED",NA
18,7,217.169421937525,25,8,8.50090962413253,"M",0,0.25,1,"HIGH LOW MED",NA
18,8,176.251907250112,24,7,7.49775031961989,"M",0,0.25,1,"HIGH LOW MED",NA
18,9,124.932957883998,19,2,2.50062084861347,"M",0,0.25,1,"HIGH LOW MED",NA
18,10,65.4060353354812,17,0,0.499690216624878,"M",0,0.25,1,"HIGH LOW MED",NA
18,11,133.448115997525,19,2,2.49935475679501,"M",0,0.25,1,"HIGH LOW MED",NA
18,12,132.717040906336,19,2,2.49921546623945,"M",0,0.25,1,"HIGH LOW MED",NA
18,13,62.0593757733761,17,0,0.499732394110588,"M",0,0.25,1,"HIGH LOW MED",NA
19,1,61.7822889798146,18,0,0.498587083434568,"M",0,0.25,1,"HIGH LOW MED",NA
19,2,142.71369717015,21,3,3.50002192306724,"M",0,0.25,1,"HIGH LOW MED",NA
19,3,205.337816871592,25,7,7.49988387330603,"M",0,0.25,1,"HIGH LOW MED",NA
19,4,64.6934934605627,18,0,0.499645687052989,"M",0,0.25,1,"HIGH LOW MED",NA
19,5,59.2137995339529,18,0,0.500940127793211,"M",0,0.25,1,"HIGH LOW MED",NA
19,6,163.860409921418,22,4,4.50049389533789,"M",0,0.25,1,"HIGH LOW MED",NA
19,7,141.050339088293,21,3,3.50037878720642,"M",0,0.25,1,"HIGH LOW MED",NA
19,8,181.047844181288,25,7,7.49927878014434,"M",0,0.25,1,"HIGH LOW MED",NA
19,9,61.9852454594312,18,0,0.49985388307972,"M",0,0.25,1,"HIGH LOW MED",NA
19,10,133.318957131008,20,2,2.50000818843533,"M",0,0.25,1,"HIGH LOW MED",NA
19,11,171.606335883823,22,4,4.49945237671015,"M",0,0.25,1,"HIGH LOW MED",NA
19,12,199.26998127402,29,11,11.4984705387672,"M",0,0.25,1,"HIGH LOW MED",NA
20,1,60.1120317688516,19,0,0.498973601687084,"M",0,0.25,1,"HIGH LOW MED",NA
20,2,125.194207085807,21,2,2.49906425406389,"M",0,0.25,1,"HIGH LOW MED",NA
20,3,236.607492427084,27,8,8.5029529941072,"M",0,0.25,1,"HIGH LOW MED",NA
20,4,122.968351877153,21,2,2.49903048591772,"M",0,0.25,1,"HIGH LOW MED",NA
20,5,61.2643748994971,19,0,0.498105840909039,"M",0,0.25,1,"HIGH LOW MED",NA
20,6,265.790410139006,33,14,14.5004821699917,"M",0,0.25,1,"HIGH LOW MED",NA
20,7,100.340474431077,20,1,1.49989526397492,"M",0,0.25,1,"HIGH LOW MED",NA
20,8,98.2405761127752,20,1,1.50022895301284,"M",0,0.25,1,"HIGH LOW MED",NA
20,9,62.5479325090951,19,0,0.499101287301379,"M",0,0.25,1,"HIGH LOW MED",NA
20,10,200.648226269559,26,7,7.49861672862456,"M",0,0.25,1,"HIGH LOW MED",NA
20,11,139.005763380391,21,2,2.49945517288865,"M",0,0.25,1,"HIGH LOW MED",NA
20,12,117.52122217348,21,2,2.49911784509691,"M",0,0.25,1,"HIGH LOW MED",NA
20,13,93.3981913201629,20,1,1.49986287056173,"M",0,0.25,1,"HIGH LOW MED",NA
20,14,166.742021559622,24,5,5.49977426695954,"M",0,0.25,1,"HIGH LOW MED",NA
21,1,224.389064320007,26,6,6.49908193478092,"M",0,0.25,1,"HIGH LOW MED",NA
21,2,169.379631902972,24,4,4.50095165909923,"M",0,0.25,1,"HIGH LOW MED",NA
21,3,132.058537767404,22,2,2.50000176913604,"M",0,0.25,1,"HIGH LOW MED",NA
21,4,61.8747959848765,20,0,0.501137229561603,"M",0,0.25,1,"HIGH LOW MED",NA
21,5,60.3186636368876,20,0,0.500424539370185,"M",0,0.25,1,"HIGH LOW MED",NA
21,6,202.035143236896,30,10,10.499970046912,"M",0,0.25,1,"HIGH LOW MED",NA
21,7,120.808173598671,22,2,2.50132878598145,"M",0,0.25,1,"HIGH LOW MED",NA
21,8,132.866623551634,22,2,2.50228453730705,"M",0,0.25,1,"HIGH LOW MED",NA
21,9,187.42951793375,27,7,7.50054302617068,"M",0,0.25,1,"HIGH LOW MED",NA
21,10,144.862832922702,23,3,3.49900850817066,"M",0,0.25,1,"HIGH LOW MED",NA
21,11,125.696041563801,22,2,2.50091638350455,"M",0,0.25,1,"HIGH LOW MED",NA
21,12,60.8638677810635,20,0,0.498408075895093,"M",0,0.25,1,"HIGH LOW MED",NA
21,13,155.807524350216,23,3,3.5008186675666,"M",0,0.25,1,"HIGH LOW MED",NA
21,14,59.2202907928365,20,0,0.501223867524156,"M",0,0.25,1,"HIGH LOW MED",NA
22,1,196.512760193732,32,11,11.5005030557513,"M",0,0.25,1,"HIGH LOW MED",NA
22,2,146.516930290885,23,2,2.50144008738,"M",0,0.25,1,"HIGH LOW MED",NA
22,3,65.2109800859121,21,0,0.500737103064595,"M",0,0.25,1,"HIGH LOW MED",NA
22,4,63.8883860672538,21,0,0.503447153583357,"M",0,0.25,1,"HIGH LOW MED",NA
22,5,126.618565421589,23,2,2.50130131599059,"M",0,0.25,1,"HIGH LOW MED",NA
22,6,64.0358848670454,21,0,0.499808422787485,"M",0,0.25,1,"HIGH LOW MED",NA
22,7,160.051399709891,24,3,3.49887621966905,"M",0,0.25,1,"HIGH LOW MED",NA
22,8,60.9698116737844,21,0,0.500146585923299,"M",0,0.25,1,"HIGH LOW MED",NA
22,9,180.984606935852,29,8,8.50004759344553,"M",0,0.25,1,"HIGH LOW MED",NA
22,10,120.941482604197,23,2,2.50221468624835,"M",0,0.25,1,"HIGH LOW MED",NA
22,11,132.534576090211,23,2,2.50059251336359,"M",0,0.25,1,"HIGH LOW MED",NA
23,1,127.789026474293,24,2,2.49873474989356,"M",0,0.25,1,"HIGH LOW MED",NA
23,2,146.694983102376,25,3,3.50152993106864,"M",0,0.25,1,"HIGH LOW MED",NA
23,3,95.9712484643114,23,1,1.50211598372548,"M",0,0.25,1,"HIGH LOW MED",NA
23,4,164.053936269016,28,6,6.50191849086168,"M",0,0.25,1,"HIGH LOW MED",NA
23,5,126.183188404243,24,2,2.49885591653085,"M",0,0.25,1,"HIGH LOW MED",NA
23,6,150.436548665885,26,4,4.4992556018264,"M",0,0.25,1,"HIGH LOW MED",NA
23,7,142.038411323658,25,3,3.49974246942381,"M",0,0.25,1,"HIGH LOW MED",NA
23,8,193.283348017945,28,6,6.50021178682809,"M",0,0.25,1,"HIGH LOW MED",NA
23,9,189.280602449222,33,11,11.5004515364375,"M",0,0.25,1,"HIGH LOW MED",NA
23,10,63.8617940187126,22,0,0.498258032507562,"M",0,0.25,1,"HIGH LOW MED",NA
23,11,192.530732558855,28,6,6.50120245653254,"M",0,0.25,1,"HIGH LOW MED",NA
23,12,127.127505082837,24,2,2.49767622827029,"M",0,0.25,1,"HIGH LOW MED",NA
23,13,62.9759112290688,22,0,0.501026763389516,"M",0,0.25,1,"HIGH LOW MED",NA
24,1,193.098666737155,31,8,8.49955887551417,"M",0,0.25,1,"HIGH LOW MED",NA
24,2,62.9979532942619,23,0,0.500578331010525,"M",0,0.25,1,"HIGH LOW MED",NA
24,3,66.7300550563675,23,0,0.500462840639748,"M",0,0.25,1,"HIGH LOW MED",NA
24,4,62.3309166067823,23,0,0.500375207074564,"M",0,0.25,1,"HIGH LOW MED",NA
24,5,130.140456637446,25,2,2.49933405285207,"M",0,0.25,1,"HIGH LOW MED",NA
24,6,65.9754189034739,23,0,0.502668682737774,"M",0,0.25,1,"HIGH LOW MED",NA
24,7,160.258293115701,27,4,4.50087512925096,"M",0,0.25,1,"HIGH LOW MED",NA
24,8,98.8015618734328,24,1,1.5011423502722,"M",0,0.25,1,"HIGH LOW MED",NA
24,9,138.430974042573,26,3,3.498499986859,"M",0,0.25,1,"HIGH LOW MED",NA
24,10,127.950275795703,25,2,2.50081447027947,"M",0,0.25,1,"HIGH LOW MED",NA
24,11,138.948410662277,26,3,3.49916348092298,"M",0,0.25,1,"HIGH LOW MED",NA
25,1,174.649456535266,34,10,10.498887447099,"M",0,0.25,1,"HIGH LOW MED",NA
25,2,64.7553659417457,24,0,0.499252738512066,"M",0,0.25,1,"HIGH LOW MED",NA
25,3,62.1433044102618,24,0,0.498090259904923,"M",0,0.25,1,"HIGH LOW MED",NA
25,4,186.977319747627,33,9,9.49943524115218,"M",0,0.25,1,"HIGH LOW MED",NA
25,5,167.847888785873,28,4,4.50073094782774,"M",0,0.25,1,"HIGH LOW MED",NA
25,6,195.926505931727,29,5,5.49939923422614,"M",0,0.25,1,"HIGH LOW MED",NA
25,7,61.057908296868,24,0,0.498908831988801,"M",0,0.25,1,"HIGH LOW MED",NA
25,8,215.851965891642,38,14,14.501282245938,"M",0,0.25,1,"HIGH LOW MED",NA
25,9,100.14199748939,25,1,1.50051042983093,"M",0,0.25,1,"HIGH LOW MED",NA
25,10,64.5032822740737,24,0,0.501615314437691,"M",0,0.25,1,"HIGH LOW MED",NA
26,1,99.7911201346302,26,1,1.49949082509477,"M",0,0.25,1,"HIGH LOW MED",NA
26,2,63.1023192099476,25,0,0.499867258851306,"M",0,0.25,1,"HIGH LOW MED",NA
26,3,62.2966684041602,25,0,0.500724180450499,"M",0,0.25,1,"HIGH LOW MED",NA
26,4,93.2315385383831,26,1,1.49842153952258,"M",0,0.25,1,"HIGH LOW MED",NA
26,5,62.7525074784691,25,0,0.500792637736664,"M",0,0.25,1,"HIGH LOW MED",NA
26,6,134.292903708913,27,2,2.49775346744495,"M",0,0.25,1,"HIGH LOW MED",NA
26,7,181.880553191606,30,5,5.50004494397891,"M",0,0.25,1,"HIGH LOW MED",NA
26,8,136.457134160736,28,3,3.49997221727429,"M",0,0.25,1,"HIGH LOW MED",NA
26,9,62.8740263155994,25,0,0.500447714921618,"M",0,0.25,1,"HIGH LOW MED",NA
26,10,61.0578457261414,25,0,0.500790462439914,"M",0,0.25,1,"HIGH LOW MED",NA
26,11,61.8677164341552,25,0,0.501520189648098,"M",0,0.25,1,"HIGH LOW MED",NA
26,12,99.4358273821965,26,1,1.49942029209465,"M",0,0.25,1,"HIGH LOW MED",NA
27,1,146.813765867911,29,3,3.49829708517849,"M",0,0.25,1,"HIGH LOW MED",NA
27,2,102.308872386982,27,1,1.50103468937717,"M",0,0.25,1,"HIGH LOW MED",NA
27,3,119.65948334866,28,2,2.49980355893721,"M",0,0.25,1,"HIGH LOW MED",NA
27,4,95.2177079515239,27,1,1.49985962494773,"M",0,0.25,1,"HIGH LOW MED",NA
27,5,228.753664137168,33,7,7.50126411344296,"M",0,0.25,1,"HIGH LOW MED",NA
27,6,103.567654858011,27,1,1.49979108594941,"M",0,0.25,1,"HIGH LOW MED",NA
27,7,167.483991385705,31,5,5.50077880399087,"M",0,0.25,1,"HIGH LOW MED",NA
27,8,62.5800568532507,26,0,0.498941096653669,"M",0,0.25,1,"HIGH LOW MED",NA
27,9,63.5361139082572,26,0,0.499397333952924,"M",0,0.25,1,"HIGH LOW MED",NA
27,10,64.2425055502063,26,0,0.500477106986824,"M",0,0.25,1,"HIGH LOW MED",NA
27,11,175.024890741934,31,5,5.49982330885828,"M",0,0.25,1,"HIGH LOW MED",NA
28,1,63.2542030355397,27,0,0.499881847364506,"M",0,0.25,1,"HIGH LOW MED",NA
28,2,62.3867904461549,27,0,0.501330387992441,"M",0,0.25,1,"HIGH LOW MED",NA
28,3,205.229429445076,36,9,9.50055159729565,"M",0,0.25,1,"HIGH LOW MED",NA
28,4,181.802267962419,32,5,5.50027077281563,"M",0,0.25,1,"HIGH LOW MED",NA
28,5,62.1764553212065,27,0,0.500161644222328,"M",0,0.25,1,"HIGH LOW MED",NA
28,6,229.005232392771,38,11,11.4991334576265,"M",0,0.25,1,"HIGH LOW MED",NA
28,7,167.265578296361,31,4,4.49802290862304,"M",0,0.25,1,"HIGH LOW MED",NA
28,8,130.629672629476,29,2,2.50019993940791,"M",0,0.25,1,"HIGH LOW MED",NA
28,9,62.0015841606922,27,0,0.499546681567744,"M",0,0.25,1,"HIGH LOW MED",NA
28,10,64.0282797927367,27,0,0.50048106908146,"M",0,0.25,1,"HIGH LOW MED",NA
28,11,211.545512172396,35,8,8.50021934015429,"M",0,0.25,1,"HIGH LOW MED",NA
28,12,128.241422895237,29,2,2.50168345011488,"M",0,0.25,1,"HIGH LOW MED",NA
28,13,120.407145208,29,2,2.5007582015953,"M",0,0.25,1,"HIGH LOW MED",NA
29,1,162.155942871746,32,4,4.49968149792091,"M",0,0.25,1,"HIGH LOW MED",NA
29,2,206.513347738512,35,7,7.50056829863633,"M",0,0.25,1,"HIGH LOW MED",NA
29,3,188.930674037473,36,8,8.50007771537138,"M",0,0.25,1,"HIGH LOW MED",NA
29,4,128.743257617131,30,2,2.5005587366917,"M",0,0.25,1,"HIGH LOW MED",NA
29,5,150.78473183528,31,3,3.50002469290169,"M",0,0.25,1,"HIGH LOW MED",NA
29,6,142.402064676986,31,3,3.49879110942271,"M",0,0.25,1,"HIGH LOW MED",NA
29,7,212.74293225987,37,9,9.50037655536921,"M",0,0.25,1,"HIGH LOW MED",NA
29,8,214.028214272513,35,7,7.50158103393988,"M",0,0.25,1,"HIGH LOW MED",NA
29,9,125.152892659744,30,2,2.4998518990218,"M",0,0.25,1,"HIGH LOW MED",NA
29,10,219.681636961257,34,6,6.49970236442125,"M",0,0.25,1,"HIGH LOW MED",NA
29,11,101.891188094766,29,1,1.4997392510221,"M",0,0.25,1,"HIGH LOW MED",NA
29,12,209.463011830055,34,6,6.50046177578727,"M",0,0.25,1,"HIGH LOW MED",NA
30,1,151.613647786029,32,3,3.49895239707094,"M",0,0.25,1,"HIGH LOW MED",NA
30,2,60.9663550885012,29,0,0.499401895294021,"M",0,0.25,1,"HIGH LOW MED",NA
30,3,160.241459654545,33,4,4.50017209642979,"M",0,0.25,1,"HIGH LOW MED",NA
30,4,181.957831840661,36,7,7.5012505883599,"M",0,0.25,1,"HIGH LOW MED",NA
30,5,97.4868180960676,30,1,1.5018556789813,"M",0,0.25,1,"HIGH LOW MED",NA
30,6,98.539532298189,30,1,1.49853508180807,"M",0,0.25,1,"HIGH LOW MED",NA
30,7,99.8348124863899,30,1,1.50093514974083,"M",0,0.25,1,"HIGH LOW MED",NA
30,8,62.5656566371525,29,0,0.499843721091064,"M",0,0.25,1,"HIGH LOW MED",NA
30,9,98.0583679753907,30,1,1.49920879448584,"M",0,0.25,1,"HIGH LOW MED",NA
30,10,229.295119469497,35,6,6.5001643677927,"M",0,0.25,1,"HIGH LOW MED",NA
30,11,62.2865935547718,29,0,0.500783079316547,"M",0,0.25,1,"HIGH LOW MED",NA
31,1,59.9264146956823,30,0,0.499753867815333,"M",0,0.25,1,"HIGH LOW MED",NA
31,2,102.898991342137,31,1,1.50027268220306,"M",0,0.25,1,"HIGH LOW MED",NA
31,3,152.040370862165,33,3,3.49864278703381,"M",0,0.25,1,"HIGH LOW MED",NA
31,4,62.9660499080159,30,0,0.499349714645357,"M",0,0.25,1,"HIGH LOW MED",NA
31,5,96.4973174425407,31,1,1.50123664389048,"M",0,0.25,1,"HIGH LOW MED",NA
31,6,63.2252620619487,30,0,0.499758157688417,"M",0,0.25,1,"HIGH LOW MED",NA
31,7,212.627498912753,37,7,7.50012058411375,"M",0,0.25,1,"HIGH LOW MED",NA
31,8,223.241030398459,37,7,7.50127129591452,"M",0,0.25,1,"HIGH LOW MED",NA
31,9,146.406813581194,33,3,3.50126625703377,"M",0,0.25,1,"HIGH LOW MED",NA
31,10,140.455424708798,33,3,3.49945281321568,"M",0,0.25,1,"HIGH LOW MED",NA
31,11,63.780397725062,30,0,0.500176616117989,"M",0,0.25,1,"HIGH LOW MED",NA
31,12,127.174498106818,32,2,2.49941117000434,"M",0,0.25,1,"HIGH LOW MED",NA
31,13,63.7653717439936,30,0,0.500906887164355,"M",0,0.25,1,"HIGH LOW MED",NA
32,1,205.732972489535,39,8,8.5008421918403,"M",0,0.25,1,"HIGH LOW MED",NA
32,2,62.6890765542831,31,0,0.497040880097709,"M",0,0.25,1,"HIGH LOW MED",NA
32,3,152.021816892836,34,3,3.50175505013193,"M",0,0.25,1,"HIGH LOW MED",NA
32,4,197.11631244302,36,5,5.50099898677996,"M",0,0.25,1,"HIGH LOW MED",NA
32,5,60.2057257137291,31,0,0.501269537232809,"M",0,0.25,1,"HIGH LOW MED",NA
32,6,223.225316252949,42,11,11.5000864488355,"M",0,0.25,1,"HIGH LOW MED",NA
32,7,123.003391804048,33,2,2.49869555281082,"M",0,0.25,1,"HIGH LOW MED",NA
32,8,241.787509399084,44,13,13.5003685263751,"M",0,0.25,1,"HIGH LOW MED",NA
32,9,127.86618721207,33,2,2.49956171318557,"M",0,0.25,1,"HIGH LOW MED",NA
32,10,147.644541394561,34,3,3.49934135888351,"M",0,0.25,1,"HIGH LOW MED",NA
32,11,192.711947419775,37,6,6.49856575611441,"M",0,0.25,1,"HIGH LOW MED",NA
33,1,151.592851145049,35,3,3.49984036536138,"M",0,0.25,1,"HIGH LOW MED",NA
33,2,131.103748273077,34,2,2.50091658548684,"M",0,0.25,1,"HIGH LOW MED",NA
33,3,155.216347577241,36,4,4.50016627678016,"M",0,0.25,1,"HIGH LOW MED",NA
33,4,94.6766402617457,33,1,1.5006771916951,"M",0,0.25,1,"HIGH LOW MED",NA
33,5,130.646689121161,34,2,2.50037957820467,"M",0,0.25,1,"HIGH LOW MED",NA
33,6,122.227496548627,34,2,2.49917747277759,"M",0,0.25,1,"HIGH LOW MED",NA
33,7,143.471303870737,35,3,3.50018240183675,"M",0,0.25,1,"HIGH LOW MED",NA
33,8,100.900936947554,33,1,1.50025388176931,"M",0,0.25,1,"HIGH LOW MED",NA
33,9,203.717193444505,39,7,7.50051121183547,"M",0,0.25,1,"HIGH LOW MED",NA
33,10,209.477564577211,44,12,12.5002026635799,"M",0,0.25,1,"HIGH LOW MED",NA
33,11,239.488538599938,41,9,9.49955438463193,"M",0,0.25,1,"HIGH LOW MED",NA
33,12,159.184508307828,37,5,5.5001161639488,"M",0,0.25,1,"HIGH LOW MED",NA
34,1,174.158141323297,39,6,6.4990084838423,"M",0,0.25,1,"HIGH LOW MED",NA
34,2,124.895549347818,35,2,2.49968252582292,"M",0,0.25,1,"HIGH LOW MED",NA
34,3,99.3716321611532,34,1,1.50048875456569,"M",0,0.25,1,"HIGH LOW MED",NA
34,4,99.2488587917532,34,1,1.50205437843968,"M",0,0.25,1,"HIGH LOW MED",NA
34,5,181.157119478442,38,5,5.50053888294207,"M",0,0.25,1,"HIGH LOW MED",NA
34,6,60.508343194773,33,0,0.499329427568534,"M",0,0.25,1,"HIGH LOW MED",NA
34,7,165.56241382611,36,3,3.49968808655225,"M",0,0.25,1,"HIGH LOW MED",NA
34,8,121.928860885901,35,2,2.49880090618962,"M",0,0.25,1,"HIGH LOW MED",NA
34,9,60.2455072220148,33,0,0.499291272425431,"M",0,0.25,1,"HIGH LOW MED",NA
34,10,234.887083588249,44,11,11.5004162889502,"M",0,0.25,1,"HIGH LOW MED",NA
34,11,166.126881405245,37,4,4.49924141233036,"M",0,0.25,1,"HIGH LOW MED",NA
35,1,65.1400416495308,34,0,0.499781581029487,"M",0,0.25,1,"HIGH LOW MED",NA
35,2,201.761340339117,48,14,14.5004032029761,"M",0,0.25,1,"HIGH LOW MED",NA
35,3,201.220065422674,42,8,8.49892340096226,"M",0,0.25,1,"HIGH LOW MED",NA
35,4,172.821992514477,39,5,5.49937720342151,"M",0,0.25,1,"HIGH LOW MED",NA
35,5,112.713141225131,36,2,2.49997294918009,"M",0,0.25,1,"HIGH LOW MED",NA
35,6,64.4085807394786,34,0,0.500165328780102,"M",0,0.25,1,"HIGH LOW MED",NA
35,7,101.665872502135,35,1,1.50074543909918,"M",0,0.25,1,"HIGH LOW MED",NA
35,8,98.8913329537207,35,1,1.49902097220531,"M",0,0.25,1,"HIGH LOW MED",NA
35,9,119.590511529747,36,2,2.49957077569131,"M",0,0.25,1,"HIGH LOW MED",NA
35,10,98.4939256978106,35,1,1.49956023843868,"M",0,0.25,1,"HIGH LOW MED",NA
35,11,175.087105132947,38,4,4.50130753962751,"M",0,0.25,1,"HIGH LOW MED",NA
35,12,174.316074264316,43,9,9.50081928960277,"M",0,0.25,1,"HIGH LOW MED",NA
36,1,198.447372425842,44,9,9.50064909235897,"M",0,0.25,1,"HIGH LOW MED",NA
36,2,102.511919714838,36,1,1.49970650854731,"M",0,0.25,1,"HIGH LOW MED",NA
36,3,116.686567822484,37,2,2.49831424202719,"M",0,0.25,1,"HIGH LOW MED",NA
36,4,146.260032173434,38,3,3.50065736126208,"M",0,0.25,1,"HIGH LOW MED",NA
36,5,62.3399360993634,35,0,0.499759801730949,"M",0,0.25,1,"HIGH LOW MED",NA
36,6,103.117881044817,36,1,1.49931863664337,"M",0,0.25,1,"HIGH LOW MED",NA
36,7,62.7738459157831,35,0,0.499240168320966,"M",0,0.25,1,"HIGH LOW MED",NA
36,8,160.584301922337,40,5,5.49941570556917,"M",0,0.25,1,"HIGH LOW MED",NA
36,9,63.0435945848425,35,0,0.500109400574658,"M",0,0.25,1,"HIGH LOW MED",NA
36,10,219.823040020635,45,10,10.4993996009245,"M",0,0.25,1,"HIGH LOW MED",NA
36,11,96.1393994533908,36,1,1.49990238303863,"M",0,0.25,1,"HIGH LOW MED",NA
37,1,108.345635546155,37,1,1.50088869878143,"M",0,0.25,1,"HIGH LOW MED",NA
37,2,62.8760237912323,36,0,0.500456666992391,"M",0,0.25,1,"HIGH LOW MED",NA
37,3,199.627856358974,41,5,5.50126986607432,"M",0,0.25,1,"HIGH LOW MED",NA
37,4,225.896209881743,44,8,8.50205617468294,"M",0,0.25,1,"HIGH LOW MED",NA
37,5,63.6827231505299,36,0,0.500792028733842,"M",0,0.25,1,"HIGH LOW MED",NA
37,6,64.4380365945021,36,0,0.499681664536546,"M",0,0.25,1,"HIGH LOW MED",NA
37,7,161.331885382987,39,3,3.49957157019588,"M",0,0.25,1,"HIGH LOW MED",NA
37,8,175.192122502107,41,5,5.50130506739203,"M",0,0.25,1,"HIGH LOW MED",NA
37,9,244.042294951914,43,7,7.50082724385528,"M",0,0.25,1,"HIGH LOW MED",NA
37,10,125.820161758441,38,2,2.49882412993064,"M",0,0.25,1,"HIGH LOW MED",NA
37,11,95.08808662465,37,1,1.50071560812057,"M",0,0.25,1,"HIGH LOW MED",NA
37,12,106.20042729329,37,1,1.50049805516308,"M",0,0.25,1,"HIGH LOW MED",NA
38,1,60.2968330045607,37,0,0.500619036488329,"M",0,0.25,1,"HIGH LOW MED",NA
38,2,211.652512998498,45,8,8.49890290956555,"M",0,0.25,1,"HIGH LOW MED",NA
38,3,179.54478341767,42,5,5.49903646065271,"M",0,0.25,1,"HIGH LOW MED",NA
38,4,64.7034345639393,37,0,0.500132553118556,"M",0,0.25,1,"HIGH LOW MED",NA
38,5,181.115150302463,44,7,7.50183746597698,"M",0,0.25,1,"HIGH LOW MED",NA
38,6,176.990990255399,43,6,6.5001908888863,"M",0,0.25,1,"HIGH LOW MED",NA
38,7,195.968995648343,43,6,6.50036731811992,"M",0,0.25,1,"HIGH LOW MED",NA
38,8,63.1413053185199,37,0,0.499646847408982,"M",0,0.25,1,"HIGH LOW MED",NA
38,9,141.463550844585,40,3,3.50057988762706,"M",0,0.25,1,"HIGH LOW MED",NA
38,10,62.0376485936048,37,0,0.497964322204829,"M",0,0.25,1,"HIGH LOW MED",NA
38,11,213.513946748835,49,12,12.5008580397461,"M",0,0.25,1,"HIGH LOW MED",NA
38,12,59.6933224783656,37,0,0.498863951461146,"M",0,0.25,1,"HIGH LOW MED",NA
38,13,151.299455844935,41,4,4.49975882423483,"M",0,0.25,1,"HIGH LOW MED",NA
39,1,180.886040863652,45,7,7.50005218708791,"M",0,0.25,1,"HIGH LOW MED",NA
39,2,238.418889991609,47,9,9.49888569867914,"M",0,0.25,1,"HIGH LOW MED",NA
39,3,60.908093916669,38,0,0.500752187185238,"M",0,0.25,1,"HIGH LOW MED",NA
39,4,64.6054174368256,38,0,0.500003388532132,"M",0,0.25,1,"HIGH LOW MED",NA
39,5,186.593019357519,47,9,9.49867484410486,"M",0,0.25,1,"HIGH LOW MED",NA
39,6,186.56956290482,43,5,5.50169843414662,"M",0,0.25,1,"HIGH LOW MED",NA
39,7,104.007234356371,39,1,1.49886824878289,"M",0,0.25,1,"HIGH LOW MED",NA
39,8,192.176109253052,44,6,6.49922402329562,"M",0,0.25,1,"HIGH LOW MED",NA
39,9,136.334921442606,40,2,2.50117251987316,"M",0,0.25,1,"HIGH LOW MED",NA
39,10,95.6925356671434,39,1,1.49880784165061,"M",0,0.25,1,"HIGH LOW MED",NA
39,11,62.8933525224033,38,0,0.500969495721542,"M",0,0.25,1,"HIGH LOW MED",NA
39,12,61.0926780164861,38,0,0.499900912727142,"M",0,0.25,1,"HIGH LOW MED",NA
40,1,199.607847888611,47,8,8.50005971606409,"M",0,0.25,1,"HIGH LOW MED",NA
40,2,99.1058745678521,40,1,1.50098731338141,"M",0,0.25,1,"HIGH LOW MED",NA
40,3,101.529539613084,40,1,1.49974057855085,"M",0,0.25,1,"HIGH LOW MED",NA
40,4,97.9948154276868,40,1,1.49955845187687,"M",0,0.25,1,"HIGH LOW MED",NA
40,5,147.770562195273,42,3,3.49958829197132,"M",0,0.25,1,"HIGH LOW MED",NA
40,6,64.2058266352708,39,0,0.497762522045201,"M",0,0.25,1,"HIGH LOW MED",NA
40,7,124.910952430834,41,2,2.49950837300073,"M",0,0.25,1,"HIGH LOW MED",NA
40,8,157.789924001875,42,3,3.49896589328076,"M",0,0.25,1,"HIGH LOW MED",NA
40,9,59.4625026336644,39,0,0.50188981454204,"M",0,0.25,1,"HIGH LOW MED",NA
40,10,99.3546295372439,40,1,1.49901681958276,"M",0,0.25,1,"HIGH LOW MED",NA
40,11,176.794519543248,46,7,7.50076898457958,"M",0,0.25,1,"HIGH LOW MED",NA
41,1,221.162727829177,50,10,10.4992062641124,"FISHED",0.380697701242752,0.25,1,"HIGH LOW MED",NA
41,2,218.261310715409,49,9,9.50087308576903,"M",0,0.25,1,"HIGH LOW MED",NA
41,3,122.59628325704,42,2,2.49960761902742,"M",0,0.25,1,"HIGH LOW MED",NA
41,4,119.065199627602,42,2,2.5002295061449,"M",0,0.25,1,"HIGH LOW MED",NA
41,5,97.5306018767075,41,1,1.50061510101275,"M",0,0.25,1,"HIGH LOW MED",NA
41,6,226.929082445831,51,11,11.5021152832132,"M",0.307348212786019,0.25,1,"HIGH LOW MED",NA
41,7,172.879347501977,44,4,4.49970324142641,"M",0,0.25,1,"HIGH LOW MED",NA
41,8,122.01393136059,42,2,2.50057288249994,"M",0,0.25,1,"HIGH LOW MED",NA
41,9,62.2722022498798,40,0,0.500863212067431,"M",0,0.25,1,"HIGH LOW MED",NA
41,10,142.621041444335,43,3,3.4996404434486,"M",0,0.25,1,"HIGH LOW MED",NA
41,11,165.995736783427,44,4,4.50059373642353,"M",0,0.25,1,"HIGH LOW MED",NA
42,1,120.983223785675,43,2,2.50264283780468,"M",0,0.25,1,"HIGH LOW MED",NA
42,2,128.454227265922,43,2,2.50081981136356,"M",0,0.25,1,"HIGH LOW MED",NA
42,3,61.6213553966472,41,0,0.498801692428262,"M",0,0.25,1,"HIGH LOW MED",NA
42,4,155.783630894612,44,3,3.50099318259806,"M",0,0.25,1,"HIGH LOW MED",NA
42,5,190.100552575308,46,5,5.50089556733155,"M",0,0.25,1,"HIGH LOW MED",NA
42,6,61.2507581428919,41,0,0.500177626246654,"M",0,0.25,1,"HIGH LOW MED",NA
42,7,61.4169088142427,41,0,0.50033629422091,"M",0,0.25,1,"HIGH LOW MED",NA
42,8,100.793223590279,42,1,1.50014801400775,"M",0,0.25,1,"HIGH LOW MED",NA
42,9,100.286759654312,42,1,1.50080553946181,"M",0,0.25,1,"HIGH LOW MED",NA
42,10,126.575320877362,43,2,2.50042808031687,"M",0,0.25,1,"HIGH LOW MED",NA
42,11,63.9795784357175,41,0,0.499239252749672,"M",0,0.25,1,"HIGH LOW MED",NA
42,12,60.2912831400994,41,0,0.500543668527695,"M",0,0.25,1,"HIGH LOW MED",NA
42,13,95.0681072370467,42,1,1.50086541750811,"M",0,0.25,1,"HIGH LOW MED",NA
43,1,132.379635643556,45,3,3.49994981610603,"M",0,0.25,1,"HIGH LOW MED",NA
43,2,202.338360529965,49,7,7.50195861482321,"M",0,0.25,1,"HIGH LOW MED",NA
43,3,162.611392641766,46,4,4.49944783791315,"M",0,0.25,1,"HIGH LOW MED",NA
43,4,146.359318096607,46,4,4.50104761173988,"M",0,0.25,1,"HIGH LOW MED",NA
43,5,253.100442666365,52,10,10.501239001488,"FISHED",0.391903746221215,0.25,1,"HIGH LOW MED",NA
43,6,185.79271244184,51,9,9.4986767492523,"FISHED",0.307348212786019,0.25,1,"HIGH LOW MED",NA
43,7,118.826229316352,44,2,2.49875044022586,"M",0,0.25,1,"HIGH LOW MED",NA
43,8,65.1103155497736,42,0,0.500297095215885,"M",0,0.25,1,"HIGH LOW MED",NA
43,9,233.737839002715,51,9,9.50021763987727,"FISHED",0.307348212786019,0.25,1,"HIGH LOW MED",NA
43,10,129.634558355511,44,2,2.50063295826186,"M",0,0.25,1,"HIGH LOW MED",NA
43,11,61.6505223345926,42,0,0.49989940468489,"M",0,0.25,1,"HIGH LOW MED",NA
43,12,125.036864760395,44,2,2.49922516682342,"M",0,0.25,1,"HIGH LOW MED",NA
43,13,100.269797840811,43,1,1.50158963706296,"M",0,0.25,1,"HIGH LOW MED",NA
44,1,157.09502191474,46,3,3.49963603092243,"M",0,0.25,1,"HIGH LOW MED",NA
44,2,178.662647716845,48,5,5.50131733357348,"M",0,0.25,1,"HIGH LOW MED",NA
44,3,128.775919008947,45,2,2.50177531409732,"M",0,0.25,1,"HIGH LOW MED",NA
44,4,208.961228262121,51,8,8.49937106869396,"M",0.307348212786019,0.25,1,"HIGH LOW MED",NA
44,5,94.7817672181014,44,1,1.50167427896915,"M",0,0.25,1,"HIGH LOW MED",NA
44,6,127.847868798216,45,2,2.49935687785364,"M",0,0.25,1,"HIGH LOW MED",NA
44,7,213.665912127484,53,10,10.498511058803,"M",0.368471158016473,0.25,1,"HIGH LOW MED",NA
44,8,113.554207679185,45,2,2.49981329877304,"M",0,0.25,1,"HIGH LOW MED",NA
44,9,194.161265646767,51,8,8.50017841612963,"M",0.307348212786019,0.25,1,"HIGH LOW MED",NA
45,1,92.5231821094918,45,1,1.49899951825468,"M",0,0.25,1,"HIGH LOW MED",NA
45,2,173.418751946662,51,7,7.49995641881726,"FISHED",0.307348212786019,0.25,1,"HIGH LOW MED",NA
45,3,65.7430560480401,44,0,0.50003987546461,"M",0,0.25,1,"HIGH LOW MED",NA
45,4,107.719537840079,45,1,1.49824396851968,"M",0,0.25,1,"HIGH LOW MED",NA
45,5,172.09565407024,48,4,4.50021224292178,"M",0,0.25,1,"HIGH LOW MED",NA
45,6,189.890260176199,49,5,5.4989576055171,"M",0,0.25,1,"HIGH LOW MED",NA
45,7,97.9712580757227,45,1,1.49998525572264,"M",0,0.25,1,"HIGH LOW MED",NA
45,8,160.265815261228,47,3,3.49754453216888,"M",0,0.25,1,"HIGH LOW MED",NA
45,9,61.1772081168402,44,0,0.50047552147937,"M",0,0.25,1,"HIGH LOW MED",NA
45,10,94.2750152525238,45,1,1.5011074726295,"M",0,0.25,1,"HIGH LOW MED",NA
45,11,175.044153281717,48,4,4.49914431252254,"M",0,0.25,1,"HIGH LOW MED",NA
45,12,133.409512961928,46,2,2.49780702104636,"M",0,0.25,1,"HIGH LOW MED",NA
46,1,97.0291876033653,46,1,1.49894363335667,"M",0,0.25,1,"HIGH LOW MED",NA
46,2,162.885320687511,49,4,4.49989540461069,"M",0,0.25,1,"HIGH LOW MED",NA
46,3,179.550390603791,50,5,5.49819631113981,"M",0.380697701242752,0.25,1,"HIGH LOW MED",NA
46,4,99.89354985186,46,1,1.50149907411378,"M",0,0.25,1,"HIGH LOW MED",NA
46,5,143.170033039707,48,3,3.49986588354507,"M",0,0.25,1,"HIGH LOW MED",NA
46,6,62.5425330666721,45,0,0.500665602483641,"M",0,0.25,1,"HIGH LOW MED",NA
46,7,130.509561506485,47,2,2.49943156700023,"M",0,0.25,1,"HIGH LOW MED",NA
46,8,140.545618411793,48,3,3.50105889533574,"M",0,0.25,1,"HIGH LOW MED",NA
46,9,181.682540080192,51,6,6.49978695699103,"M",0.307348212786019,0.25,1,"HIGH LOW MED",NA
46,10,182.271640402391,50,5,5.50047720858042,"M",0.380697701242752,0.25,1,"HIGH LOW MED",NA
46,11,115.920220762973,47,2,2.49971233821702,"M",0,0.25,1,"HIGH LOW MED",NA
46,12,61.5948812170477,45,0,0.499446247643838,"M",0,0.25,1,"HIGH LOW MED",NA
47,1,168.609661898469,50,4,4.50039836009318,"FISHED",0.380697701242752,0.25,1,"HIGH LOW MED",NA
47,2,156.625641231235,49,3,3.50045820629308,"M",0,0.25,1,"HIGH LOW MED",NA
47,3,125.691689560874,48,2,2.49911205005949,"M",0,0.25,1,"HIGH LOW MED",NA
47,4,117.530242737876,48,2,2.49927034386608,"M",0,0.25,1,"HIGH LOW MED",NA
47,5,120.899458284089,48,2,2.50146170621942,"M",0,0.25,1,"HIGH LOW MED",NA
47,6,152.987501191575,49,3,3.50045769158376,"M",0,0.25,1,"HIGH LOW MED",NA
47,7,136.608929270897,49,3,3.49961604415159,"M",0,0.25,1,"HIGH LOW MED",NA
47,8,205.068648951035,51,5,5.50119056352862,"FISHED",0.307348212786019,0.25,1,"HIGH LOW MED",NA
47,9,61.0972881272376,46,0,0.500108613699603,"M",0,0.25,1,"HIGH LOW MED",NA
47,10,195.071984932069,54,8,8.49914407225594,"M",0.338798348209821,0.25,1,"HIGH LOW MED",NA
47,11,124.628014637121,48,2,2.50073274551945,"M",0,0.25,1,"HIGH LOW MED",NA
47,12,106.220545417915,47,1,1.50055866359279,"M",0,0.25,1,"HIGH LOW MED",NA
47,13,92.8670283800283,47,1,1.49963504650646,"M",0,0.25,1,"HIGH LOW MED",NA
48,1,93.5637337385811,48,1,1.50022515009206,"M",0,0.25,1,"HIGH LOW MED",NA
48,2,63.2071577386215,47,0,0.500692920948581,"M",0,0.25,1,"HIGH LOW MED",NA
48,3,99.0355818606618,48,1,1.50164095158336,"M",0,0.25,1,"HIGH LOW MED",NA
48,4,99.5990866732695,48,1,1.50175109964273,"M",0,0.25,1,"HIGH LOW MED",NA
48,5,99.155029639851,48,1,1.50024821603605,"M",0,0.25,1,"HIGH LOW MED",NA
48,6,143.516979511902,50,3,3.50116194017118,"M",0.380697701242752,0.25,1,"HIGH LOW MED",NA
48,7,61.6106610375884,47,0,0.499633596791908,"M",0,0.25,1,"HIGH LOW MED",NA
48,8,183.837309206602,52,5,5.50031535709778,"M",0.391903746221215,0.25,1,"HIGH LOW MED",NA
48,9,128.216533337344,49,2,2.50166886554641,"M",0,0.25,1,"HIGH LOW MED",NA
48,10,101.762919264959,48,1,1.50145996004445,"M",0,0.25,1,"HIGH LOW MED",NA
48,11,176.015286018027,51,4,4.50129825215696,"M",0.307348212786019,0.25,1,"HIGH LOW MED",NA
48,12,117.527412326481,49,2,2.50181544164969,"M",0,0.25,1,"HIGH LOW MED",NA
48,13,139.479413945752,50,3,3.49891212267589,"FISHED",0.380697701242752,0.25,1,"HIGH LOW MED",NA
49,1,162.377489214032,52,4,4.50186288531389,"M",0.391903746221215,0.25,1,"HIGH LOW MED",NA
49,2,62.3383990254933,48,0,0.499073021666489,"M",0,0.25,1,"HIGH LOW MED",NA
49,3,97.2528260204708,49,1,1.49861559381815,"M",0,0.25,1,"HIGH LOW MED",NA
49,4,100.221830497712,49,1,1.5002154656731,"M",0,0.25,1,"HIGH LOW MED",NA
49,5,197.368696069344,54,6,6.49974036094176,"M",0.338798348209821,0.25,1,"HIGH LOW MED",NA
49,6,162.971169317549,51,3,3.49935708844531,"M",0.307348212786019,0.25,1,"HIGH LOW MED",NA
49,7,168.014076591598,52,4,4.49911397460782,"M",0.391903746221215,0.25,1,"HIGH LOW MED",NA
49,8,62.7066894687168,48,0,0.498181788899256,"M",0,0.25,1,"HIGH LOW MED",NA
49,9,61.9101893914205,48,0,0.499638699027609,"M",0,0.25,1,"HIGH LOW MED",NA
49,10,94.5769064889347,49,1,1.4999263659466,"M",0,0.25,1,"HIGH LOW MED",NA
49,11,98.4470929944482,49,1,1.50054660281845,"M",0,0.25,1,"HIGH LOW MED",NA
49,12,215.526282119026,57,9,9.49870305151206,"M",0.327926891599782,0.25,1,"HIGH LOW MED",NA
49,13,124.928705681251,50,2,2.50010181200639,"FISHED",0.380697701242752,0.25,1,"HIGH LOW MED",NA
49,14,162.333753161477,52,4,4.4993312627906,"M",0.391903746221215,0.25,1,"HIGH LOW MED",NA
50,1,97.8614450132285,50,1,1.49979926476193,"M",0.380697701242752,0.25,1,"HIGH LOW MED",NA
50,2,135.986846988451,51,2,2.5000094687541,"FISHED",0.307348212786019,0.25,1,"HIGH LOW MED",NA
50,3,102.560285660386,50,1,1.49936227954568,"FISHED",0.380697701242752,0.25,1,"HIGH LOW MED",NA
50,4,103.884367838262,50,1,1.5009018283612,"M",0.380697701242752,0.25,1,"HIGH LOW MED",NA
50,5,99.5408972358814,50,1,1.49927024638208,"M",0.380697701242752,0.25,1,"HIGH LOW MED",NA
50,6,135.359489544231,52,3,3.50165261536156,"FISHED",0.391903746221215,0.25,1,"HIGH LOW MED",NA
50,7,99.6817811751281,50,1,1.49840107877657,"FISHED",0.380697701242752,0.25,1,"HIGH LOW MED",NA
50,8,61.7104719650967,49,0,0.499580800463286,"M",0,0.25,1,"HIGH LOW MED",NA
50,9,120.429079078164,51,2,2.50105124662252,"M",0.307348212786019,0.25,1,"HIGH LOW MED",NA
50,10,62.5829009442395,49,0,0.499333466853758,"M",0,0.25,1,"HIGH LOW MED",NA
50,11,61.9749030304206,49,0,0.497868233603033,"M",0,0.25,1,"HIGH LOW MED",NA
51,1,100.951691289352,51,1,1.49996888969118,"M",0.307348212786019,0.25,1,"HIGH LOW MED",NA
51,2,62.7712622548671,50,0,0.499994598823277,"M",0.380697701242752,0.25,1,"HIGH LOW MED",NA
51,3,100.063957888708,51,1,1.49866623806344,"FISHED",0.307348212786019,0.25,1,"HIGH LOW MED",NA
51,4,62.6894661344054,50,0,0.50037558450921,"FISHED",0.380697701242752,0.25,1,"HIGH LOW MED",NA
51,5,61.3812653812623,50,0,0.501247414619364,"FISHED",0.380697701242752,0.25,1,"HIGH LOW MED",NA
51,6,62.5051781667527,50,0,0.50050236652461,"FISHED",0.380697701242752,0.25,1,"HIGH LOW MED",NA
51,7,61.4791572248857,50,0,0.500728797277452,"FISHED",0.380697701242752,0.25,1,"HIGH LOW MED",NA
51,8,61.6982949586797,50,0,0.499700927234196,"FISHED",0.380697701242752,0.25,1,"HIGH LOW MED",NA
51,9,61.8616642377103,50,0,0.500407160498189,"FISHED",0.380697701242752,0.25,1,"HIGH LOW MED",NA
51,10,94.4631748300269,51,1,1.49868586233892,"M",0.307348212786019,0.25,1,"HIGH LOW MED",NA
51,11,64.1049607690553,50,0,0.499657191188542,"M",0.380697701242752,0.25,1,"HIGH LOW MED",NA
52,1,163.219319332187,55,4,4.50133958377137,"M",0.361151616624556,0.25,1,"HIGH LOW MED",NA
52,2,128.203312658805,53,2,2.4995987995096,"M",0.368471158016473,0.25,1,"HIGH LOW MED",NA
52,3,101.03820671755,52,1,1.50260374970026,"FISHED",0.391903746221215,0.25,1,"HIGH LOW MED",NA
52,4,211.896297628805,57,6,6.4993835717295,"FISHED",0.327926891599782,0.25,1,"HIGH LOW MED",NA
52,5,136.89484925827,53,2,2.50006120971006,"FISHED",0.368471158016473,0.25,1,"HIGH LOW MED",NA
52,6,63.1764306989822,51,0,0.499725134913544,"FISHED",0.307348212786019,0.25,1,"HIGH LOW MED",NA
52,7,64.952157145165,51,0,0.498358172185106,"FISHED",0.307348212786019,0.25,1,"HIGH LOW MED",NA
52,8,98.9081324280725,52,1,1.49918567704399,"M",0.391903746221215,0.25,1,"HIGH LOW MED",NA
52,9,61.9460732149202,51,0,0.500096485321298,"FISHED",0.307348212786019,0.25,1,"HIGH LOW MED",NA
52,10,122.842487727369,53,2,2.49953099610059,"FISHED",0.368471158016473,0.25,1,"HIGH LOW MED",NA
52,11,121.64890781425,53,2,2.49883368785219,"FISHED",0.368471158016473,0.25,1,"HIGH LOW MED",NA
53,1,100.672051403383,53,1,1.49942668115995,"M",0.368471158016473,0.25,1,"HIGH LOW MED",NA
53,2,63.8084365301922,52,0,0.499649589641151,"M",0.391903746221215,0.25,1,"HIGH LOW MED",NA
53,3,145.826078092512,55,3,3.50181567259163,"FISHED",0.361151616624556,0.25,1,"HIGH LOW MED",NA
53,4,64.9080822072846,52,0,0.500325056426018,"M",0.391903746221215,0.25,1,"HIGH LOW MED",NA
53,5,65.1382378448529,52,0,0.500164475598218,"FISHED",0.391903746221215,0.25,1,"HIGH LOW MED",NA
53,6,127.621690855616,54,2,2.4999483963543,"FISHED",0.338798348209821,0.25,1,"HIGH LOW MED",NA
53,7,62.2154683924202,52,0,0.501263339244549,"FISHED",0.391903746221215,0.25,1,"HIGH LOW MED",NA
53,8,61.9762031930083,52,0,0.498163860851652,"M",0.391903746221215,0.25,1,"HIGH LOW MED",NA
53,9,100.671330069828,53,1,1.50117804703151,"M",0.368471158016473,0.25,1,"HIGH LOW MED",NA
54,1,131.648570318049,55,2,2.50045385758895,"FISHED",0.361151616624556,0.25,1,"HIGH LOW MED",NA
54,2,142.248565209398,56,3,3.49949896495809,"M",0.363303667819127,0.25,1,"HIGH LOW MED",NA
54,3,64.633525148998,53,0,0.499949256865999,"M",0.368471158016473,0.25,1,"HIGH LOW MED",NA
54,4,103.88742329304,54,1,1.50108553931673,"M",0.338798348209821,0.25,1,"HIGH LOW MED",NA
54,5,60.7607283839933,53,0,0.50009202376958,"M",0.368471158016473,0.25,1,"HIGH LOW MED",NA
54,6,63.9394030020758,53,0,0.499383019530704,"M",0.368471158016473,0.25,1,"HIGH LOW MED",NA
54,7,64.755168677613,53,0,0.501319286865025,"FISHED",0.368471158016473,0.25,1,"HIGH LOW MED",NA
54,8,67.3469838793807,53,0,0.49924287120964,"FISHED",0.368471158016473,0.25,1,"HIGH LOW MED",NA
54,9,152.290528549968,56,3,3.50032206269491,"FISHED",0.363303667819127,0.25,1,"HIGH LOW MED",NA
54,10,131.724765095438,55,2,2.50116032714791,"FISHED",0.361151616624556,0.25,1,"HIGH LOW MED",NA
54,11,61.6699721222181,53,0,0.500099514263197,"FISHED",0.368471158016473,0.25,1,"HIGH LOW MED",NA
55,1,181.695487738535,58,4,4.49982435414479,"M",0.330860137217678,0.25,1,"HIGH LOW MED",NA
55,2,61.4941178360352,54,0,0.49887667591008,"FISHED",0.338798348209821,0.25,1,"HIGH LOW MED",NA
55,3,60.6666596074118,54,0,0.500859303350324,"M",0.338798348209821,0.25,1,"HIGH LOW MED",NA
55,4,61.7384703424424,54,0,0.498945099411214,"M",0.338798348209821,0.25,1,"HIGH LOW MED",NA
55,5,146.760204063315,57,3,3.502665376159,"M",0.327926891599782,0.25,1,"HIGH LOW MED",NA
55,6,63.6808997982828,54,0,0.49881506715097,"M",0.338798348209821,0.25,1,"HIGH LOW MED",NA
55,7,128.097280492652,56,2,2.49816584238376,"M",0.363303667819127,0.25,1,"HIGH LOW MED",NA
55,8,62.8993402071255,54,0,0.500152513160561,"M",0.338798348209821,0.25,1,"HIGH LOW MED",NA
55,9,65.3348804728965,54,0,0.500611282544399,"M",0.338798348209821,0.25,1,"HIGH LOW MED",NA
55,10,123.306836962542,56,2,2.50062682274234,"FISHED",0.363303667819127,0.25,1,"HIGH LOW MED",NA
55,11,198.362475520048,61,7,7.50074658149221,"M",0.386421483079903,0.25,1,"HIGH LOW MED",NA
56,1,97.2013625859529,56,1,1.49851187859534,"FISHED",0.363303667819127,0.25,1,"HIGH LOW MED",NA
56,2,98.345811401738,56,1,1.50021477291167,"M",0.363303667819127,0.25,1,"HIGH LOW MED",NA
56,3,98.2378563004483,56,1,1.50101127046755,"FISHED",0.363303667819127,0.25,1,"HIGH LOW MED",NA
56,4,133.55065756355,57,2,2.50025590395179,"FISHED",0.327926891599782,0.25,1,"HIGH LOW MED",NA
56,5,100.108768282594,56,1,1.49999388544965,"FISHED",0.363303667819127,0.25,1,"HIGH LOW MED",NA
56,6,62.3332036600993,55,0,0.500854295933565,"FISHED",0.361151616624556,0.25,1,"HIGH LOW MED",NA
56,7,99.381775365375,56,1,1.50063993188639,"FISHED",0.363303667819127,0.25,1,"HIGH LOW MED",NA
56,8,149.796849816018,58,3,3.49956680316398,"M",0.330860137217678,0.25,1,"HIGH LOW MED",NA
56,9,172.396413432245,60,5,5.49926175838122,"FISHED",0.384006034140475,0.25,1,"HIGH LOW MED",NA
56,10,63.8462203736884,55,0,0.501933240200357,"FISHED",0.361151616624556,0.25,1,"HIGH LOW MED",NA
56,11,63.3529943067819,55,0,0.499711226107318,"M",0.361151616624556,0.25,1,"HIGH LOW MED",NA
56,12,126.948592872765,57,2,2.49857000399161,"M",0.327926891599782,0.25,1,"HIGH LOW MED",NA
57,1,125.970165962143,58,2,2.49819258013247,"FISHED",0.330860137217678,0.25,1,"HIGH LOW MED",NA
57,2,62.8020748700825,56,0,0.501818818416184,"M",0.363303667819127,0.25,1,"HIGH LOW MED",NA
57,3,128.791117311463,58,2,2.50042161900502,"M",0.330860137217678,0.25,1,"HIGH LOW MED",NA
57,4,197.843779974864,66,10,10.5002618460645,"FISHED",0.369354494730942,0.25,1,"HIGH LOW MED",NA
57,5,61.7644871767216,56,0,0.500045200041468,"M",0.363303667819127,0.25,1,"HIGH LOW MED",NA
57,6,124.61113403707,58,2,2.49941072253064,"FISHED",0.330860137217678,0.25,1,"HIGH LOW MED",NA
57,7,99.3747653362817,57,1,1.49907831832156,"M",0.327926891599782,0.25,1,"HIGH LOW MED",NA
57,8,62.2915910470214,56,0,0.498863789433627,"M",0.363303667819127,0.25,1,"HIGH LOW MED",NA
57,9,98.8100573089811,57,1,1.49895655063946,"M",0.327926891599782,0.25,1,"HIGH LOW MED",NA
57,10,64.1993875624785,56,0,0.499390754361074,"FISHED",0.363303667819127,0.25,1,"HIGH LOW MED",NA
57,11,93.2330568209739,57,1,1.49936309317766,"M",0.327926891599782,0.25,1,"HIGH LOW MED",NA
57,12,130.121544565294,58,2,2.49922790485181,"FISHED",0.330860137217678,0.25,1,"HIGH LOW MED",NA
58,1,121.88136196558,59,2,2.50060754875494,"FISHED",0.36856274344027,0.25,1,"HIGH LOW MED",NA
58,2,61.9423504096608,57,0,0.501329794596345,"M",0.327926891599782,0.25,1,"HIGH LOW MED",NA
58,3,171.439937289795,62,5,5.5002469401204,"M",0.327338106557727,0.25,1,"HIGH LOW MED",NA
58,4,177.442032646944,61,4,4.4998327097936,"M",0.386421483079903,0.25,1,"HIGH LOW MED",NA
58,5,63.3121145670903,57,0,0.497542751096695,"FISHED",0.327926891599782,0.25,1,"HIGH LOW MED",NA
58,6,65.0274789901972,57,0,0.500527125552853,"M",0.327926891599782,0.25,1,"HIGH LOW MED",NA
58,7,142.339549920777,59,2,2.50035798212798,"FISHED",0.36856274344027,0.25,1,"HIGH LOW MED",NA
58,8,148.804896127354,60,3,3.50083319080631,"FISHED",0.384006034140475,0.25,1,"HIGH LOW MED",NA
58,9,62.9502926503512,57,0,0.501391621614082,"M",0.327926891599782,0.25,1,"HIGH LOW MED",NA
58,10,62.654304152314,57,0,0.500262537285703,"FISHED",0.327926891599782,0.25,1,"HIGH LOW MED",NA
58,11,61.3636746067117,57,0,0.501321750947223,"M",0.327926891599782,0.25,1,"HIGH LOW MED",NA
59,1,90.6472044448238,59,1,1.50009595893628,"M",0.36856274344027,0.25,1,"HIGH LOW MED",NA
59,2,131.263440338179,60,2,2.49917858706877,"M",0.384006034140475,0.25,1,"HIGH LOW MED",NA
59,3,99.5228594483246,59,1,1.49961274184837,"M",0.36856274344027,0.25,1,"HIGH LOW MED",NA
59,4,121.581206347983,60,2,2.49940230260092,"FISHED",0.384006034140475,0.25,1,"HIGH LOW MED",NA
59,5,63.8922242713707,58,0,0.500557031058564,"M",0.330860137217678,0.25,1,"HIGH LOW MED",NA
59,6,63.9288644115618,58,0,0.499657796645069,"M",0.330860137217678,0.25,1,"HIGH LOW MED",NA
59,7,59.3834317088536,58,0,0.498574815460953,"FISHED",0.330860137217678,0.25,1,"HIGH LOW MED",NA
59,8,64.1645923165299,58,0,0.501107600149452,"FISHED",0.330860137217678,0.25,1,"HIGH LOW MED",NA
59,9,138.227819450091,61,3,3.5015060147297,"FISHED",0.386421483079903,0.25,1,"HIGH LOW MED",NA
59,10,100.521126592505,59,1,1.49979109478829,"FISHED",0.36856274344027,0.25,1,"HIGH LOW MED",NA
59,11,165.547652824244,66,8,8.50064685325552,"FISHED",0.369354494730942,0.25,1,"HIGH LOW MED",NA
59,12,124.330277080804,60,2,2.49881799913603,"M",0.384006034140475,0.25,1,"HIGH LOW MED",NA
59,13,101.721356313505,59,1,1.5001766358632,"M",0.36856274344027,0.25,1,"HIGH LOW MED",NA
59,14,152.60250346394,61,3,3.49757561389149,"M",0.386421483079903,0.25,1,"HIGH LOW MED",NA
60,1,104.034511720225,60,1,1.49930745137681,"FISHED",0.384006034140475,0.25,1,"HIGH LOW MED",NA
60,2,128.685988351825,61,2,2.50167986153392,"FISHED",0.386421483079903,0.25,1,"HIGH LOW MED",NA
60,3,97.232425103558,60,1,1.4990669819176,"FISHED",0.384006034140475,0.25,1,"HIGH LOW MED",NA
60,4,63.4498321241651,59,0,0.499747000321849,"M",0.36856274344027,0.25,1,"HIGH LOW MED",NA
60,5,100.89181820947,60,1,1.49953672137548,"FISHED",0.384006034140475,0.25,1,"HIGH LOW MED",NA
60,6,62.6649217386763,59,0,0.500422945829911,"M",0.36856274344027,0.25,1,"HIGH LOW MED",NA
60,7,62.1209467749197,59,0,0.499189601227698,"FISHED",0.36856274344027,0.25,1,"HIGH LOW MED",NA
60,8,114.531262866219,61,2,2.50080006613234,"FISHED",0.386421483079903,0.25,1,"HIGH LOW MED",NA
60,9,60.6432827152342,59,0,0.501297492957534,"M",0.36856274344027,0.25,1,"HIGH LOW MED",NA
61,1,187.873767099972,65,5,5.49976589309977,"FISHED",0.362983493553475,0.25,1,"HIGH LOW MED",NA
61,2,63.9872875205853,60,0,0.500284856549682,"FISHED",0.384006034140475,0.25,1,"HIGH LOW MED",NA
61,3,61.6909958336794,60,0,0.499258391532552,"M",0.384006034140475,0.25,1,"HIGH LOW MED",NA
61,4,105.690685709687,61,1,1.49969466563304,"FISHED",0.386421483079903,0.25,1,"HIGH LOW MED",NA
61,5,63.5605338337867,60,0,0.501345615902382,"FISHED",0.384006034140475,0.25,1,"HIGH LOW MED",NA
61,6,63.1643566228342,60,0,0.499700676298952,"M",0.384006034140475,0.25,1,"HIGH LOW MED",NA
61,7,150.123032062029,63,3,3.49816833116222,"M",0.355866370513104,0.25,1,"HIGH LOW MED",NA
61,8,158.842623811994,63,3,3.50115733396115,"M",0.355866370513104,0.25,1,"HIGH LOW MED",NA
61,9,154.242976137409,63,3,3.50151784785067,"FISHED",0.355866370513104,0.25,1,"HIGH LOW MED",NA
62,1,60.074424328182,61,0,0.498547960241449,"M",0.386421483079903,0.25,1,"HIGH LOW MED",NA
62,2,64.571530603409,61,0,0.500054598792824,"FISHED",0.386421483079903,0.25,1,"HIGH LOW MED",NA
62,3,157.658271413018,65,4,4.50056361270757,"M",0.362983493553475,0.25,1,"HIGH LOW MED",NA
62,4,96.2506667671297,62,1,1.49887157661318,"FISHED",0.327338106557727,0.25,1,"HIGH LOW MED",NA
62,5,59.2796656337753,61,0,0.501640432851766,"FISHED",0.386421483079903,0.25,1,"HIGH LOW MED",NA
62,6,100.663641893182,62,1,1.50134549047936,"M",0.327338106557727,0.25,1,"HIGH LOW MED",NA
62,7,131.882340611601,63,2,2.49974167612995,"M",0.355866370513104,0.25,1,"HIGH LOW MED",NA
62,8,94.1749570614267,62,1,1.49701168465528,"FISHED",0.327338106557727,0.25,1,"HIGH LOW MED",NA
62,9,134.934351979572,63,2,2.50002595695304,"M",0.355866370513104,0.25,1,"HIGH LOW MED",NA
62,10,220.585902066987,71,10,10.5021455858902,"M",0.195373589848168,0.25,1,"HIGH LOW MED",NA
63,1,124.23268506101,64,2,2.49963537109097,"FISHED",0.35405932830181,0.25,1,"HIGH LOW MED",NA
63,2,63.2411140889986,62,0,0.498827857528465,"FISHED",0.327338106557727,0.25,1,"HIGH LOW MED",NA
63,3,96.1219985563198,63,1,1.49904916597857,"M",0.355866370513104,0.25,1,"HIGH LOW MED",NA
63,4,96.6579743567298,63,1,1.50084095737812,"FISHED",0.355866370513104,0.25,1,"HIGH LOW MED",NA
63,5,63.7216018747652,62,0,0.502604787738421,"M",0.327338106557727,0.25,1,"HIGH LOW MED",NA
63,6,62.0507295777225,62,0,0.501833755107753,"FISHED",0.327338106557727,0.25,1,"HIGH LOW MED",NA
63,7,100.059904484722,63,1,1.50009792193356,"M",0.355866370513104,0.25,1,"HIGH LOW MED",NA
63,8,159.977353788592,65,3,3.50036451451921,"M",0.362983493553475,0.25,1,"HIGH LOW MED",NA
63,9,60.7326179340884,62,0,0.499246197762543,"FISHED",0.327338106557727,0.25,1,"HIGH LOW MED",NA
63,10,118.129586294626,64,2,2.50073557569463,"FISHED",0.35405932830181,0.25,1,"HIGH LOW MED",NA
64,1,64.72791847476,63,0,0.49856786520674,"FISHED",0.355866370513104,0.25,1,"HIGH LOW MED",NA
64,2,125.788617755554,65,2,2.49937999162003,"M",0.362983493553475,0.25,1,"HIGH LOW MED",NA
64,3,121.819608230781,65,2,2.49946651426699,"FISHED",0.362983493553475,0.25,1,"HIGH LOW MED",NA
64,4,135.253601954368,66,3,3.49958114409349,"M",0.369354494730942,0.25,1,"HIGH LOW MED",NA
64,5,64.074553365867,63,0,0.498924367682212,"M",0.355866370513104,0.25,1,"HIGH LOW MED",NA
64,6,99.2762908407139,64,1,1.49868114616286,"FISHED",0.35405932830181,0.25,1,"HIGH LOW MED",NA
64,7,130.253149903324,65,2,2.50044378364866,"M",0.362983493553475,0.25,1,"HIGH LOW MED",NA
64,8,116.935524378426,65,2,2.50289602063189,"FISHED",0.362983493553475,0.25,1,"HIGH LOW MED",NA
64,9,89.0425406879583,64,1,1.49957503128604,"M",0.35405932830181,0.25,1,"HIGH LOW MED",NA
64,10,62.5280957918322,63,0,0.499838593371423,"FISHED",0.355866370513104,0.25,1,"HIGH LOW MED",NA
65,1,166.014384569278,68,4,4.49949000767709,"M",0.139230250893161,0.25,1,"HIGH LOW MED",NA
65,2,63.8633319639805,64,0,0.498875722200848,"M",0.35405932830181,0.25,1,"HIGH LOW MED",NA
65,3,161.307772939918,68,4,4.5018058641888,"M",0.139230250893161,0.25,1,"HIGH LOW MED",NA
65,4,62.8788905411057,64,0,0.499662068613681,"M",0.35405932830181,0.25,1,"HIGH LOW MED",NA
65,5,92.581591320979,65,1,1.49894054326763,"FISHED",0.362983493553475,0.25,1,"HIGH LOW MED",NA
65,6,94.3753540159702,65,1,1.49956484952219,"M",0.362983493553475,0.25,1,"HIGH LOW MED",NA
65,7,94.4312198483155,65,1,1.49937822492115,"FISHED",0.362983493553475,0.25,1,"HIGH LOW MED",NA
65,8,62.3845385522938,64,0,0.499870128512482,"FISHED",0.35405932830181,0.25,1,"HIGH LOW MED",NA
65,9,99.0571887923618,65,1,1.50020429780837,"FISHED",0.362983493553475,0.25,1,"HIGH LOW MED",NA
65,10,99.1099918749526,65,1,1.49975343269033,"FISHED",0.362983493553475,0.25,1,"HIGH LOW MED",NA
65,11,60.2016953140643,64,0,0.499224599236541,"M",0.35405932830181,0.25,1,"HIGH LOW MED",NA
66,1,97.1912996157395,66,1,1.50172964687712,"M",0.369354494730942,0.25,1,"HIGH LOW MED",NA
66,2,61.5270302797465,65,0,0.500029663484651,"M",0.362983493553475,0.25,1,"HIGH LOW MED",NA
66,3,60.8359150193115,65,0,0.499924174700941,"M",0.362983493553475,0.25,1,"HIGH LOW MED",NA
66,4,62.0346458616871,65,0,0.500750125787263,"M",0.362983493553475,0.25,1,"HIGH LOW MED",NA
66,5,65.4798408498977,65,0,0.500312822642215,"M",0.362983493553475,0.25,1,"HIGH LOW MED",NA
66,6,133.073226161519,67,2,2.50170048518665,"M",0.191815440915525,0.25,1,"HIGH LOW MED",NA
66,7,64.4771941633577,65,0,0.501556014415715,"M",0.362983493553475,0.25,1,"HIGH LOW MED",NA
66,8,62.6650230729124,65,0,0.49686024422918,"FISHED",0.362983493553475,0.25,1,"HIGH LOW MED",NA
66,9,95.0757993529974,66,1,1.4996743391839,"FISHED",0.369354494730942,0.25,1,"HIGH LOW MED",NA
66,10,166.647547324508,68,3,3.50026606923174,"M",0.139230250893161,0.25,1,"HIGH LOW MED",NA
67,1,147.05073688659,69,3,3.49907499823443,"FISHED",0.132582301646471,0.25,1,"HIGH LOW MED",NA
67,2,168.526853474263,72,6,6.49662958368417,"M",0.161112265312113,0.25,1,"HIGH LOW MED",NA
67,3,173.005844963552,72,6,6.50014542427721,"FISHED",0.161112265312113,0.25,1,"HIGH LOW MED",NA
67,4,94.3225485201105,67,1,1.49953180570798,"FISHED",0.191815440915525,0.25,1,"HIGH LOW MED",NA
67,5,66.3549926144935,66,0,0.50180735697215,"M",0.369354494730942,0.25,1,"HIGH LOW MED",NA
67,6,200.564153714444,73,7,7.498958572137,"M",0.100974260247312,0.25,1,"HIGH LOW MED",NA
67,7,121.649436353377,68,2,2.49864143879987,"M",0.139230250893161,0.25,1,"HIGH LOW MED",NA
67,8,62.0124078896657,66,0,0.501523261163244,"M",0.369354494730942,0.25,1,"HIGH LOW MED",NA
67,9,212.791581670712,78,12,12.4996182554789,"M",0.124450935632922,0.25,1,"HIGH LOW MED",NA
67,10,115.640354168337,68,2,2.50031402042267,"FISHED",0.139230250893161,0.25,1,"HIGH LOW MED",NA
67,11,129.109244524646,68,2,2.49948154458911,"M",0.139230250893161,0.25,1,"HIGH LOW MED",NA
68,1,97.0712562628445,68,1,1.49989323359018,"M",0.139230250893161,0.25,1,"HIGH LOW MED",NA
68,2,160.030419926272,70,3,3.50018115116809,"M",0.108210614207201,0.25,1,"HIGH LOW MED",NA
68,3,62.4051878605046,67,0,0.499874495397499,"FISHED",0.191815440915525,0.25,1,"HIGH LOW MED",NA
68,4,128.572154912683,69,2,2.49854037528429,"FISHED",0.132582301646471,0.25,1,"HIGH LOW MED",NA
68,5,176.241084722822,71,4,4.49922076354925,"FISHED",0.195373589848168,0.25,1,"HIGH LOW MED",NA
68,6,98.8788481727104,68,1,1.50050883704274,"M",0.139230250893161,0.25,1,"HIGH LOW MED",NA
68,7,206.219286645767,74,7,7.50157773833682,"M",0.18745158626698,0.25,1,"HIGH LOW MED",NA
68,8,98.9476247506429,68,1,1.50090754349752,"M",0.139230250893161,0.25,1,"HIGH LOW MED",NA
68,9,197.460555303409,73,6,6.50080506636832,"M",0.100974260247312,0.25,1,"HIGH LOW MED",NA
68,10,140.166799713352,70,3,3.50002307354073,"FISHED",0.108210614207201,0.25,1,"HIGH LOW MED",NA
69,1,116.313341141181,70,2,2.50118647049154,"FISHED",0.108210614207201,0.25,1,"HIGH LOW MED",NA
69,2,64.8424494672247,68,0,0.501155047224702,"M",0.139230250893161,0.25,1,"HIGH LOW MED",NA
69,3,145.2380486309,71,3,3.49936763678732,"M",0.195373589848168,0.25,1,"HIGH LOW MED",NA
69,4,99.3077070276687,69,1,1.49890301333737,"M",0.132582301646471,0.25,1,"HIGH LOW MED",NA
69,5,167.646397207878,73,5,5.49955841915755,"M",0.100974260247312,0.25,1,"HIGH LOW MED",NA
69,6,149.979099061534,71,3,3.49971236077125,"M",0.195373589848168,0.25,1,"HIGH LOW MED",NA
69,7,66.0768633196058,68,0,0.499446893394688,"FISHED",0.139230250893161,0.25,1,"HIGH LOW MED",NA
69,8,175.566789067115,73,5,5.49843785736342,"FISHED",0.100974260247312,0.25,1,"HIGH LOW MED",NA
69,9,169.503235731446,72,4,4.50043436191817,"M",0.161112265312113,0.25,1,"HIGH LOW MED",NA
69,10,61.2293451091572,68,0,0.500266662345467,"M",0.139230250893161,0.25,1,"HIGH LOW MED",NA
69,11,123.544642159155,70,2,2.49959065953329,"M",0.108210614207201,0.25,1,"HIGH LOW MED",NA
70,1,163.238654191851,72,3,3.49818291104792,"M",0.161112265312113,0.25,1,"HIGH LOW MED",NA
70,2,99.6581755683699,70,1,1.49983647298084,"M",0.108210614207201,0.25,1,"HIGH LOW MED",NA
70,3,63.6700396801793,69,0,0.499985060103219,"M",0.132582301646471,0.25,1,"HIGH LOW MED",NA
70,4,63.2891263478097,69,0,0.498978096275518,"FISHED",0.132582301646471,0.25,1,"HIGH LOW MED",NA
70,5,129.514391132964,71,2,2.49953910761835,"M",0.195373589848168,0.25,1,"HIGH LOW MED",NA
70,6,65.2406509552724,69,0,0.49993626535468,"FISHED",0.132582301646471,0.25,1,"HIGH LOW MED",NA
70,7,105.589169630079,70,1,1.49972181429096,"M",0.108210614207201,0.25,1,"HIGH LOW MED",NA
70,8,157.869366620169,72,3,3.5001519107425,"M",0.161112265312113,0.25,1,"HIGH LOW MED",NA
70,9,63.6166949715349,69,0,0.500478504724956,"FISHED",0.132582301646471,0.25,1,"HIGH LOW MED",NA
70,10,60.7894256244091,69,0,0.500270429111457,"FISHED",0.132582301646471,0.25,1,"HIGH LOW MED",NA
71,1,126.311997671628,72,2,2.50117420634595,"M",0.161112265312113,0.25,1,"HIGH LOW MED",NA
71,2,60.3972571402475,70,0,0.50183500194373,"FISHED",0.108210614207201,0.25,1,"HIGH LOW MED",NA
71,3,60.5981254376216,70,0,0.500694179485916,"M",0.108210614207201,0.25,1,"HIGH LOW MED",NA
71,4,117.101215765106,72,2,2.49881248828209,"M",0.161112265312113,0.25,1,"HIGH LOW MED",NA
71,5,97.7004048606032,71,1,1.49894884770391,"M",0.195373589848168,0.25,1,"HIGH LOW MED",NA
71,6,153.95566287214,74,4,4.50009520581361,"FISHED",0.18745158626698,0.25,1,"HIGH LOW MED",NA
71,7,196.336545830689,76,6,6.50114414236604,"M",0.198795966152102,0.25,1,"HIGH LOW MED",NA
71,8,108.084284664787,71,1,1.49956672362335,"M",0.195373589848168,0.25,1,"HIGH LOW MED",NA
71,9,176.621125303246,76,6,6.49878137241951,"M",0.198795966152102,0.25,1,"HIGH LOW MED",NA
71,10,106.354458555275,71,1,1.49889110831709,"M",0.195373589848168,0.25,1,"HIGH LOW MED",NA
72,1,162.707581043226,76,5,5.49893000952529,"M",0.198795966152102,0.25,1,"HIGH LOW MED",NA
72,2,195.308484584671,77,6,6.50138463851871,"FISHED",0.168993707024492,0.25,1,"HIGH LOW MED",NA
72,3,98.6404301902612,72,1,1.49815025306223,"M",0.161112265312113,0.25,1,"HIGH LOW MED",NA
72,4,133.527326795883,73,2,2.49821380432973,"M",0.100974260247312,0.25,1,"HIGH LOW MED",NA
72,5,129.993061956463,73,2,2.50079631635977,"M",0.100974260247312,0.25,1,"HIGH LOW MED",NA
72,6,61.2053992844205,71,0,0.498867020592366,"FISHED",0.195373589848168,0.25,1,"HIGH LOW MED",NA
72,7,96.0066974981756,72,1,1.49902388727926,"M",0.161112265312113,0.25,1,"HIGH LOW MED",NA
72,8,97.7548312882331,72,1,1.50127991429362,"M",0.161112265312113,0.25,1,"HIGH LOW MED",NA
72,9,63.2569259406311,71,0,0.499753089935832,"FISHED",0.195373589848168,0.25,1,"HIGH LOW MED",NA
72,10,150.579317701337,74,3,3.49926991401001,"M",0.18745158626698,0.25,1,"HIGH LOW MED",NA
72,11,62.0092065104274,71,0,0.499726621329411,"FISHED",0.195373589848168,0.25,1,"HIGH LOW MED",NA
73,1,66.0028810517332,72,0,0.499332859806428,"FISHED",0.161112265312113,0.25,1,"HIGH LOW MED",NA
73,2,98.7044305503837,73,1,1.49978955080198,"FISHED",0.100974260247312,0.25,1,"HIGH LOW MED",NA
73,3,61.0127509062547,72,0,0.501335754656509,"M",0.161112265312113,0.25,1,"HIGH LOW MED",NA
73,4,161.149155797867,77,5,5.50137920380692,"M",0.168993707024492,0.25,1,"HIGH LOW MED",NA
73,5,245.095663964634,80,8,8.50072354086082,"M",0.192359274625778,0.25,1,"HIGH LOW MED",NA
73,6,64.5598160719635,72,0,0.499326810592228,"FISHED",0.161112265312113,0.25,1,"HIGH LOW MED",NA
73,7,63.1001775292057,72,0,0.500667618593893,"FISHED",0.161112265312113,0.25,1,"HIGH LOW MED",NA
73,8,224.981501752082,79,7,7.5000497525398,"M",0.137468599714339,0.25,1,"HIGH LOW MED",NA
73,9,98.4622365180944,73,1,1.49963814233603,"M",0.100974260247312,0.25,1,"HIGH LOW MED",NA
73,10,62.4898195021467,72,0,0.500063995759611,"M",0.161112265312113,0.25,1,"HIGH LOW MED",NA
73,11,62.7322531276842,72,0,0.502838565917922,"M",0.161112265312113,0.25,1,"HIGH LOW MED",NA
74,1,102.111140798164,74,1,1.4999205581584,"M",0.18745158626698,0.25,1,"HIGH LOW MED",NA
74,2,62.7028991381585,73,0,0.499007126671071,"M",0.100974260247312,0.25,1,"HIGH LOW MED",NA
74,3,63.6362365551175,73,0,0.49972785753238,"FISHED",0.100974260247312,0.25,1,"HIGH LOW MED",NA
74,4,101.996293783563,74,1,1.49922598429962,"FISHED",0.18745158626698,0.25,1,"HIGH LOW MED",NA
74,5,94.4587908428427,74,1,1.49964963221481,"M",0.18745158626698,0.25,1,"HIGH LOW MED",NA
74,6,128.562490015852,75,2,2.50239653921779,"M",0.135930328071117,0.25,1,"HIGH LOW MED",NA
74,7,173.536461733938,79,6,6.5004521972303,"M",0.137468599714339,0.25,1,"HIGH LOW MED",NA
74,8,190.949898459831,79,6,6.50056457735635,"M",0.137468599714339,0.25,1,"HIGH LOW MED",NA
74,9,97.4647810636477,74,1,1.501367108656,"M",0.18745158626698,0.25,1,"HIGH LOW MED",NA
74,10,124.421349689477,75,2,2.49922393969235,"M",0.135930328071117,0.25,1,"HIGH LOW MED",NA
74,11,142.745053637865,76,3,3.50024266813499,"M",0.198795966152102,0.25,1,"HIGH LOW MED",NA
74,12,63.4368036550731,73,0,0.500258854273981,"FISHED",0.100974260247312,0.25,1,"HIGH LOW MED",NA
75,1,192.116177994483,80,6,6.49955739249743,"M",0.192359274625778,0.25,1,"HIGH LOW MED",NA
75,2,95.9038964264792,75,1,1.49835451307825,"M",0.135930328071117,0.25,1,"HIGH LOW MED",NA
75,3,65.6242827804546,74,0,0.499785819356171,"M",0.18745158626698,0.25,1,"HIGH LOW MED",NA
75,4,143.783698233212,77,3,3.49882434323109,"M",0.168993707024492,0.25,1,"HIGH LOW MED",NA
75,5,120.891874979848,76,2,2.50102364189677,"M",0.198795966152102,0.25,1,"HIGH LOW MED",NA
75,6,94.8294541820074,75,1,1.49971515594466,"M",0.135930328071117,0.25,1,"HIGH LOW MED",NA
75,7,198.388063924878,80,6,6.49985102442915,"M",0.192359274625778,0.25,1,"HIGH LOW MED",NA
75,8,97.186339001794,75,1,1.49881833578261,"FISHED",0.135930328071117,0.25,1,"HIGH LOW MED",NA
75,9,96.0753224957466,75,1,1.50009722154,"M",0.135930328071117,0.25,1,"HIGH LOW MED",NA
75,10,62.0009976648188,74,0,0.499960286988163,"M",0.18745158626698,0.25,1,"HIGH LOW MED",NA
75,11,61.5936414681172,74,0,0.500253732783604,"M",0.18745158626698,0.25,1,"HIGH LOW MED",NA
76,1,104.366981372688,76,1,1.49938970669932,"M",0.198795966152102,0.25,1,"HIGH LOW MED",NA
76,2,64.1280803296742,75,0,0.499540572778594,"FISHED",0.135930328071117,0.25,1,"HIGH LOW MED",NA
76,3,147.687038086907,78,3,3.50039846584635,"M",0.124450935632922,0.25,1,"HIGH LOW MED",NA
76,4,64.2809515164717,75,0,0.499482909347634,"M",0.135930328071117,0.25,1,"HIGH LOW MED",NA
76,5,248.553926791765,84,9,9.49954103951076,"FISHED",0.24122700439766,0.25,1,"HIGH LOW MED",NA
76,6,63.203554962643,75,0,0.499518039814571,"M",0.135930328071117,0.25,1,"HIGH LOW MED",NA
76,7,128.544227813538,77,2,2.50007705350805,"M",0.168993707024492,0.25,1,"HIGH LOW MED",NA
76,8,134.115940644083,77,2,2.50024780016203,"M",0.168993707024492,0.25,1,"HIGH LOW MED",NA
76,9,153.456439244831,78,3,3.49983334832762,"FISHED",0.124450935632922,0.25,1,"HIGH LOW MED",NA
76,10,99.6268328422746,76,1,1.49922160895799,"M",0.198795966152102,0.25,1,"HIGH LOW MED",NA
77,1,63.5911265087456,76,0,0.501332682161092,"M",0.198795966152102,0.25,1,"HIGH LOW MED",NA
77,2,159.32767045142,80,4,4.49924572122415,"M",0.192359274625778,0.25,1,"HIGH LOW MED",NA
77,3,144.550904730358,79,3,3.49950809123049,"M",0.137468599714339,0.25,1,"HIGH LOW MED",NA
77,4,64.2446166441488,76,0,0.50015446876085,"FISHED",0.198795966152102,0.25,1,"HIGH LOW MED",NA
77,5,169.56191852933,80,4,4.49907236205573,"M",0.192359274625778,0.25,1,"HIGH LOW MED",NA
77,6,60.6610610726178,76,0,0.499015035049486,"M",0.198795966152102,0.25,1,"HIGH LOW MED",NA
77,7,64.7719272469454,76,0,0.499659063724499,"M",0.198795966152102,0.25,1,"HIGH LOW MED",NA
77,8,98.7972984935633,77,1,1.50020995698118,"M",0.168993707024492,0.25,1,"HIGH LOW MED",NA
77,9,151.629682708072,80,4,4.49995372344292,"M",0.192359274625778,0.25,1,"HIGH LOW MED",NA
78,1,153.988293568353,80,3,3.49913433445413,"FISHED",0.192359274625778,0.25,1,"HIGH LOW MED",NA
78,2,126.770684772846,79,2,2.49766413255908,"M",0.137468599714339,0.25,1,"HIGH LOW MED",NA
78,3,60.5726921991074,77,0,0.499699349496619,"FISHED",0.168993707024492,0.25,1,"HIGH LOW MED",NA
78,4,94.8851162290845,78,1,1.50021072835223,"FISHED",0.124450935632922,0.25,1,"HIGH LOW MED",NA
78,5,62.5980286990211,77,0,0.500332787295485,"FISHED",0.168993707024492,0.25,1,"HIGH LOW MED",NA
78,6,62.3482821879431,77,0,0.500228517933598,"M",0.168993707024492,0.25,1,"HIGH LOW MED",NA
78,7,95.4231274353248,78,1,1.49987975809005,"M",0.124450935632922,0.25,1,"HIGH LOW MED",NA
78,8,61.2311936185256,77,0,0.501224594870837,"FISHED",0.168993707024492,0.25,1,"HIGH LOW MED",NA
78,9,61.3838694631653,77,0,0.498452697384379,"FISHED",0.168993707024492,0.25,1,"HIGH LOW MED",NA
78,10,142.748641013919,80,3,3.50015632732581,"M",0.192359274625778,0.25,1,"HIGH LOW MED",NA
79,1,155.311310568977,81,3,3.50002861666936,"M",0.120804068190046,0.25,1,"HIGH LOW MED",NA
79,2,194.883978860362,84,6,6.50042107885575,"FISHED",0.24122700439766,0.25,1,"HIGH LOW MED",NA
79,3,61.9473068290806,78,0,0.498613934195591,"M",0.124450935632922,0.25,1,"HIGH LOW MED",NA
79,4,197.937302482337,84,6,6.49941167947766,"M",0.24122700439766,0.25,1,"HIGH LOW MED",NA
79,5,128.052332506708,80,2,2.49985647400433,"FISHED",0.192359274625778,0.25,1,"HIGH LOW MED",NA
79,6,196.268324760112,85,7,7.50004681779305,"M",0.217819133959711,0.25,1,"HIGH LOW MED",NA
79,7,97.7984753143678,79,1,1.50129845845445,"M",0.137468599714339,0.25,1,"HIGH LOW MED",NA
79,8,61.3678882477269,78,0,0.500511446546289,"FISHED",0.124450935632922,0.25,1,"HIGH LOW MED",NA
79,9,167.430606746891,83,5,5.49960648737425,"M",0.140364233823493,0.25,1,"HIGH LOW MED",NA
79,10,140.86358582448,81,3,3.49983202443133,"M",0.120804068190046,0.25,1,"HIGH LOW MED",NA
79,11,173.615647151455,82,4,4.50097421966362,"M",0.198111548274755,0.25,1,"HIGH LOW MED",NA
80,1,214.167701007209,87,8,8.49926243167205,"FISHED",0.298641930520535,0.25,1,"HIGH LOW MED",NA
80,2,174.50275363766,84,5,5.49910042052719,"FISHED",0.24122700439766,0.25,1,"HIGH LOW MED",NA
80,3,200.721380451123,87,8,8.49999338467672,"FISHED",0.298641930520535,0.25,1,"HIGH LOW MED",NA
80,4,126.354518382569,81,2,2.4994953394072,"FISHED",0.120804068190046,0.25,1,"HIGH LOW MED",NA
80,5,104.564047425358,80,1,1.49934416368989,"M",0.192359274625778,0.25,1,"HIGH LOW MED",NA
80,6,169.439476047349,84,5,5.50098342601372,"M",0.24122700439766,0.25,1,"HIGH LOW MED",NA
80,7,64.9850139551025,79,0,0.500724096794691,"M",0.137468599714339,0.25,1,"HIGH LOW MED",NA
80,8,132.620651445608,81,2,2.49920470463244,"M",0.120804068190046,0.25,1,"HIGH LOW MED",NA
80,9,94.3777296303948,80,1,1.49986245338241,"FISHED",0.192359274625778,0.25,1,"HIGH LOW MED",NA
80,10,136.433576696367,82,3,3.50018798948923,"FISHED",0.198111548274755,0.25,1,"HIGH LOW MED",NA
80,11,61.961844726877,79,0,0.498873082030028,"FISHED",0.137468599714339,0.25,1,"HIGH LOW MED",NA
81,1,160.777314499325,85,5,5.49846046163928,"M",0.217819133959711,0.25,1,"HIGH LOW MED",NA
81,2,64.4670745426424,80,0,0.50042227889925,"M",0.192359274625778,0.25,1,"HIGH LOW MED",NA
81,3,198.888270165207,86,6,6.49930483102464,"M",0.231645051762462,0.25,1,"HIGH LOW MED",NA
81,4,180.51505131064,86,6,6.49938235433432,"M",0.231645051762462,0.25,1,"HIGH LOW MED",NA
81,5,135.737224918407,83,3,3.50068843499515,"M",0.140364233823493,0.25,1,"HIGH LOW MED",NA
81,6,63.4233873896455,80,0,0.501140984320938,"M",0.192359274625778,0.25,1,"HIGH LOW MED",NA
81,7,121.26194291461,82,2,2.49902064253276,"M",0.198111548274755,0.25,1,"HIGH LOW MED",NA
81,8,134.736500937947,82,2,2.49902664892476,"M",0.198111548274755,0.25,1,"HIGH LOW MED",NA
81,9,94.4645460509768,81,1,1.49972709484397,"FISHED",0.120804068190046,0.25,1,"HIGH LOW MED",NA
81,10,63.2891673993592,80,0,0.498973942163253,"M",0.192359274625778,0.25,1,"HIGH LOW MED",NA
82,1,163.584544656184,85,4,4.4994263350367,"FISHED",0.217819133959711,0.25,1,"HIGH LOW MED",NA
82,2,63.6461884202475,81,0,0.501136623075201,"M",0.120804068190046,0.25,1,"HIGH LOW MED",NA
82,3,94.0558846689862,82,1,1.50130532441534,"FISHED",0.198111548274755,0.25,1,"HIGH LOW MED",NA
82,4,65.060130777492,81,0,0.500524982243826,"M",0.120804068190046,0.25,1,"HIGH LOW MED",NA
82,5,124.069335698226,83,2,2.5024180619192,"M",0.140364233823493,0.25,1,"HIGH LOW MED",NA
82,6,143.165701644381,84,3,3.49907229005938,"M",0.24122700439766,0.25,1,"HIGH LOW MED",NA
82,7,143.927452266744,84,3,3.50066176510074,"M",0.24122700439766,0.25,1,"HIGH LOW MED",NA
82,8,98.7289783415603,82,1,1.50055374958346,"M",0.198111548274755,0.25,1,"HIGH LOW MED",NA
82,9,98.6952124551993,82,1,1.5007533868776,"M",0.198111548274755,0.25,1,"HIGH LOW MED",NA
82,10,125.878458113153,83,2,2.49992945234288,"FISHED",0.140364233823493,0.25,1,"HIGH LOW MED",NA
82,11,61.5532276114992,81,0,0.49995908629197,"M",0.120804068190046,0.25,1,"HIGH LOW MED",NA
82,12,127.180084854862,83,2,2.50018239186361,"FISHED",0.140364233823493,0.25,1,"HIGH LOW MED",NA
83,1,137.029348000896,84,2,2.50018620535351,"M",0.24122700439766,0.25,1,"HIGH LOW MED",NA
83,2,123.820722892456,84,2,2.49853193128701,"M",0.24122700439766,0.25,1,"HIGH LOW MED",NA
83,3,125.531039993615,84,2,2.5008151612026,"FISHED",0.24122700439766,0.25,1,"HIGH LOW MED",NA
83,4,130.335467773611,84,2,2.49996672747395,"FISHED",0.24122700439766,0.25,1,"HIGH LOW MED",NA
83,5,136.236868307818,85,3,3.50127339393822,"FISHED",0.217819133959711,0.25,1,"HIGH LOW MED",NA
83,6,161.29617590741,86,4,4.50095677426618,"FISHED",0.231645051762462,0.25,1,"HIGH LOW MED",NA
83,7,65.4877384929767,82,0,0.499696802150765,"M",0.198111548274755,0.25,1,"HIGH LOW MED",NA
83,8,142.25179248309,85,3,3.49872752444063,"M",0.217819133959711,0.25,1,"HIGH LOW MED",NA
83,9,154.399530492467,86,4,4.50009866442219,"M",0.231645051762462,0.25,1,"HIGH LOW MED",NA
83,10,121.682572532416,84,2,2.49987131892607,"FISHED",0.24122700439766,0.25,1,"HIGH LOW MED",NA
83,11,106.004098620501,83,1,1.4996793616814,"FISHED",0.140364233823493,0.25,1,"HIGH LOW MED",NA
83,12,97.750632105022,83,1,1.50015489882976,"FISHED",0.140364233823493,0.25,1,"HIGH LOW MED",NA
84,1,64.1557887602711,83,0,0.499145034770769,"M",0.140364233823493,0.25,1,"HIGH LOW MED",NA
84,2,119.691563499759,85,2,2.50037289780487,"M",0.217819133959711,0.25,1,"HIGH LOW MED",NA
84,3,59.5274468177642,83,0,0.500087313628873,"M",0.140364233823493,0.25,1,"HIGH LOW MED",NA
84,4,134.104944486223,85,2,2.49954552206968,"FISHED",0.217819133959711,0.25,1,"HIGH LOW MED",NA
84,5,100.331626834186,84,1,1.49906637141496,"M",0.24122700439766,0.25,1,"HIGH LOW MED",NA
84,6,162.808992178584,86,3,3.49963038270441,"FISHED",0.231645051762462,0.25,1,"HIGH LOW MED",NA
84,7,95.5079900049034,84,1,1.50034859640121,"M",0.24122700439766,0.25,1,"HIGH LOW MED",NA
84,8,187.456948767834,89,6,6.50099158960926,"FISHED",0.278752402053215,0.25,1,"HIGH LOW MED",NA
84,9,148.737825710853,86,3,3.49932160471002,"M",0.231645051762462,0.25,1,"HIGH LOW MED",NA
84,10,59.6111357227103,83,0,0.500013131350198,"M",0.140364233823493,0.25,1,"HIGH LOW MED",NA
84,11,149.868510296757,86,3,3.50244818772373,"M",0.231645051762462,0.25,1,"HIGH LOW MED",NA
84,12,125.443568326579,85,2,2.50116665532398,"M",0.217819133959711,0.25,1,"HIGH LOW MED",NA
85,1,63.1554667558846,84,0,0.500971110375167,"M",0.24122700439766,0.25,1,"HIGH LOW MED",NA
85,2,106.118048100111,85,1,1.50170725535375,"M",0.217819133959711,0.25,1,"HIGH LOW MED",NA
85,3,63.2443073850366,84,0,0.500727036453667,"M",0.24122700439766,0.25,1,"HIGH LOW MED",NA
85,4,151.635668005834,87,3,3.50176707401925,"FISHED",0.298641930520535,0.25,1,"HIGH LOW MED",NA
85,5,62.3238585270991,84,0,0.499605911671667,"M",0.24122700439766,0.25,1,"HIGH LOW MED",NA
85,6,64.5553206210396,84,0,0.499745546635207,"FISHED",0.24122700439766,0.25,1,"HIGH LOW MED",NA
85,7,149.866147404892,87,3,3.4999668133169,"FISHED",0.298641930520535,0.25,1,"HIGH LOW MED",NA
85,8,64.4330433486294,84,0,0.499031799003818,"FISHED",0.24122700439766,0.25,1,"HIGH LOW MED",NA
85,9,62.8577078993717,84,0,0.501371403291278,"M",0.24122700439766,0.25,1,"HIGH LOW MED",NA
85,10,100.928549418204,85,1,1.50028497439681,"FISHED",0.217819133959711,0.25,1,"HIGH LOW MED",NA
85,11,59.2875828828868,84,0,0.499466856222344,"M",0.24122700439766,0.25,1,"HIGH LOW MED",NA
85,12,99.6674770017325,85,1,1.50083841478883,"FISHED",0.217819133959711,0.25,1,"HIGH LOW MED",NA
85,13,63.4139788727457,84,0,0.499934214848688,"FISHED",0.24122700439766,0.25,1,"HIGH LOW MED",NA
86,1,93.5820228240033,86,1,1.50018387434238,"FISHED",0.231645051762462,0.25,1,"HIGH LOW MED",NA
86,2,145.84367903447,88,3,3.50209808311407,"M",0.225958022079431,0.25,1,"HIGH LOW MED",NA
86,3,62.0556975649246,85,0,0.497895255351978,"M",0.217819133959711,0.25,1,"HIGH LOW MED",NA
86,4,99.9564743201888,86,1,1.49978716424298,"M",0.231645051762462,0.25,1,"HIGH LOW MED",NA
86,5,98.7553036528081,86,1,1.49935311760167,"M",0.231645051762462,0.25,1,"HIGH LOW MED",NA
86,6,65.010269740352,85,0,0.498903795354387,"M",0.217819133959711,0.25,1,"HIGH LOW MED",NA
86,7,66.3617890055771,85,0,0.499828657477888,"M",0.217819133959711,0.25,1,"HIGH LOW MED",NA
86,8,125.595196718817,87,2,2.50151962454804,"M",0.298641930520535,0.25,1,"HIGH LOW MED",NA
86,9,145.411442700474,89,4,4.50005237385659,"FISHED",0.278752402053215,0.25,1,"HIGH LOW MED",NA
86,10,118.584413232746,87,2,2.49962142960461,"FISHED",0.298641930520535,0.25,1,"HIGH LOW MED",NA
87,1,152.21533102951,89,3,3.49947521625474,"M",0.278752402053215,0.25,1,"HIGH LOW MED",NA
87,2,192.468777568684,91,5,5.4998305102197,"M",0.248815495055169,0.25,1,"HIGH LOW MED",NA
87,3,64.036138775484,86,0,0.501361524499776,"M",0.231645051762462,0.25,1,"HIGH LOW MED",NA
87,4,62.2243249596054,86,0,0.499425618765844,"FISHED",0.231645051762462,0.25,1,"HIGH LOW MED",NA
87,5,62.2468367133405,86,0,0.499006866137362,"M",0.231645051762462,0.25,1,"HIGH LOW MED",NA
87,6,123.499857003421,88,2,2.49804274548873,"M",0.225958022079431,0.25,1,"HIGH LOW MED",NA
87,7,61.8337317053559,86,0,0.499337389474317,"FISHED",0.231645051762462,0.25,1,"HIGH LOW MED",NA
87,8,126.89357208352,88,2,2.49988485195011,"M",0.225958022079431,0.25,1,"HIGH LOW MED",NA
87,9,64.5784866956288,86,0,0.500495542489433,"M",0.231645051762462,0.25,1,"HIGH LOW MED",NA
88,1,96.6632548123229,88,1,1.49820965507228,"M",0.225958022079431,0.25,1,"HIGH LOW MED",NA
88,2,135.109806904317,89,2,2.50076442369958,"M",0.278752402053215,0.25,1,"HIGH LOW MED",NA
88,3,61.247596960189,87,0,0.499830859316936,"FISHED",0.298641930520535,0.25,1,"HIGH LOW MED",NA
88,4,63.8922299488346,87,0,0.500171025068558,"M",0.298641930520535,0.25,1,"HIGH LOW MED",NA
88,5,126.579980102286,89,2,2.50087210593897,"M",0.278752402053215,0.25,1,"HIGH LOW MED",NA
88,6,63.5881515865683,87,0,0.500696843257814,"FISHED",0.298641930520535,0.25,1,"HIGH LOW MED",NA
88,7,63.9797512912182,87,0,0.501601381781813,"FISHED",0.298641930520535,0.25,1,"HIGH LOW MED",NA
88,8,59.4456200210779,87,0,0.500131974848458,"M",0.298641930520535,0.25,1,"HIGH LOW MED",NA
88,9,171.798580425534,91,4,4.50115904233028,"M",0.248815495055169,0.25,1,"HIGH LOW MED",NA
88,10,102.772042331443,88,1,1.4996839920545,"M",0.225958022079431,0.25,1,"HIGH LOW MED",NA
88,11,155.478910745484,90,3,3.50024503661412,"M",0.227042496390641,0.25,1,"HIGH LOW MED",NA
88,12,61.0870780160499,87,0,0.500412749013167,"FISHED",0.298641930520535,0.25,1,"HIGH LOW MED",NA
88,13,60.0660416089014,87,0,0.500462774392157,"FISHED",0.298641930520535,0.25,1,"HIGH LOW MED",NA
89,1,100.927271202731,89,1,1.4987393493848,"M",0.278752402053215,0.25,1,"HIGH LOW MED",NA
89,2,187.017564315261,93,5,5.49932818718188,"M",0.296591857960448,0.25,1,"HIGH LOW MED",NA
89,3,103.896279531032,89,1,1.49936555800854,"M",0.278752402053215,0.25,1,"HIGH LOW MED",NA
89,4,180.087193865075,95,7,7.50151535029955,"M",0.27196054905653,0.25,1,"HIGH LOW MED",NA
89,5,64.7775130617905,88,0,0.500009698193359,"M",0.225958022079431,0.25,1,"HIGH LOW MED",NA
89,6,191.307023772875,95,7,7.5005511231502,"M",0.27196054905653,0.25,1,"HIGH LOW MED",NA
89,7,59.8999483853522,88,0,0.501284753476813,"M",0.225958022079431,0.25,1,"HIGH LOW MED",NA
89,8,96.941902907314,89,1,1.50093272107176,"M",0.278752402053215,0.25,1,"HIGH LOW MED",NA
89,9,61.3830970253439,88,0,0.499582293100775,"M",0.225958022079431,0.25,1,"HIGH LOW MED",NA
89,10,63.2135220581712,88,0,0.500818814498634,"FISHED",0.225958022079431,0.25,1,"HIGH LOW MED",NA
89,11,62.2010127736456,88,0,0.501572789547097,"M",0.225958022079431,0.25,1,"HIGH LOW MED",NA
90,1,165.007105373588,93,4,4.4977762967155,"M",0.296591857960448,0.25,1,"HIGH LOW MED",NA
90,2,61.301199137207,89,0,0.500933883637705,"FISHED",0.278752402053215,0.25,1,"HIGH LOW MED",NA
90,3,137.097422936577,92,3,3.50047512309528,"M",0.264863975555636,0.25,1,"HIGH LOW MED",NA
90,4,64.1045801316454,89,0,0.501588589926381,"FISHED",0.278752402053215,0.25,1,"HIGH LOW MED",NA
90,5,65.2481865693972,89,0,0.499519424055634,"M",0.278752402053215,0.25,1,"HIGH LOW MED",NA
90,6,60.4901192861975,89,0,0.501632454999804,"M",0.278752402053215,0.25,1,"HIGH LOW MED",NA
90,7,209.324898844751,94,5,5.50052507223114,"M",0.29697829480283,0.25,1,"HIGH LOW MED",NA
90,8,60.9454103947385,89,0,0.499867350944167,"M",0.278752402053215,0.25,1,"HIGH LOW MED",NA
90,9,130.639541775828,91,2,2.49943919851147,"FISHED",0.248815495055169,0.25,1,"HIGH LOW MED",NA
90,10,163.655235016145,94,5,5.49784377851453,"FISHED",0.29697829480283,0.25,1,"HIGH LOW MED",NA
91,1,62.476304050551,90,0,0.499252753964604,"M",0.227042496390641,0.25,1,"HIGH LOW MED",NA
91,2,199.49506352455,95,5,5.50097871967746,"M",0.27196054905653,0.25,1,"HIGH LOW MED",NA
91,3,62.6958946633407,90,0,0.499738071043785,"M",0.227042496390641,0.25,1,"HIGH LOW MED",NA
91,4,98.6178409487104,91,1,1.50018331560419,"FISHED",0.248815495055169,0.25,1,"HIGH LOW MED",NA
91,5,61.0856261025656,90,0,0.503303475550661,"M",0.227042496390641,0.25,1,"HIGH LOW MED",NA
91,6,61.7788058149554,90,0,0.499196874704316,"FISHED",0.227042496390641,0.25,1,"HIGH LOW MED",NA
91,7,179.193949007752,95,5,5.49985779926372,"FISHED",0.27196054905653,0.25,1,"HIGH LOW MED",NA
91,8,96.1060661031455,91,1,1.49995012478644,"M",0.248815495055169,0.25,1,"HIGH LOW MED",NA
91,9,60.303291051679,90,0,0.499437144482899,"FISHED",0.227042496390641,0.25,1,"HIGH LOW MED",NA
91,10,64.8163802289933,90,0,0.498892604905826,"M",0.227042496390641,0.25,1,"HIGH LOW MED",NA
91,11,95.2495031283555,91,1,1.50040735622593,"M",0.248815495055169,0.25,1,"HIGH LOW MED",NA
92,1,103.845592661147,92,1,1.49849952302946,"FISHED",0.264863975555636,0.25,1,"HIGH LOW MED",NA
92,2,61.8525265211649,91,0,0.50004472688466,"M",0.248815495055169,0.25,1,"HIGH LOW MED",NA
92,3,164.890090888827,94,3,3.49995131492384,"M",0.29697829480283,0.25,1,"HIGH LOW MED",NA
92,4,62.7073888892347,91,0,0.500564148395217,"FISHED",0.248815495055169,0.25,1,"HIGH LOW MED",NA
92,5,61.8680745159337,91,0,0.49981828844128,"M",0.248815495055169,0.25,1,"HIGH LOW MED",NA
92,6,59.5902768560709,91,0,0.498543122399093,"M",0.248815495055169,0.25,1,"HIGH LOW MED",NA
92,7,222.198393895829,99,8,8.50061108790549,"FISHED",0.277645288500935,0.25,1,"HIGH LOW MED",NA
92,8,188.254603273695,97,6,6.50053641711537,"FISHED",0.209739569458179,0.25,1,"HIGH LOW MED",NA
92,9,99.4531742651937,92,1,1.49864522723036,"M",0.264863975555636,0.25,1,"HIGH LOW MED",NA
93,1,63.4195465901599,92,0,0.500317469387452,"M",0.264863975555636,0.25,1,"HIGH LOW MED",NA
93,2,65.4882217117413,92,0,0.501650340313814,"M",0.264863975555636,0.25,1,"HIGH LOW MED",NA
93,3,60.977033881229,92,0,0.499126338800368,"M",0.264863975555636,0.25,1,"HIGH LOW MED",NA
93,4,62.1636369775577,92,0,0.501713070532665,"M",0.264863975555636,0.25,1,"HIGH LOW MED",NA
93,5,96.4800796143479,93,1,1.49808794426332,"FISHED",0.296591857960448,0.25,1,"HIGH LOW MED",NA
93,6,148.285939933761,95,3,3.49925719019346,"FISHED",0.27196054905653,0.25,1,"HIGH LOW MED",NA
93,7,126.285779566274,94,2,2.4991400166887,"FISHED",0.29697829480283,0.25,1,"HIGH LOW MED",NA
93,8,150.031391978376,95,3,3.50172292676839,"M",0.27196054905653,0.25,1,"HIGH LOW MED",NA
93,9,59.9057400552548,92,0,0.50087724510604,"FISHED",0.264863975555636,0.25,1,"HIGH LOW MED",NA
94,1,181.345777055073,100,7,7.4997851680691,"FISHED",0.284004039736465,0.25,1,"HIGH LOW MED",NA
94,2,121.953763187824,95,2,2.49844408297662,"FISHED",0.27196054905653,0.25,1,"HIGH LOW MED",NA
94,3,161.821005361875,98,5,5.5019822129297,"FISHED",0.287365554063581,0.25,1,"HIGH LOW MED",NA
94,4,63.2943396146734,93,0,0.500802001920387,"M",0.296591857960448,0.25,1,"HIGH LOW MED",NA
94,5,63.9305150450019,93,0,0.499500926182251,"M",0.296591857960448,0.25,1,"HIGH LOW MED",NA
94,6,96.8051483247614,94,1,1.50066697481676,"FISHED",0.29697829480283,0.25,1,"HIGH LOW MED",NA
94,7,98.2960731264319,94,1,1.50022489433324,"FISHED",0.29697829480283,0.25,1,"HIGH LOW MED",NA
94,8,60.6901947043256,93,0,0.501127840870308,"FISHED",0.296591857960448,0.25,1,"HIGH LOW MED",NA
94,9,60.7699293064988,93,0,0.501358283947188,"FISHED",0.296591857960448,0.25,1,"HIGH LOW MED",NA
94,10,132.829380670169,95,2,2.50155903619469,"FISHED",0.27196054905653,0.25,1,"HIGH LOW MED",NA
94,11,64.6617748458437,93,0,0.498684895034613,"M",0.296591857960448,0.25,1,"HIGH LOW MED",NA
94,12,94.003832206034,94,1,1.50160560786423,"M",0.29697829480283,0.25,1,"HIGH LOW MED",NA
95,1,95.0010358695017,95,1,1.50053255674453,"FISHED",0.27196054905653,0.25,1,"HIGH LOW MED",NA
95,2,60.8829221178348,94,0,0.50082363888732,"FISHED",0.29697829480283,0.25,1,"HIGH LOW MED",NA
95,3,122.406772351753,96,2,2.4997747027514,"FISHED",0.210825880779885,0.25,1,"HIGH LOW MED",NA
95,4,99.3563854214379,95,1,1.49931229090662,"M",0.27196054905653,0.25,1,"HIGH LOW MED",NA
95,5,59.7327879231061,94,0,0.50066433377492,"FISHED",0.29697829480283,0.25,1,"HIGH LOW MED",NA
95,6,120.813811830815,96,2,2.50026251156583,"M",0.210825880779885,0.25,1,"HIGH LOW MED",NA
95,7,96.1640884326929,95,1,1.49933581805835,"FISHED",0.27196054905653,0.25,1,"HIGH LOW MED",NA
95,8,92.8327271273863,95,1,1.49880032667984,"FISHED",0.27196054905653,0.25,1,"HIGH LOW MED",NA
95,9,63.6281521574448,94,0,0.500309484126116,"M",0.29697829480283,0.25,1,"HIGH LOW MED",NA
95,10,93.3622597631282,95,1,1.5015364548895,"M",0.27196054905653,0.25,1,"HIGH LOW MED",NA
95,11,130.272670984772,96,2,2.49866694915937,"M",0.210825880779885,0.25,1,"HIGH LOW MED",NA
96,1,94.8231421894316,96,1,1.50182443099034,"M",0.210825880779885,0.25,1,"HIGH LOW MED",NA
96,2,125.022545481534,97,2,2.50013441598722,"FISHED",0.209739569458179,0.25,1,"HIGH LOW MED",NA
96,3,62.9483546645964,95,0,0.500144457944075,"M",0.27196054905653,0.25,1,"HIGH LOW MED",NA
96,4,61.9936734178297,95,0,0.498924060674052,"FISHED",0.27196054905653,0.25,1,"HIGH LOW MED",NA
96,5,103.170063064893,96,1,1.49950956791709,"M",0.210825880779885,0.25,1,"HIGH LOW MED",NA
96,6,61.9272332842799,95,0,0.501074831560491,"FISHED",0.27196054905653,0.25,1,"HIGH LOW MED",NA
96,7,157.889702858163,98,3,3.50096008327916,"FISHED",0.287365554063581,0.25,1,"HIGH LOW MED",NA
96,8,64.750449913268,95,0,0.499674654414249,"M",0.27196054905653,0.25,1,"HIGH LOW MED",NA
96,9,63.7087571282003,95,0,0.498463322823176,"M",0.27196054905653,0.25,1,"HIGH LOW MED",NA
96,10,130.559887898416,97,2,2.50203006687506,"M",0.209739569458179,0.25,1,"HIGH LOW MED",NA
96,11,62.926852482974,95,0,0.499444615865971,"FISHED",0.27196054905653,0.25,1,"HIGH LOW MED",NA
96,12,97.2425561379597,96,1,1.50002541163701,"M",0.210825880779885,0.25,1,"HIGH LOW MED",NA
97,1,61.3219194237891,96,0,0.499780007605209,"FISHED",0.210825880779885,0.25,1,"HIGH LOW MED",NA
97,2,141.56571525798,99,3,3.50047322669211,"FISHED",0.277645288500935,0.25,1,"HIGH LOW MED",NA
97,3,130.001323742873,98,2,2.50025165650884,"FISHED",0.287365554063581,0.25,1,"HIGH LOW MED",NA
97,4,61.4289526876714,96,0,0.498582417800494,"M",0.210825880779885,0.25,1,"HIGH LOW MED",NA
97,5,63.4272344762429,96,0,0.4977155112449,"M",0.210825880779885,0.25,1,"HIGH LOW MED",NA
97,6,63.791843065499,96,0,0.498922648862074,"M",0.210825880779885,0.25,1,"HIGH LOW MED",NA
97,7,63.547777755771,96,0,0.499365359191794,"FISHED",0.210825880779885,0.25,1,"HIGH LOW MED",NA
97,8,126.894530511,98,2,2.49898207372397,"M",0.287365554063581,0.25,1,"HIGH LOW MED",NA
97,9,99.439061790916,97,1,1.49962789566648,"FISHED",0.209739569458179,0.25,1,"HIGH LOW MED",NA
97,10,131.701245109967,98,2,2.49893258439409,"M",0.287365554063581,0.25,1,"HIGH LOW MED",NA
98,1,94.8239924505522,98,1,1.49986472636751,"FISHED",0.287365554063581,0.25,1,"HIGH LOW MED",NA
98,2,61.6702660318613,97,0,0.502001637630741,"FISHED",0.209739569458179,0.25,1,"HIGH LOW MED",NA
98,3,124.521645323701,99,2,2.50014995603831,"M",0.277645288500935,0.25,1,"HIGH LOW MED",NA
98,4,99.7868716538362,98,1,1.49957616888342,"M",0.287365554063581,0.25,1,"HIGH LOW MED",NA
98,5,136.212687017541,100,3,3.50023939610644,"FISHED",0.284004039736465,0.25,1,"HIGH LOW MED",NA
98,6,103.468093616778,98,1,1.50154573696016,"M",0.287365554063581,0.25,1,"HIGH LOW MED",NA
98,7,62.1240257448556,97,0,0.499584038079482,"FISHED",0.209739569458179,0.25,1,"HIGH LOW MED",NA
98,8,64.020582636951,97,0,0.501433798459212,"M",0.209739569458179,0.25,1,"HIGH LOW MED",NA
98,9,64.5968001166251,97,0,0.499644055535556,"M",0.209739569458179,0.25,1,"HIGH LOW MED",NA
99,1,119.147127229487,100,2,2.50136617276847,"M",0.284004039736465,0.25,1,"HIGH LOW MED",NA
99,2,62.662709554227,98,0,0.499078236745007,"M",0.287365554063581,0.25,1,"HIGH LOW MED",NA
99,3,63.9284865224097,98,0,0.501024937758271,"FISHED",0.287365554063581,0.25,1,"HIGH LOW MED",NA
99,4,63.2346826150624,98,0,0.500219520545671,"M",0.287365554063581,0.25,1,"HIGH LOW MED",NA
99,5,62.4862099523169,98,0,0.499420993393853,"FISHED",0.287365554063581,0.25,1,"HIGH LOW MED",NA
99,6,66.8004769166885,98,0,0.500037090773051,"FISHED",0.287365554063581,0.25,1,"HIGH LOW MED",NA
99,7,59.2025229918424,98,0,0.500175863601253,"M",0.287365554063581,0.25,1,"HIGH LOW MED",NA
99,8,140.685328466404,100,2,2.49953717567072,"FISHED",0.284004039736465,0.25,1,"HIGH LOW MED",NA
99,9,63.3247103202918,98,0,0.500223320923795,"M",0.287365554063581,0.25,1,"HIGH LOW MED",NA
99,10,63.1460596929917,98,0,0.50003314260821,"FISHED",0.287365554063581,0.25,1,"HIGH LOW MED",NA
99,11,64.2835528489379,98,0,0.50075161150205,"M",0.287365554063581,0.25,1,"HIGH LOW MED",NA
100,1,96.1282169438769,100,1,1.4994601317671,"FISHED",0.284004039736465,0.25,1,"HIGH LOW MED",NA
100,2,103.29761796009,100,1,1.50142157449536,"FISHED",0.284004039736465,0.25,1,"HIGH LOW MED",NA
100,3,67.6097766411509,99,0,0.499100273260702,"M",0.277645288500935,0.25,1,"HIGH LOW MED",NA
100,4,94.3104208445213,100,1,1.50055175847456,"FISHED",0.284004039736465,0.25,1,"HIGH LOW MED",NA
100,5,63.2199180930071,99,0,0.499281854126662,"M",0.277645288500935,0.25,1,"HIGH LOW MED",NA
100,6,102.880669046254,100,1,1.49928741515915,"FISHED",0.284004039736465,0.25,1,"HIGH LOW MED",NA
100,7,97.0201242162204,100,1,1.50092618368825,"FISHED",0.284004039736465,0.25,1,"HIGH LOW MED",NA
100,8,100.171924001812,100,1,1.49913520804731,"M",0.284004039736465,0.25,1,"HIGH LOW MED",NA
100,9,62.9069661366045,99,0,0.502643369680812,"M",0.277645288500935,0.25,1,"HIGH LOW MED",NA
100,10,62.3273605730141,99,0,0.499197792694966,"M",0.277645288500935,0.25,1,"HIGH LOW MED",NA
