"cohort","ind","fish_size","Year","Age","AgeE","dtype","FMORT","M","Sel","FSIM","REG"
1,1,159.837876326061,6,6,6.50019405229606,"M",0,0.25,1,"LOW HIGH MED",NA
1,2,61.251739780965,0,0,0.501391633226035,"M",0,0.25,1,"LOW HIGH MED",NA
1,3,200.317254778509,9,9,9.50097553201148,"M",0,0.25,1,"LOW HIGH MED",NA
1,4,209.533962423423,8,8,8.50009902425699,"M",0,0.25,1,"LOW HIGH MED",NA
1,5,66.6655434611685,0,0,0.499189977920246,"M",0,0.25,1,"LOW HIGH MED",NA
1,6,202.32544463562,6,6,6.50075267770213,"M",0,0.25,1,"LOW HIGH MED",NA
1,7,62.7408758142618,0,0,0.500097200926809,"M",0,0.25,1,"LOW HIGH MED",NA
1,8,191.7400175817,6,6,6.49868591490035,"M",0,0.25,1,"LOW HIGH MED",NA
1,9,99.1467532739431,1,1,1.50004271321735,"M",0,0.25,1,"LOW HIGH MED",NA
1,10,60.6681179051388,0,0,0.500283068336355,"M",0,0.25,1,"LOW HIGH MED",NA
1,11,177.355792629982,5,5,5.50004885756263,"M",0,0.25,1,"LOW HIGH MED",NA
2,1,133.76706273118,3,2,2.500299920838,"M",0,0.25,1,"LOW HIGH MED",NA
2,2,93.0952637963665,2,1,1.50057454314369,"M",0,0.25,1,"LOW HIGH MED",NA
2,3,181.337595126783,7,6,6.49964629011671,"M",0,0.25,1,"LOW HIGH MED",NA
2,4,64.0388883220485,1,0,0.499769983787509,"M",0,0.25,1,"LOW HIGH MED",NA
2,5,179.369532960878,5,4,4.49938193916777,"M",0,0.25,1,"LOW HIGH MED",NA
2,6,164.167656765349,5,4,4.49961247429077,"M",0,0.25,1,"LOW HIGH MED",NA
2,7,195.080593641557,13,12,12.501952530187,"M",0,0.25,1,"LOW HIGH MED",NA
2,8,207.866501989136,11,10,10.5023078574504,"M",0,0.25,1,"LOW HIGH MED",NA
2,9,207.619327743094,11,10,10.5002996894233,"M",0,0.25,1,"LOW HIGH MED",NA
2,10,146.642299743567,4,3,3.4991940393265,"M",0,0.25,1,"LOW HIGH MED",NA
2,11,64.06268833175,1,0,0.500260773607167,"M",0,0.25,1,"LOW HIGH MED",NA
2,12,96.0138625138562,2,1,1.49851138437938,"M",0,0.25,1,"LOW HIGH MED",NA
2,13,99.5918361535977,2,1,1.49879394408183,"M",0,0.25,1,"LOW HIGH MED",NA
2,14,159.366450561536,6,5,5.49990003312771,"M",0,0.25,1,"LOW HIGH MED",NA
2,15,190.451223304807,9,8,8.49933891316687,"M",0,0.25,1,"LOW HIGH MED",NA
3,1,147.243354308348,5,3,3.49931235861091,"M",0,0.25,1,"LOW HIGH MED",NA
3,2,181.796604896618,8,6,6.50222106609473,"M",0,0.25,1,"LOW HIGH MED",NA
3,3,61.6679355829721,2,0,0.500178650405713,"M",0,0.25,1,"LOW HIGH MED",NA
3,4,131.088893953417,4,2,2.50255750926405,"M",0,0.25,1,"LOW HIGH MED",NA
3,5,94.29379734791,3,1,1.50123808170207,"M",0,0.25,1,"LOW HIGH MED",NA
3,6,280.292059934611,12,10,10.5007627897047,"M",0,0.25,1,"LOW HIGH MED",NA
3,7,86.8702032541028,3,1,1.50028057931888,"M",0,0.25,1,"LOW HIGH MED",NA
3,8,181.034539771425,7,5,5.50048112893614,"M",0,0.25,1,"LOW HIGH MED",NA
3,9,104.385975415363,3,1,1.50056617693606,"M",0,0.25,1,"LOW HIGH MED",NA
3,10,145.363365281024,5,3,3.50214280490082,"M",0,0.25,1,"LOW HIGH MED",NA
3,11,205.566808077196,10,8,8.49762470001811,"M",0,0.25,1,"LOW HIGH MED",NA
3,12,157.12191818911,5,3,3.49958796837239,"M",0,0.25,1,"LOW HIGH MED",NA
3,13,63.9080414070741,2,0,0.501102137287536,"M",0,0.25,1,"LOW HIGH MED",NA
4,1,228.890370961498,13,10,10.4990905748653,"M",0,0.25,1,"LOW HIGH MED",NA
4,2,128.3356361429,5,2,2.49843020880938,"M",0,0.25,1,"LOW HIGH MED",NA
4,3,186.941089879206,8,5,5.49948564852196,"M",0,0.25,1,"LOW HIGH MED",NA
4,4,104.784432635103,4,1,1.49938330590518,"M",0,0.25,1,"LOW HIGH MED",NA
4,5,63.3498222617947,3,0,0.499880370384371,"M",0,0.25,1,"LOW HIGH MED",NA
4,6,166.695102827687,7,4,4.49789360552026,"M",0,0.25,1,"LOW HIGH MED",NA
4,7,134.517613822234,6,3,3.49891604621245,"M",0,0.25,1,"LOW HIGH MED",NA
4,8,186.469669457481,8,5,5.49923027002084,"M",0,0.25,1,"LOW HIGH MED",NA
4,9,207.882957348092,11,8,8.50084806950237,"M",0,0.25,1,"LOW HIGH MED",NA
4,10,132.105794024535,5,2,2.49848872690581,"M",0,0.25,1,"LOW HIGH MED",NA
4,11,126.372140563094,5,2,2.49923273985707,"M",0,0.25,1,"LOW HIGH MED",NA
4,12,121.116165797276,5,2,2.50051325983255,"M",0,0.25,1,"LOW HIGH MED",NA
4,13,118.354491932023,5,2,2.49961008188738,"M",0,0.25,1,"LOW HIGH MED",NA
5,1,100.208872205268,5,1,1.49953654064849,"M",0,0.25,1,"LOW HIGH MED",NA
5,2,176.148908354956,9,5,5.50007302404449,"M",0,0.25,1,"LOW HIGH MED",NA
5,3,215.996383898855,10,6,6.50116147889588,"M",0,0.25,1,"LOW HIGH MED",NA
5,4,141.897969708918,7,3,3.50068248675767,"M",0,0.25,1,"LOW HIGH MED",NA
5,5,173.361558756765,9,5,5.50014142761113,"M",0,0.25,1,"LOW HIGH MED",NA
5,6,151.728715968577,9,5,5.49883033968255,"M",0,0.25,1,"LOW HIGH MED",NA
5,7,174.839477034474,8,4,4.50067050234769,"M",0,0.25,1,"LOW HIGH MED",NA
5,8,166.146127721408,9,5,5.49871736750525,"M",0,0.25,1,"LOW HIGH MED",NA
5,9,100.610598698801,5,1,1.50292175093658,"M",0,0.25,1,"LOW HIGH MED",NA
5,10,61.7961331698032,4,0,0.497883328719391,"M",0,0.25,1,"LOW HIGH MED",NA
5,11,188.022981249335,9,5,5.49922765531064,"M",0,0.25,1,"LOW HIGH MED",NA
5,12,97.3530036485066,5,1,1.49992919176377,"M",0,0.25,1,"LOW HIGH MED",NA
6,1,102.731736628092,6,1,1.50005149809796,"M",0,0.25,1,"LOW HIGH MED",NA
6,2,162.714556199637,9,4,4.50201621918567,"M",0,0.25,1,"LOW HIGH MED",NA
6,3,169.32674693989,10,5,5.50005874259937,"M",0,0.25,1,"LOW HIGH MED",NA
6,4,96.9574014798326,6,1,1.49992265476911,"M",0,0.25,1,"LOW HIGH MED",NA
6,5,116.5454066425,7,2,2.49993852084014,"M",0,0.25,1,"LOW HIGH MED",NA
6,6,229.024736038723,16,11,11.5014047256883,"M",0,0.25,1,"LOW HIGH MED",NA
6,7,129.216867042786,7,2,2.50104372409723,"M",0,0.25,1,"LOW HIGH MED",NA
6,8,187.586292195866,13,8,8.49862164403218,"M",0,0.25,1,"LOW HIGH MED",NA
6,9,197.752764492943,12,7,7.5003333698272,"M",0,0.25,1,"LOW HIGH MED",NA
6,10,60.9947849690246,5,0,0.500192364164379,"M",0,0.25,1,"LOW HIGH MED",NA
7,1,95.3491710202651,7,1,1.49925945384817,"M",0,0.25,1,"LOW HIGH MED",NA
7,2,127.337881929881,8,2,2.50008903865345,"M",0,0.25,1,"LOW HIGH MED",NA
7,3,102.607612228028,7,1,1.49928374889802,"M",0,0.25,1,"LOW HIGH MED",NA
7,4,175.534725208122,10,4,4.49879580057714,"M",0,0.25,1,"LOW HIGH MED",NA
7,5,105.032982208692,7,1,1.49936049391511,"M",0,0.25,1,"LOW HIGH MED",NA
7,6,93.042714212643,7,1,1.50021233567406,"M",0,0.25,1,"LOW HIGH MED",NA
7,7,203.441859633651,17,11,11.5002336214085,"M",0,0.25,1,"LOW HIGH MED",NA
7,8,99.9848882776449,7,1,1.49906076587252,"M",0,0.25,1,"LOW HIGH MED",NA
7,9,156.737706856892,9,3,3.49978405538302,"M",0,0.25,1,"LOW HIGH MED",NA
7,10,128.829728044612,8,2,2.49951754100241,"M",0,0.25,1,"LOW HIGH MED",NA
8,1,64.8862935975565,7,0,0.500586942112861,"M",0,0.25,1,"LOW HIGH MED",NA
8,2,169.906688806527,11,4,4.50166703870893,"M",0,0.25,1,"LOW HIGH MED",NA
8,3,156.445143086118,10,3,3.50211735331659,"M",0,0.25,1,"LOW HIGH MED",NA
8,4,58.4870051245395,7,0,0.50038561051529,"M",0,0.25,1,"LOW HIGH MED",NA
8,5,62.6204439671167,7,0,0.499629170149271,"M",0,0.25,1,"LOW HIGH MED",NA
8,6,210.635340664953,16,9,9.50054018739887,"M",0,0.25,1,"LOW HIGH MED",NA
8,7,155.706753488053,10,3,3.49883767585142,"M",0,0.25,1,"LOW HIGH MED",NA
8,8,126.95362432523,9,2,2.5000659168649,"M",0,0.25,1,"LOW HIGH MED",NA
8,9,120.162700004629,9,2,2.5006061490664,"M",0,0.25,1,"LOW HIGH MED",NA
8,10,177.31447246931,11,4,4.49722179513657,"M",0,0.25,1,"LOW HIGH MED",NA
8,11,99.2174759356979,8,1,1.50193599078437,"M",0,0.25,1,"LOW HIGH MED",NA
8,12,147.331883349107,10,3,3.50074375654992,"M",0,0.25,1,"LOW HIGH MED",NA
8,13,129.414819002201,9,2,2.49804954392629,"M",0,0.25,1,"LOW HIGH MED",NA
8,14,65.2821208391547,7,0,0.501158384277683,"M",0,0.25,1,"LOW HIGH MED",NA
8,15,103.112964385414,8,1,1.49954074266515,"M",0,0.25,1,"LOW HIGH MED",NA
9,1,142.78822032068,11,3,3.4987483238201,"M",0,0.25,1,"LOW HIGH MED",NA
9,2,101.609903916701,9,1,1.50017442131383,"M",0,0.25,1,"LOW HIGH MED",NA
9,3,99.8431511924329,9,1,1.49625485010837,"M",0,0.25,1,"LOW HIGH MED",NA
9,4,101.48790869776,9,1,1.49967806323724,"M",0,0.25,1,"LOW HIGH MED",NA
9,5,137.115823675739,11,3,3.50023089112317,"M",0,0.25,1,"LOW HIGH MED",NA
9,6,101.222240483564,9,1,1.49965357034578,"M",0,0.25,1,"LOW HIGH MED",NA
9,7,63.4664775989018,8,0,0.500523204289737,"M",0,0.25,1,"LOW HIGH MED",NA
9,8,132.736926184814,11,3,3.50108156862592,"M",0,0.25,1,"LOW HIGH MED",NA
9,9,127.365251304752,10,2,2.50016523843175,"M",0,0.25,1,"LOW HIGH MED",NA
9,10,149.981852315384,11,3,3.49948651285599,"M",0,0.25,1,"LOW HIGH MED",NA
10,1,212.315416537414,19,10,10.500088056483,"M",0,0.25,1,"LOW HIGH MED",NA
10,2,62.1688532803237,9,0,0.501648914667524,"M",0,0.25,1,"LOW HIGH MED",NA
10,3,154.244616594135,12,3,3.49999823337437,"M",0,0.25,1,"LOW HIGH MED",NA
10,4,95.5192699150691,10,1,1.5001811649809,"M",0,0.25,1,"LOW HIGH MED",NA
10,5,97.8104218919562,10,1,1.50080932584849,"M",0,0.25,1,"LOW HIGH MED",NA
10,6,99.8762510303455,10,1,1.4997041461301,"M",0,0.25,1,"LOW HIGH MED",NA
10,7,104.801678177844,10,1,1.5004087836748,"M",0,0.25,1,"LOW HIGH MED",NA
10,8,98.0681465662367,10,1,1.50028349055447,"M",0,0.25,1,"LOW HIGH MED",NA
10,9,128.585398804358,11,2,2.49924433260959,"M",0,0.25,1,"LOW HIGH MED",NA
10,10,177.478223556102,15,6,6.49873916123161,"M",0,0.25,1,"LOW HIGH MED",NA
11,1,99.6365098769143,11,1,1.49984393765682,"M",0,0.25,1,"LOW HIGH MED",NA
11,2,169.483259537976,14,4,4.50050146857325,"M",0,0.25,1,"LOW HIGH MED",NA
11,3,142.188744643775,12,2,2.50243120562111,"M",0,0.25,1,"LOW HIGH MED",NA
11,4,63.3616837721658,10,0,0.503539420954817,"M",0,0.25,1,"LOW HIGH MED",NA
11,5,97.0926928852815,11,1,1.49952816932856,"M",0,0.25,1,"LOW HIGH MED",NA
11,6,104.268838345801,11,1,1.49747090683314,"M",0,0.25,1,"LOW HIGH MED",NA
11,7,189.443293715749,15,5,5.49793747730524,"M",0,0.25,1,"LOW HIGH MED",NA
11,8,239.075484378606,24,14,14.4982573112284,"M",0,0.25,1,"LOW HIGH MED",NA
11,9,98.5859340219333,11,1,1.50194645714924,"M",0,0.25,1,"LOW HIGH MED",NA
11,10,176.25594661129,15,5,5.50102656041085,"M",0,0.25,1,"LOW HIGH MED",NA
11,11,104.109376851248,11,1,1.49993130522548,"M",0,0.25,1,"LOW HIGH MED",NA
11,12,154.785380771818,14,4,4.49963938485003,"M",0,0.25,1,"LOW HIGH MED",NA
12,1,139.665059624155,14,3,3.50037862795858,"M",0,0.25,1,"LOW HIGH MED",NA
12,2,176.472617486504,17,6,6.50068802309933,"M",0,0.25,1,"LOW HIGH MED",NA
12,3,132.277728242716,13,2,2.50019511115154,"M",0,0.25,1,"LOW HIGH MED",NA
12,4,169.977259646647,16,5,5.49982619134051,"M",0,0.25,1,"LOW HIGH MED",NA
12,5,100.902061647578,12,1,1.50089068526136,"M",0,0.25,1,"LOW HIGH MED",NA
12,6,62.577393323867,11,0,0.500025976346945,"M",0,0.25,1,"LOW HIGH MED",NA
12,7,126.962144041213,13,2,2.50040784902376,"M",0,0.25,1,"LOW HIGH MED",NA
12,8,211.780877392465,20,9,9.49976424953665,"M",0,0.25,1,"LOW HIGH MED",NA
12,9,64.7441915985324,11,0,0.502482003768836,"M",0,0.25,1,"LOW HIGH MED",NA
12,10,168.846123329978,16,5,5.50156189818556,"M",0,0.25,1,"LOW HIGH MED",NA
12,11,60.3089621468119,11,0,0.49934963830539,"M",0,0.25,1,"LOW HIGH MED",NA
12,12,136.476427990087,13,2,2.49826839075373,"M",0,0.25,1,"LOW HIGH MED",NA
12,13,187.580356696305,16,5,5.50059731346954,"M",0,0.25,1,"LOW HIGH MED",NA
13,1,129.565123131897,14,2,2.49790400839503,"M",0,0.25,1,"LOW HIGH MED",NA
13,2,148.04935388342,15,3,3.50107654555856,"M",0,0.25,1,"LOW HIGH MED",NA
13,3,65.1068398416992,12,0,0.501130835705475,"M",0,0.25,1,"LOW HIGH MED",NA
13,4,229.818901745005,21,9,9.50092007029108,"M",0,0.25,1,"LOW HIGH MED",NA
13,5,61.6171357262038,12,0,0.501675967576086,"M",0,0.25,1,"LOW HIGH MED",NA
13,6,166.069273807595,16,4,4.50080524578715,"M",0,0.25,1,"LOW HIGH MED",NA
13,7,61.7206010423733,12,0,0.498684750551664,"M",0,0.25,1,"LOW HIGH MED",NA
13,8,60.9677687888081,12,0,0.500945580881826,"M",0,0.25,1,"LOW HIGH MED",NA
13,9,225.507983427077,20,8,8.50060741020395,"M",0,0.25,1,"LOW HIGH MED",NA
13,10,289.358091747093,24,12,12.5006186295886,"M",0,0.25,1,"LOW HIGH MED",NA
13,11,62.7983904532291,12,0,0.499989080875976,"M",0,0.25,1,"LOW HIGH MED",NA
13,12,202.301640170751,19,7,7.49952560839265,"M",0,0.25,1,"LOW HIGH MED",NA
13,13,96.0636193360956,13,1,1.49974687629248,"M",0,0.25,1,"LOW HIGH MED",NA
14,1,65.5533716240593,13,0,0.499508787281313,"M",0,0.25,1,"LOW HIGH MED",NA
14,2,192.005937957086,19,6,6.4988921165304,"M",0,0.25,1,"LOW HIGH MED",NA
14,3,198.01406104003,21,8,8.50013689226897,"M",0,0.25,1,"LOW HIGH MED",NA
14,4,101.237247905957,14,1,1.50033370518313,"M",0,0.25,1,"LOW HIGH MED",NA
14,5,61.1029323599813,13,0,0.499474041748399,"M",0,0.25,1,"LOW HIGH MED",NA
14,6,210.16933735458,24,11,11.4999799391509,"M",0,0.25,1,"LOW HIGH MED",NA
14,7,203.9930612709,20,7,7.50011874341268,"M",0,0.25,1,"LOW HIGH MED",NA
14,8,64.8857789604716,13,0,0.500552115037898,"M",0,0.25,1,"LOW HIGH MED",NA
14,9,159.284872366436,17,4,4.49874651872948,"M",0,0.25,1,"LOW HIGH MED",NA
14,10,130.30780346155,15,2,2.49927063120907,"M",0,0.25,1,"LOW HIGH MED",NA
14,11,146.874241982804,16,3,3.50008445546196,"M",0,0.25,1,"LOW HIGH MED",NA
15,1,60.9533327433092,14,0,0.50120724782582,"M",0,0.25,1,"LOW HIGH MED",NA
15,2,123.839361876475,16,2,2.50110190599627,"M",0,0.25,1,"LOW HIGH MED",NA
15,3,100.28897063263,15,1,1.5014857719504,"M",0,0.25,1,"LOW HIGH MED",NA
15,4,135.574051189755,16,2,2.50083281590338,"M",0,0.25,1,"LOW HIGH MED",NA
15,5,164.397775541983,19,5,5.50107052707749,"M",0,0.25,1,"LOW HIGH MED",NA
15,6,146.129278150333,17,3,3.49913191669974,"M",0,0.25,1,"LOW HIGH MED",NA
15,7,66.042823075414,14,0,0.501211993754379,"M",0,0.25,1,"LOW HIGH MED",NA
15,8,62.5158895327622,14,0,0.499417528950697,"M",0,0.25,1,"LOW HIGH MED",NA
15,9,98.6808904710312,15,1,1.49819518345222,"M",0,0.25,1,"LOW HIGH MED",NA
15,10,169.922174692922,19,5,5.50181619558657,"M",0,0.25,1,"LOW HIGH MED",NA
15,11,67.9091169968072,14,0,0.499284152977672,"M",0,0.25,1,"LOW HIGH MED",NA
15,12,112.193421717602,15,1,1.49939412027281,"M",0,0.25,1,"LOW HIGH MED",NA
16,1,144.595367715833,18,3,3.50300405753657,"M",0,0.25,1,"LOW HIGH MED",NA
16,2,62.5004938531555,15,0,0.499563002200346,"M",0,0.25,1,"LOW HIGH MED",NA
16,3,97.4376356213854,16,1,1.49922898151089,"M",0,0.25,1,"LOW HIGH MED",NA
16,4,122.330884252745,17,2,2.4976260615118,"M",0,0.25,1,"LOW HIGH MED",NA
16,5,98.6674425066453,16,1,1.50072986712486,"M",0,0.25,1,"LOW HIGH MED",NA
16,6,185.442354370617,24,9,9.50122857841619,"M",0,0.25,1,"LOW HIGH MED",NA
16,7,143.748078733601,18,3,3.50146325417364,"M",0,0.25,1,"LOW HIGH MED",NA
16,8,61.56950310539,15,0,0.498768202290702,"M",0,0.25,1,"LOW HIGH MED",NA
16,9,125.96684510634,17,2,2.49982711686395,"M",0,0.25,1,"LOW HIGH MED",NA
16,10,176.3418520541,19,4,4.49986983983663,"M",0,0.25,1,"LOW HIGH MED",NA
16,11,190.463880588574,20,5,5.50044346681982,"M",0,0.25,1,"LOW HIGH MED",NA
16,12,163.633782267898,19,4,4.49936546668394,"M",0,0.25,1,"LOW HIGH MED",NA
16,13,115.503942227551,17,2,2.5004976787921,"M",0,0.25,1,"LOW HIGH MED",NA
16,14,122.844577750474,17,2,2.4997253897016,"M",0,0.25,1,"LOW HIGH MED",NA
17,1,59.9368155346534,16,0,0.500203866233199,"M",0,0.25,1,"LOW HIGH MED",NA
17,2,62.6174230702597,16,0,0.501483514038743,"M",0,0.25,1,"LOW HIGH MED",NA
17,3,96.0273320472631,17,1,1.49794558336404,"M",0,0.25,1,"LOW HIGH MED",NA
17,4,95.1665522223984,17,1,1.49767791043327,"M",0,0.25,1,"LOW HIGH MED",NA
17,5,62.5811573481961,16,0,0.499714484193326,"M",0,0.25,1,"LOW HIGH MED",NA
17,6,194.456625582018,22,6,6.49891290933152,"M",0,0.25,1,"LOW HIGH MED",NA
17,7,64.3024767003807,16,0,0.500539827874092,"M",0,0.25,1,"LOW HIGH MED",NA
17,8,154.496858840061,19,3,3.50025817404355,"M",0,0.25,1,"LOW HIGH MED",NA
17,9,63.1666710013821,16,0,0.501501300945873,"M",0,0.25,1,"LOW HIGH MED",NA
17,10,176.961173229508,20,4,4.50008978407856,"M",0,0.25,1,"LOW HIGH MED",NA
17,11,102.263445494012,17,1,1.49785350573054,"M",0,0.25,1,"LOW HIGH MED",NA
18,1,117.582248093201,19,2,2.50255374341815,"M",0,0.25,1,"LOW HIGH MED",NA
18,2,95.4348368588835,18,1,1.49960212725401,"M",0,0.25,1,"LOW HIGH MED",NA
18,3,64.3388312637303,17,0,0.500964313392097,"M",0,0.25,1,"LOW HIGH MED",NA
18,4,62.3962843855041,17,0,0.499776634862487,"M",0,0.25,1,"LOW HIGH MED",NA
18,5,61.8364734909902,17,0,0.500345526280807,"M",0,0.25,1,"LOW HIGH MED",NA
18,6,99.4110383137879,18,1,1.50012622194688,"M",0,0.25,1,"LOW HIGH MED",NA
18,7,63.3520588391488,17,0,0.500992767883098,"M",0,0.25,1,"LOW HIGH MED",NA
18,8,135.436746996762,19,2,2.50021028114288,"M",0,0.25,1,"LOW HIGH MED",NA
18,9,61.4554194675302,17,0,0.501718870880184,"M",0,0.25,1,"LOW HIGH MED",NA
18,10,160.150946009808,21,4,4.50071367505662,"M",0,0.25,1,"LOW HIGH MED",NA
18,11,63.0490977421565,17,0,0.500234509221225,"M",0,0.25,1,"LOW HIGH MED",NA
18,12,61.5236532653397,17,0,0.500599242835748,"M",0,0.25,1,"LOW HIGH MED",NA
18,13,169.439606364451,24,7,7.49942656331079,"M",0,0.25,1,"LOW HIGH MED",NA
18,14,156.697313564612,23,6,6.49866301417161,"M",0,0.25,1,"LOW HIGH MED",NA
19,1,125.390273980329,20,2,2.50122351729928,"M",0,0.25,1,"LOW HIGH MED",NA
19,2,199.806831535801,28,10,10.5023478747253,"M",0,0.25,1,"LOW HIGH MED",NA
19,3,199.027154078441,24,6,6.50106799697266,"M",0,0.25,1,"LOW HIGH MED",NA
19,4,130.968740660849,20,2,2.49992978928672,"M",0,0.25,1,"LOW HIGH MED",NA
19,5,60.8300003284037,18,0,0.501284957059414,"M",0,0.25,1,"LOW HIGH MED",NA
19,6,96.994397101312,19,1,1.50075709070275,"M",0,0.25,1,"LOW HIGH MED",NA
19,7,61.9606601435993,18,0,0.500305348933152,"M",0,0.25,1,"LOW HIGH MED",NA
19,8,128.22940764545,20,2,2.50022484901494,"M",0,0.25,1,"LOW HIGH MED",NA
19,9,118.913776753082,20,2,2.50083488617033,"M",0,0.25,1,"LOW HIGH MED",NA
19,10,152.276675509794,22,4,4.50071499969858,"M",0,0.25,1,"LOW HIGH MED",NA
19,11,174.529773183363,23,5,5.50071400365683,"M",0,0.25,1,"LOW HIGH MED",NA
20,1,145.38693110634,22,3,3.50093780998599,"M",0,0.25,1,"LOW HIGH MED",NA
20,2,121.207781823714,21,2,2.49955150557991,"M",0,0.25,1,"LOW HIGH MED",NA
20,3,164.923373335168,24,5,5.50015005845834,"M",0,0.25,1,"LOW HIGH MED",NA
20,4,92.3049128014043,20,1,1.49938114128018,"M",0,0.25,1,"LOW HIGH MED",NA
20,5,63.1100251964011,19,0,0.499039280998697,"M",0,0.25,1,"LOW HIGH MED",NA
20,6,62.2527910105996,19,0,0.498854382103259,"M",0,0.25,1,"LOW HIGH MED",NA
20,7,133.300421328581,21,2,2.50019076084213,"M",0,0.25,1,"LOW HIGH MED",NA
20,8,63.0604492812607,19,0,0.501137799831629,"M",0,0.25,1,"LOW HIGH MED",NA
20,9,63.2593920619382,19,0,0.499025022458792,"M",0,0.25,1,"LOW HIGH MED",NA
20,10,121.530395865811,21,2,2.50000841109149,"M",0,0.25,1,"LOW HIGH MED",NA
20,11,102.758965967978,20,1,1.5006684713227,"M",0,0.25,1,"LOW HIGH MED",NA
20,12,62.172467820217,19,0,0.500478566811916,"M",0,0.25,1,"LOW HIGH MED",NA
21,1,167.221403441011,24,4,4.49830334743253,"M",0,0.25,1,"LOW HIGH MED",NA
21,2,139.750818114815,23,3,3.50160027222054,"M",0,0.25,1,"LOW HIGH MED",NA
21,3,96.7298357078704,21,1,1.5014132765132,"M",0,0.25,1,"LOW HIGH MED",NA
21,4,173.671057096612,28,8,8.49945938321007,"M",0,0.25,1,"LOW HIGH MED",NA
21,5,187.378599490281,27,7,7.50009282350711,"M",0,0.25,1,"LOW HIGH MED",NA
21,6,159.858440615199,23,3,3.49866990817064,"M",0,0.25,1,"LOW HIGH MED",NA
21,7,98.4332119832396,21,1,1.49922543502447,"M",0,0.25,1,"LOW HIGH MED",NA
21,8,136.253584776541,23,3,3.50046087575912,"M",0,0.25,1,"LOW HIGH MED",NA
21,9,127.193169831109,22,2,2.50045833058704,"M",0,0.25,1,"LOW HIGH MED",NA
21,10,200.080693888054,28,8,8.49862902625026,"M",0,0.25,1,"LOW HIGH MED",NA
21,11,62.0850713200637,20,0,0.499885334386479,"M",0,0.25,1,"LOW HIGH MED",NA
21,12,95.605820064997,21,1,1.49953347105956,"M",0,0.25,1,"LOW HIGH MED",NA
22,1,188.713427205499,27,6,6.50026375276024,"M",0,0.25,1,"LOW HIGH MED",NA
22,2,163.747562761133,25,4,4.50020631171708,"M",0,0.25,1,"LOW HIGH MED",NA
22,3,184.676939597525,26,5,5.4985742152745,"M",0,0.25,1,"LOW HIGH MED",NA
22,4,63.9187790703702,21,0,0.500684701010216,"M",0,0.25,1,"LOW HIGH MED",NA
22,5,190.216609025926,26,5,5.5004247363764,"M",0,0.25,1,"LOW HIGH MED",NA
22,6,144.848920513478,25,4,4.49913229074299,"M",0,0.25,1,"LOW HIGH MED",NA
22,7,118.569928942141,23,2,2.5000032887239,"M",0,0.25,1,"LOW HIGH MED",NA
22,8,194.039605746989,27,6,6.50063376309279,"M",0,0.25,1,"LOW HIGH MED",NA
22,9,166.287080270626,26,5,5.49928243314874,"M",0,0.25,1,"LOW HIGH MED",NA
22,10,141.56310050452,24,3,3.50125012814566,"M",0,0.25,1,"LOW HIGH MED",NA
22,11,150.202304303511,24,3,3.49964635938201,"M",0,0.25,1,"LOW HIGH MED",NA
23,1,100.537802808405,23,1,1.50066454966765,"M",0,0.25,1,"LOW HIGH MED",NA
23,2,148.997160731324,25,3,3.5001676779012,"M",0,0.25,1,"LOW HIGH MED",NA
23,3,143.07620289141,25,3,3.500182965377,"M",0,0.25,1,"LOW HIGH MED",NA
23,4,165.821166901144,29,7,7.50018157197957,"M",0,0.25,1,"LOW HIGH MED",NA
23,5,181.263323283829,27,5,5.50239049870699,"M",0,0.25,1,"LOW HIGH MED",NA
23,6,63.7963086023848,22,0,0.500644339697757,"M",0,0.25,1,"LOW HIGH MED",NA
23,7,182.493091787575,29,7,7.50091686856407,"M",0,0.25,1,"LOW HIGH MED",NA
23,8,93.3483731887352,23,1,1.50072787273455,"M",0,0.25,1,"LOW HIGH MED",NA
23,9,99.8102361710155,23,1,1.50018497163883,"M",0,0.25,1,"LOW HIGH MED",NA
23,10,98.1937980633743,23,1,1.49966307894732,"M",0,0.25,1,"LOW HIGH MED",NA
23,11,194.909379098033,28,6,6.49855174166835,"M",0,0.25,1,"LOW HIGH MED",NA
23,12,98.9866669509302,23,1,1.50038311700284,"M",0,0.25,1,"LOW HIGH MED",NA
23,13,184.576976582315,27,5,5.49947312291862,"M",0,0.25,1,"LOW HIGH MED",NA
24,1,159.121423384836,26,3,3.50064983207959,"M",0,0.25,1,"LOW HIGH MED",NA
24,2,64.0176886009568,23,0,0.498302408967597,"M",0,0.25,1,"LOW HIGH MED",NA
24,3,110.23887127941,25,2,2.49963929262218,"M",0,0.25,1,"LOW HIGH MED",NA
24,4,189.038290966343,30,7,7.50018503064252,"M",0,0.25,1,"LOW HIGH MED",NA
24,5,63.1076768200007,23,0,0.500554433703489,"M",0,0.25,1,"LOW HIGH MED",NA
24,6,163.873719341459,27,4,4.50032971757401,"M",0,0.25,1,"LOW HIGH MED",NA
24,7,62.7492015952693,23,0,0.498703533396377,"M",0,0.25,1,"LOW HIGH MED",NA
24,8,58.292323824091,23,0,0.498389939757741,"M",0,0.25,1,"LOW HIGH MED",NA
24,9,67.5118412229601,23,0,0.50026204892067,"M",0,0.25,1,"LOW HIGH MED",NA
24,10,123.558257360526,25,2,2.49870078493826,"M",0,0.25,1,"LOW HIGH MED",NA
24,11,155.874338882484,26,3,3.50121088984328,"M",0,0.25,1,"LOW HIGH MED",NA
25,1,99.5148738326055,25,1,1.49885498061286,"M",0,0.25,1,"LOW HIGH MED",NA
25,2,180.994086051202,29,5,5.49819461544804,"M",0,0.25,1,"LOW HIGH MED",NA
25,3,96.7404080676912,25,1,1.5007538141265,"M",0,0.25,1,"LOW HIGH MED",NA
25,4,154.436679911483,29,5,5.5009250326909,"M",0,0.25,1,"LOW HIGH MED",NA
25,5,63.71878417714,24,0,0.499968379184878,"M",0,0.25,1,"LOW HIGH MED",NA
25,6,173.777463479611,29,5,5.4977537194489,"M",0,0.25,1,"LOW HIGH MED",NA
25,7,153.971216634823,28,4,4.50002218554816,"M",0,0.25,1,"LOW HIGH MED",NA
25,8,95.4984562560562,25,1,1.49921729853808,"M",0,0.25,1,"LOW HIGH MED",NA
25,9,145.059043368925,27,3,3.49973705004005,"M",0,0.25,1,"LOW HIGH MED",NA
25,10,186.073561969707,36,12,12.5006582094407,"M",0,0.25,1,"LOW HIGH MED",NA
25,11,240.539589157508,38,14,14.499343990138,"M",0,0.25,1,"LOW HIGH MED",NA
26,1,62.3440180925213,25,0,0.50056888286684,"M",0,0.25,1,"LOW HIGH MED",NA
26,2,190.539500450395,31,6,6.50006184014315,"M",0,0.25,1,"LOW HIGH MED",NA
26,3,209.672114888506,36,11,11.4988881514802,"M",0,0.25,1,"LOW HIGH MED",NA
26,4,95.7307779185518,26,1,1.49780792522514,"M",0,0.25,1,"LOW HIGH MED",NA
26,5,167.497025198818,30,5,5.50049075891297,"M",0,0.25,1,"LOW HIGH MED",NA
26,6,126.779075130258,27,2,2.49948081881747,"M",0,0.25,1,"LOW HIGH MED",NA
26,7,64.3528765943856,25,0,0.498568064048559,"M",0,0.25,1,"LOW HIGH MED",NA
26,8,153.860653103876,28,3,3.49971664972676,"M",0,0.25,1,"LOW HIGH MED",NA
26,9,63.0162282951777,25,0,0.499448450534161,"M",0,0.25,1,"LOW HIGH MED",NA
26,10,99.1355064021825,26,1,1.49994829850685,"M",0,0.25,1,"LOW HIGH MED",NA
26,11,95.6185120889324,26,1,1.50078783163513,"M",0,0.25,1,"LOW HIGH MED",NA
26,12,61.8606076989455,25,0,0.498301153988426,"M",0,0.25,1,"LOW HIGH MED",NA
26,13,62.8567858243896,25,0,0.498879910912182,"M",0,0.25,1,"LOW HIGH MED",NA
27,1,124.281548333673,28,2,2.49873078670859,"M",0,0.25,1,"LOW HIGH MED",NA
27,2,63.3387137402606,26,0,0.500717436638203,"M",0,0.25,1,"LOW HIGH MED",NA
27,3,103.077244432672,27,1,1.50001215965303,"M",0,0.25,1,"LOW HIGH MED",NA
27,4,190.138526966832,30,4,4.49966042826948,"M",0,0.25,1,"LOW HIGH MED",NA
27,5,64.5947289988544,26,0,0.501918394256833,"M",0,0.25,1,"LOW HIGH MED",NA
27,6,129.524665100559,28,2,2.50076386267972,"M",0,0.25,1,"LOW HIGH MED",NA
27,7,145.446054256565,29,3,3.49967428053123,"M",0,0.25,1,"LOW HIGH MED",NA
27,8,62.7263479871589,26,0,0.500181697205024,"M",0,0.25,1,"LOW HIGH MED",NA
27,9,96.3258583315687,27,1,1.50121520872,"M",0,0.25,1,"LOW HIGH MED",NA
27,10,60.2460238455548,26,0,0.500724576262222,"M",0,0.25,1,"LOW HIGH MED",NA
27,11,164.118501506414,30,4,4.49644434958481,"M",0,0.25,1,"LOW HIGH MED",NA
27,12,190.012683641239,35,9,9.50133072215892,"M",0,0.25,1,"LOW HIGH MED",NA
28,1,61.3439851970012,27,0,0.500130997148723,"M",0,0.25,1,"LOW HIGH MED",NA
28,2,97.3132215566689,28,1,1.50148766425117,"M",0,0.25,1,"LOW HIGH MED",NA
28,3,144.059799948767,30,3,3.49960131446578,"M",0,0.25,1,"LOW HIGH MED",NA
28,4,224.334942014577,41,14,14.4995217141851,"M",0,0.25,1,"LOW HIGH MED",NA
28,5,123.46160726696,29,2,2.49964498858372,"M",0,0.25,1,"LOW HIGH MED",NA
28,6,62.0466910920938,27,0,0.498434657250103,"M",0,0.25,1,"LOW HIGH MED",NA
28,7,62.9240955587442,27,0,0.500602266925173,"M",0,0.25,1,"LOW HIGH MED",NA
28,8,164.059101449995,31,4,4.50096373041519,"M",0,0.25,1,"LOW HIGH MED",NA
28,9,210.691535573534,37,10,10.5011768622168,"M",0,0.25,1,"LOW HIGH MED",NA
28,10,211.627718838712,37,10,10.4999699808568,"M",0,0.25,1,"LOW HIGH MED",NA
28,11,132.815010109757,29,2,2.49897706455367,"M",0,0.25,1,"LOW HIGH MED",NA
28,12,128.842796614201,29,2,2.4999155770054,"M",0,0.25,1,"LOW HIGH MED",NA
28,13,102.541651542653,28,1,1.4997934155997,"M",0,0.25,1,"LOW HIGH MED",NA
29,1,195.668399397871,36,8,8.50026729933844,"M",0,0.25,1,"LOW HIGH MED",NA
29,2,150.999054363555,32,4,4.4997140336745,"M",0,0.25,1,"LOW HIGH MED",NA
29,3,133.246955679427,30,2,2.49999906247968,"M",0,0.25,1,"LOW HIGH MED",NA
29,4,97.3634658977832,29,1,1.50026385715848,"M",0,0.25,1,"LOW HIGH MED",NA
29,5,196.757374695554,35,7,7.49967131120637,"M",0,0.25,1,"LOW HIGH MED",NA
29,6,92.222124223835,29,1,1.50080319059748,"M",0,0.25,1,"LOW HIGH MED",NA
29,7,209.614489547806,36,8,8.49900866227833,"M",0,0.25,1,"LOW HIGH MED",NA
29,8,108.477243328031,29,1,1.49867266452048,"M",0,0.25,1,"LOW HIGH MED",NA
29,9,142.333553655285,31,3,3.49761554766037,"M",0,0.25,1,"LOW HIGH MED",NA
29,10,166.874005498776,32,4,4.4996080224384,"M",0,0.25,1,"LOW HIGH MED",NA
29,11,94.1478949659925,29,1,1.49930579838214,"M",0,0.25,1,"LOW HIGH MED",NA
29,12,100.727996924204,29,1,1.49845524900671,"M",0,0.25,1,"LOW HIGH MED",NA
29,13,97.7290088448548,29,1,1.49980642612502,"M",0,0.25,1,"LOW HIGH MED",NA
30,1,201.364364944155,36,7,7.50008874102621,"M",0,0.25,1,"LOW HIGH MED",NA
30,2,153.904487096825,32,3,3.49894811339431,"M",0,0.25,1,"LOW HIGH MED",NA
30,3,65.2578021481814,29,0,0.500709262440795,"M",0,0.25,1,"LOW HIGH MED",NA
30,4,95.8341622135784,30,1,1.50010733564964,"M",0,0.25,1,"LOW HIGH MED",NA
30,5,61.2367117635222,29,0,0.50155068152265,"M",0,0.25,1,"LOW HIGH MED",NA
30,6,158.980871021277,33,4,4.49919142196623,"M",0,0.25,1,"LOW HIGH MED",NA
30,7,139.677551720091,32,3,3.50064640411274,"M",0,0.25,1,"LOW HIGH MED",NA
30,8,240.420317116507,38,9,9.49883961236146,"M",0,0.25,1,"LOW HIGH MED",NA
30,9,61.1739552667587,29,0,0.500133640048045,"M",0,0.25,1,"LOW HIGH MED",NA
30,10,64.6443400488084,29,0,0.500318779205601,"M",0,0.25,1,"LOW HIGH MED",NA
30,11,165.762516885744,33,4,4.50129991838965,"M",0,0.25,1,"LOW HIGH MED",NA
30,12,61.8849298345499,29,0,0.499830569979908,"M",0,0.25,1,"LOW HIGH MED",NA
30,13,65.4173330487262,29,0,0.499852919205024,"M",0,0.25,1,"LOW HIGH MED",NA
30,14,61.3980318546424,29,0,0.49946945503925,"M",0,0.25,1,"LOW HIGH MED",NA
31,1,162.977109668247,33,3,3.50144454931525,"M",0,0.25,1,"LOW HIGH MED",NA
31,2,134.297377590643,33,3,3.49949907243472,"M",0,0.25,1,"LOW HIGH MED",NA
31,3,63.9413450982507,30,0,0.500840587239159,"M",0,0.25,1,"LOW HIGH MED",NA
31,4,140.947463764288,34,4,4.49964423882046,"M",0,0.25,1,"LOW HIGH MED",NA
31,5,143.988306498586,33,3,3.49829959419779,"M",0,0.25,1,"LOW HIGH MED",NA
31,6,196.863766408355,39,9,9.50059262109808,"M",0,0.25,1,"LOW HIGH MED",NA
31,7,127.703480918841,32,2,2.49992009110715,"M",0,0.25,1,"LOW HIGH MED",NA
31,8,118.916756277982,32,2,2.50027292293427,"M",0,0.25,1,"LOW HIGH MED",NA
31,9,64.4875761580363,30,0,0.501571500181155,"M",0,0.25,1,"LOW HIGH MED",NA
31,10,123.65308730745,32,2,2.50092589471802,"M",0,0.25,1,"LOW HIGH MED",NA
31,11,196.006718706194,35,5,5.49792289818282,"M",0,0.25,1,"LOW HIGH MED",NA
31,12,172.051561996345,35,5,5.50118128336574,"M",0,0.25,1,"LOW HIGH MED",NA
31,13,161.717849632794,34,4,4.5002088132195,"M",0,0.25,1,"LOW HIGH MED",NA
32,1,195.240917125488,40,9,9.50140095282656,"M",0,0.25,1,"LOW HIGH MED",NA
32,2,149.184484211488,36,5,5.49821873675994,"M",0,0.25,1,"LOW HIGH MED",NA
32,3,172.617716168767,35,4,4.4982441631396,"M",0,0.25,1,"LOW HIGH MED",NA
32,4,94.8767021316825,32,1,1.50151194710503,"M",0,0.25,1,"LOW HIGH MED",NA
32,5,123.245072766577,34,3,3.49940252119655,"M",0,0.25,1,"LOW HIGH MED",NA
32,6,60.4379274423593,31,0,0.499368474939007,"M",0,0.25,1,"LOW HIGH MED",NA
32,7,103.605353516012,32,1,1.50072631164439,"M",0,0.25,1,"LOW HIGH MED",NA
32,8,212.563740712247,37,6,6.4973146361723,"M",0,0.25,1,"LOW HIGH MED",NA
32,9,183.641134389186,37,6,6.50139846885253,"M",0,0.25,1,"LOW HIGH MED",NA
32,10,95.0233197410396,32,1,1.50042245585703,"M",0,0.25,1,"LOW HIGH MED",NA
32,11,132.462252368187,33,2,2.50180693389986,"M",0,0.25,1,"LOW HIGH MED",NA
32,12,215.906954970171,40,9,9.50046549229695,"M",0,0.25,1,"LOW HIGH MED",NA
33,1,63.9564728368079,32,0,0.498935736785249,"M",0,0.25,1,"LOW HIGH MED",NA
33,2,61.7609953049586,32,0,0.500217673677537,"M",0,0.25,1,"LOW HIGH MED",NA
33,3,158.96519336891,35,3,3.50069618901613,"M",0,0.25,1,"LOW HIGH MED",NA
33,4,131.675906019008,34,2,2.50008333571374,"M",0,0.25,1,"LOW HIGH MED",NA
33,5,191.295338234313,40,8,8.49929607435084,"M",0,0.25,1,"LOW HIGH MED",NA
33,6,206.041406638395,40,8,8.50035707875383,"M",0,0.25,1,"LOW HIGH MED",NA
33,7,201.102639477145,41,9,9.50071815992054,"M",0,0.25,1,"LOW HIGH MED",NA
33,8,98.7794014521946,33,1,1.50206189639924,"M",0,0.25,1,"LOW HIGH MED",NA
33,9,62.0002884986019,32,0,0.499411462327017,"M",0,0.25,1,"LOW HIGH MED",NA
33,10,208.680141289147,38,6,6.49963067681008,"M",0,0.25,1,"LOW HIGH MED",NA
33,11,134.644566645969,34,2,2.49925716676918,"M",0,0.25,1,"LOW HIGH MED",NA
33,12,201.27768536158,40,8,8.50213250841244,"M",0,0.25,1,"LOW HIGH MED",NA
34,1,162.633392881516,38,5,5.49994586806502,"M",0,0.25,1,"LOW HIGH MED",NA
34,2,199.927661016453,43,10,10.4990230466703,"M",0,0.25,1,"LOW HIGH MED",NA
34,3,205.254729113759,39,6,6.50105337089948,"M",0,0.25,1,"LOW HIGH MED",NA
34,4,185.229237661304,42,9,9.50060026978447,"M",0,0.25,1,"LOW HIGH MED",NA
34,5,148.979440701114,36,3,3.49853102951923,"M",0,0.25,1,"LOW HIGH MED",NA
34,6,58.5424475507616,33,0,0.49940069251012,"M",0,0.25,1,"LOW HIGH MED",NA
34,7,203.818068183659,41,8,8.49906696165467,"M",0,0.25,1,"LOW HIGH MED",NA
34,8,162.553568531447,38,5,5.50025145956525,"M",0,0.25,1,"LOW HIGH MED",NA
34,9,145.103541351241,36,3,3.50087203512237,"M",0,0.25,1,"LOW HIGH MED",NA
34,10,101.471599520123,34,1,1.50006932954515,"M",0,0.25,1,"LOW HIGH MED",NA
34,11,180.805866574924,41,8,8.50014540992303,"M",0,0.25,1,"LOW HIGH MED",NA
34,12,62.6928801619253,33,0,0.499352614449153,"M",0,0.25,1,"LOW HIGH MED",NA
34,13,212.177729837059,38,5,5.50013372985186,"M",0,0.25,1,"LOW HIGH MED",NA
34,14,60.3789375437295,33,0,0.500817036950558,"M",0,0.25,1,"LOW HIGH MED",NA
35,1,174.476861902258,41,7,7.49954323043619,"M",0,0.25,1,"LOW HIGH MED",NA
35,2,166.590140501553,37,3,3.50126135164034,"M",0,0.25,1,"LOW HIGH MED",NA
35,3,62.3483080604472,34,0,0.501284314264772,"M",0,0.25,1,"LOW HIGH MED",NA
35,4,64.3623439069602,34,0,0.499879685276896,"M",0,0.25,1,"LOW HIGH MED",NA
35,5,131.946316122,36,2,2.50019158347494,"M",0,0.25,1,"LOW HIGH MED",NA
35,6,179.642777727713,39,5,5.49927245548649,"M",0,0.25,1,"LOW HIGH MED",NA
35,7,97.3261426266,35,1,1.50024304060541,"M",0,0.25,1,"LOW HIGH MED",NA
35,8,59.6725802206389,34,0,0.501865463486898,"M",0,0.25,1,"LOW HIGH MED",NA
35,9,241.272270281247,48,14,14.4987626701442,"M",0,0.25,1,"LOW HIGH MED",NA
35,10,200.021800132359,41,7,7.49970477464005,"M",0,0.25,1,"LOW HIGH MED",NA
35,11,126.630947197269,36,2,2.50083717644571,"M",0,0.25,1,"LOW HIGH MED",NA
35,12,101.899131577724,35,1,1.49984249304957,"M",0,0.25,1,"LOW HIGH MED",NA
35,13,101.214347706622,35,1,1.49897072213151,"M",0,0.25,1,"LOW HIGH MED",NA
35,14,97.5857838521261,35,1,1.50079259828076,"M",0,0.25,1,"LOW HIGH MED",NA
35,15,97.7149238381183,35,1,1.50077680440124,"M",0,0.25,1,"LOW HIGH MED",NA
36,1,157.01179314652,40,5,5.49895625842706,"M",0,0.25,1,"LOW HIGH MED",NA
36,2,98.2356774675243,36,1,1.49975065567349,"M",0,0.25,1,"LOW HIGH MED",NA
36,3,99.3584278918374,36,1,1.49952842590781,"M",0,0.25,1,"LOW HIGH MED",NA
36,4,98.8473047072828,36,1,1.50186734850564,"M",0,0.25,1,"LOW HIGH MED",NA
36,5,64.2862094601969,35,0,0.502422717306049,"M",0,0.25,1,"LOW HIGH MED",NA
36,6,149.775638433505,38,3,3.49877118094123,"M",0,0.25,1,"LOW HIGH MED",NA
36,7,122.950160454468,37,2,2.49935030305721,"M",0,0.25,1,"LOW HIGH MED",NA
36,8,126.343238479549,37,2,2.50089688636569,"M",0,0.25,1,"LOW HIGH MED",NA
36,9,66.6846900769642,35,0,0.499971031682772,"M",0,0.25,1,"LOW HIGH MED",NA
36,10,64.0192591147361,35,0,0.49906484677702,"M",0,0.25,1,"LOW HIGH MED",NA
36,11,61.8492238812894,35,0,0.500856288416972,"M",0,0.25,1,"LOW HIGH MED",NA
36,12,62.0086645071946,35,0,0.49904715271266,"M",0,0.25,1,"LOW HIGH MED",NA
37,1,204.224083145232,45,9,9.50059841060546,"M",0,0.25,1,"LOW HIGH MED",NA
37,2,97.5314957298413,37,1,1.50019933721279,"M",0,0.25,1,"LOW HIGH MED",NA
37,3,63.1489837246128,36,0,0.498839441345416,"M",0,0.25,1,"LOW HIGH MED",NA
37,4,159.708139361723,40,4,4.50087459197941,"M",0,0.25,1,"LOW HIGH MED",NA
37,5,140.074540413507,39,3,3.50008743416977,"M",0,0.25,1,"LOW HIGH MED",NA
37,6,96.8169793207192,37,1,1.49862824313891,"M",0,0.25,1,"LOW HIGH MED",NA
37,7,229.732081787875,47,11,11.500206022555,"M",0,0.25,1,"LOW HIGH MED",NA
37,8,105.469889546509,37,1,1.49816645839542,"M",0,0.25,1,"LOW HIGH MED",NA
37,9,61.712531262038,36,0,0.501018436753463,"M",0,0.25,1,"LOW HIGH MED",NA
37,10,136.159876688244,38,2,2.49924607009583,"M",0,0.25,1,"LOW HIGH MED",NA
37,11,186.208434579329,42,6,6.50134949571761,"M",0,0.25,1,"LOW HIGH MED",NA
37,12,62.7151756317989,36,0,0.501289079199459,"M",0,0.25,1,"LOW HIGH MED",NA
38,1,201.046713459187,46,9,9.5005366595218,"M",0,0.25,1,"LOW HIGH MED",NA
38,2,156.723374527771,40,3,3.50040906272216,"M",0,0.25,1,"LOW HIGH MED",NA
38,3,61.7842911533712,37,0,0.499876434120605,"M",0,0.25,1,"LOW HIGH MED",NA
38,4,161.37480588702,40,3,3.49897404366507,"M",0,0.25,1,"LOW HIGH MED",NA
38,5,150.373450176725,40,3,3.50001623837305,"M",0,0.25,1,"LOW HIGH MED",NA
38,6,63.1419289150264,37,0,0.498987165907678,"M",0,0.25,1,"LOW HIGH MED",NA
38,7,95.9581925022073,38,1,1.49989522662707,"M",0,0.25,1,"LOW HIGH MED",NA
38,8,151.315619008918,42,5,5.49877092503489,"M",0,0.25,1,"LOW HIGH MED",NA
38,9,121.559275297736,39,2,2.49920641256018,"M",0,0.25,1,"LOW HIGH MED",NA
38,10,62.5564227117036,37,0,0.499409881331394,"M",0,0.25,1,"LOW HIGH MED",NA
38,11,216.397451245743,47,10,10.501219012648,"M",0,0.25,1,"LOW HIGH MED",NA
38,12,150.360722873484,40,3,3.50093900924937,"M",0,0.25,1,"LOW HIGH MED",NA
39,1,166.072457473501,42,4,4.49874488320398,"M",0,0.25,1,"LOW HIGH MED",NA
39,2,60.4905328123327,38,0,0.501496245875535,"M",0,0.25,1,"LOW HIGH MED",NA
39,3,218.308479737003,47,9,9.49871036159105,"M",0,0.25,1,"LOW HIGH MED",NA
39,4,163.763202377263,43,5,5.50122653562511,"M",0,0.25,1,"LOW HIGH MED",NA
39,5,126.238002292884,40,2,2.50064669078545,"M",0,0.25,1,"LOW HIGH MED",NA
39,6,120.110867534421,40,2,2.49992897191511,"M",0,0.25,1,"LOW HIGH MED",NA
39,7,63.6879805855962,38,0,0.500867375466366,"M",0,0.25,1,"LOW HIGH MED",NA
39,8,120.376298898534,40,2,2.49966615393496,"M",0,0.25,1,"LOW HIGH MED",NA
39,9,162.55231646452,43,5,5.50029175270929,"M",0,0.25,1,"LOW HIGH MED",NA
39,10,132.994541879686,40,2,2.49949381706503,"M",0,0.25,1,"LOW HIGH MED",NA
39,11,124.185536357571,40,2,2.50009514078714,"M",0,0.25,1,"LOW HIGH MED",NA
39,12,184.462189959668,45,7,7.49851259359449,"M",0,0.25,1,"LOW HIGH MED",NA
39,13,100.010485099466,39,1,1.50058097644983,"M",0,0.25,1,"LOW HIGH MED",NA
40,1,58.8614171801859,39,0,0.499410686486144,"M",0,0.25,1,"LOW HIGH MED",NA
40,2,94.6311390647015,40,1,1.50081520333431,"M",0,0.25,1,"LOW HIGH MED",NA
40,3,102.063232477447,40,1,1.50060195876481,"M",0,0.25,1,"LOW HIGH MED",NA
40,4,65.5518754325447,39,0,0.500779893345129,"M",0,0.25,1,"LOW HIGH MED",NA
40,5,95.639013639409,40,1,1.4970198885552,"M",0,0.25,1,"LOW HIGH MED",NA
40,6,197.663183517109,45,6,6.50060798690734,"M",0,0.25,1,"LOW HIGH MED",NA
40,7,155.726241172174,42,3,3.49857616083182,"M",0,0.25,1,"LOW HIGH MED",NA
40,8,131.977256515012,41,2,2.50205648515765,"M",0,0.25,1,"LOW HIGH MED",NA
40,9,98.8650638823307,40,1,1.50070716691184,"M",0,0.25,1,"LOW HIGH MED",NA
40,10,68.5834692239354,39,0,0.499683442018828,"M",0,0.25,1,"LOW HIGH MED",NA
40,11,99.5949172432054,40,1,1.50069317105782,"M",0,0.25,1,"LOW HIGH MED",NA
40,12,141.746318389736,41,2,2.49950043507922,"M",0,0.25,1,"LOW HIGH MED",NA
41,1,204.987850322992,51,11,11.4993950854191,"M",0.180385327525437,0.25,1,"LOW HIGH MED",NA
41,2,187.791491372341,50,10,10.4999478671613,"FISHED",0.105629889806733,0.25,1,"LOW HIGH MED",NA
41,3,144.554851692856,43,3,3.49970332245386,"M",0,0.25,1,"LOW HIGH MED",NA
41,4,112.918191053138,42,2,2.50102512675479,"M",0,0.25,1,"LOW HIGH MED",NA
41,5,106.716371517053,41,1,1.49937655249209,"M",0,0.25,1,"LOW HIGH MED",NA
41,6,60.0225204547677,40,0,0.50090529201116,"M",0,0.25,1,"LOW HIGH MED",NA
41,7,139.505046037078,42,2,2.50102970316655,"M",0,0.25,1,"LOW HIGH MED",NA
41,8,61.7468147963844,40,0,0.500305954327969,"M",0,0.25,1,"LOW HIGH MED",NA
41,9,61.3614410887846,40,0,0.499753544718215,"M",0,0.25,1,"LOW HIGH MED",NA
41,10,185.700836133572,45,5,5.50035975029102,"M",0,0.25,1,"LOW HIGH MED",NA
41,11,234.483068455822,48,8,8.50085801102608,"M",0,0.25,1,"LOW HIGH MED",NA
41,12,61.4936854589991,40,0,0.500496766495006,"M",0,0.25,1,"LOW HIGH MED",NA
42,1,101.073338311367,42,1,1.50012722758298,"M",0,0.25,1,"LOW HIGH MED",NA
42,2,149.243157558961,44,3,3.50097667065731,"M",0,0.25,1,"LOW HIGH MED",NA
42,3,151.210879622032,46,5,5.49874063875786,"M",0,0.25,1,"LOW HIGH MED",NA
42,4,185.167586184651,48,7,7.50107599976347,"M",0,0.25,1,"LOW HIGH MED",NA
42,5,98.1373757624649,42,1,1.4988286480876,"M",0,0.25,1,"LOW HIGH MED",NA
42,6,62.6248558642793,41,0,0.500436672216388,"M",0,0.25,1,"LOW HIGH MED",NA
42,7,62.9952512427839,41,0,0.501057809840778,"M",0,0.25,1,"LOW HIGH MED",NA
42,8,227.828228137618,50,9,9.50029120644832,"M",0.105629889806733,0.25,1,"LOW HIGH MED",NA
42,9,185.401591013837,50,9,9.50030381082517,"M",0.105629889806733,0.25,1,"LOW HIGH MED",NA
42,10,99.7198298115346,42,1,1.50037517965749,"M",0,0.25,1,"LOW HIGH MED",NA
42,11,195.711893065803,49,8,8.49802682555601,"M",0,0.25,1,"LOW HIGH MED",NA
42,12,99.2182994073075,42,1,1.49838823886292,"M",0,0.25,1,"LOW HIGH MED",NA
43,1,63.803756596941,42,0,0.499214526680136,"M",0,0.25,1,"LOW HIGH MED",NA
43,2,169.064068076692,47,5,5.49777780799756,"M",0,0.25,1,"LOW HIGH MED",NA
43,3,132.833179624981,44,2,2.49976214176204,"M",0,0.25,1,"LOW HIGH MED",NA
43,4,96.3422659745727,43,1,1.49865553302358,"M",0,0.25,1,"LOW HIGH MED",NA
43,5,186.013924765882,47,5,5.50019095341376,"M",0,0.25,1,"LOW HIGH MED",NA
43,6,65.5361326156371,42,0,0.499426903093259,"M",0,0.25,1,"LOW HIGH MED",NA
43,7,107.485256343029,43,1,1.5003813400165,"M",0,0.25,1,"LOW HIGH MED",NA
43,8,117.548423587965,44,2,2.49952240665356,"M",0,0.25,1,"LOW HIGH MED",NA
43,9,186.246129117818,47,5,5.49968778631489,"M",0,0.25,1,"LOW HIGH MED",NA
43,10,151.958157170701,45,3,3.50046134390603,"M",0,0.25,1,"LOW HIGH MED",NA
43,11,172.54185953481,50,8,8.50155399421309,"M",0.105629889806733,0.25,1,"LOW HIGH MED",NA
43,12,190.948898829279,51,9,9.49861796060189,"FISHED",0.180385327525437,0.25,1,"LOW HIGH MED",NA
44,1,182.265873645143,47,4,4.50001134791732,"M",0,0.25,1,"LOW HIGH MED",NA
44,2,62.1955021760227,43,0,0.500298668995056,"M",0,0.25,1,"LOW HIGH MED",NA
44,3,189.875600121467,50,7,7.49880182631539,"FISHED",0.105629889806733,0.25,1,"LOW HIGH MED",NA
44,4,172.733145202602,48,5,5.50091717775459,"M",0,0.25,1,"LOW HIGH MED",NA
44,5,100.448102546692,44,1,1.50367163277542,"M",0,0.25,1,"LOW HIGH MED",NA
44,6,136.75768520702,46,3,3.49976561583395,"M",0,0.25,1,"LOW HIGH MED",NA
44,7,152.423303756894,46,3,3.49903193867967,"M",0,0.25,1,"LOW HIGH MED",NA
44,8,59.9864281786768,43,0,0.5011669171223,"M",0,0.25,1,"LOW HIGH MED",NA
44,9,126.587851399852,45,2,2.5003251970319,"M",0,0.25,1,"LOW HIGH MED",NA
44,10,133.654806716126,46,3,3.50127840795567,"M",0,0.25,1,"LOW HIGH MED",NA
44,11,172.787659341066,48,5,5.49768068158562,"M",0,0.25,1,"LOW HIGH MED",NA
44,12,133.313372382678,45,2,2.5005877858785,"M",0,0.25,1,"LOW HIGH MED",NA
45,1,61.2906426786834,44,0,0.500047525173307,"M",0,0.25,1,"LOW HIGH MED",NA
45,2,164.600164203336,48,4,4.49963572655139,"M",0,0.25,1,"LOW HIGH MED",NA
45,3,62.4353581578957,44,0,0.501599934831716,"M",0,0.25,1,"LOW HIGH MED",NA
45,4,95.0316740730724,45,1,1.50116801270555,"M",0,0.25,1,"LOW HIGH MED",NA
45,5,199.908988809637,50,6,6.50049980469977,"FISHED",0.105629889806733,0.25,1,"LOW HIGH MED",NA
45,6,95.9594282158703,45,1,1.50111862560428,"M",0,0.25,1,"LOW HIGH MED",NA
45,7,61.2089366179191,44,0,0.499829076193965,"M",0,0.25,1,"LOW HIGH MED",NA
45,8,133.300863922341,46,2,2.49998442378727,"M",0,0.25,1,"LOW HIGH MED",NA
45,9,215.287391649507,53,9,9.50142299513424,"FISHED",0.128447523410432,0.25,1,"LOW HIGH MED",NA
45,10,122.088344225173,46,2,2.50068441572085,"M",0,0.25,1,"LOW HIGH MED",NA
45,11,154.823813796497,47,3,3.49721303416653,"M",0,0.25,1,"LOW HIGH MED",NA
45,12,161.152680076686,48,4,4.50150759330923,"M",0,0.25,1,"LOW HIGH MED",NA
45,13,100.095769487605,45,1,1.49913661515498,"M",0,0.25,1,"LOW HIGH MED",NA
46,1,105.267813246759,46,1,1.49936835025789,"M",0,0.25,1,"LOW HIGH MED",NA
46,2,123.824888455978,47,2,2.50098898552035,"M",0,0.25,1,"LOW HIGH MED",NA
46,3,169.628164971602,49,4,4.50073533459276,"M",0,0.25,1,"LOW HIGH MED",NA
46,4,64.1665715349272,45,0,0.500042265202114,"M",0,0.25,1,"LOW HIGH MED",NA
46,5,235.34073299181,54,9,9.49926991753018,"M",0.138620706554502,0.25,1,"LOW HIGH MED",NA
46,6,120.12617938827,47,2,2.49985151716813,"M",0,0.25,1,"LOW HIGH MED",NA
46,7,201.537773762769,52,7,7.49911841367026,"M",0.118218446802348,0.25,1,"LOW HIGH MED",NA
46,8,95.4378820464396,46,1,1.49957226564449,"M",0,0.25,1,"LOW HIGH MED",NA
46,9,161.956374127851,49,4,4.50108116736341,"M",0,0.25,1,"LOW HIGH MED",NA
46,10,62.919854428713,45,0,0.500195248510697,"M",0,0.25,1,"LOW HIGH MED",NA
46,11,170.418605827771,49,4,4.50059651327759,"M",0,0.25,1,"LOW HIGH MED",NA
46,12,157.722899359961,49,4,4.49986019698032,"M",0,0.25,1,"LOW HIGH MED",NA
46,13,98.2171682679217,46,1,1.50093082178242,"M",0,0.25,1,"LOW HIGH MED",NA
47,1,200.202624477749,51,5,5.49882243281357,"FISHED",0.180385327525437,0.25,1,"LOW HIGH MED",NA
47,2,207.495881097108,54,8,8.50018701895217,"FISHED",0.138620706554502,0.25,1,"LOW HIGH MED",NA
47,3,124.915138239596,48,2,2.50051730044536,"M",0,0.25,1,"LOW HIGH MED",NA
47,4,62.1115474172102,46,0,0.499218628277551,"M",0,0.25,1,"LOW HIGH MED",NA
47,5,176.763859667162,50,4,4.49859100468091,"M",0.105629889806733,0.25,1,"LOW HIGH MED",NA
47,6,129.303767880387,48,2,2.50000766893702,"M",0,0.25,1,"LOW HIGH MED",NA
47,7,143.947430751607,49,3,3.50091939304784,"M",0,0.25,1,"LOW HIGH MED",NA
47,8,130.620918814089,48,2,2.50098877027954,"M",0,0.25,1,"LOW HIGH MED",NA
47,9,97.5460683048496,47,1,1.50057456887564,"M",0,0.25,1,"LOW HIGH MED",NA
47,10,183.484510642894,54,8,8.50049852172704,"M",0.138620706554502,0.25,1,"LOW HIGH MED",NA
48,1,63.6605024664892,47,0,0.502178022672686,"M",0,0.25,1,"LOW HIGH MED",NA
48,2,124.63087625191,49,2,2.49964231553212,"M",0,0.25,1,"LOW HIGH MED",NA
48,3,169.89772865137,52,5,5.50057684592316,"M",0.118218446802348,0.25,1,"LOW HIGH MED",NA
48,4,152.248007793217,50,3,3.50001784568199,"FISHED",0.105629889806733,0.25,1,"LOW HIGH MED",NA
48,5,96.4982468245911,48,1,1.50073236546637,"M",0,0.25,1,"LOW HIGH MED",NA
48,6,65.2510330305346,47,0,0.500028772078095,"M",0,0.25,1,"LOW HIGH MED",NA
48,7,93.7473379403283,48,1,1.49994222689462,"M",0,0.25,1,"LOW HIGH MED",NA
48,8,181.527468646785,51,4,4.50015095477441,"M",0.180385327525437,0.25,1,"LOW HIGH MED",NA
48,9,101.895796030712,48,1,1.49908418706951,"M",0,0.25,1,"LOW HIGH MED",NA
48,10,117.035175593819,49,2,2.50101247872928,"M",0,0.25,1,"LOW HIGH MED",NA
48,11,64.1812999088955,47,0,0.500888918569778,"M",0,0.25,1,"LOW HIGH MED",NA
48,12,94.1947769239425,48,1,1.50177411688043,"M",0,0.25,1,"LOW HIGH MED",NA
49,1,153.282713393938,51,3,3.49970168335678,"M",0.180385327525437,0.25,1,"LOW HIGH MED",NA
49,2,64.334125529905,48,0,0.499596691884167,"M",0,0.25,1,"LOW HIGH MED",NA
49,3,221.175964357915,57,9,9.50099087405254,"M",0.196850754297338,0.25,1,"LOW HIGH MED",NA
49,4,94.5207305036357,49,1,1.49965322497524,"M",0,0.25,1,"LOW HIGH MED",NA
49,5,162.140819433384,51,3,3.50034936313558,"M",0.180385327525437,0.25,1,"LOW HIGH MED",NA
49,6,121.449186326508,50,2,2.5005204237234,"M",0.105629889806733,0.25,1,"LOW HIGH MED",NA
49,7,158.662421344821,53,5,5.49943444686237,"M",0.128447523410432,0.25,1,"LOW HIGH MED",NA
49,8,160.964889091283,52,4,4.49957521784279,"M",0.118218446802348,0.25,1,"LOW HIGH MED",NA
49,9,60.6965528199412,48,0,0.501751558640605,"M",0,0.25,1,"LOW HIGH MED",NA
49,10,153.270014007952,51,3,3.50029175366912,"M",0.180385327525437,0.25,1,"LOW HIGH MED",NA
49,11,168.999387176461,54,6,6.50198621232501,"M",0.138620706554502,0.25,1,"LOW HIGH MED",NA
50,1,164.108601509709,53,4,4.49991971246625,"M",0.128447523410432,0.25,1,"LOW HIGH MED",NA
50,2,125.038617431378,51,2,2.50022824573617,"FISHED",0.180385327525437,0.25,1,"LOW HIGH MED",NA
50,3,157.368543064907,54,5,5.4997571616,"FISHED",0.138620706554502,0.25,1,"LOW HIGH MED",NA
50,4,104.704851875044,50,1,1.50225856213963,"M",0.105629889806733,0.25,1,"LOW HIGH MED",NA
50,5,165.945514767658,53,4,4.49858784098354,"M",0.128447523410432,0.25,1,"LOW HIGH MED",NA
50,6,64.019224922811,49,0,0.499695010486879,"M",0,0.25,1,"LOW HIGH MED",NA
50,7,184.916972058507,54,5,5.49904517190665,"M",0.138620706554502,0.25,1,"LOW HIGH MED",NA
50,8,132.385666326271,51,2,2.49999094572293,"M",0.180385327525437,0.25,1,"LOW HIGH MED",NA
50,9,63.1665991548485,49,0,0.500142254925621,"M",0,0.25,1,"LOW HIGH MED",NA
50,10,90.481422369566,50,1,1.50031979526005,"M",0.105629889806733,0.25,1,"LOW HIGH MED",NA
50,11,161.330285552469,53,4,4.49795608553404,"FISHED",0.128447523410432,0.25,1,"LOW HIGH MED",NA
50,12,188.324312253812,54,5,5.50216691181487,"M",0.138620706554502,0.25,1,"LOW HIGH MED",NA
50,13,189.956402298351,57,8,8.50028436946521,"FISHED",0.196850754297338,0.25,1,"LOW HIGH MED",NA
50,14,61.0423326501368,49,0,0.500622856670966,"M",0,0.25,1,"LOW HIGH MED",NA
51,1,99.6178969591535,51,1,1.49972692786781,"M",0.180385327525437,0.25,1,"LOW HIGH MED",NA
51,2,99.5164379649756,51,1,1.5006528748701,"FISHED",0.180385327525437,0.25,1,"LOW HIGH MED",NA
51,3,155.385136694911,55,5,5.49901334475284,"M",0.12375976133626,0.25,1,"LOW HIGH MED",NA
51,4,161.58219636575,54,4,4.49999322828689,"M",0.138620706554502,0.25,1,"LOW HIGH MED",NA
51,5,62.4012929466615,50,0,0.500947538997314,"M",0.105629889806733,0.25,1,"LOW HIGH MED",NA
51,6,201.490760496346,56,6,6.49922262407188,"FISHED",0.13433625868056,0.25,1,"LOW HIGH MED",NA
51,7,63.8857933511263,50,0,0.501411929580412,"FISHED",0.105629889806733,0.25,1,"LOW HIGH MED",NA
51,8,60.2644467361197,50,0,0.50188005116175,"M",0.105629889806733,0.25,1,"LOW HIGH MED",NA
51,9,167.82339543451,54,4,4.50066298431713,"M",0.138620706554502,0.25,1,"LOW HIGH MED",NA
51,10,63.4395353466232,50,0,0.501908501319781,"M",0.105629889806733,0.25,1,"LOW HIGH MED",NA
51,11,101.012864382253,51,1,1.5022311571472,"FISHED",0.180385327525437,0.25,1,"LOW HIGH MED",NA
52,1,127.515992475704,53,2,2.49975166242301,"M",0.128447523410432,0.25,1,"LOW HIGH MED",NA
52,2,143.924948804926,54,3,3.50059821530843,"M",0.138620706554502,0.25,1,"LOW HIGH MED",NA
52,3,129.690277685187,53,2,2.500075985656,"M",0.128447523410432,0.25,1,"LOW HIGH MED",NA
52,4,65.2644761679386,51,0,0.498192260760452,"FISHED",0.180385327525437,0.25,1,"LOW HIGH MED",NA
52,5,133.309030063186,53,2,2.49830128326005,"M",0.128447523410432,0.25,1,"LOW HIGH MED",NA
52,6,63.1760182512666,51,0,0.501814730816928,"M",0.180385327525437,0.25,1,"LOW HIGH MED",NA
52,7,99.4039536539958,52,1,1.50071019643926,"M",0.118218446802348,0.25,1,"LOW HIGH MED",NA
52,8,94.023807735862,52,1,1.50035319474538,"M",0.118218446802348,0.25,1,"LOW HIGH MED",NA
52,9,60.701699845558,51,0,0.501689518989182,"FISHED",0.180385327525437,0.25,1,"LOW HIGH MED",NA
52,10,187.594309333464,57,6,6.49994680417728,"FISHED",0.196850754297338,0.25,1,"LOW HIGH MED",NA
52,11,134.024257526342,53,2,2.50042427749383,"FISHED",0.128447523410432,0.25,1,"LOW HIGH MED",NA
53,1,61.7438078226788,52,0,0.499123406268162,"M",0.118218446802348,0.25,1,"LOW HIGH MED",NA
53,2,97.2043680129699,53,1,1.49946202582915,"M",0.128447523410432,0.25,1,"LOW HIGH MED",NA
53,3,100.299387329965,53,1,1.49934351280169,"FISHED",0.128447523410432,0.25,1,"LOW HIGH MED",NA
53,4,91.9889920364563,53,1,1.49953273445691,"FISHED",0.128447523410432,0.25,1,"LOW HIGH MED",NA
53,5,184.664585883769,57,5,5.5019136133913,"M",0.196850754297338,0.25,1,"LOW HIGH MED",NA
53,6,60.538362547273,52,0,0.500686871940498,"FISHED",0.118218446802348,0.25,1,"LOW HIGH MED",NA
53,7,118.071845744099,54,2,2.50055887230919,"M",0.138620706554502,0.25,1,"LOW HIGH MED",NA
53,8,190.221088901066,57,5,5.50016154605341,"FISHED",0.196850754297338,0.25,1,"LOW HIGH MED",NA
53,9,92.8006439454124,53,1,1.50022541982634,"M",0.128447523410432,0.25,1,"LOW HIGH MED",NA
53,10,63.18817791549,52,0,0.499647401288258,"FISHED",0.118218446802348,0.25,1,"LOW HIGH MED",NA
53,11,91.9065980040996,53,1,1.49962980823313,"M",0.128447523410432,0.25,1,"LOW HIGH MED",NA
53,12,113.562932414806,54,2,2.49999559155012,"FISHED",0.138620706554502,0.25,1,"LOW HIGH MED",NA
54,1,62.1259486239679,53,0,0.499579405183238,"M",0.128447523410432,0.25,1,"LOW HIGH MED",NA
54,2,97.7866658102101,54,1,1.49894333764339,"M",0.138620706554502,0.25,1,"LOW HIGH MED",NA
54,3,98.7500437725749,54,1,1.49882712911981,"FISHED",0.138620706554502,0.25,1,"LOW HIGH MED",NA
54,4,101.076828945909,54,1,1.5018332395832,"M",0.138620706554502,0.25,1,"LOW HIGH MED",NA
54,5,94.3572900183156,54,1,1.50200070611697,"FISHED",0.138620706554502,0.25,1,"LOW HIGH MED",NA
54,6,62.2736418450118,53,0,0.499120358175359,"M",0.128447523410432,0.25,1,"LOW HIGH MED",NA
54,7,96.9208340301315,54,1,1.49852286545216,"M",0.138620706554502,0.25,1,"LOW HIGH MED",NA
54,8,99.2548509510873,54,1,1.50026057965254,"M",0.138620706554502,0.25,1,"LOW HIGH MED",NA
54,9,137.035384985606,55,2,2.49952524098426,"M",0.12375976133626,0.25,1,"LOW HIGH MED",NA
55,1,62.6921977216221,54,0,0.498731645810833,"FISHED",0.138620706554502,0.25,1,"LOW HIGH MED",NA
55,2,63.1702834307124,54,0,0.499346158254832,"FISHED",0.138620706554502,0.25,1,"LOW HIGH MED",NA
55,3,136.126189563742,57,3,3.49959806039214,"FISHED",0.196850754297338,0.25,1,"LOW HIGH MED",NA
55,4,99.3173009557141,55,1,1.50072920228006,"M",0.12375976133626,0.25,1,"LOW HIGH MED",NA
55,5,154.20667759849,57,3,3.4985069195144,"FISHED",0.196850754297338,0.25,1,"LOW HIGH MED",NA
55,6,169.56467316568,58,4,4.50036271797698,"M",0.109821856440976,0.25,1,"LOW HIGH MED",NA
55,7,100.133260229662,55,1,1.50068738940646,"M",0.12375976133626,0.25,1,"LOW HIGH MED",NA
55,8,122.391876233767,56,2,2.50078846411532,"M",0.13433625868056,0.25,1,"LOW HIGH MED",NA
55,9,95.4238667821345,55,1,1.49960456272311,"M",0.12375976133626,0.25,1,"LOW HIGH MED",NA
55,10,64.839798605191,54,0,0.499350230158387,"FISHED",0.138620706554502,0.25,1,"LOW HIGH MED",NA
55,11,63.9817591636518,54,0,0.500169911926068,"M",0.138620706554502,0.25,1,"LOW HIGH MED",NA
56,1,63.1274399799259,55,0,0.498928291475351,"FISHED",0.12375976133626,0.25,1,"LOW HIGH MED",NA
56,2,64.786925769292,55,0,0.498653311610509,"M",0.12375976133626,0.25,1,"LOW HIGH MED",NA
56,3,61.8293393239772,55,0,0.500122966322585,"FISHED",0.12375976133626,0.25,1,"LOW HIGH MED",NA
56,4,190.224492558362,62,7,7.49997483916083,"FISHED",0.175155640114099,0.25,1,"LOW HIGH MED",NA
56,5,124.437805882817,57,2,2.49979260854321,"FISHED",0.196850754297338,0.25,1,"LOW HIGH MED",NA
56,6,95.8379988716679,56,1,1.50012389078777,"M",0.13433625868056,0.25,1,"LOW HIGH MED",NA
56,7,61.4863025392003,55,0,0.499767582841405,"FISHED",0.12375976133626,0.25,1,"LOW HIGH MED",NA
56,8,187.074676999526,59,4,4.49916597161833,"FISHED",0.157407287647948,0.25,1,"LOW HIGH MED",NA
56,9,121.283422960295,57,2,2.50051525272501,"FISHED",0.196850754297338,0.25,1,"LOW HIGH MED",NA
56,10,182.137556181063,62,7,7.50096898665136,"FISHED",0.175155640114099,0.25,1,"LOW HIGH MED",NA
56,11,64.6192545770072,55,0,0.500750628735851,"M",0.12375976133626,0.25,1,"LOW HIGH MED",NA
56,12,126.409574229809,57,2,2.50016303001497,"M",0.196850754297338,0.25,1,"LOW HIGH MED",NA
57,1,96.8533851315606,57,1,1.5001104905784,"M",0.196850754297338,0.25,1,"LOW HIGH MED",NA
57,2,102.196220721631,57,1,1.50255438313474,"M",0.196850754297338,0.25,1,"LOW HIGH MED",NA
57,3,127.309516067362,58,2,2.49973193462803,"FISHED",0.109821856440976,0.25,1,"LOW HIGH MED",NA
57,4,63.8379553358506,56,0,0.501459895744988,"M",0.13433625868056,0.25,1,"LOW HIGH MED",NA
57,5,123.041140575445,58,2,2.49938491435104,"M",0.109821856440976,0.25,1,"LOW HIGH MED",NA
57,6,142.862336381636,59,3,3.49898084996192,"M",0.157407287647948,0.25,1,"LOW HIGH MED",NA
57,7,146.257704324255,59,3,3.50003052464491,"FISHED",0.157407287647948,0.25,1,"LOW HIGH MED",NA
57,8,92.6020708823429,57,1,1.5013381794138,"FISHED",0.196850754297338,0.25,1,"LOW HIGH MED",NA
57,9,129.617455946944,59,3,3.50274872710102,"M",0.157407287647948,0.25,1,"LOW HIGH MED",NA
57,10,102.481403552286,57,1,1.49935845531518,"M",0.196850754297338,0.25,1,"LOW HIGH MED",NA
57,11,119.29907091829,58,2,2.5010601436339,"M",0.109821856440976,0.25,1,"LOW HIGH MED",NA
57,12,96.2239255435756,57,1,1.49640036738225,"FISHED",0.196850754297338,0.25,1,"LOW HIGH MED",NA
58,1,172.593759621043,61,4,4.4995383156304,"M",0.179135932028294,0.25,1,"LOW HIGH MED",NA
58,2,123.516492736712,59,2,2.50109632737634,"M",0.157407287647948,0.25,1,"LOW HIGH MED",NA
58,3,136.386435296932,60,3,3.49999176404861,"FISHED",0.108594262599945,0.25,1,"LOW HIGH MED",NA
58,4,110.586352487776,58,1,1.49912364944909,"FISHED",0.109821856440976,0.25,1,"LOW HIGH MED",NA
58,5,98.7092508575077,58,1,1.49891727453075,"M",0.109821856440976,0.25,1,"LOW HIGH MED",NA
58,6,62.1486529048361,57,0,0.499527262616565,"M",0.196850754297338,0.25,1,"LOW HIGH MED",NA
58,7,164.87574008014,61,4,4.49985886391399,"M",0.179135932028294,0.25,1,"LOW HIGH MED",NA
58,8,60.3851496837999,57,0,0.499111444518747,"FISHED",0.196850754297338,0.25,1,"LOW HIGH MED",NA
58,9,98.0416011185211,58,1,1.498880506834,"FISHED",0.109821856440976,0.25,1,"LOW HIGH MED",NA
58,10,63.1603745027668,57,0,0.498502386262925,"M",0.196850754297338,0.25,1,"LOW HIGH MED",NA
58,11,101.628507637007,58,1,1.50044774112606,"FISHED",0.109821856440976,0.25,1,"LOW HIGH MED",NA
59,1,159.09561788941,62,4,4.49818698150079,"FISHED",0.175155640114099,0.25,1,"LOW HIGH MED",NA
59,2,124.36313289117,60,2,2.50029053774471,"FISHED",0.108594262599945,0.25,1,"LOW HIGH MED",NA
59,3,64.0319911162575,58,0,0.498579344659353,"FISHED",0.109821856440976,0.25,1,"LOW HIGH MED",NA
59,4,130.017893225833,60,2,2.49955530406957,"FISHED",0.108594262599945,0.25,1,"LOW HIGH MED",NA
59,5,211.562726876975,64,6,6.49979327599852,"M",0.134019357850775,0.25,1,"LOW HIGH MED",NA
59,6,134.909477046759,61,3,3.49942253909091,"FISHED",0.179135932028294,0.25,1,"LOW HIGH MED",NA
59,7,171.283981025693,62,4,4.50004779429308,"M",0.175155640114099,0.25,1,"LOW HIGH MED",NA
59,8,62.2555451592543,58,0,0.500568454290744,"M",0.109821856440976,0.25,1,"LOW HIGH MED",NA
59,9,118.927260000481,60,2,2.50109859415003,"FISHED",0.108594262599945,0.25,1,"LOW HIGH MED",NA
59,10,100.23203750782,59,1,1.49822357880993,"M",0.157407287647948,0.25,1,"LOW HIGH MED",NA
59,11,59.6633079111065,58,0,0.500314507190818,"M",0.109821856440976,0.25,1,"LOW HIGH MED",NA
60,1,131.891698239448,61,2,2.50026828808627,"M",0.179135932028294,0.25,1,"LOW HIGH MED",NA
60,2,64.1252198961624,59,0,0.501441760662785,"M",0.157407287647948,0.25,1,"LOW HIGH MED",NA
60,3,98.5708623323098,60,1,1.50007584760045,"M",0.108594262599945,0.25,1,"LOW HIGH MED",NA
60,4,96.995378728301,60,1,1.49978342192487,"M",0.108594262599945,0.25,1,"LOW HIGH MED",NA
60,5,159.022781062947,63,4,4.50059033246071,"M",0.170102413184941,0.25,1,"LOW HIGH MED",NA
60,6,62.432609379175,59,0,0.499924160131743,"M",0.157407287647948,0.25,1,"LOW HIGH MED",NA
60,7,99.7228866400317,60,1,1.49967280340621,"FISHED",0.108594262599945,0.25,1,"LOW HIGH MED",NA
60,8,63.9672130127116,59,0,0.501119769517317,"M",0.157407287647948,0.25,1,"LOW HIGH MED",NA
60,9,124.83557920572,61,2,2.49949594886231,"FISHED",0.179135932028294,0.25,1,"LOW HIGH MED",NA
60,10,119.521558936305,61,2,2.49968288986791,"FISHED",0.179135932028294,0.25,1,"LOW HIGH MED",NA
61,1,206.952484094572,66,6,6.49934589312068,"FISHED",0.14507669666782,0.25,1,"LOW HIGH MED",NA
61,2,66.3727810934848,60,0,0.501946672111784,"M",0.108594262599945,0.25,1,"LOW HIGH MED",NA
61,3,125.370215677287,62,2,2.49988790119526,"M",0.175155640114099,0.25,1,"LOW HIGH MED",NA
61,4,195.354910744733,69,9,9.49950226938017,"FISHED",0.308252643514425,0.25,1,"LOW HIGH MED",NA
61,5,132.68366240537,63,3,3.50082054305904,"FISHED",0.170102413184941,0.25,1,"LOW HIGH MED",NA
61,6,61.2516112433944,60,0,0.501125708959717,"M",0.108594262599945,0.25,1,"LOW HIGH MED",NA
61,7,96.2320509240224,61,1,1.49958665911105,"M",0.179135932028294,0.25,1,"LOW HIGH MED",NA
61,8,65.0642616703987,60,0,0.501293856901193,"FISHED",0.108594262599945,0.25,1,"LOW HIGH MED",NA
61,9,149.069850104268,63,3,3.50000637113659,"M",0.170102413184941,0.25,1,"LOW HIGH MED",NA
61,10,150.902851487638,63,3,3.50035242729539,"FISHED",0.170102413184941,0.25,1,"LOW HIGH MED",NA
61,11,159.404337889548,64,4,4.50103659076052,"FISHED",0.134019357850775,0.25,1,"LOW HIGH MED",NA
62,1,64.8378264923904,61,0,0.500939747517825,"M",0.179135932028294,0.25,1,"LOW HIGH MED",NA
62,2,60.9524027809091,61,0,0.499300487711871,"M",0.179135932028294,0.25,1,"LOW HIGH MED",NA
62,3,63.6629012057075,61,0,0.500503780683055,"FISHED",0.179135932028294,0.25,1,"LOW HIGH MED",NA
62,4,101.637445855792,62,1,1.49952717159336,"FISHED",0.175155640114099,0.25,1,"LOW HIGH MED",NA
62,5,154.588145155061,64,3,3.50002572037339,"M",0.134019357850775,0.25,1,"LOW HIGH MED",NA
62,6,62.3287888059937,61,0,0.50017137045988,"M",0.179135932028294,0.25,1,"LOW HIGH MED",NA
62,7,161.691132095389,66,5,5.49979270029209,"M",0.14507669666782,0.25,1,"LOW HIGH MED",NA
62,8,125.829978065415,63,2,2.50082522196335,"FISHED",0.170102413184941,0.25,1,"LOW HIGH MED",NA
62,9,170.56500351971,65,4,4.50107103174002,"M",0.131906371517107,0.25,1,"LOW HIGH MED",NA
62,10,177.604436459529,65,4,4.50164035646428,"FISHED",0.131906371517107,0.25,1,"LOW HIGH MED",NA
63,1,61.9785797121626,62,0,0.500250703436781,"M",0.175155640114099,0.25,1,"LOW HIGH MED",NA
63,2,62.6035912123469,62,0,0.501668003700086,"M",0.175155640114099,0.25,1,"LOW HIGH MED",NA
63,3,94.4746854910566,63,1,1.50089627342487,"FISHED",0.170102413184941,0.25,1,"LOW HIGH MED",NA
63,4,99.140669085745,63,1,1.49648916861023,"M",0.170102413184941,0.25,1,"LOW HIGH MED",NA
63,5,152.395534557992,66,4,4.49949046857949,"M",0.14507669666782,0.25,1,"LOW HIGH MED",NA
63,6,162.112151786843,66,4,4.49864528772301,"FISHED",0.14507669666782,0.25,1,"LOW HIGH MED",NA
63,7,190.42279207054,68,6,6.49733703020856,"FISHED",0.365003821346909,0.25,1,"LOW HIGH MED",NA
63,8,127.710869697536,64,2,2.50079258193796,"M",0.134019357850775,0.25,1,"LOW HIGH MED",NA
63,9,63.3290678795944,62,0,0.501472468775611,"M",0.175155640114099,0.25,1,"LOW HIGH MED",NA
64,1,124.022550595922,65,2,2.5011233050946,"M",0.131906371517107,0.25,1,"LOW HIGH MED",NA
64,2,131.225579435979,65,2,2.49820081267204,"M",0.131906371517107,0.25,1,"LOW HIGH MED",NA
64,3,102.037307865618,64,1,1.4995416835894,"FISHED",0.134019357850775,0.25,1,"LOW HIGH MED",NA
64,4,63.2504771302611,63,0,0.500877100044577,"M",0.170102413184941,0.25,1,"LOW HIGH MED",NA
64,5,118.823033912999,65,2,2.50074193541176,"FISHED",0.131906371517107,0.25,1,"LOW HIGH MED",NA
64,6,181.945347035187,67,4,4.49920759755361,"M",0.363990243454464,0.25,1,"LOW HIGH MED",NA
64,7,143.022389066836,66,3,3.49832985354682,"FISHED",0.14507669666782,0.25,1,"LOW HIGH MED",NA
64,8,63.7690398423769,63,0,0.501662094200692,"M",0.170102413184941,0.25,1,"LOW HIGH MED",NA
64,9,61.8327572762473,63,0,0.500829793323345,"FISHED",0.170102413184941,0.25,1,"LOW HIGH MED",NA
64,10,148.621573475014,66,3,3.49949686138963,"FISHED",0.14507669666782,0.25,1,"LOW HIGH MED",NA
64,11,100.517792553589,64,1,1.50083194874849,"M",0.134019357850775,0.25,1,"LOW HIGH MED",NA
65,1,103.341975034209,65,1,1.49895112491828,"M",0.131906371517107,0.25,1,"LOW HIGH MED",NA
65,2,98.879408141696,65,1,1.49982755190646,"M",0.131906371517107,0.25,1,"LOW HIGH MED",NA
65,3,101.549435147929,65,1,1.50157879759752,"M",0.131906371517107,0.25,1,"LOW HIGH MED",NA
65,4,132.127548319414,67,3,3.49966523760977,"M",0.363990243454464,0.25,1,"LOW HIGH MED",NA
65,5,155.294035624969,67,3,3.49829986106611,"M",0.363990243454464,0.25,1,"LOW HIGH MED",NA
65,6,175.1490844675,68,4,4.5008230148781,"FISHED",0.365003821346909,0.25,1,"LOW HIGH MED",NA
65,7,61.1020213642691,64,0,0.49996723284748,"M",0.134019357850775,0.25,1,"LOW HIGH MED",NA
65,8,146.257288703762,67,3,3.50176684369663,"M",0.363990243454464,0.25,1,"LOW HIGH MED",NA
65,9,102.742756544296,65,1,1.49918623731982,"M",0.131906371517107,0.25,1,"LOW HIGH MED",NA
65,10,61.1302431553232,64,0,0.499450283935844,"FISHED",0.134019357850775,0.25,1,"LOW HIGH MED",NA
66,1,62.3286033923492,65,0,0.501953424852842,"M",0.131906371517107,0.25,1,"LOW HIGH MED",NA
66,2,164.00532006965,69,4,4.49967953247465,"M",0.308252643514425,0.25,1,"LOW HIGH MED",NA
66,3,60.1536229453752,65,0,0.499840486001257,"M",0.131906371517107,0.25,1,"LOW HIGH MED",NA
66,4,101.924137130403,66,1,1.49970767561451,"M",0.14507669666782,0.25,1,"LOW HIGH MED",NA
66,5,98.1184221865765,66,1,1.50153035347236,"FISHED",0.14507669666782,0.25,1,"LOW HIGH MED",NA
66,6,64.4709950452082,65,0,0.5002796343979,"M",0.131906371517107,0.25,1,"LOW HIGH MED",NA
66,7,62.3662009145294,65,0,0.501149394821227,"M",0.131906371517107,0.25,1,"LOW HIGH MED",NA
66,8,95.425717572441,66,1,1.49903377282957,"FISHED",0.14507669666782,0.25,1,"LOW HIGH MED",NA
66,9,96.7573419977312,66,1,1.50005626778911,"M",0.14507669666782,0.25,1,"LOW HIGH MED",NA
66,10,163.902390092038,68,3,3.49948979994213,"FISHED",0.365003821346909,0.25,1,"LOW HIGH MED",NA
66,11,97.1696862664766,66,1,1.49985706320098,"M",0.14507669666782,0.25,1,"LOW HIGH MED",NA
66,12,121.128014649484,67,2,2.49901148572061,"M",0.363990243454464,0.25,1,"LOW HIGH MED",NA
67,1,63.045365233272,66,0,0.499419101860199,"M",0.14507669666782,0.25,1,"LOW HIGH MED",NA
67,2,125.706489530456,68,2,2.50056842619029,"FISHED",0.365003821346909,0.25,1,"LOW HIGH MED",NA
67,3,127.226675713374,68,2,2.49936679337824,"FISHED",0.365003821346909,0.25,1,"LOW HIGH MED",NA
67,4,123.771471160674,68,2,2.50040858498552,"M",0.365003821346909,0.25,1,"LOW HIGH MED",NA
67,5,131.024305652567,68,2,2.50058265846722,"M",0.365003821346909,0.25,1,"LOW HIGH MED",NA
67,6,100.589343062272,67,1,1.49883255607653,"FISHED",0.363990243454464,0.25,1,"LOW HIGH MED",NA
67,7,63.8832811203321,66,0,0.499689527230966,"M",0.14507669666782,0.25,1,"LOW HIGH MED",NA
67,8,61.6988231016817,66,0,0.501077540939678,"M",0.14507669666782,0.25,1,"LOW HIGH MED",NA
67,9,62.0393634730523,66,0,0.500134955271463,"FISHED",0.14507669666782,0.25,1,"LOW HIGH MED",NA
67,10,63.4914956933435,66,0,0.500538144430482,"M",0.14507669666782,0.25,1,"LOW HIGH MED",NA
67,11,60.6673008818573,66,0,0.500918353610461,"M",0.14507669666782,0.25,1,"LOW HIGH MED",NA
67,12,162.621449808999,70,4,4.50082077020662,"M",0.332062036776915,0.25,1,"LOW HIGH MED",NA
68,1,64.3205251527573,67,0,0.499146010373533,"M",0.363990243454464,0.25,1,"LOW HIGH MED",NA
68,2,101.342493229112,68,1,1.50013315639807,"FISHED",0.365003821346909,0.25,1,"LOW HIGH MED",NA
68,3,102.12464856015,68,1,1.50157098541403,"M",0.365003821346909,0.25,1,"LOW HIGH MED",NA
68,4,125.847020636743,70,3,3.49913208911696,"FISHED",0.332062036776915,0.25,1,"LOW HIGH MED",NA
68,5,61.763406471577,67,0,0.500092769152868,"FISHED",0.363990243454464,0.25,1,"LOW HIGH MED",NA
68,6,60.4796101408604,67,0,0.499450007712073,"M",0.363990243454464,0.25,1,"LOW HIGH MED",NA
68,7,163.013960471002,70,3,3.50161233700762,"M",0.332062036776915,0.25,1,"LOW HIGH MED",NA
68,8,92.1954604131586,68,1,1.49891788916481,"M",0.365003821346909,0.25,1,"LOW HIGH MED",NA
68,9,123.088266940274,69,2,2.49972296110344,"FISHED",0.308252643514425,0.25,1,"LOW HIGH MED",NA
68,10,62.2876528043869,67,0,0.5004615951305,"M",0.363990243454464,0.25,1,"LOW HIGH MED",NA
69,1,102.921517176552,69,1,1.49995349857601,"M",0.308252643514425,0.25,1,"LOW HIGH MED",NA
69,2,99.0559913189742,69,1,1.50142799470189,"M",0.308252643514425,0.25,1,"LOW HIGH MED",NA
69,3,145.723718737928,71,3,3.49990711533539,"FISHED",0.332261733454652,0.25,1,"LOW HIGH MED",NA
69,4,64.0668134063503,68,0,0.500889447001037,"FISHED",0.365003821346909,0.25,1,"LOW HIGH MED",NA
69,5,98.8868079114001,69,1,1.49915321942829,"FISHED",0.308252643514425,0.25,1,"LOW HIGH MED",NA
69,6,95.5414872111981,69,1,1.50000709352641,"M",0.308252643514425,0.25,1,"LOW HIGH MED",NA
69,7,182.965169007972,73,5,5.49983911413449,"M",0.351012530643493,0.25,1,"LOW HIGH MED",NA
69,8,62.4031531318348,68,0,0.499609975978184,"M",0.365003821346909,0.25,1,"LOW HIGH MED",NA
69,9,164.107964198525,72,4,4.50054102000691,"M",0.343176300707273,0.25,1,"LOW HIGH MED",NA
69,10,64.0951117962067,68,0,0.499271230636535,"FISHED",0.365003821346909,0.25,1,"LOW HIGH MED",NA
69,11,62.1847677967006,68,0,0.499545833144226,"M",0.365003821346909,0.25,1,"LOW HIGH MED",NA
70,1,63.0993053098601,69,0,0.498158912145239,"M",0.308252643514425,0.25,1,"LOW HIGH MED",NA
70,2,60.5885919710948,69,0,0.501909697243411,"FISHED",0.308252643514425,0.25,1,"LOW HIGH MED",NA
70,3,62.7500846689338,69,0,0.500076051237531,"M",0.308252643514425,0.25,1,"LOW HIGH MED",NA
70,4,63.0721082185043,69,0,0.501615437471468,"M",0.308252643514425,0.25,1,"LOW HIGH MED",NA
70,5,62.876439047192,69,0,0.500905473397828,"M",0.308252643514425,0.25,1,"LOW HIGH MED",NA
70,6,99.2207659463141,70,1,1.49922161698427,"FISHED",0.332062036776915,0.25,1,"LOW HIGH MED",NA
70,7,59.4381484171119,69,0,0.500700490687799,"FISHED",0.308252643514425,0.25,1,"LOW HIGH MED",NA
70,8,144.892085220974,72,3,3.49922192100195,"FISHED",0.343176300707273,0.25,1,"LOW HIGH MED",NA
70,9,171.873236999495,73,4,4.50039875306481,"FISHED",0.351012530643493,0.25,1,"LOW HIGH MED",NA
71,1,126.845966131178,72,2,2.49938905409802,"M",0.343176300707273,0.25,1,"LOW HIGH MED",NA
71,2,132.086280045075,73,3,3.49986819195548,"M",0.351012530643493,0.25,1,"LOW HIGH MED",NA
71,3,62.4690471800014,70,0,0.50010901384703,"FISHED",0.332062036776915,0.25,1,"LOW HIGH MED",NA
71,4,60.5387827335746,70,0,0.500490546010254,"FISHED",0.332062036776915,0.25,1,"LOW HIGH MED",NA
71,5,59.9135399993998,70,0,0.4994039071871,"FISHED",0.332062036776915,0.25,1,"LOW HIGH MED",NA
71,6,64.4208723460637,70,0,0.502096543194145,"FISHED",0.332062036776915,0.25,1,"LOW HIGH MED",NA
71,7,62.9244070949224,70,0,0.499303088159465,"M",0.332062036776915,0.25,1,"LOW HIGH MED",NA
71,8,109.327008591181,72,2,2.49918252906717,"M",0.343176300707273,0.25,1,"LOW HIGH MED",NA
71,9,61.151309535485,70,0,0.499008773447039,"M",0.332062036776915,0.25,1,"LOW HIGH MED",NA
72,1,96.2703525390197,72,1,1.49880710658631,"FISHED",0.343176300707273,0.25,1,"LOW HIGH MED",NA
72,2,62.7096453957476,71,0,0.500618329136282,"FISHED",0.332261733454652,0.25,1,"LOW HIGH MED",NA
72,3,96.8294116875978,72,1,1.50124678970407,"M",0.343176300707273,0.25,1,"LOW HIGH MED",NA
72,4,141.797582114536,74,3,3.50087485064888,"FISHED",0.397727864095941,0.25,1,"LOW HIGH MED",NA
72,5,94.479356978935,72,1,1.49914236478924,"M",0.343176300707273,0.25,1,"LOW HIGH MED",NA
72,6,119.621528676525,73,2,2.50197475666265,"FISHED",0.351012530643493,0.25,1,"LOW HIGH MED",NA
72,7,102.855445779499,72,1,1.49966621537658,"FISHED",0.343176300707273,0.25,1,"LOW HIGH MED",NA
72,8,103.945440636595,72,1,1.49734134082768,"FISHED",0.343176300707273,0.25,1,"LOW HIGH MED",NA
72,9,205.567965931109,80,9,9.50181818387104,"M",0.323671164736152,0.25,1,"LOW HIGH MED",NA
72,10,63.5984840135977,71,0,0.499609050076041,"M",0.332261733454652,0.25,1,"LOW HIGH MED",NA
73,1,134.918823380911,74,2,2.50051645692839,"FISHED",0.397727864095941,0.25,1,"LOW HIGH MED",NA
73,2,116.060201916603,74,2,2.50079074836122,"FISHED",0.397727864095941,0.25,1,"LOW HIGH MED",NA
73,3,60.6455942231798,72,0,0.50036601265856,"FISHED",0.343176300707273,0.25,1,"LOW HIGH MED",NA
73,4,96.2200936923616,73,1,1.50191946700204,"FISHED",0.351012530643493,0.25,1,"LOW HIGH MED",NA
73,5,63.9939016387005,72,0,0.500806242938988,"M",0.343176300707273,0.25,1,"LOW HIGH MED",NA
73,6,61.1925100489483,72,0,0.49940516397379,"FISHED",0.343176300707273,0.25,1,"LOW HIGH MED",NA
73,7,60.5275700246929,72,0,0.500157023623783,"M",0.343176300707273,0.25,1,"LOW HIGH MED",NA
73,8,62.7487130755818,72,0,0.500499096128377,"FISHED",0.343176300707273,0.25,1,"LOW HIGH MED",NA
73,9,116.076977893611,74,2,2.50217458501477,"FISHED",0.397727864095941,0.25,1,"LOW HIGH MED",NA
74,1,141.245244821454,75,2,2.4994427617188,"M",0.350160352140665,0.25,1,"LOW HIGH MED",NA
74,2,62.8742417063402,73,0,0.499188074336432,"M",0.351012530643493,0.25,1,"LOW HIGH MED",NA
74,3,95.8416594310405,74,1,1.49936972291865,"FISHED",0.397727864095941,0.25,1,"LOW HIGH MED",NA
74,4,64.6996341171393,73,0,0.501500545937301,"FISHED",0.351012530643493,0.25,1,"LOW HIGH MED",NA
74,5,126.828808132801,75,2,2.50041953881357,"FISHED",0.350160352140665,0.25,1,"LOW HIGH MED",NA
74,6,64.5955375088894,73,0,0.499261665944104,"FISHED",0.351012530643493,0.25,1,"LOW HIGH MED",NA
74,7,61.7303708710484,73,0,0.499270612479079,"FISHED",0.351012530643493,0.25,1,"LOW HIGH MED",NA
74,8,62.1044713137588,73,0,0.499573091249418,"FISHED",0.351012530643493,0.25,1,"LOW HIGH MED",NA
74,9,95.3355263898569,74,1,1.49950390285719,"M",0.397727864095941,0.25,1,"LOW HIGH MED",NA
74,10,179.559826923531,78,5,5.4988910123455,"M",0.353996677231044,0.25,1,"LOW HIGH MED",NA
74,11,60.3616054212741,73,0,0.499776070632651,"M",0.351012530643493,0.25,1,"LOW HIGH MED",NA
75,1,62.0717667744399,74,0,0.500677078174214,"FISHED",0.397727864095941,0.25,1,"LOW HIGH MED",NA
75,2,58.6077197667234,74,0,0.500498195020499,"M",0.397727864095941,0.25,1,"LOW HIGH MED",NA
75,3,140.072556866121,77,3,3.4977358243641,"FISHED",0.307589758862741,0.25,1,"LOW HIGH MED",NA
75,4,64.8677404184896,74,0,0.499486302306677,"M",0.397727864095941,0.25,1,"LOW HIGH MED",NA
75,5,63.0258285458301,74,0,0.501284936095073,"FISHED",0.397727864095941,0.25,1,"LOW HIGH MED",NA
75,6,134.408827529913,77,3,3.49844051561475,"FISHED",0.307589758862741,0.25,1,"LOW HIGH MED",NA
75,7,61.1483274978566,74,0,0.499744803003,"FISHED",0.397727864095941,0.25,1,"LOW HIGH MED",NA
75,8,62.7708971148789,74,0,0.499215515047721,"M",0.397727864095941,0.25,1,"LOW HIGH MED",NA
75,9,123.171490844878,76,2,2.50019362860059,"FISHED",0.35897865802981,0.25,1,"LOW HIGH MED",NA
75,10,62.5617113351485,74,0,0.498829809215773,"M",0.397727864095941,0.25,1,"LOW HIGH MED",NA
76,1,62.4073839599005,75,0,0.499360236973488,"FISHED",0.350160352140665,0.25,1,"LOW HIGH MED",NA
76,2,225.007797974888,85,10,10.5003982309543,"FISHED",0.246041072974913,0.25,1,"LOW HIGH MED",NA
76,3,121.876443783529,77,2,2.50085755245619,"M",0.307589758862741,0.25,1,"LOW HIGH MED",NA
76,4,131.885299865167,77,2,2.49984937378511,"M",0.307589758862741,0.25,1,"LOW HIGH MED",NA
76,5,61.8542801999779,75,0,0.499580172667674,"M",0.350160352140665,0.25,1,"LOW HIGH MED",NA
76,6,62.4703700259833,75,0,0.500303930543805,"FISHED",0.350160352140665,0.25,1,"LOW HIGH MED",NA
76,7,166.299509821365,79,4,4.50118547724631,"M",0.311775327031501,0.25,1,"LOW HIGH MED",NA
76,8,129.460459832881,77,2,2.50106190390988,"M",0.307589758862741,0.25,1,"LOW HIGH MED",NA
77,1,128.638262751224,78,2,2.50034483212793,"FISHED",0.353996677231044,0.25,1,"LOW HIGH MED",NA
77,2,95.6652134488918,77,1,1.50072916916783,"FISHED",0.307589758862741,0.25,1,"LOW HIGH MED",NA
77,3,99.7224029264345,77,1,1.49946223340954,"M",0.307589758862741,0.25,1,"LOW HIGH MED",NA
77,4,96.8797550147,77,1,1.49945431925686,"FISHED",0.307589758862741,0.25,1,"LOW HIGH MED",NA
77,5,63.8032614687423,76,0,0.500321227534138,"M",0.35897865802981,0.25,1,"LOW HIGH MED",NA
77,6,63.902043948279,76,0,0.498937305053666,"M",0.35897865802981,0.25,1,"LOW HIGH MED",NA
77,7,64.337256306969,76,0,0.499557818127951,"FISHED",0.35897865802981,0.25,1,"LOW HIGH MED",NA
77,8,124.209377301659,78,2,2.50060473323291,"M",0.353996677231044,0.25,1,"LOW HIGH MED",NA
78,1,64.7641030760872,77,0,0.499834168267773,"FISHED",0.307589758862741,0.25,1,"LOW HIGH MED",NA
78,2,63.4079022809332,77,0,0.500395844440084,"FISHED",0.307589758862741,0.25,1,"LOW HIGH MED",NA
78,3,63.8403890178578,77,0,0.498800435535918,"FISHED",0.307589758862741,0.25,1,"LOW HIGH MED",NA
78,4,62.3200205981378,77,0,0.5011649592409,"FISHED",0.307589758862741,0.25,1,"LOW HIGH MED",NA
78,5,63.2195390785134,77,0,0.498920796067829,"M",0.307589758862741,0.25,1,"LOW HIGH MED",NA
78,6,61.1863639616813,77,0,0.50009079678356,"FISHED",0.307589758862741,0.25,1,"LOW HIGH MED",NA
78,7,91.8743830617695,78,1,1.50116781279028,"M",0.353996677231044,0.25,1,"LOW HIGH MED",NA
78,8,62.592470952469,77,0,0.499806186077181,"FISHED",0.307589758862741,0.25,1,"LOW HIGH MED",NA
79,1,62.4580736118554,78,0,0.499338916039758,"FISHED",0.353996677231044,0.25,1,"LOW HIGH MED",NA
79,2,62.06761443688,78,0,0.500298290839175,"M",0.353996677231044,0.25,1,"LOW HIGH MED",NA
79,3,106.037643424808,79,1,1.5002223881944,"FISHED",0.311775327031501,0.25,1,"LOW HIGH MED",NA
79,4,98.457327568238,79,1,1.49959503140551,"M",0.311775327031501,0.25,1,"LOW HIGH MED",NA
79,5,99.2647060006328,79,1,1.50030222312523,"M",0.311775327031501,0.25,1,"LOW HIGH MED",NA
79,6,61.6050713939864,78,0,0.501397587499345,"FISHED",0.353996677231044,0.25,1,"LOW HIGH MED",NA
79,7,63.0480176446969,78,0,0.499855552913042,"FISHED",0.353996677231044,0.25,1,"LOW HIGH MED",NA
79,8,124.311860165629,80,2,2.50054494655203,"FISHED",0.323671164736152,0.25,1,"LOW HIGH MED",NA
79,9,128.660201113403,80,2,2.50126714949086,"M",0.323671164736152,0.25,1,"LOW HIGH MED",NA
80,1,65.5212509540154,79,0,0.498442097578686,"FISHED",0.311775327031501,0.25,1,"LOW HIGH MED",NA
80,2,62.9151783625616,79,0,0.499229049117836,"FISHED",0.311775327031501,0.25,1,"LOW HIGH MED",NA
80,3,62.0704517450374,79,0,0.499647292843478,"M",0.311775327031501,0.25,1,"LOW HIGH MED",NA
80,4,60.8773351803294,79,0,0.49860803439758,"FISHED",0.311775327031501,0.25,1,"LOW HIGH MED",NA
80,5,62.6159536051978,79,0,0.500200845057003,"FISHED",0.311775327031501,0.25,1,"LOW HIGH MED",NA
80,6,61.1669316360154,79,0,0.498240578052978,"FISHED",0.311775327031501,0.25,1,"LOW HIGH MED",NA
80,7,61.5063314037979,79,0,0.49883187244159,"M",0.311775327031501,0.25,1,"LOW HIGH MED",NA
80,8,61.1800229032207,79,0,0.499809133931395,"FISHED",0.311775327031501,0.25,1,"LOW HIGH MED",NA
80,9,63.7932206415569,79,0,0.499977246620868,"M",0.311775327031501,0.25,1,"LOW HIGH MED",NA
81,1,164.484603840347,84,4,4.49997003874596,"M",0.212601325428113,0.25,1,"LOW HIGH MED",NA
81,2,64.3654634196437,80,0,0.500145178158215,"FISHED",0.323671164736152,0.25,1,"LOW HIGH MED",NA
81,3,100.272433187943,81,1,1.4993497542761,"FISHED",0.39336811772082,0.25,1,"LOW HIGH MED",NA
81,4,94.0924245805115,81,1,1.49978150893668,"M",0.39336811772082,0.25,1,"LOW HIGH MED",NA
81,5,63.8302376866389,80,0,0.501809006716607,"M",0.323671164736152,0.25,1,"LOW HIGH MED",NA
81,6,61.5702421135095,80,0,0.499475291950072,"M",0.323671164736152,0.25,1,"LOW HIGH MED",NA
81,7,123.26410869658,82,2,2.49960262879505,"M",0.381667494191788,0.25,1,"LOW HIGH MED",NA
81,8,120.676800536339,82,2,2.49867643784931,"M",0.381667494191788,0.25,1,"LOW HIGH MED",NA
81,9,64.6788156990417,80,0,0.498037692512158,"M",0.323671164736152,0.25,1,"LOW HIGH MED",NA
82,1,64.4109554389552,81,0,0.499242039460965,"M",0.39336811772082,0.25,1,"LOW HIGH MED",NA
82,2,89.9350458734632,82,1,1.50049209512782,"FISHED",0.381667494191788,0.25,1,"LOW HIGH MED",NA
82,3,64.66037069965,81,0,0.498204585110089,"FISHED",0.39336811772082,0.25,1,"LOW HIGH MED",NA
82,4,90.4054851822164,82,1,1.49962651615234,"FISHED",0.381667494191788,0.25,1,"LOW HIGH MED",NA
82,5,96.6835275478465,82,1,1.50077524485038,"FISHED",0.381667494191788,0.25,1,"LOW HIGH MED",NA
82,6,65.1525578213536,81,0,0.499128528937547,"M",0.39336811772082,0.25,1,"LOW HIGH MED",NA
82,7,105.142960878673,82,1,1.50087921106359,"M",0.381667494191788,0.25,1,"LOW HIGH MED",NA
82,8,61.327787562283,81,0,0.500014374319001,"M",0.39336811772082,0.25,1,"LOW HIGH MED",NA
82,9,61.3202909339844,81,0,0.498639640549923,"M",0.39336811772082,0.25,1,"LOW HIGH MED",NA
82,10,61.7661892697651,81,0,0.498866518945693,"FISHED",0.39336811772082,0.25,1,"LOW HIGH MED",NA
82,11,63.2049111567162,81,0,0.49996205347055,"FISHED",0.39336811772082,0.25,1,"LOW HIGH MED",NA
83,1,115.577157973434,84,2,2.5008345233508,"M",0.212601325428113,0.25,1,"LOW HIGH MED",NA
83,2,97.7646925124396,83,1,1.50103136450233,"M",0.3277288954705,0.25,1,"LOW HIGH MED",NA
83,3,63.73412837656,82,0,0.502200469218211,"M",0.381667494191788,0.25,1,"LOW HIGH MED",NA
83,4,121.697455029154,84,2,2.50046225347512,"M",0.212601325428113,0.25,1,"LOW HIGH MED",NA
83,5,176.169493500067,86,4,4.50019442951004,"FISHED",0.284351357887499,0.25,1,"LOW HIGH MED",NA
83,6,62.2311231880903,82,0,0.499861281399694,"FISHED",0.381667494191788,0.25,1,"LOW HIGH MED",NA
83,7,60.9456461742081,82,0,0.500641145508374,"FISHED",0.381667494191788,0.25,1,"LOW HIGH MED",NA
83,8,173.165276745141,86,4,4.50025863684982,"M",0.284351357887499,0.25,1,"LOW HIGH MED",NA
84,1,60.6331524133895,83,0,0.500197791389473,"M",0.3277288954705,0.25,1,"LOW HIGH MED",NA
84,2,62.1589005499751,83,0,0.501418825748093,"M",0.3277288954705,0.25,1,"LOW HIGH MED",NA
84,3,62.3613284152814,83,0,0.499371984356551,"M",0.3277288954705,0.25,1,"LOW HIGH MED",NA
84,4,65.4689365173969,83,0,0.499496141606607,"M",0.3277288954705,0.25,1,"LOW HIGH MED",NA
84,5,120.683594636671,85,2,2.50151295482595,"FISHED",0.246041072974913,0.25,1,"LOW HIGH MED",NA
84,6,97.7649549573717,84,1,1.49971321882394,"FISHED",0.212601325428113,0.25,1,"LOW HIGH MED",NA
84,7,162.260476814706,87,4,4.49979903498749,"FISHED",0.296151775144972,0.25,1,"LOW HIGH MED",NA
84,8,62.2763745819158,83,0,0.501927917090802,"M",0.3277288954705,0.25,1,"LOW HIGH MED",NA
85,1,98.6731167650522,85,1,1.50046528124236,"M",0.246041072974913,0.25,1,"LOW HIGH MED",NA
85,2,119.581839105527,86,2,2.49918165049299,"FISHED",0.284351357887499,0.25,1,"LOW HIGH MED",NA
85,3,63.0720429636663,84,0,0.500914330236112,"FISHED",0.212601325428113,0.25,1,"LOW HIGH MED",NA
85,4,121.760594445502,86,2,2.4999182031372,"M",0.284351357887499,0.25,1,"LOW HIGH MED",NA
85,5,156.341634275777,87,3,3.50064347675763,"FISHED",0.296151775144972,0.25,1,"LOW HIGH MED",NA
85,6,60.5009000847834,84,0,0.499596916687765,"M",0.212601325428113,0.25,1,"LOW HIGH MED",NA
85,7,172.452086642825,89,5,5.50039369895425,"FISHED",0.260543714463711,0.25,1,"LOW HIGH MED",NA
85,8,62.5033045879558,84,0,0.500393025324043,"FISHED",0.212601325428113,0.25,1,"LOW HIGH MED",NA
85,9,96.3491102591833,85,1,1.50053222545067,"FISHED",0.246041072974913,0.25,1,"LOW HIGH MED",NA
85,10,127.4462830595,86,2,2.50015147463948,"M",0.284351357887499,0.25,1,"LOW HIGH MED",NA
85,11,100.690096533344,85,1,1.49929285348811,"FISHED",0.246041072974913,0.25,1,"LOW HIGH MED",NA
86,1,121.017389598569,87,2,2.50006903411147,"FISHED",0.296151775144972,0.25,1,"LOW HIGH MED",NA
86,2,125.771413954776,87,2,2.49855446836954,"M",0.296151775144972,0.25,1,"LOW HIGH MED",NA
86,3,137.057992878156,87,2,2.49846402741617,"M",0.296151775144972,0.25,1,"LOW HIGH MED",NA
86,4,123.348429649155,87,2,2.50105261725771,"FISHED",0.296151775144972,0.25,1,"LOW HIGH MED",NA
86,5,169.82983487141,89,4,4.49965815255589,"M",0.260543714463711,0.25,1,"LOW HIGH MED",NA
86,6,61.5405074851827,85,0,0.49915407133946,"M",0.246041072974913,0.25,1,"LOW HIGH MED",NA
86,7,99.0639177410604,86,1,1.50116570252082,"M",0.284351357887499,0.25,1,"LOW HIGH MED",NA
86,8,63.3911422616791,85,0,0.499131380735806,"M",0.246041072974913,0.25,1,"LOW HIGH MED",NA
86,9,99.0110187069764,86,1,1.49992916722523,"FISHED",0.284351357887499,0.25,1,"LOW HIGH MED",NA
86,10,96.9196768716169,86,1,1.49933597707803,"M",0.284351357887499,0.25,1,"LOW HIGH MED",NA
86,11,65.7613850851374,85,0,0.499700491098669,"M",0.246041072974913,0.25,1,"LOW HIGH MED",NA
87,1,93.4630246358365,87,1,1.49996037376357,"M",0.296151775144972,0.25,1,"LOW HIGH MED",NA
87,2,59.546777697403,86,0,0.499810338187831,"M",0.284351357887499,0.25,1,"LOW HIGH MED",NA
87,3,97.452781482058,87,1,1.49837467932146,"FISHED",0.296151775144972,0.25,1,"LOW HIGH MED",NA
87,4,103.47950211606,87,1,1.49808825931548,"FISHED",0.296151775144972,0.25,1,"LOW HIGH MED",NA
87,5,62.7179162221209,86,0,0.50007499668771,"FISHED",0.284351357887499,0.25,1,"LOW HIGH MED",NA
87,6,193.988874290686,92,6,6.50109606615129,"FISHED",0.243820812227204,0.25,1,"LOW HIGH MED",NA
87,7,103.927185246451,87,1,1.49957289514396,"M",0.296151775144972,0.25,1,"LOW HIGH MED",NA
87,8,93.8534776476299,87,1,1.50062086175455,"FISHED",0.296151775144972,0.25,1,"LOW HIGH MED",NA
87,9,65.5618030894254,86,0,0.498901078998587,"FISHED",0.284351357887499,0.25,1,"LOW HIGH MED",NA
87,10,228.123220893515,92,6,6.49902224912412,"M",0.243820812227204,0.25,1,"LOW HIGH MED",NA
88,1,93.4946028351781,88,1,1.50087524849293,"M",0.203767085983418,0.25,1,"LOW HIGH MED",NA
88,2,63.3552108265507,87,0,0.49866518807706,"M",0.296151775144972,0.25,1,"LOW HIGH MED",NA
88,3,61.9811690350019,87,0,0.501220864792284,"M",0.296151775144972,0.25,1,"LOW HIGH MED",NA
88,4,123.561770045285,89,2,2.49984678545688,"FISHED",0.260543714463711,0.25,1,"LOW HIGH MED",NA
88,5,62.0086853520473,87,0,0.499710594098975,"M",0.296151775144972,0.25,1,"LOW HIGH MED",NA
88,6,128.817405036833,89,2,2.4997885311298,"FISHED",0.260543714463711,0.25,1,"LOW HIGH MED",NA
88,7,166.449140394944,91,4,4.49859918789154,"FISHED",0.255676823528484,0.25,1,"LOW HIGH MED",NA
88,8,61.9628649633089,87,0,0.500562887872618,"FISHED",0.296151775144972,0.25,1,"LOW HIGH MED",NA
88,9,64.4061880515543,87,0,0.50082523750879,"M",0.296151775144972,0.25,1,"LOW HIGH MED",NA
89,1,98.6108313504649,89,1,1.49863111859493,"M",0.260543714463711,0.25,1,"LOW HIGH MED",NA
89,2,93.6178380321163,89,1,1.49960277626887,"FISHED",0.260543714463711,0.25,1,"LOW HIGH MED",NA
89,3,98.0310749276819,89,1,1.50009775782743,"FISHED",0.260543714463711,0.25,1,"LOW HIGH MED",NA
89,4,128.758056147645,90,2,2.50105761149734,"M",0.294813961675391,0.25,1,"LOW HIGH MED",NA
89,5,92.4853486237668,89,1,1.50023622222902,"FISHED",0.260543714463711,0.25,1,"LOW HIGH MED",NA
89,6,62.5584795877638,88,0,0.499430040181868,"M",0.203767085983418,0.25,1,"LOW HIGH MED",NA
89,7,126.404557952456,90,2,2.5009510554453,"M",0.294813961675391,0.25,1,"LOW HIGH MED",NA
89,8,60.945786360087,88,0,0.499645136142441,"M",0.203767085983418,0.25,1,"LOW HIGH MED",NA
89,9,61.0991026706929,88,0,0.498041702899243,"M",0.203767085983418,0.25,1,"LOW HIGH MED",NA
90,1,146.924930917794,92,3,3.49969137273,"FISHED",0.243820812227204,0.25,1,"LOW HIGH MED",NA
90,2,62.1377888070512,89,0,0.50110702261642,"M",0.260543714463711,0.25,1,"LOW HIGH MED",NA
90,3,217.649846100069,95,6,6.49907552444042,"FISHED",0.291006605606526,0.25,1,"LOW HIGH MED",NA
90,4,62.3785178118771,89,0,0.498218986889102,"M",0.260543714463711,0.25,1,"LOW HIGH MED",NA
90,5,103.138250221142,90,1,1.49900207702508,"FISHED",0.294813961675391,0.25,1,"LOW HIGH MED",NA
90,6,99.492357924925,90,1,1.49970000864798,"FISHED",0.294813961675391,0.25,1,"LOW HIGH MED",NA
90,7,157.526824004056,93,4,4.5011563699531,"M",0.277013333141804,0.25,1,"LOW HIGH MED",NA
90,8,126.984642283243,91,2,2.50014782158318,"M",0.255676823528484,0.25,1,"LOW HIGH MED",NA
91,1,102.318897419946,91,1,1.49948723910268,"FISHED",0.255676823528484,0.25,1,"LOW HIGH MED",NA
91,2,92.8807857643184,91,1,1.50019502076011,"M",0.255676823528484,0.25,1,"LOW HIGH MED",NA
91,3,62.4377727617062,90,0,0.498242261668637,"FISHED",0.294813961675391,0.25,1,"LOW HIGH MED",NA
91,4,63.5239793182206,90,0,0.500655067381999,"FISHED",0.294813961675391,0.25,1,"LOW HIGH MED",NA
91,5,94.6673632071663,91,1,1.4995798311192,"FISHED",0.255676823528484,0.25,1,"LOW HIGH MED",NA
91,6,95.6076807804243,91,1,1.49975386489567,"FISHED",0.255676823528484,0.25,1,"LOW HIGH MED",NA
91,7,116.966549358087,92,2,2.50045099288833,"M",0.243820812227204,0.25,1,"LOW HIGH MED",NA
91,8,60.2311404837307,90,0,0.500789992290918,"M",0.294813961675391,0.25,1,"LOW HIGH MED",NA
91,9,101.104425797213,91,1,1.50062869279776,"M",0.255676823528484,0.25,1,"LOW HIGH MED",NA
91,10,133.291637861649,92,2,2.49969186210717,"M",0.243820812227204,0.25,1,"LOW HIGH MED",NA
92,1,123.937301849243,93,2,2.50060113065216,"FISHED",0.277013333141804,0.25,1,"LOW HIGH MED",NA
92,2,164.888039208301,94,3,3.49974182097365,"FISHED",0.298499429086223,0.25,1,"LOW HIGH MED",NA
92,3,107.236243612027,92,1,1.50142469270998,"FISHED",0.243820812227204,0.25,1,"LOW HIGH MED",NA
92,4,96.0828500818525,92,1,1.49965881956895,"M",0.243820812227204,0.25,1,"LOW HIGH MED",NA
92,5,99.8466979067951,92,1,1.49941846560818,"M",0.243820812227204,0.25,1,"LOW HIGH MED",NA
92,6,126.37844064586,93,2,2.50067379209585,"FISHED",0.277013333141804,0.25,1,"LOW HIGH MED",NA
92,7,94.4963176294629,92,1,1.50059404615599,"FISHED",0.243820812227204,0.25,1,"LOW HIGH MED",NA
92,8,94.457333207536,92,1,1.49916460910703,"M",0.243820812227204,0.25,1,"LOW HIGH MED",NA
92,9,61.7561843283086,91,0,0.500242780556679,"FISHED",0.255676823528484,0.25,1,"LOW HIGH MED",NA
93,1,60.08044060169,92,0,0.50065490828411,"M",0.243820812227204,0.25,1,"LOW HIGH MED",NA
93,2,189.495354686265,99,7,7.49953389278402,"FISHED",0.243426887574606,0.25,1,"LOW HIGH MED",NA
93,3,129.80291110308,94,2,2.49881863668482,"FISHED",0.298499429086223,0.25,1,"LOW HIGH MED",NA
93,4,101.452005501944,93,1,1.49953835482142,"M",0.277013333141804,0.25,1,"LOW HIGH MED",NA
93,5,151.785219087389,95,3,3.49952096460938,"M",0.291006605606526,0.25,1,"LOW HIGH MED",NA
93,6,98.1444500542264,93,1,1.49997287151741,"M",0.277013333141804,0.25,1,"LOW HIGH MED",NA
93,7,131.544199733854,94,2,2.49907548226735,"FISHED",0.298499429086223,0.25,1,"LOW HIGH MED",NA
93,8,60.4835120440084,92,0,0.500059706396222,"M",0.243820812227204,0.25,1,"LOW HIGH MED",NA
93,9,61.0619569080459,92,0,0.499977326662089,"FISHED",0.243820812227204,0.25,1,"LOW HIGH MED",NA
93,10,130.560634862515,94,2,2.50193339413555,"M",0.298499429086223,0.25,1,"LOW HIGH MED",NA
94,1,97.5144611744274,94,1,1.50016008729537,"FISHED",0.298499429086223,0.25,1,"LOW HIGH MED",NA
94,2,99.9245412454552,94,1,1.50105827347381,"M",0.298499429086223,0.25,1,"LOW HIGH MED",NA
94,3,62.3773207699044,93,0,0.50005296045622,"M",0.277013333141804,0.25,1,"LOW HIGH MED",NA
94,4,127.183968766025,96,3,3.50035885590586,"M",0.273401493136771,0.25,1,"LOW HIGH MED",NA
94,5,189.204414070525,100,7,7.50004989526048,"M",0.201503638131544,0.25,1,"LOW HIGH MED",NA
94,6,96.6485723457114,94,1,1.50104116255197,"M",0.298499429086223,0.25,1,"LOW HIGH MED",NA
94,7,96.0650293433368,94,1,1.50198106769312,"M",0.298499429086223,0.25,1,"LOW HIGH MED",NA
94,8,98.6007053066586,94,1,1.50134637531348,"M",0.298499429086223,0.25,1,"LOW HIGH MED",NA
94,9,62.69789672639,93,0,0.500438874185281,"FISHED",0.277013333141804,0.25,1,"LOW HIGH MED",NA
94,10,60.9026644937263,93,0,0.499265300717417,"M",0.277013333141804,0.25,1,"LOW HIGH MED",NA
95,1,132.732077970821,96,2,2.49923559151123,"FISHED",0.273401493136771,0.25,1,"LOW HIGH MED",NA
95,2,139.412102543062,97,3,3.49939408942165,"M",0.245593879558146,0.25,1,"LOW HIGH MED",NA
95,3,63.7558638373628,94,0,0.498702698485281,"M",0.298499429086223,0.25,1,"LOW HIGH MED",NA
95,4,64.7869052301916,94,0,0.500590053562371,"M",0.298499429086223,0.25,1,"LOW HIGH MED",NA
95,5,98.5487456321734,95,1,1.50125974423848,"FISHED",0.291006605606526,0.25,1,"LOW HIGH MED",NA
95,6,92.5127096945079,95,1,1.49881654057157,"FISHED",0.291006605606526,0.25,1,"LOW HIGH MED",NA
95,7,96.0288498709602,95,1,1.50042857354567,"M",0.291006605606526,0.25,1,"LOW HIGH MED",NA
95,8,99.2245334806424,95,1,1.50114039588308,"M",0.291006605606526,0.25,1,"LOW HIGH MED",NA
95,9,64.4933728397463,94,0,0.498879090189446,"M",0.298499429086223,0.25,1,"LOW HIGH MED",NA
96,1,95.7954354643132,96,1,1.49972508277148,"M",0.273401493136771,0.25,1,"LOW HIGH MED",NA
96,2,62.0406123432061,95,0,0.500709996853342,"FISHED",0.291006605606526,0.25,1,"LOW HIGH MED",NA
96,3,59.9888910316609,95,0,0.497624504823232,"M",0.291006605606526,0.25,1,"LOW HIGH MED",NA
96,4,61.339572925189,95,0,0.500214213948841,"M",0.291006605606526,0.25,1,"LOW HIGH MED",NA
96,5,63.0351812189644,95,0,0.500339497066767,"M",0.291006605606526,0.25,1,"LOW HIGH MED",NA
96,6,61.4900010563667,95,0,0.500459995464618,"M",0.291006605606526,0.25,1,"LOW HIGH MED",NA
96,7,64.9738777795423,95,0,0.496830216663472,"M",0.291006605606526,0.25,1,"LOW HIGH MED",NA
96,8,143.545691222166,98,3,3.49954189296622,"FISHED",0.244368427246809,0.25,1,"LOW HIGH MED",NA
96,9,105.504908484939,96,1,1.5010563525867,"FISHED",0.273401493136771,0.25,1,"LOW HIGH MED",NA
96,10,137.897634993019,98,3,3.49868741210475,"FISHED",0.244368427246809,0.25,1,"LOW HIGH MED",NA
96,11,97.2917452882878,96,1,1.50022119012406,"M",0.273401493136771,0.25,1,"LOW HIGH MED",NA
97,1,93.7809882791843,97,1,1.49933022233461,"FISHED",0.245593879558146,0.25,1,"LOW HIGH MED",NA
97,2,95.5506228319562,97,1,1.50028752959874,"FISHED",0.245593879558146,0.25,1,"LOW HIGH MED",NA
97,3,61.3004910369046,96,0,0.499080112608244,"M",0.273401493136771,0.25,1,"LOW HIGH MED",NA
97,4,63.1767418098127,96,0,0.500605597095723,"FISHED",0.273401493136771,0.25,1,"LOW HIGH MED",NA
97,5,63.7049263675483,96,0,0.501378095325739,"FISHED",0.273401493136771,0.25,1,"LOW HIGH MED",NA
97,6,63.1220009321948,96,0,0.499827931301256,"M",0.273401493136771,0.25,1,"LOW HIGH MED",NA
97,7,128.559217717067,98,2,2.500875404063,"FISHED",0.244368427246809,0.25,1,"LOW HIGH MED",NA
97,8,63.3352194357506,96,0,0.501360695491484,"FISHED",0.273401493136771,0.25,1,"LOW HIGH MED",NA
97,9,64.123130803261,96,0,0.498427197896902,"FISHED",0.273401493136771,0.25,1,"LOW HIGH MED",NA
98,1,104.680159581252,98,1,1.5022584804098,"M",0.244368427246809,0.25,1,"LOW HIGH MED",NA
98,2,63.3705198333414,97,0,0.499950471321175,"M",0.245593879558146,0.25,1,"LOW HIGH MED",NA
98,3,96.8393455777767,98,1,1.50202822493985,"M",0.244368427246809,0.25,1,"LOW HIGH MED",NA
98,4,61.6893366194108,97,0,0.499480099861512,"M",0.245593879558146,0.25,1,"LOW HIGH MED",NA
98,5,63.4203938089434,97,0,0.50059101873278,"M",0.245593879558146,0.25,1,"LOW HIGH MED",NA
98,6,63.4023195728967,97,0,0.501639040728879,"FISHED",0.245593879558146,0.25,1,"LOW HIGH MED",NA
98,7,65.2800870088671,97,0,0.500374578934354,"FISHED",0.245593879558146,0.25,1,"LOW HIGH MED",NA
98,8,61.2568597679818,97,0,0.498611730269538,"FISHED",0.245593879558146,0.25,1,"LOW HIGH MED",NA
99,1,63.6185914976773,98,0,0.499939300014162,"M",0.244368427246809,0.25,1,"LOW HIGH MED",NA
99,2,63.8805798293915,98,0,0.499618496813145,"FISHED",0.244368427246809,0.25,1,"LOW HIGH MED",NA
99,3,59.6865937436318,98,0,0.500386114481886,"FISHED",0.244368427246809,0.25,1,"LOW HIGH MED",NA
99,4,99.4154208659775,99,1,1.49991253212213,"FISHED",0.243426887574606,0.25,1,"LOW HIGH MED",NA
99,5,63.5847184870677,98,0,0.498934690929267,"FISHED",0.244368427246809,0.25,1,"LOW HIGH MED",NA
99,6,60.0944669673465,98,0,0.500887134480728,"M",0.244368427246809,0.25,1,"LOW HIGH MED",NA
99,7,60.1248636676723,98,0,0.501674866104331,"FISHED",0.244368427246809,0.25,1,"LOW HIGH MED",NA
99,8,63.6879265930834,98,0,0.498537777975783,"M",0.244368427246809,0.25,1,"LOW HIGH MED",NA
100,1,61.7267019502769,99,0,0.498756311220525,"M",0.243426887574606,0.25,1,"LOW HIGH MED",NA
100,2,102.77188485665,100,1,1.49939019536522,"M",0.201503638131544,0.25,1,"LOW HIGH MED",NA
100,3,96.884736764797,100,1,1.50139586185067,"M",0.201503638131544,0.25,1,"LOW HIGH MED",NA
100,4,63.8896269539396,99,0,0.5003402596688,"M",0.243426887574606,0.25,1,"LOW HIGH MED",NA
100,5,97.7251025473382,100,1,1.50081824074975,"M",0.201503638131544,0.25,1,"LOW HIGH MED",NA
100,6,64.4085986394451,99,0,0.497792889431447,"M",0.243426887574606,0.25,1,"LOW HIGH MED",NA
100,7,63.5444414184686,99,0,0.499075323931149,"M",0.243426887574606,0.25,1,"LOW HIGH MED",NA
100,8,60.086195382795,99,0,0.500727724808195,"FISHED",0.243426887574606,0.25,1,"LOW HIGH MED",NA
100,9,63.0289010285412,99,0,0.49891126958636,"M",0.243426887574606,0.25,1,"LOW HIGH MED",NA
100,10,60.9272310595277,99,0,0.498789652063632,"M",0.243426887574606,0.25,1,"LOW HIGH MED",NA
100,11,63.4095677272475,99,0,0.501777351998784,"FISHED",0.243426887574606,0.25,1,"LOW HIGH MED",NA
