"cohort","uni_ind","ind","fish_size","Year","Age","AgeE","FMORT","M","Sel","FSIM"
1,6,6,129.79471649447,2,2,2.50056058491993,0,0.25,0.148439464881779,"MED LOW"
1,8,8,148.881819178911,3,3,3.49997364653114,0,0.25,0.547621609307846,"MED LOW"
2,20,5,122.816584205937,3,2,2.4996126010721,0,0.25,0.0790445731586418,"MED LOW"
3,35,7,107.2537712002,3,1,1.49848381353376,0,0.25,0.0173692988514896,"MED LOW"
1,2,2,167.875643152816,4,4,4.49873635502329,0,0.25,0.892789219046962,"MED LOW"
1,4,4,154.734835464775,4,4,4.50037233643592,0,0.25,0.686829055290239,"MED LOW"
1,6,6,170.49324209642,4,4,4.50145842168388,0,0.25,0.915701375252414,"MED LOW"
1,7,7,183.070922518264,4,4,4.49838439249984,0,0.25,0.974970853264795,"MED LOW"
1,8,8,165.760193128355,4,4,4.50145559585721,0,0.25,0.870430108765131,"MED LOW"
1,11,11,163.804486274451,4,4,4.49982663040576,0,0.25,0.846342687016122,"MED LOW"
1,12,12,154.507770649984,4,4,4.49953924304093,0,0.25,0.681848934737725,"MED LOW"
2,17,2,143.385757350899,4,3,3.50043040258129,0,0.25,0.409275155064234,"MED LOW"
3,34,6,124.21688744663,4,2,2.49942300050682,0,0.25,0.0900336927820597,"MED LOW"
1,6,6,184.526325022834,5,5,5.4995368302714,0,0.25,0.978334638556586,"MED LOW"
1,7,7,199.737802128503,5,5,5.49991975116259,0,0.25,0.995295847939981,"MED LOW"
1,8,8,178.856080422385,5,5,5.4987675051863,0,0.25,0.962109345773489,"MED LOW"
1,9,9,160.363837440679,5,5,5.50017893435635,0,0.25,0.795249250108966,"MED LOW"
1,11,11,176.521878937333,5,5,5.49850778976347,0,0.25,0.952457733215174,"MED LOW"
1,12,12,165.496966681315,5,5,5.50112832999073,0,0.25,0.867385952341814,"MED LOW"
2,17,2,158.818705596905,5,4,4.50075362593206,0,0.25,0.768521455278642,"MED LOW"
2,20,5,158.223766364148,5,4,4.50024353106419,0,0.25,0.757601727708522,"MED LOW"
2,25,10,152.635437683381,5,4,4.50216233740865,0,0.25,0.639265906336815,"MED LOW"
2,28,13,152.028550059805,5,4,4.50035306239611,0,0.25,0.624937894351437,"MED LOW"
3,33,5,156.179238301107,5,3,3.50045106185037,0,0.25,0.717478818290572,"MED LOW"
1,4,4,174.094990986654,6,6,6.50046489046918,0,0.25,0.939970866715199,"MED LOW"
1,6,6,195.533736555949,6,6,6.49914507067934,0,0.25,0.992809268856952,"MED LOW"
1,8,8,189.017145968843,6,6,6.49994419893864,0,0.25,0.98615788581543,"MED LOW"
1,9,9,167.989644620719,6,6,6.50102103516351,0,0.25,0.893892097218134,"MED LOW"
1,11,11,186.343824942869,6,6,6.50020931120242,0,0.25,0.981919443354747,"MED LOW"
1,12,12,173.791486319124,6,6,6.50135013475292,0,0.25,0.938208322647234,"MED LOW"
2,25,10,163.29094388923,6,5,5.49872017423127,0,0.25,0.839438784845046,"MED LOW"
3,32,4,162.347130025905,6,4,4.49977622665136,0,0.25,0.826099311281703,"MED LOW"
3,33,5,175.067581560026,6,4,4.49982053902011,0,0.25,0.94530670556554,"MED LOW"
3,36,8,145.880890907767,6,4,4.49884223172676,0,0.25,0.471624071142263,"MED LOW"
4,46,5,153.621081583291,6,3,3.49893130906091,0,0.25,0.662007719885427,"MED LOW"
4,53,12,136.469578843287,6,3,3.50053771639593,0,0.25,0.255559302647466,"MED LOW"
1,4,4,180.386163356312,7,7,7.4977510638179,0,0.25,0.967383495857374,"MED LOW"
1,6,6,204.167841356349,7,7,7.49955880787841,0,0.25,0.996994756492585,"MED LOW"
1,8,8,196.901090807502,7,7,7.49840301968566,0,0.25,0.993735525810199,"MED LOW"
1,9,9,173.680226384333,7,7,7.49929896153188,0,0.25,0.937550175239257,"MED LOW"
1,11,11,193.929548360629,7,7,7.49901422847778,0,0.25,0.991548036981407,"MED LOW"
1,12,12,180.052094995671,7,7,7.49858437022091,0,0.25,0.966296134881536,"MED LOW"
2,25,10,171.294738379254,7,6,6.49964290106125,0,0.25,0.921774329802454,"MED LOW"
2,28,13,170.487714160021,7,6,6.50042792702047,0,0.25,0.915658039805127,"MED LOW"
3,32,4,174.785829423977,7,5,5.50046604920193,0,0.25,0.943808689176206,"MED LOW"
3,33,5,190.034650260433,7,5,5.50093850390313,0,0.25,0.987499537722409,"MED LOW"
4,42,1,160.77948224361,7,4,4.50102870883893,0,0.25,0.802035255236764,"MED LOW"
5,56,3,154.829715696392,7,3,3.49954800554475,0,0.25,0.688897415260282,"MED LOW"
5,64,11,168.490126473221,7,3,3.49946061043142,0,0.25,0.898616286333978,"MED LOW"
6,68,4,128.060167077432,7,2,2.49727183720037,0,0.25,0.127526701189096,"MED LOW"
1,4,4,185.137433684175,8,8,8.50001242555757,0,0.25,0.979611486164017,"MED LOW"
1,6,6,210.940347815293,8,8,8.50033017652494,0,0.25,0.998486801937773,"MED LOW"
1,9,9,177.92669105933,8,8,8.50086980054204,0,0.25,0.958515286678877,"MED LOW"
1,11,11,199.788183679772,8,8,8.49981421328776,0,0.25,0.995319737588025,"MED LOW"
1,12,12,184.777530911474,8,8,8.50150216603886,0,0.25,0.978868708425259,"MED LOW"
3,30,2,155.126256549881,8,6,6.49891885065958,0,0.25,0.695313227281488,"MED LOW"
3,32,4,184.359096102684,8,6,6.50011417310161,0,0.25,0.977971810874881,"MED LOW"
3,33,5,201.894512314609,8,6,6.50034665200998,0,0.25,0.996217462191232,"MED LOW"
4,42,1,172.921608747261,8,5,5.49985551177667,0,0.25,0.932885514909737,"MED LOW"
4,53,12,160.39205087345,8,5,5.50084823853621,0,0.25,0.795715288622306,"MED LOW"
5,54,1,163.266335973469,8,4,4.49942027869774,0,0.25,0.839101748047596,"MED LOW"
6,68,4,150.179513410441,8,3,3.49963558049566,0,0.25,0.58001222064774,"MED LOW"
7,75,1,125.117460172123,8,2,2.49852842771829,0,0.25,0.0978110590326498,"MED LOW"
7,81,7,129.727573587075,8,2,2.50001493373852,0,0.25,0.147579801704255,"MED LOW"
1,4,4,188.725726676639,9,9,9.50098634166981,0,0.25,0.985748123374726,"MED LOW"
1,6,6,216.252634936747,9,9,9.50153414610139,0,0.25,0.999117073028593,"MED LOW"
1,9,9,181.095516846405,9,9,9.50033382050122,0,0.25,0.969581068381174,"MED LOW"
1,11,11,204.312947622832,9,9,9.50050414405477,0,0.25,0.997038577974459,"MED LOW"
1,12,12,188.344235963336,9,9,9.49997777049372,0,0.25,0.985193599534266,"MED LOW"
3,33,5,211.292232787441,9,7,7.50082306508005,0,0.25,0.998539833127924,"MED LOW"
4,42,1,182.231213499346,9,6,6.50068995572079,0,0.25,0.972803899145143,"MED LOW"
4,53,12,168.021458909133,9,6,6.49921080898473,0,0.25,0.894198087057536,"MED LOW"
5,54,1,175.880482753776,9,5,5.50107016554896,0,0.25,0.949420435952552,"MED LOW"
5,60,7,166.584032989665,9,5,5.50113250075461,0,0.25,0.879575187283434,"MED LOW"
6,68,4,167.407796186644,9,4,4.49867997479932,0,0.25,0.888156966389626,"MED LOW"
7,75,1,146.090348957524,9,3,3.50064517284203,0,0.25,0.476926640841207,"MED LOW"
7,76,2,150.694110371123,9,3,3.50003280328106,0,0.25,0.592683936365745,"MED LOW"
8,92,7,130.172574011421,9,2,2.49960162366454,0,0.25,0.153354662304694,"MED LOW"
9,106,9,99.5014954122398,9,1,1.50094864767934,0,0.25,0.00798133564586865,"MED LOW"
1,11,11,207.807530853422,10,10,10.4995247399395,0,0.25,0.997921303166918,"MED LOW"
1,12,12,191.036344194966,10,10,10.4989037355889,0,0.25,0.988694709216985,"MED LOW"
3,33,5,218.738959375156,10,8,8.49971645821417,0,0.25,0.999313918066284,"MED LOW"
4,42,1,189.369068685914,10,7,7.49923452559866,0,0.25,0.986637261386388,"MED LOW"
4,53,12,173.715092367513,10,7,7.50144470696798,0,0.25,0.937757122457038,"MED LOW"
5,60,7,175.0236557712,10,6,6.49973744286627,0,0.25,0.945075662145005,"MED LOW"
7,75,1,162.227170974069,10,4,4.49890865272706,0,0.25,0.82434262535261,"MED LOW"
7,76,2,168.062054342263,10,4,4.49905144762619,0,0.25,0.894587404013883,"MED LOW"
7,80,6,151.615636028209,10,4,4.49846449695606,0,0.25,0.615060984599941,"MED LOW"
7,81,7,170.373368793734,10,4,4.50134593651281,0,0.25,0.914757099377719,"MED LOW"
7,85,11,165.275873628308,10,4,4.50082957225295,0,0.25,0.864782439568951,"MED LOW"
8,92,7,153.131967769384,10,3,3.49820070678026,0,0.25,0.650808118045869,"MED LOW"
8,95,10,151.786005797587,10,3,3.50107293838255,0,0.25,0.619148250277184,"MED LOW"
9,102,5,134.393041012671,10,2,2.49844869219291,0,0.25,0.217547749783868,"MED LOW"
9,106,9,127.798500488966,10,2,2.49990618562337,0,0.25,0.124599825536649,"MED LOW"
9,107,10,134.250707340131,10,2,2.50188446586137,0,0.25,0.215097851745263,"MED LOW"
1,11,11,210.506480922243,11,11,11.5010990473624,0,0.25,0.998418760988132,"MED LOW"
1,12,12,193.06831673697,11,11,11.4990499016996,0,0.25,0.990782815909149,"MED LOW"
3,33,5,224.63972403745,11,9,9.49875765768602,0,0.25,0.999623021689548,"MED LOW"
4,42,1,194.841801204768,11,8,8.49985677280881,0,0.25,0.992289959121033,"MED LOW"
4,53,12,177.964106420341,11,8,8.50145884046087,0,0.25,0.958666081109684,"MED LOW"
5,60,7,181.408804826799,11,7,7.50006318192669,0,0.25,0.970505343540011,"MED LOW"
7,75,1,174.643058335037,11,5,5.49928254839484,0,0.25,0.943034952239102,"MED LOW"
7,76,2,181.610003365933,11,5,5.50077228427062,0,0.25,0.971084507304857,"MED LOW"
7,80,6,162.091439355376,11,5,5.50078229138985,0,0.25,0.822338160724006,"MED LOW"
7,81,7,184.382347464213,11,5,5.50219187509418,0,0.25,0.978022611389117,"MED LOW"
8,88,3,169.271288058765,11,4,4.49946510739731,0,0.25,0.905617114856236,"MED LOW"
8,92,7,171.168506665055,11,4,4.49974409931802,0,0.25,0.920845160173272,"MED LOW"
8,95,10,169.451988299607,11,4,4.50196912640913,0,0.25,0.907173686420118,"MED LOW"
8,97,12,154.259995972464,11,4,4.50103170291186,0,0.25,0.676366778752768,"MED LOW"
9,100,3,156.005700652373,11,3,3.50129390808195,0,0.25,0.713893609416296,"MED LOW"
9,103,6,146.68707630661,11,3,3.50089870216083,0,0.25,0.49205769637689,"MED LOW"
9,107,10,158.871845478122,11,3,3.50038059882072,0,0.25,0.769479888995286,"MED LOW"
9,108,11,148.785644554312,11,3,3.50018488693911,0,0.25,0.545201438391261,"MED LOW"
1,11,11,212.590944502972,12,12,12.500702879183,0,0.25,0.998719987508209,"MED LOW"
1,12,12,194.602026400998,12,12,12.4995191609589,0,0.25,0.992101456225138,"MED LOW"
3,33,5,229.315472930555,12,10,10.5011154814801,0,0.25,0.999765468422582,"MED LOW"
4,42,1,199.037851760583,12,9,9.50062916109176,0,0.25,0.994951118454077,"MED LOW"
4,53,12,181.135037698778,12,9,9.50118739132014,0,0.25,0.969699193106149,"MED LOW"
5,60,7,186.239604676221,12,8,8.49888890613185,0,0.25,0.981730617833049,"MED LOW"
7,75,1,184.196008649678,12,6,6.49758202449956,0,0.25,0.977612251041198,"MED LOW"
7,76,2,192.178146783078,12,6,6.49774849170867,0,0.25,0.989919738903228,"MED LOW"
7,80,6,169.939263709738,12,6,6.49962332504381,0,0.25,0.911256805476958,"MED LOW"
7,81,7,195.367875821186,12,6,6.50107464964312,0,0.25,0.992688042813894,"MED LOW"
8,92,7,185.337728150803,12,5,5.4997215824251,0,0.25,0.980013723830089,"MED LOW"
9,100,3,174.845057736138,12,4,4.49734854341333,0,0.25,0.94412676320436,"MED LOW"
9,101,4,166.324930950023,12,4,4.49968646446599,0,0.25,0.876760711465364,"MED LOW"
9,102,5,178.786794825106,12,4,4.5002793107956,0,0.25,0.961852059642062,"MED LOW"
9,103,6,162.981136357447,12,4,4.50151057744894,0,0.25,0.835153773217403,"MED LOW"
9,104,7,153.719556898069,12,4,4.49933518035309,0,0.25,0.664241267677846,"MED LOW"
9,106,9,166.944384789336,12,4,4.50024037609668,0,0.25,0.883397116047466,"MED LOW"
9,107,10,178.527600468847,12,4,4.49971268950842,0,0.25,0.960874608570322,"MED LOW"
9,108,11,165.638216535345,12,4,4.50002952936875,0,0.25,0.869026938270774,"MED LOW"
10,117,7,151.550124885782,12,3,3.50033341814159,0,0.25,0.613484968148892,"MED LOW"
10,118,8,146.638798654459,12,3,3.49936436451588,0,0.25,0.4908326195125,"MED LOW"
3,33,5,233.020522862656,13,11,11.5002918929515,0,0.25,0.999838987622863,"MED LOW"
4,53,12,183.501423181988,13,10,10.5001844272339,0,0.25,0.976015631994969,"MED LOW"
5,60,7,189.894433558361,13,9,9.49906979341272,0,0.25,0.987322573879313,"MED LOW"
7,75,1,191.546176789966,13,7,7.49968927809719,0,0.25,0.989258907591183,"MED LOW"
7,81,7,203.98248193349,13,7,7.49981898859581,0,0.25,0.996937837121536,"MED LOW"
8,95,10,194.094436251102,13,6,6.49976278602288,0,0.25,0.991687190862663,"MED LOW"
9,100,3,189.766055051541,13,5,5.49991386393817,0,0.25,0.987158383274213,"MED LOW"
9,101,4,179.531070255878,13,5,5.50087451012398,0,0.25,0.964530112007653,"MED LOW"
9,103,6,175.54072525898,13,5,5.5003813949696,0,0.25,0.947737958348731,"MED LOW"
9,106,9,180.271949642897,13,5,5.49972913514552,0,0.25,0.967015609006479,"MED LOW"
9,107,10,194.219348839296,13,5,5.50101491891645,0,0.25,0.991791093766247,"MED LOW"
9,108,11,178.710346906247,13,5,5.50098698174181,0,0.25,0.961566230109492,"MED LOW"
10,113,3,152.121674556711,13,4,4.50035039098203,0,0.25,0.627151460901498,"MED LOW"
10,118,8,162.920111535649,13,4,4.49996738180835,0,0.25,0.834298986145598,"MED LOW"
10,121,11,185.517501887509,13,4,4.49864280505054,0,0.25,0.98036812434496,"MED LOW"
11,125,3,141.988432192301,13,3,3.50004588846986,0,0.25,0.37546634012545,"MED LOW"
11,132,10,149.177052476086,13,3,3.49998764324956,0,0.25,0.55503642472253,"MED LOW"
3,33,5,235.956393738785,14,12,12.500414864135,0,0.25,0.999880485609207,"MED LOW"
5,60,7,192.659560364292,14,10,10.4984906280804,0,0.25,0.990395986535692,"MED LOW"
7,75,1,197.201494771439,14,8,8.49953169931917,0,0.25,0.993922568647081,"MED LOW"
7,76,2,206.852441218802,14,8,8.50007132068967,0,0.25,0.997710113974785,"MED LOW"
7,80,6,180.222630690467,14,8,8.50008618987641,0,0.25,0.966855514560909,"MED LOW"
8,95,10,202.560039218866,14,7,7.49951164116806,0,0.25,0.996463739493996,"MED LOW"
9,100,3,201.583664320073,14,6,6.50116195453204,0,0.25,0.996096650538267,"MED LOW"
9,101,4,189.791213741634,14,6,6.50103611723454,0,0.25,0.987190724672171,"MED LOW"
9,103,6,185.221754596257,14,6,6.49962802290367,0,0.25,0.979781779262719,"MED LOW"
9,106,9,190.641364464061,14,6,6.50011074980883,0,0.25,0.9882375580098,"MED LOW"
9,108,11,188.850080629157,14,6,6.49901016953001,0,0.25,0.985924418792862,"MED LOW"
10,114,4,179.778388492103,14,5,5.49805560208813,0,0.25,0.965379247793859,"MED LOW"
10,118,8,175.468040842558,14,5,5.50039978661305,0,0.25,0.947371220341394,"MED LOW"
10,121,11,202.720467913871,14,5,5.49929084155832,0,0.25,0.996520675228673,"MED LOW"
11,123,1,177.895961823835,14,4,4.49970924602858,0,0.25,0.958391045708403,"MED LOW"
11,124,2,174.67836872855,14,4,4.49970083407412,0,0.25,0.943227240887298,"MED LOW"
11,132,10,166.134744910491,14,4,4.49846990301669,0,0.25,0.874659010027091,"MED LOW"
12,141,7,148.565384454731,14,3,3.50049998990569,0,0.25,0.539650868394987,"MED LOW"
12,142,8,146.736295556457,14,3,3.50116309602899,0,0.25,0.49330676499729,"MED LOW"
12,146,12,147.728912906758,14,3,3.50172658717816,0,0.25,0.518493624930942,"MED LOW"
12,147,13,158.388960819053,14,3,3.5008108073894,0,0.25,0.760668545497519,"MED LOW"
3,33,5,238.282769350251,15,13,13.5004069056513,0,0.25,0.999905626578321,"MED LOW"
5,60,7,194.751566994272,15,11,11.4983990649634,0,0.25,0.992219549630943,"MED LOW"
7,76,2,211.86863299331,15,9,9.49994449942163,0,0.25,0.998622720129052,"MED LOW"
7,80,6,183.522031588182,15,9,9.50029172287952,0,0.25,0.976064564957258,"MED LOW"
8,95,10,209.18471451678,15,8,8.49970503111391,0,0.25,0.998192067850019,"MED LOW"
9,100,3,210.943352943534,15,7,7.49970047330668,0,0.25,0.998487262872705,"MED LOW"
9,101,4,197.762547521344,15,7,7.50113381264665,0,0.25,0.99425716096639,"MED LOW"
9,106,9,198.709212185294,15,7,7.50072176694864,0,0.25,0.994780701509423,"MED LOW"
9,108,11,196.715225563788,15,7,7.50175415647311,0,0.25,0.993616946023782,"MED LOW"
10,118,8,185.138669436219,15,6,6.49979484152176,0,0.25,0.979613991980162,"MED LOW"
10,121,11,216.65485763671,15,6,6.49984718399733,0,0.25,0.999152374257953,"MED LOW"
11,123,1,193.454254467358,15,5,5.49906578415194,0,0.25,0.991133867713308,"MED LOW"
11,124,2,189.564897203684,15,5,5.49979541016896,0,0.25,0.986896880926431,"MED LOW"
11,128,6,168.910188739352,15,5,5.49969727751638,0,0.25,0.902436385413689,"MED LOW"
12,141,7,165.358932436479,15,4,4.49807904850872,0,0.25,0.865765530506071,"MED LOW"
12,142,8,163.043356100325,15,4,4.49992132404358,0,0.25,0.83602165034269,"MED LOW"
12,143,9,163.287813297731,15,4,4.5015597137124,0,0.25,0.839395939120088,"MED LOW"
12,146,12,164.299170660095,15,4,4.50033377985548,0,0.25,0.852761469716124,"MED LOW"
12,147,13,177.906077375554,15,4,4.4982438340832,0,0.25,0.958431983011761,"MED LOW"
13,149,2,147.341030214667,15,3,3.49841214842441,0,0.25,0.508655537450024,"MED LOW"
13,151,4,136.086479776575,15,3,3.50129746792688,0,0.25,0.248229817731787,"MED LOW"
14,164,6,129.899764936675,15,2,2.49968468159581,0,0.25,0.149792741185104,"MED LOW"
14,168,10,125.800071781436,15,2,2.50031767903499,0,0.25,0.104099784186689,"MED LOW"
5,60,7,196.33431239694,16,12,12.4998675354641,0,0.25,0.993366914945497,"MED LOW"
7,80,6,185.993738808263,16,10,10.5006120915179,0,0.25,0.981277458963515,"MED LOW"
8,95,10,214.36878976457,16,9,9.49959825753411,0,0.25,0.998931161653373,"MED LOW"
9,100,3,218.35633886459,16,8,8.50093949303736,0,0.25,0.999286759799518,"MED LOW"
9,106,9,204.986342377845,16,8,8.50008138587685,0,0.25,0.997233746369712,"MED LOW"
9,108,11,202.816027274485,16,8,8.49886611730588,0,0.25,0.996554153924324,"MED LOW"
10,118,8,192.591776248436,16,7,7.499710702843,0,0.25,0.990330302375726,"MED LOW"
10,121,11,227.941702977822,16,7,7.49959881286619,0,0.25,0.999730373608762,"MED LOW"
11,124,2,201.350908139881,16,6,6.49945031774492,0,0.25,0.996003679870152,"MED LOW"
12,141,7,178.37674293037,16,5,5.50069965671207,0,0.25,0.960294692591977,"MED LOW"
12,143,9,175.906073079877,16,5,5.49955098372671,0,0.25,0.949545061466378,"MED LOW"
12,146,12,177.11181479864,16,5,5.50205968820999,0,0.25,0.955097681116981,"MED LOW"
12,147,13,193.466503200616,16,5,5.49916089100465,0,0.25,0.991144789583763,"MED LOW"
13,149,2,163.80820942641,16,4,4.49829750960795,0,0.25,0.846391840911611,"MED LOW"
13,151,4,149.692395114137,16,4,4.50038457659206,0,0.25,0.567918889035423,"MED LOW"
14,164,6,152.749871581466,16,3,3.50084230335375,0,0.25,0.64194088884329,"MED LOW"
14,165,7,161.758315275357,16,3,3.49918015912488,0,0.25,0.817342715698944,"MED LOW"
14,167,9,150.260064920959,16,3,3.50061864240802,0,0.25,0.582003194352135,"MED LOW"
5,60,7,197.531767019581,17,13,13.4992478438856,0,0.25,0.994121807936764,"MED LOW"
9,100,3,224.227512840188,17,9,9.5005295383962,0,0.25,0.999606915608723,"MED LOW"
9,108,11,207.548270840571,17,9,9.5014949685322,0,0.25,0.997865976814876,"MED LOW"
10,118,8,198.335849719599,17,8,8.49953688002548,0,0.25,0.994580141270398,"MED LOW"
10,121,11,237.084039333277,17,8,8.5000143833283,0,0.25,0.999893413466211,"MED LOW"
11,124,2,210.682167205431,17,7,7.4993433153008,0,0.25,0.998446673384854,"MED LOW"
12,141,7,188.46772490982,17,6,6.5002350522554,0,0.25,0.985375387057586,"MED LOW"
12,143,9,185.639462054098,17,6,6.50139994102163,0,0.25,0.980605039228867,"MED LOW"
12,146,12,187.018953979254,17,6,6.49919315018901,0,0.25,0.983097048430133,"MED LOW"
12,147,13,205.872375305561,17,6,6.50072665004774,0,0.25,0.997471134174167,"MED LOW"
13,151,4,159.833243363273,17,5,5.49938138743822,0,0.25,0.786337718653221,"MED LOW"
14,164,6,170.680860698452,17,4,4.49860690249206,0,0.25,0.917160243986556,"MED LOW"
14,165,7,182.251972326175,17,4,4.5001854500308,0,0.25,0.972859605736041,"MED LOW"
15,177,8,136.314257338793,17,3,3.50029543066622,0,0.25,0.252570632023682,"MED LOW"
17,204,9,103.587155444948,17,1,1.49918141644621,0,0.25,0.0120352239135714,"MED LOW"
9,100,3,228.877553217821,18,10,10.5001950720014,0,0.25,0.999754807748175,"MED LOW"
10,118,8,202.762779438093,18,9,9.50010028067912,0,0.25,0.996535538638851,"MED LOW"
10,121,11,244.489325000816,18,9,9.49957814368573,0,0.25,0.999949743632985,"MED LOW"
11,124,2,218.069942103976,18,8,8.49982789413098,0,0.25,0.999265730776536,"MED LOW"
12,146,12,194.679465399281,18,7,7.50000962287254,0,0.25,0.992162830737381,"MED LOW"
12,147,13,215.763214053454,18,7,7.50002886601855,0,0.25,0.999072131911504,"MED LOW"
13,149,2,186.348903466505,18,6,6.50014710604941,0,0.25,0.981928595476294,"MED LOW"
13,151,4,167.391485544017,18,6,6.50096661205142,0,0.25,0.887992357434882,"MED LOW"
14,164,6,184.751708406585,18,5,5.50106872442156,0,0.25,0.978814408557672,"MED LOW"
14,165,7,198.741117342815,18,5,5.50007495327177,0,0.25,0.994797493764885,"MED LOW"
14,167,9,180.949095333263,18,5,5.49996570687033,0,0.25,0.969139526464522,"MED LOW"
15,177,8,149.975569108958,18,4,4.50043265032023,0,0.25,0.574959857838606,"MED LOW"
16,184,2,153.977335566125,18,3,3.49851411034435,0,0.25,0.670053154321872,"MED LOW"
16,193,11,146.009474440788,18,3,3.4999428470896,0,0.25,0.474878566447691,"MED LOW"
17,198,3,131.614692312862,18,2,2.49884404968944,0,0.25,0.173344530605478,"MED LOW"
9,100,3,232.560441104212,19,11,11.4997225033486,0,0.25,0.999831289077238,"MED LOW"
10,118,8,206.174592819464,19,10,10.4990154493768,0,0.25,0.997547366190618,"MED LOW"
10,121,11,250.487600899421,19,10,10.4983296602385,0,0.25,0.999972665737573,"MED LOW"
12,146,12,200.602813617827,19,8,8.50069618523619,0,0.25,0.995689670001799,"MED LOW"
12,147,13,223.648890312992,19,8,8.50038454942502,0,0.25,0.999583140405382,"MED LOW"
13,151,4,173.024843174395,19,7,7.49897377372402,0,0.25,0.93353880140165,"MED LOW"
14,164,6,195.793416922148,19,6,6.49903181725079,0,0.25,0.992995071163934,"MED LOW"
14,165,7,212.008242029522,19,6,6.49929441169651,0,0.25,0.998642078809913,"MED LOW"
14,167,9,191.418858371116,19,6,6.50011973948858,0,0.25,0.989120677178577,"MED LOW"
15,177,8,160.165410922591,19,5,5.50046702263491,0,0.25,0.79194928541764,"MED LOW"
16,184,2,172.248395883943,19,4,4.49958125130085,0,0.25,0.928477209626314,"MED LOW"
16,186,4,147.071199948375,19,4,4.49906489487097,0,0.25,0.50180726715791,"MED LOW"
16,189,7,168.305873672393,19,4,4.49789923621318,0,0.25,0.896899172371959,"MED LOW"
16,193,11,162.125039769487,19,4,4.50117156794208,0,0.25,0.822836030830943,"MED LOW"
17,198,3,155.155717273079,19,3,3.49792638555406,0,0.25,0.695946554395126,"MED LOW"
17,202,7,158.027218870882,19,3,3.50101979133381,0,0.25,0.753918179247209,"MED LOW"
17,204,9,159.289233310668,19,3,3.50280080749555,0,0.25,0.776911014453115,"MED LOW"
12,146,12,205.182932645704,20,9,9.49940541311175,0,0.25,0.997288265908252,"MED LOW"
12,147,13,229.935909205448,20,9,9.5012022009346,0,0.25,0.999779783713224,"MED LOW"
14,164,6,204.458092247443,20,7,7.49890061289161,0,0.25,0.997081773668263,"MED LOW"
14,165,7,222.682937247194,20,7,7.50064140219312,0,0.25,0.999540204410944,"MED LOW"
14,167,9,199.57546162398,20,7,7.50131034954273,0,0.25,0.995218041569178,"MED LOW"
15,177,8,167.765916491437,20,6,6.50064296976397,0,0.25,0.891718182601349,"MED LOW"
16,184,2,186.636584623555,20,5,5.50127300354249,0,0.25,0.982439672752615,"MED LOW"
16,186,4,156.763880702416,20,5,5.49970783783656,0,0.25,0.729354496462452,"MED LOW"
16,189,7,181.902121020893,20,5,5.50102048034397,0,0.25,0.971905789851106,"MED LOW"
16,193,11,174.52152069442,20,5,5.5011423017604,0,0.25,0.942368411189359,"MED LOW"
17,199,4,174.837669112968,20,4,4.49949741756335,0,0.25,0.944087176721416,"MED LOW"
17,200,5,152.13412783234,20,4,4.49925982968912,0,0.25,0.627447073657594,"MED LOW"
17,202,7,177.440767163109,20,4,4.49963210455307,0,0.25,0.956508472441242,"MED LOW"
17,204,9,179.065177940574,20,4,4.50091454674739,0,0.25,0.962875742907588,"MED LOW"
17,207,12,168.227864534802,20,4,4.50156923978612,0,0.25,0.896164453927973,"MED LOW"
18,209,1,161.4998163731,20,3,3.49877889388887,0,0.25,0.813391673249813,"MED LOW"
18,210,2,157.301587762442,20,3,3.49926198070706,0,0.25,0.739995411928645,"MED LOW"
18,212,4,148.279110920535,20,3,3.49924847287329,0,0.25,0.532422235504348,"MED LOW"
18,215,7,153.228415776742,20,3,3.5006681907797,0,0.25,0.653030253663289,"MED LOW"
18,217,9,151.862051462075,20,3,3.49939363887851,0,0.25,0.620967231104024,"MED LOW"
19,221,1,122.826572267383,20,2,2.49914796986831,0,0.25,0.0791184284875776,"MED LOW"
19,233,13,133.050597159137,20,2,2.50086302969684,0,0.25,0.195239760379378,"MED LOW"
12,147,13,234.94836536687,21,10,10.5003414164558,0,0.25,0.999867607442767,"MED LOW"
14,164,6,211.257456529425,21,8,8.50037857890836,0,0.25,0.99853467585629,"MED LOW"
14,165,7,231.271770222011,21,8,8.49987672600282,0,0.25,0.999807709938187,"MED LOW"
14,167,9,205.929968061624,21,8,8.4985632196099,0,0.25,0.997485841570429,"MED LOW"
16,184,2,197.96706964225,21,6,6.50061339493782,0,0.25,0.994374520962394,"MED LOW"
16,186,4,163.937039151492,21,6,6.49964703950524,0,0.25,0.848084762765074,"MED LOW"
16,189,7,192.513885870281,21,6,6.49966637574143,0,0.25,0.990254275628327,"MED LOW"
16,193,11,184.057192337819,21,6,6.4992679820114,0,0.25,0.97730168906337,"MED LOW"
17,198,3,188.452421026047,21,5,5.49886874616173,0,0.25,0.985352978191088,"MED LOW"
17,199,4,189.757137798508,21,5,5.50070881313564,0,0.25,0.987146900845482,"MED LOW"
17,200,5,162.701115620164,21,5,5.50127147611246,0,0.25,0.831202210916681,"MED LOW"
17,202,7,192.903205383472,21,5,5.50045367156086,0,0.25,0.990628455495935,"MED LOW"
18,209,1,181.917795259543,21,4,4.50032681404239,0,0.25,0.971949211457098,"MED LOW"
18,210,2,176.508133605946,21,4,4.50072985073295,0,0.25,0.95239449790941,"MED LOW"
18,215,7,171.291641776553,21,4,4.50027589747272,0,0.25,0.92175165614704,"MED LOW"
18,217,9,169.548876909224,21,4,4.49823661153391,0,0.25,0.907998772482766,"MED LOW"
19,221,1,142.926256636448,21,3,3.4994414855582,0,0.25,0.398045185452022,"MED LOW"
20,236,3,121.863312222145,21,2,2.49941398301392,0,0.25,0.0722796511364767,"MED LOW"
12,147,13,238.944649965334,22,11,11.5003516491608,0,0.25,0.999911759741537,"MED LOW"
16,184,2,206.889658376815,22,7,7.50016172772561,0,0.25,0.997718730843439,"MED LOW"
16,186,4,169.245601709287,22,7,7.49958758368017,0,0.25,0.905393961084209,"MED LOW"
16,189,7,200.796285442184,22,7,7.50131277281928,0,0.25,0.995773160036528,"MED LOW"
16,193,11,191.392260591571,22,7,7.49809699315346,0,0.25,0.989091578393541,"MED LOW"
17,198,3,200.064391876595,22,6,6.50060212347774,0,0.25,0.995448578768633,"MED LOW"
17,199,4,201.573345492434,22,6,6.49979429911374,0,0.25,0.99609257486294,"MED LOW"
17,200,5,170.628029400588,22,6,6.50090361544786,0,0.25,0.916751781918751,"MED LOW"
17,202,7,205.218676626525,22,6,6.50284722914647,0,0.25,0.997298062877147,"MED LOW"
18,210,2,191.775021068939,22,5,5.49899266159086,0,0.25,0.989503011382022,"MED LOW"
18,215,7,185.485753312564,22,5,5.50068061132388,0,0.25,0.980305987040336,"MED LOW"
18,217,9,183.392582278122,22,5,5.50014699647596,0,0.25,0.975755575384389,"MED LOW"
19,226,6,167.206137531974,22,4,4.50047155021345,0,0.25,0.886106889603615,"MED LOW"
20,239,6,153.521246640099,22,3,3.50156910818299,0,0.25,0.65973593594472,"MED LOW"
20,240,7,142.446554145594,22,3,3.50024948043815,0,0.25,0.386435081012198,"MED LOW"
12,147,13,242.130770716841,23,12,12.4993166865525,0,0.25,0.999936146380135,"MED LOW"
16,184,2,213.916064536378,23,8,8.50149026903062,0,0.25,0.998880940730173,"MED LOW"
16,186,4,173.174252753326,23,8,8.50074811861102,0,0.25,0.934473837502153,"MED LOW"
16,193,11,197.034571725937,23,8,8.49989072562419,0,0.25,0.993819332023474,"MED LOW"
17,198,3,209.239252171669,23,7,7.50000712853727,0,0.25,0.998202033364741,"MED LOW"
17,199,4,210.931772874054,23,7,7.49946762632277,0,0.25,0.9984854859183,"MED LOW"
17,200,5,176.57446970543,23,7,7.49905745168928,0,0.25,0.952698940635292,"MED LOW"
18,210,2,203.910355277746,23,6,6.49896752896695,0,0.25,0.996915399432253,"MED LOW"
18,217,9,194.228228217725,23,6,6.50084636760966,0,0.25,0.991798430454818,"MED LOW"
19,225,5,155.283653576405,23,5,5.49894048477151,0,0.25,0.698688217500608,"MED LOW"
20,239,6,171.66560840023,23,4,4.49896239989912,0,0.25,0.924446760161675,"MED LOW"
12,147,13,244.67097154415,24,13,13.5005618800129,0,0.25,0.999950661971224,"MED LOW"
16,184,2,219.449255069735,24,9,9.50020410983337,0,0.25,0.999361624426018,"MED LOW"
16,186,4,176.081687460517,24,9,9.50145176609841,0,0.25,0.950392494160802,"MED LOW"
17,198,3,216.488500599652,24,8,8.50099737484096,0,0.25,0.99913794818101,"MED LOW"
17,199,4,218.343640143625,24,8,8.49901357058727,0,0.25,0.999285840260647,"MED LOW"
17,200,5,181.035241359887,24,8,8.4995704872143,0,0.25,0.969400050332255,"MED LOW"
18,210,2,213.556482343031,24,7,7.49886902516451,0,0.25,0.998839378056073,"MED LOW"
18,217,9,202.709427419798,24,7,7.4989738773011,0,0.25,0.996516786424311,"MED LOW"
19,225,5,162.274628039726,24,6,6.50076744498436,0,0.25,0.825039252753243,"MED LOW"
20,235,2,162.14308468932,24,5,5.49854127645934,0,0.25,0.823102957088112,"MED LOW"
20,239,6,185.935434982844,24,5,5.49997820593963,0,0.25,0.981168391293053,"MED LOW"
21,252,8,155.638736990136,24,4,4.50134001881298,0,0.25,0.706223298578246,"MED LOW"
21,255,11,161.649310780448,24,4,4.50200257479315,0,0.25,0.815684604244509,"MED LOW"
22,262,6,150.653166342136,24,3,3.49852972027364,0,0.25,0.591679975991924,"MED LOW"
16,184,2,223.806560466431,25,10,10.499617144138,0,0.25,0.999589757907039,"MED LOW"
17,199,4,224.213833305526,25,9,9.49886914827578,0,0.25,0.999606369483377,"MED LOW"
17,200,5,184.381526319143,25,9,9.50041710161653,0,0.25,0.978020819270539,"MED LOW"
18,210,2,221.223989950041,25,8,8.500814375062,0,0.25,0.999466830706121,"MED LOW"
18,217,9,209.347770930298,25,8,8.50003457029426,0,0.25,0.998221699890468,"MED LOW"
20,235,2,169.997593741376,25,6,6.50048621925419,0,0.25,0.911734571056544,"MED LOW"
20,239,6,197.158092102991,25,6,6.49935904381632,0,0.25,0.993895891510037,"MED LOW"
21,255,11,173.955582511574,25,5,5.49953159177963,0,0.25,0.939167200045663,"MED LOW"
22,258,2,159.492681142112,25,4,4.50062593649891,0,0.25,0.780470724147695,"MED LOW"
22,262,6,168.009979332718,25,4,4.50038585277759,0,0.25,0.894087766304757,"MED LOW"
22,267,11,152.569933525872,25,4,4.4993476214585,0,0.25,0.637730783971025,"MED LOW"
22,268,12,142.407425113778,25,4,4.5006408014383,0,0.25,0.385493529126312,"MED LOW"
23,269,1,149.189321475608,25,3,3.50128521547473,0,0.25,0.555344055530549,"MED LOW"
23,274,6,162.531752140114,25,3,3.50015332713973,0,0.25,0.828775782276903,"MED LOW"
24,281,2,130.464607630939,25,2,2.50078510794736,0,0.25,0.157244134692501,"MED LOW"
16,184,2,227.237873775744,26,11,11.4987391135101,0,0.25,0.999710406346732,"MED LOW"
17,199,4,228.863021763002,26,10,10.5013522895355,0,0.25,0.99975444581019,"MED LOW"
17,200,5,186.891769814202,26,10,10.4990622208149,0,0.25,0.982881120783542,"MED LOW"
18,210,2,227.318733727067,26,9,9.50056008857468,0,0.25,0.999712773469479,"MED LOW"
18,217,9,214.543687629511,26,9,9.49991789114723,0,0.25,0.998949954582511,"MED LOW"
21,252,8,175.304716136851,26,6,6.50072942245971,0,0.25,0.946538261021314,"MED LOW"
21,255,11,183.41099222672,26,6,6.49974713606265,0,0.25,0.975799755199411,"MED LOW"
22,261,5,166.001571315578,26,5,5.49872403043193,0,0.25,0.873169122022109,"MED LOW"
22,262,6,181.547623060119,26,5,5.50149628991316,0,0.25,0.970906131496327,"MED LOW"
22,267,11,163.213853540096,26,5,5.49920965224111,0,0.25,0.838381024173476,"MED LOW"
22,268,12,151.326691083171,26,5,5.4990816288726,0,0.25,0.608092040315059,"MED LOW"
23,271,3,148.448012386954,26,4,4.50055017516889,0,0.25,0.536688973489188,"MED LOW"
23,273,5,161.289387668806,26,4,4.49998917187271,0,0.25,0.810126987809906,"MED LOW"
23,274,6,183.2525893839,26,4,4.49807042529366,0,0.25,0.975417040896346,"MED LOW"
23,277,9,168.216525176446,26,4,4.49975726297715,0,0.25,0.896057271179672,"MED LOW"
24,283,4,148.692397835457,26,3,3.50054868920659,0,0.25,0.542852904431731,"MED LOW"
24,284,5,148.228020355593,26,3,3.50004356518435,0,0.25,0.531130637472917,"MED LOW"
24,285,6,158.100184033329,26,3,3.49881434627795,0,0.25,0.755290026288564,"MED LOW"
24,291,12,159.708075593341,26,3,3.50030006258981,0,0.25,0.784194771630181,"MED LOW"
16,184,2,229.939982063953,27,12,12.5005593406144,0,0.25,0.99977987473974,"MED LOW"
17,199,4,232.545175436141,27,11,11.5010742787445,0,0.25,0.999831027423586,"MED LOW"
22,262,6,192.106462277289,27,6,6.4996276068962,0,0.25,0.989846851737227,"MED LOW"
22,267,11,171.207579315347,27,6,6.49902183607305,0,0.25,0.921133840025399,"MED LOW"
23,273,5,173.527613708666,27,5,5.49973937160522,0,0.25,0.936636763350047,"MED LOW"
23,274,6,199.959012213399,27,5,5.50060340368747,0,0.25,0.995399844843297,"MED LOW"
23,277,9,181.795064223131,27,5,5.49924187357361,0,0.25,0.971607465332013,"MED LOW"
24,280,1,158.311093731999,27,4,4.49885374713701,0,0.25,0.759226272737522,"MED LOW"
24,281,2,171.691162203497,27,4,4.49993851020707,0,0.25,0.924627776118517,"MED LOW"
24,282,3,157.135259092088,27,4,4.50205878765115,0,0.25,0.736733027649338,"MED LOW"
24,284,5,164.931346967975,27,4,4.4982882338627,0,0.25,0.860639583043697,"MED LOW"
24,285,6,177.534602581247,27,4,4.49843714602765,0,0.25,0.956903090341479,"MED LOW"
24,291,12,179.604959760985,27,4,4.49954104996751,0,0.25,0.964785882250894,"MED LOW"
25,303,12,146.146286034944,27,3,3.49962064892631,0,0.25,0.478343655241699,"MED LOW"
26,309,6,126.87765309117,27,2,2.49967686340702,0,0.25,0.114754520246627,"MED LOW"
17,199,4,235.461438305805,28,12,12.5011602109878,0,0.25,0.999874326832018,"MED LOW"
22,262,6,200.34194903252,28,7,7.49944938320907,0,0.25,0.995574492390799,"MED LOW"
22,267,11,177.21097389972,28,7,7.50250969938478,0,0.25,0.95552747944216,"MED LOW"
23,273,5,182.922542861057,28,6,6.50056372611412,0,0.25,0.974600575924136,"MED LOW"
23,274,6,213.428765412763,28,6,6.49802551280052,0,0.25,0.998824247608846,"MED LOW"
24,282,3,168.600898591552,28,5,5.49988051597745,0,0.25,0.899636356998943,"MED LOW"
24,284,5,177.866196507543,28,5,5.50033388377404,0,0.25,0.958270362642283,"MED LOW"
24,285,6,193.016778522556,28,5,5.49979478152651,0,0.25,0.990734905879734,"MED LOW"
24,291,12,195.525531577519,28,5,5.5008212059643,0,0.25,0.992803319100519,"MED LOW"
25,293,2,166.646923522173,28,4,4.49909263407659,0,0.25,0.88024991097877,"MED LOW"
25,299,8,170.709037643378,28,4,4.50026050185379,0,0.25,0.917377346176215,"MED LOW"
25,303,12,162.297817813748,28,4,4.49901453931235,0,0.25,0.825378865412506,"MED LOW"
26,309,6,148.532962171191,28,3,3.50081913239676,0,0.25,0.538832959997477,"MED LOW"
26,312,9,143.064922779698,28,3,3.49898384435155,0,0.25,0.401423405453025,"MED LOW"
26,314,11,142.667534756002,28,3,3.49967823415035,0,0.25,0.391768252318389,"MED LOW"
27,324,9,129.791795970237,28,2,2.49989182142187,0,0.25,0.148401986139697,"MED LOW"
27,327,12,129.794998502384,28,2,2.50051383038555,0,0.25,0.148443084269711,"MED LOW"
17,199,4,237.771116249728,29,13,13.5016501083593,0,0.25,0.99990059486149,"MED LOW"
22,262,6,206.765310606706,29,8,8.50008070851972,0,0.25,0.99768981345507,"MED LOW"
22,267,11,181.719603235903,29,8,8.50045556900157,0,0.25,0.971395340256345,"MED LOW"
23,273,5,190.134755929436,29,7,7.50070320723149,0,0.25,0.987624384087612,"MED LOW"
23,274,6,224.288915015311,29,7,7.50057161834917,0,0.25,0.999609357640826,"MED LOW"
24,282,3,177.312943525931,29,6,6.50040285350055,0,0.25,0.955965367456589,"MED LOW"
24,285,6,205.35045196314,29,6,6.49971438918936,0,0.25,0.997333876844215,"MED LOW"
24,291,12,208.264441088666,29,6,6.5001742980249,0,0.25,0.998015346724016,"MED LOW"
25,293,2,179.916115794615,29,5,5.50102324036464,0,0.25,0.965843586515194,"MED LOW"
25,299,8,184.785560971292,29,5,5.49916851736984,0,0.25,0.978885566356489,"MED LOW"
25,303,12,174.727137385607,29,5,5.49909512392832,0,0.25,0.943491815831602,"MED LOW"
26,309,6,165.317829808533,29,4,4.50046759538131,0,0.25,0.865279793392882,"MED LOW"
26,313,10,150.873017684132,29,4,4.49886283368294,0,0.25,0.597061624975652,"MED LOW"
26,315,12,173.822296477736,29,4,4.49971156616181,0,0.25,0.938389428496181,"MED LOW"
27,324,9,152.598715606927,29,3,3.50004609785913,0,0.25,0.638405654543021,"MED LOW"
27,326,11,154.856584667958,29,3,3.49968534452012,0,0.25,0.689481787752282,"MED LOW"
27,327,12,152.603198601819,29,3,3.50002553043513,0,0.25,0.638510720928949,"MED LOW"
28,335,8,134.276765239007,29,2,2.50052372913931,0,0.25,0.215544867442839,"MED LOW"
17,199,4,239.600379400226,30,14,14.5017741525161,0,0.25,0.999917442813876,"MED LOW"
22,262,6,211.775284532841,30,9,9.50001827329301,0,0.25,0.99860962259939,"MED LOW"
22,267,11,185.105643950933,30,9,9.50158183332457,0,0.25,0.979546920246085,"MED LOW"
23,273,5,195.671361528048,30,8,8.49998568478254,0,0.25,0.992908341389473,"MED LOW"
24,282,3,183.932698746927,30,7,7.49634919644958,0,0.25,0.977019593647138,"MED LOW"
24,285,6,215.175911970546,30,7,7.50016264637473,0,0.25,0.999015176198091,"MED LOW"
24,291,12,218.457530721581,30,7,7.49968962075875,0,0.25,0.999294045144543,"MED LOW"
25,293,2,190.232981043017,30,6,6.50091740898853,0,0.25,0.987745688123056,"MED LOW"
25,296,5,158.132200079,30,6,6.50050127952659,0,0.25,0.755890338301501,"MED LOW"
25,299,8,195.832425202911,30,6,6.50087570422997,0,0.25,0.993022566843995,"MED LOW"
25,303,12,184.292049688361,30,6,6.49916504958589,0,0.25,0.977824681648462,"MED LOW"
26,309,6,178.327654815512,30,5,5.49968022980491,0,0.25,0.960104220840709,"MED LOW"
26,313,10,161.218873101437,30,5,5.499365936404,0,0.25,0.809023256789661,"MED LOW"
26,314,11,169.525033923588,30,5,5.50066455248876,0,0.25,0.907796343341727,"MED LOW"
26,315,12,188.532375854818,30,5,5.49825273023996,0,0.25,0.985469680713712,"MED LOW"
27,317,2,172.49594236319,30,4,4.49855243150846,0,0.25,0.930128419718966,"MED LOW"
27,326,11,173.3730212804,30,4,4.49956574491937,0,0.25,0.935698814742319,"MED LOW"
27,327,12,170.493745652484,30,4,4.50027330761676,0,0.25,0.915705321801565,"MED LOW"
28,332,5,133.669270162853,30,3,3.50116770290269,0,0.25,0.205298638042047,"MED LOW"
29,340,3,118.797717436485,30,2,2.50050281460661,0,0.25,0.0539904834376035,"MED LOW"
29,345,8,135.35121271858,30,2,2.49881513168596,0,0.25,0.234561855170742,"MED LOW"
22,262,6,215.68287068546,31,10,10.4997432599826,0,0.25,0.999064539024279,"MED LOW"
22,267,11,187.648605651473,31,10,10.4999551336849,0,0.25,0.984127222083932,"MED LOW"
24,282,3,188.962649753377,31,8,8.50161853203765,0,0.25,0.986082152235293,"MED LOW"
24,291,12,226.613572349299,31,8,8.50057348684952,0,0.25,0.999691461509233,"MED LOW"
25,293,2,198.25439684349,31,7,7.50021228963331,0,0.25,0.994535378572312,"MED LOW"
25,296,5,162.916915270492,31,7,7.49948279770419,0,0.25,0.834254117665625,"MED LOW"
25,299,8,204.501697189256,31,7,7.50118010879723,0,0.25,0.997094627558756,"MED LOW"
25,303,12,191.6526736413,31,7,7.49977894005019,0,0.25,0.989373196490622,"MED LOW"
26,309,6,188.411472595263,31,6,6.49917070187701,0,0.25,0.985292852565666,"MED LOW"
26,313,10,168.954175158692,31,6,6.50014023578893,0,0.25,0.902828892112221,"MED LOW"
26,315,12,200.15681498869,31,6,6.49988368015927,0,0.25,0.995490897571153,"MED LOW"
27,317,2,186.934542557822,31,5,5.50046417420506,0,0.25,0.9829540392487,"MED LOW"
27,326,11,187.990883453462,31,5,5.49983908812535,0,0.25,0.98466104656292,"MED LOW"
27,327,12,184.526929874677,31,5,5.50059453089725,0,0.25,0.978335940206459,"MED LOW"
28,334,7,168.912263830291,31,4,4.50015537890335,0,0.25,0.902454933937432,"MED LOW"
28,337,10,156.28207357216,31,4,4.49987548635049,0,0.25,0.719590448060637,"MED LOW"
29,339,2,155.823644041427,31,3,3.49920393416236,0,0.25,0.710103252157259,"MED LOW"
22,262,6,218.730636954358,32,11,11.5005117879851,0,0.25,0.999313338483602,"MED LOW"
22,267,11,189.558403776968,32,11,11.5020751011729,0,0.25,0.986888352588778,"MED LOW"
24,282,3,192.784604838216,32,9,9.49948967266354,0,0.25,0.990515999820138,"MED LOW"
25,293,2,204.491088890433,32,8,8.50019819727161,0,0.25,0.997091505643992,"MED LOW"
25,296,5,166.414250937895,32,8,8.49985184952986,0,0.25,0.877737271949444,"MED LOW"
25,303,12,197.317000010607,32,8,8.49966484387905,0,0.25,0.993992999917468,"MED LOW"
26,313,10,174.73764066285,32,7,7.49755792148453,0,0.25,0.943548645286042,"MED LOW"
27,317,2,198.310995359143,32,6,6.49952359848465,0,0.25,0.994566521272302,"MED LOW"
27,326,11,199.531003131083,32,6,6.50033825339659,0,0.25,0.995196511049894,"MED LOW"
27,327,12,195.534433382331,32,6,6.50056240082676,0,0.25,0.992809773928468,"MED LOW"
28,334,7,182.628974908948,32,5,5.49975498306425,0,0.25,0.973852202024467,"MED LOW"
28,337,10,167.591962053233,32,5,5.50196975660585,0,0.25,0.89000095845752,"MED LOW"
29,339,2,174.61167199851,32,4,4.4999283761216,0,0.25,0.942863519146753,"MED LOW"
29,341,4,173.333349203052,32,4,4.50075867016228,0,0.25,0.935456038141653,"MED LOW"
29,347,10,153.516419221049,32,4,4.50165565531832,0,0.25,0.659625898681361,"MED LOW"
29,348,11,170.660475039912,32,4,4.50022198519709,0,0.25,0.917002849928682,"MED LOW"
29,351,14,168.731174215362,32,4,4.4990420188031,0,0.25,0.900824353536436,"MED LOW"
30,361,10,147.142582883115,32,3,3.49871800005505,0,0.25,0.503619131610234,"MED LOW"
30,362,11,152.309422463939,32,3,3.49928920861921,0,0.25,0.631597978859904,"MED LOW"
30,365,14,154.839431532633,32,3,3.499742985991,0,0.25,0.689108794322305,"MED LOW"
25,293,2,209.340149038406,33,9,9.50021341429935,0,0.25,0.998220325636932,"MED LOW"
25,296,5,168.970590506912,33,9,9.49988369372061,0,0.25,0.902975010771829,"MED LOW"
26,313,10,179.061773449158,33,8,8.50137270892869,0,0.25,0.962863384733467,"MED LOW"
27,317,2,207.274722908634,33,7,7.498958553973,0,0.25,0.997806007616383,"MED LOW"
27,326,11,208.641388808355,33,7,7.50047675564525,0,0.25,0.998089726637973,"MED LOW"
27,327,12,204.168620146542,33,7,7.50217680301851,0,0.25,0.996994993401012,"MED LOW"
28,337,10,176.16720756911,33,6,6.49914816868037,0,0.25,0.950800273629951,"MED LOW"
29,339,2,189.48441876784,33,5,5.49820343233927,0,0.25,0.986790794597977,"MED LOW"
29,341,4,187.943081126256,33,5,5.4999163188946,0,0.25,0.98458756844481,"MED LOW"
29,347,10,164.328329876377,33,5,5.50123865305481,0,0.25,0.853132813192677,"MED LOW"
29,351,14,182.411859263411,33,5,5.49912776642619,0,0.25,0.97328496253105,"MED LOW"
30,352,1,167.187048923298,33,4,4.49901629798876,0,0.25,0.885911146090598,"MED LOW"
30,357,6,167.728625756272,33,4,4.49980103538305,0,0.25,0.891352054774301,"MED LOW"
30,359,8,158.975463355009,33,4,4.50084336256631,0,0.25,0.771340740983795,"MED LOW"
30,360,9,167.811886571012,33,4,4.49946584863414,0,0.25,0.892168033798792,"MED LOW"
30,362,11,170.119091490443,33,4,4.50015683149181,0,0.25,0.91272227346444,"MED LOW"
30,365,14,173.35106696569,33,4,4.49883639577232,0,0.25,0.93556456875372,"MED LOW"
31,366,1,145.508200097118,33,3,3.50061314642463,0,0.25,0.462205730433174,"MED LOW"
31,377,12,139.318827223942,33,3,3.50000446066426,0,0.25,0.314344080664337,"MED LOW"
32,379,2,133.054095010153,33,2,2.49984107600939,0,0.25,0.195295567247269,"MED LOW"
32,389,12,130.677723661561,33,2,2.50000576472901,0,0.25,0.160132903887029,"MED LOW"
25,293,2,213.110318246967,34,10,10.501140387788,0,0.25,0.99878565803435,"MED LOW"
25,296,5,170.839119185195,34,10,10.4994255955717,0,0.25,0.918372920375026,"MED LOW"
26,313,10,182.294804637844,34,9,9.49934871973271,0,0.25,0.972974196482236,"MED LOW"
27,326,11,215.833612936636,34,8,8.50076885648385,0,0.25,0.999078734361039,"MED LOW"
27,327,12,210.941198599727,34,8,8.50026486427154,0,0.25,0.998486932447686,"MED LOW"
28,337,10,182.669025494249,34,7,7.50193193387367,0,0.25,0.973955550713149,"MED LOW"
29,341,4,199.475770905713,34,6,6.49954468542195,0,0.25,0.9951696285711,"MED LOW"
29,351,14,193.099944616918,34,6,6.49897662034912,0,0.25,0.990812095639654,"MED LOW"
30,352,1,180.562320875907,34,5,5.50002251836358,0,0.25,0.967943143870583,"MED LOW"
30,359,8,170.780436574143,34,5,5.50047178517769,0,0.25,0.917925155557607,"MED LOW"
30,360,9,181.310362126069,34,5,5.49856046397128,0,0.25,0.970217886519292,"MED LOW"
30,363,12,166.872651346625,34,5,5.49985413281117,0,0.25,0.882644793648923,"MED LOW"
30,365,14,187.964429646317,34,5,5.49824649862256,0,0.25,0.984620426491363,"MED LOW"
31,368,3,170.452216940603,34,4,4.50128894626482,0,0.25,0.915379282328963,"MED LOW"
31,374,9,165.278623037445,34,4,4.50014076920758,0,0.25,0.864815078780981,"MED LOW"
32,378,1,141.944078610478,34,3,3.49947337626092,0,0.25,0.374410943033688,"MED LOW"
32,379,2,157.182208592995,34,3,3.50050965970127,0,0.25,0.737656558527534,"MED LOW"
32,382,5,154.509587818006,34,3,3.49853437692244,0,0.25,0.681888957459703,"MED LOW"
32,384,7,130.911004505813,34,3,3.49927022328719,0,0.25,0.163344082853977,"MED LOW"
32,385,8,144.495208903471,34,3,3.50159071741823,0,0.25,0.436761127174729,"MED LOW"
32,386,9,150.639573714126,34,3,3.5006421941197,0,0.25,0.591346510862174,"MED LOW"
32,387,10,152.283087938113,34,3,3.49886191703848,0,0.25,0.630975613544354,"MED LOW"
32,389,12,153.840103433628,34,3,3.50170764933252,0,0.25,0.666965442072397,"MED LOW"
32,391,14,151.378332162252,34,3,3.49915875773952,0,0.25,0.609340878615898,"MED LOW"
33,392,1,127.77955300044,34,2,2.50001177802331,0,0.25,0.124390140899182,"MED LOW"
33,396,5,131.724895652835,34,2,2.50123053397339,0,0.25,0.174953766524891,"MED LOW"
25,293,2,216.041644200332,35,11,11.5017514554608,0,0.25,0.999097971816491,"MED LOW"
27,327,12,216.253548234629,35,9,9.49932443386997,0,0.25,0.999117154825724,"MED LOW"
28,337,10,187.598754474415,35,8,8.49977002417483,0,0.25,0.984047963056235,"MED LOW"
29,351,14,201.45005048681,35,7,7.50093138034142,0,0.25,0.996043547310028,"MED LOW"
30,352,1,190.974710935146,35,6,6.49992904777871,0,0.25,0.988624548762607,"MED LOW"
30,360,9,191.833848403731,35,6,6.50066615750704,0,0.25,0.989564869454055,"MED LOW"
30,365,14,199.500437343089,35,6,6.49937958910045,0,0.25,0.995181652604026,"MED LOW"
31,368,3,184.47704833964,35,5,5.49951613669654,0,0.25,0.978228337131738,"MED LOW"
31,374,9,178.280833003191,35,5,5.50084727955047,0,0.25,0.959921726977478,"MED LOW"
31,377,12,164.568973452919,35,5,5.50186279380284,0,0.25,0.856167876529319,"MED LOW"
32,378,1,157.007738397599,35,4,4.49932844218835,0,0.25,0.734214081626726,"MED LOW"
32,380,3,171.255430418255,35,4,4.50010379018641,0,0.25,0.921486066026111,"MED LOW"
32,382,5,172.929009297942,35,4,4.50170700059698,0,0.25,0.932932544581785,"MED LOW"
32,383,6,167.933356946753,35,4,4.50117165599916,0,0.25,0.893348811548534,"MED LOW"
32,385,8,160.215147957938,35,4,4.49994922070297,0,0.25,0.792780111838988,"MED LOW"
32,386,9,167.992692152297,35,4,4.50099349645098,0,0.25,0.893921442120694,"MED LOW"
32,387,10,170.085515068627,35,4,4.4999177824674,0,0.25,0.91245032155535,"MED LOW"
32,390,13,171.692752371309,35,4,4.50179001956624,0,0.25,0.924639027245073,"MED LOW"
32,391,14,168.932768166533,35,4,4.49954023113446,0,0.25,0.902638046115025,"MED LOW"
33,401,10,145.432581126387,35,3,3.49802004677802,0,0.25,0.460297816929348,"MED LOW"
34,405,3,139.129109763094,35,2,2.50120896719707,0,0.25,0.310207327091857,"MED LOW"
26,313,10,186.519355957742,36,11,11.4991936865785,0,0.25,0.982233147703631,"MED LOW"
28,337,10,191.336513374726,36,9,9.49911999733601,0,0.25,0.989030339273022,"MED LOW"
29,351,14,207.973601313014,36,8,8.49965146851621,0,0.25,0.997955988286912,"MED LOW"
30,352,1,199.080554848442,36,7,7.50045563799979,0,0.25,0.994972851925382,"MED LOW"
30,360,9,200.03801656957,36,7,7.50038531721918,0,0.25,0.995436429663661,"MED LOW"
30,365,14,208.60713485607,36,7,7.5010131278367,0,0.25,0.99808308411759,"MED LOW"
31,368,3,195.476968006132,36,6,6.50040309869195,0,0.25,0.992768003520766,"MED LOW"
31,374,9,188.357819580883,36,6,6.50018063308775,0,0.25,0.985213704368261,"MED LOW"
32,378,1,168.450035104026,36,5,5.49836109316245,0,0.25,0.898244834432414,"MED LOW"
32,379,2,191.589639222369,36,5,5.49892336144611,0,0.25,0.989305696149842,"MED LOW"
32,380,3,185.442220250205,36,5,5.5013162636829,0,0.25,0.980220472116143,"MED LOW"
32,383,6,181.455844194191,36,5,5.49996874574157,0,0.25,0.970641748968968,"MED LOW"
32,385,8,172.251329233278,36,5,5.49947821775295,0,0.25,0.928496985178688,"MED LOW"
32,386,9,181.526915662078,36,5,5.49967978699412,0,0.25,0.97084668327833,"MED LOW"
32,387,10,184.036689602477,36,5,5.50050118258358,0,0.25,0.977255464786395,"MED LOW"
32,390,13,185.968081844659,36,5,5.49955682281652,0,0.25,0.981229539602545,"MED LOW"
32,391,14,182.653561135979,36,5,5.50120869892609,0,0.25,0.973915692851054,"MED LOW"
33,393,2,176.537655916215,36,4,4.50152822921749,0,0.25,0.952530216731696,"MED LOW"
33,401,10,161.396891433225,36,4,4.50013053307135,0,0.25,0.811800283299944,"MED LOW"
33,402,11,164.21841321214,36,4,4.5007019063937,0,0.25,0.851728965694473,"MED LOW"
34,405,3,165.806508709285,36,3,3.50037626143267,0,0.25,0.870959544207919,"MED LOW"
34,409,7,160.358415758129,36,3,3.49925086698743,0,0.25,0.795159602647835,"MED LOW"
34,414,12,141.867169346667,36,3,3.50121262743026,0,0.25,0.372583714013533,"MED LOW"
35,419,4,121.631204293445,36,2,2.50146573331085,0,0.25,0.0707152358282337,"MED LOW"
35,426,11,131.125206183079,36,2,2.50141618921697,0,0.25,0.166338083998086,"MED LOW"
30,360,9,206.434031494418,37,8,8.49886908542407,0,0.25,0.997610976249208,"MED LOW"
30,365,14,215.79609847094,37,8,8.50002095377563,0,0.25,0.999075221881936,"MED LOW"
31,368,3,204.104396687917,37,7,7.50094142638372,0,0.25,0.996975393907218,"MED LOW"
31,374,9,196.167696421398,37,7,7.50034539896713,0,0.25,0.993254512449805,"MED LOW"
31,377,12,178.89593489589,37,7,7.49970660698454,0,0.25,0.96225658591924,"MED LOW"
32,378,1,177.141558662587,37,6,6.49832220698394,0,0.25,0.955227017794912,"MED LOW"
32,379,2,203.695491068791,37,6,6.49902607437286,0,0.25,0.996847581872491,"MED LOW"
32,380,3,196.589315760484,37,6,6.50178214150686,0,0.25,0.993535352648567,"MED LOW"
32,386,9,192.082667163767,37,6,6.49857428369978,0,0.25,0.989822542286967,"MED LOW"
32,390,13,197.195748951371,37,6,6.50008650297827,0,0.25,0.993919043685863,"MED LOW"
32,391,14,193.377925032632,37,6,6.50019626257617,0,0.25,0.991065505339891,"MED LOW"
33,393,2,191.810716124844,37,5,5.49886029528902,0,0.25,0.989540588564839,"MED LOW"
33,401,10,173.655423304584,37,5,5.49920084770514,0,0.25,0.937402565677069,"MED LOW"
34,404,2,157.950994271006,37,4,4.50022460681074,0,0.25,0.75247952782944,"MED LOW"
34,405,3,187.501619432377,37,4,4.49964590183944,0,0.25,0.983892406761052,"MED LOW"
34,408,6,148.942848777032,37,4,4.50059034033232,0,0.25,0.54915621913312,"MED LOW"
34,412,10,164.218090937867,37,4,4.49961592731215,0,0.25,0.851724833384135,"MED LOW"
34,414,12,156.911244651875,37,4,4.50012039718974,0,0.25,0.732297829627072,"MED LOW"
34,415,13,162.701819046687,37,4,4.49997432109099,0,0.25,0.831212231349265,"MED LOW"
35,416,1,145.065465091875,37,3,3.4996914463304,0,0.25,0.451052781555746,"MED LOW"
35,423,8,164.603234394893,37,3,3.49951804633814,0,0.25,0.856595715658495,"MED LOW"
36,427,1,125.700536227985,37,2,2.49947840049693,0,0.25,0.103161024482147,"MED LOW"
36,432,6,136.590949562067,37,2,2.5005654434331,0,0.25,0.25791080249226,"MED LOW"
30,360,9,211.420400141665,38,9,9.49975005583385,0,0.25,0.998558684169939,"MED LOW"
30,365,14,221.471174181124,38,9,9.4995508758054,0,0.25,0.99948003837542,"MED LOW"
31,368,3,210.871039346776,38,8,8.49982692530907,0,0.25,0.998476132210952,"MED LOW"
31,374,9,202.220515465439,38,8,8.50077419940561,0,0.25,0.996340163600892,"MED LOW"
32,378,1,183.743605760928,38,7,7.50014932251868,0,0.25,0.976584559616612,"MED LOW"
32,379,2,213.314995151666,38,7,7.49893991136483,0,0.25,0.998810603565457,"MED LOW"
32,380,3,205.348008867746,38,7,7.50065762789454,0,0.25,0.997333217185444,"MED LOW"
32,386,9,200.315417988731,38,7,7.50025931697828,0,0.25,0.995562608035168,"MED LOW"
32,390,13,206.026403886129,38,7,7.50111847886079,0,0.25,0.997510277482122,"MED LOW"
32,391,14,201.760238011476,38,7,7.49981653532593,0,0.25,0.996165740094803,"MED LOW"
33,393,2,203.951730939915,38,6,6.50058175637294,0,0.25,0.996928290843497,"MED LOW"
34,404,2,169.566482910225,38,5,5.50072191986884,0,0.25,0.908147992615465,"MED LOW"
34,405,3,205.144937292433,38,5,5.50114671303342,0,0.25,0.997277813020747,"MED LOW"
34,409,7,196.54350258294,38,5,5.50043511920673,0,0.25,0.993505407911347,"MED LOW"
34,412,10,177.015100572865,38,5,5.50066270951552,0,0.25,0.954674668677935,"MED LOW"
35,416,1,160.93386262809,38,4,4.499669416557,0,0.25,0.804512209117632,"MED LOW"
35,421,6,161.033486170475,38,4,4.50166985000329,0,0.25,0.80609812260662,"MED LOW"
35,423,8,185.938036386658,38,4,4.49986289315032,0,0.25,0.981173270936734,"MED LOW"
35,424,9,169.49423580047,38,4,4.50056100953204,0,0.25,0.907534272207255,"MED LOW"
36,427,1,146.898378010108,38,3,3.49943898388207,0,0.25,0.49742054229621,"MED LOW"
36,432,6,162.189264550143,38,3,3.4995921243262,0,0.25,0.823784626308386,"MED LOW"
36,434,8,146.685420876524,38,3,3.5005687297692,0,0.25,0.492015687097013,"MED LOW"
36,438,12,153.532479348292,38,3,3.50001786246121,0,0.25,0.659991910092009,"MED LOW"
36,439,13,157.599230115218,38,3,3.49975129097321,0,0.25,0.745767567891524,"MED LOW"
30,360,9,215.307800746321,39,10,10.4990483215923,0,0.25,0.999028263319734,"MED LOW"
30,365,14,225.95116407142,39,10,10.499873754801,0,0.25,0.999670003837183,"MED LOW"
31,368,3,216.178235101329,39,9,9.50042862688281,0,0.25,0.999110384106264,"MED LOW"
32,378,1,188.758494761117,39,8,8.49996861833988,0,0.25,0.985794788446037,"MED LOW"
32,379,2,220.95880741489,39,8,8.49882948304813,0,0.25,0.999452288295655,"MED LOW"
32,380,3,212.23004418147,39,8,8.49976342546831,0,0.25,0.998672277414476,"MED LOW"
32,386,9,206.736390113274,39,8,8.49892274807461,0,0.25,0.997683035671814,"MED LOW"
32,390,13,212.971788518183,39,8,8.50068101079481,0,0.25,0.998768478507982,"MED LOW"
32,391,14,208.311971200727,39,8,8.5018822842905,0,0.25,0.998024882409442,"MED LOW"
33,393,2,213.602988692207,39,7,7.50020810641653,0,0.25,0.998844839162899,"MED LOW"
34,405,3,219.49317773629,39,6,6.49830189331431,0,0.25,0.999364463164586,"MED LOW"
34,412,10,186.908249282675,39,6,6.5022617891363,0,0.25,0.98290925101015,"MED LOW"
35,416,1,173.105047193111,39,5,5.49999240847495,0,0.25,0.934042265250683,"MED LOW"
35,423,8,203.233917471145,39,5,5.49920766886099,0,0.25,0.996696827927068,"MED LOW"
35,424,9,183.32701999015,39,5,5.49961334829762,0,0.25,0.975597600679943,"MED LOW"
36,427,1,163.248283664308,39,4,4.49922989921723,0,0.25,0.838854135204206,"MED LOW"
36,437,11,170.123660645143,39,4,4.49987710893,0,0.25,0.91275922217977,"MED LOW"
36,439,13,176.890564084544,39,4,4.50085267282472,0,0.25,0.954124373430849,"MED LOW"
30,360,9,218.338439780486,40,11,11.4984188378256,1.34134677659923,0.25,0.999285463350504,"MED LOW"
30,365,14,229.487735289517,40,11,11.49849315068,1.34134677659923,0.25,0.999769533827038,"MED LOW"
31,368,3,220.340761216149,40,10,10.499226794451,1.34134677659923,0.25,0.999416837842044,"MED LOW"
32,378,1,192.567784714613,40,9,9.50054586189613,1.34134677659923,0.25,0.990306947672424,"MED LOW"
32,379,2,227.032703263579,40,9,9.50023259482125,1.34134677659923,0.25,0.999704312220405,"MED LOW"
32,380,3,217.637518730394,40,9,9.49778395628487,1.34134677659923,0.25,0.999232799811861,"MED LOW"
32,390,13,218.434392146516,40,9,9.4998127642684,1.34134677659923,0.25,0.999292385859778,"MED LOW"
32,391,14,213.432897595562,40,9,9.49999138541218,1.34134677659923,0.25,0.998824740213087,"MED LOW"
33,393,2,221.275063689231,40,8,8.49966946113693,1.34134677659923,0.25,0.999469586910177,"MED LOW"
34,405,3,231.16173154616,40,7,7.50031852297397,1.34134677659923,0.25,0.9998055499537,"MED LOW"
34,412,10,194.556472905696,40,7,7.50021501962715,1.34134677659923,0.25,0.992065130172541,"MED LOW"
35,416,1,182.440440598635,40,6,6.50199545753069,1.34134677659923,0.25,0.973360313094235,"MED LOW"
35,423,8,217.25549135799,40,6,6.50022970532666,1.34134677659923,0.25,0.999202481067554,"MED LOW"
35,424,9,194.1527717612,40,6,6.49820257313008,1.34134677659923,0.25,0.991735875941499,"MED LOW"
36,430,4,171.495746712098,40,5,5.50079098378908,1.34134677659923,0.25,0.923233329493741,"MED LOW"
36,434,8,175.538232752795,40,5,5.49954433446704,1.34134677659923,0.25,0.947725422184818,"MED LOW"
36,437,11,184.082488905827,40,5,5.4998192233172,1.34134677659923,0.25,0.977358594798245,"MED LOW"
36,439,13,192.237500948103,40,5,5.50017344995795,1.34134677659923,0.25,0.98997969672918,"MED LOW"
38,457,8,144.022891840906,40,3,3.49950068494249,1.34134677659923,0.25,0.425001954794578,"MED LOW"
38,460,11,143.759139665147,40,3,3.49838532090979,1.34134677659923,0.25,0.418471241121387,"MED LOW"
32,380,3,221.886375306143,41,10,10.5002347265911,1.55781971528786,0.25,0.99950149176119,"MED LOW"
34,412,10,200.469183439375,41,8,8.49866440159185,1.55781971528786,0.25,0.995631047061125,"MED LOW"
35,416,1,189.600760086875,41,7,7.50087453979083,1.55781971528786,0.25,0.986943884022303,"MED LOW"
36,437,11,195.022507157589,41,6,6.50018189175979,1.55781971528786,0.25,0.992429068098442,"MED LOW"
39,461,1,143.519032652759,41,3,3.50169663136899,1.55781971528786,0.25,0.412550686075107,"MED LOW"
39,465,5,143.371996243984,41,3,3.50027762074302,1.55781971528786,0.25,0.408937398786628,"MED LOW"
39,469,9,145.4991760086,41,3,3.50171509907797,1.55781971528786,0.25,0.461977987801945,"MED LOW"
40,473,2,121.149322630931,41,2,2.50210637947947,1.55781971528786,0.25,0.0675668008770569,"MED LOW"
34,412,10,205.040198563702,42,9,9.49953028504885,1.51490508351217,0.25,0.997248789867154,"MED LOW"
40,475,4,143.022441713622,42,3,3.49806317688123,1.51490508351217,0.25,0.400387459490805,"MED LOW"
40,474,3,142.737272482051,43,4,4.50045939744199,1.4459173719472,0.25,0.393456755176874,"MED LOW"
40,475,4,158.361937499373,43,4,4.49918414014192,1.4459173719472,0.25,0.760168684850914,"MED LOW"
40,477,6,153.20062538541,43,4,4.4995792202099,1.4459173719472,0.25,0.652390649309707,"MED LOW"
41,486,5,146.473285597353,43,3,3.49807350143165,1.4459173719472,0.25,0.486633543937493,"MED LOW"
41,492,11,152.419234099815,43,3,3.50009966705345,1.4459173719472,0.25,0.634188424103074,"MED LOW"
42,496,4,138.881857768725,43,2,2.50007010253966,1.4459173719472,0.25,0.304861339085186,"MED LOW"
41,488,7,160.934131072295,44,4,4.50031601500475,1.38953459354097,0.25,0.804516495661447,"MED LOW"
41,489,8,165.159782718551,44,4,4.50082123149374,1.38953459354097,0.25,0.863398207076362,"MED LOW"
42,493,1,142.015796986677,44,3,3.4998190811505,1.38953459354097,0.25,0.376118078996608,"MED LOW"
42,501,9,149.034938490774,44,3,3.50281790802953,1.38953459354097,0.25,0.551470067782878,"MED LOW"
43,508,5,127.686527187638,44,2,2.50152219983252,1.38953459354097,0.25,0.123365047573224,"MED LOW"
41,489,8,178.138923222999,45,5,5.50040578222428,1.42642517999832,0.25,0.959363717357557,"MED LOW"
42,496,4,187.042317118754,45,4,4.49949204836365,1.42642517999832,0.25,0.983136421302464,"MED LOW"
42,500,8,160.778078019337,45,4,4.4990361659967,1.42642517999832,0.25,0.802012617080623,"MED LOW"
42,501,9,165.954428858096,45,4,4.50076825126227,1.42642517999832,0.25,0.872638096086401,"MED LOW"
43,504,1,151.157160483248,45,3,3.50143290778193,1.42642517999832,0.25,0.603982397207841,"MED LOW"
43,508,5,149.658767853368,45,3,3.49900477732476,1.42642517999832,0.25,0.567080881457175,"MED LOW"
43,510,7,155.632460192086,45,3,3.49983717242423,1.42642517999832,0.25,0.706091059694672,"MED LOW"
43,516,13,144.119154808795,45,3,3.50130531235939,1.42642517999832,0.25,0.427392165050936,"MED LOW"
42,500,8,172.919940363309,46,5,5.49995613126395,1.352151677859,0.25,0.932874908289414,"MED LOW"
42,501,9,179.088187930126,46,5,5.49833489920708,1.352151677859,0.25,0.962959164679637,"MED LOW"
44,518,2,153.959796331152,46,3,3.49975957076906,1.352151677859,0.25,0.669659332418805,"MED LOW"
44,522,6,142.829838868071,46,3,3.50100510086407,1.352151677859,0.25,0.395701921615478,"MED LOW"
45,534,8,121.565355409169,46,2,2.50060824334652,1.352151677859,0.25,0.0702771406313731,"MED LOW"
46,542,8,97.4160153758133,46,1,1.50091733487363,1.352151677859,0.25,0.0064681248626045,"MED LOW"
42,500,8,182.229310722046,47,6,6.49963870871148,1.35728714680036,0.25,0.972798787459498,"MED LOW"
44,518,2,172.225976975881,47,4,4.49929981332065,1.35728714680036,0.25,0.928325902874272,"MED LOW"
45,527,1,163.523315556524,47,3,3.49896950930194,1.35728714680036,0.25,0.842593304579806,"MED LOW"
45,530,4,151.615542874524,47,3,3.50069651202838,1.35728714680036,0.25,0.615058745284973,"MED LOW"
45,531,5,155.289082492304,47,3,3.50135687308482,1.35728714680036,0.25,0.698804247325454,"MED LOW"
45,533,7,158.234786762295,47,3,3.49987277013493,1.35728714680036,0.25,0.757807149784942,"MED LOW"
44,522,6,169.766529420307,48,5,5.50091457771016,1.55469917699194,0.25,0.90982826837729,"MED LOW"
46,541,7,150.621711487321,48,3,3.50090211203264,1.55469917699194,0.25,0.590908172738248,"MED LOW"
46,542,8,145.093574290615,48,3,3.49961129930758,1.55469917699194,0.25,0.451759540574319,"MED LOW"
44,522,6,178.637913295764,49,6,6.49937097115607,1.50636947369351,0.25,0.961293513462754,"MED LOW"
46,537,3,151.482987055674,50,5,5.49925630199365,0.619387425931827,0.25,0.611867347849555,"MED LOW"
47,546,3,167.666245081261,50,4,4.50127071500294,0.619387425931827,0.25,0.890737158615591,"MED LOW"
47,548,5,155.862061964521,50,4,4.50123400068392,0.619387425931827,0.25,0.710905570943477,"MED LOW"
49,565,2,135.20096318558,50,2,2.50130328317028,0.619387425931827,0.25,0.231833997229429,"MED LOW"
47,548,5,167.095644193411,51,5,5.50078182368019,0.545979764088718,0.25,0.884969773201188,"MED LOW"
49,565,2,160.216820942137,51,3,3.50030112557522,0.545979764088718,0.25,0.792808015358326,"MED LOW"
49,568,5,147.908764394137,51,3,3.50028582728341,0.545979764088718,0.25,0.523050901160164,"MED LOW"
47,548,5,175.603977181063,52,6,6.5002581442389,0.589912896584986,0.25,0.948055137371369,"MED LOW"
51,585,8,129.286872236426,52,2,2.50091642461673,0.589912896584986,0.25,0.142039119669307,"MED LOW"
47,548,5,182.048202073331,53,7,7.49966138555488,0.523796156707593,0.25,0.972307953096271,"MED LOW"
50,574,3,150.75494409699,53,4,4.50139407274322,0.523796156707593,0.25,0.594174167874883,"MED LOW"
51,580,3,144.79682316637,53,3,3.49948949328405,0.523796156707593,0.25,0.444308588585252,"MED LOW"
51,581,4,161.056841849617,53,3,3.50009439804118,0.523796156707593,0.25,0.806468506126813,"MED LOW"
50,574,3,161.080209166103,54,5,5.50044582695326,0.486648473853195,0.25,0.80683853583585,"MED LOW"
51,580,3,160.59520352502,54,4,4.4997755390388,0.486648473853195,0.25,0.799047744026978,"MED LOW"
51,581,4,181.345427386032,54,4,4.49825530455155,0.486648473853195,0.25,0.970320588664005,"MED LOW"
52,589,4,156.655234250398,54,3,3.49975572751632,0.486648473853195,0.25,0.727171488350837,"MED LOW"
53,597,5,122.218833876402,54,2,2.49963683959438,0.486648473853195,0.25,0.0747378295794987,"MED LOW"
52,586,1,151.375521364445,55,4,4.50081692501074,0.617694515818047,0.25,0.609272941673144,"MED LOW"
52,587,2,149.212980256416,55,4,4.5005494477914,0.617694515818047,0.25,0.555937151823526,"MED LOW"
53,595,3,140.138573466688,55,3,3.50014264504498,0.617694515818047,0.25,0.332553839907815,"MED LOW"
53,597,5,142.089724235472,55,3,3.50213313167136,0.617694515818047,0.25,0.377881019656337,"MED LOW"
53,598,6,151.752468314264,55,3,3.49954901510223,0.617694515818047,0.25,0.618344980454354,"MED LOW"
55,610,6,99.1621796914044,55,1,1.49862768335139,0.617694515818047,0.25,0.00771313378771366,"MED LOW"
52,589,4,190.772068110084,56,5,5.50095152529549,0.516265621545047,0.25,0.988390821941689,"MED LOW"
53,594,2,156.244308968371,56,4,4.50038500216307,0.516265621545047,0.25,0.718816105774861,"MED LOW"
53,595,3,154.745580641405,56,4,4.50080812882041,0.516265621545047,0.25,0.687063672402824,"MED LOW"
53,597,5,157.190504028334,56,4,4.49870956363199,0.516265621545047,0.25,0.737819518601754,"MED LOW"
53,598,6,169.409262258976,56,4,4.49928667720759,0.516265621545047,0.25,0.906807732949603,"MED LOW"
54,602,4,148.351925398995,56,3,3.50066137680442,0.516265621545047,0.25,0.534262271307993,"MED LOW"
55,605,1,123.536475401719,56,2,2.50187039130846,0.516265621545047,0.25,0.0845318286987123,"MED LOW"
54,600,2,153.709149421408,57,4,4.49925837923671,0.585821351141677,0.25,0.664005557402254,"MED LOW"
55,606,2,157.073203462213,57,3,3.49833182872008,0.585821351141677,0.25,0.735509146927411,"MED LOW"
56,618,6,135.647249886278,57,2,2.49900866550183,0.585821351141677,0.25,0.240001420412275,"MED LOW"
55,605,1,159.471878324492,58,4,4.49868396547106,0.566749019453971,0.25,0.780108620437865,"MED LOW"
56,616,4,164.182352416493,58,3,3.50071548712501,0.566749019453971,0.25,0.851265991528544,"MED LOW"
56,618,6,160.849461810358,58,3,3.49920531130384,0.566749019453971,0.25,0.803160959458342,"MED LOW"
56,619,7,141.432639370186,58,3,3.49914716487754,0.566749019453971,0.25,0.362329570748807,"MED LOW"
56,615,3,165.256164234842,59,4,4.49861289943227,0.514802442860597,0.25,0.864548267670929,"MED LOW"
56,618,6,181.077598219925,59,4,4.50079015639824,0.514802442860597,0.25,0.969527364159699,"MED LOW"
56,619,7,156.36628529041,59,4,4.5012427754706,0.514802442860597,0.25,0.721312467296567,"MED LOW"
57,620,1,139.119432700766,59,3,3.50118129861911,0.514802442860597,0.25,0.30999712467093,"MED LOW"
57,622,3,146.979756450637,59,3,3.49979102000926,0.514802442860597,0.25,0.499486156251397,"MED LOW"
57,623,4,152.765368733262,59,3,3.50079832731314,0.514802442860597,0.25,0.642302472791365,"MED LOW"
57,626,7,155.294744221183,59,3,3.50130561626833,0.514802442860597,0.25,0.698925225873276,"MED LOW"
58,628,2,129.601004958501,59,2,2.50257301152949,0.514802442860597,0.25,0.145970479847786,"MED LOW"
58,629,3,128.737803199536,59,2,2.50104326692009,0.514802442860597,0.25,0.135380021713711,"MED LOW"
56,615,3,178.254013009429,60,5,5.49982005491199,0.60873236382303,0.25,0.959816832640582,"MED LOW"
56,619,7,167.691502292788,60,5,5.50026541754675,0.60873236382303,0.25,0.890986489933261,"MED LOW"
57,623,4,170.700633293417,60,4,4.49910377248018,0.60873236382303,0.25,0.917312645247089,"MED LOW"
58,628,2,152.331699773689,60,3,3.4993581107041,0.60873236382303,0.25,0.632124117990592,"MED LOW"
59,636,1,131.667896693796,60,2,2.4994661817963,0.60873236382303,0.25,0.174119978478022,"MED LOW"
59,637,2,128.050505627513,60,2,2.50074745798221,0.60873236382303,0.25,0.127417596993795,"MED LOW"
56,619,7,176.280197969392,61,6,6.49931372540958,0.59670551603863,0.25,0.951334165266145,"MED LOW"
58,628,2,170.147496021541,61,4,4.50150293380868,0.59670551603863,0.25,0.912951738929238,"MED LOW"
58,634,8,173.849382703987,61,4,4.50139941800248,0.59670551603863,0.25,0.938548234841348,"MED LOW"
59,637,2,150.16604253512,61,3,3.50083380360682,0.59670551603863,0.25,0.579679007877857,"MED LOW"
59,641,6,150.885622782943,61,3,3.49803778076165,0.59670551603863,0.25,0.597369485921538,"MED LOW"
60,647,5,133.600116043512,61,2,2.50056460511127,0.59670551603863,0.25,0.20415546192637,"MED LOW"
56,619,7,182.793600177032,62,7,7.50117369393196,0.466790293899956,0.25,0.974274474704911,"MED LOW"
58,634,8,188.56503021559,62,5,5.50048911107057,0.466790293899956,0.25,0.985517079291687,"MED LOW"
59,637,2,167.390676227606,62,4,4.49897759467172,0.466790293899956,0.25,0.887984184206428,"MED LOW"
59,641,6,168.305674160186,62,4,4.50022057441961,0.466790293899956,0.25,0.896897299175622,"MED LOW"
60,643,1,137.359658785045,62,3,3.49874757398068,0.466790293899956,0.25,0.273128609930187,"MED LOW"
60,644,2,139.411652698691,62,3,3.49843927226246,0.466790293899956,0.25,0.316378969157051,"MED LOW"
60,645,3,146.63240620374,62,3,3.50012209175943,0.466790293899956,0.25,0.490670414847634,"MED LOW"
60,650,8,157.706904791621,62,3,3.50008473701379,0.466790293899956,0.25,0.747834770047748,"MED LOW"
61,651,1,130.407190271265,62,2,2.50109947615114,0.466790293899956,0.25,0.156473132060708,"MED LOW"
59,637,2,180.806041501341,63,5,5.50194142503198,0.458134091915068,0.25,0.96870215071554,"MED LOW"
60,644,2,153.836643203972,63,4,4.50087517487515,0.458134091915068,0.25,0.666887400216372,"MED LOW"
60,650,8,177.028953056789,63,4,4.50071268116858,0.458134091915068,0.25,0.954735489304889,"MED LOW"
61,651,1,153.46076004418,63,3,3.50016828915386,0.458134091915068,0.25,0.658355949523483,"MED LOW"
61,652,2,152.284337464282,63,3,3.49925667103906,0.458134091915068,0.25,0.631005153534146,"MED LOW"
61,654,4,149.849790014267,63,3,3.50052732544551,0.458134091915068,0.25,0.571836005242328,"MED LOW"
61,660,10,151.622938186376,63,3,3.5013446110984,0.458134091915068,0.25,0.615236505501013,"MED LOW"
61,661,11,147.344129785844,63,3,3.50204867777842,0.458134091915068,0.25,0.508734190366374,"MED LOW"
59,637,2,191.254567063093,64,6,6.49973792549014,0.473819597902488,0.25,0.988939702394173,"MED LOW"
61,651,1,171.58834904038,64,4,4.49893677869929,0.473819597902488,0.25,0.923897046128165,"MED LOW"
61,652,2,170.087108179577,64,4,4.49897595713005,0.473819597902488,0.25,0.912463242236026,"MED LOW"
61,654,4,166.988856281266,64,4,4.50030833719829,0.473819597902488,0.25,0.883861417040866,"MED LOW"
61,657,7,151.536135457561,64,4,4.50300144466172,0.473819597902488,0.25,0.613148111769342,"MED LOW"
61,660,10,169.244264039202,64,4,4.49942323282161,0.473819597902488,0.25,0.905382326953468,"MED LOW"
62,666,5,140.86620529015,64,3,3.500237113698,0.473819597902488,0.25,0.349149728428281,"MED LOW"
62,667,6,165.536427772892,64,3,3.49982629506262,0.473819597902488,0.25,0.86784614130188,"MED LOW"
63,675,5,130.926922168983,64,2,2.49942481272189,0.473819597902488,0.25,0.163565071738257,"MED LOW"
63,679,9,132.507668466287,64,2,2.49959685710459,0.473819597902488,0.25,0.186723704273249,"MED LOW"
61,660,10,183.027136694973,65,5,5.50061829973853,0.537787900762594,0.25,0.97486213736802,"MED LOW"
62,665,4,176.110876955537,65,4,4.49992813254788,0.537787900762594,0.25,0.950532035181972,"MED LOW"
62,666,5,155.656464921435,65,4,4.50026893555847,0.537787900762594,0.25,0.706596600922433,"MED LOW"
63,672,2,156.168503927079,65,3,3.498786039525,0.537787900762594,0.25,0.717257842706053,"MED LOW"
61,660,10,193.807686367102,66,6,6.50032368465088,0.615094595167107,0.25,0.991443712073648,"MED LOW"
62,665,4,191.294813613247,66,5,5.49981500334904,0.615094595167107,0.25,0.988984309331055,"MED LOW"
63,671,1,165.73068711442,66,4,4.50081905541389,0.615094595167107,0.25,0.870091860950321,"MED LOW"
63,675,5,172.51993629128,66,4,4.49957848103489,0.615094595167107,0.25,0.930286578874155,"MED LOW"
63,678,8,149.389471924345,66,4,4.50161598062006,0.615094595167107,0.25,0.560356438647678,"MED LOW"
64,685,6,145.41098203754,66,3,3.49906733513032,0.615094595167107,0.25,0.459753069617066,"MED LOW"
64,686,7,147.672402465271,66,3,3.50012380486777,0.615094595167107,0.25,0.517061029317841,"MED LOW"
64,687,8,148.743597366225,66,3,3.50109695844868,0.615094595167107,0.25,0.54414267053356,"MED LOW"
64,688,9,144.366950336153,66,3,3.49893107780543,0.615094595167107,0.25,0.433560287602068,"MED LOW"
65,699,10,132.879182968918,66,2,2.50025148696694,0.615094595167107,0.25,0.192519704901974,"MED LOW"
61,660,10,202.239909034748,67,7,7.49879673491637,0.576887109974959,0.25,0.996347336706656,"MED LOW"
63,675,5,186.963427010204,67,5,5.50221132994898,0.576887109974959,0.25,0.983003108383487,"MED LOW"
63,678,8,159.478033987029,67,5,5.50037552619218,0.576887109974959,0.25,0.780215813482437,"MED LOW"
64,685,6,161.369642017449,67,4,4.50236718163618,0.576887109974959,0.25,0.811377220877766,"MED LOW"
64,686,7,164.227624442814,67,4,4.49961243001807,0.576887109974959,0.25,0.851847035020321,"MED LOW"
65,696,7,146.224728297861,67,3,3.49870441035958,0.576887109974959,0.25,0.480331359663116,"MED LOW"
65,697,8,153.668365725307,67,3,3.50035834665027,0.576887109974959,0.25,0.663081094750659,"MED LOW"
65,699,10,156.935606780955,67,3,3.50204129880964,0.576887109974959,0.25,0.732782459013363,"MED LOW"
64,685,6,173.623025402372,68,5,5.50054144615055,0.502412630190821,0.25,0.937209266926973,"MED LOW"
65,694,5,157.148322195788,68,4,4.50013172384037,0.502412630190821,0.25,0.736990198090029,"MED LOW"
65,696,7,162.396898374648,68,4,4.50014731154614,0.502412630190821,0.25,0.82682403985606,"MED LOW"
65,697,8,171.853552551333,68,4,4.49903275511794,0.502412630190821,0.25,0.925768822438769,"MED LOW"
65,698,9,164.022046025252,68,4,4.49919607618625,0.502412630190821,0.25,0.849193410867721,"MED LOW"
66,706,7,145.666575542121,68,3,3.49988253060243,0.502412630190821,0.25,0.466205164665917,"MED LOW"
66,709,10,167.613503510817,68,3,3.49983643284363,0.502412630190821,0.25,0.890214896765585,"MED LOW"
65,694,5,168.616354170736,69,5,5.49824668984835,0.570887283635607,0.25,0.899777956231362,"MED LOW"
65,697,8,186.161500966063,69,5,5.5006804722954,0.570887283635607,0.25,0.981587842762215,"MED LOW"
65,698,9,176.781289171931,69,5,5.50021768630297,0.570887283635607,0.25,0.953636281906128,"MED LOW"
66,709,10,189.854744734465,69,4,4.49950124010561,0.570887283635607,0.25,0.987272036112559,"MED LOW"
67,711,2,143.480877850177,69,3,3.49999681272607,0.570887283635607,0.25,0.411612143798552,"MED LOW"
67,713,4,144.079084670956,69,3,3.5001963921192,0.570887283635607,0.25,0.426396804625996,"MED LOW"
67,717,8,149.537985485804,69,3,3.50093938973376,0.570887283635607,0.25,0.564067793320575,"MED LOW"
66,709,10,208.026772135136,70,5,5.50211107426442,0.550910225077287,0.25,0.997966970901139,"MED LOW"
67,711,2,158.938336279947,70,4,4.49823660965362,0.550910225077287,0.25,0.770675200791243,"MED LOW"
67,715,6,164.678588102859,70,4,4.50038351313053,0.550910225077287,0.25,0.857532979464261,"MED LOW"
67,717,8,166.592878056128,70,4,4.49946940767029,0.550910225077287,0.25,0.87967027984868,"MED LOW"
67,718,9,161.028323075473,70,4,4.49892566583904,0.550910225077287,0.25,0.80601617160153,"MED LOW"
68,729,11,158.57050760806,70,3,3.50050194951916,0.550910225077287,0.25,0.764008145103906,"MED LOW"
69,731,1,136.58013918527,70,2,2.50079290827074,0.550910225077287,0.25,0.257700784933262,"MED LOW"
69,738,8,132.146431872673,70,2,2.49941869563654,0.550910225077287,0.25,0.181217857733198,"MED LOW"
67,715,6,177.56451251751,71,5,5.49963202686002,0.628370453729687,0.25,0.957028154141348,"MED LOW"
67,717,8,179.851477383219,71,5,5.49874020812951,0.628370453729687,0.25,0.965626415166746,"MED LOW"
68,720,2,147.901927143214,71,4,4.50006989147213,0.628370453729687,0.25,0.522877716668793,"MED LOW"
68,729,11,178.139695278698,71,4,4.49802956336066,0.628370453729687,0.25,0.959366773227147,"MED LOW"
69,733,3,157.867372601681,71,3,3.49983391983152,0.628370453729687,0.25,0.750894785865599,"MED LOW"
69,736,6,148.606834988233,71,3,3.49842878840404,0.628370453729687,0.25,0.540696218546493,"MED LOW"
70,742,3,132.807003457969,71,2,2.500472995762,0.628370453729687,0.25,0.191383004158373,"MED LOW"
68,729,11,193.749423753813,72,5,5.5000052177693,0.56705025257429,0.25,0.991393383907662,"MED LOW"
69,732,2,159.735167623409,72,4,4.49911374128329,0.56705025257429,0.25,0.784659920926039,"MED LOW"
69,735,5,176.637453276623,72,4,4.49849902074994,0.56705025257429,0.25,0.952986284197168,"MED LOW"
69,736,6,165.411483413196,72,4,4.49930459325418,0.56705025257429,0.25,0.866384404065159,"MED LOW"
70,745,6,161.011751944436,72,3,3.49860508041544,0.56705025257429,0.25,0.805752969376898,"MED LOW"
70,749,10,148.25209901797,72,3,3.49909289636662,0.56705025257429,0.25,0.53173941254252,"MED LOW"
69,732,2,171.681581191951,73,5,5.50092632994646,0.46854824846026,0.25,0.924559953651002,"MED LOW"
70,742,3,175.907521629732,73,4,4.49992060210646,0.46854824846026,0.25,0.949552107237876,"MED LOW"
70,745,6,181.287187358274,73,4,4.49889650964189,0.46854824846026,0.25,0.970149821288841,"MED LOW"
71,751,1,146.624838047972,73,3,3.50017278358777,0.46854824846026,0.25,0.490478379903159,"MED LOW"
71,754,4,153.742382422646,73,3,3.49942254286088,0.46854824846026,0.25,0.66475793741917,"MED LOW"
71,755,5,159.833866311515,73,3,3.49981458891261,0.46854824846026,0.25,0.786348345040248,"MED LOW"
71,757,7,144.475783859931,73,3,3.50055328268761,0.46854824846026,0.25,0.436276007536439,"MED LOW"
71,758,8,146.77033787373,73,3,3.49971338720763,0.46854824846026,0.25,0.494170728641362,"MED LOW"
70,742,3,191.049075557443,74,5,5.49993128133996,0.529935257974294,0.25,0.988709148614397,"MED LOW"
70,748,9,153.272605894149,74,5,5.49898720607748,0.529935257974294,0.25,0.654046165011806,"MED LOW"
71,752,2,153.463228311457,74,4,4.49985891803404,0.529935257974294,0.25,0.658412315123665,"MED LOW"
71,753,3,152.650630109423,74,4,4.50086816504678,0.529935257974294,0.25,0.639621543430941,"MED LOW"
71,754,4,171.948124367455,74,4,4.50084841521539,0.529935257974294,0.25,0.926425995830875,"MED LOW"
72,766,5,150.284142950582,74,3,3.50087722254184,0.529935257974294,0.25,0.582597810315322,"MED LOW"
72,769,8,147.874994552748,74,3,3.49907686586412,0.529935257974294,0.25,0.522195473145403,"MED LOW"
72,771,10,167.389077571836,74,3,3.50074206033502,0.529935257974294,0.25,0.887968037964828,"MED LOW"
73,780,9,130.801384056473,74,2,2.49991465557388,0.529935257974294,0.25,0.161828716256142,"MED LOW"
70,742,3,203.069148081052,75,6,6.49943937199536,0.579838612173824,0.25,0.996641290087446,"MED LOW"
71,752,2,164.265665209843,75,5,5.49968475850471,0.579838612173824,0.25,0.852333818084848,"MED LOW"
71,753,3,163.30882436077,75,5,5.50013336945859,0.579838612173824,0.25,0.839683322386937,"MED LOW"
72,771,10,189.562161796056,75,4,4.49910194023564,0.579838612173824,0.25,0.986893288963818,"MED LOW"
73,776,5,151.480991715348,75,3,3.50118390196311,0.579838612173824,0.25,0.611819234140328,"MED LOW"
73,780,9,154.013577953552,75,3,3.49961893930626,0.579838612173824,0.25,0.670866176566365,"MED LOW"
71,753,3,171.31495508367,76,6,6.50024107222523,0.524554060731323,0.25,0.921922210960089,"MED LOW"
74,785,5,153.08518570417,76,3,3.49918329894828,0.524554060731323,0.25,0.649727899970579,"MED LOW"
74,787,7,159.709849903241,76,3,3.49960675651262,0.524554060731323,0.25,0.784225257437858,"MED LOW"
74,789,9,139.673682623607,76,3,3.49886453519595,0.524554060731323,0.25,0.322160988313523,"MED LOW"
75,796,7,124.993461259803,76,2,2.49853705498348,0.524554060731323,0.25,0.0967056864740234,"MED LOW"
74,787,7,179.607247102798,77,4,4.50002763034,0.55764387467103,0.25,0.964793771515156,"MED LOW"
75,797,8,143.909502015281,77,3,3.50100025018278,0.55764387467103,0.25,0.422190984030587,"MED LOW"
75,799,10,145.688279628989,77,3,3.49900390249311,0.55764387467103,0.25,0.466753605390321,"MED LOW"
76,803,3,127.817253201967,77,2,2.49995665518514,0.55764387467103,0.25,0.124807653091811,"MED LOW"
76,811,11,126.784810671824,77,2,2.5010113456524,0.55764387467103,0.25,0.113800391387337,"MED LOW"
74,787,7,195.52830633302,78,5,5.49979027495672,0.487829307795028,0.25,0.992805331732892,"MED LOW"
75,794,5,168.040443572702,78,4,4.4989944689406,0.487829307795028,0.25,0.894380310698119,"MED LOW"
75,795,6,174.978593105705,78,4,4.4999654678622,0.487829307795028,0.25,0.944837683837981,"MED LOW"
75,797,8,159.477628324796,78,4,4.4989841820262,0.487829307795028,0.25,0.78020875054532,"MED LOW"
76,803,3,149.84091122696,78,3,3.49813697320666,0.487829307795028,0.25,0.571615271894779,"MED LOW"
76,804,4,143.654450365354,78,3,3.49953673005349,0.487829307795028,0.25,0.415886819363882,"MED LOW"
76,806,6,144.559669669395,78,3,3.50066139244564,0.487829307795028,0.25,0.438371827910034,"MED LOW"
75,797,8,171.376005430953,79,5,5.50150651658519,0.631811360142889,0.25,0.922367230171868,"MED LOW"
76,803,3,166.977577992761,79,4,4.49993836616171,0.631811360142889,0.25,0.883743819198363,"MED LOW"
76,806,6,160.29635805876,79,4,4.50001640159783,0.631811360142889,0.25,0.794131403722151,"MED LOW"
77,819,8,154.649847372509,79,3,3.49989504172108,0.631811360142889,0.25,0.684970006538212,"MED LOW"
77,820,9,143.227116710802,79,3,3.49958783197791,0.631811360142889,0.25,0.405386709018715,"MED LOW"
78,822,2,130.604145050495,79,2,2.50036452980529,0.631811360142889,0.25,0.159130727894478,"MED LOW"
78,827,7,119.746189849054,79,2,2.50107552002912,0.631811360142889,0.25,0.0591256829206252,"MED LOW"
75,797,8,180.46967379834,80,6,6.50076691676355,0.535999934909254,0.25,0.967649973728312,"MED LOW"
76,803,3,180.311663888432,80,5,5.49997207866791,0.535999934909254,0.25,0.967143982445648,"MED LOW"
76,806,6,172.347758597672,80,5,5.49978434100276,0.535999934909254,0.25,0.929144272473882,"MED LOW"
76,807,7,158.294709718589,80,5,5.49915796212824,0.535999934909254,0.25,0.758922049489911,"MED LOW"
77,817,6,164.3608065336,80,4,4.49965127123736,0.535999934909254,0.25,0.853545491365778,"MED LOW"
77,820,9,158.619227070654,80,4,4.50113309821493,0.535999934909254,0.25,0.764898851095302,"MED LOW"
78,822,2,153.736908137632,80,3,3.49926104658052,0.535999934909254,0.25,0.664634059539803,"MED LOW"
79,832,4,134.936441895827,80,2,2.50126361030007,0.535999934909254,0.25,0.227085515323075,"MED LOW"
77,819,8,187.672137727157,81,5,5.49895232704623,0.570944364109548,0.25,0.984164501295034,"MED LOW"
78,826,6,157.379444948952,81,4,4.50126263011473,0.570944364109548,0.25,0.741513468296411,"MED LOW"
79,831,3,143.894177063557,81,3,3.50028851176385,0.570944364109548,0.25,0.421811455629988,"MED LOW"
79,832,4,159.842138328449,81,3,3.49886409603173,0.570944364109548,0.25,0.786489414419034,"MED LOW"
79,834,6,159.041593522238,81,3,3.50005879674435,0.570944364109548,0.25,0.772522821621834,"MED LOW"
80,845,10,121.553485604592,81,2,2.49966451711437,0.570944364109548,0.25,0.0701984377176577,"MED LOW"
80,846,11,123.061992666632,81,2,2.50015483561549,0.570944364109548,0.25,0.0808775686111059,"MED LOW"
77,819,8,199.162756985521,82,6,6.50238790076438,0.593666693173058,0.25,0.995014426482822,"MED LOW"
79,829,1,160.319617935002,82,4,4.49893548126749,0.593666693173058,0.25,0.794517230763843,"MED LOW"
79,831,3,159.45834031003,82,4,4.49996812526676,0.593666693173058,0.25,0.779872741049985,"MED LOW"
79,834,6,178.746188844957,82,4,4.50060215387596,0.593666693173058,0.25,0.961700493896748,"MED LOW"
80,843,8,151.447718466266,82,3,3.50060331151389,0.593666693173058,0.25,0.611016594532222,"MED LOW"
80,844,9,144.758261804158,82,3,3.49911931372601,0.593666693173058,0.25,0.443342137048889,"MED LOW"
80,846,11,143.250627542124,82,3,3.50031448893851,0.593666693173058,0.25,0.40596224775082,"MED LOW"
81,848,2,139.300846901574,82,2,2.49987831452689,0.593666693173058,0.25,0.313950742343548,"MED LOW"
77,819,8,208.228756182942,83,7,7.50108971415119,0.478660114025399,0.25,0.998008157287548,"MED LOW"
80,843,8,169.021117061268,83,4,4.49993672885204,0.478660114025399,0.25,0.903423534826612,"MED LOW"
80,846,11,158.648787004877,83,4,4.49837463622243,0.478660114025399,0.25,0.76543813978805,"MED LOW"
81,848,2,166.051979342966,83,3,3.49706263951144,0.478660114025399,0.25,0.873734837444231,"MED LOW"
81,850,4,146.946812375081,83,3,3.50093083735156,0.478660114025399,0.25,0.498649936763543,"MED LOW"
77,819,8,215.381751125997,84,8,8.49965556737209,0.633994180683742,0.25,0.999035525133345,"MED LOW"
80,844,9,172.644957947346,84,5,5.50145753319644,0.633994180683742,0.25,0.931105329264292,"MED LOW"
81,848,2,187.820924075201,84,4,4.4998385619358,0.633994180683742,0.25,0.984398220271529,"MED LOW"
81,850,4,163.309531231738,84,4,4.49916303641108,0.633994180683742,0.25,0.83969298352634,"MED LOW"
82,857,2,145.464430459804,84,3,3.50146314518563,0.633994180683742,0.25,0.46110125680104,"MED LOW"
82,858,3,146.942470289087,84,3,3.50031555932791,0.633994180683742,0.25,0.498539722054722,"MED LOW"
82,861,6,139.048846702471,84,3,3.49953742079671,0.633994180683742,0.25,0.308466252766959,"MED LOW"
82,862,7,146.885370852139,84,3,3.49960293469391,0.633994180683742,0.25,0.49709039033409,"MED LOW"
83,870,6,126.367669198827,84,2,2.50121483556759,0.633994180683742,0.25,0.109598419409855,"MED LOW"
83,872,8,130.311200916997,84,2,2.49994133070813,0.633994180683742,0.25,0.155191063349095,"MED LOW"
82,856,1,167.433768598497,85,4,4.4973448370209,0.529438405416726,0.25,0.888418646638821,"MED LOW"
82,857,2,161.437074235252,85,4,4.50203753393181,0.529438405416726,0.25,0.812422813214446,"MED LOW"
83,872,8,153.326219027288,85,3,3.499236795661,0.529438405416726,0.25,0.655276822522976,"MED LOW"
83,873,9,140.919770950271,85,3,3.50088203765282,0.529438405416726,0.25,0.3503866415601,"MED LOW"
82,857,2,173.703200057958,86,5,5.49756263761843,0.629360821857066,0.25,0.937686607643291,"MED LOW"
83,867,3,162.798200037059,86,4,4.50041874209235,0.629360821857066,0.25,0.832580716345192,"MED LOW"
83,872,8,171.416525402761,86,4,4.49934053715856,0.629360821857066,0.25,0.922661311892184,"MED LOW"
83,873,9,155.723562732913,86,4,4.50039349022006,0.629360821857066,0.25,0.70800698403946,"MED LOW"
84,876,3,146.136297419976,86,3,3.49942288476359,0.629360821857066,0.25,0.478090594504202,"MED LOW"
84,877,4,148.911940519953,86,3,3.49971716710098,0.629360821857066,0.25,0.548379135593999,"MED LOW"
84,881,8,147.305782487015,86,3,3.50004323755646,0.629360821857066,0.25,0.507761082407272,"MED LOW"
82,857,2,183.122920726225,87,6,6.50018180650315,0.472194603649224,0.25,0.975099364746264,"MED LOW"
83,867,3,175.322851629702,87,5,5.49907280187839,0.472194603649224,0.25,0.946631362828831,"MED LOW"
83,872,8,185.635900907496,87,5,5.5004976531273,0.472194603649224,0.25,0.980598161375542,"MED LOW"
84,875,2,171.29422202277,87,4,4.5002009884992,0.472194603649224,0.25,0.921770549402924,"MED LOW"
84,876,3,162.285202043915,87,4,4.5003422145665,0.472194603649224,0.25,0.825194172831161,"MED LOW"
84,877,4,165.798399204445,87,4,4.49887165684306,0.472194603649224,0.25,0.870866977372803,"MED LOW"
84,882,9,165.977477105835,87,4,4.49869664409225,0.472194603649224,0.25,0.872897954890789,"MED LOW"
85,886,3,143.995564702293,87,3,3.50001822107213,0.472194603649224,0.25,0.424324055198642,"MED LOW"
85,887,4,159.781948527779,87,3,3.50003284530685,0.472194603649224,0.25,0.785461399462466,"MED LOW"
85,893,10,148.051211652112,87,3,3.50149144087354,0.472194603649224,0.25,0.526657703230984,"MED LOW"
86,894,1,126.545867019536,87,2,2.49986069760637,0.472194603649224,0.25,0.111376550375738,"MED LOW"
82,857,2,190.356756311371,88,7,7.49958392433665,0.512349038802487,0.25,0.987896874584819,"MED LOW"
83,867,3,184.972720329547,88,6,6.50237407206869,0.512349038802487,0.25,0.979274773008612,"MED LOW"
83,872,8,196.812640292009,88,6,6.49968058331678,0.512349038802487,0.25,0.993679370943979,"MED LOW"
84,876,3,174.712122460852,88,5,5.49857424208342,0.512349038802487,0.25,0.943410482070998,"MED LOW"
84,877,4,178.901731859691,88,5,5.49908066414467,0.512349038802487,0.25,0.962277956634887,"MED LOW"
84,881,8,176.473145890311,88,5,5.50093168799345,0.512349038802487,0.25,0.952233176418793,"MED LOW"
84,882,9,179.115733448547,88,5,5.4992612617534,0.512349038802487,0.25,0.96305879279526,"MED LOW"
85,888,5,168.221391817711,88,4,4.49881148238874,0.512349038802487,0.25,0.896103283992722,"MED LOW"
85,889,6,169.19479013992,88,4,4.50180854895157,0.512349038802487,0.25,0.904951136313238,"MED LOW"
84,876,3,184.274898057407,89,6,6.50115819831591,0.46943570400194,0.25,0.977786889440812,"MED LOW"
84,877,4,189.069484014363,89,6,6.50286643575916,0.46943570400194,0.25,0.986230237623982,"MED LOW"
84,880,7,182.311837353532,89,6,6.50083290097133,0.46943570400194,0.25,0.973019633853958,"MED LOW"
84,881,8,186.288069900916,89,6,6.4990231059205,0.46943570400194,0.25,0.9818186663081,"MED LOW"
87,911,8,149.176823847639,89,3,3.49997550259618,0.46943570400194,0.25,0.55503069173062,"MED LOW"
88,914,3,132.159815012318,89,2,2.50009387229399,0.46943570400194,0.25,0.18141956429223,"MED LOW"
89,927,7,93.7046991649117,89,1,1.50205687365871,0.46943570400194,0.25,0.00444642444736419,"MED LOW"
84,877,4,196.959322927782,90,7,7.49987311824628,0.533387840197041,0.25,0.993772224909356,"MED LOW"
87,907,4,177.957781778558,90,4,4.50085407785351,0.533387840197041,0.25,0.958640627911628,"MED LOW"
88,913,2,168.982525702426,90,3,3.50019312612927,0.533387840197041,0.25,0.903081126889649,"MED LOW"
88,914,3,155.92241034646,90,3,3.49961801270121,0.533387840197041,0.25,0.712163220390602,"MED LOW"
88,915,4,169.092441141785,90,3,3.50150079628649,0.533387840197041,0.25,0.904053526232795,"MED LOW"
88,916,5,141.285075345872,90,3,3.50007092845486,0.533387840197041,0.25,0.358875095176631,"MED LOW"
87,907,4,193.529113176054,91,5,5.49856464109565,0.566193219129595,0.25,0.991200409302868,"MED LOW"
88,915,4,191.785150420078,91,4,4.49780121197211,0.566193219129595,0.25,0.989513688386186,"MED LOW"
88,916,5,156.181305543104,91,4,4.49856877495945,0.566193219129595,0.25,0.717521362078264,"MED LOW"
89,924,4,147.853951772101,91,3,3.5003824639474,0.566193219129595,0.25,0.521662369709888,"MED LOW"
89,925,5,152.542361396603,91,3,3.50013077945309,0.566193219129595,0.25,0.637083774140063,"MED LOW"
90,932,1,127.511264958994,91,2,2.50145895493119,0.566193219129595,0.25,0.121453472195522,"MED LOW"
88,916,5,167.47286469063,92,5,5.49989992644233,0.468459143988258,0.25,0.888811542573822,"MED LOW"
89,927,7,150.682564520813,92,4,4.50008444313336,0.468459143988258,0.25,0.592400906466181,"MED LOW"
89,931,11,159.214573065813,92,4,4.50065343657896,0.468459143988258,0.25,0.775594414359832,"MED LOW"
90,933,2,152.824105362564,92,3,3.50110281419919,0.468459143988258,0.25,0.643671460096823,"MED LOW"
90,934,3,154.780334953711,92,3,3.49868754581987,0.468459143988258,0.25,0.687821864405193,"MED LOW"
90,935,4,144.44213354365,92,3,3.49949192243206,0.468459143988258,0.25,0.435435916029914,"MED LOW"
90,938,7,141.296685444921,92,3,3.50213919761321,0.468459143988258,0.25,0.359146363234304,"MED LOW"
88,916,5,176.032030754388,93,6,6.50093402927079,0.578892560701146,0.25,0.950154251658505,"MED LOW"
89,924,4,177.300701199218,93,5,5.50104054460151,0.578892560701146,0.25,0.955913013294075,"MED LOW"
89,931,11,171.063978314696,93,5,5.49936571342444,0.578892560701146,0.25,0.920068121311829,"MED LOW"
90,934,3,173.275433511272,93,4,4.50064491767963,0.578892560701146,0.25,0.935100085642996,"MED LOW"
90,935,4,160.148287776312,93,4,4.50013159807996,0.578892560701146,0.25,0.791662686139967,"MED LOW"
91,942,1,151.994353585901,93,3,3.50031346485129,0.578892560701146,0.25,0.6241237265331,"MED LOW"
91,946,5,163.411046560428,93,3,3.50074698529735,0.578892560701146,0.25,0.84107555468616,"MED LOW"
91,947,6,157.867593938595,93,3,3.50087284312746,0.578892560701146,0.25,0.75089898943158,"MED LOW"
91,948,7,153.633936218517,93,3,3.49942601506349,0.578892560701146,0.25,0.662299692602036,"MED LOW"
91,953,12,156.139996468359,93,3,3.50156720232523,0.578892560701146,0.25,0.716670486149889,"MED LOW"
92,956,3,125.480602245695,93,2,2.49829283822073,0.578892560701146,0.25,0.101113271593025,"MED LOW"
89,927,7,168.701804837854,94,6,6.49994461996397,0.487829161840111,0.25,0.900557628653487,"MED LOW"
90,933,2,184.865509445206,94,5,5.49932457490594,0.487829161840111,0.25,0.979052690336955,"MED LOW"
90,934,3,187.87330012216,94,5,5.49788079258757,0.487829161840111,0.25,0.984479683933801,"MED LOW"
90,935,4,172.171945791786,94,5,5.49984716195667,0.487829161840111,0.25,0.927960028205871,"MED LOW"
90,940,9,167.053206092694,94,5,5.50019429910354,0.487829161840111,0.25,0.884530412473976,"MED LOW"
91,946,5,184.391518143798,94,4,4.49986100550744,0.487829161840111,0.25,0.978042616353017,"MED LOW"
90,933,2,195.924554229096,95,6,6.50088863841902,0.477056606039641,0.25,0.993087080912169,"MED LOW"
91,946,5,201.346812733193,95,5,5.50004559844743,0.477056606039641,0.25,0.996002024434196,"MED LOW"
92,956,3,162.86281101614,95,4,4.50055825257809,0.477056606039641,0.25,0.833493136057632,"MED LOW"
93,964,2,160.411687184645,95,3,3.49825998361376,0.477056606039641,0.25,0.79603918188737,"MED LOW"
93,968,6,173.592774428665,95,3,3.5007328620174,0.477056606039641,0.25,0.937028274961466,"MED LOW"
94,974,3,126.932726390145,95,2,2.50104820267191,0.477056606039641,0.25,0.115323785397806,"MED LOW"
94,974,3,148.609547707493,96,3,3.49919832610299,0.580358328726824,0.25,0.540764618828742,"MED LOW"
94,977,6,148.263139563697,96,3,3.49917214440704,0.580358328726824,0.25,0.53201851654298,"MED LOW"
95,991,10,134.296030013651,96,2,2.50133896360558,0.580358328726824,0.25,0.215875781987264,"MED LOW"
94,981,10,153.814463050292,97,4,4.50048621924708,0.570335823642922,0.25,0.666386932863892,"MED LOW"
95,990,9,156.120491787197,97,3,3.50140395949035,0.570335823642922,0.25,0.716268194517611,"MED LOW"
96,999,8,151.730663234828,99,4,4.49979996723625,0.606120173131446,0.25,0.617822370500331,"MED LOW"
97,1005,4,148.705516005698,99,3,3.49976668024333,0.606120173131446,0.25,0.54318341937701,"MED LOW"
97,1007,6,154.928537644932,99,3,3.4994524928187,0.606120173131446,0.25,0.691043713951775,"MED LOW"
97,1010,9,148.52117883323,99,3,3.50148109778711,0.606120173131446,0.25,0.538535652792671,"MED LOW"
98,1016,6,132.417287797635,99,2,2.50105727841392,0.606120173131446,0.25,0.185334174292396,"MED LOW"
