"cohort","ind","fish_size","Year","Age","AgeE","dtype","FMORT","M","Sel","FSIM","REG"
1,1,159.331815112903,3,3,3.50017143880514,"M",0,0.25,1,"MED HIGH NA",NA
1,2,60.6777492838001,0,0,0.500032809872168,"M",0,0.25,1,"MED HIGH NA",NA
1,3,152.072122091205,3,3,3.50186224976511,"M",0,0.25,1,"MED HIGH NA",NA
1,4,128.055101762555,2,2,2.49938252314157,"M",0,0.25,1,"MED HIGH NA",NA
1,5,132.743437981179,2,2,2.49910980201843,"M",0,0.25,1,"MED HIGH NA",NA
1,6,162.30961480106,4,4,4.4987109600272,"M",0,0.25,1,"MED HIGH NA",NA
1,7,61.0291588762763,0,0,0.500710921251971,"M",0,0.25,1,"MED HIGH NA",NA
1,8,148.107744642235,4,4,4.50192434998976,"M",0,0.25,1,"MED HIGH NA",NA
1,9,99.5088389462241,1,1,1.49992598246859,"M",0,0.25,1,"MED HIGH NA",NA
1,10,187.528216173297,5,5,5.49947420308152,"M",0,0.25,1,"MED HIGH NA",NA
1,11,184.36265977659,5,5,5.49918570102358,"M",0,0.25,1,"MED HIGH NA",NA
1,12,244.77393335102,10,10,10.4997464877478,"M",0,0.25,1,"MED HIGH NA",NA
1,13,193.513502143512,6,6,6.49883863355305,"M",0,0.25,1,"MED HIGH NA",NA
1,14,169.395009835102,4,4,4.50013054979552,"M",0,0.25,1,"MED HIGH NA",NA
1,15,97.0865977982646,1,1,1.50128195439676,"M",0,0.25,1,"MED HIGH NA",NA
2,1,142.607848055736,4,3,3.49946777885913,"M",0,0.25,1,"MED HIGH NA",NA
2,2,103.109637163398,2,1,1.49971090944518,"M",0,0.25,1,"MED HIGH NA",NA
2,3,201.45341755825,7,6,6.49853328119654,"M",0,0.25,1,"MED HIGH NA",NA
2,4,129.812212669078,3,2,2.49922242111948,"M",0,0.25,1,"MED HIGH NA",NA
2,5,136.315357180123,3,2,2.5019768653855,"M",0,0.25,1,"MED HIGH NA",NA
2,6,137.780075599999,4,3,3.49903673268971,"M",0,0.25,1,"MED HIGH NA",NA
2,7,63.1580825128975,1,0,0.502333604035755,"M",0,0.25,1,"MED HIGH NA",NA
2,8,140.023766739858,4,3,3.50004298624684,"M",0,0.25,1,"MED HIGH NA",NA
2,9,209.900070877587,7,6,6.49979790512931,"M",0,0.25,1,"MED HIGH NA",NA
2,10,166.63077472286,4,3,3.49957598565749,"M",0,0.25,1,"MED HIGH NA",NA
2,11,97.1418996525383,2,1,1.4996100634382,"M",0,0.25,1,"MED HIGH NA",NA
2,12,61.8355919748559,1,0,0.499212465384693,"M",0,0.25,1,"MED HIGH NA",NA
3,1,103.85586596313,3,1,1.50185574794417,"M",0,0.25,1,"MED HIGH NA",NA
3,2,177.403922589319,7,5,5.50084711214482,"M",0,0.25,1,"MED HIGH NA",NA
3,3,62.5544228640654,2,0,0.500219257128002,"M",0,0.25,1,"MED HIGH NA",NA
3,4,165.094610721969,6,4,4.49977040771035,"M",0,0.25,1,"MED HIGH NA",NA
3,5,61.7101494497605,2,0,0.499149257853593,"M",0,0.25,1,"MED HIGH NA",NA
3,6,59.254681113189,2,0,0.500036804757828,"M",0,0.25,1,"MED HIGH NA",NA
3,7,123.971900017799,4,2,2.50014948080614,"M",0,0.25,1,"MED HIGH NA",NA
3,8,150.290722241371,5,3,3.50042846711779,"M",0,0.25,1,"MED HIGH NA",NA
3,9,209.361019328098,9,7,7.49896275113491,"M",0,0.25,1,"MED HIGH NA",NA
3,10,62.6753783630776,2,0,0.500398377713791,"M",0,0.25,1,"MED HIGH NA",NA
3,11,193.043338431343,9,7,7.49998250303023,"M",0,0.25,1,"MED HIGH NA",NA
3,12,159.906207888821,5,3,3.50053215328011,"M",0,0.25,1,"MED HIGH NA",NA
3,13,61.503876585574,2,0,0.499603530411759,"M",0,0.25,1,"MED HIGH NA",NA
4,1,104.018046367996,4,1,1.49922578413049,"M",0,0.25,1,"MED HIGH NA",NA
4,2,126.509376458699,5,2,2.50125353903158,"M",0,0.25,1,"MED HIGH NA",NA
4,3,148.600499249284,7,4,4.49930240170112,"M",0,0.25,1,"MED HIGH NA",NA
4,4,62.2101711950835,3,0,0.500182113590275,"M",0,0.25,1,"MED HIGH NA",NA
4,5,96.6919454007354,4,1,1.49989344577624,"M",0,0.25,1,"MED HIGH NA",NA
4,6,59.5950973864053,3,0,0.499544881355802,"M",0,0.25,1,"MED HIGH NA",NA
4,7,124.218441713861,5,2,2.49935068118575,"M",0,0.25,1,"MED HIGH NA",NA
4,8,115.933662987841,5,2,2.50138131894534,"M",0,0.25,1,"MED HIGH NA",NA
4,9,100.77148777961,4,1,1.500475393889,"M",0,0.25,1,"MED HIGH NA",NA
4,10,148.506225310118,6,3,3.4990950618841,"M",0,0.25,1,"MED HIGH NA",NA
4,11,65.5594554671,3,0,0.500065313276249,"M",0,0.25,1,"MED HIGH NA",NA
4,12,162.985099802013,10,7,7.50054869216323,"M",0,0.25,1,"MED HIGH NA",NA
5,1,101.691924574595,5,1,1.49998951164482,"M",0,0.25,1,"MED HIGH NA",NA
5,2,201.753417283244,9,5,5.50069980122238,"M",0,0.25,1,"MED HIGH NA",NA
5,3,188.716316251174,12,8,8.50178168203218,"M",0,0.25,1,"MED HIGH NA",NA
5,4,150.514116421782,7,3,3.50017590609144,"M",0,0.25,1,"MED HIGH NA",NA
5,5,123.828047827326,6,2,2.50023148261847,"M",0,0.25,1,"MED HIGH NA",NA
5,6,62.7755815523615,4,0,0.500202986303266,"M",0,0.25,1,"MED HIGH NA",NA
5,7,127.345144571926,6,2,2.49884613508402,"M",0,0.25,1,"MED HIGH NA",NA
5,8,139.551095738759,7,3,3.5004507394809,"M",0,0.25,1,"MED HIGH NA",NA
5,9,150.275829666691,7,3,3.50005788318642,"M",0,0.25,1,"MED HIGH NA",NA
5,10,149.608610341269,7,3,3.49890044635899,"M",0,0.25,1,"MED HIGH NA",NA
5,11,151.833271982885,7,3,3.50039935160967,"M",0,0.25,1,"MED HIGH NA",NA
5,12,192.051133102792,12,8,8.49928572787305,"M",0,0.25,1,"MED HIGH NA",NA
5,13,97.7966349405099,5,1,1.4989240339331,"M",0,0.25,1,"MED HIGH NA",NA
6,1,61.505540402696,5,0,0.500351772568453,"M",0,0.25,1,"MED HIGH NA",NA
6,2,151.540051482208,8,3,3.49721617525624,"M",0,0.25,1,"MED HIGH NA",NA
6,3,64.7976270019931,5,0,0.499473785482944,"M",0,0.25,1,"MED HIGH NA",NA
6,4,94.5636111179114,6,1,1.5003308924839,"M",0,0.25,1,"MED HIGH NA",NA
6,5,189.19115376091,10,5,5.49894888700501,"M",0,0.25,1,"MED HIGH NA",NA
6,6,63.1408619875047,5,0,0.498792548226131,"M",0,0.25,1,"MED HIGH NA",NA
6,7,96.1787057081218,6,1,1.49943600043532,"M",0,0.25,1,"MED HIGH NA",NA
6,8,138.310579818017,8,3,3.50206536706856,"M",0,0.25,1,"MED HIGH NA",NA
6,9,96.7146546219026,6,1,1.49980990202108,"M",0,0.25,1,"MED HIGH NA",NA
6,10,92.4378527382732,6,1,1.50032248187194,"M",0,0.25,1,"MED HIGH NA",NA
6,11,129.133831343176,7,2,2.50111635307529,"M",0,0.25,1,"MED HIGH NA",NA
6,12,156.480749718575,8,3,3.50223167760727,"M",0,0.25,1,"MED HIGH NA",NA
7,1,100.893167113442,7,1,1.49943088932696,"M",0,0.25,1,"MED HIGH NA",NA
7,2,181.08726588688,10,4,4.49859803122333,"M",0,0.25,1,"MED HIGH NA",NA
7,3,132.993223054093,8,2,2.50038751097919,"M",0,0.25,1,"MED HIGH NA",NA
7,4,114.279920216624,8,2,2.50062743879976,"M",0,0.25,1,"MED HIGH NA",NA
7,5,100.148212384821,7,1,1.49893237096024,"M",0,0.25,1,"MED HIGH NA",NA
7,6,161.475055859476,13,7,7.49964059367808,"M",0,0.25,1,"MED HIGH NA",NA
7,7,62.0140049027119,6,0,0.497258461679234,"M",0,0.25,1,"MED HIGH NA",NA
7,8,99.3965998885603,7,1,1.50025771135486,"M",0,0.25,1,"MED HIGH NA",NA
7,9,195.120570572821,12,6,6.49804830735006,"M",0,0.25,1,"MED HIGH NA",NA
7,10,127.258185982413,8,2,2.49915671752074,"M",0,0.25,1,"MED HIGH NA",NA
7,11,102.460189388221,7,1,1.49920321713215,"M",0,0.25,1,"MED HIGH NA",NA
7,12,63.3950849376939,6,0,0.499242977675875,"M",0,0.25,1,"MED HIGH NA",NA
8,1,101.479469220987,8,1,1.50043206098805,"M",0,0.25,1,"MED HIGH NA",NA
8,2,164.226221029236,10,3,3.49980217153245,"M",0,0.25,1,"MED HIGH NA",NA
8,3,192.556043506851,12,5,5.50141212388052,"M",0,0.25,1,"MED HIGH NA",NA
8,4,105.001206477836,8,1,1.49979409883434,"M",0,0.25,1,"MED HIGH NA",NA
8,5,181.786525361808,14,7,7.50067556647343,"M",0,0.25,1,"MED HIGH NA",NA
8,6,94.6725257166628,8,1,1.49849503089589,"M",0,0.25,1,"MED HIGH NA",NA
8,7,65.4240031685508,7,0,0.500525493104888,"M",0,0.25,1,"MED HIGH NA",NA
8,8,165.481185312714,10,3,3.50083314794061,"M",0,0.25,1,"MED HIGH NA",NA
8,9,183.027986270903,14,7,7.49916684303104,"M",0,0.25,1,"MED HIGH NA",NA
8,10,135.179877373279,9,2,2.4977519543724,"M",0,0.25,1,"MED HIGH NA",NA
8,11,215.785684419271,14,7,7.49908434248249,"M",0,0.25,1,"MED HIGH NA",NA
9,1,191.491697213951,14,6,6.50084141230673,"M",0,0.25,1,"MED HIGH NA",NA
9,2,96.2724636457381,9,1,1.5000520384137,"M",0,0.25,1,"MED HIGH NA",NA
9,3,154.791604102905,11,3,3.49991953077483,"M",0,0.25,1,"MED HIGH NA",NA
9,4,164.99546550884,12,4,4.49914760365525,"M",0,0.25,1,"MED HIGH NA",NA
9,5,125.551423980931,10,2,2.4997522124474,"M",0,0.25,1,"MED HIGH NA",NA
9,6,181.565591053194,14,6,6.49925631546006,"M",0,0.25,1,"MED HIGH NA",NA
9,7,96.9509340329189,9,1,1.49988087407333,"M",0,0.25,1,"MED HIGH NA",NA
9,8,63.8643309240238,8,0,0.500382681600546,"M",0,0.25,1,"MED HIGH NA",NA
9,9,62.3646884923192,8,0,0.498733526332656,"M",0,0.25,1,"MED HIGH NA",NA
9,10,62.9042263418494,8,0,0.500525841609988,"M",0,0.25,1,"MED HIGH NA",NA
9,11,143.919684108421,11,3,3.49980014988952,"M",0,0.25,1,"MED HIGH NA",NA
10,1,148.258914756298,13,4,4.50072562904524,"M",0,0.25,1,"MED HIGH NA",NA
10,2,62.3738254318568,9,0,0.498422608192195,"M",0,0.25,1,"MED HIGH NA",NA
10,3,96.6804379816769,10,1,1.49910708601161,"M",0,0.25,1,"MED HIGH NA",NA
10,4,157.408673486814,13,4,4.50044269847284,"M",0,0.25,1,"MED HIGH NA",NA
10,5,162.070498681521,14,5,5.49918978184711,"M",0,0.25,1,"MED HIGH NA",NA
10,6,102.818660108379,10,1,1.50019101781187,"M",0,0.25,1,"MED HIGH NA",NA
10,7,118.593950129293,11,2,2.49975666904102,"M",0,0.25,1,"MED HIGH NA",NA
10,8,93.1493087379642,10,1,1.50010641027648,"M",0,0.25,1,"MED HIGH NA",NA
10,9,127.875574151703,11,2,2.49878723304891,"M",0,0.25,1,"MED HIGH NA",NA
10,10,61.5995752340181,9,0,0.50089445435718,"M",0,0.25,1,"MED HIGH NA",NA
11,1,95.955451011078,11,1,1.50038115123572,"M",0,0.25,1,"MED HIGH NA",NA
11,2,129.803707533918,12,2,2.50063169510879,"M",0,0.25,1,"MED HIGH NA",NA
11,3,102.406835948715,11,1,1.50109258076397,"M",0,0.25,1,"MED HIGH NA",NA
11,4,145.741197871139,13,3,3.49969234466461,"M",0,0.25,1,"MED HIGH NA",NA
11,5,161.172140422365,14,4,4.50047061440014,"M",0,0.25,1,"MED HIGH NA",NA
11,6,61.2463460790968,10,0,0.498766212939356,"M",0,0.25,1,"MED HIGH NA",NA
11,7,173.559995770894,14,4,4.50057772057472,"M",0,0.25,1,"MED HIGH NA",NA
11,8,152.297241910609,13,3,3.50115611340558,"M",0,0.25,1,"MED HIGH NA",NA
11,9,123.143062543215,12,2,2.50120910381488,"M",0,0.25,1,"MED HIGH NA",NA
11,10,130.328761149554,12,2,2.50233962363583,"M",0,0.25,1,"MED HIGH NA",NA
11,11,128.535180027671,12,2,2.50033752449557,"M",0,0.25,1,"MED HIGH NA",NA
11,12,166.166930455704,15,5,5.50094198840525,"M",0,0.25,1,"MED HIGH NA",NA
12,1,148.504225251384,15,4,4.49945852957871,"M",0,0.25,1,"MED HIGH NA",NA
12,2,64.2254731136029,11,0,0.499970965717434,"M",0,0.25,1,"MED HIGH NA",NA
12,3,62.5999400496645,11,0,0.499246605949037,"M",0,0.25,1,"MED HIGH NA",NA
12,4,157.660010370837,14,3,3.49889123686008,"M",0,0.25,1,"MED HIGH NA",NA
12,5,161.379366039652,14,3,3.49880051477217,"M",0,0.25,1,"MED HIGH NA",NA
12,6,136.569190587704,14,3,3.49988442251077,"M",0,0.25,1,"MED HIGH NA",NA
12,7,97.7225958449164,12,1,1.49803008961965,"M",0,0.25,1,"MED HIGH NA",NA
12,8,102.831361571715,12,1,1.5013480786272,"M",0,0.25,1,"MED HIGH NA",NA
12,9,97.3530531147406,12,1,1.50020428854105,"M",0,0.25,1,"MED HIGH NA",NA
12,10,121.597820150642,13,2,2.4994493271633,"M",0,0.25,1,"MED HIGH NA",NA
12,11,189.59426368359,18,7,7.49953933631622,"M",0,0.25,1,"MED HIGH NA",NA
12,12,174.009950920509,16,5,5.49944354310546,"M",0,0.25,1,"MED HIGH NA",NA
12,13,64.4137740164106,11,0,0.499510873087127,"M",0,0.25,1,"MED HIGH NA",NA
13,1,154.459833428428,15,3,3.49977265044274,"M",0,0.25,1,"MED HIGH NA",NA
13,2,170.764362673611,16,4,4.49863241651565,"M",0,0.25,1,"MED HIGH NA",NA
13,3,131.804342817611,15,3,3.50077369130887,"M",0,0.25,1,"MED HIGH NA",NA
13,4,61.0086662830652,12,0,0.498422898515099,"M",0,0.25,1,"MED HIGH NA",NA
13,5,59.581235595587,12,0,0.499621585584174,"M",0,0.25,1,"MED HIGH NA",NA
13,6,64.9875254693151,12,0,0.500228865914823,"M",0,0.25,1,"MED HIGH NA",NA
13,7,99.32504979737,13,1,1.49837682365657,"M",0,0.25,1,"MED HIGH NA",NA
13,8,95.9668672882658,13,1,1.49905183505643,"M",0,0.25,1,"MED HIGH NA",NA
13,9,63.8866892364176,12,0,0.500378881593126,"M",0,0.25,1,"MED HIGH NA",NA
13,10,203.672245904023,24,12,12.5000939789015,"M",0,0.25,1,"MED HIGH NA",NA
13,11,64.2537493158177,12,0,0.500190544930696,"M",0,0.25,1,"MED HIGH NA",NA
13,12,99.8852689777269,13,1,1.50022711558032,"M",0,0.25,1,"MED HIGH NA",NA
13,13,94.7194562231911,13,1,1.49825537669795,"M",0,0.25,1,"MED HIGH NA",NA
14,1,127.776632284165,15,2,2.50185035435586,"M",0,0.25,1,"MED HIGH NA",NA
14,2,62.9885159408676,13,0,0.498035103276823,"M",0,0.25,1,"MED HIGH NA",NA
14,3,132.203263638395,15,2,2.50015267718756,"M",0,0.25,1,"MED HIGH NA",NA
14,4,184.562511693444,24,11,11.4996502398695,"M",0,0.25,1,"MED HIGH NA",NA
14,5,101.930148032407,14,1,1.50045500568059,"M",0,0.25,1,"MED HIGH NA",NA
14,6,59.6381573833556,13,0,0.500899834842607,"M",0,0.25,1,"MED HIGH NA",NA
14,7,103.075125419429,14,1,1.50000817548576,"M",0,0.25,1,"MED HIGH NA",NA
14,8,188.473910104562,18,5,5.50081837628487,"M",0,0.25,1,"MED HIGH NA",NA
14,9,95.1888077706667,14,1,1.50035509161412,"M",0,0.25,1,"MED HIGH NA",NA
14,10,175.38541817199,20,7,7.49950030257496,"M",0,0.25,1,"MED HIGH NA",NA
14,11,218.435480027799,22,9,9.50025851612055,"M",0,0.25,1,"MED HIGH NA",NA
14,12,92.8629770666328,14,1,1.5000068570763,"M",0,0.25,1,"MED HIGH NA",NA
14,13,62.1129873783384,13,0,0.501005918666241,"M",0,0.25,1,"MED HIGH NA",NA
15,1,156.429989434539,17,3,3.4983198797166,"M",0,0.25,1,"MED HIGH NA",NA
15,2,61.3084768455765,14,0,0.499870976244536,"M",0,0.25,1,"MED HIGH NA",NA
15,3,229.525655234857,27,13,13.4989855757942,"M",0,0.25,1,"MED HIGH NA",NA
15,4,178.042699110402,19,5,5.4970984233532,"M",0,0.25,1,"MED HIGH NA",NA
15,5,61.5731387219975,14,0,0.501143151846932,"M",0,0.25,1,"MED HIGH NA",NA
15,6,198.990103386848,20,6,6.49774117503126,"M",0,0.25,1,"MED HIGH NA",NA
15,7,139.983170962329,17,3,3.49972505715244,"M",0,0.25,1,"MED HIGH NA",NA
15,8,92.1270422368991,15,1,1.50052568609019,"M",0,0.25,1,"MED HIGH NA",NA
15,9,181.327847602837,18,4,4.50059782262587,"M",0,0.25,1,"MED HIGH NA",NA
15,10,125.729310543175,16,2,2.50126348698317,"M",0,0.25,1,"MED HIGH NA",NA
15,11,61.8904821209607,14,0,0.50211985578813,"M",0,0.25,1,"MED HIGH NA",NA
16,1,151.378816147614,18,3,3.50094669424374,"M",0,0.25,1,"MED HIGH NA",NA
16,2,170.388763417157,21,6,6.49981298570346,"M",0,0.25,1,"MED HIGH NA",NA
16,3,177.420072260074,21,6,6.49928383023308,"M",0,0.25,1,"MED HIGH NA",NA
16,4,62.0749907121705,15,0,0.500858837134484,"M",0,0.25,1,"MED HIGH NA",NA
16,5,95.8627724532246,16,1,1.49979868714172,"M",0,0.25,1,"MED HIGH NA",NA
16,6,150.389375013933,18,3,3.49948591880831,"M",0,0.25,1,"MED HIGH NA",NA
16,7,122.685817398673,17,2,2.50036971611812,"M",0,0.25,1,"MED HIGH NA",NA
16,8,183.676515687316,21,6,6.49958998290454,"M",0,0.25,1,"MED HIGH NA",NA
16,9,94.3589718222738,16,1,1.49984423045673,"M",0,0.25,1,"MED HIGH NA",NA
16,10,142.650953935338,18,3,3.49952403765704,"M",0,0.25,1,"MED HIGH NA",NA
16,11,92.1773092234816,16,1,1.4993611892822,"M",0,0.25,1,"MED HIGH NA",NA
16,12,132.868216836352,17,2,2.49972988604817,"M",0,0.25,1,"MED HIGH NA",NA
16,13,99.3647038056596,16,1,1.50039777462409,"M",0,0.25,1,"MED HIGH NA",NA
17,1,184.97814443065,23,7,7.49893102536698,"M",0,0.25,1,"MED HIGH NA",NA
17,2,194.961798898897,21,5,5.49936258050013,"M",0,0.25,1,"MED HIGH NA",NA
17,3,100.663381549144,17,1,1.49919016595585,"M",0,0.25,1,"MED HIGH NA",NA
17,4,60.6513397940589,16,0,0.500527046119449,"M",0,0.25,1,"MED HIGH NA",NA
17,5,133.191945942724,18,2,2.50047437374381,"M",0,0.25,1,"MED HIGH NA",NA
17,6,96.5243696926066,17,1,1.49943214300936,"M",0,0.25,1,"MED HIGH NA",NA
17,7,95.0384645129213,17,1,1.50091006199886,"M",0,0.25,1,"MED HIGH NA",NA
17,8,148.914272021025,20,4,4.5000437128367,"M",0,0.25,1,"MED HIGH NA",NA
17,9,179.337312374615,23,7,7.49882698066647,"M",0,0.25,1,"MED HIGH NA",NA
17,10,234.763298189003,25,9,9.50056014022033,"M",0,0.25,1,"MED HIGH NA",NA
18,1,133.683055962321,19,2,2.5001274881472,"M",0,0.25,1,"MED HIGH NA",NA
18,2,139.040737471777,19,2,2.50021003265176,"M",0,0.25,1,"MED HIGH NA",NA
18,3,187.412855498612,23,6,6.50149039225283,"M",0,0.25,1,"MED HIGH NA",NA
18,4,62.9753060715221,17,0,0.498914624050308,"M",0,0.25,1,"MED HIGH NA",NA
18,5,145.114714870514,20,3,3.50115617394195,"M",0,0.25,1,"MED HIGH NA",NA
18,6,63.3973894894465,17,0,0.500114306793489,"M",0,0.25,1,"MED HIGH NA",NA
18,7,61.6567099219332,17,0,0.502513472419924,"M",0,0.25,1,"MED HIGH NA",NA
18,8,115.14866674603,19,2,2.49943410524613,"M",0,0.25,1,"MED HIGH NA",NA
18,9,222.091006209954,25,8,8.50064487983679,"M",0,0.25,1,"MED HIGH NA",NA
18,10,158.20952538942,22,5,5.50078011317909,"M",0,0.25,1,"MED HIGH NA",NA
18,11,138.404611210733,20,3,3.49983357943141,"M",0,0.25,1,"MED HIGH NA",NA
19,1,165.880423177891,22,4,4.50038248904105,"M",0,0.25,1,"MED HIGH NA",NA
19,2,62.1093864193926,18,0,0.500248640433888,"M",0,0.25,1,"MED HIGH NA",NA
19,3,61.5821071825821,18,0,0.502308965770653,"M",0,0.25,1,"MED HIGH NA",NA
19,4,111.645420300819,20,2,2.50077557144478,"M",0,0.25,1,"MED HIGH NA",NA
19,5,137.965128199072,21,3,3.49997558179403,"M",0,0.25,1,"MED HIGH NA",NA
19,6,153.486559758728,21,3,3.49945805402166,"M",0,0.25,1,"MED HIGH NA",NA
19,7,62.7834783477259,18,0,0.49754983354719,"M",0,0.25,1,"MED HIGH NA",NA
19,8,60.6828305253367,18,0,0.499522906932765,"M",0,0.25,1,"MED HIGH NA",NA
19,9,155.882451897817,21,3,3.50033874547311,"M",0,0.25,1,"MED HIGH NA",NA
19,10,61.2191916329481,18,0,0.499639866768337,"M",0,0.25,1,"MED HIGH NA",NA
20,1,187.652606517539,25,6,6.49910676841495,"M",0,0.25,1,"MED HIGH NA",NA
20,2,145.01569937709,22,3,3.49742274159871,"M",0,0.25,1,"MED HIGH NA",NA
20,3,126.683867106556,21,2,2.49945178669346,"M",0,0.25,1,"MED HIGH NA",NA
20,4,182.05268880167,25,6,6.49982137022026,"M",0,0.25,1,"MED HIGH NA",NA
20,5,63.4892599777377,19,0,0.498150661382026,"M",0,0.25,1,"MED HIGH NA",NA
20,6,207.684558183477,25,6,6.50017286183437,"M",0,0.25,1,"MED HIGH NA",NA
20,7,144.577439657324,22,3,3.5009367499911,"M",0,0.25,1,"MED HIGH NA",NA
20,8,62.8245433466852,19,0,0.500703736066618,"M",0,0.25,1,"MED HIGH NA",NA
20,9,179.440481374211,24,5,5.50013432198828,"M",0,0.25,1,"MED HIGH NA",NA
20,10,100.900916174884,20,1,1.50042073212149,"M",0,0.25,1,"MED HIGH NA",NA
20,11,122.312928557045,21,2,2.49931834993997,"M",0,0.25,1,"MED HIGH NA",NA
20,12,187.655428231164,23,4,4.4990119800665,"M",0,0.25,1,"MED HIGH NA",NA
21,1,161.070398102531,24,4,4.49861342251269,"M",0,0.25,1,"MED HIGH NA",NA
21,2,132.913493424191,22,2,2.49865997164018,"M",0,0.25,1,"MED HIGH NA",NA
21,3,67.4520941947657,20,0,0.498292565967245,"M",0,0.25,1,"MED HIGH NA",NA
21,4,101.07069413868,21,1,1.49881962082948,"M",0,0.25,1,"MED HIGH NA",NA
21,5,186.400296770727,25,5,5.50021161884769,"M",0,0.25,1,"MED HIGH NA",NA
21,6,122.632357221028,22,2,2.50133826938778,"M",0,0.25,1,"MED HIGH NA",NA
21,7,97.878698451267,21,1,1.50047282437219,"M",0,0.25,1,"MED HIGH NA",NA
21,8,152.385813442145,23,3,3.49926625354153,"M",0,0.25,1,"MED HIGH NA",NA
21,9,209.894714822983,28,8,8.50015219133605,"M",0,0.25,1,"MED HIGH NA",NA
21,10,153.687125683936,24,4,4.50090320976815,"M",0,0.25,1,"MED HIGH NA",NA
21,11,98.1999464119551,21,1,1.50135590923428,"M",0,0.25,1,"MED HIGH NA",NA
22,1,145.115979743257,24,3,3.49950226010899,"M",0,0.25,1,"MED HIGH NA",NA
22,2,103.610313753937,22,1,1.50058748068129,"M",0,0.25,1,"MED HIGH NA",NA
22,3,211.017888281222,30,9,9.50258782294699,"M",0,0.25,1,"MED HIGH NA",NA
22,4,125.299468491098,23,2,2.49997782996947,"M",0,0.25,1,"MED HIGH NA",NA
22,5,146.347945527209,24,3,3.50000714843417,"M",0,0.25,1,"MED HIGH NA",NA
22,6,179.187214392587,26,5,5.49864721291057,"M",0,0.25,1,"MED HIGH NA",NA
22,7,62.786601515966,21,0,0.501072972052644,"M",0,0.25,1,"MED HIGH NA",NA
22,8,60.3825008268017,21,0,0.500553683762957,"M",0,0.25,1,"MED HIGH NA",NA
22,9,154.931018649655,25,4,4.4995444321857,"M",0,0.25,1,"MED HIGH NA",NA
22,10,98.8775015086361,22,1,1.50051329694214,"M",0,0.25,1,"MED HIGH NA",NA
22,11,203.48126114751,27,6,6.49897636178857,"M",0,0.25,1,"MED HIGH NA",NA
22,12,166.177483991232,26,5,5.50121379478111,"M",0,0.25,1,"MED HIGH NA",NA
22,13,171.917730056672,28,7,7.49838832375916,"M",0,0.25,1,"MED HIGH NA",NA
22,14,222.200401163185,29,8,8.498972732983,"M",0,0.25,1,"MED HIGH NA",NA
23,1,61.5018630288869,22,0,0.499561404654938,"M",0,0.25,1,"MED HIGH NA",NA
23,2,63.7680134989019,22,0,0.500821092681972,"M",0,0.25,1,"MED HIGH NA",NA
23,3,172.995506951253,26,4,4.50234565633985,"M",0,0.25,1,"MED HIGH NA",NA
23,4,190.440615794175,36,14,14.500517390162,"M",0,0.25,1,"MED HIGH NA",NA
23,5,63.638467311914,22,0,0.499635154075487,"M",0,0.25,1,"MED HIGH NA",NA
23,6,148.119009481664,25,3,3.50031630047821,"M",0,0.25,1,"MED HIGH NA",NA
23,7,120.47169067957,24,2,2.49928263255357,"M",0,0.25,1,"MED HIGH NA",NA
23,8,128.560256442262,24,2,2.50097829344776,"M",0,0.25,1,"MED HIGH NA",NA
23,9,144.70122047315,25,3,3.49970846149317,"M",0,0.25,1,"MED HIGH NA",NA
23,10,201.898909600247,32,10,10.500977946903,"M",0,0.25,1,"MED HIGH NA",NA
23,11,101.885624663505,23,1,1.50159165328275,"M",0,0.25,1,"MED HIGH NA",NA
23,12,60.8176238676515,22,0,0.498722004967978,"M",0,0.25,1,"MED HIGH NA",NA
23,13,204.707656521908,29,7,7.49912939296565,"M",0,0.25,1,"MED HIGH NA",NA
24,1,148.120494555689,26,3,3.49955041254201,"M",0,0.25,1,"MED HIGH NA",NA
24,2,130.942457136877,25,2,2.49966329575267,"M",0,0.25,1,"MED HIGH NA",NA
24,3,64.3529209890648,23,0,0.501137495301318,"M",0,0.25,1,"MED HIGH NA",NA
24,4,153.121696617971,26,3,3.49682324367937,"M",0,0.25,1,"MED HIGH NA",NA
24,5,167.873777358457,27,4,4.50071638170184,"M",0,0.25,1,"MED HIGH NA",NA
24,6,63.861005014727,23,0,0.500839436045993,"M",0,0.25,1,"MED HIGH NA",NA
24,7,184.278377301114,32,9,9.50097925126607,"M",0,0.25,1,"MED HIGH NA",NA
24,8,160.827806760068,27,4,4.50162492082381,"M",0,0.25,1,"MED HIGH NA",NA
24,9,95.209710119377,24,1,1.5012937800586,"M",0,0.25,1,"MED HIGH NA",NA
24,10,210.136883819472,37,14,14.5000304222459,"M",0,0.25,1,"MED HIGH NA",NA
24,11,214.826849178724,30,7,7.50100327914087,"M",0,0.25,1,"MED HIGH NA",NA
25,1,173.583605942163,28,4,4.49901988369934,"M",0,0.25,1,"MED HIGH NA",NA
25,2,164.561693908114,27,3,3.50027176106707,"M",0,0.25,1,"MED HIGH NA",NA
25,3,96.4117667366937,25,1,1.50016957059823,"M",0,0.25,1,"MED HIGH NA",NA
25,4,215.032272681766,37,13,13.4998759555813,"M",0,0.25,1,"MED HIGH NA",NA
25,5,118.949422558449,26,2,2.50213888719642,"M",0,0.25,1,"MED HIGH NA",NA
25,6,189.03313424567,35,11,11.5018430965068,"M",0,0.25,1,"MED HIGH NA",NA
25,7,191.441616669628,32,8,8.50046625471595,"M",0,0.25,1,"MED HIGH NA",NA
25,8,217.643307289933,35,11,11.4996242278865,"M",0,0.25,1,"MED HIGH NA",NA
25,9,93.0728235935359,25,1,1.50024441113411,"M",0,0.25,1,"MED HIGH NA",NA
25,10,93.6552402605647,25,1,1.49809272399355,"M",0,0.25,1,"MED HIGH NA",NA
25,11,181.576358566294,28,4,4.49894088232148,"M",0,0.25,1,"MED HIGH NA",NA
26,1,64.1381747866445,25,0,0.501241237064866,"M",0,0.25,1,"MED HIGH NA",NA
26,2,131.765583904024,27,2,2.49943206346065,"M",0,0.25,1,"MED HIGH NA",NA
26,3,195.850045011665,31,6,6.50180236238337,"M",0,0.25,1,"MED HIGH NA",NA
26,4,200.530274708115,33,8,8.50032465964268,"M",0,0.25,1,"MED HIGH NA",NA
26,5,62.2251916072197,25,0,0.500858384445379,"M",0,0.25,1,"MED HIGH NA",NA
26,6,98.6689699022931,26,1,1.50072556023419,"M",0,0.25,1,"MED HIGH NA",NA
26,7,203.246153659781,31,6,6.50101325213027,"M",0,0.25,1,"MED HIGH NA",NA
26,8,65.8231452765169,25,0,0.502795711248748,"M",0,0.25,1,"MED HIGH NA",NA
26,9,135.601205236936,27,2,2.49784285290034,"M",0,0.25,1,"MED HIGH NA",NA
26,10,95.8143955432511,26,1,1.49997472844686,"M",0,0.25,1,"MED HIGH NA",NA
26,11,124.486340729815,27,2,2.49969646067054,"M",0,0.25,1,"MED HIGH NA",NA
27,1,124.155517515951,28,2,2.50111734977888,"M",0,0.25,1,"MED HIGH NA",NA
27,2,105.242477193365,27,1,1.49907728286143,"M",0,0.25,1,"MED HIGH NA",NA
27,3,124.017907815114,28,2,2.50021674827345,"M",0,0.25,1,"MED HIGH NA",NA
27,4,146.962237753541,29,3,3.49976163635148,"M",0,0.25,1,"MED HIGH NA",NA
27,5,131.382714984558,28,2,2.49853553625543,"M",0,0.25,1,"MED HIGH NA",NA
27,6,172.000054582661,30,4,4.49959869056542,"M",0,0.25,1,"MED HIGH NA",NA
27,7,174.66300898392,30,4,4.49914798423342,"M",0,0.25,1,"MED HIGH NA",NA
27,8,226.843495042403,34,8,8.50059350887659,"M",0,0.25,1,"MED HIGH NA",NA
27,9,60.6665873222906,26,0,0.50013350547783,"M",0,0.25,1,"MED HIGH NA",NA
27,10,143.931485794816,29,3,3.50049332296895,"M",0,0.25,1,"MED HIGH NA",NA
27,11,130.846137879556,28,2,2.50021973063942,"M",0,0.25,1,"MED HIGH NA",NA
27,12,64.8895765371192,26,0,0.501423193379861,"M",0,0.25,1,"MED HIGH NA",NA
27,13,99.930321654705,27,1,1.49864023523573,"M",0,0.25,1,"MED HIGH NA",NA
28,1,116.202725781109,29,2,2.49981395463863,"M",0,0.25,1,"MED HIGH NA",NA
28,2,98.8334602186807,28,1,1.49957424117023,"M",0,0.25,1,"MED HIGH NA",NA
28,3,158.480679623295,30,3,3.49976963785487,"M",0,0.25,1,"MED HIGH NA",NA
28,4,97.2654668963264,28,1,1.49924172884351,"M",0,0.25,1,"MED HIGH NA",NA
28,5,132.61574438174,29,2,2.50007858582852,"M",0,0.25,1,"MED HIGH NA",NA
28,6,191.681758027226,33,6,6.49796163320147,"M",0,0.25,1,"MED HIGH NA",NA
28,7,162.94492457283,32,5,5.49911498294756,"M",0,0.25,1,"MED HIGH NA",NA
28,8,177.277941991164,32,5,5.5011091812979,"M",0,0.25,1,"MED HIGH NA",NA
28,9,63.9051863595198,27,0,0.50013051326658,"M",0,0.25,1,"MED HIGH NA",NA
28,10,102.671199071725,28,1,1.5029577236263,"M",0,0.25,1,"MED HIGH NA",NA
28,11,178.267586187546,33,6,6.49919773589499,"M",0,0.25,1,"MED HIGH NA",NA
28,12,120.618148853207,29,2,2.50006029390244,"M",0,0.25,1,"MED HIGH NA",NA
28,13,227.64538320063,36,9,9.50041467941654,"M",0,0.25,1,"MED HIGH NA",NA
29,1,238.80737717864,39,11,11.5002887771952,"M",0,0.25,1,"MED HIGH NA",NA
29,2,196.625909107045,40,12,12.5001858719467,"M",0,0.25,1,"MED HIGH NA",NA
29,3,213.285687207207,39,11,11.500771380016,"M",0,0.25,1,"MED HIGH NA",NA
29,4,119.057934008273,30,2,2.50074345215369,"M",0,0.25,1,"MED HIGH NA",NA
29,5,174.363570146948,33,5,5.50025292445082,"M",0,0.25,1,"MED HIGH NA",NA
29,6,62.9681433492796,28,0,0.498978746993337,"M",0,0.25,1,"MED HIGH NA",NA
29,7,134.188834345635,30,2,2.50010108783236,"M",0,0.25,1,"MED HIGH NA",NA
29,8,149.43616435051,31,3,3.50161216169271,"M",0,0.25,1,"MED HIGH NA",NA
29,9,168.182015277516,32,4,4.49910490095857,"M",0,0.25,1,"MED HIGH NA",NA
29,10,61.8699090074291,28,0,0.498100244438067,"M",0,0.25,1,"MED HIGH NA",NA
29,11,171.707541108343,33,5,5.50123122681612,"M",0,0.25,1,"MED HIGH NA",NA
29,12,143.282697178947,31,3,3.5008079183081,"M",0,0.25,1,"MED HIGH NA",NA
29,13,59.2715501284585,28,0,0.499813531512688,"M",0,0.25,1,"MED HIGH NA",NA
29,14,62.8454564079622,28,0,0.500463410251198,"M",0,0.25,1,"MED HIGH NA",NA
29,15,160.455903978347,32,4,4.50065739462517,"M",0,0.25,1,"MED HIGH NA",NA
29,16,195.120270876965,37,9,9.49969948155202,"M",0,0.25,1,"MED HIGH NA",NA
30,1,64.5804352353296,29,0,0.49820503826883,"M",0,0.25,1,"MED HIGH NA",NA
30,2,213.772866955855,41,12,12.4989144236154,"M",0,0.25,1,"MED HIGH NA",NA
30,3,120.601393730337,31,2,2.49860135165706,"M",0,0.25,1,"MED HIGH NA",NA
30,4,249.268542805167,42,13,13.5003260269693,"M",0,0.25,1,"MED HIGH NA",NA
30,5,101.255226057414,30,1,1.50077308844649,"M",0,0.25,1,"MED HIGH NA",NA
30,6,194.697272389425,36,7,7.50030263392205,"M",0,0.25,1,"MED HIGH NA",NA
30,7,187.330095137799,34,5,5.50045981003279,"M",0,0.25,1,"MED HIGH NA",NA
30,8,61.4304105277661,29,0,0.498402390816782,"M",0,0.25,1,"MED HIGH NA",NA
30,9,173.247572729276,40,11,11.5010009411305,"M",0,0.25,1,"MED HIGH NA",NA
30,10,138.942801283831,32,3,3.50043745215023,"M",0,0.25,1,"MED HIGH NA",NA
30,11,165.827370235241,33,4,4.49960029990172,"M",0,0.25,1,"MED HIGH NA",NA
30,12,116.067022844418,31,2,2.50127156902136,"M",0,0.25,1,"MED HIGH NA",NA
30,13,171.968733118849,34,5,5.50081527832319,"M",0,0.25,1,"MED HIGH NA",NA
31,1,162.678303626819,34,4,4.4989727249355,"M",0,0.25,1,"MED HIGH NA",NA
31,2,98.6084916672289,31,1,1.50139642556654,"M",0,0.25,1,"MED HIGH NA",NA
31,3,64.3868307394763,30,0,0.500637770330213,"M",0,0.25,1,"MED HIGH NA",NA
31,4,93.3989178725978,31,1,1.4990451198343,"M",0,0.25,1,"MED HIGH NA",NA
31,5,64.5042511114867,30,0,0.499422452763041,"M",0,0.25,1,"MED HIGH NA",NA
31,6,95.9996584502413,31,1,1.5004579896835,"M",0,0.25,1,"MED HIGH NA",NA
31,7,187.929665874093,40,10,10.5013049039016,"M",0,0.25,1,"MED HIGH NA",NA
31,8,143.527215735965,33,3,3.49926761125684,"M",0,0.25,1,"MED HIGH NA",NA
31,9,190.24931061971,34,4,4.5003903757714,"M",0,0.25,1,"MED HIGH NA",NA
31,10,145.844990177258,33,3,3.49914739044367,"M",0,0.25,1,"MED HIGH NA",NA
31,11,62.4803420631291,30,0,0.500233039442882,"M",0,0.25,1,"MED HIGH NA",NA
31,12,63.3677208695061,30,0,0.500869526073849,"M",0,0.25,1,"MED HIGH NA",NA
32,1,194.949431365235,39,8,8.49982811906625,"M",0,0.25,1,"MED HIGH NA",NA
32,2,62.4680024082497,31,0,0.499790552570011,"M",0,0.25,1,"MED HIGH NA",NA
32,3,102.424993064794,32,1,1.50088511192733,"M",0,0.25,1,"MED HIGH NA",NA
32,4,61.808319206822,31,0,0.499607971982599,"M",0,0.25,1,"MED HIGH NA",NA
32,5,154.455355428109,34,3,3.50096742371462,"M",0,0.25,1,"MED HIGH NA",NA
32,6,154.14348760077,35,4,4.50204960486513,"M",0,0.25,1,"MED HIGH NA",NA
32,7,227.560607166001,45,14,14.4992120658088,"M",0,0.25,1,"MED HIGH NA",NA
32,8,63.4068160300985,31,0,0.499755756470617,"M",0,0.25,1,"MED HIGH NA",NA
32,9,60.4997413480861,31,0,0.50131773252433,"M",0,0.25,1,"MED HIGH NA",NA
32,10,117.276682707513,33,2,2.49957332502941,"M",0,0.25,1,"MED HIGH NA",NA
32,11,62.350348365601,31,0,0.498714034869628,"M",0,0.25,1,"MED HIGH NA",NA
33,1,129.659049843392,34,2,2.50082864124287,"M",0,0.25,1,"MED HIGH NA",NA
33,2,226.641027027512,39,7,7.49844798010522,"M",0,0.25,1,"MED HIGH NA",NA
33,3,166.585212968259,37,5,5.50053293698905,"M",0,0.25,1,"MED HIGH NA",NA
33,4,95.1537259682011,33,1,1.49781201459826,"M",0,0.25,1,"MED HIGH NA",NA
33,5,65.0463442759996,32,0,0.501189153489672,"M",0,0.25,1,"MED HIGH NA",NA
33,6,189.620056822062,37,5,5.49872861554862,"M",0,0.25,1,"MED HIGH NA",NA
33,7,98.3840976546204,33,1,1.50032081061492,"M",0,0.25,1,"MED HIGH NA",NA
33,8,128.903662779629,34,2,2.49720120928679,"M",0,0.25,1,"MED HIGH NA",NA
33,9,61.3561478913391,32,0,0.501017266778018,"M",0,0.25,1,"MED HIGH NA",NA
33,10,169.266539019698,37,5,5.50007208801589,"M",0,0.25,1,"MED HIGH NA",NA
33,11,182.637860375399,38,6,6.49943516793846,"M",0,0.25,1,"MED HIGH NA",NA
33,12,188.320117232516,38,6,6.50136348426062,"M",0,0.25,1,"MED HIGH NA",NA
34,1,101.150877442757,34,1,1.49881794944291,"M",0,0.25,1,"MED HIGH NA",NA
34,2,62.5290355083451,33,0,0.500210865195023,"M",0,0.25,1,"MED HIGH NA",NA
34,3,187.055316840018,38,5,5.49966869850134,"M",0,0.25,1,"MED HIGH NA",NA
34,4,218.568848920905,39,6,6.49912500309701,"M",0,0.25,1,"MED HIGH NA",NA
34,5,93.4904737779083,34,1,1.49921570427396,"M",0,0.25,1,"MED HIGH NA",NA
34,6,145.287880211688,36,3,3.50003198342574,"M",0,0.25,1,"MED HIGH NA",NA
34,7,121.512278852908,35,2,2.50224520277566,"M",0,0.25,1,"MED HIGH NA",NA
34,8,130.578130987525,35,2,2.50005633917202,"M",0,0.25,1,"MED HIGH NA",NA
34,9,57.1619673621945,33,0,0.500190596421637,"M",0,0.25,1,"MED HIGH NA",NA
34,10,162.658967658284,37,4,4.50080487753807,"M",0,0.25,1,"MED HIGH NA",NA
35,1,167.062542746533,38,4,4.49960366226967,"M",0,0.25,1,"MED HIGH NA",NA
35,2,62.7490981793467,34,0,0.500663905068789,"M",0,0.25,1,"MED HIGH NA",NA
35,3,154.735569894087,37,3,3.50221316349844,"M",0,0.25,1,"MED HIGH NA",NA
35,4,62.5767435161059,34,0,0.49950600953988,"M",0,0.25,1,"MED HIGH NA",NA
35,5,60.8153062144857,34,0,0.499768673877988,"M",0,0.25,1,"MED HIGH NA",NA
35,6,64.9206415268017,34,0,0.500480448019789,"M",0,0.25,1,"MED HIGH NA",NA
35,7,98.9112136278536,35,1,1.49988051710913,"M",0,0.25,1,"MED HIGH NA",NA
35,8,170.764556530094,38,4,4.50050719139105,"M",0,0.25,1,"MED HIGH NA",NA
35,9,144.746968828894,37,3,3.4980948920337,"M",0,0.25,1,"MED HIGH NA",NA
35,10,93.5500240353659,35,1,1.49925862911426,"M",0,0.25,1,"MED HIGH NA",NA
35,11,61.3680804711753,34,0,0.503228644679148,"M",0,0.25,1,"MED HIGH NA",NA
35,12,125.12121356192,36,2,2.49723167837415,"M",0,0.25,1,"MED HIGH NA",NA
36,1,61.1966444524607,35,0,0.501142037590238,"M",0,0.25,1,"MED HIGH NA",NA
36,2,63.6023132762318,35,0,0.499415721291841,"M",0,0.25,1,"MED HIGH NA",NA
36,3,61.4561948800818,35,0,0.500171804948961,"M",0,0.25,1,"MED HIGH NA",NA
36,4,63.5280565984768,35,0,0.501199114833985,"M",0,0.25,1,"MED HIGH NA",NA
36,5,190.080206974432,40,5,5.49961001802728,"M",0,0.25,1,"MED HIGH NA",NA
36,6,163.515448821604,38,3,3.50245187331681,"M",0,0.25,1,"MED HIGH NA",NA
36,7,96.2962659415206,36,1,1.50034433646248,"M",0,0.25,1,"MED HIGH NA",NA
36,8,63.2881481822379,35,0,0.500209460137058,"M",0,0.25,1,"MED HIGH NA",NA
36,9,125.999257607893,37,2,2.4993127267221,"M",0,0.25,1,"MED HIGH NA",NA
36,10,103.087608140042,36,1,1.49977712530607,"M",0,0.25,1,"MED HIGH NA",NA
36,11,198.226177586375,47,12,12.4981071062004,"M",0,0.25,1,"MED HIGH NA",NA
36,12,125.817674372588,37,2,2.50012476712234,"M",0,0.25,1,"MED HIGH NA",NA
36,13,121.499417046043,37,2,2.5005468392098,"M",0,0.25,1,"MED HIGH NA",NA
37,1,103.01631113834,37,1,1.50069645293906,"M",0,0.25,1,"MED HIGH NA",NA
37,2,198.869790031919,47,11,11.4998123289943,"M",0,0.25,1,"MED HIGH NA",NA
37,3,142.134565589119,39,3,3.49939435520977,"M",0,0.25,1,"MED HIGH NA",NA
37,4,121.357868038649,38,2,2.50058300910383,"M",0,0.25,1,"MED HIGH NA",NA
37,5,198.151053584894,43,7,7.50059262810161,"M",0,0.25,1,"MED HIGH NA",NA
37,6,121.47435919625,38,2,2.49988518146135,"M",0,0.25,1,"MED HIGH NA",NA
37,7,139.258700147518,39,3,3.49958194664654,"M",0,0.25,1,"MED HIGH NA",NA
37,8,100.467714668381,37,1,1.50057345499259,"M",0,0.25,1,"MED HIGH NA",NA
37,9,210.568932381571,48,12,12.4994765578633,"M",0,0.25,1,"MED HIGH NA",NA
37,10,133.628181202888,38,2,2.50030798922792,"M",0,0.25,1,"MED HIGH NA",NA
37,11,100.985823165138,37,1,1.50008558317172,"M",0,0.25,1,"MED HIGH NA",NA
37,12,131.519269916919,38,2,2.49983184815287,"M",0,0.25,1,"MED HIGH NA",NA
37,13,99.3747362380583,37,1,1.50031876654054,"M",0,0.25,1,"MED HIGH NA",NA
38,1,60.9225200907531,37,0,0.498575219230812,"M",0,0.25,1,"MED HIGH NA",NA
38,2,233.161405553432,44,7,7.50033741812795,"M",0,0.25,1,"MED HIGH NA",NA
38,3,122.667951975773,39,2,2.49972010072704,"M",0,0.25,1,"MED HIGH NA",NA
38,4,100.409441396293,38,1,1.50008117542913,"M",0,0.25,1,"MED HIGH NA",NA
38,5,165.69067347158,41,4,4.49986675410902,"M",0,0.25,1,"MED HIGH NA",NA
38,6,221.652571761147,44,7,7.50069063990132,"M",0,0.25,1,"MED HIGH NA",NA
38,7,156.178381665357,41,4,4.49972704565092,"M",0,0.25,1,"MED HIGH NA",NA
38,8,216.930193548738,46,9,9.49767103986583,"M",0,0.25,1,"MED HIGH NA",NA
38,9,61.2620427002312,37,0,0.501647654750466,"M",0,0.25,1,"MED HIGH NA",NA
38,10,181.068940609183,43,6,6.49862858010329,"M",0,0.25,1,"MED HIGH NA",NA
39,1,172.959907903281,43,5,5.50032847546122,"M",0,0.25,1,"MED HIGH NA",NA
39,2,95.0889749325907,39,1,1.49818495334826,"M",0,0.25,1,"MED HIGH NA",NA
39,3,94.8484935575176,39,1,1.50015211165742,"M",0,0.25,1,"MED HIGH NA",NA
39,4,190.440014581076,44,6,6.49997591149034,"M",0,0.25,1,"MED HIGH NA",NA
39,5,220.459420929059,49,11,11.4993053217859,"M",0,0.25,1,"MED HIGH NA",NA
39,6,62.6870373660365,38,0,0.500358150622644,"M",0,0.25,1,"MED HIGH NA",NA
39,7,145.45829403876,41,3,3.49885736348408,"M",0,0.25,1,"MED HIGH NA",NA
39,8,103.098484154423,39,1,1.50129143689954,"M",0,0.25,1,"MED HIGH NA",NA
39,9,61.2124024463519,38,0,0.49991970536647,"M",0,0.25,1,"MED HIGH NA",NA
39,10,181.934884159714,44,6,6.49921433537724,"M",0,0.25,1,"MED HIGH NA",NA
39,11,64.9771760294556,38,0,0.499849445973766,"M",0,0.25,1,"MED HIGH NA",NA
39,12,126.998353936239,40,2,2.50005707838562,"M",0,0.25,1,"MED HIGH NA",NA
39,13,172.125573092419,44,6,6.50101796380556,"M",0,0.25,1,"MED HIGH NA",NA
40,1,187.441738685857,45,6,6.49993409896998,"M",0,0.25,1,"MED HIGH NA",NA
40,2,60.4566524781262,39,0,0.499982268773392,"M",0,0.25,1,"MED HIGH NA",NA
40,3,162.480700553882,43,4,4.4992797036112,"M",0,0.25,1,"MED HIGH NA",NA
40,4,60.8488121560507,39,0,0.500003447162433,"M",0,0.25,1,"MED HIGH NA",NA
40,5,209.340853884901,50,11,11.5011824140673,"M",0.206304968288168,0.25,1,"MED HIGH NA",NA
40,6,155.333700353021,42,3,3.49915357381361,"M",0,0.25,1,"MED HIGH NA",NA
40,7,191.546391883509,45,6,6.50017449341297,"M",0,0.25,1,"MED HIGH NA",NA
40,8,92.8289137055574,40,1,1.50018839592155,"M",0,0.25,1,"MED HIGH NA",NA
40,9,212.673350702085,47,8,8.49716837159554,"M",0,0.25,1,"MED HIGH NA",NA
40,10,149.400221274077,42,3,3.49919536601665,"M",0,0.25,1,"MED HIGH NA",NA
40,11,184.438950241019,44,5,5.50073478293455,"M",0,0.25,1,"MED HIGH NA",NA
40,12,121.076640897135,41,2,2.49856940787904,"M",0,0.25,1,"MED HIGH NA",NA
41,1,101.535755820382,41,1,1.4998774315398,"M",0,0.25,1,"MED HIGH NA",NA
41,2,129.86825018078,42,2,2.50022745606411,"M",0,0.25,1,"MED HIGH NA",NA
41,3,101.476199303578,41,1,1.50055879338171,"M",0,0.25,1,"MED HIGH NA",NA
41,4,219.571259725751,46,6,6.49887175398845,"M",0,0.25,1,"MED HIGH NA",NA
41,5,147.160824527204,43,3,3.50053381742948,"M",0,0.25,1,"MED HIGH NA",NA
41,6,188.0989641696,46,6,6.49843218463356,"M",0,0.25,1,"MED HIGH NA",NA
41,7,211.471240964285,48,8,8.50022678304014,"M",0,0.25,1,"MED HIGH NA",NA
41,8,200.64085084481,44,4,4.4995975853448,"M",0,0.25,1,"MED HIGH NA",NA
41,9,64.463942536384,40,0,0.500233110875069,"M",0,0.25,1,"MED HIGH NA",NA
41,10,228.507977707447,52,12,12.5002257925984,"M",0.262348068039864,0.25,1,"MED HIGH NA",NA
41,11,127.705194322396,42,2,2.50054280492671,"M",0,0.25,1,"MED HIGH NA",NA
41,12,61.5092024784618,40,0,0.501663253665997,"M",0,0.25,1,"MED HIGH NA",NA
42,1,188.742909691812,46,5,5.50101745323663,"M",0,0.25,1,"MED HIGH NA",NA
42,2,195.094787559486,50,9,9.5001947987543,"M",0.206304968288168,0.25,1,"MED HIGH NA",NA
42,3,213.857649359874,51,10,10.4984725037124,"FISHED",0.291899274545722,0.25,1,"MED HIGH NA",NA
42,4,131.484030891486,44,3,3.50065988017224,"M",0,0.25,1,"MED HIGH NA",NA
42,5,91.7821062244743,42,1,1.50047088068721,"M",0,0.25,1,"MED HIGH NA",NA
42,6,61.3341579460437,41,0,0.499666091557111,"M",0,0.25,1,"MED HIGH NA",NA
42,7,172.295466038971,46,5,5.5013586490249,"M",0,0.25,1,"MED HIGH NA",NA
42,8,211.696338579485,50,9,9.50181091706496,"FISHED",0.206304968288168,0.25,1,"MED HIGH NA",NA
42,9,185.555553420427,46,5,5.4988109216252,"M",0,0.25,1,"MED HIGH NA",NA
42,10,63.9399402365881,41,0,0.499777593928236,"M",0,0.25,1,"MED HIGH NA",NA
42,11,143.873892211504,44,3,3.4987568409371,"M",0,0.25,1,"MED HIGH NA",NA
43,1,171.260801354295,46,4,4.50013573548966,"M",0,0.25,1,"MED HIGH NA",NA
43,2,103.552810842117,43,1,1.49979666921042,"M",0,0.25,1,"MED HIGH NA",NA
43,3,147.627112995211,45,3,3.49924062662465,"M",0,0.25,1,"MED HIGH NA",NA
43,4,159.460057776437,45,3,3.49959801946051,"M",0,0.25,1,"MED HIGH NA",NA
43,5,180.296934586062,52,10,10.4996621567965,"FISHED",0.262348068039864,0.25,1,"MED HIGH NA",NA
43,6,63.1783694714366,42,0,0.501970554875256,"M",0,0.25,1,"MED HIGH NA",NA
43,7,62.4903677179793,42,0,0.498540750615789,"M",0,0.25,1,"MED HIGH NA",NA
43,8,159.180242075196,45,3,3.50027990955286,"M",0,0.25,1,"MED HIGH NA",NA
43,9,99.5902648789849,43,1,1.4999222403738,"M",0,0.25,1,"MED HIGH NA",NA
43,10,168.467996429387,47,5,5.50172391950397,"M",0,0.25,1,"MED HIGH NA",NA
43,11,63.1295840145182,42,0,0.499319828261885,"M",0,0.25,1,"MED HIGH NA",NA
43,12,162.549988575023,46,4,4.49908212714302,"M",0,0.25,1,"MED HIGH NA",NA
43,13,198.779509532889,48,6,6.50114239564104,"M",0,0.25,1,"MED HIGH NA",NA
44,1,115.764715353718,45,2,2.50015986291427,"M",0,0.25,1,"MED HIGH NA",NA
44,2,62.1508704006703,43,0,0.502183015321361,"M",0,0.25,1,"MED HIGH NA",NA
44,3,168.508513356068,49,6,6.49779037938725,"M",0,0.25,1,"MED HIGH NA",NA
44,4,221.993456809817,50,7,7.50013055328823,"FISHED",0.206304968288168,0.25,1,"MED HIGH NA",NA
44,5,189.432281280483,49,6,6.49971851854158,"M",0,0.25,1,"MED HIGH NA",NA
44,6,145.475121896435,46,3,3.50028948618918,"M",0,0.25,1,"MED HIGH NA",NA
44,7,59.2975849483951,43,0,0.499696252900701,"M",0,0.25,1,"MED HIGH NA",NA
44,8,193.664479312962,51,8,8.4999928194211,"FISHED",0.291899274545722,0.25,1,"MED HIGH NA",NA
44,9,217.703470979602,49,6,6.49935325930598,"M",0,0.25,1,"MED HIGH NA",NA
44,10,99.637456455606,44,1,1.49887799680051,"M",0,0.25,1,"MED HIGH NA",NA
44,11,96.6562116088061,44,1,1.49961127700606,"M",0,0.25,1,"MED HIGH NA",NA
45,1,117.937388810897,46,2,2.50061145834031,"M",0,0.25,1,"MED HIGH NA",NA
45,2,95.7253467233607,45,1,1.50162983961118,"M",0,0.25,1,"MED HIGH NA",NA
45,3,190.935638155028,51,7,7.49906375813772,"M",0.291899274545722,0.25,1,"MED HIGH NA",NA
45,4,163.031617481174,49,5,5.49942173158917,"M",0,0.25,1,"MED HIGH NA",NA
45,5,129.964031289381,46,2,2.50097177967363,"M",0,0.25,1,"MED HIGH NA",NA
45,6,214.219363106279,54,10,10.4998045049521,"FISHED",0.256754082953557,0.25,1,"MED HIGH NA",NA
45,7,114.199728540791,46,2,2.50050865166497,"M",0,0.25,1,"MED HIGH NA",NA
45,8,98.8039375271465,45,1,1.50021664141128,"M",0,0.25,1,"MED HIGH NA",NA
45,9,120.200409510639,46,2,2.49832882282172,"M",0,0.25,1,"MED HIGH NA",NA
45,10,165.836252020815,50,6,6.4999137353523,"FISHED",0.206304968288168,0.25,1,"MED HIGH NA",NA
45,11,193.804006057374,51,7,7.49954482886169,"FISHED",0.291899274545722,0.25,1,"MED HIGH NA",NA
46,1,63.5519593760608,45,0,0.50061605747329,"M",0,0.25,1,"MED HIGH NA",NA
46,2,96.6314324362864,46,1,1.50152697516891,"M",0,0.25,1,"MED HIGH NA",NA
46,3,63.8673998451729,45,0,0.500454741834802,"M",0,0.25,1,"MED HIGH NA",NA
46,4,63.6163854833463,45,0,0.499128229197504,"M",0,0.25,1,"MED HIGH NA",NA
46,5,60.348518894335,45,0,0.500757262597781,"M",0,0.25,1,"MED HIGH NA",NA
46,6,98.2090503217906,46,1,1.50028158713153,"M",0,0.25,1,"MED HIGH NA",NA
46,7,129.560890667097,47,2,2.50052423743667,"M",0,0.25,1,"MED HIGH NA",NA
46,8,164.662098738293,49,4,4.49904003540292,"M",0,0.25,1,"MED HIGH NA",NA
46,9,127.83110328348,47,2,2.49924944840128,"M",0,0.25,1,"MED HIGH NA",NA
46,10,61.161663171187,45,0,0.501050151646692,"M",0,0.25,1,"MED HIGH NA",NA
46,11,60.7434001338163,45,0,0.500453765671764,"M",0,0.25,1,"MED HIGH NA",NA
46,12,62.2404207351173,45,0,0.498919487260241,"M",0,0.25,1,"MED HIGH NA",NA
47,1,180.002631482321,51,5,5.4985814562096,"M",0.291899274545722,0.25,1,"MED HIGH NA",NA
47,2,61.4534930457413,46,0,0.501081629380848,"M",0,0.25,1,"MED HIGH NA",NA
47,3,190.61788190703,53,7,7.49977724845263,"M",0.225508368597366,0.25,1,"MED HIGH NA",NA
47,4,62.5771773477677,46,0,0.499228028856796,"M",0,0.25,1,"MED HIGH NA",NA
47,5,185.674470875891,52,6,6.50016307337512,"FISHED",0.262348068039864,0.25,1,"MED HIGH NA",NA
47,6,61.9640093847895,46,0,0.499748332469841,"M",0,0.25,1,"MED HIGH NA",NA
47,7,149.909799844562,50,4,4.50050580162226,"FISHED",0.206304968288168,0.25,1,"MED HIGH NA",NA
47,8,140.014856224938,49,3,3.49844780363789,"M",0,0.25,1,"MED HIGH NA",NA
47,9,182.823622881802,53,7,7.50123409133516,"M",0.225508368597366,0.25,1,"MED HIGH NA",NA
47,10,62.1362254590784,46,0,0.502287103481467,"M",0,0.25,1,"MED HIGH NA",NA
47,11,166.81196425263,50,4,4.49942535475832,"M",0.206304968288168,0.25,1,"MED HIGH NA",NA
47,12,106.196055175521,47,1,1.50088590086102,"M",0,0.25,1,"MED HIGH NA",NA
48,1,152.206759620716,50,3,3.50087012735344,"M",0.206304968288168,0.25,1,"MED HIGH NA",NA
48,2,139.133941499699,51,4,4.50169577452662,"FISHED",0.291899274545722,0.25,1,"MED HIGH NA",NA
48,3,125.505487492976,49,2,2.49963601609132,"M",0,0.25,1,"MED HIGH NA",NA
48,4,60.8672420837074,47,0,0.498842351108145,"M",0,0.25,1,"MED HIGH NA",NA
48,5,197.79326285378,56,9,9.49855697170002,"M",0.213902327953838,0.25,1,"MED HIGH NA",NA
48,6,115.142853922281,49,2,2.50010429881085,"M",0,0.25,1,"MED HIGH NA",NA
48,7,60.7524485331758,47,0,0.499329542205567,"M",0,0.25,1,"MED HIGH NA",NA
48,8,162.481608143853,50,3,3.50089774016346,"M",0.206304968288168,0.25,1,"MED HIGH NA",NA
48,9,100.292878871934,48,1,1.4997681165058,"M",0,0.25,1,"MED HIGH NA",NA
48,10,170.978426444973,52,5,5.49694179526125,"M",0.262348068039864,0.25,1,"MED HIGH NA",NA
49,1,63.7227960914055,48,0,0.50077472048433,"M",0,0.25,1,"MED HIGH NA",NA
49,2,161.324263234823,52,4,4.50128557031732,"FISHED",0.262348068039864,0.25,1,"MED HIGH NA",NA
49,3,129.94734729361,50,2,2.50116057277641,"FISHED",0.206304968288168,0.25,1,"MED HIGH NA",NA
49,4,61.4085255867053,48,0,0.499920958766395,"M",0,0.25,1,"MED HIGH NA",NA
49,5,98.4700889844078,49,1,1.50222061103374,"M",0,0.25,1,"MED HIGH NA",NA
49,6,182.872020986604,53,5,5.50192465145056,"M",0.225508368597366,0.25,1,"MED HIGH NA",NA
49,7,156.523692044677,51,3,3.49980590154439,"FISHED",0.291899274545722,0.25,1,"MED HIGH NA",NA
49,8,190.973016698467,52,4,4.49884359437032,"FISHED",0.262348068039864,0.25,1,"MED HIGH NA",NA
49,9,97.5446222914854,49,1,1.49840893881348,"M",0,0.25,1,"MED HIGH NA",NA
49,10,151.245483556087,51,3,3.50094521212921,"FISHED",0.291899274545722,0.25,1,"MED HIGH NA",NA
49,11,125.330702903655,50,2,2.49898863246626,"M",0.206304968288168,0.25,1,"MED HIGH NA",NA
49,12,127.535666088224,50,2,2.49851199351852,"M",0.206304968288168,0.25,1,"MED HIGH NA",NA
50,1,62.7952612875585,49,0,0.498510300476225,"M",0,0.25,1,"MED HIGH NA",NA
50,2,61.0272890567219,49,0,0.500221542043059,"M",0,0.25,1,"MED HIGH NA",NA
50,3,193.512307756057,55,6,6.50221471957998,"FISHED",0.22172610159032,0.25,1,"MED HIGH NA",NA
50,4,150.590832362096,52,3,3.49950740249358,"M",0.262348068039864,0.25,1,"MED HIGH NA",NA
50,5,148.036503074736,52,3,3.50074146604195,"M",0.262348068039864,0.25,1,"MED HIGH NA",NA
50,6,172.438534946057,55,6,6.50076965530148,"M",0.22172610159032,0.25,1,"MED HIGH NA",NA
50,7,62.5715653020417,49,0,0.49925293181014,"M",0,0.25,1,"MED HIGH NA",NA
50,8,164.836809630821,53,4,4.49879090352743,"FISHED",0.225508368597366,0.25,1,"MED HIGH NA",NA
50,9,104.441743298936,50,1,1.49986264970116,"FISHED",0.206304968288168,0.25,1,"MED HIGH NA",NA
50,10,227.324369920008,57,8,8.49962855999724,"FISHED",0.229367997916415,0.25,1,"MED HIGH NA",NA
50,11,96.4336368369983,50,1,1.49912557389803,"M",0.206304968288168,0.25,1,"MED HIGH NA",NA
50,12,98.2701114370939,50,1,1.50037018640536,"FISHED",0.206304968288168,0.25,1,"MED HIGH NA",NA
51,1,66.7219187704097,50,0,0.499037376672048,"FISHED",0.206304968288168,0.25,1,"MED HIGH NA",NA
51,2,99.1398345124285,51,1,1.49882873819671,"FISHED",0.291899274545722,0.25,1,"MED HIGH NA",NA
51,3,98.3231337075437,51,1,1.50041627086269,"M",0.291899274545722,0.25,1,"MED HIGH NA",NA
51,4,142.516986035376,53,3,3.50029597003128,"M",0.225508368597366,0.25,1,"MED HIGH NA",NA
51,5,179.676729818339,55,5,5.50012691965025,"M",0.22172610159032,0.25,1,"MED HIGH NA",NA
51,6,65.1495309627937,50,0,0.501187852703255,"FISHED",0.206304968288168,0.25,1,"MED HIGH NA",NA
51,7,63.7882778121108,50,0,0.50051299345756,"M",0.206304968288168,0.25,1,"MED HIGH NA",NA
51,8,98.6521011822501,51,1,1.49775148911259,"M",0.291899274545722,0.25,1,"MED HIGH NA",NA
51,9,62.0627081858879,50,0,0.498457860031284,"FISHED",0.206304968288168,0.25,1,"MED HIGH NA",NA
51,10,62.388803855038,50,0,0.499701924345002,"M",0.206304968288168,0.25,1,"MED HIGH NA",NA
51,11,61.5829049584606,50,0,0.499051807437656,"M",0.206304968288168,0.25,1,"MED HIGH NA",NA
51,12,96.5493731923539,51,1,1.49952501387621,"M",0.291899274545722,0.25,1,"MED HIGH NA",NA
51,13,132.047055319788,52,2,2.50128925559629,"FISHED",0.262348068039864,0.25,1,"MED HIGH NA",NA
52,1,150.76363312883,54,3,3.5007072226612,"M",0.256754082953557,0.25,1,"MED HIGH NA",NA
52,2,129.681400271591,53,2,2.50068161301977,"M",0.225508368597366,0.25,1,"MED HIGH NA",NA
52,3,64.0578099937641,51,0,0.500872871484364,"M",0.291899274545722,0.25,1,"MED HIGH NA",NA
52,4,62.5136346414866,51,0,0.497355720105281,"M",0.291899274545722,0.25,1,"MED HIGH NA",NA
52,5,123.789607630592,53,2,2.49927332376918,"M",0.225508368597366,0.25,1,"MED HIGH NA",NA
52,6,60.2589520115225,51,0,0.498995150576699,"FISHED",0.291899274545722,0.25,1,"MED HIGH NA",NA
52,7,95.5912034405434,52,1,1.50094664531529,"M",0.262348068039864,0.25,1,"MED HIGH NA",NA
52,8,62.1681124151826,51,0,0.500480967187391,"FISHED",0.291899274545722,0.25,1,"MED HIGH NA",NA
52,9,60.3521591452694,51,0,0.502514300193117,"FISHED",0.291899274545722,0.25,1,"MED HIGH NA",NA
52,10,132.4051384361,53,2,2.50040847115378,"M",0.225508368597366,0.25,1,"MED HIGH NA",NA
52,11,143.451456464713,54,3,3.5011255665104,"M",0.256754082953557,0.25,1,"MED HIGH NA",NA
52,12,96.3931404594752,52,1,1.49959760468308,"M",0.262348068039864,0.25,1,"MED HIGH NA",NA
52,13,63.4034893337712,51,0,0.500204580685836,"M",0.291899274545722,0.25,1,"MED HIGH NA",NA
53,1,95.1427732924955,53,1,1.49971810342634,"FISHED",0.225508368597366,0.25,1,"MED HIGH NA",NA
53,2,96.8841978953619,53,1,1.4985814935876,"M",0.225508368597366,0.25,1,"MED HIGH NA",NA
53,3,142.516187558114,55,3,3.49867807241668,"FISHED",0.22172610159032,0.25,1,"MED HIGH NA",NA
53,4,91.874500056796,53,1,1.49878898422998,"M",0.225508368597366,0.25,1,"MED HIGH NA",NA
53,5,182.788912032592,57,5,5.499012336364,"M",0.229367997916415,0.25,1,"MED HIGH NA",NA
53,6,61.6869526547549,52,0,0.501062198884699,"M",0.262348068039864,0.25,1,"MED HIGH NA",NA
53,7,159.53664497071,55,3,3.50099769717853,"M",0.22172610159032,0.25,1,"MED HIGH NA",NA
53,8,59.9446327154255,52,0,0.49935790057219,"FISHED",0.262348068039864,0.25,1,"MED HIGH NA",NA
53,9,120.042496718794,54,2,2.50061769846028,"FISHED",0.256754082953557,0.25,1,"MED HIGH NA",NA
53,10,62.743796956983,52,0,0.498944233432796,"FISHED",0.262348068039864,0.25,1,"MED HIGH NA",NA
53,11,63.3585952044698,52,0,0.499386621683324,"FISHED",0.262348068039864,0.25,1,"MED HIGH NA",NA
54,1,170.383509088714,58,5,5.50042276738834,"FISHED",0.274194168928079,0.25,1,"MED HIGH NA",NA
54,2,63.0545282626251,53,0,0.498685337951501,"FISHED",0.225508368597366,0.25,1,"MED HIGH NA",NA
54,3,65.2562839348539,53,0,0.500349646426169,"FISHED",0.225508368597366,0.25,1,"MED HIGH NA",NA
54,4,132.028895754029,55,2,2.49969425421747,"M",0.22172610159032,0.25,1,"MED HIGH NA",NA
54,5,61.6816013086557,53,0,0.499739939110445,"FISHED",0.225508368597366,0.25,1,"MED HIGH NA",NA
54,6,170.672510064279,57,4,4.50039500787385,"M",0.229367997916415,0.25,1,"MED HIGH NA",NA
54,7,64.9388236704173,53,0,0.500394441463872,"M",0.225508368597366,0.25,1,"MED HIGH NA",NA
54,8,64.1345618711744,53,0,0.500003720460187,"M",0.225508368597366,0.25,1,"MED HIGH NA",NA
54,9,160.160004988206,57,4,4.49968072508936,"FISHED",0.229367997916415,0.25,1,"MED HIGH NA",NA
54,10,63.3312023088223,53,0,0.498870059215493,"M",0.225508368597366,0.25,1,"MED HIGH NA",NA
54,11,62.5330268261845,53,0,0.500363560945894,"M",0.225508368597366,0.25,1,"MED HIGH NA",NA
54,12,136.093446110757,55,2,2.50024100350493,"M",0.22172610159032,0.25,1,"MED HIGH NA",NA
55,1,61.2563468099009,54,0,0.500793747861337,"M",0.256754082953557,0.25,1,"MED HIGH NA",NA
55,2,59.6572883944526,54,0,0.499572754589435,"M",0.256754082953557,0.25,1,"MED HIGH NA",NA
55,3,61.1217205458163,54,0,0.498255120141922,"FISHED",0.256754082953557,0.25,1,"MED HIGH NA",NA
55,4,152.564137394111,57,3,3.49965689038321,"M",0.229367997916415,0.25,1,"MED HIGH NA",NA
55,5,99.4430914011462,55,1,1.49977689906744,"FISHED",0.22172610159032,0.25,1,"MED HIGH NA",NA
55,6,99.4262744902343,55,1,1.49783216526466,"M",0.22172610159032,0.25,1,"MED HIGH NA",NA
55,7,62.1918478070774,54,0,0.500378018974411,"M",0.256754082953557,0.25,1,"MED HIGH NA",NA
55,8,95.2792407609834,55,1,1.50020505607521,"M",0.22172610159032,0.25,1,"MED HIGH NA",NA
55,9,61.5023881434975,54,0,0.499901180129579,"FISHED",0.256754082953557,0.25,1,"MED HIGH NA",NA
55,10,60.4791845214356,54,0,0.499655184282543,"M",0.256754082953557,0.25,1,"MED HIGH NA",NA
55,11,197.960580576658,59,5,5.50058709898647,"M",0.271585212671198,0.25,1,"MED HIGH NA",NA
56,1,96.8620008462089,56,1,1.499508632584,"FISHED",0.213902327953838,0.25,1,"MED HIGH NA",NA
56,2,63.1066604590159,55,0,0.501307407242849,"M",0.22172610159032,0.25,1,"MED HIGH NA",NA
56,3,60.1461667407183,55,0,0.499728476842605,"M",0.22172610159032,0.25,1,"MED HIGH NA",NA
56,4,97.8118429279196,56,1,1.49967039593774,"FISHED",0.213902327953838,0.25,1,"MED HIGH NA",NA
56,5,63.2892511800475,55,0,0.501821705136906,"M",0.22172610159032,0.25,1,"MED HIGH NA",NA
56,6,96.2467422196041,56,1,1.49990378203359,"FISHED",0.213902327953838,0.25,1,"MED HIGH NA",NA
56,7,125.972776673031,57,2,2.49809917968006,"FISHED",0.229367997916415,0.25,1,"MED HIGH NA",NA
56,8,62.3492943059209,55,0,0.499850748504476,"M",0.22172610159032,0.25,1,"MED HIGH NA",NA
56,9,60.1165569128815,55,0,0.498954002674987,"FISHED",0.22172610159032,0.25,1,"MED HIGH NA",NA
56,10,129.655762840005,57,2,2.49947038130664,"M",0.229367997916415,0.25,1,"MED HIGH NA",NA
56,11,94.4909738219141,56,1,1.50085881451195,"FISHED",0.213902327953838,0.25,1,"MED HIGH NA",NA
57,1,126.880020154268,58,2,2.49787865472277,"M",0.274194168928079,0.25,1,"MED HIGH NA",NA
57,2,63.1981068398991,56,0,0.500152688566345,"M",0.213902327953838,0.25,1,"MED HIGH NA",NA
57,3,139.35403548426,59,3,3.49983134131664,"M",0.271585212671198,0.25,1,"MED HIGH NA",NA
57,4,63.7575746902695,56,0,0.501458556889786,"FISHED",0.213902327953838,0.25,1,"MED HIGH NA",NA
57,5,217.456731134024,65,9,9.49955822408067,"FISHED",0.246229504537769,0.25,1,"MED HIGH NA",NA
57,6,62.1379304737118,56,0,0.501647945563729,"M",0.213902327953838,0.25,1,"MED HIGH NA",NA
57,7,208.624543971965,70,14,14.4996308071116,"FISHED",0.268114974745549,0.25,1,"MED HIGH NA",NA
57,8,62.284461324382,56,0,0.500610162502576,"FISHED",0.213902327953838,0.25,1,"MED HIGH NA",NA
57,9,118.863031036187,58,2,2.49959346699971,"M",0.274194168928079,0.25,1,"MED HIGH NA",NA
57,10,63.0007098807354,56,0,0.500041055018764,"M",0.213902327953838,0.25,1,"MED HIGH NA",NA
57,11,223.859818355339,63,7,7.50064581311971,"M",0.259651627484709,0.25,1,"MED HIGH NA",NA
58,1,192.448816840949,63,6,6.49995078175943,"FISHED",0.259651627484709,0.25,1,"MED HIGH NA",NA
58,2,96.0828927916319,58,1,1.50038762731954,"M",0.274194168928079,0.25,1,"MED HIGH NA",NA
58,3,94.0020066936312,58,1,1.49963655469548,"M",0.274194168928079,0.25,1,"MED HIGH NA",NA
58,4,122.353731602646,59,2,2.49877557332487,"M",0.271585212671198,0.25,1,"MED HIGH NA",NA
58,5,64.580910444701,57,0,0.498838341511927,"FISHED",0.229367997916415,0.25,1,"MED HIGH NA",NA
58,6,114.77381295931,59,2,2.50159078775455,"M",0.271585212671198,0.25,1,"MED HIGH NA",NA
58,7,61.9871185628029,57,0,0.501859654076392,"M",0.229367997916415,0.25,1,"MED HIGH NA",NA
58,8,63.9185778217864,57,0,0.50012679214723,"M",0.229367997916415,0.25,1,"MED HIGH NA",NA
58,9,125.05091691361,59,2,2.49997131237244,"FISHED",0.271585212671198,0.25,1,"MED HIGH NA",NA
58,10,64.259219867561,57,0,0.500500882323156,"FISHED",0.229367997916415,0.25,1,"MED HIGH NA",NA
58,11,103.935453717827,58,1,1.49891035496134,"M",0.274194168928079,0.25,1,"MED HIGH NA",NA
58,12,128.436695581251,59,2,2.50004162553007,"M",0.271585212671198,0.25,1,"MED HIGH NA",NA
59,1,120.70278541342,60,2,2.50010978661835,"M",0.201507434970699,0.25,1,"MED HIGH NA",NA
59,2,96.7177719502925,59,1,1.50013811988882,"M",0.271585212671198,0.25,1,"MED HIGH NA",NA
59,3,63.1756599571716,58,0,0.499600393286379,"M",0.274194168928079,0.25,1,"MED HIGH NA",NA
59,4,100.01602570817,59,1,1.49827933124223,"M",0.271585212671198,0.25,1,"MED HIGH NA",NA
59,5,155.005615195075,62,4,4.50021122038384,"M",0.238783295219764,0.25,1,"MED HIGH NA",NA
59,6,96.8454334365054,59,1,1.49971363852811,"FISHED",0.271585212671198,0.25,1,"MED HIGH NA",NA
59,7,126.889669891541,60,2,2.49907014532585,"M",0.201507434970699,0.25,1,"MED HIGH NA",NA
59,8,62.5997465495387,58,0,0.500045264471327,"M",0.274194168928079,0.25,1,"MED HIGH NA",NA
59,9,97.5632574386451,59,1,1.5002934878271,"FISHED",0.271585212671198,0.25,1,"MED HIGH NA",NA
59,10,128.274650826049,60,2,2.50015003842574,"FISHED",0.201507434970699,0.25,1,"MED HIGH NA",NA
59,11,59.7325125921945,58,0,0.49991027639379,"M",0.274194168928079,0.25,1,"MED HIGH NA",NA
60,1,126.718333892986,61,2,2.499464374824,"M",0.235649808566086,0.25,1,"MED HIGH NA",NA
60,2,142.568058368439,62,3,3.50087943556894,"M",0.238783295219764,0.25,1,"MED HIGH NA",NA
60,3,99.2631674364671,60,1,1.50163577377984,"M",0.201507434970699,0.25,1,"MED HIGH NA",NA
60,4,62.2667701960982,59,0,0.49891350119872,"M",0.271585212671198,0.25,1,"MED HIGH NA",NA
60,5,62.0369110129506,59,0,0.501205103265367,"FISHED",0.271585212671198,0.25,1,"MED HIGH NA",NA
60,6,134.425854270188,61,2,2.49930035809405,"FISHED",0.235649808566086,0.25,1,"MED HIGH NA",NA
60,7,92.417727365362,60,1,1.4988362106795,"FISHED",0.201507434970699,0.25,1,"MED HIGH NA",NA
60,8,61.6625696716009,59,0,0.50040304461668,"M",0.271585212671198,0.25,1,"MED HIGH NA",NA
60,9,93.2325078550076,60,1,1.50162167089687,"M",0.201507434970699,0.25,1,"MED HIGH NA",NA
60,10,158.999278923403,62,3,3.50008677478882,"M",0.238783295219764,0.25,1,"MED HIGH NA",NA
61,1,103.257947748144,61,1,1.49949877740882,"FISHED",0.235649808566086,0.25,1,"MED HIGH NA",NA
61,2,61.7945048670275,60,0,0.49958815133897,"M",0.201507434970699,0.25,1,"MED HIGH NA",NA
61,3,126.393440655724,62,2,2.5005057003886,"M",0.238783295219764,0.25,1,"MED HIGH NA",NA
61,4,60.8094910729323,60,0,0.500498217551766,"M",0.201507434970699,0.25,1,"MED HIGH NA",NA
61,5,97.4801429421771,61,1,1.49976701101149,"M",0.235649808566086,0.25,1,"MED HIGH NA",NA
61,6,61.6131514500267,60,0,0.500640474894065,"M",0.201507434970699,0.25,1,"MED HIGH NA",NA
61,7,63.9041122231255,60,0,0.500022831189225,"M",0.201507434970699,0.25,1,"MED HIGH NA",NA
61,8,90.5312391874011,61,1,1.49967054009859,"M",0.235649808566086,0.25,1,"MED HIGH NA",NA
61,9,122.619265118573,62,2,2.49957658281235,"FISHED",0.238783295219764,0.25,1,"MED HIGH NA",NA
62,1,61.8738881119349,61,0,0.500171099168501,"FISHED",0.235649808566086,0.25,1,"MED HIGH NA",NA
62,2,61.8175457422167,61,0,0.498783265840941,"FISHED",0.235649808566086,0.25,1,"MED HIGH NA",NA
62,3,63.0593455642499,61,0,0.500344141410595,"M",0.235649808566086,0.25,1,"MED HIGH NA",NA
62,4,63.1914246534027,61,0,0.501178069138195,"M",0.235649808566086,0.25,1,"MED HIGH NA",NA
62,5,128.568574884233,63,2,2.5016518546085,"M",0.259651627484709,0.25,1,"MED HIGH NA",NA
62,6,129.625259409849,64,3,3.50059764292994,"FISHED",0.225567979831249,0.25,1,"MED HIGH NA",NA
62,7,104.541420345289,62,1,1.50005995275107,"M",0.238783295219764,0.25,1,"MED HIGH NA",NA
62,8,179.113091700546,65,4,4.49914105282811,"M",0.246229504537769,0.25,1,"MED HIGH NA",NA
62,9,219.464347842281,67,6,6.50083542913694,"M",0.206998691055924,0.25,1,"MED HIGH NA",NA
62,10,125.61235074518,63,2,2.49971462831901,"M",0.259651627484709,0.25,1,"MED HIGH NA",NA
63,1,107.352298843242,63,1,1.49926631776109,"FISHED",0.259651627484709,0.25,1,"MED HIGH NA",NA
63,2,150.131879268956,65,3,3.49973285833629,"FISHED",0.246229504537769,0.25,1,"MED HIGH NA",NA
63,3,64.9776633143535,62,0,0.500006168076018,"FISHED",0.238783295219764,0.25,1,"MED HIGH NA",NA
63,4,97.2773397901317,63,1,1.50022312133342,"M",0.259651627484709,0.25,1,"MED HIGH NA",NA
63,5,60.0609533017236,62,0,0.498355747125211,"FISHED",0.238783295219764,0.25,1,"MED HIGH NA",NA
63,6,61.6181519442264,62,0,0.499761746633677,"FISHED",0.238783295219764,0.25,1,"MED HIGH NA",NA
63,7,105.540885567503,63,1,1.50006314669431,"M",0.259651627484709,0.25,1,"MED HIGH NA",NA
63,8,172.431701238539,68,6,6.50088805087389,"M",0.228885988681577,0.25,1,"MED HIGH NA",NA
63,9,118.91534915859,64,2,2.50001051247916,"M",0.225567979831249,0.25,1,"MED HIGH NA",NA
64,1,138.849388371122,66,3,3.50160949225455,"M",0.230535121937282,0.25,1,"MED HIGH NA",NA
64,2,204.178259600886,71,8,8.50022796395204,"FISHED",0.236406697472557,0.25,1,"MED HIGH NA",NA
64,3,135.939290296131,66,3,3.49984022652872,"FISHED",0.230535121937282,0.25,1,"MED HIGH NA",NA
64,4,97.167864867704,64,1,1.49931076900912,"FISHED",0.225567979831249,0.25,1,"MED HIGH NA",NA
64,5,62.0036735047209,63,0,0.500498584901404,"FISHED",0.259651627484709,0.25,1,"MED HIGH NA",NA
64,6,150.100462984082,66,3,3.50077377265984,"M",0.230535121937282,0.25,1,"MED HIGH NA",NA
64,7,66.7197852694394,63,0,0.499145176982524,"M",0.259651627484709,0.25,1,"MED HIGH NA",NA
64,8,149.966706180314,66,3,3.50097414743911,"M",0.230535121937282,0.25,1,"MED HIGH NA",NA
64,9,159.491182605889,66,3,3.49997190266999,"FISHED",0.230535121937282,0.25,1,"MED HIGH NA",NA
64,10,96.1957240611002,64,1,1.50007781618021,"FISHED",0.225567979831249,0.25,1,"MED HIGH NA",NA
64,11,118.567495303218,65,2,2.50223214212373,"M",0.246229504537769,0.25,1,"MED HIGH NA",NA
65,1,148.905748834991,67,3,3.50054970829443,"M",0.206998691055924,0.25,1,"MED HIGH NA",NA
65,2,96.3134052615639,65,1,1.5022281682349,"FISHED",0.246229504537769,0.25,1,"MED HIGH NA",NA
65,3,63.1059627976253,64,0,0.499001793711806,"FISHED",0.225567979831249,0.25,1,"MED HIGH NA",NA
65,4,101.607102499316,65,1,1.5012352042243,"M",0.246229504537769,0.25,1,"MED HIGH NA",NA
65,5,97.499126670038,65,1,1.49931719001198,"FISHED",0.246229504537769,0.25,1,"MED HIGH NA",NA
65,6,237.968248987954,72,8,8.49826550547757,"M",0.240839135600254,0.25,1,"MED HIGH NA",NA
65,7,161.998396165222,68,4,4.49986084189171,"M",0.228885988681577,0.25,1,"MED HIGH NA",NA
65,8,61.7312443978298,64,0,0.500640715710769,"FISHED",0.225567979831249,0.25,1,"MED HIGH NA",NA
65,9,132.183746382788,66,2,2.49991468372519,"M",0.230535121937282,0.25,1,"MED HIGH NA",NA
65,10,65.1450236654047,64,0,0.499384146008096,"FISHED",0.225567979831249,0.25,1,"MED HIGH NA",NA
66,1,62.3177150878758,65,0,0.498754514351729,"M",0.246229504537769,0.25,1,"MED HIGH NA",NA
66,2,96.1440507783774,66,1,1.49939585233746,"M",0.230535121937282,0.25,1,"MED HIGH NA",NA
66,3,189.554542720756,70,5,5.50203621528886,"FISHED",0.268114974745549,0.25,1,"MED HIGH NA",NA
66,4,64.4683759132032,65,0,0.498497142076138,"M",0.246229504537769,0.25,1,"MED HIGH NA",NA
66,5,135.986303350397,67,2,2.50146667563781,"FISHED",0.206998691055924,0.25,1,"MED HIGH NA",NA
66,6,62.8563839965893,65,0,0.501076701012627,"FISHED",0.246229504537769,0.25,1,"MED HIGH NA",NA
66,7,62.6690622864094,65,0,0.500627340153562,"FISHED",0.246229504537769,0.25,1,"MED HIGH NA",NA
66,8,172.251055648626,71,6,6.50022649343785,"M",0.236406697472557,0.25,1,"MED HIGH NA",NA
66,9,62.410873745128,65,0,0.499177525509749,"M",0.246229504537769,0.25,1,"MED HIGH NA",NA
66,10,140.437334998117,68,3,3.49877805875343,"FISHED",0.228885988681577,0.25,1,"MED HIGH NA",NA
67,1,61.3230926482247,66,0,0.49917492598794,"FISHED",0.230535121937282,0.25,1,"MED HIGH NA",NA
67,2,66.297050000536,66,0,0.500656357262742,"M",0.230535121937282,0.25,1,"MED HIGH NA",NA
67,3,62.8108170932262,66,0,0.498249566467165,"M",0.230535121937282,0.25,1,"MED HIGH NA",NA
67,4,211.747488419807,74,8,8.49942267263657,"FISHED",0.217980237584561,0.25,1,"MED HIGH NA",NA
67,5,98.0359436576948,67,1,1.49923446068192,"M",0.206998691055924,0.25,1,"MED HIGH NA",NA
67,6,63.6316282113204,66,0,0.500844297189208,"M",0.230535121937282,0.25,1,"MED HIGH NA",NA
67,7,62.0093834955149,66,0,0.499730077621063,"FISHED",0.230535121937282,0.25,1,"MED HIGH NA",NA
67,8,167.759073833105,71,5,5.50116814147999,"FISHED",0.236406697472557,0.25,1,"MED HIGH NA",NA
67,9,95.7668929796388,67,1,1.50194117069343,"M",0.206998691055924,0.25,1,"MED HIGH NA",NA
67,10,171.053815685567,71,5,5.49871682674481,"M",0.236406697472557,0.25,1,"MED HIGH NA",NA
67,11,122.817887624103,68,2,2.50076492141063,"M",0.228885988681577,0.25,1,"MED HIGH NA",NA
68,1,123.542673192373,69,2,2.49912345995175,"FISHED",0.207087326748297,0.25,1,"MED HIGH NA",NA
68,2,130.246350695573,69,2,2.49985402342751,"M",0.207087326748297,0.25,1,"MED HIGH NA",NA
68,3,95.5572930263859,68,1,1.50093363380544,"M",0.228885988681577,0.25,1,"MED HIGH NA",NA
68,4,65.1372629411755,67,0,0.501039074437813,"FISHED",0.206998691055924,0.25,1,"MED HIGH NA",NA
68,5,94.9515146554986,68,1,1.50005617833506,"M",0.228885988681577,0.25,1,"MED HIGH NA",NA
68,6,63.084600427676,67,0,0.501262505439452,"FISHED",0.206998691055924,0.25,1,"MED HIGH NA",NA
68,7,120.304575905318,69,2,2.5011947441791,"FISHED",0.207087326748297,0.25,1,"MED HIGH NA",NA
68,8,63.7896237143487,67,0,0.499001556920181,"M",0.206998691055924,0.25,1,"MED HIGH NA",NA
68,9,142.543501974061,69,2,2.49879499520044,"FISHED",0.207087326748297,0.25,1,"MED HIGH NA",NA
68,10,122.09698744545,69,2,2.50051723092815,"M",0.207087326748297,0.25,1,"MED HIGH NA",NA
69,1,63.4244025817992,68,0,0.500460752558634,"FISHED",0.228885988681577,0.25,1,"MED HIGH NA",NA
69,2,94.5008156773327,69,1,1.5000538142225,"FISHED",0.207087326748297,0.25,1,"MED HIGH NA",NA
69,3,62.8495878563202,68,0,0.500766082733973,"FISHED",0.228885988681577,0.25,1,"MED HIGH NA",NA
69,4,99.8445412813487,69,1,1.50060120558436,"M",0.207087326748297,0.25,1,"MED HIGH NA",NA
69,5,175.579844700021,73,5,5.50104463859123,"FISHED",0.215147400088608,0.25,1,"MED HIGH NA",NA
69,6,190.055937562327,77,9,9.4989168101801,"FISHED",0.367142430087551,0.25,1,"MED HIGH NA",NA
69,7,59.415589192428,68,0,0.500579618673246,"FISHED",0.228885988681577,0.25,1,"MED HIGH NA",NA
69,8,95.4268644373175,69,1,1.50024392956996,"M",0.207087326748297,0.25,1,"MED HIGH NA",NA
69,9,100.363713427819,69,1,1.50047500723102,"FISHED",0.207087326748297,0.25,1,"MED HIGH NA",NA
69,10,62.7386260121064,68,0,0.500390863580461,"FISHED",0.228885988681577,0.25,1,"MED HIGH NA",NA
69,11,94.7891869495648,69,1,1.50066650828642,"FISHED",0.207087326748297,0.25,1,"MED HIGH NA",NA
70,1,100.986412518269,70,1,1.50065057740361,"FISHED",0.268114974745549,0.25,1,"MED HIGH NA",NA
70,2,171.880491351521,74,5,5.49870299988611,"FISHED",0.217980237584561,0.25,1,"MED HIGH NA",NA
70,3,62.4966563436448,69,0,0.499586117850582,"M",0.207087326748297,0.25,1,"MED HIGH NA",NA
70,4,167.772508786851,73,4,4.50039176681747,"FISHED",0.215147400088608,0.25,1,"MED HIGH NA",NA
70,5,169.518934589481,73,4,4.49941670499874,"M",0.215147400088608,0.25,1,"MED HIGH NA",NA
70,6,154.663644390155,73,4,4.50003967276403,"M",0.215147400088608,0.25,1,"MED HIGH NA",NA
70,7,98.9201388613734,70,1,1.50023480032757,"M",0.268114974745549,0.25,1,"MED HIGH NA",NA
70,8,64.4956552014113,69,0,0.500171643000868,"FISHED",0.207087326748297,0.25,1,"MED HIGH NA",NA
70,9,62.4945380602813,69,0,0.499337398021766,"FISHED",0.207087326748297,0.25,1,"MED HIGH NA",NA
70,10,64.1371856918143,69,0,0.498344670152497,"M",0.207087326748297,0.25,1,"MED HIGH NA",NA
70,11,202.099958963571,82,13,13.5002962650897,"M",0.387842814251781,0.25,1,"MED HIGH NA",NA
70,12,98.5332521447425,70,1,1.49894817036274,"M",0.268114974745549,0.25,1,"MED HIGH NA",NA
71,1,191.456280911956,77,7,7.49900992236296,"M",0.367142430087551,0.25,1,"MED HIGH NA",NA
71,2,134.324956655082,73,3,3.49757682229675,"FISHED",0.215147400088608,0.25,1,"MED HIGH NA",NA
71,3,61.6069262222419,70,0,0.498793943246205,"FISHED",0.268114974745549,0.25,1,"MED HIGH NA",NA
71,4,61.264018879244,70,0,0.500974446018075,"FISHED",0.268114974745549,0.25,1,"MED HIGH NA",NA
71,5,97.8897335697103,71,1,1.49964729436282,"FISHED",0.236406697472557,0.25,1,"MED HIGH NA",NA
71,6,129.132085880501,72,2,2.49923389284586,"M",0.240839135600254,0.25,1,"MED HIGH NA",NA
71,7,99.6115300786319,71,1,1.49997746693776,"M",0.236406697472557,0.25,1,"MED HIGH NA",NA
71,8,92.7238924059671,71,1,1.50189161623398,"FISHED",0.236406697472557,0.25,1,"MED HIGH NA",NA
71,9,100.190314982119,71,1,1.5001490856994,"M",0.236406697472557,0.25,1,"MED HIGH NA",NA
71,10,114.815881521321,72,2,2.4999892442116,"FISHED",0.240839135600254,0.25,1,"MED HIGH NA",NA
72,1,64.2593174699605,71,0,0.500239711719789,"M",0.236406697472557,0.25,1,"MED HIGH NA",NA
72,2,146.485519073285,74,3,3.49874303582808,"M",0.217980237584561,0.25,1,"MED HIGH NA",NA
72,3,62.0817068627498,71,0,0.499385883031442,"M",0.236406697472557,0.25,1,"MED HIGH NA",NA
72,4,122.832950337783,73,2,2.49862065624514,"M",0.215147400088608,0.25,1,"MED HIGH NA",NA
72,5,63.9454212836026,71,0,0.501683962422754,"M",0.236406697472557,0.25,1,"MED HIGH NA",NA
72,6,174.951651100121,76,5,5.49874421711346,"FISHED",0.304660375416279,0.25,1,"MED HIGH NA",NA
72,7,177.7928551778,76,5,5.49939365431648,"M",0.304660375416279,0.25,1,"MED HIGH NA",NA
72,8,153.612016419387,75,4,4.4991638913053,"FISHED",0.356443686783314,0.25,1,"MED HIGH NA",NA
72,9,61.5782903534498,71,0,0.5003812501949,"M",0.236406697472557,0.25,1,"MED HIGH NA",NA
72,10,58.6183452229011,71,0,0.501229164650025,"FISHED",0.236406697472557,0.25,1,"MED HIGH NA",NA
72,11,95.7380567028425,72,1,1.50078466726576,"FISHED",0.240839135600254,0.25,1,"MED HIGH NA",NA
72,12,64.3325094535617,71,0,0.499642629301254,"M",0.236406697472557,0.25,1,"MED HIGH NA",NA
73,1,62.5637021042832,72,0,0.500863689794517,"FISHED",0.240839135600254,0.25,1,"MED HIGH NA",NA
73,2,96.8392582649628,73,1,1.50154425211388,"FISHED",0.215147400088608,0.25,1,"MED HIGH NA",NA
73,3,97.3097307043629,73,1,1.49939392726463,"M",0.215147400088608,0.25,1,"MED HIGH NA",NA
73,4,164.306089603858,76,4,4.49932893130381,"M",0.304660375416279,0.25,1,"MED HIGH NA",NA
73,5,62.3425154323151,72,0,0.501563168713517,"M",0.240839135600254,0.25,1,"MED HIGH NA",NA
73,6,125.139494894428,74,2,2.50050897916285,"FISHED",0.217980237584561,0.25,1,"MED HIGH NA",NA
73,7,61.7712690896092,72,0,0.50052956309137,"M",0.240839135600254,0.25,1,"MED HIGH NA",NA
73,8,62.7041270583113,72,0,0.499754545481554,"FISHED",0.240839135600254,0.25,1,"MED HIGH NA",NA
73,9,121.142995952301,74,2,2.50253240883213,"FISHED",0.217980237584561,0.25,1,"MED HIGH NA",NA
73,10,99.1260284916452,73,1,1.49965280998785,"M",0.215147400088608,0.25,1,"MED HIGH NA",NA
73,11,65.0932137211577,72,0,0.498356813422614,"FISHED",0.240839135600254,0.25,1,"MED HIGH NA",NA
73,12,124.168040207047,74,2,2.49746884183807,"M",0.217980237584561,0.25,1,"MED HIGH NA",NA
74,1,62.6566257075738,73,0,0.498768598856659,"M",0.215147400088608,0.25,1,"MED HIGH NA",NA
74,2,61.1129884654429,73,0,0.500432289697293,"M",0.215147400088608,0.25,1,"MED HIGH NA",NA
74,3,93.2637332198471,74,1,1.50126018945429,"M",0.217980237584561,0.25,1,"MED HIGH NA",NA
74,4,59.9817874906748,73,0,0.501420679240289,"FISHED",0.215147400088608,0.25,1,"MED HIGH NA",NA
74,5,63.8482384181354,73,0,0.499273886739072,"M",0.215147400088608,0.25,1,"MED HIGH NA",NA
74,6,121.730965771336,75,2,2.50055406464095,"M",0.356443686783314,0.25,1,"MED HIGH NA",NA
74,7,129.979756751572,75,2,2.49936765762685,"M",0.356443686783314,0.25,1,"MED HIGH NA",NA
74,8,62.3268822384246,73,0,0.499070030799696,"M",0.215147400088608,0.25,1,"MED HIGH NA",NA
74,9,62.8825539962539,73,0,0.498600116574152,"M",0.215147400088608,0.25,1,"MED HIGH NA",NA
74,10,97.7634638906511,74,1,1.49924774756831,"M",0.217980237584561,0.25,1,"MED HIGH NA",NA
74,11,123.92487113248,75,2,2.49908794666573,"FISHED",0.356443686783314,0.25,1,"MED HIGH NA",NA
75,1,60.8458582791787,74,0,0.500658787489015,"M",0.217980237584561,0.25,1,"MED HIGH NA",NA
75,2,62.3684355657869,74,0,0.499585475947376,"FISHED",0.217980237584561,0.25,1,"MED HIGH NA",NA
75,3,90.4337357965112,75,1,1.49853544533405,"FISHED",0.356443686783314,0.25,1,"MED HIGH NA",NA
75,4,62.266595115609,74,0,0.500076700020531,"FISHED",0.217980237584561,0.25,1,"MED HIGH NA",NA
75,5,100.230810772249,75,1,1.50049082939986,"FISHED",0.356443686783314,0.25,1,"MED HIGH NA",NA
75,6,101.20833019076,75,1,1.50185306930064,"FISHED",0.356443686783314,0.25,1,"MED HIGH NA",NA
75,7,126.106059195309,76,2,2.4998586329357,"M",0.304660375416279,0.25,1,"MED HIGH NA",NA
75,8,93.1830904608883,75,1,1.50050535517036,"FISHED",0.356443686783314,0.25,1,"MED HIGH NA",NA
75,9,98.2170924447513,75,1,1.4995952514805,"FISHED",0.356443686783314,0.25,1,"MED HIGH NA",NA
75,10,176.154657173923,79,5,5.50022965388356,"M",0.310736193112098,0.25,1,"MED HIGH NA",NA
75,11,63.620322980196,74,0,0.498236500385214,"M",0.217980237584561,0.25,1,"MED HIGH NA",NA
76,1,93.9099850974193,76,1,1.49924611915685,"M",0.304660375416279,0.25,1,"MED HIGH NA",NA
76,2,185.227133653107,79,4,4.49922680938269,"M",0.310736193112098,0.25,1,"MED HIGH NA",NA
76,3,96.6566702851048,76,1,1.49763676265988,"M",0.304660375416279,0.25,1,"MED HIGH NA",NA
76,4,60.9636090049684,75,0,0.500251365454596,"FISHED",0.356443686783314,0.25,1,"MED HIGH NA",NA
76,5,99.9247422365828,76,1,1.50067473887738,"M",0.304660375416279,0.25,1,"MED HIGH NA",NA
76,6,142.269905299009,78,3,3.49855672878622,"FISHED",0.329371346766129,0.25,1,"MED HIGH NA",NA
76,7,62.1936671614348,75,0,0.500022024783712,"FISHED",0.356443686783314,0.25,1,"MED HIGH NA",NA
76,8,62.4620471293186,75,0,0.4966379449744,"FISHED",0.356443686783314,0.25,1,"MED HIGH NA",NA
76,9,61.6792219606584,75,0,0.498140833458151,"FISHED",0.356443686783314,0.25,1,"MED HIGH NA",NA
76,10,101.037371961062,76,1,1.50003430629865,"FISHED",0.304660375416279,0.25,1,"MED HIGH NA",NA
77,1,101.680907347681,77,1,1.49975412368574,"M",0.367142430087551,0.25,1,"MED HIGH NA",NA
77,2,139.550797024097,79,3,3.50230534259334,"M",0.310736193112098,0.25,1,"MED HIGH NA",NA
77,3,64.7563803408076,76,0,0.500192738188187,"M",0.304660375416279,0.25,1,"MED HIGH NA",NA
77,4,66.8155681075533,76,0,0.49945447682338,"M",0.304660375416279,0.25,1,"MED HIGH NA",NA
77,5,62.1297120517527,76,0,0.49874731941892,"FISHED",0.304660375416279,0.25,1,"MED HIGH NA",NA
77,6,122.395821402929,78,2,2.50024026374039,"M",0.329371346766129,0.25,1,"MED HIGH NA",NA
77,7,173.139240164015,80,4,4.50236770326132,"M",0.310163379297592,0.25,1,"MED HIGH NA",NA
77,8,101.638328893325,77,1,1.49923670586182,"M",0.367142430087551,0.25,1,"MED HIGH NA",NA
77,9,62.6886839363956,76,0,0.499258097765859,"FISHED",0.304660375416279,0.25,1,"MED HIGH NA",NA
77,10,146.06458247039,79,3,3.49860775119081,"M",0.310736193112098,0.25,1,"MED HIGH NA",NA
78,1,62.3309662332169,77,0,0.499764042998335,"M",0.367142430087551,0.25,1,"MED HIGH NA",NA
78,2,193.015081042469,81,4,4.49816409119638,"M",0.31775698941201,0.25,1,"MED HIGH NA",NA
78,3,97.6944018003014,78,1,1.49883981506844,"FISHED",0.329371346766129,0.25,1,"MED HIGH NA",NA
78,4,98.5021784053039,78,1,1.50008811075904,"FISHED",0.329371346766129,0.25,1,"MED HIGH NA",NA
78,5,58.9584336387381,77,0,0.498618152953166,"M",0.367142430087551,0.25,1,"MED HIGH NA",NA
78,6,100.395764034372,78,1,1.49978472822709,"FISHED",0.329371346766129,0.25,1,"MED HIGH NA",NA
78,7,95.9213042036198,78,1,1.49984602007276,"FISHED",0.329371346766129,0.25,1,"MED HIGH NA",NA
78,8,66.3008428236644,77,0,0.499797892604706,"M",0.367142430087551,0.25,1,"MED HIGH NA",NA
78,9,61.5011080866087,77,0,0.501409834871579,"M",0.367142430087551,0.25,1,"MED HIGH NA",NA
78,10,95.0422317605663,78,1,1.50033214062763,"M",0.329371346766129,0.25,1,"MED HIGH NA",NA
78,11,63.431833331126,77,0,0.500104647938556,"FISHED",0.367142430087551,0.25,1,"MED HIGH NA",NA
78,12,123.885088941512,79,2,2.50020824757947,"FISHED",0.310736193112098,0.25,1,"MED HIGH NA",NA
79,1,64.6824820453015,78,0,0.500634845978757,"M",0.329371346766129,0.25,1,"MED HIGH NA",NA
79,2,101.086911393172,79,1,1.50031453269353,"FISHED",0.310736193112098,0.25,1,"MED HIGH NA",NA
79,3,62.3958055957654,78,0,0.502296657149656,"FISHED",0.329371346766129,0.25,1,"MED HIGH NA",NA
79,4,62.3201396374771,78,0,0.501322594955918,"M",0.329371346766129,0.25,1,"MED HIGH NA",NA
79,5,65.0450566197602,78,0,0.501029590042043,"FISHED",0.329371346766129,0.25,1,"MED HIGH NA",NA
79,6,116.206558181669,80,2,2.49791477469288,"M",0.310163379297592,0.25,1,"MED HIGH NA",NA
79,7,116.269330213813,80,2,2.4997837171907,"FISHED",0.310163379297592,0.25,1,"MED HIGH NA",NA
79,8,62.3387069976631,78,0,0.499789027882123,"M",0.329371346766129,0.25,1,"MED HIGH NA",NA
79,9,63.0856345755321,78,0,0.501116460936218,"FISHED",0.329371346766129,0.25,1,"MED HIGH NA",NA
80,1,122.180185365806,81,2,2.49992789356095,"FISHED",0.31775698941201,0.25,1,"MED HIGH NA",NA
80,2,156.869479978769,82,3,3.5006440655862,"FISHED",0.387842814251781,0.25,1,"MED HIGH NA",NA
80,3,134.92816987502,82,3,3.50029780903415,"M",0.387842814251781,0.25,1,"MED HIGH NA",NA
80,4,64.0027593570434,79,0,0.498762266860532,"M",0.310736193112098,0.25,1,"MED HIGH NA",NA
80,5,63.9364719982122,79,0,0.499453097467214,"FISHED",0.310736193112098,0.25,1,"MED HIGH NA",NA
80,6,95.4988840946617,80,1,1.5013972662302,"FISHED",0.310163379297592,0.25,1,"MED HIGH NA",NA
80,7,156.641748658866,82,3,3.4985338342519,"FISHED",0.387842814251781,0.25,1,"MED HIGH NA",NA
80,8,145.749374853245,82,3,3.50039710704682,"FISHED",0.387842814251781,0.25,1,"MED HIGH NA",NA
80,9,105.26932950334,80,1,1.49885755419912,"M",0.310163379297592,0.25,1,"MED HIGH NA",NA
80,10,62.2072943623151,79,0,0.499898274743986,"M",0.310736193112098,0.25,1,"MED HIGH NA",NA
81,1,61.5296179689999,80,0,0.499598993712841,"M",0.310163379297592,0.25,1,"MED HIGH NA",NA
81,2,61.8448028647398,80,0,0.498851391237165,"M",0.310163379297592,0.25,1,"MED HIGH NA",NA
81,3,60.8590565793977,80,0,0.499832413602724,"M",0.310163379297592,0.25,1,"MED HIGH NA",NA
81,4,61.8018772259611,80,0,0.500395950955466,"FISHED",0.310163379297592,0.25,1,"MED HIGH NA",NA
81,5,154.738034953003,83,3,3.50115395784442,"M",0.354229425033554,0.25,1,"MED HIGH NA",NA
81,6,61.0280781788836,80,0,0.502169317659283,"M",0.310163379297592,0.25,1,"MED HIGH NA",NA
81,7,134.525799445836,82,2,2.49881410493533,"FISHED",0.387842814251781,0.25,1,"MED HIGH NA",NA
81,8,116.220518987638,82,2,2.50078895024978,"FISHED",0.387842814251781,0.25,1,"MED HIGH NA",NA
81,9,64.0095571818064,80,0,0.499825120509734,"M",0.310163379297592,0.25,1,"MED HIGH NA",NA
81,10,170.932684971446,83,3,3.50047490477739,"M",0.354229425033554,0.25,1,"MED HIGH NA",NA
81,11,94.4827143853904,81,1,1.49841534776298,"M",0.31775698941201,0.25,1,"MED HIGH NA",NA
82,1,61.7056398019506,81,0,0.500118335712376,"M",0.31775698941201,0.25,1,"MED HIGH NA",NA
82,2,100.864543913645,82,1,1.49853713437299,"FISHED",0.387842814251781,0.25,1,"MED HIGH NA",NA
82,3,64.403814772146,81,0,0.498636192497593,"FISHED",0.31775698941201,0.25,1,"MED HIGH NA",NA
82,4,149.696511403884,85,4,4.50030562515921,"FISHED",0.370835754205473,0.25,1,"MED HIGH NA",NA
82,5,64.5039089717502,81,0,0.498316286220298,"M",0.31775698941201,0.25,1,"MED HIGH NA",NA
82,6,59.3900930109731,81,0,0.499740135961917,"FISHED",0.31775698941201,0.25,1,"MED HIGH NA",NA
82,7,125.678426309295,83,2,2.50041962002611,"FISHED",0.354229425033554,0.25,1,"MED HIGH NA",NA
82,8,63.1598830561788,81,0,0.499698491183125,"FISHED",0.31775698941201,0.25,1,"MED HIGH NA",NA
82,9,63.7824841269641,81,0,0.500436763140355,"FISHED",0.31775698941201,0.25,1,"MED HIGH NA",NA
82,10,62.9549176202883,81,0,0.49698193344906,"FISHED",0.31775698941201,0.25,1,"MED HIGH NA",NA
82,11,105.128805261162,82,1,1.49878310016851,"M",0.387842814251781,0.25,1,"MED HIGH NA",NA
83,1,97.1677392264137,83,1,1.49967986742044,"M",0.354229425033554,0.25,1,"MED HIGH NA",NA
83,2,60.9068446482826,82,0,0.498858270155143,"M",0.387842814251781,0.25,1,"MED HIGH NA",NA
83,3,64.2579549292869,82,0,0.500293371514747,"FISHED",0.387842814251781,0.25,1,"MED HIGH NA",NA
83,4,62.0944395004197,82,0,0.500133196629836,"FISHED",0.387842814251781,0.25,1,"MED HIGH NA",NA
83,5,120.592779560368,84,2,2.5000933320736,"FISHED",0.311485419794917,0.25,1,"MED HIGH NA",NA
83,6,123.898246743648,84,2,2.49934614173827,"M",0.311485419794917,0.25,1,"MED HIGH NA",NA
83,7,132.823564254267,84,2,2.50098171095086,"FISHED",0.311485419794917,0.25,1,"MED HIGH NA",NA
83,8,96.9331371143897,83,1,1.49926121654182,"FISHED",0.354229425033554,0.25,1,"MED HIGH NA",NA
83,9,95.3045925526109,83,1,1.4990988432209,"M",0.354229425033554,0.25,1,"MED HIGH NA",NA
83,10,64.0489825984927,82,0,0.499221200688552,"FISHED",0.387842814251781,0.25,1,"MED HIGH NA",NA
84,1,62.473151915139,83,0,0.499276083780261,"FISHED",0.354229425033554,0.25,1,"MED HIGH NA",NA
84,2,100.42156301418,84,1,1.49913390337836,"M",0.311485419794917,0.25,1,"MED HIGH NA",NA
84,3,63.8015885824805,83,0,0.500017001179502,"FISHED",0.354229425033554,0.25,1,"MED HIGH NA",NA
84,4,164.508441498526,87,4,4.49812722402747,"M",0.388331538881175,0.25,1,"MED HIGH NA",NA
84,5,99.1615875248051,84,1,1.49997142054412,"FISHED",0.311485419794917,0.25,1,"MED HIGH NA",NA
84,6,96.9696240068303,84,1,1.50001664907733,"M",0.311485419794917,0.25,1,"MED HIGH NA",NA
84,7,103.097526266046,84,1,1.50045945205975,"M",0.311485419794917,0.25,1,"MED HIGH NA",NA
84,8,65.3334327890841,83,0,0.500383775899718,"M",0.354229425033554,0.25,1,"MED HIGH NA",NA
84,9,61.2179740584344,83,0,0.499919950466613,"M",0.354229425033554,0.25,1,"MED HIGH NA",NA
84,10,102.765629776566,84,1,1.49931249470014,"M",0.311485419794917,0.25,1,"MED HIGH NA",NA
85,1,61.9480688648291,84,0,0.498857907790903,"M",0.311485419794917,0.25,1,"MED HIGH NA",NA
85,2,63.327724589632,84,0,0.500270408069091,"FISHED",0.311485419794917,0.25,1,"MED HIGH NA",NA
85,3,123.433007789143,86,2,2.49938307604018,"M",0.379734822898172,0.25,1,"MED HIGH NA",NA
85,4,122.417491915687,86,2,2.4989090288656,"M",0.379734822898172,0.25,1,"MED HIGH NA",NA
85,5,95.063413963694,85,1,1.5006907222144,"M",0.370835754205473,0.25,1,"MED HIGH NA",NA
85,6,102.214594601635,85,1,1.50128929196742,"FISHED",0.370835754205473,0.25,1,"MED HIGH NA",NA
85,7,140.156719310111,87,3,3.50128137913065,"M",0.388331538881175,0.25,1,"MED HIGH NA",NA
85,8,118.441129382486,86,2,2.50107347644528,"M",0.379734822898172,0.25,1,"MED HIGH NA",NA
86,1,61.1359355672308,85,0,0.49924386411,"M",0.370835754205473,0.25,1,"MED HIGH NA",NA
86,2,60.9112503601527,85,0,0.498978092620584,"FISHED",0.370835754205473,0.25,1,"MED HIGH NA",NA
86,3,200.791653576389,93,8,8.49904630160816,"FISHED",0.386849285895005,0.25,1,"MED HIGH NA",NA
87,1,63.3426769066607,86,0,0.500279538265383,"FISHED",0.379734822898172,0.25,1,"MED HIGH NA",NA
87,2,60.9662531493999,86,0,0.49957277538705,"FISHED",0.379734822898172,0.25,1,"MED HIGH NA",NA
87,3,63.2955699618716,86,0,0.499207494281816,"FISHED",0.379734822898172,0.25,1,"MED HIGH NA",NA
87,4,104.304880495905,87,1,1.50119164642187,"FISHED",0.388331538881175,0.25,1,"MED HIGH NA",NA
87,5,61.220319162709,86,0,0.498072893039556,"FISHED",0.379734822898172,0.25,1,"MED HIGH NA",NA
88,1,124.466443477203,89,2,2.49997308692995,"FISHED",0.358464924036525,0.25,1,"MED HIGH NA",NA
88,2,122.568511161307,89,2,2.49972825292637,"FISHED",0.358464924036525,0.25,1,"MED HIGH NA",NA
88,3,172.700801098007,92,5,5.49968339692552,"M",0.395122264348902,0.25,1,"MED HIGH NA",NA
88,4,99.4727436148427,88,1,1.50030902042332,"M",0.307671568146907,0.25,1,"MED HIGH NA",NA
88,5,61.680777844198,87,0,0.499914945729191,"FISHED",0.388331538881175,0.25,1,"MED HIGH NA",NA
89,1,184.319519878286,92,4,4.5001930986542,"FISHED",0.395122264348902,0.25,1,"MED HIGH NA",NA
89,2,64.3909158008782,88,0,0.500839636108017,"M",0.307671568146907,0.25,1,"MED HIGH NA",NA
89,3,63.3613775076638,88,0,0.500927522114426,"M",0.307671568146907,0.25,1,"MED HIGH NA",NA
89,4,95.3400335358676,89,1,1.49964601950733,"FISHED",0.358464924036525,0.25,1,"MED HIGH NA",NA
89,5,102.65216386869,89,1,1.50034775505868,"FISHED",0.358464924036525,0.25,1,"MED HIGH NA",NA
89,6,148.140927774312,91,3,3.49924417553014,"M",0.319868507632054,0.25,1,"MED HIGH NA",NA
89,7,60.9928167104914,88,0,0.500760584756081,"M",0.307671568146907,0.25,1,"MED HIGH NA",NA
89,8,62.2310831875732,88,0,0.501654674604423,"M",0.307671568146907,0.25,1,"MED HIGH NA",NA
90,1,129.653195456058,91,2,2.50024501895595,"FISHED",0.319868507632054,0.25,1,"MED HIGH NA",NA
90,2,60.6867508350274,89,0,0.499556339003721,"M",0.358464924036525,0.25,1,"MED HIGH NA",NA
90,3,101.579923758847,90,1,1.49979259387391,"FISHED",0.391972671239637,0.25,1,"MED HIGH NA",NA
90,4,184.163939915915,96,7,7.49927345734973,"M",0.392385253612883,0.25,1,"MED HIGH NA",NA
91,1,102.676281909396,91,1,1.50086788399617,"M",0.319868507632054,0.25,1,"MED HIGH NA",NA
91,2,61.026516306986,90,0,0.502491854363865,"M",0.391972671239637,0.25,1,"MED HIGH NA",NA
91,3,100.495997395841,91,1,1.49880286600973,"M",0.319868507632054,0.25,1,"MED HIGH NA",NA
91,4,127.409400294544,92,2,2.50105946476457,"FISHED",0.395122264348902,0.25,1,"MED HIGH NA",NA
91,5,63.7210979419786,90,0,0.500001563590243,"FISHED",0.391972671239637,0.25,1,"MED HIGH NA",NA
91,6,94.7807954000436,91,1,1.50204000347679,"FISHED",0.319868507632054,0.25,1,"MED HIGH NA",NA
91,7,63.009692572622,90,0,0.500832908382552,"FISHED",0.391972671239637,0.25,1,"MED HIGH NA",NA
92,1,123.627256335518,93,2,2.50095515742372,"FISHED",0.386849285895005,0.25,1,"MED HIGH NA",NA
92,2,62.5424019137424,91,0,0.499905296599325,"M",0.319868507632054,0.25,1,"MED HIGH NA",NA
92,3,97.5579722947455,92,1,1.50004030187923,"FISHED",0.395122264348902,0.25,1,"MED HIGH NA",NA
92,4,100.660230186155,92,1,1.50152654818973,"FISHED",0.395122264348902,0.25,1,"MED HIGH NA",NA
92,5,145.382464416134,93,2,2.50035512014062,"FISHED",0.386849285895005,0.25,1,"MED HIGH NA",NA
92,6,119.488047389142,93,2,2.49954296780611,"FISHED",0.386849285895005,0.25,1,"MED HIGH NA",NA
92,7,61.6313447800276,91,0,0.499361115980046,"FISHED",0.319868507632054,0.25,1,"MED HIGH NA",NA
92,8,140.059280947015,93,2,2.50151952069031,"FISHED",0.386849285895005,0.25,1,"MED HIGH NA",NA
93,1,125.101430801202,94,2,2.49904358822255,"FISHED",0.384031327487901,0.25,1,"MED HIGH NA",NA
93,2,62.9320748120323,92,0,0.499603710946919,"M",0.395122264348902,0.25,1,"MED HIGH NA",NA
93,3,63.0781648227182,92,0,0.501678139798363,"M",0.395122264348902,0.25,1,"MED HIGH NA",NA
93,4,93.3059651963744,93,1,1.50073338348167,"FISHED",0.386849285895005,0.25,1,"MED HIGH NA",NA
93,5,65.1044250068445,92,0,0.501159255316204,"FISHED",0.395122264348902,0.25,1,"MED HIGH NA",NA
93,6,60.2479899732371,92,0,0.499476322067356,"M",0.395122264348902,0.25,1,"MED HIGH NA",NA
93,7,100.817493067923,93,1,1.4981506732499,"FISHED",0.386849285895005,0.25,1,"MED HIGH NA",NA
93,8,62.8034824784794,92,0,0.499134955789173,"M",0.395122264348902,0.25,1,"MED HIGH NA",NA
93,9,126.321243619151,94,2,2.50022236711392,"M",0.384031327487901,0.25,1,"MED HIGH NA",NA
94,1,61.3848075395274,93,0,0.499890488363482,"M",0.386849285895005,0.25,1,"MED HIGH NA",NA
94,2,146.675238900599,96,3,3.50074818432951,"M",0.392385253612883,0.25,1,"MED HIGH NA",NA
94,3,60.6976408457001,93,0,0.49836364138301,"M",0.386849285895005,0.25,1,"MED HIGH NA",NA
94,4,143.455825305811,96,3,3.50102884708059,"FISHED",0.392385253612883,0.25,1,"MED HIGH NA",NA
94,5,148.508867821088,96,3,3.49855353915275,"FISHED",0.392385253612883,0.25,1,"MED HIGH NA",NA
94,6,63.5210644653989,93,0,0.499486017288305,"FISHED",0.386849285895005,0.25,1,"MED HIGH NA",NA
94,7,63.4935178839319,93,0,0.498828799336189,"M",0.386849285895005,0.25,1,"MED HIGH NA",NA
94,8,60.6932455169318,93,0,0.501026351658748,"FISHED",0.386849285895005,0.25,1,"MED HIGH NA",NA
94,9,165.172305317576,97,4,4.49899684495771,"M",0.323234222037718,0.25,1,"MED HIGH NA",NA
94,10,61.8550392050815,93,0,0.500406080911827,"FISHED",0.386849285895005,0.25,1,"MED HIGH NA",NA
94,11,64.4497201902511,93,0,0.500072726352892,"FISHED",0.386849285895005,0.25,1,"MED HIGH NA",NA
95,1,129.696124986717,96,2,2.50253519581706,"FISHED",0.392385253612883,0.25,1,"MED HIGH NA",NA
95,2,131.312592943128,96,2,2.50130592987215,"FISHED",0.392385253612883,0.25,1,"MED HIGH NA",NA
95,3,127.937439560301,96,2,2.49851132460561,"FISHED",0.392385253612883,0.25,1,"MED HIGH NA",NA
95,4,63.3629884219837,94,0,0.500195058313715,"FISHED",0.384031327487901,0.25,1,"MED HIGH NA",NA
95,5,60.1537143516862,94,0,0.49994871443075,"FISHED",0.384031327487901,0.25,1,"MED HIGH NA",NA
95,6,61.9606535026957,94,0,0.500306873357433,"FISHED",0.384031327487901,0.25,1,"MED HIGH NA",NA
95,7,118.195910278612,96,2,2.4999321037591,"FISHED",0.392385253612883,0.25,1,"MED HIGH NA",NA
95,8,97.8753701781962,95,1,1.50008787524796,"M",0.372876002686098,0.25,1,"MED HIGH NA",NA
95,9,64.5461772624663,94,0,0.499915937329192,"M",0.384031327487901,0.25,1,"MED HIGH NA",NA
95,10,92.2830477961662,95,1,1.49976255274667,"FISHED",0.372876002686098,0.25,1,"MED HIGH NA",NA
95,11,61.8600194871254,94,0,0.49874340615603,"M",0.384031327487901,0.25,1,"MED HIGH NA",NA
96,1,158.617240388943,99,4,4.50077408129381,"FISHED",0.34854891335126,0.25,1,"MED HIGH NA",NA
96,2,102.606525283321,96,1,1.50082758273547,"FISHED",0.392385253612883,0.25,1,"MED HIGH NA",NA
96,3,65.5499637192171,95,0,0.499256429352403,"FISHED",0.372876002686098,0.25,1,"MED HIGH NA",NA
96,4,123.077465821048,97,2,2.49989286404857,"FISHED",0.323234222037718,0.25,1,"MED HIGH NA",NA
96,5,61.4177756113672,95,0,0.501650340970716,"FISHED",0.372876002686098,0.25,1,"MED HIGH NA",NA
96,6,96.8401466386011,96,1,1.50116160457006,"FISHED",0.392385253612883,0.25,1,"MED HIGH NA",NA
96,7,64.3624199856637,95,0,0.500631779671091,"FISHED",0.372876002686098,0.25,1,"MED HIGH NA",NA
96,8,101.145604525254,96,1,1.49926049879337,"M",0.392385253612883,0.25,1,"MED HIGH NA",NA
97,1,63.9608159927864,96,0,0.499253719142871,"FISHED",0.392385253612883,0.25,1,"MED HIGH NA",NA
97,2,63.1993260385035,96,0,0.500157373822539,"M",0.392385253612883,0.25,1,"MED HIGH NA",NA
97,3,65.0505821627285,96,0,0.499821645338378,"M",0.392385253612883,0.25,1,"MED HIGH NA",NA
97,4,60.4134411775251,96,0,0.499054911591338,"FISHED",0.392385253612883,0.25,1,"MED HIGH NA",NA
97,5,61.7998594234,96,0,0.500927062146723,"FISHED",0.392385253612883,0.25,1,"MED HIGH NA",NA
97,6,99.6759762777709,97,1,1.49992643110173,"M",0.323234222037718,0.25,1,"MED HIGH NA",NA
97,7,141.576129919885,99,3,3.4984919117193,"M",0.34854891335126,0.25,1,"MED HIGH NA",NA
97,8,157.475437208359,100,4,4.49952292055504,"M",0.376417677290738,0.25,1,"MED HIGH NA",NA
97,9,65.126075940164,96,0,0.499654631937997,"M",0.392385253612883,0.25,1,"MED HIGH NA",NA
98,1,59.6370837228789,97,0,0.499567370841826,"FISHED",0.323234222037718,0.25,1,"MED HIGH NA",NA
98,2,62.4689502773823,97,0,0.499346851418919,"FISHED",0.323234222037718,0.25,1,"MED HIGH NA",NA
98,3,63.360126661342,97,0,0.500347862733802,"M",0.323234222037718,0.25,1,"MED HIGH NA",NA
98,4,64.9128616496048,97,0,0.501983567281444,"FISHED",0.323234222037718,0.25,1,"MED HIGH NA",NA
98,5,123.77019708128,99,2,2.50001572915735,"FISHED",0.34854891335126,0.25,1,"MED HIGH NA",NA
98,6,61.8406075142168,97,0,0.500389747020428,"M",0.323234222037718,0.25,1,"MED HIGH NA",NA
98,7,97.2616116891389,98,1,1.49936570516678,"FISHED",0.326258262200281,0.25,1,"MED HIGH NA",NA
98,8,64.4050068843528,97,0,0.500022599859683,"FISHED",0.323234222037718,0.25,1,"MED HIGH NA",NA
98,9,98.4715605708018,98,1,1.49869342316849,"FISHED",0.326258262200281,0.25,1,"MED HIGH NA",NA
99,1,62.4282869595392,98,0,0.498272343508587,"M",0.326258262200281,0.25,1,"MED HIGH NA",NA
99,2,64.4107125976357,98,0,0.500171612426269,"FISHED",0.326258262200281,0.25,1,"MED HIGH NA",NA
99,3,63.8581311331412,98,0,0.498832855849547,"FISHED",0.326258262200281,0.25,1,"MED HIGH NA",NA
99,4,61.8747154215003,98,0,0.500661947691159,"M",0.326258262200281,0.25,1,"MED HIGH NA",NA
99,5,61.9314211862976,98,0,0.500113843241427,"M",0.326258262200281,0.25,1,"MED HIGH NA",NA
99,6,103.836518365422,99,1,1.50006180165385,"FISHED",0.34854891335126,0.25,1,"MED HIGH NA",NA
100,1,61.9569008729437,99,0,0.498685344523255,"FISHED",0.34854891335126,0.25,1,"MED HIGH NA",NA
100,2,62.0388445216868,99,0,0.501256886104295,"FISHED",0.34854891335126,0.25,1,"MED HIGH NA",NA
100,3,65.6959200725878,99,0,0.500556760831955,"FISHED",0.34854891335126,0.25,1,"MED HIGH NA",NA
100,4,98.6218441282987,100,1,1.50029573198006,"M",0.376417677290738,0.25,1,"MED HIGH NA",NA
100,5,64.59314619779,99,0,0.499071107384758,"M",0.34854891335126,0.25,1,"MED HIGH NA",NA
