"cohort","uni_ind","ind","fish_size","Year","Age","AgeE","FMORT","M","Sel","FSIM","REG"
1,7,7,99.3815022034613,1,1,1.50131051789155,0,0.25,0.00788544952260318,"MED LOW","R1"
1,2,2,148.61671757578,3,3,3.49961309939629,0,0.25,0.54094539718797,"MED LOW","R1"
1,3,3,153.557755278626,3,3,3.50059864732551,0,0.25,0.660567563464851,"MED LOW","R1"
1,7,7,149.54103290692,3,3,3.4997356180768,0,0.25,0.564143874752829,"MED LOW","R1"
1,8,8,140.037530264061,3,3,3.4988032850505,0,0.25,0.330280624185232,"MED LOW","R1"
1,9,9,142.175670746587,3,3,3.49939970949611,0,0.25,0.379934646997152,"MED LOW","R1"
2,15,3,135.290428034627,3,2,2.49885228237589,0,0.25,0.233455603435395,"MED LOW","R1"
2,21,9,128.36039685161,3,2,2.4995352655631,0,0.25,0.130957038409527,"MED LOW","R1"
1,2,2,165.424013050036,4,4,4.49999376640223,0,0.25,0.866531604260543,"MED LOW","R1"
1,3,3,171.71224418595,4,4,4.50085028617204,0,0.25,0.924776814988454,"MED LOW","R1"
1,5,5,162.349147531842,4,4,4.49951675174091,0,0.25,0.826128736787256,"MED LOW","R1"
1,7,7,166.596747234097,4,4,4.49817767837532,0,0.25,0.879711856673149,"MED LOW","R1"
1,8,8,154.619173563702,4,4,4.49971633176634,0,0.25,0.684297578784973,"MED LOW","R1"
1,9,9,157.298375097683,4,4,4.49985933130728,0,0.25,0.739932647438623,"MED LOW","R1"
1,11,11,161.528467466003,4,4,4.50137306679114,0,0.25,0.813832817313523,"MED LOW","R1"
2,13,1,155.967991988885,4,3,3.50173477988671,0,0.25,0.713110969449552,"MED LOW","R1"
2,15,3,160.343593412334,4,3,3.50033255392604,0,0.25,0.794914366608566,"MED LOW","R1"
2,21,9,150.598269709692,4,3,3.50050643269574,0,0.25,0.590332693478913,"MED LOW","R1"
3,34,10,120.888699183121,4,2,2.49953430059206,0,0.25,0.0659186282551733,"MED LOW","R1"
1,2,2,178.454472156008,5,5,5.49981776377049,0,0.25,0.960594515602793,"MED LOW","R1"
1,3,3,185.991525830627,5,5,5.50097050305788,0,0.25,0.98127333053125,"MED LOW","R1"
1,5,5,174.788230756001,5,5,5.49975006494576,0,0.25,0.943821618116051,"MED LOW","R1"
1,7,7,179.856104792519,5,5,5.50047634873672,0,0.25,0.965642006434641,"MED LOW","R1"
1,8,8,165.628377002377,5,5,5.4995363500918,0,0.25,0.86891318749448,"MED LOW","R1"
2,13,1,174.796712278838,5,4,4.49958506318824,0,0.25,0.943867260840707,"MED LOW","R1"
2,21,9,167.940163686,5,4,4.50107729191345,0,0.25,0.893414639808519,"MED LOW","R1"
2,22,10,179.426663959505,5,4,4.50025531875193,0,0.25,0.964165654707553,"MED LOW","R1"
3,27,3,150.67208802327,5,3,3.49922674806154,0,0.25,0.59214403713994,"MED LOW","R1"
3,29,5,154.623351197089,5,3,3.49987036413906,0,0.25,0.684389205864997,"MED LOW","R1"
3,35,11,152.461854808816,5,3,3.49903645715418,0,0.25,0.635191764256918,"MED LOW","R1"
3,36,12,144.227161783595,5,3,3.50038896627948,0,0.25,0.430078015248616,"MED LOW","R1"
4,39,2,131.516705733293,5,2,2.50035365520509,0,0.25,0.171923533548617,"MED LOW","R1"
1,2,2,188.556803299794,6,6,6.4994491824334,0,0.25,0.985505152103814,"MED LOW","R1"
1,3,3,197.222791294992,6,6,6.50003383682157,0,0.25,0.99393561599191,"MED LOW","R1"
1,5,5,184.36183932031,6,6,6.5021602276989,0,0.25,0.977977810334589,"MED LOW","R1"
1,7,7,190.164120011906,6,6,6.5006940836772,0,0.25,0.987660771265944,"MED LOW","R1"
1,8,8,173.940372973169,6,6,6.49950523744845,0,0.25,0.939078913227688,"MED LOW","R1"
2,21,9,181.463997040242,6,5,5.49984273506787,0,0.25,0.970665328423904,"MED LOW","R1"
2,22,10,195.309263235407,6,5,5.49889621992209,0,0.25,0.992644720083607,"MED LOW","R1"
3,25,1,162.287716619109,6,4,4.49905991515705,0,0.25,0.825230998037375,"MED LOW","R1"
3,27,3,168.034044629039,6,4,4.49878380176186,0,0.25,0.894318921601811,"MED LOW","R1"
3,29,5,173.074553798062,6,4,4.50108763544267,0,0.25,0.933851268375788,"MED LOW","R1"
3,30,6,165.953136900449,6,4,4.49946528389551,0,0.25,0.872623516413605,"MED LOW","R1"
3,32,8,156.155949349603,6,4,4.49939917969388,0,0.25,0.716999263995802,"MED LOW","R1"
3,36,12,159.877540067572,6,4,4.49880322934801,0,0.25,0.787092382042835,"MED LOW","R1"
4,40,3,140.568904844194,6,3,3.5010351174334,0,0.25,0.342321830504792,"MED LOW","R1"
4,48,11,144.287741692187,6,3,3.49961428821009,0,0.25,0.431586292837379,"MED LOW","R1"
5,50,2,128.762346195615,6,2,2.50014272051532,0,0.25,0.13567197040884,"MED LOW","R1"
5,52,4,133.921622058305,6,2,2.49970035762811,0,0.25,0.209510449627305,"MED LOW","R1"
1,2,2,196.388998137191,7,7,7.50029985703894,0,0.25,0.993403399978158,"MED LOW","R1"
1,5,5,191.730065683214,7,7,7.50007485717685,0,0.25,0.989455495498413,"MED LOW","R1"
1,7,7,198.177719260208,7,7,7.4996565645897,0,0.25,0.994492904256654,"MED LOW","R1"
1,8,8,180.215965699137,7,7,7.49870481437136,0,0.25,0.96683382183048,"MED LOW","R1"
2,21,9,192.010369244059,7,6,6.49989444849227,0,0.25,0.989748327677486,"MED LOW","R1"
2,22,10,208.01300133542,7,6,6.50043432795314,0,0.25,0.997964132159315,"MED LOW","R1"
3,25,1,174.715115218393,7,5,5.50041527047941,0,0.25,0.943426702198794,"MED LOW","R1"
3,27,3,181.576450268103,7,5,5.50126547927572,0,0.25,0.970988694859412,"MED LOW","R1"
3,28,4,194.288613690244,7,5,5.50010888719327,0,0.25,0.991848152447237,"MED LOW","R1"
3,32,8,167.442898500024,7,5,5.4996405935679,0,0.25,0.888510506031575,"MED LOW","R1"
3,36,12,171.850547901754,7,5,5.50047286016437,0,0.25,0.925747855081233,"MED LOW","R1"
4,39,2,173.579647862592,7,4,4.49914332741343,0,0.25,0.936949587244689,"MED LOW","R1"
4,40,3,155.28416230218,7,4,4.50148372507615,0,0.25,0.698699091351649,"MED LOW","R1"
4,44,7,163.914297752591,7,4,4.49857563178921,0,0.25,0.847787040487125,"MED LOW","R1"
4,46,9,169.70118784096,7,4,4.49832788312894,0,0.25,0.909282504426509,"MED LOW","R1"
4,48,11,159.953828629178,7,4,4.49879430121768,0,0.25,0.788387514063893,"MED LOW","R1"
5,51,3,140.271244602571,7,3,3.50014090418655,0,0.25,0.335550471264675,"MED LOW","R1"
6,61,3,130.793310967247,7,2,2.50065260062878,0,0.25,0.16171756553395,"MED LOW","R1"
6,65,7,128.654878853531,7,2,2.49962376835091,0,0.25,0.134397521402602,"MED LOW","R1"
6,67,9,124.43434303814,7,2,2.50034245553532,0,0.25,0.0918590028658734,"MED LOW","R1"
6,70,12,127.048577188997,7,2,2.50023932857363,0,0.25,0.11652929689407,"MED LOW","R1"
1,2,2,202.461188317642,8,8,8.49998157265909,0,0.25,0.996428196280646,"MED LOW","R1"
1,5,5,197.400943009179,8,8,8.49947111154687,0,0.25,0.994043675964106,"MED LOW","R1"
1,7,7,204.40760654167,8,8,8.50069985077958,0,0.25,0.997066820618225,"MED LOW","R1"
1,8,8,184.954065212252,8,8,8.50038067938847,0,0.25,0.979236296052671,"MED LOW","R1"
2,21,9,200.234810033,8,7,7.49870116558614,0,0.25,0.995526305127214,"MED LOW","R1"
3,25,1,184.278316682666,8,6,6.4997062687814,0,0.25,0.977794427119553,"MED LOW","R1"
3,28,4,206.826969982796,8,6,6.50185055851337,0,0.25,0.99770419792331,"MED LOW","R1"
3,32,8,175.998021084783,8,6,6.50156594211855,0,0.25,0.949990455248507,"MED LOW","R1"
4,48,11,171.941098052071,8,5,5.50164739803749,0,0.25,0.926377355172479,"MED LOW","R1"
5,49,1,164.586024151813,8,4,4.50042183093639,0,0.25,0.856380932522978,"MED LOW","R1"
5,50,2,168.654005682748,8,4,4.50111956341833,0,0.25,0.900122164925996,"MED LOW","R1"
5,54,6,160.110887920385,8,4,4.50145799527509,0,0.25,0.791035693469717,"MED LOW","R1"
5,56,8,161.723945317397,8,4,4.49898487074812,0,0.25,0.816821154198973,"MED LOW","R1"
5,57,9,156.154748524223,8,4,4.50090035516112,0,0.25,0.716974523854065,"MED LOW","R1"
6,61,3,154.002251303192,8,3,3.49929602196968,0,0.25,0.670612196422071,"MED LOW","R1"
6,62,4,148.026604389241,8,3,3.49978179000618,0,0.25,0.52603482905746,"MED LOW","R1"
6,65,7,151.009288538542,8,3,3.49930062966204,0,0.25,0.600385736391204,"MED LOW","R1"
7,76,6,135.708240931723,8,2,2.49977874218601,0,0.25,0.241132766927902,"MED LOW","R1"
1,5,5,201.7654736387,9,9,9.49939774407167,0,0.25,0.99616776998191,"MED LOW","R1"
1,7,7,209.250810492498,9,9,9.4996036823881,0,0.25,0.998204138332718,"MED LOW","R1"
2,21,9,206.648525098575,9,8,8.50044310639935,0,0.25,0.997662321760777,"MED LOW","R1"
3,32,8,182.482512284738,9,7,7.49937085729732,0,0.25,0.973470853054151,"MED LOW","R1"
4,46,9,194.438607958953,9,6,6.50063139914062,0,0.25,0.991970369322665,"MED LOW","R1"
4,48,11,181.113435011196,9,6,6.50027439938826,0,0.25,0.96963467953978,"MED LOW","R1"
5,50,2,182.31935206336,9,5,5.49863111202956,0,0.25,0.973039656869561,"MED LOW","R1"
5,54,6,172.127543404228,9,5,5.50044174059643,0,0.25,0.927658066638106,"MED LOW","R1"
5,56,8,174.044349179167,9,5,5.50097790813577,0,0.25,0.939680081142769,"MED LOW","R1"
5,57,9,167.441479375123,9,5,5.50016871135453,0,0.25,0.888496232021329,"MED LOW","R1"
5,58,10,164.775788780599,9,5,5.50263706215314,0,0.25,0.858734429747025,"MED LOW","R1"
6,61,3,172.280244560846,9,4,4.49836988826191,0,0.25,0.928691651677629,"MED LOW","R1"
6,62,4,164.6761721887,9,4,4.49997435808795,0,0.25,0.857503009286413,"MED LOW","R1"
6,67,9,161.034250987731,9,4,4.50002798561501,0,0.25,0.806110259899698,"MED LOW","R1"
6,69,11,161.466301908358,9,4,4.49948986905085,0,0.25,0.812874625618617,"MED LOW","R1"
7,76,6,160.935968949141,9,3,3.50128889986199,0,0.25,0.804545841150866,"MED LOW","R1"
7,77,7,150.166829794594,9,3,3.50098351990267,0,0.25,0.579698483365644,"MED LOW","R1"
1,5,5,205.12458837899,10,10,10.5016780342476,0,0.25,0.997272198325758,"MED LOW","R1"
1,7,7,213.015986883267,10,10,10.4996287397791,0,0.25,0.998773985898658,"MED LOW","R1"
2,21,9,211.650171046066,10,9,9.49934729682188,0,0.25,0.99859187290941,"MED LOW","R1"
3,32,8,187.397535501027,10,8,8.50156715421061,0,0.25,0.983724066108193,"MED LOW","R1"
4,46,9,202.944359115043,10,7,7.49952811303009,0,0.25,0.996598609763574,"MED LOW","R1"
4,48,11,188.131861170123,10,7,7.49942048099301,0,0.25,0.984875744419298,"MED LOW","R1"
5,50,2,192.993567707108,10,6,6.49784814383411,0,0.25,0.990713248565117,"MED LOW","R1"
5,57,9,175.996410493482,10,6,6.49966885923775,0,0.25,0.949982685731698,"MED LOW","R1"
5,58,10,172.974714803829,10,6,6.50040295931992,0,0.25,0.933222320790697,"MED LOW","R1"
6,61,3,186.67491457555,10,5,5.50163048102843,0,0.25,0.982506686846693,"MED LOW","R1"
6,62,4,177.561629383111,10,5,5.49911066129703,0,0.25,0.957016113869987,"MED LOW","R1"
6,63,5,172.889699148136,10,5,5.50045415334556,0,0.25,0.932682382294111,"MED LOW","R1"
6,67,9,173.224348416118,10,5,5.49922205955475,0,0.25,0.934784598820817,"MED LOW","R1"
6,69,11,173.737952703302,10,5,5.50150099419377,0,0.25,0.937892462390439,"MED LOW","R1"
7,76,6,181.189311453906,10,4,4.50018439573252,0,0.25,0.969860689166347,"MED LOW","R1"
7,77,7,167.39167673567,10,4,4.49887416575143,0,0.25,0.887994288189592,"MED LOW","R1"
7,78,8,150.707354288855,10,4,4.50044433474238,0,0.25,0.593008516205092,"MED LOW","R1"
8,84,3,159.299169434899,10,3,3.50098791324864,0,0.25,0.777085817757012,"MED LOW","R1"
8,86,5,143.304777989051,10,3,3.49978535437698,0,0.25,0.407288816626878,"MED LOW","R1"
8,88,7,152.470552850399,10,3,3.50055188536467,0,0.25,0.635396382172493,"MED LOW","R1"
8,91,10,144.252842548234,10,3,3.50122133454698,0,0.25,0.430717240767491,"MED LOW","R1"
1,7,7,215.943089148118,11,11,11.500345890935,0,0.25,0.999088908599047,"MED LOW","R1"
3,32,8,191.122955502651,11,9,9.50106714488471,0,0.25,0.988792581097162,"MED LOW","R1"
4,46,9,209.604225579265,11,8,8.49923894930001,0,0.25,0.998267327229351,"MED LOW","R1"
4,48,11,193.502172571439,11,8,8.49957214961799,0,0.25,0.991176519119488,"MED LOW","R1"
5,57,9,182.480736859253,11,7,7.49980434587174,0,0.25,0.973466197297041,"MED LOW","R1"
5,58,10,179.153439039296,11,7,7.50028910451415,0,0.25,0.963194750696801,"MED LOW","R1"
6,61,3,198.011308123316,11,6,6.4990476802362,0,0.25,0.994399590725682,"MED LOW","R1"
6,62,4,187.533960743833,11,6,6.50066315614207,0,0.25,0.983944364534836,"MED LOW","R1"
6,67,9,182.576532002323,11,6,6.49885687147395,0,0.25,0.973716271932731,"MED LOW","R1"
6,69,11,183.162583880007,11,6,6.49996657139594,0,0.25,0.97519695813315,"MED LOW","R1"
7,76,6,197.449114252324,11,5,5.4980067688847,0,0.25,0.994072564610786,"MED LOW","R1"
7,78,8,161.024325878733,11,5,5.49850955354052,0,0.25,0.805952708206516,"MED LOW","R1"
8,83,2,156.319400269337,11,4,4.50123781597986,0,0.25,0.720354531030437,"MED LOW","R1"
8,84,3,179.077979253884,11,4,4.50057990434321,0,0.25,0.962922175811096,"MED LOW","R1"
8,85,4,153.929187890273,11,4,4.5003219642018,0,0.25,0.668971487659871,"MED LOW","R1"
8,86,5,158.716873987627,11,4,4.50171567232038,0,0.25,0.76667704541618,"MED LOW","R1"
8,88,7,170.324561262351,11,4,4.49999792236351,0,0.25,0.914369888040356,"MED LOW","R1"
8,91,10,159.90987908932,11,4,4.50103776575699,0,0.25,0.787642098529039,"MED LOW","R1"
9,93,1,145.140062390768,11,3,3.50022470233812,0,0.25,0.45292883227397,"MED LOW","R1"
9,96,4,157.53072210887,11,3,3.50007414666635,0,0.25,0.744446510623669,"MED LOW","R1"
9,101,9,136.429325773022,11,3,3.49948262184348,0,0.25,0.254782535025773,"MED LOW","R1"
10,116,12,132.625283101969,11,2,2.50201377830247,0,0.25,0.188543933487273,"MED LOW","R1"
1,7,7,218.218660536991,12,12,12.5004447479845,0,0.25,0.999276726801552,"MED LOW","R1"
3,32,8,193.946696831583,12,10,10.4993259562451,0,0.25,0.991562616046324,"MED LOW","R1"
4,46,9,214.818793993897,12,9,9.49768054627104,0,0.25,0.998978849289358,"MED LOW","R1"
4,48,11,197.611390777065,12,9,9.49976124520877,0,0.25,0.994168861968088,"MED LOW","R1"
5,57,9,187.39562019801,12,8,8.50012515227714,0,0.25,0.983720952226414,"MED LOW","R1"
5,58,10,183.809735860342,12,8,8.50065532561391,0,0.25,0.976737607310444,"MED LOW","R1"
6,67,9,189.751481861739,12,7,7.50066415974883,0,0.25,0.987139612646033,"MED LOW","R1"
6,69,11,190.40070320895,12,7,7.4999537874705,0,0.25,0.98795010952513,"MED LOW","R1"
7,76,6,210.502820670473,12,6,6.50018029991367,0,0.25,0.998418174166358,"MED LOW","R1"
7,78,8,168.734647692248,12,6,6.4994978653427,0,0.25,0.900855856596475,"MED LOW","R1"
8,84,3,194.886436325246,12,5,5.49795767453451,0,0.25,0.992324553693672,"MED LOW","R1"
8,86,5,170.473883351653,12,5,5.499296006803,0,0.25,0.915549526591014,"MED LOW","R1"
8,89,8,163.563708707149,12,5,5.50120035540754,0,0.25,0.843136483754162,"MED LOW","R1"
9,93,1,161.027927736794,12,4,4.50008656244186,0,0.25,0.806009895521345,"MED LOW","R1"
9,101,9,150.118662528828,12,4,4.49942034017309,0,0.25,0.578506450808327,"MED LOW","R1"
9,102,10,162.904772542904,12,4,4.50058523426701,0,0.25,0.834083571927141,"MED LOW","R1"
9,103,11,177.786908309733,12,4,4.50105144747596,0,0.25,0.957947253986972,"MED LOW","R1"
10,113,9,138.934307811573,12,3,3.49931916553587,0,0.25,0.305991069247754,"MED LOW","R1"
11,127,11,125.976477407659,12,2,2.50265910851233,0,0.25,0.105782091330224,"MED LOW","R1"
4,46,9,218.901717262249,13,10,10.4992453330961,0,0.25,0.99932515495158,"MED LOW","R1"
4,48,11,200.755654302885,13,10,10.501117033738,0,0.25,0.995755760875191,"MED LOW","R1"
5,58,10,187.318728859451,13,9,9.49800145400071,0,0.25,0.983595457967874,"MED LOW","R1"
6,67,9,195.256068572491,13,8,8.50055842854174,0,0.25,0.992605181446002,"MED LOW","R1"
6,69,11,195.959580839039,13,8,8.50038368946978,0,0.25,0.993111452852778,"MED LOW","R1"
7,76,6,220.982606518049,13,7,7.50062880155446,0,0.25,0.999453609455027,"MED LOW","R1"
7,78,8,174.496906699172,13,7,7.49911577962853,0,0.25,0.94223253350078,"MED LOW","R1"
8,83,2,176.217287749114,13,6,6.49839562927296,0,0.25,0.951037589694698,"MED LOW","R1"
8,86,5,179.442635505711,13,6,6.50109993803243,0,0.25,0.964221640236586,"MED LOW","R1"
8,88,7,195.300356204075,13,6,6.5001361473576,0,0.25,0.992638114303926,"MED LOW","R1"
9,93,1,173.216833479591,13,5,5.50102159709341,0,0.25,0.934738068539982,"MED LOW","R1"
9,98,6,170.398167825715,13,5,5.49893665854861,0,0.25,0.914953231967437,"MED LOW","R1"
9,102,10,175.44977192554,13,5,5.49852189418462,0,0.25,0.947278660785254,"MED LOW","R1"
9,103,11,193.322212040932,13,5,5.49978352846551,0,0.25,0.991015277986599,"MED LOW","R1"
10,105,1,159.916399747075,13,4,4.49989038706744,0,0.25,0.787752814583129,"MED LOW","R1"
10,108,4,147.143272663317,13,4,4.49967972155243,0,0.25,0.50363663944462,"MED LOW","R1"
10,113,9,153.240349558676,13,4,4.50155893980588,0,0.25,0.653304743959226,"MED LOW","R1"
11,118,2,147.449858496551,13,3,3.50048742753023,0,0.25,0.511416816028695,"MED LOW","R1"
11,123,7,136.949326949757,13,3,3.49981481421811,0,0.25,0.264936105479056,"MED LOW","R1"
11,127,11,147.281159799804,13,3,3.50017306911571,0,0.25,0.507136221194774,"MED LOW","R1"
4,46,9,222.098580567075,14,11,11.5006913936621,0,0.25,0.999512112406827,"MED LOW","R1"
4,48,11,203.16156039623,14,11,11.4995558763776,0,0.25,0.996672552575609,"MED LOW","R1"
7,78,8,178.803293600518,14,8,8.49894763253394,0,0.25,0.961913478207839,"MED LOW","R1"
8,83,2,182.724238863075,14,7,7.50026122785533,0,0.25,0.974097374674458,"MED LOW","R1"
8,86,5,186.2843851982,14,7,7.50060498109103,0,0.25,0.981811986833178,"MED LOW","R1"
8,88,7,203.90703070976,14,7,7.50016993878451,0,0.25,0.996914361258927,"MED LOW","R1"
9,102,10,185.117787171433,14,6,6.49986553002555,0,0.25,0.979571607094037,"MED LOW","R1"
9,103,11,205.704898476301,14,6,6.50011173509924,0,0.25,0.997427876391577,"MED LOW","R1"
10,108,4,156.848147089228,14,5,5.50011016502936,0,0.25,0.731040057125733,"MED LOW","R1"
10,113,9,164.003132503343,14,5,5.50051148129284,0,0.25,0.848947320231703,"MED LOW","R1"
10,115,11,158.379219596606,14,5,5.50102631552563,0,0.25,0.760488440731343,"MED LOW","R1"
11,118,2,163.945928758325,14,4,4.4999794970886,0,0.25,0.848201012309072,"MED LOW","R1"
11,123,7,150.765643793219,14,4,4.5013641337717,0,0.25,0.594436097722875,"MED LOW","R1"
12,136,7,144.937737397992,14,3,3.5001194068423,0,0.25,0.447843809667488,"MED LOW","R1"
4,46,9,224.601673159816,15,12,12.5007758124137,0,0.25,0.999621563008253,"MED LOW","R1"
4,48,11,205.002495191441,15,12,12.5014310395444,0,0.25,0.997238266881373,"MED LOW","R1"
7,78,8,182.021643924897,15,9,9.50125563757512,0,0.25,0.972235256437508,"MED LOW","R1"
8,83,2,187.658325456224,15,8,8.49962424980169,0,0.25,0.984142630528721,"MED LOW","R1"
8,86,5,191.503565977268,15,8,8.49912376205576,0,0.25,0.989212839271172,"MED LOW","R1"
8,88,7,210.655447956605,15,8,8.50172640110326,0,0.25,0.998442460264598,"MED LOW","R1"
9,102,10,192.568606094885,15,7,7.49790397197841,0,0.25,0.990307748172639,"MED LOW","R1"
10,113,9,172.100235724606,15,6,6.50026279368572,0,0.25,0.927471779710766,"MED LOW","R1"
11,118,2,176.690522485817,15,5,5.50040170414988,0,0.25,0.953227107562856,"MED LOW","R1"
12,135,6,156.473119537264,15,4,4.49845735957534,0,0.25,0.723487723740429,"MED LOW","R1"
12,136,7,160.772827036341,15,4,4.49910714017197,0,0.25,0.801927946251614,"MED LOW","R1"
13,143,3,154.525697469335,15,3,3.50054577922557,0,0.25,0.682243651442225,"MED LOW","R1"
13,144,4,150.217809009858,15,3,3.50056079611864,0,0.25,0.580959093340327,"MED LOW","R1"
13,145,5,144.844225649614,15,3,3.50020833462311,0,0.25,0.445497199271641,"MED LOW","R1"
13,147,7,154.222693819031,15,3,3.49969783012017,0,0.25,0.675537188767473,"MED LOW","R1"
4,48,11,206.411129106785,16,13,13.5006936709706,0,0.25,0.997605427825357,"MED LOW","R1"
7,78,8,184.426857169249,16,10,10.4983416902911,0,0.25,0.97811953873964,"MED LOW","R1"
8,83,2,191.399741379338,16,9,9.50244453367999,0,0.25,0.989099770375519,"MED LOW","R1"
8,86,5,195.484981438066,16,9,9.49931554402406,0,0.25,0.992773842742686,"MED LOW","R1"
8,88,7,215.946822146188,16,9,9.49907661379496,0,0.25,0.999089253541192,"MED LOW","R1"
9,102,10,198.31070529706,16,8,8.50085405229884,0,0.25,0.994566362119732,"MED LOW","R1"
11,118,2,186.536786880992,16,6,6.49977632816929,0,0.25,0.982264006531232,"MED LOW","R1"
11,123,7,168.811880130953,16,6,6.49978278932718,0,0.25,0.901554027047071,"MED LOW","R1"
13,145,5,160.654950363244,16,4,4.49969056926178,0,0.25,0.800020035857694,"MED LOW","R1"
13,146,6,168.709601784408,16,4,4.49928627422903,0,0.25,0.900628500603833,"MED LOW","R1"
13,147,7,172.562078315817,16,4,4.50126250672907,0,0.25,0.930563562184257,"MED LOW","R1"
13,150,10,154.479537304338,16,4,4.50119133066752,0,0.25,0.681226756799398,"MED LOW","R1"
14,151,1,142.478422674556,16,3,3.50056499460373,0,0.25,0.387202553612853,"MED LOW","R1"
14,158,8,144.379129151176,16,3,3.50193635531827,0,0.25,0.433863990132143,"MED LOW","R1"
14,160,10,171.67275150778,16,3,3.4998443866314,0,0.25,0.924497400087169,"MED LOW","R1"
14,162,12,148.278715614083,16,3,3.4977241378041,0,0.25,0.532412243581705,"MED LOW","R1"
8,88,7,220.095741780236,17,10,10.4998770547489,0,0.25,0.999402157101202,"MED LOW","R1"
11,118,2,194.143849500067,17,7,7.49730124065254,0,0.25,0.99172844804544,"MED LOW","R1"
11,123,7,174.581595400808,17,7,7.4990098541423,0,0.25,0.942698785245183,"MED LOW","R1"
13,145,5,172.773660622808,17,5,5.5003262862045,0,0.25,0.931938877458076,"MED LOW","R1"
13,146,6,182.385998115848,17,5,5.50197511458355,0,0.25,0.97321660475131,"MED LOW","R1"
13,147,7,187.01416040282,17,5,5.4985189837489,0,0.25,0.983088958863188,"MED LOW","R1"
13,150,10,165.463665493127,17,5,5.50116703909466,0,0.25,0.866996543685921,"MED LOW","R1"
14,151,1,157.678474532383,17,4,4.49920240543557,0,0.25,0.747290033217037,"MED LOW","R1"
14,162,12,164.995585492594,17,4,4.49926938735013,0,0.25,0.861420022090373,"MED LOW","R1"
14,163,13,167.047255900726,17,4,4.50074600128001,0,0.25,0.884468693768111,"MED LOW","R1"
15,166,3,143.340451238979,17,3,3.49891581225353,0,0.25,0.408163474539223,"MED LOW","R1"
15,169,6,148.152167795888,17,3,3.50021183931058,0,0.25,0.529212277963941,"MED LOW","R1"
8,88,7,223.348872916506,18,11,11.5005779445392,0,0.25,0.999570252404998,"MED LOW","R1"
11,118,2,200.020941498417,18,8,8.50069164335497,0,0.25,0.995428547264217,"MED LOW","R1"
13,145,5,182.062490895632,18,6,6.50022144697903,0,0.25,0.972346988828796,"MED LOW","R1"
13,146,6,193.07020522643,18,6,6.49985046663317,0,0.25,0.990784566783516,"MED LOW","R1"
13,147,7,198.402911027797,18,6,6.50018009467603,0,0.25,0.994616721178565,"MED LOW","R1"
13,150,10,173.753759206722,18,6,6.49994927798008,0,0.25,0.93798588081424,"MED LOW","R1"
14,155,5,158.116521139706,18,5,5.49819116489617,0,0.25,0.75559647736426,"MED LOW","R1"
14,162,12,177.942883023107,18,5,5.50054417305109,0,0.25,0.958580609340778,"MED LOW","R1"
14,163,13,180.395035313893,18,5,5.49880448553301,0,0.25,0.967411906252045,"MED LOW","R1"
15,166,3,158.761731526395,18,4,4.50112095312007,0,0.25,0.767490778577771,"MED LOW","R1"
16,175,1,157.023408114279,18,3,3.50030309715317,0,0.25,0.734524436442866,"MED LOW","R1"
16,179,5,151.763326977365,18,3,3.49952934450719,0,0.25,0.618605131773543,"MED LOW","R1"
16,181,7,144.823347191753,18,3,3.50162425087637,0,0.25,0.44497359719165,"MED LOW","R1"
17,188,3,122.442805931923,18,2,2.49921845460492,0,0.25,0.0763256637039997,"MED LOW","R1"
17,191,6,129.906671894048,18,2,2.49981999714137,0,0.25,0.149882074524383,"MED LOW","R1"
11,118,2,204.561486526989,19,9,9.50063674268338,0,0.25,0.997112160573252,"MED LOW","R1"
13,150,10,180.010573821318,19,7,7.49801860085373,0,0.25,0.966158566678457,"MED LOW","R1"
14,155,5,165.458169198834,19,6,6.50073112226724,0,0.25,0.866932179574976,"MED LOW","R1"
14,162,12,187.970628322431,19,6,6.50108957022741,0,0.25,0.984629954106001,"MED LOW","R1"
15,166,3,170.527054634418,19,5,5.50237512302708,0,0.25,0.915966003930813,"MED LOW","R1"
16,175,1,176.15086237555,19,4,4.50032223899924,0,0.25,0.95072258248073,"MED LOW","R1"
16,181,7,160.628634279406,19,4,4.50043898669335,0,0.25,0.799592215744916,"MED LOW","R1"
16,184,10,155.258222919886,19,4,4.50052430637842,0,0.25,0.698144361049745,"MED LOW","R1"
17,188,3,142.397874944293,19,3,3.50048735054296,0,0.25,0.385263855598802,"MED LOW","R1"
17,192,7,144.190719589121,19,3,3.50028246924217,0,0.25,0.429171325103613,"MED LOW","R1"
17,195,10,158.920173777898,19,3,3.50165892325592,0,0.25,0.770349124403791,"MED LOW","R1"
18,202,6,114.851747471274,19,2,2.49904187589482,0,0.25,0.0368239221112873,"MED LOW","R1"
13,150,10,184.732803807357,20,8,8.49750407885518,0,0.25,0.978774569214429,"MED LOW","R1"
14,155,5,170.908556631787,20,7,7.50015951458535,0,0.25,0.918899871980193,"MED LOW","R1"
15,166,3,179.503146454053,20,6,6.49710669076828,0,0.25,0.964432987959347,"MED LOW","R1"
16,175,1,191.343139031458,20,5,5.49917097028446,0,0.25,0.989037635417667,"MED LOW","R1"
16,181,7,172.742398917107,20,5,5.49757129378718,0,0.25,0.931737273417549,"MED LOW","R1"
17,191,6,170.693199688611,20,4,4.49954347241668,0,0.25,0.917255379187883,"MED LOW","R1"
17,192,7,159.831651733617,20,4,4.49882838809061,0,0.25,0.786310566539252,"MED LOW","R1"
17,195,10,178.589828355572,20,4,4.50033116909115,0,0.25,0.961111446258089,"MED LOW","R1"
18,199,3,149.90188532164,20,3,3.50169259245371,0,0.25,0.573130555178886,"MED LOW","R1"
18,201,5,154.903602978912,20,3,3.5003684703714,0,0.25,0.690502934049943,"MED LOW","R1"
18,205,9,142.56798914125,20,3,3.50144221770744,0,0.25,0.389362524414241,"MED LOW","R1"
18,208,12,146.214220883664,20,3,3.49895346947075,0,0.25,0.480065067300921,"MED LOW","R1"
19,222,13,135.074415949771,20,2,2.50040541533853,0,0.25,0.229553709471174,"MED LOW","R1"
13,150,10,188.296830778689,21,9,9.49912148783931,0,0.25,0.985123224918557,"MED LOW","R1"
16,175,1,203.409839954486,21,6,6.50022528743648,0,0.25,0.996755115061565,"MED LOW","R1"
16,181,7,182.026842336819,21,6,6.49989337844998,0,0.25,0.972249500439936,"MED LOW","R1"
17,191,6,184.766532682852,21,5,5.49870945028764,0,0.25,0.97884559788788,"MED LOW","R1"
17,192,7,171.796084900859,21,5,5.49984449437035,0,0.25,0.925366850327888,"MED LOW","R1"
18,201,5,173.433202951496,21,4,4.50134658733291,0,0.25,0.936065478371168,"MED LOW","R1"
18,202,6,144.68597626075,21,4,4.50013505264099,0,0.25,0.441531627310684,"MED LOW","R1"
18,204,8,168.617612715978,21,4,4.49989253333081,0,0.25,0.899789478813441,"MED LOW","R1"
18,205,9,157.790958457337,21,4,4.50293202264784,0,0.25,0.749440719438403,"MED LOW","R1"
18,206,10,150.635215838227,21,4,4.49895430364472,0,0.25,0.591239582179763,"MED LOW","R1"
19,212,3,154.234657409525,21,3,3.49918281623704,0,0.25,0.675803376258666,"MED LOW","R1"
19,216,7,145.764585790356,21,3,3.50055082092002,0,0.25,0.468682415538616,"MED LOW","R1"
19,218,9,150.963450947641,21,3,3.4995954851301,0,0.25,0.59926861631839,"MED LOW","R1"
19,222,13,160.037545127666,21,3,3.49887028625639,0,0.25,0.789802104643349,"MED LOW","R1"
19,224,15,152.525888602601,21,3,3.50100399043805,0,0.25,0.636696985027262,"MED LOW","R1"
16,175,1,212.994003965163,22,7,7.50146473452777,0,0.25,0.998771249772247,"MED LOW","R1"
16,181,7,189.142787890652,22,7,7.50000655661095,0,0.25,0.986330945965279,"MED LOW","R1"
18,201,5,188.063402486697,22,5,5.50124076172051,0,0.25,0.984771859392492,"MED LOW","R1"
18,202,6,153.979250770457,22,5,5.49939147892954,0,0.25,0.670096143441423,"MED LOW","R1"
18,204,8,182.275728076,22,5,5.49992722094468,0,0.25,0.972923218515907,"MED LOW","R1"
18,206,10,160.939621886222,22,5,5.50195169961484,0,0.25,0.804604157913272,"MED LOW","R1"
19,212,3,172.577376325242,22,4,4.50050846943951,0,0.25,0.930663857933535,"MED LOW","R1"
19,216,7,161.815864093933,22,4,4.5011133018983,0,0.25,0.818213431418855,"MED LOW","R1"
19,219,10,152.939839214957,22,4,4.50033886025513,0,0.25,0.646362017520738,"MED LOW","R1"
19,222,13,180.029795493575,22,4,4.49898187413301,0,0.25,0.96622231926686,"MED LOW","R1"
20,227,3,149.405446012826,22,3,3.50084159957644,0,0.25,0.560755962877584,"MED LOW","R1"
20,231,7,148.940576364831,22,3,3.49963460612502,0,0.25,0.549099095136321,"MED LOW","R1"
20,232,8,151.251243281949,22,3,3.49960265244094,0,0.25,0.606264940884452,"MED LOW","R1"
21,238,3,135.755806633042,22,2,2.50233528363219,0,0.25,0.242017603246152,"MED LOW","R1"
16,175,1,220.606374601469,23,8,8.50169554750255,0,0.25,0.999432345789072,"MED LOW","R1"
16,181,7,194.596715373005,23,8,8.4991334987296,0,0.25,0.992097229524229,"MED LOW","R1"
18,201,5,199.614798024458,23,6,6.50052883864362,0,0.25,0.995237011446073,"MED LOW","R1"
18,202,6,160.811591258564,23,6,6.49977200253452,0,0.25,0.802552367750117,"MED LOW","R1"
18,204,8,192.943406060351,23,6,6.49914898004225,0,0.25,0.99066627279027,"MED LOW","R1"
18,206,10,168.639079823937,23,6,6.49996028411021,0,0.25,0.899985839204464,"MED LOW","R1"
19,212,3,187.032577750597,23,5,5.50041894713324,0,0.25,0.983120018941209,"MED LOW","R1"
19,216,7,174.153683260272,23,5,5.49900045805863,0,0.25,0.940306236173554,"MED LOW","R1"
19,222,13,196.041012350437,23,5,5.49872624135368,0,0.25,0.99316778459624,"MED LOW","R1"
20,226,2,165.464817803347,23,4,4.50072039458325,0,0.25,0.86701003442118,"MED LOW","R1"
20,227,3,166.424615931885,23,4,4.49971050681388,0,0.25,0.877850163019427,"MED LOW","R1"
20,228,4,167.893527361271,23,4,4.50014164872331,0,0.25,0.89296289988935,"MED LOW","R1"
20,229,5,171.050524867986,23,4,4.50043283354062,0,0.25,0.919967607133246,"MED LOW","R1"
20,232,8,168.770971304013,23,4,4.50184337258945,0,0.25,0.901184764184891,"MED LOW","R1"
21,236,1,140.39928539,23,3,3.49888031652927,0,0.25,0.338455136494966,"MED LOW","R1"
21,238,3,161.003442200523,23,3,3.50080420185176,0,0.25,0.80562088224023,"MED LOW","R1"
21,247,12,142.466170866534,23,3,3.50104417384237,0,0.25,0.386907433428479,"MED LOW","R1"
22,253,6,123.929216722955,23,2,2.50085974760412,0,0.25,0.0876692400778563,"MED LOW","R1"
16,175,1,226.652617825181,24,9,9.49927708072278,0,0.25,0.999692681876569,"MED LOW","R1"
16,181,7,198.776809888588,24,9,9.50163576285882,0,0.25,0.994816215705263,"MED LOW","R1"
18,202,6,165.834672896438,24,7,7.50128895535166,0,0.25,0.871280588466467,"MED LOW","R1"
18,204,8,201.275401403641,24,7,7.49872795512773,0,0.25,0.9959730486771,"MED LOW","R1"
18,206,10,174.392119082922,24,7,7.49995296641917,0,0.25,0.941650698254661,"MED LOW","R1"
19,212,3,198.424174013271,24,6,6.49926083355257,0,0.25,0.994628268141306,"MED LOW","R1"
19,216,7,183.637151112634,24,6,6.50119145614376,0,0.25,0.976336120459489,"MED LOW","R1"
19,219,10,171.699940510067,24,6,6.50052432939425,0,0.25,0.924689867197577,"MED LOW","R1"
19,222,13,208.863934259951,24,6,6.49901163411944,0,0.25,0.998132326637811,"MED LOW","R1"
20,226,2,178.503210337372,24,5,5.49885932925796,0,0.25,0.960781403435807,"MED LOW","R1"
20,228,4,181.408139113825,24,5,5.49873625088286,0,0.25,0.970503408692844,"MED LOW","R1"
20,229,5,185.195916790665,24,5,5.50021541553902,0,0.25,0.979729746223019,"MED LOW","R1"
21,236,1,155.071830741058,24,4,4.49954549520723,0,0.25,0.694141270965321,"MED LOW","R1"
21,247,12,157.663089080558,24,4,4.50065834811909,0,0.25,0.746994916312738,"MED LOW","R1"
23,261,4,123.591254309004,24,2,2.50042955405616,0,0.25,0.0849632335558664,"MED LOW","R1"
23,263,6,125.059971051173,24,2,2.49869306701979,0,0.25,0.0972971856621148,"MED LOW","R1"
24,268,1,95.9040980098434,24,1,1.50006028959215,0,0.25,0.00555277920692936,"MED LOW","R1"
16,181,7,201.980591056516,25,10,10.4984502691206,0,0.25,0.996250253273983,"MED LOW","R1"
18,202,6,169.527602015627,25,8,8.49938275961885,0,0.25,0.907818165893885,"MED LOW","R1"
18,204,8,207.783110626064,25,8,8.49802746907664,0,0.25,0.997916153513677,"MED LOW","R1"
19,216,7,190.92662109872,25,7,7.49910621955662,0,0.25,0.988569506738712,"MED LOW","R1"
19,222,13,219.13344267817,25,7,7.50051623717219,0,0.25,0.999340836790458,"MED LOW","R1"
20,226,2,188.612660767338,25,6,6.4985378750365,0,0.25,0.985585943112676,"MED LOW","R1"
20,229,5,196.305367377931,25,6,6.50058941947062,0,0.25,0.993347522458914,"MED LOW","R1"
21,236,1,166.162505568755,25,5,5.49906283253238,0,0.25,0.874967689356481,"MED LOW","R1"
21,247,12,169.225585818614,25,5,5.49984847365942,0,0.25,0.905219742800131,"MED LOW","R1"
22,250,3,166.087429746343,25,4,4.49957112663865,0,0.25,0.874131393552836,"MED LOW","R1"
22,253,6,160.154506902431,25,4,4.50058396900347,0,0.25,0.791766812615883,"MED LOW","R1"
23,261,4,143.98051991402,25,3,3.49940201675038,0,0.25,0.423950963066071,"MED LOW","R1"
23,264,7,155.110308751038,25,3,3.50163923131146,0,0.25,0.694970083070914,"MED LOW","R1"
16,181,7,204.436089068273,26,11,11.5004246354635,0,0.25,0.997075266049308,"MED LOW","R1"
18,204,8,212.865960241158,26,9,9.49941931141389,0,0.25,0.998755191026676,"MED LOW","R1"
19,216,7,196.52967406471,26,8,8.50069343257927,0,0.25,0.993496342170957,"MED LOW","R1"
19,222,13,227.357995856929,26,8,8.49978819310473,0,0.25,0.999713915856768,"MED LOW","R1"
20,229,5,205.03046266165,26,7,7.50016670545925,0,0.25,0.997246076419018,"MED LOW","R1"
21,236,1,174.545718241862,26,6,6.50010162887088,0,0.25,0.942501697411488,"MED LOW","R1"
22,248,1,150.945700740174,26,5,5.50081191742891,0,0.25,0.598835743345641,"MED LOW","R1"
22,250,3,179.24715031613,26,5,5.49939340282687,0,0.25,0.963530571208691,"MED LOW","R1"
22,253,6,172.179329535713,26,5,5.50068273650305,0,0.25,0.928010129005221,"MED LOW","R1"
23,263,6,162.126637391048,26,4,4.4985973163579,0,0.25,0.822859676109382,"MED LOW","R1"
23,264,7,173.697828773133,26,4,4.50022940140667,0,0.25,0.937654734454333,"MED LOW","R1"
23,267,10,162.722763716135,26,4,4.49942229395953,0,0.25,0.83151037462583,"MED LOW","R1"
24,272,5,150.570455250008,26,3,3.4995503112755,0,0.25,0.589649546979871,"MED LOW","R1"
24,274,7,147.566241690296,26,3,3.4995315037074,0,0.25,0.514369008795209,"MED LOW","R1"
24,277,10,148.229911638664,26,3,3.50101371862753,0,0.25,0.531178457708068,"MED LOW","R1"
24,279,12,157.788759285525,26,3,3.50051042666966,0,0.25,0.749398788393216,"MED LOW","R1"
25,282,3,134.155946296411,26,2,2.49989559914605,0,0.25,0.213477930820439,"MED LOW","R1"
16,181,7,206.318074812524,27,12,12.500849111767,0,0.25,0.997582751583993,"MED LOW","R1"
18,204,8,216.835922531521,27,10,10.4994792998569,0,0.25,0.99916780175518,"MED LOW","R1"
19,216,7,200.836462157618,27,9,9.49958297847013,0,0.25,0.995790294763534,"MED LOW","R1"
20,229,5,211.882942639123,27,8,8.50146419868981,0,0.25,0.998624716965535,"MED LOW","R1"
21,236,1,180.882416036575,27,7,7.49985638528353,0,0.25,0.96893640100163,"MED LOW","R1"
22,248,1,157.416066037892,27,6,6.49974873395404,0,0.25,0.742225505122137,"MED LOW","R1"
23,261,4,171.48205748572,27,5,5.49980491707875,0,0.25,0.923134764403201,"MED LOW","R1"
23,263,6,174.523421778833,27,5,5.49818318807397,0,0.25,0.94237889333504,"MED LOW","R1"
23,264,7,188.382333627035,27,5,5.5009310218349,0,0.25,0.985249919076616,"MED LOW","R1"
24,277,10,164.933743418265,27,4,4.49893239423172,0,0.25,0.860668763738544,"MED LOW","R1"
24,279,12,177.134171349166,27,4,4.49970239718607,0,0.25,0.955194928365277,"MED LOW","R1"
25,281,2,163.719155442077,27,3,3.50010314010918,0,0.25,0.845212598591192,"MED LOW","R1"
25,282,3,158.73787742451,27,3,3.50007373554034,0,0.25,0.767058302374092,"MED LOW","R1"
26,300,10,116.956952755972,27,2,2.50011834421404,0,0.25,0.045202708642221,"MED LOW","R1"
26,302,12,125.760301378515,27,2,2.50087564784225,0,0.25,0.103723791232162,"MED LOW","R1"
18,204,8,219.936663607963,28,11,11.5015412616776,0,0.25,0.999392428502806,"MED LOW","R1"
19,216,7,204.146875924864,28,10,10.4990336336861,0,0.25,0.996988371793362,"MED LOW","R1"
22,248,1,162.13807145128,28,7,7.49844156598301,0,0.25,0.823028831347926,"MED LOW","R1"
23,263,6,184.059363579669,28,6,6.49874295440076,0,0.25,0.977306578842645,"MED LOW","R1"
23,264,7,199.98338005754,28,6,6.49929923232589,0,0.25,0.995411159972453,"MED LOW","R1"
24,269,2,173.853923278382,28,5,5.49999523772101,0,0.25,0.938574818730191,"MED LOW","R1"
24,277,10,177.869057236693,28,5,5.49905066002684,0,0.25,0.958281975956103,"MED LOW","R1"
24,279,12,192.532198838471,28,5,5.49959314372943,0,0.25,0.990272203482982,"MED LOW","R1"
25,281,2,184.790946049818,28,4,4.49970784476688,0,0.25,0.978896864166136,"MED LOW","R1"
25,282,3,178.355125298158,28,4,4.50149513439032,0,0.25,0.960210919491551,"MED LOW","R1"
26,292,2,143.105227005266,28,3,3.49740094209775,0,0.25,0.402407081698655,"MED LOW","R1"
26,296,6,142.685662835664,28,3,3.50040482103917,0,0.25,0.392206925503105,"MED LOW","R1"
26,297,7,153.888642523023,28,3,3.50148723825739,0,0.25,0.66805922395665,"MED LOW","R1"
26,302,12,146.981262624182,28,3,3.50009652881428,0,0.25,0.499524387559606,"MED LOW","R1"
19,216,7,206.691426312289,29,11,11.5004755911421,0,0.25,0.997672458571488,"MED LOW","R1"
22,248,1,165.584141974057,29,8,8.50182454567304,0,0.25,0.868400767924063,"MED LOW","R1"
23,264,7,209.14843394405,29,7,7.50033425928576,0,0.25,0.998185407881444,"MED LOW","R1"
24,277,10,187.886060867296,29,6,6.5003054980262,0,0.25,0.984499467989704,"MED LOW","R1"
24,279,12,204.788296035129,29,6,6.49969612261389,0,0.25,0.997177717780352,"MED LOW","R1"
25,281,2,201.833913775577,29,5,5.49967215026435,0,0.25,0.996194206420693,"MED LOW","R1"
25,282,3,194.01038086497,29,5,5.50003286435647,0,0.25,0.991616540205388,"MED LOW","R1"
25,288,9,168.392783647713,29,5,5.49904688468379,0,0.25,0.897712300112861,"MED LOW","R1"
26,291,1,158.913339875243,29,4,4.49945549666721,0,0.25,0.770226349244871,"MED LOW","R1"
26,294,4,167.712097545387,29,4,4.49898866611103,0,0.25,0.891189430112494,"MED LOW","R1"
26,300,10,148.215801184799,29,4,4.49970291821623,0,0.25,0.530821667536956,"MED LOW","R1"
27,309,7,144.342183959066,29,3,3.50114404706552,0,0.25,0.432942843777725,"MED LOW","R1"
28,324,11,129.312541706129,29,2,2.50142181361658,0,0.25,0.142357028090527,"MED LOW","R1"
19,216,7,208.647295617271,30,12,12.5001732404345,0,0.25,0.998090869760705,"MED LOW","R1"
22,248,1,168.099048461517,30,9,9.49846213647485,0,0.25,0.894941082656284,"MED LOW","R1"
23,264,7,216.389006011907,30,8,8.49957046562354,0,0.25,0.999129203288127,"MED LOW","R1"
24,269,2,190.54737398781,30,7,7.50123686256582,0,0.25,0.988126110034966,"MED LOW","R1"
25,288,9,177.076525596057,30,6,6.49893895862963,0,0.25,0.954943769555289,"MED LOW","R1"
26,301,11,161.655173025124,30,5,5.4993967181017,0,0.25,0.815774072871273,"MED LOW","R1"
28,316,3,160.371454640732,30,3,3.50088278933911,0,0.25,0.795375151205578,"MED LOW","R1"
28,317,4,138.503436387851,30,3,3.49993062527756,0,0.25,0.296780490532539,"MED LOW","R1"
28,319,6,165.07398837346,30,3,3.50038044286941,0,0.25,0.862367571896987,"MED LOW","R1"
28,324,11,151.928209462271,30,3,3.50080457557292,0,0.25,0.622546943377182,"MED LOW","R1"
19,216,7,210.150675057928,31,13,13.5012802762618,0,0.25,0.998360688438778,"MED LOW","R1"
22,248,1,169.934401104147,31,10,10.4990128783073,0,0.25,0.911216871953708,"MED LOW","R1"
23,264,7,222.109199752067,31,9,9.49904014240693,0,0.25,0.99951263790318,"MED LOW","R1"
24,269,2,196.118553871154,31,8,8.50055624768788,0,0.25,0.993221000059221,"MED LOW","R1"
25,288,9,183.671859352756,31,7,7.49905393476475,0,0.25,0.976417402314497,"MED LOW","R1"
28,324,11,169.633176884651,31,4,4.5004342858088,0,0.25,0.90871128791861,"MED LOW","R1"
29,328,4,164.517710422154,31,3,3.49779546378528,0,0.25,0.855525738306147,"MED LOW","R1"
19,216,7,211.30624804884,32,14,14.5010684505008,0,0.25,0.998541906444334,"MED LOW","R1"
24,269,2,200.398232554583,32,9,9.49965902757858,0,0.25,0.995599599303548,"MED LOW","R1"
25,288,9,188.68103945288,32,8,8.50042404189419,0,0.25,0.985684240652392,"MED LOW","R1"
29,328,4,185.827005597758,32,4,4.49840782572512,0,0.25,0.980963895307086,"MED LOW","R1"
29,331,7,162.026678758498,32,4,4.49883082841209,0,0.25,0.821375485301811,"MED LOW","R1"
29,334,10,162.541686102018,32,4,4.498534051328,0,0.25,0.828918864363304,"MED LOW","R1"
30,339,4,143.771180498453,32,3,3.50149501443171,0,0.25,0.418768778240511,"MED LOW","R1"
30,347,12,152.412731775283,32,3,3.49947786669475,0,0.25,0.634035249269483,"MED LOW","R1"
24,269,2,203.685803592839,33,10,10.4997632091969,0,0.25,0.996844489441418,"MED LOW","R1"
25,288,9,192.485530052008,33,9,9.50042885198751,0,0.25,0.990226451554507,"MED LOW","R1"
29,328,4,203.098333106262,33,5,5.49914153356052,0,0.25,0.99665119468933,"MED LOW","R1"
29,334,10,175.017424730366,33,5,5.50027899976029,0,0.25,0.945042813394273,"MED LOW","R1"
30,338,3,155.969445083167,33,4,4.49886436291921,0,0.25,0.713141151987743,"MED LOW","R1"
30,339,4,159.303553407609,33,4,4.5000334853133,0,0.25,0.77716291263364,"MED LOW","R1"
30,342,7,160.737366019298,33,4,4.49869208731506,0,0.25,0.801355432136994,"MED LOW","R1"
30,345,10,159.480918604769,33,4,4.50155780498503,0,0.25,0.780266032518961,"MED LOW","R1"
31,353,5,152.362076837507,33,3,3.50117055828166,0,0.25,0.632841047977696,"MED LOW","R1"
32,368,9,128.813531198305,33,2,2.5004558264763,0,0.25,0.136282544130785,"MED LOW","R1"
24,269,2,206.211255649188,34,11,11.5002037735007,0,0.25,0.997556456793052,"MED LOW","R1"
29,328,4,217.096860577387,34,6,6.50056046639923,0,0.25,0.999189542595085,"MED LOW","R1"
29,334,10,184.623691102105,34,6,6.50113682634219,0,0.25,0.978543190034847,"MED LOW","R1"
30,338,3,167.222513187951,34,5,5.49965730540083,0,0.25,0.886274579934355,"MED LOW","R1"
30,339,4,171.169513167616,34,5,5.50168216661133,0,0.25,0.920852608605167,"MED LOW","R1"
30,342,7,172.871570874544,34,5,5.50059281467205,0,0.25,0.932566725964552,"MED LOW","R1"
30,343,8,182.587872537007,34,5,5.49902594744417,0,0.25,0.973745724327605,"MED LOW","R1"
30,345,10,171.379908846214,34,5,5.49852749099377,0,0.25,0.922395604498564,"MED LOW","R1"
31,352,4,164.08004560558,34,4,4.50010944269765,0,0.25,0.849946008679048,"MED LOW","R1"
31,353,5,170.186229631261,34,4,4.49913795216626,0,0.25,0.913263768075158,"MED LOW","R1"
32,363,4,148.410885039206,34,3,3.49918867150538,0,0.25,0.535751512186642,"MED LOW","R1"
32,366,7,144.602893260291,34,3,3.49927600924616,0,0.25,0.439452598961971,"MED LOW","R1"
33,375,3,129.513239586633,34,2,2.49813100569327,0,0.25,0.144863104451081,"MED LOW","R1"
33,381,9,124.423790790805,34,2,2.49972862619798,0,0.25,0.0917696651955697,"MED LOW","R1"
24,269,2,208.151261816265,35,12,12.5009940351699,0,0.25,0.997992454864701,"MED LOW","R1"
29,328,4,228.442761537424,35,7,7.50007312467457,0,0.25,0.999743743993257,"MED LOW","R1"
30,339,4,180.234515781809,35,6,6.5014236793204,0,0.25,0.96689416329683,"MED LOW","R1"
30,342,7,182.174146966442,35,6,6.49943675125304,0,0.25,0.972650187013135,"MED LOW","R1"
30,343,8,193.302371111048,35,6,6.49944645917372,0,0.25,0.990997323159608,"MED LOW","R1"
30,345,10,180.474119511692,35,6,6.50102034453328,0,0.25,0.967664100641347,"MED LOW","R1"
31,352,4,176.850456512015,35,5,5.50035341286569,0,0.25,0.953945798201256,"MED LOW","R1"
31,353,5,184.157616238427,35,5,5.50118667470049,0,0.25,0.977526776698221,"MED LOW","R1"
32,363,4,165.163087638386,35,4,4.50197923778384,0,0.25,0.863437778354052,"MED LOW","R1"
32,364,5,173.132828478711,35,4,4.49897541642154,0,0.25,0.934215828387075,"MED LOW","R1"
32,370,11,155.112218318588,35,4,4.50026857278776,0,0.25,0.695011182114401,"MED LOW","R1"
33,377,5,147.647544212991,35,3,3.498112983505,0,0.25,0.516430757800793,"MED LOW","R1"
34,393,10,129.644314096122,35,2,2.50104087826119,0,0.25,0.146519512199584,"MED LOW","R1"
35,405,9,95.9286469686108,35,1,1.50118493234142,0,0.25,0.00556655971142698,"MED LOW","R1"
24,269,2,209.641539138629,36,13,13.5002685335776,0,0.25,0.99827386779158,"MED LOW","R1"
29,328,4,237.638690813592,36,8,8.49940892982728,0,0.25,0.999899249422628,"MED LOW","R1"
30,339,4,187.159726557619,36,7,7.50026321081088,0,0.25,0.983332925525205,"MED LOW","R1"
30,342,7,189.305881017243,36,7,7.50048836086648,0,0.25,0.986552412450054,"MED LOW","R1"
30,343,8,201.67592444231,36,7,7.49960326517719,0,0.25,0.996132903274529,"MED LOW","R1"
30,345,10,187.424681361891,36,7,7.49967440709134,0,0.25,0.983768136659994,"MED LOW","R1"
31,352,4,186.719809705491,36,6,6.50226866606443,0,0.25,0.982584859793554,"MED LOW","R1"
31,353,5,195.109028402898,36,6,6.50117673981831,0,0.25,0.992494788274513,"MED LOW","R1"
32,364,5,187.701498099359,36,5,5.49850194928103,0,0.25,0.98421089284347,"MED LOW","R1"
32,365,6,174.75047231851,36,5,5.50032163228355,0,0.25,0.943617999837522,"MED LOW","R1"
32,370,11,166.210176045994,36,5,5.50049856671299,0,0.25,0.875496231971287,"MED LOW","R1"
33,374,2,158.665156677001,36,4,4.5016984449516,0,0.25,0.765736417209781,"MED LOW","R1"
33,377,5,164.196154114084,36,4,4.50047814889153,0,0.25,0.851443328317414,"MED LOW","R1"
34,386,3,159.196580503321,36,3,3.49794130644714,0,0.25,0.77527629910089,"MED LOW","R1"
34,389,6,146.219488939062,36,3,3.49994062479709,0,0.25,0.480198575708667,"MED LOW","R1"
35,402,6,128.766705098284,36,2,2.50154711823025,0,0.25,0.135723876758277,"MED LOW","R1"
24,269,2,210.786342972371,37,14,14.4998350799951,0,0.25,0.998462991546636,"MED LOW","R1"
29,328,4,245.092053534643,37,9,9.49835888717804,0,0.25,0.999952726789195,"MED LOW","R1"
30,342,7,194.77335906514,37,8,8.49914148523255,0,0.25,0.992236612131401,"MED LOW","R1"
30,345,10,192.736886215121,37,8,8.49960183950936,0,0.25,0.990470377432616,"MED LOW","R1"
31,352,4,194.347139254338,37,7,7.49750433334335,0,0.25,0.991896057649734,"MED LOW","R1"
31,353,5,203.69324640275,37,7,7.50011328733019,0,0.25,0.996846865600365,"MED LOW","R1"
32,364,5,199.19667280671,37,6,6.50101670173953,0,0.25,0.995031479895402,"MED LOW","R1"
32,365,6,184.318705760591,37,6,6.50017381252574,0,0.25,0.977883291421476,"MED LOW","R1"
32,370,11,174.599758985381,37,6,6.50066069477163,0,0.25,0.942798323117122,"MED LOW","R1"
33,374,2,170.412584345216,37,5,5.50023607949845,0,0.25,0.915067062275847,"MED LOW","R1"
33,377,5,176.988935220892,37,5,5.49814443668072,0,0.25,0.954559574812797,"MED LOW","R1"
34,386,3,178.945816678012,37,4,4.50092690682742,0,0.25,0.96244009692195,"MED LOW","R1"
34,389,6,162.390280154698,37,4,4.49931516804623,0,0.25,0.826727802911175,"MED LOW","R1"
34,393,10,170.224770842896,37,4,4.49936093510247,0,0.25,0.913573242230981,"MED LOW","R1"
35,403,7,150.790336423862,37,3,3.50102203161717,0,0.25,0.595040370944785,"MED LOW","R1"
35,407,11,146.765695320056,37,3,3.50053178158596,0,0.25,0.494052902605323,"MED LOW","R1"
29,328,4,251.133054306097,38,10,10.5008918729039,0,0.25,0.999974399592649,"MED LOW","R1"
30,342,7,198.964950617953,38,9,9.49982534990314,0,0.25,0.994913799642104,"MED LOW","R1"
30,345,10,196.796920642679,38,9,9.49954211732069,0,0.25,0.99366933874283,"MED LOW","R1"
31,352,4,200.241766278647,38,8,8.49771066596232,0,0.25,0.995529449590899,"MED LOW","R1"
31,353,5,210.421949291684,38,8,8.49958237111997,0,0.25,0.998405153023142,"MED LOW","R1"
32,364,5,208.266755730771,38,7,7.49994669465618,0,0.25,0.998015812159453,"MED LOW","R1"
32,365,6,191.682232994548,38,7,7.4999964483579,0,0.25,0.989404704761001,"MED LOW","R1"
33,374,2,179.372878464031,38,6,6.5006317970813,0,0.25,0.963976497877146,"MED LOW","R1"
33,377,5,186.878300516517,38,6,6.50059498031177,0,0.25,0.982858095093379,"MED LOW","R1"
34,389,6,174.837189972165,38,5,5.50091165784784,0,0.25,0.944084608688293,"MED LOW","R1"
35,400,4,168.05529436247,38,4,4.49885003226812,0,0.25,0.894522662498014,"MED LOW","R1"
35,402,6,168.661753812169,38,4,4.50111877989185,0,0.25,0.900192867512048,"MED LOW","R1"
35,403,7,168.184453052308,38,4,4.50151964776498,0,0.25,0.895753586938445,"MED LOW","R1"
35,404,8,171.667171021713,38,4,4.49938228500745,0,0.25,0.924457840782718,"MED LOW","R1"
36,410,2,151.508272777224,38,3,3.50035780573911,0,0.25,0.612476874107793,"MED LOW","R1"
36,412,4,158.76858258024,38,3,3.50066932470764,0,0.25,0.767614885061523,"MED LOW","R1"
36,419,11,150.658379395616,38,3,3.49926766661737,0,0.25,0.591807844384855,"MED LOW","R1"
36,420,12,151.62143100029,38,3,3.50169348243553,0,0.25,0.615200279945717,"MED LOW","R1"
38,440,9,105.918461760523,38,1,1.49823581758092,0,0.25,0.0152005516661471,"MED LOW","R1"
30,342,7,202.178395572225,39,10,10.500960274267,0,0.25,0.99632453632469,"MED LOW","R1"
30,345,10,199.89994095315,39,10,10.5013288513626,0,0.25,0.995372299902029,"MED LOW","R1"
31,352,4,204.797309281371,39,9,9.49997249613157,0,0.25,0.997180292092576,"MED LOW","R1"
31,353,5,215.696214526832,39,9,9.49976587677497,0,0.25,0.999065804375346,"MED LOW","R1"
32,365,6,197.349061009713,39,8,8.50048783666059,0,0.25,0.994012405397152,"MED LOW","R1"
33,377,5,194.523201584844,39,7,7.5002831758604,0,0.25,0.99203849370135,"MED LOW","R1"
34,389,6,184.417770287514,39,6,6.49931927183303,0,0.25,0.978099784540352,"MED LOW","R1"
35,400,4,181.60190542701,39,5,5.50104935038251,0,0.25,0.971061411404264,"MED LOW","R1"
35,402,6,182.328639918089,39,5,5.49954423165494,0,0.25,0.973064384483357,"MED LOW","R1"
35,404,8,185.937314367799,39,5,5.50055899154882,0,0.25,0.981171916717423,"MED LOW","R1"
36,410,2,169.098227875437,39,4,4.50017856970663,0,0.25,0.904104477866722,"MED LOW","R1"
36,412,4,178.394653191046,39,4,4.49886874740223,0,0.25,0.960363970708591,"MED LOW","R1"
36,415,7,173.232477247733,39,4,4.49973037864577,0,0.25,0.934834895413567,"MED LOW","R1"
36,418,10,160.962182969094,39,4,4.50160170414404,0,0.25,0.804964038962779,"MED LOW","R1"
36,419,11,168.016609418347,39,4,4.50009827201148,0,0.25,0.894151494961398,"MED LOW","R1"
37,423,3,143.279563645221,39,3,3.4991270733938,0,0.25,0.406670950289441,"MED LOW","R1"
37,424,4,150.532193539079,39,3,3.49888536868307,0,0.25,0.588709242370111,"MED LOW","R1"
37,425,5,155.531919736649,39,3,3.49986265064646,0,0.25,0.703968158554067,"MED LOW","R1"
37,429,9,139.051504906629,39,3,3.49955680482476,0,0.25,0.308523828089328,"MED LOW","R1"
37,430,10,137.513538385388,39,3,3.4993237048165,0,0.25,0.276241355633932,"MED LOW","R1"
38,433,2,125.120149612659,39,2,2.49964607811059,0,0.25,0.0978351580682445,"MED LOW","R1"
38,434,3,132.979437456391,39,2,2.49819446140765,0,0.25,0.194107056579381,"MED LOW","R1"
38,440,9,138.445102827625,39,2,2.49842819446239,0,0.25,0.295545892374106,"MED LOW","R1"
30,345,10,202.271530460332,40,11,11.5015482256383,1.61277245257971,0.25,0.996359002506189,"MED LOW","R1"
31,352,4,208.317968343273,40,10,10.4993333102055,1.61277245257971,0.25,0.998026082327433,"MED LOW","R1"
31,353,5,219.830424972717,40,10,10.4981829362663,1.61277245257971,0.25,0.999385843408063,"MED LOW","R1"
32,365,6,201.710142151013,40,9,9.49931050174638,1.61277245257971,0.25,0.996146263366099,"MED LOW","R1"
33,377,5,200.43303609873,40,8,8.49884036876369,1.61277245257971,0.25,0.995615053435176,"MED LOW","R1"
34,389,6,191.79209214932,40,7,7.49954782134041,1.61277245257971,0.25,0.989520999220918,"MED LOW","R1"
35,402,6,193.004247718523,40,6,6.49950806289212,1.61277245257971,0.25,0.990723219984783,"MED LOW","R1"
35,404,8,197.160259869985,40,6,6.49810198777447,1.61277245257971,0.25,0.993897226669351,"MED LOW","R1"
36,412,4,194.058268776429,40,5,5.50020366069173,1.61277245257971,0.25,0.991656863850638,"MED LOW","R1"
36,413,5,160.160741928567,40,5,5.49997606967284,1.61277245257971,0.25,0.791871166797423,"MED LOW","R1"
36,415,7,187.821546166506,40,5,5.50058069827638,1.61277245257971,0.25,0.984399190313144,"MED LOW","R1"
36,418,10,173.138701613536,40,5,5.50120256837593,1.61277245257971,0.25,0.934252466298895,"MED LOW","R1"
36,419,11,181.555564994398,40,5,5.49942318335649,1.61277245257971,0.25,0.970928900533261,"MED LOW","R1"
37,423,3,158.685169582295,40,4,4.50002645411449,1.61277245257971,0.25,0.766100721422791,"MED LOW","R1"
37,424,4,167.856138036444,40,4,4.4993799454908,1.61277245257971,0.25,0.892599514246193,"MED LOW","R1"
37,425,5,174.237830784855,40,4,4.50037203104908,1.61277245257971,0.25,0.940783997365945,"MED LOW","R1"
38,440,9,164.829735204809,40,3,3.50050106631168,1.61277245257971,0.25,0.85939757525937,"MED LOW","R1"
39,453,10,119.386061673389,40,2,2.50039980560162,1.61277245257971,0.25,0.057124085885298,"MED LOW","R1"
36,413,5,167.760652641499,41,6,6.50041552863726,1.53629881712586,0.25,0.891666566863555,"MED LOW","R1"
37,423,3,170.436304619093,41,5,5.50143522138958,1.53629881712586,0.25,0.915254052627789,"MED LOW","R1"
39,444,1,145.126014434893,41,3,3.50251600610947,1.53629881712586,0.25,0.452575435761972,"MED LOW","R1"
39,448,5,154.68250919547,41,3,3.50052608567662,1.53629881712586,0.25,0.685685164085528,"MED LOW","R1"
39,450,7,156.958947505931,41,3,3.4993313135258,1.53629881712586,0.25,0.733246246696852,"MED LOW","R1"
39,451,8,145.998533242083,41,3,3.50233114030855,1.53629881712586,0.25,0.474601553789528,"MED LOW","R1"
39,455,12,147.050872031528,41,3,3.49931702121071,1.53629881712586,0.25,0.501291286720371,"MED LOW","R1"
40,459,3,131.256730871901,41,2,2.50041268777551,1.53629881712586,0.25,0.16819814179333,"MED LOW","R1"
40,465,9,126.816665298838,41,2,2.50141308092614,1.53629881712586,0.25,0.114126975325143,"MED LOW","R1"
40,468,12,127.61338286921,41,2,2.50067875041173,1.53629881712586,0.25,0.122564142550454,"MED LOW","R1"
37,423,3,179.399871207586,42,6,6.49953652409701,1.55921743881487,0.25,0.964071547807027,"MED LOW","R1"
37,429,9,172.295291472797,42,6,6.49979832564939,1.55921743881487,0.25,0.92879275826075,"MED LOW","R1"
39,444,1,161.010212819267,42,4,4.49981986241498,1.55921743881487,0.25,0.805728509427492,"MED LOW","R1"
40,457,1,141.91006217106,42,3,3.50150587222791,1.55921743881487,0.25,0.373602327049521,"MED LOW","R1"
40,463,7,145.464505617952,42,3,3.50035792257995,1.55921743881487,0.25,0.461103153001443,"MED LOW","R1"
40,466,10,150.947240718431,42,3,3.50052996967769,1.55921743881487,0.25,0.598873304798536,"MED LOW","R1"
40,471,15,148.516086866977,42,3,3.49967720150906,1.55921743881487,0.25,0.538407168116771,"MED LOW","R1"
41,473,2,131.420511407516,42,2,2.49919095401045,1.55921743881487,0.25,0.170537521603203,"MED LOW","R1"
40,463,7,161.437169061104,43,4,4.49822219398015,1.65574081461617,0.25,0.812424280423961,"MED LOW","R1"
41,474,3,152.375074347291,43,3,3.49912185805756,1.65574081461617,0.25,0.633147623364821,"MED LOW","R1"
42,484,2,127.309040348897,43,2,2.50154701238057,1.65574081461617,0.25,0.119279591785412,"MED LOW","R1"
42,486,4,132.103364578871,43,2,2.49952829712379,1.65574081461617,0.25,0.180569945999736,"MED LOW","R1"
41,474,3,170.202803220824,44,4,4.50119558489586,1.26392382754219,0.25,0.913396971657273,"MED LOW","R1"
42,488,6,139.62014189218,44,3,3.50090233199596,1.26392382754219,0.25,0.32097503484956,"MED LOW","R1"
43,499,6,134.121464571915,44,2,2.49991425401988,1.26392382754219,0.25,0.212890682798211,"MED LOW","R1"
41,474,3,184.177517216256,45,5,5.50114688492417,1.39479197299457,0.25,0.977571122653541,"MED LOW","R1"
42,484,2,166.078991158691,45,4,4.50045571254344,1.39479197299457,0.25,0.874037094424634,"MED LOW","R1"
42,489,7,169.800298688268,45,4,4.49935122966932,1.39479197299457,0.25,0.910109164529221,"MED LOW","R1"
42,490,8,165.931614522426,45,4,4.49777688680589,1.39479197299457,0.25,0.872380427817767,"MED LOW","R1"
43,494,1,150.57432659879,45,3,3.50152320328608,1.39479197299457,0.25,0.58974465134218,"MED LOW","R1"
43,497,4,140.564324558534,45,3,3.49912708449261,1.39479197299457,0.25,0.342217138553411,"MED LOW","R1"
43,501,8,152.375288497311,45,3,3.49909597498336,1.39479197299457,0.25,0.633152673671373,"MED LOW","R1"
44,509,7,133.769080175162,45,2,2.50049510073364,1.39479197299457,0.25,0.206956941183176,"MED LOW","R1"
44,508,6,153.02271096444,46,3,3.50020650308169,1.33548688869891,0.25,0.64828293509507,"MED LOW","R1"
44,509,7,158.191239152523,46,3,3.50034986422633,1.33548688869891,0.25,0.756994724329226,"MED LOW","R1"
45,521,9,156.724056765429,47,3,3.49828697576581,1.47764347829565,0.25,0.72855559984467,"MED LOW","R1"
46,529,8,120.301643493278,47,2,2.49912681083743,1.47764347829565,0.25,0.0623421333019809,"MED LOW","R1"
46,527,6,144.984076864402,48,3,3.50091227765445,1.43908858813362,0.25,0.449007533408931,"MED LOW","R1"
47,542,11,121.803499738618,48,2,2.49850003132604,1.43908858813362,0.25,0.0718734869977492,"MED LOW","R1"
48,543,1,98.505565068822,48,1,1.49956872602307,1.43908858813362,0.25,0.00721927470994734,"MED LOW","R1"
46,522,1,168.891616315331,49,4,4.50013712193586,1.57050960392398,0.25,0.902270232790687,"MED LOW","R1"
46,527,6,160.831246855133,49,4,4.50068500635368,1.57050960392398,0.25,0.802868416305667,"MED LOW","R1"
47,533,2,152.403576892169,49,3,3.50056755804438,1.57050960392398,0.25,0.633819542336342,"MED LOW","R1"
47,534,3,147.192608512702,49,3,3.49988705187196,1.57050960392398,0.25,0.504888844302619,"MED LOW","R1"
46,527,6,172.983113078764,50,5,5.50088253111403,1.33201633160048,0.25,0.933275439884753,"MED LOW","R1"
47,533,2,170.239148975875,50,4,4.4994097330985,1.33201633160048,0.25,0.913688437977587,"MED LOW","R1"
47,536,5,169.214133481073,50,4,4.499420377421,1.33201633160048,0.25,0.905119932529832,"MED LOW","R1"
48,546,4,157.370940124474,50,3,3.49963928517393,1.33201633160048,0.25,0.741347922776023,"MED LOW","R1"
48,549,7,140.165672374417,50,3,3.50054194682153,1.33201633160048,0.25,0.333164830340786,"MED LOW","R1"
48,549,7,154.779485390404,51,4,4.49983887987066,1.52692197181011,0.25,0.687803342493785,"MED LOW","R1"
48,546,4,191.882746281913,52,5,5.50083836069981,1.57400738941741,0.25,0.989616011906037,"MED LOW","R1"
49,556,7,177.343383945002,52,4,4.49952041118822,1.57400738941741,0.25,0.95609528858404,"MED LOW","R1"
50,560,4,152.597322411203,52,3,3.49744389624309,1.57400738941741,0.25,0.638373000004474,"MED LOW","R1"
50,562,6,134.486068310067,52,3,3.4998726190897,1.57400738941741,0.25,0.219159821445641,"MED LOW","R1"
49,556,7,192.785350298202,53,5,5.49963722728026,1.47686409715502,0.25,0.990516710813952,"MED LOW","R1"
50,559,3,150.586188083892,53,4,4.49904345734744,1.47686409715502,0.25,0.59003600126109,"MED LOW","R1"
50,562,6,147.705719784606,53,4,4.50013285445188,1.47686409715502,0.25,0.517905691776558,"MED LOW","R1"
50,564,8,157.614002713789,53,4,4.49832698516226,1.47686409715502,0.25,0.746051840986428,"MED LOW","R1"
51,567,3,160.426064867044,53,3,3.49957489870213,1.47686409715502,0.25,0.796276093809319,"MED LOW","R1"
51,572,8,147.427426778751,53,3,3.49944621627197,1.47686409715502,0.25,0.510847711924341,"MED LOW","R1"
50,562,6,157.506003612449,54,5,5.5005185140546,1.3710615879744,0.25,0.743968752351812,"MED LOW","R1"
51,572,8,163.917540112461,54,4,4.50013212215824,1.3710615879744,0.25,0.847829517547613,"MED LOW","R1"
52,581,7,154.899580487773,54,3,3.49824827093497,1.3710615879744,0.25,0.690415645856305,"MED LOW","R1"
52,583,9,148.282895590277,54,3,3.5013796575785,1.3710615879744,0.25,0.532517897000116,"MED LOW","R1"
53,585,1,127.257895442077,54,2,2.4986442396407,1.3710615879744,0.25,0.118735148787054,"MED LOW","R1"
53,587,3,130.276768544479,54,2,2.49836285821093,1.3710615879744,0.25,0.154733266215465,"MED LOW","R1"
52,581,7,173.42805414842,55,4,4.50021568657435,1.44045079823318,0.25,0.936034185061672,"MED LOW","R1"
52,583,9,165.000882375594,55,4,4.5009230643069,1.44045079823318,0.25,0.861484210405004,"MED LOW","R1"
53,585,1,149.061929468451,55,3,3.50098111083489,1.44045079823318,0.25,0.552147826367068,"MED LOW","R1"
54,600,6,162.755968167052,56,3,3.4999937768211,1.41520028089817,0.25,0.83198217271759,"MED LOW","R1"
54,605,11,160.79314240812,56,3,3.49924293105817,1.41520028089817,0.25,0.802255375408409,"MED LOW","R1"
55,606,1,123.09669951929,56,2,2.49971479757122,1.41520028089817,0.25,0.0811399075106183,"MED LOW","R1"
54,599,5,153.61805179924,57,4,4.50011420329892,1.50384827974163,0.25,0.661938885139857,"MED LOW","R1"
56,619,5,140.293198723712,57,2,2.4998825440438,1.50384827974163,0.25,0.336047635083038,"MED LOW","R1"
56,615,1,146.591792525786,58,3,3.50205048267463,1.48821281002063,0.25,0.489639914044476,"MED LOW","R1"
56,619,5,167.472168464425,58,3,3.50095716739587,1.48821281002063,0.25,0.888804556450405,"MED LOW","R1"
56,622,8,139.193145968316,58,3,3.5001693143218,1.48821281002063,0.25,0.311600276966007,"MED LOW","R1"
57,626,2,128.782724915373,58,2,2.50052291823359,1.48821281002063,0.25,0.135914786542828,"MED LOW","R1"
58,637,3,103.981554957159,58,1,1.49811377352435,1.48821281002063,0.25,0.0125207891609739,"MED LOW","R1"
55,612,7,168.242254842054,59,5,5.50010040511214,1.41428173141834,0.25,0.896300334387088,"MED LOW","R1"
57,626,2,151.187813846393,59,3,3.50052930009802,1.41428173141834,0.25,0.604726581649796,"MED LOW","R1"
57,629,5,161.9962578185,59,3,3.50086069206103,1.41428173141834,0.25,0.820921866597883,"MED LOW","R1"
57,625,1,155.299040653146,60,4,4.50103173031556,1.55323959244163,0.25,0.699017012602048,"MED LOW","R1"
57,626,2,168.690230976723,60,4,4.49773903181782,1.55323959244163,0.25,0.900452342749208,"MED LOW","R1"
57,630,6,155.70780771234,60,4,4.50100623237411,1.55323959244163,0.25,0.707676174535474,"MED LOW","R1"
58,639,5,139.843004560435,60,3,3.49939368617629,1.55323959244163,0.25,0.325926607440668,"MED LOW","R1"
58,640,6,146.250492145279,60,3,3.50133890152943,1.55323959244163,0.25,0.480984347103393,"MED LOW","R1"
58,641,7,169.469608224455,60,3,3.49899721704037,1.55323959244163,0.25,0.907324227076858,"MED LOW","R1"
59,647,5,138.222221117738,60,2,2.50051402775716,1.55323959244163,0.25,0.290856317817436,"MED LOW","R1"
57,630,6,166.913426575029,61,5,5.50132132957161,1.52060323844343,0.25,0.883072948850814,"MED LOW","R1"
59,648,6,141.52993831232,61,3,3.49836474749686,1.52060323844343,0.25,0.364615170929264,"MED LOW","R1"
59,651,9,138.395549330225,61,3,3.49982773733375,1.52060323844343,0.25,0.294499465039274,"MED LOW","R1"
60,656,4,132.559397863525,61,2,2.49849329402793,1.52060323844343,0.25,0.187522606663507,"MED LOW","R1"
58,640,6,174.883807179326,62,5,5.500718590041,1.56427193420053,0.25,0.944333942050708,"MED LOW","R1"
59,650,8,159.01981065858,62,4,4.49901914179419,1.56427193420053,0.25,0.772133928422841,"MED LOW","R1"
61,665,4,126.887291697125,62,2,2.49924075955712,1.56427193420053,0.25,0.114853972822646,"MED LOW","R1"
62,678,7,104.001679609673,62,1,1.50084374492239,1.56427193420053,0.25,0.0125460777888479,"MED LOW","R1"
60,654,2,156.351780340701,63,4,4.50084505038159,1.56582902785621,0.25,0.721016323075597,"MED LOW","R1"
61,663,2,150.803810485358,63,3,3.49852430256221,1.56582902785621,0.25,0.595369984236399,"MED LOW","R1"
61,665,4,148.54636502093,63,3,3.50165240251652,1.56582902785621,0.25,0.539171095760316,"MED LOW","R1"
60,654,2,167.674356404023,64,5,5.49815505351735,1.33600231487877,0.25,0.890817285553687,"MED LOW","R1"
62,672,1,157.795674580834,64,3,3.50000800883303,1.33600231487877,0.25,0.749530624807979,"MED LOW","R1"
62,673,2,145.856299002024,64,3,3.49950537318066,1.33600231487877,0.25,0.471001907342307,"MED LOW","R1"
62,674,3,142.14363830094,64,3,3.49940077974768,1.33600231487877,0.25,0.379168748733419,"MED LOW","R1"
63,690,9,135.704772757401,64,2,2.50078796873283,1.33600231487877,0.25,0.241068336959486,"MED LOW","R1"
60,654,2,176.260734556592,65,6,6.49916872653653,1.57669600195215,0.25,0.951242592104553,"MED LOW","R1"
62,672,1,177.143061065988,65,4,4.49937704935741,1.57669600195215,0.25,0.955233541338682,"MED LOW","R1"
62,673,2,161.931639622912,65,4,4.50087416865958,1.57669600195215,0.25,0.819955331593793,"MED LOW","R1"
62,674,3,157.258169607082,65,4,4.49992894692054,1.57669600195215,0.25,0.739146339022017,"MED LOW","R1"
63,687,6,148.276758167587,65,3,3.5002767299967,1.57669600195215,0.25,0.532362766004872,"MED LOW","R1"
63,690,9,181.182958250436,66,4,4.49935474529708,1.5289797330547,0.25,0.969841827865917,"MED LOW","R1"
64,695,2,142.836523911085,66,3,3.5003428892921,1.5289797330547,0.25,0.395864236694706,"MED LOW","R1"
64,696,3,151.256909651513,67,4,4.5015342616342,1.45227311669925,0.25,0.606402265830113,"MED LOW","R1"
64,701,8,148.382559867776,67,4,4.50151220596528,1.45227311669925,0.25,0.535036134537349,"MED LOW","R1"
65,704,3,148.990953487029,67,3,3.49991146910052,1.45227311669925,0.25,0.550365171058482,"MED LOW","R1"
64,696,3,161.66984481458,68,5,5.49920425162393,1.38958177567414,0.25,0.815997843958993,"MED LOW","R1"
65,704,3,165.898628090062,68,4,4.50100847971215,1.38958177567414,0.25,0.8720070876851,"MED LOW","R1"
65,707,6,152.220395731241,68,4,4.49649765668891,1.38958177567414,0.25,0.629492253715361,"MED LOW","R1"
66,721,10,137.681809578885,68,3,3.500867658744,1.38958177567414,0.25,0.279670214757418,"MED LOW","R1"
65,707,6,162.802591314166,69,5,5.50057433881113,1.43059998019664,0.25,0.832642855140653,"MED LOW","R1"
67,728,5,147.002734766855,69,3,3.50046434870699,1.43059998019664,0.25,0.500069416845487,"MED LOW","R1"
68,739,5,126.289113564702,69,2,2.49986798660404,1.43059998019664,0.25,0.10882249466228,"MED LOW","R1"
67,728,5,163.380253484329,70,4,4.50014051790924,1.34801615613963,0.25,0.84065719833872,"MED LOW","R1"
69,745,1,146.993102755912,71,3,3.49964738839468,1.3537262230045,0.25,0.499824926607656,"MED LOW","R1"
69,749,5,159.543505014961,71,3,3.50084038373293,1.3537262230045,0.25,0.781353585110228,"MED LOW","R1"
69,751,7,153.470338201259,71,3,3.49972102292747,1.3537262230045,0.25,0.658574652267398,"MED LOW","R1"
70,760,8,133.120719784151,71,2,2.5014785460146,1.3537262230045,0.25,0.196360846622735,"MED LOW","R1"
70,760,8,157.276165634464,72,3,3.4995059716263,1.57322631251822,0.25,0.73949848174826,"MED LOW","R1"
70,756,4,146.169238327587,73,4,4.50082947514394,1.51948908996961,0.25,0.478925191592362,"MED LOW","R1"
71,762,1,154.286733730091,73,3,3.49921584626768,1.51948908996961,0.25,0.676960738143993,"MED LOW","R1"
72,774,5,127.604814374351,73,2,2.49897037184792,1.51948908996961,0.25,0.122470613763625,"MED LOW","R1"
70,756,4,155.709939767387,74,5,5.50113481469745,1.54115344651531,0.25,0.707720954344411,"MED LOW","R1"
71,762,1,172.643970238845,74,4,4.49977246592045,1.54115344651531,0.25,0.931098895923327,"MED LOW","R1"
71,767,6,165.906562281483,74,4,4.50016553192314,1.54115344651531,0.25,0.872096971814631,"MED LOW","R1"
72,773,4,145.295970462866,74,3,3.50106060255482,1.54115344651531,0.25,0.456854030593723,"MED LOW","R1"
72,777,8,158.034482482501,74,3,3.49892455874875,1.54115344651531,0.25,0.754054977195261,"MED LOW","R1"
72,780,11,148.267266544021,74,3,3.50016337175224,1.54115344651531,0.25,0.5321228410986,"MED LOW","R1"
73,781,1,129.206321353767,74,2,2.49967759674695,1.54115344651531,0.25,0.141045366951495,"MED LOW","R1"
71,767,6,179.030983703269,75,5,5.49784489083657,1.57111088729922,0.25,0.962751439353917,"MED LOW","R1"
72,773,4,161.224558850901,75,4,4.50018786416595,1.57111088729922,0.25,0.809112434493852,"MED LOW","R1"
72,780,11,164.981077358624,75,4,4.49945754880427,1.57111088729922,0.25,0.861244082829313,"MED LOW","R1"
73,782,2,150.186769371399,75,3,3.4991999310882,1.57111088729922,0.25,0.580191672388942,"MED LOW","R1"
73,787,7,148.832238299439,75,3,3.50057788082449,1.57111088729922,0.25,0.54637421308784,"MED LOW","R1"
74,789,1,149.19856713728,76,3,3.49899830750799,1.26279931419837,0.25,0.555575851667285,"MED LOW","R1"
76,818,12,102.10365535701,76,1,1.49989630713852,1.26279931419837,0.25,0.0103698096532518,"MED LOW","R1"
74,796,8,157.706112145144,77,4,4.50083940340194,1.49908107430418,0.25,0.74781959312886,"MED LOW","R1"
75,803,6,146.86392298043,77,3,3.49999755979535,1.49908107430418,0.25,0.496545999076616,"MED LOW","R1"
75,804,7,150.726844816379,77,3,3.50019158884773,1.49908107430418,0.25,0.593486039252414,"MED LOW","R1"
76,808,2,130.583990863093,77,2,2.50019668405837,1.49908107430418,0.25,0.15885710690505,"MED LOW","R1"
76,809,3,146.257103481955,78,3,3.49887696017926,1.40868751359183,0.25,0.481151922694704,"MED LOW","R1"
76,807,1,158.479327315756,79,4,4.49883976760508,1.26898029826662,0.25,0.762334897538982,"MED LOW","R1"
76,809,3,162.437795049551,79,4,4.49899468884933,1.26898029826662,0.25,0.827417789909393,"MED LOW","R1"
76,814,8,140.875129978045,79,4,4.50025105081249,1.26898029826662,0.25,0.349355672709074,"MED LOW","R1"
77,826,8,159.231810146178,79,3,3.50103308805336,1.26898029826662,0.25,0.775898872136446,"MED LOW","R1"
77,827,9,153.564038028998,79,3,3.50043587925587,1.26898029826662,0.25,0.660710578091041,"MED LOW","R1"
77,828,10,153.768968554637,79,3,3.49829129876778,1.26898029826662,0.25,0.665359233514929,"MED LOW","R1"
76,809,3,174.893748712121,80,5,5.49887817122343,1.43277361535815,0.25,0.944386979081252,"MED LOW","R1"
77,826,8,178.99119984089,80,4,4.50038317808696,1.43277361535815,0.25,0.962606312715996,"MED LOW","R1"
78,833,4,155.832185013921,80,3,3.50034507890116,1.43277361535815,0.25,0.710281735454733,"MED LOW","R1"
80,852,6,101.497315005018,80,1,1.4986764565886,1.43277361535815,0.25,0.00975670581770843,"MED LOW","R1"
79,836,1,149.597873394876,81,3,3.50045830169657,1.5421600061698,0.25,0.565562388159552,"MED LOW","R1"
79,841,6,142.777491123735,81,3,3.50019796743315,1.5421600061698,0.25,0.394431697942562,"MED LOW","R1"
79,842,7,149.543175089368,81,3,3.49924232625426,1.5421600061698,0.25,0.564197354332739,"MED LOW","R1"
80,852,6,131.080741454412,81,2,2.50044324469547,1.5421600061698,0.25,0.165712986992356,"MED LOW","R1"
80,848,2,158.818188816967,82,3,3.49909089206753,1.58216575873191,0.25,0.768512120950492,"MED LOW","R1"
80,851,5,149.675875635787,82,3,3.50042192921616,1.58216575873191,0.25,0.567507263926176,"MED LOW","R1"
80,852,6,154.405647190574,82,3,3.50169634128191,1.58216575873191,0.25,0.679595383740771,"MED LOW","R1"
79,841,6,169.68862719233,83,5,5.50186025537302,1.29099231317549,0.25,0.909177251737412,"MED LOW","R1"
80,851,5,166.767969256261,83,4,4.5001433472695,1.29099231317549,0.25,0.881539364179048,"MED LOW","R1"
82,869,3,136.731350694676,83,2,2.50004242270588,1.29099231317549,0.25,0.26064855884938,"MED LOW","R1"
82,869,3,162.388833907186,84,3,3.49956376603264,1.57222954723263,0.25,0.826706767091142,"MED LOW","R1"
82,870,4,146.465138973239,84,3,3.49984116921693,1.57222954723263,0.25,0.486426907482602,"MED LOW","R1"
82,874,8,142.094548597776,84,3,3.5015567860623,1.57222954723263,0.25,0.377996178945753,"MED LOW","R1"
83,875,1,127.131164515545,84,2,2.49878173043122,1.57222954723263,0.25,0.117395343816871,"MED LOW","R1"
82,870,4,162.700636773683,85,4,4.50002273202788,1.4151813036058,0.25,0.831195389394473,"MED LOW","R1"
82,873,7,143.50124305455,85,4,4.49884756206571,1.4151813036058,0.25,0.412113013127562,"MED LOW","R1"
82,874,8,157.196558674316,85,4,4.50007523719871,1.4151813036058,0.25,0.737938418178886,"MED LOW","R1"
85,898,7,102.745526357856,85,1,1.49859262212713,1.4151813036058,0.25,0.0110604013556761,"MED LOW","R1"
82,874,8,168.673427072364,86,5,5.50028716439706,1.4238619627635,0.25,0.900299303348692,"MED LOW","R1"
84,884,1,147.508872881103,86,3,3.49864874301316,1.4238619627635,0.25,0.512913895843382,"MED LOW","R1"
84,887,4,158.135366817107,86,3,3.5011559194027,1.4238619627635,0.25,0.755949661524455,"MED LOW","R1"
84,884,1,164.020619602576,87,4,4.49889266281593,1.32894536283682,0.25,0.849174862671091,"MED LOW","R1"
84,889,6,158.491083386923,87,4,4.50050634699241,1.32894536283682,0.25,0.762551090706435,"MED LOW","R1"
85,896,5,144.514979362224,87,3,3.49932520993432,1.32894536283682,0.25,0.437254997456886,"MED LOW","R1"
84,889,6,170.206287277183,88,5,5.50072344366026,1.44398172113493,0.25,0.913424949799169,"MED LOW","R1"
85,893,2,146.05480236441,88,4,4.4990336790289,1.44398172113493,0.25,0.476026355680432,"MED LOW","R1"
85,897,6,157.08204673851,88,4,4.49922284095626,1.44398172113493,0.25,0.735683779252099,"MED LOW","R1"
87,911,4,160.963077947437,89,3,3.49797812267948,1.4737283269738,0.25,0.804978304765877,"MED LOW","R1"
88,920,4,136.847929926962,89,2,2.49866275184011,1.4737283269738,0.25,0.262936048110889,"MED LOW","R1"
89,930,3,101.448414689288,89,1,1.49913804100455,1.4737283269738,0.25,0.00970885331592948,"MED LOW","R1"
88,918,2,147.514830599099,90,3,3.50011268046231,1.31787417910934,0.25,0.513065019099432,"MED LOW","R1"
88,919,3,147.547166765868,90,3,3.50054005968828,1.31787417910934,0.25,0.513885214742884,"MED LOW","R1"
88,920,4,162.55458887794,90,3,3.50038844726968,1.31787417910934,0.25,0.829104565560714,"MED LOW","R1"
88,926,10,146.226686766497,90,3,3.50005395964483,1.31787417910934,0.25,0.480380994926412,"MED LOW","R1"
89,928,1,127.47028765049,90,2,2.50080616799214,1.31787417910934,0.25,0.121010232537109,"MED LOW","R1"
89,930,3,131.000006871761,90,2,2.49901205873059,1.31787417910934,0.25,0.164582812923179,"MED LOW","R1"
86,901,1,153.238856080424,91,6,6.49796722028391,1.57809627180025,0.25,0.653270397871919,"MED LOW","R1"
88,918,2,164.028160295171,91,4,4.50157949640247,1.57809627180025,0.25,0.849272895277088,"MED LOW","R1"
88,919,3,164.069089441076,91,4,4.49982006864217,1.57809627180025,0.25,0.84980407971048,"MED LOW","R1"
88,923,7,158.365922385701,91,4,4.49855686909426,1.57809627180025,0.25,0.760242439710933,"MED LOW","R1"
89,930,3,154.292313383252,91,3,3.499701716796,1.57809627180025,0.25,0.67708461409648,"MED LOW","R1"
89,935,8,157.829014281701,91,3,3.50111465704372,1.57809627180025,0.25,0.750165580142791,"MED LOW","R1"
88,919,3,176.837390401812,92,5,5.49931291543146,1.44132652540491,0.25,0.953887479829225,"MED LOW","R1"
88,923,7,170.05798257473,92,5,5.49944974481582,1.44132652540491,0.25,0.912226750985079,"MED LOW","R1"
88,925,9,162.519469352277,92,5,5.49964987874429,1.44132652540491,0.25,0.828598738037027,"MED LOW","R1"
89,935,8,177.185921030332,92,4,4.49941977264888,1.44132652540491,0.25,0.955419261258283,"MED LOW","R1"
90,937,1,148.347712550486,92,3,3.49976505496143,1.44132652540491,0.25,0.534155836743326,"MED LOW","R1"
90,941,5,151.873126424822,92,3,3.49982629477975,1.44132652540491,0.25,0.621231857498317,"MED LOW","R1"
90,942,6,155.434469096397,92,3,3.50046509958566,1.44132652540491,0.25,0.701902043495881,"MED LOW","R1"
88,925,9,170.42277906858,93,6,6.5004776784926,1.5491708150183,0.25,0.915147474576758,"MED LOW","R1"
90,937,1,165.083023058137,93,4,4.49997318864263,1.5491708150183,0.25,0.862476411357677,"MED LOW","R1"
91,955,9,159.468256001185,94,4,4.49977395267743,1.30474602307458,0.25,0.780045524733949,"MED LOW","R1"
93,968,4,151.730012652377,95,3,3.49826483833321,1.55086031491806,0.25,0.617806773568415,"MED LOW","R1"
93,973,9,145.729281625537,95,3,3.50016314549496,1.55086031491806,0.25,0.467789903390344,"MED LOW","R1"
93,974,10,152.314258934587,95,3,3.5020552609668,1.55086031491806,0.25,0.631712231903937,"MED LOW","R1"
93,971,7,156.051041568522,96,4,4.50011609335441,1.51900675021642,0.25,0.714832960000688,"MED LOW","R1"
93,974,10,170.125258117829,96,4,4.49911280644695,1.51900675021642,0.25,0.912772136890572,"MED LOW","R1"
94,983,9,145.130864848717,96,3,3.49967314102229,1.51900675021642,0.25,0.452697449504241,"MED LOW","R1"
95,990,6,127.729245917535,96,2,2.49893504467225,1.51900675021642,0.25,0.123834880190294,"MED LOW","R1"
93,973,9,174.100676543628,97,5,5.50032514846129,1.27542176213044,0.25,0.940003431164786,"MED LOW","R1"
94,983,9,161.016329300864,97,4,4.50034431025757,1.27542176213044,0.25,0.805825699425693,"MED LOW","R1"
95,991,7,137.592996161824,97,3,3.49942488231242,1.27542176213044,0.25,0.277857223176048,"MED LOW","R1"
96,1000,6,130.587419807288,97,2,2.50089840736868,1.27542176213044,0.25,0.158903632612519,"MED LOW","R1"
93,973,9,183.576632876755,98,6,6.50080284102235,1.49435177577342,0.25,0.976193740868035,"MED LOW","R1"
95,991,7,151.567247291972,98,4,4.50088527795166,1.49435177577342,0.25,0.613897116804105,"MED LOW","R1"
96,996,2,139.719819703936,98,3,3.5010151296918,1.49435177577342,0.25,0.323184788799176,"MED LOW","R1"
96,1000,6,153.713453083227,98,3,3.49936726414939,1.49435177577342,0.25,0.664103037370026,"MED LOW","R1"
95,991,7,162.034559844148,99,5,5.50000613141808,1.57262178510308,0.25,0.821492856547681,"MED LOW","R1"
