"cohort","ind","fish_size","Year","Age","AgeE","dtype","FMORT","M","Sel","FSIM","REG"
1,1,147.5177680339,3,3,3.49911451449725,"M",0,0.25,1,"MED MED MED",NA
1,2,235.24000695772,9,9,9.49898466466637,"M",0,0.25,1,"MED MED MED",NA
1,3,175.50102100485,4,4,4.50120085352451,"M",0,0.25,1,"MED MED MED",NA
1,4,139.412289634895,2,2,2.50038679001979,"M",0,0.25,1,"MED MED MED",NA
1,5,218.877489988969,9,9,9.49788617908377,"M",0,0.25,1,"MED MED MED",NA
1,6,101.674238928961,1,1,1.49971381707665,"M",0,0.25,1,"MED MED MED",NA
1,7,128.206966570253,2,2,2.50062590150666,"M",0,0.25,1,"MED MED MED",NA
1,8,117.522324391044,2,2,2.49959763769277,"M",0,0.25,1,"MED MED MED",NA
1,9,216.620993064859,7,7,7.49941990013434,"M",0,0.25,1,"MED MED MED",NA
1,10,164.294046053594,5,5,5.50003902709836,"M",0,0.25,1,"MED MED MED",NA
1,11,100.297371094698,1,1,1.4989422075341,"M",0,0.25,1,"MED MED MED",NA
1,12,63.653113964607,0,0,0.498185733059467,"M",0,0.25,1,"MED MED MED",NA
2,1,236.448820118012,12,11,11.5011816722986,"M",0,0.25,1,"MED MED MED",NA
2,2,123.213035338074,3,2,2.49925038155525,"M",0,0.25,1,"MED MED MED",NA
2,3,154.633306587493,4,3,3.49989623515954,"M",0,0.25,1,"MED MED MED",NA
2,4,178.129858939977,6,5,5.5005264246704,"M",0,0.25,1,"MED MED MED",NA
2,5,65.7484367876024,1,0,0.499167839188905,"M",0,0.25,1,"MED MED MED",NA
2,6,145.742872655569,3,2,2.50083454258762,"M",0,0.25,1,"MED MED MED",NA
2,7,159.967804904446,5,4,4.49925474213558,"M",0,0.25,1,"MED MED MED",NA
2,8,211.210643508527,6,5,5.49876074061205,"M",0,0.25,1,"MED MED MED",NA
2,9,103.576630756623,2,1,1.5003366264184,"M",0,0.25,1,"MED MED MED",NA
2,10,62.1210865995374,1,0,0.497205521895722,"M",0,0.25,1,"MED MED MED",NA
2,11,61.8601500204326,1,0,0.498950230783904,"M",0,0.25,1,"MED MED MED",NA
2,12,161.548613551862,6,5,5.49902225325493,"M",0,0.25,1,"MED MED MED",NA
2,13,99.5095110107295,2,1,1.50011979488736,"M",0,0.25,1,"MED MED MED",NA
3,1,134.96518390158,5,3,3.49916543412647,"M",0,0.25,1,"MED MED MED",NA
3,2,97.0774047566424,3,1,1.49913872623879,"M",0,0.25,1,"MED MED MED",NA
3,3,62.0188168506827,2,0,0.499602155538563,"M",0,0.25,1,"MED MED MED",NA
3,4,178.819893612405,7,5,5.50151778214802,"M",0,0.25,1,"MED MED MED",NA
3,5,60.6381448364979,2,0,0.498437201290099,"M",0,0.25,1,"MED MED MED",NA
3,6,170.190391906485,6,4,4.49777865096992,"M",0,0.25,1,"MED MED MED",NA
3,7,189.511195961229,8,6,6.50160288410998,"M",0,0.25,1,"MED MED MED",NA
3,8,62.892629693402,2,0,0.499279295336855,"M",0,0.25,1,"MED MED MED",NA
3,9,93.4222450105061,3,1,1.50093068328343,"M",0,0.25,1,"MED MED MED",NA
3,10,59.8919395873931,2,0,0.498238072444303,"M",0,0.25,1,"MED MED MED",NA
3,11,61.6144343778055,2,0,0.501873824463119,"M",0,0.25,1,"MED MED MED",NA
3,12,61.0009032005939,2,0,0.502269558025989,"M",0,0.25,1,"MED MED MED",NA
4,1,122.959932750004,5,2,2.50084998497637,"M",0,0.25,1,"MED MED MED",NA
4,2,179.454948797414,8,5,5.50119922640654,"M",0,0.25,1,"MED MED MED",NA
4,3,64.0624589524162,3,0,0.498616629163079,"M",0,0.25,1,"MED MED MED",NA
4,4,61.7460976272715,3,0,0.498660293003319,"M",0,0.25,1,"MED MED MED",NA
4,5,64.1671137999806,3,0,0.498660101819257,"M",0,0.25,1,"MED MED MED",NA
4,6,138.662129808641,6,3,3.49917760069668,"M",0,0.25,1,"MED MED MED",NA
4,7,206.990845849904,12,9,9.50172880032551,"M",0,0.25,1,"MED MED MED",NA
4,8,64.2800612426385,3,0,0.501413816608441,"M",0,0.25,1,"MED MED MED",NA
4,9,99.8173981961119,4,1,1.49937278041138,"M",0,0.25,1,"MED MED MED",NA
4,10,103.95627502935,4,1,1.50066504661513,"M",0,0.25,1,"MED MED MED",NA
4,11,182.442659284322,15,12,12.5019092412345,"M",0,0.25,1,"MED MED MED",NA
4,12,136.905330405026,5,2,2.49999192584779,"M",0,0.25,1,"MED MED MED",NA
5,1,99.3771548504526,5,1,1.4990065161105,"M",0,0.25,1,"MED MED MED",NA
5,2,64.1872268696033,4,0,0.498230929176561,"M",0,0.25,1,"MED MED MED",NA
5,3,183.237188985305,11,7,7.50134807585395,"M",0,0.25,1,"MED MED MED",NA
5,4,151.643668206776,7,3,3.49919693957984,"M",0,0.25,1,"MED MED MED",NA
5,5,196.273009968903,10,6,6.49858668699874,"M",0,0.25,1,"MED MED MED",NA
5,6,219.361941977347,12,8,8.50070297616231,"M",0,0.25,1,"MED MED MED",NA
5,7,92.7571714293016,5,1,1.50037427094036,"M",0,0.25,1,"MED MED MED",NA
5,8,178.200318744997,8,4,4.49944907661406,"M",0,0.25,1,"MED MED MED",NA
5,9,100.117607892418,5,1,1.49945688856468,"M",0,0.25,1,"MED MED MED",NA
5,10,126.59745450497,6,2,2.49975078455995,"M",0,0.25,1,"MED MED MED",NA
5,11,192.070737069436,9,5,5.50113475033747,"M",0,0.25,1,"MED MED MED",NA
5,12,61.3159774319976,4,0,0.500019722808949,"M",0,0.25,1,"MED MED MED",NA
6,1,190.214199149751,13,8,8.49858993303137,"M",0,0.25,1,"MED MED MED",NA
6,2,103.22127185507,6,1,1.50145951290219,"M",0,0.25,1,"MED MED MED",NA
6,3,196.708921727308,11,6,6.49835804904515,"M",0,0.25,1,"MED MED MED",NA
6,4,239.614104582236,19,14,14.5015624203478,"M",0,0.25,1,"MED MED MED",NA
6,5,210.053923293412,18,13,13.4988625055669,"M",0,0.25,1,"MED MED MED",NA
6,6,98.7688185503116,6,1,1.49915671590564,"M",0,0.25,1,"MED MED MED",NA
6,7,155.194981840011,9,4,4.49967405305281,"M",0,0.25,1,"MED MED MED",NA
6,8,126.324228704333,7,2,2.49868297648292,"M",0,0.25,1,"MED MED MED",NA
6,9,191.560077119169,14,9,9.49883979749858,"M",0,0.25,1,"MED MED MED",NA
6,10,101.578864543361,6,1,1.49917878507164,"M",0,0.25,1,"MED MED MED",NA
6,11,176.926235872055,19,14,14.5003057546919,"M",0,0.25,1,"MED MED MED",NA
6,12,97.8952724978318,6,1,1.50103544136037,"M",0,0.25,1,"MED MED MED",NA
7,1,100.606489661055,7,1,1.50011950423637,"M",0,0.25,1,"MED MED MED",NA
7,2,151.483079450664,9,3,3.50101213073017,"M",0,0.25,1,"MED MED MED",NA
7,3,97.9979485726132,7,1,1.4980636344989,"M",0,0.25,1,"MED MED MED",NA
7,4,122.246686145627,8,2,2.50053160233702,"M",0,0.25,1,"MED MED MED",NA
7,5,181.931390113993,14,8,8.49937160330492,"M",0,0.25,1,"MED MED MED",NA
7,6,105.149260294146,7,1,1.49881259668143,"M",0,0.25,1,"MED MED MED",NA
7,7,162.99732449451,12,6,6.50096412491622,"M",0,0.25,1,"MED MED MED",NA
7,8,136.565994406918,8,2,2.4999442432282,"M",0,0.25,1,"MED MED MED",NA
7,9,148.710902068638,9,3,3.49873995677352,"M",0,0.25,1,"MED MED MED",NA
8,1,134.793001503685,9,2,2.50056694994529,"M",0,0.25,1,"MED MED MED",NA
8,2,204.974692061747,18,11,11.4987228720193,"M",0,0.25,1,"MED MED MED",NA
8,3,61.5883416564672,7,0,0.499076977344861,"M",0,0.25,1,"MED MED MED",NA
8,4,100.813993963219,8,1,1.4985473482266,"M",0,0.25,1,"MED MED MED",NA
8,5,169.522908387497,14,7,7.50158910928927,"M",0,0.25,1,"MED MED MED",NA
8,6,231.367789503063,20,13,13.5018274288394,"M",0,0.25,1,"MED MED MED",NA
8,7,139.521423784398,10,3,3.50077116057241,"M",0,0.25,1,"MED MED MED",NA
8,8,64.5448884825601,7,0,0.501444096869789,"M",0,0.25,1,"MED MED MED",NA
8,9,133.677779587973,9,2,2.49943244502802,"M",0,0.25,1,"MED MED MED",NA
8,10,97.84862246176,8,1,1.50019164279782,"M",0,0.25,1,"MED MED MED",NA
8,11,142.298253032684,10,3,3.49861106308842,"M",0,0.25,1,"MED MED MED",NA
8,12,124.876128695393,9,2,2.49985110264523,"M",0,0.25,1,"MED MED MED",NA
9,1,132.417767019447,10,2,2.49795344284474,"M",0,0.25,1,"MED MED MED",NA
9,2,174.809430767071,14,6,6.49939263499286,"M",0,0.25,1,"MED MED MED",NA
9,3,91.7056984797837,9,1,1.50033193423185,"M",0,0.25,1,"MED MED MED",NA
9,4,62.7626547259425,8,0,0.500327586425106,"M",0,0.25,1,"MED MED MED",NA
9,5,97.286203097276,9,1,1.50022644006367,"M",0,0.25,1,"MED MED MED",NA
9,6,60.8195924657108,8,0,0.499646847579394,"M",0,0.25,1,"MED MED MED",NA
9,7,61.2828345807715,8,0,0.500703021557928,"M",0,0.25,1,"MED MED MED",NA
9,8,152.368335840044,12,4,4.49975010316184,"M",0,0.25,1,"MED MED MED",NA
9,9,62.1625704653626,8,0,0.499878908109982,"M",0,0.25,1,"MED MED MED",NA
9,10,62.3068888465846,8,0,0.499400549831754,"M",0,0.25,1,"MED MED MED",NA
9,11,170.463431630349,12,4,4.50076130687359,"M",0,0.25,1,"MED MED MED",NA
9,12,124.300018774865,10,2,2.50182103681643,"M",0,0.25,1,"MED MED MED",NA
10,1,62.7083178509693,9,0,0.500458429075622,"M",0,0.25,1,"MED MED MED",NA
10,2,92.8658215857103,10,1,1.50127355826109,"M",0,0.25,1,"MED MED MED",NA
10,3,60.9359314305589,9,0,0.498777098570211,"M",0,0.25,1,"MED MED MED",NA
10,4,114.574023046633,11,2,2.50048217399087,"M",0,0.25,1,"MED MED MED",NA
10,5,63.1736948505802,9,0,0.499986314961471,"M",0,0.25,1,"MED MED MED",NA
10,6,125.501092876032,11,2,2.50097648478935,"M",0,0.25,1,"MED MED MED",NA
10,7,209.537839143213,19,10,10.5007491382259,"M",0,0.25,1,"MED MED MED",NA
10,8,121.301737870396,11,2,2.50154983472967,"M",0,0.25,1,"MED MED MED",NA
10,9,171.695074187925,15,6,6.50082238939561,"M",0,0.25,1,"MED MED MED",NA
10,10,172.457156958952,13,4,4.5000749838346,"M",0,0.25,1,"MED MED MED",NA
11,1,180.905033253117,20,10,10.4979317018257,"M",0,0.25,1,"MED MED MED",NA
11,2,61.0614015417226,10,0,0.500218156115991,"M",0,0.25,1,"MED MED MED",NA
11,3,91.7854159742408,11,1,1.5003438487442,"M",0,0.25,1,"MED MED MED",NA
11,4,98.6694099174855,11,1,1.5002175581893,"M",0,0.25,1,"MED MED MED",NA
11,5,119.266268761546,12,2,2.49909076702369,"M",0,0.25,1,"MED MED MED",NA
11,6,157.208882041388,13,3,3.50029213444373,"M",0,0.25,1,"MED MED MED",NA
11,7,63.7995721632308,10,0,0.500711532862727,"M",0,0.25,1,"MED MED MED",NA
11,8,135.772772248293,12,2,2.50059264040529,"M",0,0.25,1,"MED MED MED",NA
11,9,131.410403538494,12,2,2.49981097586271,"M",0,0.25,1,"MED MED MED",NA
11,10,166.071410956512,17,7,7.49876574769982,"M",0,0.25,1,"MED MED MED",NA
11,11,156.339597453392,13,3,3.49813201839881,"M",0,0.25,1,"MED MED MED",NA
11,12,194.421233120501,16,6,6.50068287727714,"M",0,0.25,1,"MED MED MED",NA
11,13,196.680405842058,22,12,12.498841208914,"M",0,0.25,1,"MED MED MED",NA
12,1,62.342019074571,11,0,0.501547466270456,"M",0,0.25,1,"MED MED MED",NA
12,2,179.754940142058,17,6,6.50055325186309,"M",0,0.25,1,"MED MED MED",NA
12,3,216.148366666159,19,8,8.49947626699725,"M",0,0.25,1,"MED MED MED",NA
12,4,155.300711972635,14,3,3.49944544545957,"M",0,0.25,1,"MED MED MED",NA
12,5,103.97141531486,12,1,1.49998535359991,"M",0,0.25,1,"MED MED MED",NA
12,6,125.93619764772,13,2,2.50039499781859,"M",0,0.25,1,"MED MED MED",NA
12,7,64.7635744589566,11,0,0.499154537724988,"M",0,0.25,1,"MED MED MED",NA
12,8,175.940805566565,19,8,8.50033551143917,"M",0,0.25,1,"MED MED MED",NA
12,9,62.9207990254378,11,0,0.499862679131227,"M",0,0.25,1,"MED MED MED",NA
13,1,115.454927343844,14,2,2.49774970236226,"M",0,0.25,1,"MED MED MED",NA
13,2,63.0185609109451,12,0,0.501088994342301,"M",0,0.25,1,"MED MED MED",NA
13,3,97.2252764936997,13,1,1.49978154574148,"M",0,0.25,1,"MED MED MED",NA
13,4,99.5530272255238,13,1,1.50203283905576,"M",0,0.25,1,"MED MED MED",NA
13,5,161.637070652386,16,4,4.5017109128618,"M",0,0.25,1,"MED MED MED",NA
13,6,61.5426332947639,12,0,0.498817744045781,"M",0,0.25,1,"MED MED MED",NA
13,7,60.9145981405105,12,0,0.49879445802004,"M",0,0.25,1,"MED MED MED",NA
13,8,160.126872614791,16,4,4.50035203300177,"M",0,0.25,1,"MED MED MED",NA
13,9,142.759867134817,15,3,3.49962588096764,"M",0,0.25,1,"MED MED MED",NA
13,10,180.749128181223,18,6,6.50003910451203,"M",0,0.25,1,"MED MED MED",NA
13,11,229.748836430527,21,9,9.50055979418034,"M",0,0.25,1,"MED MED MED",NA
14,1,100.477374699101,14,1,1.49984230724609,"M",0,0.25,1,"MED MED MED",NA
14,2,97.7150885119955,14,1,1.50100730096306,"M",0,0.25,1,"MED MED MED",NA
14,3,62.3924718651066,13,0,0.499621382742391,"M",0,0.25,1,"MED MED MED",NA
14,4,201.76119279429,20,7,7.49871009369399,"M",0,0.25,1,"MED MED MED",NA
14,5,132.691811921738,15,2,2.50104928011247,"M",0,0.25,1,"MED MED MED",NA
14,6,64.6245046829454,13,0,0.500418616050605,"M",0,0.25,1,"MED MED MED",NA
14,7,172.498973534244,17,4,4.49989410944071,"M",0,0.25,1,"MED MED MED",NA
14,8,61.5734561334596,13,0,0.500164832275478,"M",0,0.25,1,"MED MED MED",NA
14,9,119.766501887922,15,2,2.49965897207937,"M",0,0.25,1,"MED MED MED",NA
14,10,92.5467521887288,14,1,1.50034952855945,"M",0,0.25,1,"MED MED MED",NA
14,11,119.127072865687,15,2,2.49939076685319,"M",0,0.25,1,"MED MED MED",NA
15,1,124.482086213868,16,2,2.49859299108928,"M",0,0.25,1,"MED MED MED",NA
15,2,159.595186661902,18,4,4.50040834369994,"M",0,0.25,1,"MED MED MED",NA
15,3,64.2099632543119,14,0,0.499761012705834,"M",0,0.25,1,"MED MED MED",NA
15,4,60.0820404194336,14,0,0.500780208588668,"M",0,0.25,1,"MED MED MED",NA
15,5,140.386554188999,16,2,2.49856289520152,"M",0,0.25,1,"MED MED MED",NA
15,6,62.9637527535756,14,0,0.500137224800796,"M",0,0.25,1,"MED MED MED",NA
15,7,135.048920991291,17,3,3.50072982577255,"M",0,0.25,1,"MED MED MED",NA
15,8,98.1474828303808,15,1,1.49949427334872,"M",0,0.25,1,"MED MED MED",NA
15,9,167.928794461242,18,4,4.50036790078061,"M",0,0.25,1,"MED MED MED",NA
15,10,62.6063168418663,14,0,0.501430850082862,"M",0,0.25,1,"MED MED MED",NA
15,11,61.9910236717462,14,0,0.499401651379355,"M",0,0.25,1,"MED MED MED",NA
15,12,145.652786778113,17,3,3.49980875538563,"M",0,0.25,1,"MED MED MED",NA
16,1,155.649020070145,20,5,5.5025146535113,"M",0,0.25,1,"MED MED MED",NA
16,2,115.347437536922,17,2,2.50058455190279,"M",0,0.25,1,"MED MED MED",NA
16,3,62.8840442940446,15,0,0.500931689240634,"M",0,0.25,1,"MED MED MED",NA
16,4,61.3377994693087,15,0,0.499952603716561,"M",0,0.25,1,"MED MED MED",NA
16,5,148.932378537662,18,3,3.49948234232865,"M",0,0.25,1,"MED MED MED",NA
16,6,229.97792331829,24,9,9.49830468308924,"M",0,0.25,1,"MED MED MED",NA
16,7,152.721851265637,19,4,4.50173876558657,"M",0,0.25,1,"MED MED MED",NA
16,8,209.172797314706,28,13,13.4996539006137,"M",0,0.25,1,"MED MED MED",NA
16,9,62.5964794310949,15,0,0.501425774475923,"M",0,0.25,1,"MED MED MED",NA
16,10,103.384531937035,16,1,1.50070819286404,"M",0,0.25,1,"MED MED MED",NA
16,11,63.7860001555953,15,0,0.49933235219401,"M",0,0.25,1,"MED MED MED",NA
16,12,182.070340813753,20,5,5.50050097397138,"M",0,0.25,1,"MED MED MED",NA
17,1,62.9506833055994,16,0,0.501873576863388,"M",0,0.25,1,"MED MED MED",NA
17,2,127.267555656705,18,2,2.50167539653301,"M",0,0.25,1,"MED MED MED",NA
17,3,184.970514547075,21,5,5.5006879265823,"M",0,0.25,1,"MED MED MED",NA
17,4,196.609624560289,23,7,7.4988765507938,"M",0,0.25,1,"MED MED MED",NA
17,5,213.607658375528,26,10,10.4983814799879,"M",0,0.25,1,"MED MED MED",NA
17,6,204.954958131604,24,8,8.49968516507216,"M",0,0.25,1,"MED MED MED",NA
17,7,66.2132138455198,16,0,0.499412767990237,"M",0,0.25,1,"MED MED MED",NA
17,8,177.552661186588,21,5,5.49851726989826,"M",0,0.25,1,"MED MED MED",NA
17,9,144.207901825514,19,3,3.50077223393676,"M",0,0.25,1,"MED MED MED",NA
17,10,62.1907501903154,16,0,0.499179067921954,"M",0,0.25,1,"MED MED MED",NA
18,1,63.1137700131322,17,0,0.499699368565218,"M",0,0.25,1,"MED MED MED",NA
18,2,146.985660024819,20,3,3.50148728195709,"M",0,0.25,1,"MED MED MED",NA
18,3,62.2144171172222,17,0,0.499211769747139,"M",0,0.25,1,"MED MED MED",NA
18,4,147.296748011483,20,3,3.50054591469998,"M",0,0.25,1,"MED MED MED",NA
18,5,64.3077197182936,17,0,0.50010139094273,"M",0,0.25,1,"MED MED MED",NA
18,6,65.3661654755542,17,0,0.499587156946184,"M",0,0.25,1,"MED MED MED",NA
18,7,99.2249901365487,18,1,1.50110970879152,"M",0,0.25,1,"MED MED MED",NA
18,8,184.765313882156,31,14,14.5014184116552,"M",0,0.25,1,"MED MED MED",NA
18,9,155.21688145939,21,4,4.50034493769108,"M",0,0.25,1,"MED MED MED",NA
18,10,64.460238647032,17,0,0.499669212086938,"M",0,0.25,1,"MED MED MED",NA
18,11,133.527316802235,19,2,2.50105491821499,"M",0,0.25,1,"MED MED MED",NA
18,12,211.337496102131,24,7,7.49914505954743,"M",0,0.25,1,"MED MED MED",NA
19,1,149.63930722466,21,3,3.50015459392672,"M",0,0.25,1,"MED MED MED",NA
19,2,120.88540593228,20,2,2.4975530676802,"M",0,0.25,1,"MED MED MED",NA
19,3,131.526535361758,20,2,2.4995893424453,"M",0,0.25,1,"MED MED MED",NA
19,4,95.9386198873468,19,1,1.49974861081809,"M",0,0.25,1,"MED MED MED",NA
19,5,98.2082018674887,19,1,1.49899986589389,"M",0,0.25,1,"MED MED MED",NA
19,6,60.3423276944828,18,0,0.500634433758325,"M",0,0.25,1,"MED MED MED",NA
19,7,174.017886171906,22,4,4.49962791123029,"M",0,0.25,1,"MED MED MED",NA
19,8,124.81143931327,20,2,2.50074404672432,"M",0,0.25,1,"MED MED MED",NA
19,9,65.4819284470542,18,0,0.500052474699001,"M",0,0.25,1,"MED MED MED",NA
19,10,170.954134709349,22,4,4.49847034146704,"M",0,0.25,1,"MED MED MED",NA
19,11,60.9487137386653,18,0,0.500449123156815,"M",0,0.25,1,"MED MED MED",NA
20,1,160.908424292593,23,4,4.50115432031677,"M",0,0.25,1,"MED MED MED",NA
20,2,192.567429818542,25,6,6.50078819338294,"M",0,0.25,1,"MED MED MED",NA
20,3,62.0442627517571,19,0,0.501511311939312,"M",0,0.25,1,"MED MED MED",NA
20,4,93.8915622838474,20,1,1.49917934199676,"M",0,0.25,1,"MED MED MED",NA
20,5,64.632685800573,19,0,0.499186847052721,"M",0,0.25,1,"MED MED MED",NA
20,6,139.784883925274,22,3,3.49894111940528,"M",0,0.25,1,"MED MED MED",NA
20,7,61.563944183585,19,0,0.499941058328392,"M",0,0.25,1,"MED MED MED",NA
20,8,160.590919372343,23,4,4.49970609273425,"M",0,0.25,1,"MED MED MED",NA
20,9,62.307615740726,19,0,0.499978736955475,"M",0,0.25,1,"MED MED MED",NA
20,10,222.47891457744,28,9,9.49827306994047,"M",0,0.25,1,"MED MED MED",NA
20,11,99.7727528002614,20,1,1.50022483805123,"M",0,0.25,1,"MED MED MED",NA
20,12,142.109790767952,23,4,4.49889817084827,"M",0,0.25,1,"MED MED MED",NA
20,13,224.703275833,33,14,14.4992377802155,"M",0,0.25,1,"MED MED MED",NA
20,14,99.0729996349299,20,1,1.50013838530947,"M",0,0.25,1,"MED MED MED",NA
20,15,128.791739190988,21,2,2.50154561221919,"M",0,0.25,1,"MED MED MED",NA
21,1,170.280866151854,24,4,4.50094475333089,"M",0,0.25,1,"MED MED MED",NA
21,2,146.921018923202,23,3,3.49908615715319,"M",0,0.25,1,"MED MED MED",NA
21,3,100.20579356018,21,1,1.50138593011793,"M",0,0.25,1,"MED MED MED",NA
21,4,97.1591540494916,21,1,1.49794398469507,"M",0,0.25,1,"MED MED MED",NA
21,5,167.854679494942,23,3,3.49858589302913,"M",0,0.25,1,"MED MED MED",NA
21,6,254.793419890518,33,13,13.4984797850451,"M",0,0.25,1,"MED MED MED",NA
21,7,62.7702137902408,20,0,0.500254647676207,"M",0,0.25,1,"MED MED MED",NA
21,8,143.913808303487,23,3,3.5000155721197,"M",0,0.25,1,"MED MED MED",NA
21,9,207.495010375512,26,6,6.49986070988683,"M",0,0.25,1,"MED MED MED",NA
22,1,186.332315410181,29,8,8.50133094529259,"M",0,0.25,1,"MED MED MED",NA
22,2,164.657662068478,25,4,4.4988344747797,"M",0,0.25,1,"MED MED MED",NA
22,3,200.407267782998,28,7,7.49960645275682,"M",0,0.25,1,"MED MED MED",NA
22,4,147.641532953479,24,3,3.49860199495032,"M",0,0.25,1,"MED MED MED",NA
22,5,134.462333916082,24,3,3.50060793447235,"M",0,0.25,1,"MED MED MED",NA
22,6,93.6713559680722,22,1,1.49880538112152,"M",0,0.25,1,"MED MED MED",NA
22,7,143.548040816662,24,3,3.50052917697497,"M",0,0.25,1,"MED MED MED",NA
22,8,204.058757203625,31,10,10.4984632487792,"M",0,0.25,1,"MED MED MED",NA
22,9,164.910190387488,26,5,5.50197928471218,"M",0,0.25,1,"MED MED MED",NA
22,10,172.028880823954,26,5,5.50013563882699,"M",0,0.25,1,"MED MED MED",NA
23,1,101.999451348812,23,1,1.49877668036588,"M",0,0.25,1,"MED MED MED",NA
23,2,216.464406422177,31,9,9.50013804778543,"M",0,0.25,1,"MED MED MED",NA
23,3,135.35915177556,24,2,2.49904168758746,"M",0,0.25,1,"MED MED MED",NA
23,4,127.853109746511,25,3,3.49946344097379,"M",0,0.25,1,"MED MED MED",NA
23,5,185.536133785637,29,7,7.50100534559069,"M",0,0.25,1,"MED MED MED",NA
23,6,92.1220846838413,23,1,1.5001443167657,"M",0,0.25,1,"MED MED MED",NA
23,7,62.5692397769407,22,0,0.501155822913269,"M",0,0.25,1,"MED MED MED",NA
23,8,61.5517400551874,22,0,0.498681523332161,"M",0,0.25,1,"MED MED MED",NA
23,9,135.173375085702,25,3,3.50065570913948,"M",0,0.25,1,"MED MED MED",NA
23,10,64.3459498782076,22,0,0.499191654053572,"M",0,0.25,1,"MED MED MED",NA
23,11,180.839434619458,27,5,5.49999055662741,"M",0,0.25,1,"MED MED MED",NA
24,1,181.845138865431,29,6,6.50069512361233,"M",0,0.25,1,"MED MED MED",NA
24,2,175.368858129433,27,4,4.50303859096389,"M",0,0.25,1,"MED MED MED",NA
24,3,61.0701651081702,23,0,0.500331635075552,"M",0,0.25,1,"MED MED MED",NA
24,4,129.832088954406,25,2,2.50012797754132,"M",0,0.25,1,"MED MED MED",NA
24,5,136.923741013806,26,3,3.50004649296232,"M",0,0.25,1,"MED MED MED",NA
24,6,61.451573568861,23,0,0.499385709703055,"M",0,0.25,1,"MED MED MED",NA
24,7,222.260309925939,32,9,9.50074114925435,"M",0,0.25,1,"MED MED MED",NA
24,8,126.042155421305,25,2,2.49904925810654,"M",0,0.25,1,"MED MED MED",NA
24,9,95.8675874696449,24,1,1.49991524525188,"M",0,0.25,1,"MED MED MED",NA
24,10,60.8834470288521,23,0,0.497483741208479,"M",0,0.25,1,"MED MED MED",NA
24,11,96.9794689501973,24,1,1.50088337917321,"M",0,0.25,1,"MED MED MED",NA
24,12,100.22851600795,24,1,1.49992607400887,"M",0,0.25,1,"MED MED MED",NA
25,1,122.585370847445,26,2,2.49915835854714,"M",0,0.25,1,"MED MED MED",NA
25,2,92.9146543271344,25,1,1.49915601854524,"M",0,0.25,1,"MED MED MED",NA
25,3,87.7505358727254,25,1,1.50226177282321,"M",0,0.25,1,"MED MED MED",NA
25,4,63.9131373539899,24,0,0.499417093043253,"M",0,0.25,1,"MED MED MED",NA
25,5,203.678231179603,34,10,10.5009715988214,"M",0,0.25,1,"MED MED MED",NA
25,6,62.4988498702551,24,0,0.499311814039043,"M",0,0.25,1,"MED MED MED",NA
25,7,60.4747134999743,24,0,0.499293274817698,"M",0,0.25,1,"MED MED MED",NA
25,8,171.192898277106,29,5,5.5013954648199,"M",0,0.25,1,"MED MED MED",NA
25,9,60.767829419279,24,0,0.498736962876693,"M",0,0.25,1,"MED MED MED",NA
25,10,168.752502264519,27,3,3.4990767460286,"M",0,0.25,1,"MED MED MED",NA
25,11,61.03197400253,24,0,0.497956826787137,"M",0,0.25,1,"MED MED MED",NA
25,12,190.172845027715,35,11,11.5010008629019,"M",0,0.25,1,"MED MED MED",NA
25,13,119.090047089633,26,2,2.49870829895599,"M",0,0.25,1,"MED MED MED",NA
26,1,156.150687418316,28,3,3.4989544220807,"M",0,0.25,1,"MED MED MED",NA
26,2,63.4541736861699,25,0,0.499796418161204,"M",0,0.25,1,"MED MED MED",NA
26,3,177.092490322288,30,5,5.4999726713279,"M",0,0.25,1,"MED MED MED",NA
26,4,128.738917734771,27,2,2.50175634121977,"M",0,0.25,1,"MED MED MED",NA
26,5,226.430703289599,34,9,9.501063276802,"M",0,0.25,1,"MED MED MED",NA
26,6,62.5947453642032,25,0,0.502398700443655,"M",0,0.25,1,"MED MED MED",NA
26,7,193.033370303074,35,10,10.5009336370968,"M",0,0.25,1,"MED MED MED",NA
26,8,176.478266303561,29,4,4.49880771029979,"M",0,0.25,1,"MED MED MED",NA
26,9,61.9102468822198,25,0,0.501282202982915,"M",0,0.25,1,"MED MED MED",NA
26,10,133.364629196233,27,2,2.50040230000877,"M",0,0.25,1,"MED MED MED",NA
26,11,64.1937867711953,25,0,0.500281803261161,"M",0,0.25,1,"MED MED MED",NA
26,12,117.797126856035,27,2,2.49849790181026,"M",0,0.25,1,"MED MED MED",NA
27,1,207.237536927261,35,9,9.50085945783911,"M",0,0.25,1,"MED MED MED",NA
27,2,126.292791941531,28,2,2.50190817848928,"M",0,0.25,1,"MED MED MED",NA
27,3,155.268538707791,29,3,3.50102252682094,"M",0,0.25,1,"MED MED MED",NA
27,4,93.5573764984378,27,1,1.49929790984044,"M",0,0.25,1,"MED MED MED",NA
27,5,134.376122212105,29,3,3.4999584882589,"M",0,0.25,1,"MED MED MED",NA
27,6,100.548977001599,27,1,1.50064109404611,"M",0,0.25,1,"MED MED MED",NA
27,7,164.939558056887,30,4,4.49970135190558,"M",0,0.25,1,"MED MED MED",NA
27,8,94.1165260264814,27,1,1.50172345251529,"M",0,0.25,1,"MED MED MED",NA
27,9,190.905716663411,38,12,12.4992040513004,"M",0,0.25,1,"MED MED MED",NA
27,10,262.898203911828,37,11,11.4986700498632,"M",0,0.25,1,"MED MED MED",NA
27,11,62.6116508094407,26,0,0.49943621155517,"M",0,0.25,1,"MED MED MED",NA
28,1,98.0621636523647,28,1,1.49873525427126,"M",0,0.25,1,"MED MED MED",NA
28,2,60.5022620050698,27,0,0.50095366013448,"M",0,0.25,1,"MED MED MED",NA
28,3,160.531550905927,32,5,5.50009841186941,"M",0,0.25,1,"MED MED MED",NA
28,4,64.493963819248,27,0,0.501202833658651,"M",0,0.25,1,"MED MED MED",NA
28,5,180.341893203439,33,6,6.50063156824809,"M",0,0.25,1,"MED MED MED",NA
28,6,183.466198963276,32,5,5.49955281035524,"M",0,0.25,1,"MED MED MED",NA
28,7,135.758641380386,30,3,3.5006880539588,"M",0,0.25,1,"MED MED MED",NA
28,8,125.211091555187,29,2,2.49956622246989,"M",0,0.25,1,"MED MED MED",NA
28,9,101.678630077999,28,1,1.4994297097047,"M",0,0.25,1,"MED MED MED",NA
28,10,131.382787393498,29,2,2.50112255796709,"M",0,0.25,1,"MED MED MED",NA
28,11,62.771733777224,27,0,0.498655274428811,"M",0,0.25,1,"MED MED MED",NA
28,12,203.334613688422,33,6,6.49763567988561,"M",0,0.25,1,"MED MED MED",NA
28,13,91.2767393579265,28,1,1.50035792921226,"M",0,0.25,1,"MED MED MED",NA
29,1,219.363947393601,38,10,10.5010768347234,"M",0,0.25,1,"MED MED MED",NA
29,2,152.815526016057,31,3,3.49885130719361,"M",0,0.25,1,"MED MED MED",NA
29,3,128.981802443833,30,2,2.49968098800772,"M",0,0.25,1,"MED MED MED",NA
29,4,60.9870926666681,28,0,0.498680183048533,"M",0,0.25,1,"MED MED MED",NA
29,5,191.16628340694,32,4,4.49758576668598,"M",0,0.25,1,"MED MED MED",NA
29,6,129.953639553676,30,2,2.49867671365275,"M",0,0.25,1,"MED MED MED",NA
29,7,128.596678038169,30,2,2.50121337011366,"M",0,0.25,1,"MED MED MED",NA
29,8,214.414426682546,36,8,8.4998733668548,"M",0,0.25,1,"MED MED MED",NA
29,9,187.50972493442,34,6,6.50124177882417,"M",0,0.25,1,"MED MED MED",NA
29,10,173.221216723835,32,4,4.49938869774563,"M",0,0.25,1,"MED MED MED",NA
29,11,207.795816792171,34,6,6.50162324283531,"M",0,0.25,1,"MED MED MED",NA
29,12,178.709782036106,37,9,9.49967688800754,"M",0,0.25,1,"MED MED MED",NA
29,13,102.073973619181,29,1,1.49954540470812,"M",0,0.25,1,"MED MED MED",NA
29,14,94.1660496964053,29,1,1.49951281250469,"M",0,0.25,1,"MED MED MED",NA
30,1,172.417197220311,41,12,12.4987623823851,"M",0,0.25,1,"MED MED MED",NA
30,2,150.956156195391,33,4,4.4985251914081,"M",0,0.25,1,"MED MED MED",NA
30,3,123.809046313624,31,2,2.50147135974243,"M",0,0.25,1,"MED MED MED",NA
30,4,100.065783418269,30,1,1.50045830851176,"M",0,0.25,1,"MED MED MED",NA
30,5,95.6775995338422,30,1,1.49900755207178,"M",0,0.25,1,"MED MED MED",NA
30,6,174.489666164713,34,5,5.49881883067229,"M",0,0.25,1,"MED MED MED",NA
30,7,208.568592451834,39,10,10.4976242340225,"M",0,0.25,1,"MED MED MED",NA
30,8,188.568089224352,34,5,5.50016968018093,"M",0,0.25,1,"MED MED MED",NA
30,9,63.4596016929153,29,0,0.500042901743347,"M",0,0.25,1,"MED MED MED",NA
30,10,153.599888112989,33,4,4.49865549253386,"M",0,0.25,1,"MED MED MED",NA
30,11,125.375998420724,31,2,2.50041543951073,"M",0,0.25,1,"MED MED MED",NA
31,1,63.1486256253384,30,0,0.500270714840367,"M",0,0.25,1,"MED MED MED",NA
31,2,63.3776893368265,30,0,0.499639788477511,"M",0,0.25,1,"MED MED MED",NA
31,3,61.8978495366893,30,0,0.499419277860436,"M",0,0.25,1,"MED MED MED",NA
31,4,173.30166284534,35,5,5.49989625625994,"M",0,0.25,1,"MED MED MED",NA
31,5,100.744043523649,31,1,1.49988899362897,"M",0,0.25,1,"MED MED MED",NA
31,6,191.249098438724,37,7,7.5001845931425,"M",0,0.25,1,"MED MED MED",NA
31,7,171.194151789972,41,11,11.5003999239987,"M",0,0.25,1,"MED MED MED",NA
31,8,134.68084284539,32,2,2.49855083352365,"M",0,0.25,1,"MED MED MED",NA
31,9,193.751227270105,40,10,10.4987541936583,"M",0,0.25,1,"MED MED MED",NA
31,10,135.90915989716,32,2,2.50033830750349,"M",0,0.25,1,"MED MED MED",NA
31,11,123.208299533829,32,2,2.50077814416308,"M",0,0.25,1,"MED MED MED",NA
31,12,64.2814975923516,30,0,0.500983291769803,"M",0,0.25,1,"MED MED MED",NA
31,13,61.743346723411,30,0,0.500313343527829,"M",0,0.25,1,"MED MED MED",NA
32,1,62.3549427193999,31,0,0.500564248479675,"M",0,0.25,1,"MED MED MED",NA
32,2,139.527420006347,34,3,3.50046263159835,"M",0,0.25,1,"MED MED MED",NA
32,3,172.40376009118,35,4,4.50055871652539,"M",0,0.25,1,"MED MED MED",NA
32,4,96.8523169562203,32,1,1.50130299936502,"M",0,0.25,1,"MED MED MED",NA
32,5,98.7817664804105,32,1,1.49973952692054,"M",0,0.25,1,"MED MED MED",NA
32,6,101.75980439484,32,1,1.49893482189748,"M",0,0.25,1,"MED MED MED",NA
32,7,166.099009123179,40,9,9.49846639835083,"M",0,0.25,1,"MED MED MED",NA
32,8,151.546192626359,34,3,3.49827159587482,"M",0,0.25,1,"MED MED MED",NA
32,9,162.871462976036,35,4,4.49956404699511,"M",0,0.25,1,"MED MED MED",NA
33,1,125.542051618311,34,2,2.50117906051229,"M",0,0.25,1,"MED MED MED",NA
33,2,138.052112018031,34,2,2.50093536506864,"M",0,0.25,1,"MED MED MED",NA
33,3,60.9725846783691,32,0,0.500017540668457,"M",0,0.25,1,"MED MED MED",NA
33,4,94.0793932002634,33,1,1.50002718954432,"M",0,0.25,1,"MED MED MED",NA
33,5,185.337069054892,36,4,4.49976612114625,"M",0,0.25,1,"MED MED MED",NA
33,6,63.2307953383211,32,0,0.498630986069866,"M",0,0.25,1,"MED MED MED",NA
33,7,98.6751216655531,33,1,1.50042830113062,"M",0,0.25,1,"MED MED MED",NA
33,8,185.490222144664,37,5,5.49863112471638,"M",0,0.25,1,"MED MED MED",NA
33,9,63.404452601849,32,0,0.500375425519983,"M",0,0.25,1,"MED MED MED",NA
33,10,177.8700968524,40,8,8.50030356194496,"M",0,0.25,1,"MED MED MED",NA
34,1,149.650365074021,36,3,3.50215099809847,"M",0,0.25,1,"MED MED MED",NA
34,2,101.161406399876,34,1,1.5009327499322,"M",0,0.25,1,"MED MED MED",NA
34,3,202.093549527955,39,6,6.50007320061248,"M",0,0.25,1,"MED MED MED",NA
34,4,64.7793382420311,33,0,0.499777523118662,"M",0,0.25,1,"MED MED MED",NA
34,5,61.5461803872801,33,0,0.501931722015748,"M",0,0.25,1,"MED MED MED",NA
34,6,197.883322535565,39,6,6.50156151804984,"M",0,0.25,1,"MED MED MED",NA
34,7,150.052380099604,36,3,3.5010759930514,"M",0,0.25,1,"MED MED MED",NA
34,8,163.826664059751,37,4,4.4998188943277,"M",0,0.25,1,"MED MED MED",NA
34,9,151.778424711491,36,3,3.49969227306751,"M",0,0.25,1,"MED MED MED",NA
34,10,63.5183042676019,33,0,0.499599007532585,"M",0,0.25,1,"MED MED MED",NA
34,11,208.819989563976,40,7,7.50107662156873,"M",0,0.25,1,"MED MED MED",NA
34,12,96.0882723885298,34,1,1.50076903027879,"M",0,0.25,1,"MED MED MED",NA
34,13,65.434707128798,33,0,0.500903591319282,"M",0,0.25,1,"MED MED MED",NA
34,14,93.9722996922635,34,1,1.49920437648601,"M",0,0.25,1,"MED MED MED",NA
35,1,61.4852013212488,34,0,0.501497580703002,"M",0,0.25,1,"MED MED MED",NA
35,2,100.381613650067,35,1,1.50172619300209,"M",0,0.25,1,"MED MED MED",NA
35,3,120.695295940848,36,2,2.49999236063825,"M",0,0.25,1,"MED MED MED",NA
35,4,192.693404368368,42,8,8.49965869286172,"M",0,0.25,1,"MED MED MED",NA
35,5,202.873172016109,43,9,9.50083012972888,"M",0,0.25,1,"MED MED MED",NA
35,6,238.499260041262,45,11,11.5005711847105,"M",0,0.25,1,"MED MED MED",NA
35,7,214.615329979271,42,8,8.50030982992071,"M",0,0.25,1,"MED MED MED",NA
35,8,173.285447928045,39,5,5.49956571625318,"M",0,0.25,1,"MED MED MED",NA
35,9,65.452454571165,34,0,0.500447293579021,"M",0,0.25,1,"MED MED MED",NA
35,10,96.4107374041624,35,1,1.49970524815299,"M",0,0.25,1,"MED MED MED",NA
35,11,118.190337704613,36,2,2.50066574578072,"M",0,0.25,1,"MED MED MED",NA
36,1,99.1932560186028,36,1,1.49975322051238,"M",0,0.25,1,"MED MED MED",NA
36,2,247.113901870945,44,9,9.49936028462628,"M",0,0.25,1,"MED MED MED",NA
36,3,213.801627423323,42,7,7.50122761968095,"M",0,0.25,1,"MED MED MED",NA
36,4,120.393499917616,37,2,2.50062287853497,"M",0,0.25,1,"MED MED MED",NA
36,5,118.290650554968,37,2,2.50042503502198,"M",0,0.25,1,"MED MED MED",NA
36,6,143.17023020336,39,4,4.50091868771955,"M",0,0.25,1,"MED MED MED",NA
36,7,165.70465141383,39,4,4.49885854619794,"M",0,0.25,1,"MED MED MED",NA
36,8,173.157623187696,41,6,6.50092804034786,"M",0,0.25,1,"MED MED MED",NA
36,9,216.151267143271,49,14,14.5018075764639,"M",0,0.25,1,"MED MED MED",NA
36,10,168.610695951206,47,12,12.5010261579649,"M",0,0.25,1,"MED MED MED",NA
36,11,65.5112454545404,35,0,0.500703289303256,"M",0,0.25,1,"MED MED MED",NA
37,1,168.133612407843,41,5,5.50043698008311,"M",0,0.25,1,"MED MED MED",NA
37,2,119.700932624698,38,2,2.49984171898129,"M",0,0.25,1,"MED MED MED",NA
37,3,99.8491531662005,37,1,1.50112130569686,"M",0,0.25,1,"MED MED MED",NA
37,4,96.7232646896497,37,1,1.50081322240335,"M",0,0.25,1,"MED MED MED",NA
37,5,119.267736555721,38,2,2.49878173533297,"M",0,0.25,1,"MED MED MED",NA
37,6,116.617160617886,38,2,2.50113128566158,"M",0,0.25,1,"MED MED MED",NA
37,7,212.224732442879,49,13,13.5017775912559,"M",0,0.25,1,"MED MED MED",NA
37,8,236.495061810783,46,10,10.5029385124854,"M",0,0.25,1,"MED MED MED",NA
37,9,64.9412475411528,36,0,0.500596898414484,"M",0,0.25,1,"MED MED MED",NA
37,10,182.000085885164,40,4,4.49989116315011,"M",0,0.25,1,"MED MED MED",NA
37,11,64.7111169882636,36,0,0.5001307605201,"M",0,0.25,1,"MED MED MED",NA
37,12,217.387344884387,42,6,6.49998830248528,"M",0,0.25,1,"MED MED MED",NA
37,13,174.926372174619,41,5,5.50062978668348,"M",0,0.25,1,"MED MED MED",NA
37,14,95.9049560648297,37,1,1.49934743547071,"M",0,0.25,1,"MED MED MED",NA
38,1,165.162936277228,44,7,7.49967509895705,"M",0,0.25,1,"MED MED MED",NA
38,2,138.72799810694,39,2,2.50051869395661,"M",0,0.25,1,"MED MED MED",NA
38,3,189.601091617517,43,6,6.50210729098006,"M",0,0.25,1,"MED MED MED",NA
38,4,97.2336069757671,38,1,1.50121926297817,"M",0,0.25,1,"MED MED MED",NA
38,5,156.709027830202,41,4,4.50081785107279,"M",0,0.25,1,"MED MED MED",NA
38,6,145.177041673564,40,3,3.50012814028204,"M",0,0.25,1,"MED MED MED",NA
38,7,138.005923417223,40,3,3.49991340749937,"M",0,0.25,1,"MED MED MED",NA
38,8,208.236311341465,45,8,8.49885449472539,"M",0,0.25,1,"MED MED MED",NA
38,9,98.7369029860514,38,1,1.49951803728281,"M",0,0.25,1,"MED MED MED",NA
38,10,179.772161208528,41,4,4.49980040090419,"M",0,0.25,1,"MED MED MED",NA
38,11,99.5474688674536,38,1,1.50039400322627,"M",0,0.25,1,"MED MED MED",NA
39,1,189.127943248545,51,13,13.5023302440199,"FISHED",0.247695050342008,0.25,1,"MED MED MED",NA
39,2,216.977131445286,47,9,9.50080572162294,"M",0,0.25,1,"MED MED MED",NA
39,3,61.5340808804951,38,0,0.497956486242716,"M",0,0.25,1,"MED MED MED",NA
39,4,62.8871651956563,38,0,0.498671714513418,"M",0,0.25,1,"MED MED MED",NA
39,5,162.444146615954,42,4,4.50035524864372,"M",0,0.25,1,"MED MED MED",NA
39,6,177.068657603873,47,9,9.50045636580985,"M",0,0.25,1,"MED MED MED",NA
39,7,99.8917360116263,39,1,1.49835775458843,"M",0,0.25,1,"MED MED MED",NA
39,8,133.678867553298,40,2,2.50058415890873,"M",0,0.25,1,"MED MED MED",NA
39,9,144.681458751732,41,3,3.49932328363936,"M",0,0.25,1,"MED MED MED",NA
39,10,61.5730661826707,38,0,0.498479180056339,"M",0,0.25,1,"MED MED MED",NA
39,11,131.491403117107,40,2,2.50051685495606,"M",0,0.25,1,"MED MED MED",NA
39,12,100.059156611468,39,1,1.49970110446717,"M",0,0.25,1,"MED MED MED",NA
39,13,123.418999085539,40,2,2.49968994296265,"M",0,0.25,1,"MED MED MED",NA
40,1,193.840718045923,47,8,8.50019597959108,"M",0,0.25,1,"MED MED MED",NA
40,2,142.448506255043,42,3,3.50165879352405,"M",0,0.25,1,"MED MED MED",NA
40,3,60.7869712028938,39,0,0.500036123081127,"M",0,0.25,1,"MED MED MED",NA
40,4,160.470326086262,43,4,4.50090851651828,"M",0,0.25,1,"MED MED MED",NA
40,5,127.789824111024,41,2,2.49919184508826,"M",0,0.25,1,"MED MED MED",NA
40,6,183.321677623862,44,5,5.49998687361252,"M",0,0.25,1,"MED MED MED",NA
40,7,188.521196069966,46,7,7.501358373455,"M",0,0.25,1,"MED MED MED",NA
40,8,270.655675308236,49,10,10.5007900796166,"M",0,0.25,1,"MED MED MED",NA
40,9,61.3151245049246,39,0,0.500950084331536,"M",0,0.25,1,"MED MED MED",NA
40,10,62.5329597698568,39,0,0.498742552333167,"M",0,0.25,1,"MED MED MED",NA
40,11,164.68859563135,49,10,10.5010546143872,"M",0,0.25,1,"MED MED MED",NA
41,1,156.994777859711,44,4,4.50029593749441,"M",0,0.25,1,"MED MED MED",NA
41,2,139.703672433643,42,2,2.49933695429827,"M",0,0.25,1,"MED MED MED",NA
41,3,171.19285987684,44,4,4.50142611160715,"M",0,0.25,1,"MED MED MED",NA
41,4,176.836014469655,47,7,7.49935626964334,"M",0,0.25,1,"MED MED MED",NA
41,5,64.0916026427409,40,0,0.500682262341072,"M",0,0.25,1,"MED MED MED",NA
41,6,61.5987793010864,40,0,0.498989985041635,"M",0,0.25,1,"MED MED MED",NA
41,7,171.28055979641,46,6,6.50162707574174,"M",0,0.25,1,"MED MED MED",NA
41,8,193.35498233549,47,7,7.5002979166034,"M",0,0.25,1,"MED MED MED",NA
41,9,105.690176333767,41,1,1.50019691527923,"M",0,0.25,1,"MED MED MED",NA
41,10,62.5600524584424,40,0,0.500326578348213,"M",0,0.25,1,"MED MED MED",NA
41,11,244.983580456028,50,10,10.4986673883693,"M",0.243448715354316,0.25,1,"MED MED MED",NA
42,1,164.23660340511,45,4,4.49843481650171,"M",0,0.25,1,"MED MED MED",NA
42,2,65.5166901680948,41,0,0.500997904212632,"M",0,0.25,1,"MED MED MED",NA
42,3,220.640614504065,51,10,10.4998866687534,"FISHED",0.247695050342008,0.25,1,"MED MED MED",NA
42,4,197.318565938814,49,8,8.49973735182341,"M",0,0.25,1,"MED MED MED",NA
42,5,59.9714428240842,41,0,0.499188498120062,"M",0,0.25,1,"MED MED MED",NA
42,6,62.1138550115593,41,0,0.498957510984841,"M",0,0.25,1,"MED MED MED",NA
42,7,134.077929689909,43,2,2.50111797527244,"M",0,0.25,1,"MED MED MED",NA
42,8,95.9369742289938,42,1,1.50100722550726,"M",0,0.25,1,"MED MED MED",NA
42,9,159.309876837379,46,5,5.49990682411285,"M",0,0.25,1,"MED MED MED",NA
42,10,102.34414485441,42,1,1.50026621956294,"M",0,0.25,1,"MED MED MED",NA
42,11,62.2417185353991,41,0,0.499527344106773,"M",0,0.25,1,"MED MED MED",NA
42,12,188.863945109463,50,9,9.4988385170003,"M",0.243448715354316,0.25,1,"MED MED MED",NA
42,13,115.591903880019,43,2,2.50022391026106,"M",0,0.25,1,"MED MED MED",NA
43,1,169.854990125644,48,6,6.50047994854503,"M",0,0.25,1,"MED MED MED",NA
43,2,122.102437198096,44,2,2.49798612453102,"M",0,0.25,1,"MED MED MED",NA
43,3,99.8834931192456,43,1,1.50131999001329,"M",0,0.25,1,"MED MED MED",NA
43,4,184.546912638745,49,7,7.50034230468526,"M",0,0.25,1,"MED MED MED",NA
43,5,205.038256944687,47,5,5.50013709956044,"M",0,0.25,1,"MED MED MED",NA
43,6,64.6462351792561,42,0,0.499606765906663,"M",0,0.25,1,"MED MED MED",NA
43,7,122.260098103076,44,2,2.50168403457782,"M",0,0.25,1,"MED MED MED",NA
43,8,165.600951336748,49,7,7.49956079260409,"M",0,0.25,1,"MED MED MED",NA
43,9,206.551850266203,54,12,12.5008239400502,"FISHED",0.293571910820901,0.25,1,"MED MED MED",NA
43,10,151.860890456876,45,3,3.50080087537184,"M",0,0.25,1,"MED MED MED",NA
44,1,62.3090108497481,43,0,0.500393478153381,"M",0,0.25,1,"MED MED MED",NA
44,2,181.381831031616,48,5,5.5002778263374,"M",0,0.25,1,"MED MED MED",NA
44,3,153.53216947512,46,3,3.49983091894892,"M",0,0.25,1,"MED MED MED",NA
44,4,142.060430460666,46,3,3.49924565057024,"M",0,0.25,1,"MED MED MED",NA
44,5,160.09090784766,47,4,4.49901948506105,"M",0,0.25,1,"MED MED MED",NA
44,6,63.7304130251458,43,0,0.501494232642676,"M",0,0.25,1,"MED MED MED",NA
44,7,188.015483559642,48,5,5.50075398378347,"M",0,0.25,1,"MED MED MED",NA
44,8,63.4157633073597,43,0,0.500284572769397,"M",0,0.25,1,"MED MED MED",NA
44,9,173.087392828718,49,6,6.50119895892955,"M",0,0.25,1,"MED MED MED",NA
44,10,101.40312128914,44,1,1.50199428697069,"M",0,0.25,1,"MED MED MED",NA
44,11,63.4232667866243,43,0,0.499304559473976,"M",0,0.25,1,"MED MED MED",NA
44,12,237.956655668747,53,10,10.5018572966608,"M",0.261018991889432,0.25,1,"MED MED MED",NA
45,1,143.16149822822,47,3,3.49955400963828,"M",0,0.25,1,"MED MED MED",NA
45,2,166.679687745878,49,5,5.49935977960234,"M",0,0.25,1,"MED MED MED",NA
45,3,177.276875600813,48,4,4.49815946032375,"M",0,0.25,1,"MED MED MED",NA
45,4,173.340020269597,48,4,4.49881614640204,"M",0,0.25,1,"MED MED MED",NA
45,5,63.1718111844421,44,0,0.501126626281263,"M",0,0.25,1,"MED MED MED",NA
45,6,125.478097573115,46,2,2.5007282033005,"M",0,0.25,1,"MED MED MED",NA
45,7,136.645638368257,46,2,2.50247947136563,"M",0,0.25,1,"MED MED MED",NA
45,8,62.1557114141856,44,0,0.500931424701773,"M",0,0.25,1,"MED MED MED",NA
45,9,101.459042698764,45,1,1.4996063297718,"M",0,0.25,1,"MED MED MED",NA
45,10,96.1920714110884,45,1,1.49888178806373,"M",0,0.25,1,"MED MED MED",NA
45,11,128.069870895062,46,2,2.49772305397811,"M",0,0.25,1,"MED MED MED",NA
45,12,60.8746351446459,44,0,0.500788143656571,"M",0,0.25,1,"MED MED MED",NA
46,1,61.7842648154438,45,0,0.502386444320338,"M",0,0.25,1,"MED MED MED",NA
46,2,64.4549222431215,45,0,0.499868966146388,"M",0,0.25,1,"MED MED MED",NA
46,3,97.182919681116,46,1,1.49999332021068,"M",0,0.25,1,"MED MED MED",NA
46,4,144.254033264852,48,3,3.49883853602427,"M",0,0.25,1,"MED MED MED",NA
46,5,180.349060322035,51,6,6.50125419216368,"FISHED",0.247695050342008,0.25,1,"MED MED MED",NA
46,6,101.579631993028,46,1,1.50062716990379,"M",0,0.25,1,"MED MED MED",NA
46,7,124.27089619428,47,2,2.499671587428,"M",0,0.25,1,"MED MED MED",NA
46,8,102.221351598415,46,1,1.49906347408523,"M",0,0.25,1,"MED MED MED",NA
46,9,181.600708378309,50,5,5.49914754202328,"FISHED",0.243448715354316,0.25,1,"MED MED MED",NA
46,10,180.402539755055,50,5,5.49958397408581,"M",0.243448715354316,0.25,1,"MED MED MED",NA
46,11,119.378368875518,47,2,2.5004699308216,"M",0,0.25,1,"MED MED MED",NA
47,1,163.955117489522,50,4,4.50063862015922,"M",0.243448715354316,0.25,1,"MED MED MED",NA
47,2,160.820719032599,50,4,4.50049602635136,"M",0.243448715354316,0.25,1,"MED MED MED",NA
47,3,96.3195956778786,47,1,1.50030124768322,"M",0,0.25,1,"MED MED MED",NA
47,4,209.79473265286,52,6,6.49797745795552,"FISHED",0.290315815992653,0.25,1,"MED MED MED",NA
47,5,65.2062043677481,46,0,0.498579598919849,"M",0,0.25,1,"MED MED MED",NA
47,6,63.3260794259654,46,0,0.500963298344622,"M",0,0.25,1,"MED MED MED",NA
47,7,192.756865906231,51,5,5.50138528190444,"FISHED",0.247695050342008,0.25,1,"MED MED MED",NA
47,8,62.5615785653145,46,0,0.500352201760206,"M",0,0.25,1,"MED MED MED",NA
47,9,147.876598401884,49,3,3.50052694276228,"M",0,0.25,1,"MED MED MED",NA
47,10,218.432262749578,55,9,9.50168621781642,"FISHED",0.282464969460852,0.25,1,"MED MED MED",NA
47,11,152.046239445643,50,4,4.49958296317096,"M",0.243448715354316,0.25,1,"MED MED MED",NA
47,12,216.063029529761,53,7,7.49999725362089,"FISHED",0.261018991889432,0.25,1,"MED MED MED",NA
47,13,120.951176449442,48,2,2.49991670821033,"M",0,0.25,1,"MED MED MED",NA
48,1,64.0032996664652,47,0,0.500510537246439,"M",0,0.25,1,"MED MED MED",NA
48,2,126.10606277911,49,2,2.49953257075625,"M",0,0.25,1,"MED MED MED",NA
48,3,62.9217334460774,47,0,0.501082815632433,"M",0,0.25,1,"MED MED MED",NA
48,4,97.173816262477,48,1,1.49691596878524,"M",0,0.25,1,"MED MED MED",NA
48,5,160.37262785826,50,3,3.50170031944207,"M",0.243448715354316,0.25,1,"MED MED MED",NA
48,6,133.143438574045,49,2,2.50000449933033,"M",0,0.25,1,"MED MED MED",NA
48,7,121.831369544991,49,2,2.50189162611726,"M",0,0.25,1,"MED MED MED",NA
48,8,101.046283110474,48,1,1.50052422754861,"M",0,0.25,1,"MED MED MED",NA
48,9,153.907909673351,51,4,4.49977431391308,"FISHED",0.247695050342008,0.25,1,"MED MED MED",NA
48,10,179.215488056915,52,5,5.50047145918598,"M",0.290315815992653,0.25,1,"MED MED MED",NA
48,11,132.67001552758,49,2,2.49965970832653,"M",0,0.25,1,"MED MED MED",NA
48,12,163.427604438646,51,4,4.50099888440355,"FISHED",0.247695050342008,0.25,1,"MED MED MED",NA
48,13,125.272860138217,49,2,2.49932820083392,"M",0,0.25,1,"MED MED MED",NA
49,1,99.7233201614546,49,1,1.50190995411285,"M",0,0.25,1,"MED MED MED",NA
49,2,59.8004359432791,48,0,0.499665361077347,"M",0,0.25,1,"MED MED MED",NA
49,3,64.1720398380047,48,0,0.499648604052642,"M",0,0.25,1,"MED MED MED",NA
49,4,65.3468657162404,48,0,0.501229150455237,"M",0,0.25,1,"MED MED MED",NA
49,5,186.467014468118,55,7,7.49948736682023,"FISHED",0.282464969460852,0.25,1,"MED MED MED",NA
49,6,203.693136386414,59,11,11.5000101137722,"M",0.250868515740149,0.25,1,"MED MED MED",NA
49,7,95.5071797608446,49,1,1.50127533408299,"M",0,0.25,1,"MED MED MED",NA
49,8,204.822146652204,54,6,6.50115790201398,"M",0.293571910820901,0.25,1,"MED MED MED",NA
49,9,95.4832312788509,49,1,1.50077670753243,"M",0,0.25,1,"MED MED MED",NA
49,10,125.386929032863,50,2,2.49912068755787,"FISHED",0.243448715354316,0.25,1,"MED MED MED",NA
49,11,62.6669142760012,48,0,0.500132386774823,"M",0,0.25,1,"MED MED MED",NA
49,12,158.127769769883,51,3,3.49992755877812,"FISHED",0.247695050342008,0.25,1,"MED MED MED",NA
50,1,96.4809999553197,50,1,1.49847133775133,"M",0.243448715354316,0.25,1,"MED MED MED",NA
50,2,98.192018541978,50,1,1.49969881174754,"M",0.243448715354316,0.25,1,"MED MED MED",NA
50,3,98.7906970078647,50,1,1.49919697177675,"FISHED",0.243448715354316,0.25,1,"MED MED MED",NA
50,4,63.8272457554386,49,0,0.499563697777926,"M",0,0.25,1,"MED MED MED",NA
50,5,147.774703929524,54,5,5.50079659068359,"FISHED",0.293571910820901,0.25,1,"MED MED MED",NA
50,6,64.1084101152819,49,0,0.499339254194454,"M",0,0.25,1,"MED MED MED",NA
50,7,200.581562044177,54,5,5.4998681591191,"M",0.293571910820901,0.25,1,"MED MED MED",NA
50,8,64.3003773064738,49,0,0.499482361815263,"M",0,0.25,1,"MED MED MED",NA
50,9,156.120141998684,52,3,3.50069340598188,"M",0.290315815992653,0.25,1,"MED MED MED",NA
50,10,97.7913729307021,50,1,1.50172674155291,"M",0.243448715354316,0.25,1,"MED MED MED",NA
50,11,98.2710132447241,50,1,1.49800281022324,"M",0.243448715354316,0.25,1,"MED MED MED",NA
51,1,102.403181344914,51,1,1.5003642555389,"FISHED",0.247695050342008,0.25,1,"MED MED MED",NA
51,2,125.494313290853,52,2,2.50047966740994,"FISHED",0.290315815992653,0.25,1,"MED MED MED",NA
51,3,175.131941449999,56,6,6.49916452741129,"M",0.226353919878602,0.25,1,"MED MED MED",NA
51,4,103.955423013962,51,1,1.50156369034544,"M",0.247695050342008,0.25,1,"MED MED MED",NA
51,5,137.575301874152,53,3,3.4997877070043,"M",0.261018991889432,0.25,1,"MED MED MED",NA
51,6,63.7828904045904,50,0,0.497981970191673,"FISHED",0.243448715354316,0.25,1,"MED MED MED",NA
51,7,61.8176704087407,50,0,0.499631515865063,"M",0.243448715354316,0.25,1,"MED MED MED",NA
51,8,102.027533493925,51,1,1.49950219206515,"M",0.247695050342008,0.25,1,"MED MED MED",NA
51,9,93.7686831967894,51,1,1.50062545387902,"M",0.247695050342008,0.25,1,"MED MED MED",NA
51,10,210.204257123107,58,8,8.50048359405373,"M",0.281175266439095,0.25,1,"MED MED MED",NA
51,11,127.519718994373,52,2,2.50138903047412,"FISHED",0.290315815992653,0.25,1,"MED MED MED",NA
51,12,126.151212636688,52,2,2.49985534308185,"M",0.290315815992653,0.25,1,"MED MED MED",NA
52,1,203.374212880643,62,11,11.498712128196,"FISHED",0.28351177314762,0.25,1,"MED MED MED",NA
52,2,101.311783048295,52,1,1.49989229230677,"FISHED",0.290315815992653,0.25,1,"MED MED MED",NA
52,3,62.3118775884519,51,0,0.498450756650879,"FISHED",0.247695050342008,0.25,1,"MED MED MED",NA
52,4,154.525385771127,54,3,3.50078491218829,"M",0.293571910820901,0.25,1,"MED MED MED",NA
52,5,131.16038541978,53,2,2.49959663866093,"FISHED",0.261018991889432,0.25,1,"MED MED MED",NA
52,6,161.26062294677,56,5,5.50068678654634,"M",0.226353919878602,0.25,1,"MED MED MED",NA
52,7,102.421086413572,52,1,1.49961709848083,"FISHED",0.290315815992653,0.25,1,"MED MED MED",NA
52,8,212.796222633284,57,6,6.49930933799359,"M",0.213753374689259,0.25,1,"MED MED MED",NA
52,9,122.854716481458,53,2,2.50098877120524,"M",0.261018991889432,0.25,1,"MED MED MED",NA
52,10,153.921254552479,54,3,3.49892199284837,"FISHED",0.293571910820901,0.25,1,"MED MED MED",NA
52,11,64.6397121634226,51,0,0.501266798384334,"M",0.247695050342008,0.25,1,"MED MED MED",NA
52,12,122.228194223305,53,2,2.49903814702099,"M",0.261018991889432,0.25,1,"MED MED MED",NA
53,1,64.2893907393482,52,0,0.50074651996161,"M",0.290315815992653,0.25,1,"MED MED MED",NA
53,2,163.601211178884,55,3,3.50127773819597,"FISHED",0.282464969460852,0.25,1,"MED MED MED",NA
53,3,97.2083772296432,53,1,1.50090190226294,"FISHED",0.261018991889432,0.25,1,"MED MED MED",NA
53,4,148.223961965528,55,3,3.50113276025409,"FISHED",0.282464969460852,0.25,1,"MED MED MED",NA
53,5,134.472466406147,54,2,2.50216472295897,"M",0.293571910820901,0.25,1,"MED MED MED",NA
53,6,104.039773355736,53,1,1.50089265222564,"M",0.261018991889432,0.25,1,"MED MED MED",NA
53,7,62.4710259439898,52,0,0.500766459051735,"M",0.290315815992653,0.25,1,"MED MED MED",NA
53,8,64.1746522806683,52,0,0.49869468668555,"M",0.290315815992653,0.25,1,"MED MED MED",NA
53,9,127.819106410063,54,2,2.49879785707851,"FISHED",0.293571910820901,0.25,1,"MED MED MED",NA
53,10,124.918897052148,54,2,2.5006404927174,"FISHED",0.293571910820901,0.25,1,"MED MED MED",NA
53,11,64.9521508905336,52,0,0.500258809202547,"FISHED",0.290315815992653,0.25,1,"MED MED MED",NA
54,1,188.353689606531,60,7,7.5015420145703,"M",0.285907678003423,0.25,1,"MED MED MED",NA
54,2,123.951721798064,55,2,2.50048930726445,"M",0.282464969460852,0.25,1,"MED MED MED",NA
54,3,66.877673559368,53,0,0.500981699911394,"M",0.261018991889432,0.25,1,"MED MED MED",NA
54,4,64.8990365608767,53,0,0.500123997934381,"FISHED",0.261018991889432,0.25,1,"MED MED MED",NA
54,5,95.4032185062642,54,1,1.50130579447038,"M",0.293571910820901,0.25,1,"MED MED MED",NA
54,6,92.8189292750618,54,1,1.5025149150527,"FISHED",0.293571910820901,0.25,1,"MED MED MED",NA
54,7,61.873860862094,53,0,0.502281158925665,"FISHED",0.261018991889432,0.25,1,"MED MED MED",NA
54,8,100.072743882162,54,1,1.50121005741091,"M",0.293571910820901,0.25,1,"MED MED MED",NA
54,9,60.0058533107016,53,0,0.50030442778872,"M",0.261018991889432,0.25,1,"MED MED MED",NA
54,10,61.3996052906323,53,0,0.500893172316326,"FISHED",0.261018991889432,0.25,1,"MED MED MED",NA
54,11,64.9282881261166,53,0,0.500546339823448,"FISHED",0.261018991889432,0.25,1,"MED MED MED",NA
55,1,63.6294628961091,54,0,0.499728353014689,"M",0.293571910820901,0.25,1,"MED MED MED",NA
55,2,64.4158058116177,54,0,0.498872434164729,"FISHED",0.293571910820901,0.25,1,"MED MED MED",NA
55,3,98.3788373843901,55,1,1.50021111303663,"FISHED",0.282464969460852,0.25,1,"MED MED MED",NA
55,4,96.6073486914042,55,1,1.49949130474556,"M",0.282464969460852,0.25,1,"MED MED MED",NA
55,5,60.2583904503568,54,0,0.499743126076801,"FISHED",0.293571910820901,0.25,1,"MED MED MED",NA
55,6,127.949881937423,56,2,2.5001550978702,"M",0.226353919878602,0.25,1,"MED MED MED",NA
55,7,105.072323193601,55,1,1.49916665322826,"M",0.282464969460852,0.25,1,"MED MED MED",NA
55,8,102.883024928193,55,1,1.50036518298619,"FISHED",0.282464969460852,0.25,1,"MED MED MED",NA
55,9,147.509382964486,57,3,3.50081357051728,"M",0.213753374689259,0.25,1,"MED MED MED",NA
55,10,61.8398694546046,54,0,0.500086700121423,"M",0.293571910820901,0.25,1,"MED MED MED",NA
55,11,61.6613504311712,54,0,0.499134060647911,"M",0.293571910820901,0.25,1,"MED MED MED",NA
55,12,101.420384792268,55,1,1.4983714720941,"FISHED",0.282464969460852,0.25,1,"MED MED MED",NA
55,13,64.319605924204,54,0,0.498073315922544,"FISHED",0.293571910820901,0.25,1,"MED MED MED",NA
55,14,59.2339264646979,54,0,0.499541847124109,"M",0.293571910820901,0.25,1,"MED MED MED",NA
56,1,63.349257790046,55,0,0.501276954068576,"M",0.282464969460852,0.25,1,"MED MED MED",NA
56,2,150.145381370937,58,3,3.49975692636614,"M",0.281175266439095,0.25,1,"MED MED MED",NA
56,3,61.7876036466988,55,0,0.500241835846123,"FISHED",0.282464969460852,0.25,1,"MED MED MED",NA
56,4,94.292943425431,56,1,1.50093192884097,"M",0.226353919878602,0.25,1,"MED MED MED",NA
56,5,60.0223509597046,55,0,0.499401875169513,"M",0.282464969460852,0.25,1,"MED MED MED",NA
56,6,63.2941089166434,55,0,0.500622457130898,"M",0.282464969460852,0.25,1,"MED MED MED",NA
56,7,226.465296705326,63,8,8.50024439425318,"M",0.254908456583507,0.25,1,"MED MED MED",NA
56,8,194.009241519378,61,6,6.49987254356535,"FISHED",0.278616255149245,0.25,1,"MED MED MED",NA
56,9,65.9212899173556,55,0,0.498434624156929,"FISHED",0.282464969460852,0.25,1,"MED MED MED",NA
56,10,149.075291771382,59,4,4.50154486822068,"FISHED",0.250868515740149,0.25,1,"MED MED MED",NA
56,11,61.694764055683,55,0,0.49948719843401,"FISHED",0.282464969460852,0.25,1,"MED MED MED",NA
56,12,170.014176877092,59,4,4.50025223153086,"FISHED",0.250868515740149,0.25,1,"MED MED MED",NA
56,13,61.4551695588063,55,0,0.499874412213383,"M",0.282464969460852,0.25,1,"MED MED MED",NA
57,1,63.2482913403969,56,0,0.500133935721395,"M",0.226353919878602,0.25,1,"MED MED MED",NA
57,2,64.0293451025515,56,0,0.499712349186443,"M",0.226353919878602,0.25,1,"MED MED MED",NA
57,3,62.526839616276,56,0,0.500612583615289,"M",0.226353919878602,0.25,1,"MED MED MED",NA
57,4,98.4597214377687,57,1,1.50103517198742,"M",0.213753374689259,0.25,1,"MED MED MED",NA
57,5,87.9938135768126,57,1,1.50044471562452,"M",0.213753374689259,0.25,1,"MED MED MED",NA
57,6,182.830709741412,61,5,5.49977037939983,"M",0.278616255149245,0.25,1,"MED MED MED",NA
57,7,175.589047400481,61,5,5.49861575003723,"M",0.278616255149245,0.25,1,"MED MED MED",NA
57,8,62.1436156607002,56,0,0.501738842049787,"FISHED",0.226353919878602,0.25,1,"MED MED MED",NA
57,9,176.253935614331,60,4,4.50116267947533,"M",0.285907678003423,0.25,1,"MED MED MED",NA
57,10,65.7205779534556,56,0,0.500418556451881,"M",0.226353919878602,0.25,1,"MED MED MED",NA
57,11,99.0806266796888,57,1,1.50036386092143,"M",0.213753374689259,0.25,1,"MED MED MED",NA
57,12,116.806891016165,58,2,2.49970417677368,"M",0.281175266439095,0.25,1,"MED MED MED",NA
58,1,97.3935601866564,58,1,1.49985926248844,"FISHED",0.281175266439095,0.25,1,"MED MED MED",NA
58,2,61.7511248581817,57,0,0.50076164304049,"FISHED",0.213753374689259,0.25,1,"MED MED MED",NA
58,3,96.7322425758869,58,1,1.49957381621692,"FISHED",0.281175266439095,0.25,1,"MED MED MED",NA
58,4,154.193976072227,60,3,3.49973499557768,"FISHED",0.285907678003423,0.25,1,"MED MED MED",NA
58,5,62.0516715524889,57,0,0.500692188536357,"M",0.213753374689259,0.25,1,"MED MED MED",NA
58,6,62.0227877297398,57,0,0.500568701408024,"M",0.213753374689259,0.25,1,"MED MED MED",NA
58,7,195.979055103535,64,7,7.50071488517389,"M",0.27809747136198,0.25,1,"MED MED MED",NA
58,8,62.1278760875334,57,0,0.499390200590103,"FISHED",0.213753374689259,0.25,1,"MED MED MED",NA
58,9,64.1254395833062,57,0,0.501437126708444,"FISHED",0.213753374689259,0.25,1,"MED MED MED",NA
59,1,151.319541485841,61,3,3.50079873890471,"FISHED",0.278616255149245,0.25,1,"MED MED MED",NA
59,2,63.24362152469,58,0,0.500682537693971,"M",0.281175266439095,0.25,1,"MED MED MED",NA
59,3,95.1969916652592,59,1,1.49927806397225,"FISHED",0.250868515740149,0.25,1,"MED MED MED",NA
59,4,97.7646648174249,59,1,1.50034287263427,"M",0.250868515740149,0.25,1,"MED MED MED",NA
59,5,91.9041091364167,59,1,1.49891928235955,"M",0.250868515740149,0.25,1,"MED MED MED",NA
59,6,63.0396959560118,58,0,0.499251199335825,"M",0.281175266439095,0.25,1,"MED MED MED",NA
59,7,63.6890802147825,58,0,0.498768424851709,"M",0.281175266439095,0.25,1,"MED MED MED",NA
59,8,64.5109187191305,58,0,0.49952764916447,"M",0.281175266439095,0.25,1,"MED MED MED",NA
59,9,253.021005379389,69,11,11.5001415015969,"M",0.280128001049161,0.25,1,"MED MED MED",NA
59,10,131.207401802602,60,2,2.50027431105451,"FISHED",0.285907678003423,0.25,1,"MED MED MED",NA
59,11,168.111490566627,63,5,5.50011497595534,"FISHED",0.254908456583507,0.25,1,"MED MED MED",NA
59,12,61.606925204284,58,0,0.499121292947763,"M",0.281175266439095,0.25,1,"MED MED MED",NA
60,1,97.7432699474254,60,1,1.5005291982746,"FISHED",0.285907678003423,0.25,1,"MED MED MED",NA
60,2,170.116436630435,64,5,5.49710383153173,"FISHED",0.27809747136198,0.25,1,"MED MED MED",NA
60,3,62.1718124384402,59,0,0.49829875224669,"FISHED",0.250868515740149,0.25,1,"MED MED MED",NA
60,4,103.464490621541,60,1,1.49969176175707,"M",0.285907678003423,0.25,1,"MED MED MED",NA
60,5,92.4819590482095,60,1,1.49804348139541,"M",0.285907678003423,0.25,1,"MED MED MED",NA
60,6,65.0221072283481,59,0,0.499476427317327,"M",0.250868515740149,0.25,1,"MED MED MED",NA
60,7,126.001073536685,61,2,2.50092262650674,"M",0.278616255149245,0.25,1,"MED MED MED",NA
60,8,63.1524696698804,59,0,0.499502811950989,"M",0.250868515740149,0.25,1,"MED MED MED",NA
60,9,103.368491736395,60,1,1.49945644085793,"FISHED",0.285907678003423,0.25,1,"MED MED MED",NA
60,10,121.654873221575,61,2,2.50166951699468,"M",0.278616255149245,0.25,1,"MED MED MED",NA
61,1,59.3616923318444,60,0,0.499059913046969,"FISHED",0.285907678003423,0.25,1,"MED MED MED",NA
61,2,62.0695308911288,60,0,0.498455960071533,"FISHED",0.285907678003423,0.25,1,"MED MED MED",NA
61,3,127.788024823862,62,2,2.50063725954901,"FISHED",0.28351177314762,0.25,1,"MED MED MED",NA
61,4,98.0341957492672,61,1,1.49974091152454,"FISHED",0.278616255149245,0.25,1,"MED MED MED",NA
61,5,94.6904466834068,61,1,1.49935116076458,"FISHED",0.278616255149245,0.25,1,"MED MED MED",NA
61,6,130.935372142757,62,2,2.50047041272333,"M",0.28351177314762,0.25,1,"MED MED MED",NA
61,7,137.004694181319,63,3,3.49907580213188,"M",0.254908456583507,0.25,1,"MED MED MED",NA
61,8,187.400390959842,64,4,4.50098389052134,"M",0.27809747136198,0.25,1,"MED MED MED",NA
61,9,140.429219146521,63,3,3.49965046660595,"M",0.254908456583507,0.25,1,"MED MED MED",NA
61,10,98.7325998583552,61,1,1.49898119325311,"FISHED",0.278616255149245,0.25,1,"MED MED MED",NA
61,11,63.923444912471,60,0,0.499790634324715,"FISHED",0.285907678003423,0.25,1,"MED MED MED",NA
61,12,153.544806703757,64,4,4.49898997091428,"FISHED",0.27809747136198,0.25,1,"MED MED MED",NA
62,1,120.866572748837,63,2,2.50026280211852,"M",0.254908456583507,0.25,1,"MED MED MED",NA
62,2,123.271342109895,63,2,2.49960244847556,"M",0.254908456583507,0.25,1,"MED MED MED",NA
62,3,63.1303527380458,61,0,0.500843696677197,"M",0.278616255149245,0.25,1,"MED MED MED",NA
62,4,63.5887418387118,61,0,0.500334483743344,"M",0.278616255149245,0.25,1,"MED MED MED",NA
62,5,125.781526670048,63,2,2.50055506480724,"FISHED",0.254908456583507,0.25,1,"MED MED MED",NA
62,6,152.473596341373,64,3,3.50013341533458,"M",0.27809747136198,0.25,1,"MED MED MED",NA
62,7,63.1452263057165,61,0,0.500951454431817,"FISHED",0.278616255149245,0.25,1,"MED MED MED",NA
62,8,99.9399805623909,62,1,1.49975341184274,"M",0.28351177314762,0.25,1,"MED MED MED",NA
62,9,101.074007164927,62,1,1.49907469313258,"FISHED",0.28351177314762,0.25,1,"MED MED MED",NA
62,10,65.5066070937002,61,0,0.500094637850454,"FISHED",0.278616255149245,0.25,1,"MED MED MED",NA
62,11,62.18864168114,61,0,0.502091071056608,"M",0.278616255149245,0.25,1,"MED MED MED",NA
63,1,97.0454978191884,63,1,1.50020019925069,"M",0.254908456583507,0.25,1,"MED MED MED",NA
63,2,116.953395624447,64,2,2.50123995499746,"FISHED",0.27809747136198,0.25,1,"MED MED MED",NA
63,3,61.1037460181844,62,0,0.500599611090481,"FISHED",0.28351177314762,0.25,1,"MED MED MED",NA
63,4,61.5745108610546,62,0,0.500587152744081,"M",0.28351177314762,0.25,1,"MED MED MED",NA
63,5,64.1823485803607,62,0,0.499919532514578,"M",0.28351177314762,0.25,1,"MED MED MED",NA
63,6,62.6563170607531,62,0,0.500472348196277,"FISHED",0.28351177314762,0.25,1,"MED MED MED",NA
63,7,63.9327732957255,62,0,0.500299500546005,"FISHED",0.28351177314762,0.25,1,"MED MED MED",NA
63,8,169.016421374679,66,4,4.50125470023395,"FISHED",0.29779978452716,0.25,1,"MED MED MED",NA
63,9,159.929851094772,66,4,4.50004165857276,"M",0.29779978452716,0.25,1,"MED MED MED",NA
63,10,62.6581011107118,62,0,0.501032596479118,"M",0.28351177314762,0.25,1,"MED MED MED",NA
63,11,97.0977620843522,63,1,1.50035780358438,"FISHED",0.254908456583507,0.25,1,"MED MED MED",NA
63,12,120.875201964768,64,2,2.49955739919577,"FISHED",0.27809747136198,0.25,1,"MED MED MED",NA
63,13,64.0559739868461,62,0,0.498912076508842,"FISHED",0.28351177314762,0.25,1,"MED MED MED",NA
63,14,183.390028288452,67,5,5.49866197501117,"FISHED",0.23761452070903,0.25,1,"MED MED MED",NA
64,1,63.2298551827678,63,0,0.499240204743845,"FISHED",0.254908456583507,0.25,1,"MED MED MED",NA
64,2,103.625612596557,64,1,1.49991775430904,"FISHED",0.27809747136198,0.25,1,"MED MED MED",NA
64,3,151.258365331869,67,4,4.49961809335409,"FISHED",0.23761452070903,0.25,1,"MED MED MED",NA
64,4,61.80553812273,63,0,0.50127689850271,"FISHED",0.254908456583507,0.25,1,"MED MED MED",NA
64,5,62.2454750582141,63,0,0.49884630213297,"M",0.254908456583507,0.25,1,"MED MED MED",NA
64,6,96.7793155264649,64,1,1.50035748801405,"M",0.27809747136198,0.25,1,"MED MED MED",NA
64,7,152.006127622675,68,5,5.50068047881494,"M",0.238710321369581,0.25,1,"MED MED MED",NA
64,8,96.0272874723582,64,1,1.50072542031042,"FISHED",0.27809747136198,0.25,1,"MED MED MED",NA
64,9,65.4799443388501,63,0,0.498160099538078,"M",0.254908456583507,0.25,1,"MED MED MED",NA
64,10,100.014706754782,64,1,1.49990497757766,"M",0.27809747136198,0.25,1,"MED MED MED",NA
64,11,61.3468026519202,63,0,0.499396928528072,"M",0.254908456583507,0.25,1,"MED MED MED",NA
64,12,94.1849933519397,64,1,1.50024325730895,"M",0.27809747136198,0.25,1,"MED MED MED",NA
65,1,100.519015333909,65,1,1.49944738645366,"FISHED",0.288258516858332,0.25,1,"MED MED MED",NA
65,2,63.2830659426449,64,0,0.498682753240904,"FISHED",0.27809747136198,0.25,1,"MED MED MED",NA
65,3,96.6223347219315,65,1,1.50104078220475,"FISHED",0.288258516858332,0.25,1,"MED MED MED",NA
65,4,127.481857654033,66,2,2.50030015668654,"M",0.29779978452716,0.25,1,"MED MED MED",NA
65,5,62.3750947244273,64,0,0.501689190717267,"M",0.27809747136198,0.25,1,"MED MED MED",NA
65,6,60.8971812055523,64,0,0.500054289636284,"FISHED",0.27809747136198,0.25,1,"MED MED MED",NA
65,7,98.4646395508717,65,1,1.49928600402303,"FISHED",0.288258516858332,0.25,1,"MED MED MED",NA
65,8,62.9109063559064,64,0,0.500452366931332,"FISHED",0.27809747136198,0.25,1,"MED MED MED",NA
65,9,63.4847049092044,64,0,0.501295712819381,"FISHED",0.27809747136198,0.25,1,"MED MED MED",NA
65,10,146.970431952084,67,3,3.49924267513839,"M",0.23761452070903,0.25,1,"MED MED MED",NA
66,1,106.350616128276,66,1,1.50020506451219,"M",0.29779978452716,0.25,1,"MED MED MED",NA
66,2,63.6566012055829,65,0,0.500289203035309,"M",0.288258516858332,0.25,1,"MED MED MED",NA
66,3,98.6839145848727,66,1,1.49864594745756,"FISHED",0.29779978452716,0.25,1,"MED MED MED",NA
66,4,62.0868492188713,65,0,0.499536062042054,"FISHED",0.288258516858332,0.25,1,"MED MED MED",NA
66,5,61.2215688136877,65,0,0.501450831206623,"M",0.288258516858332,0.25,1,"MED MED MED",NA
66,6,93.263400487227,66,1,1.4986470827136,"M",0.29779978452716,0.25,1,"MED MED MED",NA
66,7,62.4455506848816,65,0,0.500134430198968,"FISHED",0.288258516858332,0.25,1,"MED MED MED",NA
66,8,184.134028231326,71,6,6.50085890440333,"FISHED",0.281456482713111,0.25,1,"MED MED MED",NA
66,9,62.0633512080094,65,0,0.502106865789916,"FISHED",0.288258516858332,0.25,1,"MED MED MED",NA
66,10,185.13311938915,71,6,6.50055973172256,"FISHED",0.281456482713111,0.25,1,"MED MED MED",NA
66,11,144.553674752538,68,3,3.49894446667983,"M",0.238710321369581,0.25,1,"MED MED MED",NA
67,1,60.0578820615475,66,0,0.500786187116869,"FISHED",0.29779978452716,0.25,1,"MED MED MED",NA
67,2,91.3891792926673,67,1,1.49925760835036,"M",0.23761452070903,0.25,1,"MED MED MED",NA
67,3,131.92750205351,68,2,2.5006795955224,"M",0.238710321369581,0.25,1,"MED MED MED",NA
67,4,122.580039377332,68,2,2.50011629497767,"M",0.238710321369581,0.25,1,"MED MED MED",NA
67,5,147.739475619531,69,3,3.49949014959871,"FISHED",0.280128001049161,0.25,1,"MED MED MED",NA
67,6,128.596359435386,68,2,2.50232239052554,"FISHED",0.238710321369581,0.25,1,"MED MED MED",NA
67,7,157.322303511033,69,3,3.50017220681664,"FISHED",0.280128001049161,0.25,1,"MED MED MED",NA
67,8,62.3942268076694,66,0,0.500086121986223,"M",0.29779978452716,0.25,1,"MED MED MED",NA
67,9,179.058510956015,70,4,4.50176313023065,"FISHED",0.298997805151157,0.25,1,"MED MED MED",NA
67,10,62.6500090795214,66,0,0.499897893004648,"M",0.29779978452716,0.25,1,"MED MED MED",NA
67,11,174.855607633651,71,5,5.49922602265291,"M",0.281456482713111,0.25,1,"MED MED MED",NA
67,12,121.43260120343,68,2,2.49991350610719,"M",0.238710321369581,0.25,1,"MED MED MED",NA
68,1,62.2613026663811,67,0,0.499597975669024,"M",0.23761452070903,0.25,1,"MED MED MED",NA
68,2,123.61757002608,69,2,2.49950812898294,"FISHED",0.280128001049161,0.25,1,"MED MED MED",NA
68,3,61.7153934980369,67,0,0.50036951344031,"M",0.23761452070903,0.25,1,"MED MED MED",NA
68,4,61.7591232166908,67,0,0.499639998425744,"M",0.23761452070903,0.25,1,"MED MED MED",NA
68,5,125.060314017117,69,2,2.50073114597868,"FISHED",0.280128001049161,0.25,1,"MED MED MED",NA
68,6,101.376805288929,68,1,1.49959402556398,"M",0.238710321369581,0.25,1,"MED MED MED",NA
68,7,62.5390465750509,67,0,0.500591605922325,"M",0.23761452070903,0.25,1,"MED MED MED",NA
68,8,212.745373407492,72,5,5.50189677802868,"M",0.228242777124979,0.25,1,"MED MED MED",NA
68,9,64.314842285193,67,0,0.500660223361457,"FISHED",0.23761452070903,0.25,1,"MED MED MED",NA
68,10,98.6942969804046,68,1,1.50157860646244,"M",0.238710321369581,0.25,1,"MED MED MED",NA
68,11,62.7949127872726,67,0,0.501120085276359,"M",0.23761452070903,0.25,1,"MED MED MED",NA
68,12,91.5990494683554,68,1,1.50043959184838,"FISHED",0.238710321369581,0.25,1,"MED MED MED",NA
69,1,61.557785977059,68,0,0.500229515686854,"M",0.238710321369581,0.25,1,"MED MED MED",NA
69,2,63.0279149343329,68,0,0.500775826406345,"M",0.238710321369581,0.25,1,"MED MED MED",NA
69,3,61.6052463760926,68,0,0.499636059996641,"FISHED",0.238710321369581,0.25,1,"MED MED MED",NA
69,4,147.761792099406,72,4,4.49873902134148,"M",0.228242777124979,0.25,1,"MED MED MED",NA
69,5,213.74022672856,78,10,10.4994118417148,"FISHED",0.254062813031487,0.25,1,"MED MED MED",NA
69,6,61.3161457357819,68,0,0.501055229200023,"FISHED",0.238710321369581,0.25,1,"MED MED MED",NA
69,7,93.8201735885359,69,1,1.49964072496319,"FISHED",0.280128001049161,0.25,1,"MED MED MED",NA
69,8,97.4332329435062,69,1,1.4997000357774,"FISHED",0.280128001049161,0.25,1,"MED MED MED",NA
69,9,100.787625822195,69,1,1.50026272876959,"FISHED",0.280128001049161,0.25,1,"MED MED MED",NA
69,10,64.5774482566917,68,0,0.499707565360356,"FISHED",0.238710321369581,0.25,1,"MED MED MED",NA
70,1,102.194533522162,70,1,1.49982596767534,"FISHED",0.298997805151157,0.25,1,"MED MED MED",NA
70,2,167.112949887073,73,4,4.5019262608362,"M",0.230904772575013,0.25,1,"MED MED MED",NA
70,3,63.978908653038,69,0,0.499480481903472,"M",0.280128001049161,0.25,1,"MED MED MED",NA
70,4,62.8397398310853,69,0,0.499251570102674,"M",0.280128001049161,0.25,1,"MED MED MED",NA
70,5,123.564452600658,71,2,2.49955482397935,"M",0.281456482713111,0.25,1,"MED MED MED",NA
70,6,171.302193384405,75,6,6.49976567559977,"FISHED",0.278686185157858,0.25,1,"MED MED MED",NA
70,7,62.2436037927623,69,0,0.497471856127458,"FISHED",0.280128001049161,0.25,1,"MED MED MED",NA
70,8,98.8908331955071,70,1,1.50147615205057,"M",0.298997805151157,0.25,1,"MED MED MED",NA
70,9,94.8746531540802,70,1,1.4991890414435,"FISHED",0.298997805151157,0.25,1,"MED MED MED",NA
70,10,95.480326303424,70,1,1.50152393521572,"FISHED",0.298997805151157,0.25,1,"MED MED MED",NA
71,1,60.8205925034829,70,0,0.499222504843805,"FISHED",0.298997805151157,0.25,1,"MED MED MED",NA
71,2,214.513493333321,79,9,9.49900926299756,"FISHED",0.212744383350946,0.25,1,"MED MED MED",NA
71,3,62.6968230018499,70,0,0.499601837879108,"M",0.298997805151157,0.25,1,"MED MED MED",NA
71,4,61.4960299145497,70,0,0.50093436989116,"FISHED",0.298997805151157,0.25,1,"MED MED MED",NA
71,5,60.9492421501108,70,0,0.499774686241329,"FISHED",0.298997805151157,0.25,1,"MED MED MED",NA
71,6,98.1551341531567,71,1,1.50122144085601,"M",0.281456482713111,0.25,1,"MED MED MED",NA
71,7,128.113449543897,72,2,2.50072997676106,"FISHED",0.228242777124979,0.25,1,"MED MED MED",NA
71,8,157.230107312,73,3,3.50180617190081,"M",0.230904772575013,0.25,1,"MED MED MED",NA
71,9,122.001362913658,72,2,2.50107047882574,"M",0.228242777124979,0.25,1,"MED MED MED",NA
71,10,99.6168391029253,71,1,1.49846906505404,"M",0.281456482713111,0.25,1,"MED MED MED",NA
72,1,62.4024531740122,71,0,0.499389472892669,"M",0.281456482713111,0.25,1,"MED MED MED",NA
72,2,121.39792407913,73,2,2.49942552322079,"FISHED",0.230904772575013,0.25,1,"MED MED MED",NA
72,3,230.462667186183,78,7,7.5012074679677,"FISHED",0.254062813031487,0.25,1,"MED MED MED",NA
72,4,175.79624605646,76,5,5.4994215743812,"FISHED",0.218873015115969,0.25,1,"MED MED MED",NA
72,5,151.338469912003,74,3,3.50169627997973,"FISHED",0.290077529847622,0.25,1,"MED MED MED",NA
72,6,58.9598410565485,71,0,0.499410653588904,"FISHED",0.281456482713111,0.25,1,"MED MED MED",NA
72,7,152.975594676929,74,3,3.5005787361638,"M",0.290077529847622,0.25,1,"MED MED MED",NA
72,8,163.739812502019,75,4,4.50120522826612,"FISHED",0.278686185157858,0.25,1,"MED MED MED",NA
72,9,140.743802659254,73,2,2.49865783826423,"M",0.230904772575013,0.25,1,"MED MED MED",NA
72,10,127.391908859617,73,2,2.49954537425766,"M",0.230904772575013,0.25,1,"MED MED MED",NA
73,1,60.5954563423618,72,0,0.497369887145068,"FISHED",0.228242777124979,0.25,1,"MED MED MED",NA
73,2,63.979500469674,72,0,0.498275576359866,"M",0.228242777124979,0.25,1,"MED MED MED",NA
73,3,97.8115063479944,73,1,1.5004795331733,"M",0.230904772575013,0.25,1,"MED MED MED",NA
73,4,127.636847855006,74,2,2.50191283442531,"M",0.290077529847622,0.25,1,"MED MED MED",NA
73,5,60.8674202333236,72,0,0.500950303798416,"M",0.228242777124979,0.25,1,"MED MED MED",NA
73,6,95.5411820757018,73,1,1.50036039873747,"M",0.230904772575013,0.25,1,"MED MED MED",NA
73,7,153.112172310513,75,3,3.49983986512782,"M",0.278686185157858,0.25,1,"MED MED MED",NA
73,8,133.89266082207,74,2,2.50020493306934,"FISHED",0.290077529847622,0.25,1,"MED MED MED",NA
73,9,63.3708221222078,72,0,0.498454260724575,"FISHED",0.228242777124979,0.25,1,"MED MED MED",NA
73,10,96.3172265759833,73,1,1.4995497795201,"M",0.230904772575013,0.25,1,"MED MED MED",NA
73,11,199.822616820279,77,5,5.50120985762829,"M",0.289915368193761,0.25,1,"MED MED MED",NA
73,12,131.277761971902,74,2,2.50122493690135,"FISHED",0.290077529847622,0.25,1,"MED MED MED",NA
74,1,190.986913213368,78,5,5.50108325648038,"FISHED",0.254062813031487,0.25,1,"MED MED MED",NA
74,2,98.7734987459711,74,1,1.49840238291246,"FISHED",0.290077529847622,0.25,1,"MED MED MED",NA
74,3,98.685438347913,74,1,1.49981742908412,"FISHED",0.290077529847622,0.25,1,"MED MED MED",NA
74,4,149.298183637554,76,3,3.49740465033642,"M",0.218873015115969,0.25,1,"MED MED MED",NA
74,5,165.813937329414,77,4,4.50112847212082,"M",0.289915368193761,0.25,1,"MED MED MED",NA
74,6,208.541866918889,80,7,7.50198382211803,"M",0.224252896662802,0.25,1,"MED MED MED",NA
74,7,98.2851226850524,74,1,1.50003178624832,"FISHED",0.290077529847622,0.25,1,"MED MED MED",NA
74,8,155.366740551911,77,4,4.50060794612171,"FISHED",0.289915368193761,0.25,1,"MED MED MED",NA
74,9,122.337118832808,75,2,2.49906728972305,"FISHED",0.278686185157858,0.25,1,"MED MED MED",NA
75,1,99.8346704341729,75,1,1.49958307965496,"FISHED",0.278686185157858,0.25,1,"MED MED MED",NA
75,2,97.9319250459323,75,1,1.49913887696037,"M",0.278686185157858,0.25,1,"MED MED MED",NA
75,3,60.8486614314235,74,0,0.499646631167085,"FISHED",0.290077529847622,0.25,1,"MED MED MED",NA
75,4,62.3578876289412,74,0,0.500492148514146,"M",0.290077529847622,0.25,1,"MED MED MED",NA
75,5,178.997826822971,83,9,9.50027221146052,"FISHED",0.207320345519111,0.25,1,"MED MED MED",NA
75,6,99.5722418415802,75,1,1.50192492107748,"M",0.278686185157858,0.25,1,"MED MED MED",NA
75,7,91.1740738171452,75,1,1.50123639506611,"M",0.278686185157858,0.25,1,"MED MED MED",NA
75,8,133.032917580761,76,2,2.50053261656502,"FISHED",0.218873015115969,0.25,1,"MED MED MED",NA
75,9,102.819528825126,75,1,1.49902434366454,"FISHED",0.278686185157858,0.25,1,"MED MED MED",NA
75,10,153.48056264401,78,4,4.49975794112116,"M",0.254062813031487,0.25,1,"MED MED MED",NA
76,1,62.6289677141891,75,0,0.499717708461075,"FISHED",0.278686185157858,0.25,1,"MED MED MED",NA
76,2,95.8735231197366,76,1,1.49901512751396,"M",0.218873015115969,0.25,1,"MED MED MED",NA
76,3,103.029262769639,76,1,1.5002799773989,"M",0.218873015115969,0.25,1,"MED MED MED",NA
76,4,60.2730434236533,75,0,0.498965224286039,"FISHED",0.278686185157858,0.25,1,"MED MED MED",NA
76,5,122.004966981874,77,2,2.49993418403289,"FISHED",0.289915368193761,0.25,1,"MED MED MED",NA
76,6,60.8837268917339,75,0,0.498746544858116,"M",0.278686185157858,0.25,1,"MED MED MED",NA
76,7,60.5616769336852,75,0,0.500686651457467,"M",0.278686185157858,0.25,1,"MED MED MED",NA
76,8,62.8651613940479,75,0,0.500864098818594,"M",0.278686185157858,0.25,1,"MED MED MED",NA
76,9,122.601894801003,77,2,2.50005568262845,"M",0.289915368193761,0.25,1,"MED MED MED",NA
76,10,136.630356682234,77,2,2.50104062801843,"FISHED",0.289915368193761,0.25,1,"MED MED MED",NA
77,1,63.922773787493,76,0,0.499785401349135,"M",0.218873015115969,0.25,1,"MED MED MED",NA
77,2,141.459445221758,79,3,3.49901881924632,"M",0.212744383350946,0.25,1,"MED MED MED",NA
77,3,93.7349257483946,77,1,1.4999616724296,"FISHED",0.289915368193761,0.25,1,"MED MED MED",NA
77,4,168.499327519182,81,5,5.50169929795534,"FISHED",0.290002791630104,0.25,1,"MED MED MED",NA
77,5,65.786112262435,76,0,0.499079673996689,"M",0.218873015115969,0.25,1,"MED MED MED",NA
77,6,63.886505484756,76,0,0.501344844440434,"FISHED",0.218873015115969,0.25,1,"MED MED MED",NA
77,7,63.3211859946103,76,0,0.49846754334626,"FISHED",0.218873015115969,0.25,1,"MED MED MED",NA
77,8,95.4047491453717,77,1,1.50213833962984,"FISHED",0.289915368193761,0.25,1,"MED MED MED",NA
77,9,63.4376494027009,76,0,0.500246054209268,"M",0.218873015115969,0.25,1,"MED MED MED",NA
77,10,98.9654943628652,77,1,1.50147462307657,"FISHED",0.289915368193761,0.25,1,"MED MED MED",NA
77,11,165.340402387783,80,4,4.49905778399955,"M",0.224252896662802,0.25,1,"MED MED MED",NA
77,12,91.0069862284872,77,1,1.50149515780446,"FISHED",0.289915368193761,0.25,1,"MED MED MED",NA
78,1,64.5606335593739,77,0,0.498979389650411,"M",0.289915368193761,0.25,1,"MED MED MED",NA
78,2,65.3338503964087,77,0,0.500872245621371,"FISHED",0.289915368193761,0.25,1,"MED MED MED",NA
78,3,174.559075338194,81,4,4.49975717454097,"M",0.290002791630104,0.25,1,"MED MED MED",NA
78,4,104.809080776154,78,1,1.49921041556502,"FISHED",0.254062813031487,0.25,1,"MED MED MED",NA
78,5,167.459913109052,81,4,4.49870660772094,"FISHED",0.290002791630104,0.25,1,"MED MED MED",NA
78,6,64.2312459531597,77,0,0.501741894124341,"M",0.289915368193761,0.25,1,"MED MED MED",NA
78,7,115.230226760526,79,2,2.50023112710904,"FISHED",0.212744383350946,0.25,1,"MED MED MED",NA
78,8,99.9809661644735,78,1,1.50065357880193,"M",0.254062813031487,0.25,1,"MED MED MED",NA
78,9,166.614857966329,81,4,4.50128595005061,"FISHED",0.290002791630104,0.25,1,"MED MED MED",NA
78,10,62.2492365952803,77,0,0.498724228134822,"M",0.289915368193761,0.25,1,"MED MED MED",NA
78,11,99.2090109144917,78,1,1.5007186583866,"FISHED",0.254062813031487,0.25,1,"MED MED MED",NA
78,12,62.7740058665792,77,0,0.499056546276041,"M",0.289915368193761,0.25,1,"MED MED MED",NA
78,13,62.1678925638974,77,0,0.499995701246633,"FISHED",0.289915368193761,0.25,1,"MED MED MED",NA
79,1,148.376112425812,81,3,3.49988120932134,"M",0.290002791630104,0.25,1,"MED MED MED",NA
79,2,95.3748217793238,79,1,1.49989755277307,"M",0.212744383350946,0.25,1,"MED MED MED",NA
79,3,62.6256047901557,78,0,0.500815922086753,"M",0.254062813031487,0.25,1,"MED MED MED",NA
79,4,63.0661623112041,78,0,0.498516882214816,"FISHED",0.254062813031487,0.25,1,"MED MED MED",NA
79,5,63.1487136036973,78,0,0.501309773719108,"M",0.254062813031487,0.25,1,"MED MED MED",NA
79,6,61.6057664244906,78,0,0.499594860905892,"M",0.254062813031487,0.25,1,"MED MED MED",NA
79,7,98.7637215708593,79,1,1.50129587925403,"FISHED",0.212744383350946,0.25,1,"MED MED MED",NA
79,8,58.7433266477394,78,0,0.501085157038947,"M",0.254062813031487,0.25,1,"MED MED MED",NA
79,9,62.4625771817426,78,0,0.500290232974145,"FISHED",0.254062813031487,0.25,1,"MED MED MED",NA
79,10,61.7616617568889,78,0,0.500475441849613,"FISHED",0.254062813031487,0.25,1,"MED MED MED",NA
79,11,61.3295126976092,78,0,0.500749382260512,"M",0.254062813031487,0.25,1,"MED MED MED",NA
80,1,98.0640112231592,80,1,1.50106030995498,"FISHED",0.224252896662802,0.25,1,"MED MED MED",NA
80,2,61.6508162662413,79,0,0.499668967357793,"M",0.212744383350946,0.25,1,"MED MED MED",NA
80,3,104.651868740433,80,1,1.50114348222693,"M",0.224252896662802,0.25,1,"MED MED MED",NA
80,4,218.354337399268,87,8,8.49868494042741,"FISHED",0.240795644395985,0.25,1,"MED MED MED",NA
80,5,194.676370535541,84,5,5.49980293505841,"M",0.249745429563336,0.25,1,"MED MED MED",NA
80,6,95.8486295850187,80,1,1.49942294161951,"M",0.224252896662802,0.25,1,"MED MED MED",NA
80,7,62.4715940394624,79,0,0.500280324384503,"M",0.212744383350946,0.25,1,"MED MED MED",NA
80,8,98.0274837716034,80,1,1.50093528157508,"M",0.224252896662802,0.25,1,"MED MED MED",NA
80,9,64.3034507321374,79,0,0.501038952186169,"FISHED",0.212744383350946,0.25,1,"MED MED MED",NA
80,10,96.1520694260329,80,1,1.50103456215175,"M",0.224252896662802,0.25,1,"MED MED MED",NA
80,11,172.229678903992,85,6,6.50094630119762,"FISHED",0.291982053685933,0.25,1,"MED MED MED",NA
80,12,65.1346058850824,79,0,0.498526085417895,"M",0.212744383350946,0.25,1,"MED MED MED",NA
80,13,60.980364584187,79,0,0.499684287963733,"M",0.212744383350946,0.25,1,"MED MED MED",NA
81,1,59.7237043007328,80,0,0.500722370245595,"FISHED",0.224252896662802,0.25,1,"MED MED MED",NA
81,2,99.2675964218095,81,1,1.49964494930018,"FISHED",0.290002791630104,0.25,1,"MED MED MED",NA
81,3,123.960445992635,82,2,2.49908097741899,"M",0.234696862567216,0.25,1,"MED MED MED",NA
81,4,170.15010312246,86,6,6.50079617084202,"FISHED",0.201419328222983,0.25,1,"MED MED MED",NA
81,5,129.011943422897,82,2,2.5018068489876,"M",0.234696862567216,0.25,1,"MED MED MED",NA
81,6,95.2559432320443,81,1,1.49903977385564,"M",0.290002791630104,0.25,1,"MED MED MED",NA
81,7,148.79094785878,83,3,3.49961368882096,"M",0.207320345519111,0.25,1,"MED MED MED",NA
81,8,98.971824328091,81,1,1.49885413464151,"FISHED",0.290002791630104,0.25,1,"MED MED MED",NA
81,9,229.248568399625,87,7,7.50052491992928,"M",0.240795644395985,0.25,1,"MED MED MED",NA
81,10,63.619759728666,80,0,0.5012527570983,"FISHED",0.224252896662802,0.25,1,"MED MED MED",NA
82,1,63.0605072447389,81,0,0.499537875345938,"M",0.290002791630104,0.25,1,"MED MED MED",NA
82,2,93.5658326097994,82,1,1.49913330933896,"M",0.234696862567216,0.25,1,"MED MED MED",NA
82,3,60.9261415492055,81,0,0.501173727962546,"FISHED",0.290002791630104,0.25,1,"MED MED MED",NA
82,4,98.1032370065281,82,1,1.49851979696998,"M",0.234696862567216,0.25,1,"MED MED MED",NA
82,5,163.568812243478,85,4,4.49961693527476,"M",0.291982053685933,0.25,1,"MED MED MED",NA
82,6,133.746188278708,83,2,2.4991218553508,"M",0.207320345519111,0.25,1,"MED MED MED",NA
82,7,62.5833794071648,81,0,0.500112559305491,"FISHED",0.290002791630104,0.25,1,"MED MED MED",NA
82,8,98.4854193776145,82,1,1.49990099489255,"M",0.234696862567216,0.25,1,"MED MED MED",NA
82,9,95.7532875267286,82,1,1.49842878265295,"M",0.234696862567216,0.25,1,"MED MED MED",NA
82,10,157.698057519801,84,3,3.50041187786267,"M",0.249745429563336,0.25,1,"MED MED MED",NA
83,1,179.968567841778,87,5,5.50034797047431,"FISHED",0.240795644395985,0.25,1,"MED MED MED",NA
83,2,62.8425506667122,82,0,0.499560094431417,"M",0.234696862567216,0.25,1,"MED MED MED",NA
83,3,121.411667675892,84,2,2.50173397460302,"M",0.249745429563336,0.25,1,"MED MED MED",NA
83,4,61.5152567027185,82,0,0.498532420958875,"M",0.234696862567216,0.25,1,"MED MED MED",NA
83,5,63.4497378107608,82,0,0.500427108480967,"M",0.234696862567216,0.25,1,"MED MED MED",NA
83,6,138.317538303375,85,3,3.50141170510048,"M",0.291982053685933,0.25,1,"MED MED MED",NA
83,7,60.4639284117564,82,0,0.498367478161895,"M",0.234696862567216,0.25,1,"MED MED MED",NA
83,8,192.31007504403,91,9,9.49793151755548,"FISHED",0.255933279171586,0.25,1,"MED MED MED",NA
83,9,121.556625407164,84,2,2.49997758566578,"M",0.249745429563336,0.25,1,"MED MED MED",NA
83,10,173.101027440979,87,5,5.50221200216888,"M",0.240795644395985,0.25,1,"MED MED MED",NA
83,11,141.448495569343,85,3,3.50109302096567,"M",0.291982053685933,0.25,1,"MED MED MED",NA
83,12,147.798052253303,85,3,3.4992843072307,"M",0.291982053685933,0.25,1,"MED MED MED",NA
83,13,63.2090516657885,82,0,0.500263252266845,"M",0.234696862567216,0.25,1,"MED MED MED",NA
84,1,156.234412553092,87,4,4.50025364234587,"M",0.240795644395985,0.25,1,"MED MED MED",NA
84,2,60.5284088860965,83,0,0.500116857290655,"M",0.207320345519111,0.25,1,"MED MED MED",NA
84,3,136.871062931508,85,2,2.49931656436801,"M",0.291982053685933,0.25,1,"MED MED MED",NA
84,4,101.592293444216,84,1,1.50039571862938,"FISHED",0.249745429563336,0.25,1,"MED MED MED",NA
84,5,60.0215997389531,83,0,0.501580462268423,"FISHED",0.207320345519111,0.25,1,"MED MED MED",NA
84,6,63.7111945924861,83,0,0.500490155297961,"FISHED",0.207320345519111,0.25,1,"MED MED MED",NA
84,7,103.234038226225,84,1,1.50019018614331,"FISHED",0.249745429563336,0.25,1,"MED MED MED",NA
84,8,95.8848906734899,84,1,1.49958310199147,"FISHED",0.249745429563336,0.25,1,"MED MED MED",NA
85,1,65.7125108709331,84,0,0.500323822430378,"M",0.249745429563336,0.25,1,"MED MED MED",NA
85,2,153.526932746108,87,3,3.50007266254613,"FISHED",0.240795644395985,0.25,1,"MED MED MED",NA
85,3,95.4597652723516,85,1,1.50093522644252,"FISHED",0.291982053685933,0.25,1,"MED MED MED",NA
85,4,94.8549311434873,85,1,1.49960838198131,"M",0.291982053685933,0.25,1,"MED MED MED",NA
85,5,97.9868371157176,85,1,1.50086315905292,"FISHED",0.291982053685933,0.25,1,"MED MED MED",NA
85,6,104.203868462126,85,1,1.49859366097327,"M",0.291982053685933,0.25,1,"MED MED MED",NA
85,7,95.8762111593085,85,1,1.49937396456125,"FISHED",0.291982053685933,0.25,1,"MED MED MED",NA
85,8,103.958720443552,85,1,1.50041016802283,"M",0.291982053685933,0.25,1,"MED MED MED",NA
85,9,62.2189484544067,84,0,0.500883108523918,"FISHED",0.249745429563336,0.25,1,"MED MED MED",NA
85,10,124.252505050374,86,2,2.50122645711487,"M",0.201419328222983,0.25,1,"MED MED MED",NA
85,11,92.4078109822594,85,1,1.50063368971303,"M",0.291982053685933,0.25,1,"MED MED MED",NA
86,1,62.6163664592901,85,0,0.499497551619979,"M",0.291982053685933,0.25,1,"MED MED MED",NA
86,2,166.773972310845,89,4,4.49879168308787,"M",0.264816865418106,0.25,1,"MED MED MED",NA
86,3,102.779883533312,86,1,1.49946144429172,"FISHED",0.201419328222983,0.25,1,"MED MED MED",NA
86,4,60.4103051442389,85,0,0.499408348252526,"FISHED",0.291982053685933,0.25,1,"MED MED MED",NA
86,5,158.368129429753,89,4,4.50125968773543,"FISHED",0.264816865418106,0.25,1,"MED MED MED",NA
86,6,124.312506201067,87,2,2.49994819446773,"FISHED",0.240795644395985,0.25,1,"MED MED MED",NA
86,7,62.4786668555567,85,0,0.499916958829781,"M",0.291982053685933,0.25,1,"MED MED MED",NA
86,8,130.688743517219,87,2,2.50069696212038,"M",0.240795644395985,0.25,1,"MED MED MED",NA
86,9,189.067618073947,91,6,6.49989237625164,"M",0.255933279171586,0.25,1,"MED MED MED",NA
86,10,99.9280942900624,86,1,1.50045150792493,"FISHED",0.201419328222983,0.25,1,"MED MED MED",NA
86,11,62.9673071449421,85,0,0.499355357133877,"M",0.291982053685933,0.25,1,"MED MED MED",NA
87,1,63.7821574734964,86,0,0.500541379740027,"FISHED",0.201419328222983,0.25,1,"MED MED MED",NA
87,2,99.603011897317,87,1,1.49859138674771,"M",0.240795644395985,0.25,1,"MED MED MED",NA
87,3,97.6784482817353,87,1,1.50199021843139,"M",0.240795644395985,0.25,1,"MED MED MED",NA
87,4,100.110808581314,87,1,1.50017241306177,"M",0.240795644395985,0.25,1,"MED MED MED",NA
87,5,146.707364009412,89,3,3.49980586879748,"FISHED",0.264816865418106,0.25,1,"MED MED MED",NA
87,6,136.564168579302,88,2,2.5000461402054,"FISHED",0.276401832699776,0.25,1,"MED MED MED",NA
87,7,96.913863616683,87,1,1.50021914577343,"FISHED",0.240795644395985,0.25,1,"MED MED MED",NA
87,8,61.9495627595359,86,0,0.500525065657455,"FISHED",0.201419328222983,0.25,1,"MED MED MED",NA
87,9,102.656383469829,87,1,1.49724579705879,"M",0.240795644395985,0.25,1,"MED MED MED",NA
87,10,59.3780110360985,86,0,0.49963436572632,"FISHED",0.201419328222983,0.25,1,"MED MED MED",NA
88,1,65.0952300800873,87,0,0.499951356750646,"M",0.240795644395985,0.25,1,"MED MED MED",NA
88,2,93.6056710843068,88,1,1.4997131657653,"M",0.276401832699776,0.25,1,"MED MED MED",NA
88,3,61.0966707639008,87,0,0.4999373091875,"M",0.240795644395985,0.25,1,"MED MED MED",NA
88,4,100.652989272152,88,1,1.49968843529423,"FISHED",0.276401832699776,0.25,1,"MED MED MED",NA
88,5,129.743967940541,89,2,2.4978023604245,"FISHED",0.264816865418106,0.25,1,"MED MED MED",NA
88,6,62.0348781851635,87,0,0.499088311408343,"M",0.240795644395985,0.25,1,"MED MED MED",NA
88,7,88.2987398928616,88,1,1.50020153889392,"M",0.276401832699776,0.25,1,"MED MED MED",NA
88,8,99.9414706891388,88,1,1.50043930162263,"M",0.276401832699776,0.25,1,"MED MED MED",NA
88,9,91.1181668669552,88,1,1.49896792676454,"M",0.276401832699776,0.25,1,"MED MED MED",NA
88,10,140.772534975559,89,2,2.49825126994628,"M",0.264816865418106,0.25,1,"MED MED MED",NA
88,11,192.536261716847,92,5,5.49890422774425,"FISHED",0.241976099414751,0.25,1,"MED MED MED",NA
88,12,127.731027046321,89,2,2.49986496982455,"M",0.264816865418106,0.25,1,"MED MED MED",NA
89,1,99.6603556082304,89,1,1.49909334172052,"M",0.264816865418106,0.25,1,"MED MED MED",NA
89,2,101.114824696016,89,1,1.49883190316892,"M",0.264816865418106,0.25,1,"MED MED MED",NA
89,3,62.4826225415237,88,0,0.501223363431561,"FISHED",0.276401832699776,0.25,1,"MED MED MED",NA
89,4,191.903924808149,93,5,5.50118920836236,"M",0.270313398609869,0.25,1,"MED MED MED",NA
89,5,123.599232309718,90,2,2.50148360518159,"M",0.298091100505553,0.25,1,"MED MED MED",NA
89,6,96.2116007028127,89,1,1.50072991145468,"FISHED",0.264816865418106,0.25,1,"MED MED MED",NA
89,7,62.1627637534023,88,0,0.499773952489762,"M",0.276401832699776,0.25,1,"MED MED MED",NA
89,8,144.600313119403,91,3,3.49949472853453,"FISHED",0.255933279171586,0.25,1,"MED MED MED",NA
89,9,96.3236304321992,89,1,1.49828317759395,"M",0.264816865418106,0.25,1,"MED MED MED",NA
89,10,90.3408532549826,89,1,1.4992144622284,"FISHED",0.264816865418106,0.25,1,"MED MED MED",NA
89,11,64.0017116871585,88,0,0.498717512936265,"M",0.276401832699776,0.25,1,"MED MED MED",NA
89,12,63.3556331875189,88,0,0.499016903697615,"FISHED",0.276401832699776,0.25,1,"MED MED MED",NA
90,1,61.1512096321773,89,0,0.498957844429366,"M",0.264816865418106,0.25,1,"MED MED MED",NA
90,2,96.8978111836002,90,1,1.49983963816324,"FISHED",0.298091100505553,0.25,1,"MED MED MED",NA
90,3,63.9039346944094,89,0,0.500750291458596,"FISHED",0.264816865418106,0.25,1,"MED MED MED",NA
90,4,64.1439055364528,89,0,0.500193798599626,"M",0.264816865418106,0.25,1,"MED MED MED",NA
90,5,120.636627341328,91,2,2.50086736074692,"M",0.255933279171586,0.25,1,"MED MED MED",NA
90,6,187.726523485268,94,5,5.5007359449545,"FISHED",0.201455587986857,0.25,1,"MED MED MED",NA
90,7,63.0196318338087,89,0,0.499016265427469,"M",0.264816865418106,0.25,1,"MED MED MED",NA
90,8,147.286054837763,92,3,3.50145169308875,"FISHED",0.241976099414751,0.25,1,"MED MED MED",NA
90,9,176.451471914224,95,6,6.50142555433185,"FISHED",0.209570332663134,0.25,1,"MED MED MED",NA
91,1,60.6833665264866,90,0,0.499020737376612,"FISHED",0.298091100505553,0.25,1,"MED MED MED",NA
91,2,63.3086433974957,90,0,0.499702759017311,"M",0.298091100505553,0.25,1,"MED MED MED",NA
91,3,123.450386483532,92,2,2.4978586062655,"M",0.241976099414751,0.25,1,"MED MED MED",NA
91,4,59.80276940126,90,0,0.500822876818691,"M",0.298091100505553,0.25,1,"MED MED MED",NA
91,5,144.000773339747,93,3,3.4997956373954,"FISHED",0.270313398609869,0.25,1,"MED MED MED",NA
91,6,61.9438163138951,90,0,0.500186613301743,"M",0.298091100505553,0.25,1,"MED MED MED",NA
91,7,61.8347778268393,90,0,0.499741444682484,"M",0.298091100505553,0.25,1,"MED MED MED",NA
91,8,62.9531219056915,90,0,0.500396210781979,"FISHED",0.298091100505553,0.25,1,"MED MED MED",NA
91,9,61.0244744393212,90,0,0.500327945623766,"M",0.298091100505553,0.25,1,"MED MED MED",NA
91,10,64.5428028668338,90,0,0.501172320312888,"FISHED",0.298091100505553,0.25,1,"MED MED MED",NA
92,1,62.3252587553115,91,0,0.501001267903361,"M",0.255933279171586,0.25,1,"MED MED MED",NA
92,2,232.932092510193,96,5,5.5015120907078,"FISHED",0.203733075293712,0.25,1,"MED MED MED",NA
92,3,100.055138418381,92,1,1.50021145614401,"FISHED",0.241976099414751,0.25,1,"MED MED MED",NA
92,4,63.5816345075543,91,0,0.501026135555175,"FISHED",0.255933279171586,0.25,1,"MED MED MED",NA
92,5,62.8391330269461,91,0,0.498629190572999,"FISHED",0.255933279171586,0.25,1,"MED MED MED",NA
92,6,61.393774228749,91,0,0.499555888050962,"FISHED",0.255933279171586,0.25,1,"MED MED MED",NA
92,7,59.5922746013276,91,0,0.49978492911406,"M",0.255933279171586,0.25,1,"MED MED MED",NA
92,8,150.464571080025,95,4,4.49883881917189,"M",0.209570332663134,0.25,1,"MED MED MED",NA
93,1,99.5180910868055,93,1,1.50045377953368,"M",0.270313398609869,0.25,1,"MED MED MED",NA
93,2,119.462639321979,94,2,2.49984906052274,"FISHED",0.201455587986857,0.25,1,"MED MED MED",NA
93,3,139.370674146066,95,3,3.50072882532133,"FISHED",0.209570332663134,0.25,1,"MED MED MED",NA
93,4,162.56660283973,97,5,5.49931124406827,"FISHED",0.26907720672898,0.25,1,"MED MED MED",NA
93,5,62.7998415732593,92,0,0.501953851797543,"M",0.241976099414751,0.25,1,"MED MED MED",NA
93,6,64.2660619796776,92,0,0.499953605736526,"FISHED",0.241976099414751,0.25,1,"MED MED MED",NA
93,7,99.9382670604086,93,1,1.49923983838154,"FISHED",0.270313398609869,0.25,1,"MED MED MED",NA
93,8,60.8981309522877,92,0,0.500623583845182,"M",0.241976099414751,0.25,1,"MED MED MED",NA
93,9,63.150626514134,92,0,0.500010092938956,"FISHED",0.241976099414751,0.25,1,"MED MED MED",NA
93,10,63.4709492979449,92,0,0.499987967794176,"M",0.241976099414751,0.25,1,"MED MED MED",NA
93,11,158.834009854142,96,4,4.50046547931576,"M",0.203733075293712,0.25,1,"MED MED MED",NA
94,1,95.8996081801207,94,1,1.49990437464169,"M",0.201455587986857,0.25,1,"MED MED MED",NA
94,2,62.0180093330004,93,0,0.500449404246466,"M",0.270313398609869,0.25,1,"MED MED MED",NA
94,3,94.0789307966659,94,1,1.50090450098659,"FISHED",0.201455587986857,0.25,1,"MED MED MED",NA
94,4,128.343087951205,95,2,2.49902533877973,"FISHED",0.209570332663134,0.25,1,"MED MED MED",NA
94,5,62.5829664068531,93,0,0.500198218000641,"FISHED",0.270313398609869,0.25,1,"MED MED MED",NA
94,6,99.904908955938,94,1,1.49983420497771,"M",0.201455587986857,0.25,1,"MED MED MED",NA
94,7,118.600730263995,95,2,2.49886531512244,"FISHED",0.209570332663134,0.25,1,"MED MED MED",NA
94,8,142.261900665645,95,2,2.50064002973231,"M",0.209570332663134,0.25,1,"MED MED MED",NA
94,9,64.8133697191571,93,0,0.500918133383,"M",0.270313398609869,0.25,1,"MED MED MED",NA
95,1,63.4866381905759,94,0,0.501262452862037,"FISHED",0.201455587986857,0.25,1,"MED MED MED",NA
95,2,63.2908262257252,94,0,0.500341996125067,"M",0.201455587986857,0.25,1,"MED MED MED",NA
95,3,172.090067092024,98,4,4.49877854556134,"M",0.245294470363297,0.25,1,"MED MED MED",NA
95,4,62.6359156628491,94,0,0.49844180553553,"FISHED",0.201455587986857,0.25,1,"MED MED MED",NA
95,5,102.769919592973,95,1,1.50095729197791,"M",0.209570332663134,0.25,1,"MED MED MED",NA
95,6,146.634260303987,97,3,3.49948479014217,"FISHED",0.26907720672898,0.25,1,"MED MED MED",NA
95,7,146.132738083965,97,3,3.5012930221267,"FISHED",0.26907720672898,0.25,1,"MED MED MED",NA
95,8,167.003756799939,98,4,4.49936551768118,"M",0.245294470363297,0.25,1,"MED MED MED",NA
95,9,133.395136585622,97,3,3.49936797840674,"M",0.26907720672898,0.25,1,"MED MED MED",NA
95,10,101.441703173523,95,1,1.49915439476,"M",0.209570332663134,0.25,1,"MED MED MED",NA
96,1,133.142566918856,97,2,2.49919918292423,"FISHED",0.26907720672898,0.25,1,"MED MED MED",NA
96,2,121.910125863163,97,2,2.50028527449034,"FISHED",0.26907720672898,0.25,1,"MED MED MED",NA
96,3,145.337872876063,98,3,3.49798913174078,"FISHED",0.245294470363297,0.25,1,"MED MED MED",NA
96,4,95.8658678429917,96,1,1.49855961228383,"M",0.203733075293712,0.25,1,"MED MED MED",NA
96,5,63.8373867942438,95,0,0.500237664712469,"M",0.209570332663134,0.25,1,"MED MED MED",NA
96,6,147.934054821856,98,3,3.49964554479012,"M",0.245294470363297,0.25,1,"MED MED MED",NA
96,7,98.4865951687639,96,1,1.50175738701559,"M",0.203733075293712,0.25,1,"MED MED MED",NA
96,8,64.4493109709914,95,0,0.500805865395699,"FISHED",0.209570332663134,0.25,1,"MED MED MED",NA
96,9,63.6792966555342,95,0,0.501233671436338,"M",0.209570332663134,0.25,1,"MED MED MED",NA
96,10,144.556931300899,98,3,3.50099755238973,"M",0.245294470363297,0.25,1,"MED MED MED",NA
97,1,65.9801784918839,96,0,0.502042911900518,"FISHED",0.203733075293712,0.25,1,"MED MED MED",NA
97,2,63.991925148055,96,0,0.49913238092671,"M",0.203733075293712,0.25,1,"MED MED MED",NA
97,3,93.3840033802862,97,1,1.49927573252357,"FISHED",0.26907720672898,0.25,1,"MED MED MED",NA
97,4,96.1925015868794,97,1,1.49970083029877,"FISHED",0.26907720672898,0.25,1,"MED MED MED",NA
97,5,99.3416753218046,97,1,1.49897840773332,"M",0.26907720672898,0.25,1,"MED MED MED",NA
97,6,101.701528811588,97,1,1.50046159436733,"M",0.26907720672898,0.25,1,"MED MED MED",NA
97,7,61.1704125464712,96,0,0.499992406027142,"M",0.203733075293712,0.25,1,"MED MED MED",NA
97,8,155.408057984439,100,4,4.50072500583348,"M",0.205066462187096,0.25,1,"MED MED MED",NA
97,9,63.2938396093837,96,0,0.498352284785137,"M",0.203733075293712,0.25,1,"MED MED MED",NA
97,10,144.929185158354,99,3,3.49889430010556,"M",0.279821726959199,0.25,1,"MED MED MED",NA
97,11,62.2754872127591,96,0,0.500475161870459,"FISHED",0.203733075293712,0.25,1,"MED MED MED",NA
98,1,99.4957806984592,98,1,1.50052256640289,"FISHED",0.245294470363297,0.25,1,"MED MED MED",NA
98,2,171.40226556625,100,3,3.49903293616515,"M",0.205066462187096,0.25,1,"MED MED MED",NA
98,3,95.6125326017424,98,1,1.49900767554967,"M",0.245294470363297,0.25,1,"MED MED MED",NA
98,4,63.3671013428442,97,0,0.50188522246133,"FISHED",0.26907720672898,0.25,1,"MED MED MED",NA
98,5,62.4868491563142,97,0,0.501269326881604,"M",0.26907720672898,0.25,1,"MED MED MED",NA
98,6,67.3043548630442,97,0,0.499816396187981,"FISHED",0.26907720672898,0.25,1,"MED MED MED",NA
98,7,61.3014020128546,97,0,0.49970370412408,"M",0.26907720672898,0.25,1,"MED MED MED",NA
98,8,129.691392483618,99,2,2.50152331883423,"FISHED",0.279821726959199,0.25,1,"MED MED MED",NA
98,9,99.3002038286351,98,1,1.49986330668966,"M",0.245294470363297,0.25,1,"MED MED MED",NA
98,10,92.8698193111858,98,1,1.4980017059228,"M",0.245294470363297,0.25,1,"MED MED MED",NA
99,1,60.4464155995618,98,0,0.500061058760311,"FISHED",0.245294470363297,0.25,1,"MED MED MED",NA
99,2,63.2931352586566,98,0,0.49920274951896,"M",0.245294470363297,0.25,1,"MED MED MED",NA
99,3,95.0485268016294,99,1,1.49896532265531,"FISHED",0.279821726959199,0.25,1,"MED MED MED",NA
99,4,63.4275810725856,98,0,0.500230887582974,"FISHED",0.245294470363297,0.25,1,"MED MED MED",NA
99,5,61.8877179591329,98,0,0.500168589146919,"M",0.245294470363297,0.25,1,"MED MED MED",NA
99,6,61.620315694465,98,0,0.49867235971696,"M",0.245294470363297,0.25,1,"MED MED MED",NA
99,7,64.5144587085189,98,0,0.503487598434546,"FISHED",0.245294470363297,0.25,1,"MED MED MED",NA
99,8,126.063917208726,100,2,2.49779805595777,"M",0.205066462187096,0.25,1,"MED MED MED",NA
99,9,62.1520929592703,98,0,0.500269248991103,"FISHED",0.245294470363297,0.25,1,"MED MED MED",NA
99,10,61.4312410800253,98,0,0.500060737383298,"M",0.245294470363297,0.25,1,"MED MED MED",NA
100,1,61.7869670124425,99,0,0.50168716149677,"FISHED",0.279821726959199,0.25,1,"MED MED MED",NA
100,2,92.2967837114666,100,1,1.50132990614681,"FISHED",0.205066462187096,0.25,1,"MED MED MED",NA
100,3,94.3574275561663,100,1,1.50077512809708,"FISHED",0.205066462187096,0.25,1,"MED MED MED",NA
100,4,63.015539759756,99,0,0.500010308357416,"M",0.279821726959199,0.25,1,"MED MED MED",NA
100,5,61.0790691693939,99,0,0.500941414017677,"M",0.279821726959199,0.25,1,"MED MED MED",NA
100,6,64.2721723447616,99,0,0.500161507165867,"M",0.279821726959199,0.25,1,"MED MED MED",NA
100,7,62.8489731482731,99,0,0.501447328955927,"M",0.279821726959199,0.25,1,"MED MED MED",NA
100,8,64.1177379024529,99,0,0.501171319947358,"FISHED",0.279821726959199,0.25,1,"MED MED MED",NA
100,9,65.0835329894792,99,0,0.49965234007087,"M",0.279821726959199,0.25,1,"MED MED MED",NA
100,10,99.0942926502189,100,1,1.4991756100719,"FISHED",0.205066462187096,0.25,1,"MED MED MED",NA
100,11,65.3670552301905,99,0,0.500113226380044,"M",0.279821726959199,0.25,1,"MED MED MED",NA
