"cohort","ind","fish_size","Year","Age","AgeE","dtype","FMORT","M","Sel","FSIM","REG"
1,1,194.498550695378,8,8,8.50116749028901,"M",0,0.25,1,"HIGH MED HIGH",NA
1,2,102.843863879078,1,1,1.49956657160239,"M",0,0.25,1,"HIGH MED HIGH",NA
1,3,162.615089929825,4,4,4.49910506194364,"M",0,0.25,1,"HIGH MED HIGH",NA
1,4,94.2558999525817,1,1,1.49932069936373,"M",0,0.25,1,"HIGH MED HIGH",NA
1,5,129.800127607638,2,2,2.50070853658248,"M",0,0.25,1,"HIGH MED HIGH",NA
1,6,62.2858173680637,0,0,0.500444526182906,"M",0,0.25,1,"HIGH MED HIGH",NA
1,7,243.697303633774,9,9,9.50064048592291,"M",0,0.25,1,"HIGH MED HIGH",NA
1,8,63.3322303152831,0,0,0.50156893871626,"M",0,0.25,1,"HIGH MED HIGH",NA
1,9,62.6817241485012,0,0,0.500209513427985,"M",0,0.25,1,"HIGH MED HIGH",NA
1,10,125.024699928497,2,2,2.50024833147274,"M",0,0.25,1,"HIGH MED HIGH",NA
1,11,128.338190697228,2,2,2.49983642515499,"M",0,0.25,1,"HIGH MED HIGH",NA
1,12,208.188477789472,11,11,11.4993041630986,"M",0,0.25,1,"HIGH MED HIGH",NA
1,13,206.735335107085,10,10,10.5002012611496,"M",0,0.25,1,"HIGH MED HIGH",NA
1,14,92.9618274889687,1,1,1.50002434611657,"M",0,0.25,1,"HIGH MED HIGH",NA
2,1,62.2938155078695,1,0,0.499720254967505,"M",0,0.25,1,"HIGH MED HIGH",NA
2,2,174.847953069349,6,5,5.50025586425992,"M",0,0.25,1,"HIGH MED HIGH",NA
2,3,64.9591204452536,1,0,0.501477946762053,"M",0,0.25,1,"HIGH MED HIGH",NA
2,4,181.911390331525,6,5,5.49866572657889,"M",0,0.25,1,"HIGH MED HIGH",NA
2,5,126.8502643724,3,2,2.49926505284249,"M",0,0.25,1,"HIGH MED HIGH",NA
2,6,152.157330128821,5,4,4.49902256958319,"M",0,0.25,1,"HIGH MED HIGH",NA
2,7,61.6354629338163,1,0,0.500300167663555,"M",0,0.25,1,"HIGH MED HIGH",NA
2,8,194.394071032841,8,7,7.49955367388492,"M",0,0.25,1,"HIGH MED HIGH",NA
2,9,161.454998535621,7,6,6.50044773803689,"M",0,0.25,1,"HIGH MED HIGH",NA
2,10,202.85046299872,9,8,8.49877116621626,"M",0,0.25,1,"HIGH MED HIGH",NA
2,11,126.660128543111,3,2,2.5008129103891,"M",0,0.25,1,"HIGH MED HIGH",NA
3,1,98.5850932771917,3,1,1.49964056187815,"M",0,0.25,1,"HIGH MED HIGH",NA
3,2,211.06924475831,9,7,7.50095966323669,"M",0,0.25,1,"HIGH MED HIGH",NA
3,3,133.716322463881,4,2,2.49925478309622,"M",0,0.25,1,"HIGH MED HIGH",NA
3,4,63.8034274039414,2,0,0.498609276777847,"M",0,0.25,1,"HIGH MED HIGH",NA
3,5,99.3341235514931,3,1,1.50166391553193,"M",0,0.25,1,"HIGH MED HIGH",NA
3,6,213.03268240484,9,7,7.49990353704702,"M",0,0.25,1,"HIGH MED HIGH",NA
3,7,125.510424631801,4,2,2.50055100775726,"M",0,0.25,1,"HIGH MED HIGH",NA
3,8,135.830590084919,5,3,3.50113549221562,"M",0,0.25,1,"HIGH MED HIGH",NA
3,9,118.719225847229,4,2,2.49823753835097,"M",0,0.25,1,"HIGH MED HIGH",NA
3,10,61.648256485296,2,0,0.498993835242395,"M",0,0.25,1,"HIGH MED HIGH",NA
3,11,166.831640016656,6,4,4.50075079591128,"M",0,0.25,1,"HIGH MED HIGH",NA
3,12,141.848653651712,5,3,3.49955607403527,"M",0,0.25,1,"HIGH MED HIGH",NA
3,13,63.7929815519954,2,0,0.502500705264106,"M",0,0.25,1,"HIGH MED HIGH",NA
4,1,131.855517681866,6,3,3.50146567005365,"M",0,0.25,1,"HIGH MED HIGH",NA
4,2,60.6745735800335,3,0,0.498491076986689,"M",0,0.25,1,"HIGH MED HIGH",NA
4,3,200.678354585095,11,8,8.499337660797,"M",0,0.25,1,"HIGH MED HIGH",NA
4,4,124.875307890394,5,2,2.4980449860769,"M",0,0.25,1,"HIGH MED HIGH",NA
4,5,62.0708626309811,3,0,0.499255799627687,"M",0,0.25,1,"HIGH MED HIGH",NA
4,6,97.9204447149503,4,1,1.49978591634816,"M",0,0.25,1,"HIGH MED HIGH",NA
4,7,158.325199585007,6,3,3.50092023198755,"M",0,0.25,1,"HIGH MED HIGH",NA
4,8,118.345007991958,5,2,2.49972812247595,"M",0,0.25,1,"HIGH MED HIGH",NA
4,9,101.510615609059,4,1,1.49878959221263,"M",0,0.25,1,"HIGH MED HIGH",NA
4,10,148.72852489417,6,3,3.50064149848811,"M",0,0.25,1,"HIGH MED HIGH",NA
4,11,128.500363605472,5,2,2.49988018683051,"M",0,0.25,1,"HIGH MED HIGH",NA
4,12,101.07908020692,4,1,1.49994099933545,"M",0,0.25,1,"HIGH MED HIGH",NA
5,1,196.987765400808,14,10,10.4994968856175,"M",0,0.25,1,"HIGH MED HIGH",NA
5,2,186.391828189321,14,10,10.5009369031378,"M",0,0.25,1,"HIGH MED HIGH",NA
5,3,100.526130031092,5,1,1.49812079350869,"M",0,0.25,1,"HIGH MED HIGH",NA
5,4,64.1005622609776,4,0,0.500975753206441,"M",0,0.25,1,"HIGH MED HIGH",NA
5,5,63.9115837729214,4,0,0.499805815708166,"M",0,0.25,1,"HIGH MED HIGH",NA
5,6,131.398730924739,6,2,2.49968576616275,"M",0,0.25,1,"HIGH MED HIGH",NA
5,7,191.415368944558,11,7,7.50069447903033,"M",0,0.25,1,"HIGH MED HIGH",NA
5,8,130.668250196418,6,2,2.50052282998348,"M",0,0.25,1,"HIGH MED HIGH",NA
5,9,148.754179663414,7,3,3.50096319828808,"M",0,0.25,1,"HIGH MED HIGH",NA
5,10,127.451234138409,6,2,2.49880454227117,"M",0,0.25,1,"HIGH MED HIGH",NA
5,11,63.2218684441576,4,0,0.500264900807133,"M",0,0.25,1,"HIGH MED HIGH",NA
5,12,121.013476479145,6,2,2.49885549322645,"M",0,0.25,1,"HIGH MED HIGH",NA
5,13,59.0189277782981,4,0,0.50162651481184,"M",0,0.25,1,"HIGH MED HIGH",NA
5,14,182.474477812632,9,5,5.50104522709984,"M",0,0.25,1,"HIGH MED HIGH",NA
6,1,235.439715970612,12,7,7.49924533422516,"M",0,0.25,1,"HIGH MED HIGH",NA
6,2,101.9960710526,6,1,1.50020322974412,"M",0,0.25,1,"HIGH MED HIGH",NA
6,3,187.782488279728,11,6,6.50055529720137,"M",0,0.25,1,"HIGH MED HIGH",NA
6,4,130.287099941193,8,3,3.50066131179934,"M",0,0.25,1,"HIGH MED HIGH",NA
6,5,222.395488337255,11,6,6.50048918440163,"M",0,0.25,1,"HIGH MED HIGH",NA
6,6,98.9389340569823,6,1,1.50015139575855,"M",0,0.25,1,"HIGH MED HIGH",NA
6,7,223.727294043579,17,12,12.5002658278885,"M",0,0.25,1,"HIGH MED HIGH",NA
6,8,99.6623525260933,6,1,1.50119491278397,"M",0,0.25,1,"HIGH MED HIGH",NA
6,9,96.6467844781272,6,1,1.49881689701884,"M",0,0.25,1,"HIGH MED HIGH",NA
6,10,61.8632056105688,5,0,0.499535413888264,"M",0,0.25,1,"HIGH MED HIGH",NA
6,11,179.290549606638,9,4,4.50182981584659,"M",0,0.25,1,"HIGH MED HIGH",NA
7,1,182.62833307501,13,7,7.50048590522695,"M",0,0.25,1,"HIGH MED HIGH",NA
7,2,158.457191182479,10,4,4.50017594313865,"M",0,0.25,1,"HIGH MED HIGH",NA
7,3,148.119554487661,10,4,4.49763020750362,"M",0,0.25,1,"HIGH MED HIGH",NA
7,4,121.921437546903,8,2,2.50099961945314,"M",0,0.25,1,"HIGH MED HIGH",NA
7,5,60.7744031026727,6,0,0.498785700438629,"M",0,0.25,1,"HIGH MED HIGH",NA
7,6,138.620821226275,9,3,3.49667289022475,"M",0,0.25,1,"HIGH MED HIGH",NA
7,7,202.609292414483,17,11,11.500768040421,"M",0,0.25,1,"HIGH MED HIGH",NA
7,8,120.685942836779,8,2,2.49839041007682,"M",0,0.25,1,"HIGH MED HIGH",NA
7,9,61.7707923636014,6,0,0.49950347252766,"M",0,0.25,1,"HIGH MED HIGH",NA
7,10,157.469888492073,10,4,4.49992760647238,"M",0,0.25,1,"HIGH MED HIGH",NA
7,11,63.8121810002978,6,0,0.501079718218166,"M",0,0.25,1,"HIGH MED HIGH",NA
7,12,141.819084920634,9,3,3.50006743046813,"M",0,0.25,1,"HIGH MED HIGH",NA
8,1,189.394367605545,12,5,5.49854991325221,"M",0,0.25,1,"HIGH MED HIGH",NA
8,2,212.766533635013,15,8,8.50110334294142,"M",0,0.25,1,"HIGH MED HIGH",NA
8,3,144.913534124143,9,2,2.49816452069606,"M",0,0.25,1,"HIGH MED HIGH",NA
8,4,214.819844920099,16,9,9.49764672789063,"M",0,0.25,1,"HIGH MED HIGH",NA
8,5,150.057384282092,10,3,3.49937895966228,"M",0,0.25,1,"HIGH MED HIGH",NA
8,6,63.2250107831449,7,0,0.501612300662405,"M",0,0.25,1,"HIGH MED HIGH",NA
8,7,99.6822173224116,8,1,1.50108919885512,"M",0,0.25,1,"HIGH MED HIGH",NA
8,8,151.911177629099,12,5,5.50084972808552,"M",0,0.25,1,"HIGH MED HIGH",NA
8,9,101.837419013217,8,1,1.49851040355907,"M",0,0.25,1,"HIGH MED HIGH",NA
8,10,98.9543917904658,8,1,1.49967666265131,"M",0,0.25,1,"HIGH MED HIGH",NA
8,11,66.6497349003785,7,0,0.50000611258328,"M",0,0.25,1,"HIGH MED HIGH",NA
8,12,125.468251975075,9,2,2.50106774475191,"M",0,0.25,1,"HIGH MED HIGH",NA
9,1,140.388604621247,11,3,3.49991280269468,"M",0,0.25,1,"HIGH MED HIGH",NA
9,2,62.3740079866971,8,0,0.499422510232296,"M",0,0.25,1,"HIGH MED HIGH",NA
9,3,64.4259643755213,8,0,0.499888669240431,"M",0,0.25,1,"HIGH MED HIGH",NA
9,4,63.8703676474196,8,0,0.499415681527843,"M",0,0.25,1,"HIGH MED HIGH",NA
9,5,180.571607809407,14,6,6.49911521820978,"M",0,0.25,1,"HIGH MED HIGH",NA
9,6,95.0586914019747,9,1,1.5001203696552,"M",0,0.25,1,"HIGH MED HIGH",NA
9,7,66.7533596839194,8,0,0.499154537686062,"M",0,0.25,1,"HIGH MED HIGH",NA
9,8,93.2940450071948,9,1,1.49968730356593,"M",0,0.25,1,"HIGH MED HIGH",NA
9,9,160.394236495721,12,4,4.50049022432071,"M",0,0.25,1,"HIGH MED HIGH",NA
9,10,193.997847688653,14,6,6.50010540784288,"M",0,0.25,1,"HIGH MED HIGH",NA
9,11,61.1071586549014,8,0,0.500886912237018,"M",0,0.25,1,"HIGH MED HIGH",NA
9,12,188.019501849253,16,8,8.49853457884271,"M",0,0.25,1,"HIGH MED HIGH",NA
10,1,206.350836624216,18,9,9.50040460121167,"M",0,0.25,1,"HIGH MED HIGH",NA
10,2,64.3620142376871,9,0,0.502297694333797,"M",0,0.25,1,"HIGH MED HIGH",NA
10,3,131.582425161104,11,2,2.50094235001263,"M",0,0.25,1,"HIGH MED HIGH",NA
10,4,93.971616399802,10,1,1.4977241781313,"M",0,0.25,1,"HIGH MED HIGH",NA
10,5,63.9545551239414,9,0,0.500716613465556,"M",0,0.25,1,"HIGH MED HIGH",NA
10,6,139.755875417262,12,3,3.49863745855136,"M",0,0.25,1,"HIGH MED HIGH",NA
10,7,182.569649773052,14,5,5.49870766119991,"M",0,0.25,1,"HIGH MED HIGH",NA
10,8,62.3570306715443,9,0,0.500284538785143,"M",0,0.25,1,"HIGH MED HIGH",NA
10,9,103.144893310454,10,1,1.49966442342196,"M",0,0.25,1,"HIGH MED HIGH",NA
10,10,64.4404733596879,9,0,0.500420389210653,"M",0,0.25,1,"HIGH MED HIGH",NA
10,11,98.0829291317573,10,1,1.49848753388583,"M",0,0.25,1,"HIGH MED HIGH",NA
11,1,60.2597230479331,10,0,0.498918230410936,"M",0,0.25,1,"HIGH MED HIGH",NA
11,2,191.668572100416,17,7,7.50016237430376,"M",0,0.25,1,"HIGH MED HIGH",NA
11,3,194.689266692237,17,7,7.50059359555283,"M",0,0.25,1,"HIGH MED HIGH",NA
11,4,161.687016825816,14,4,4.49795839572843,"M",0,0.25,1,"HIGH MED HIGH",NA
11,5,205.818528075409,17,7,7.49797472372429,"M",0,0.25,1,"HIGH MED HIGH",NA
11,6,147.741287380914,13,3,3.50079795885043,"M",0,0.25,1,"HIGH MED HIGH",NA
11,7,136.602087444271,13,3,3.49956403284106,"M",0,0.25,1,"HIGH MED HIGH",NA
11,8,174.847777000207,19,9,9.4991358948821,"M",0,0.25,1,"HIGH MED HIGH",NA
11,9,202.340725159209,17,7,7.5013592358431,"M",0,0.25,1,"HIGH MED HIGH",NA
11,10,63.592073306846,10,0,0.498519961800234,"M",0,0.25,1,"HIGH MED HIGH",NA
11,11,205.346598083293,18,8,8.50083294447962,"M",0,0.25,1,"HIGH MED HIGH",NA
11,12,133.774640119146,13,3,3.50034806875092,"M",0,0.25,1,"HIGH MED HIGH",NA
12,1,173.537047736053,15,4,4.49793870975463,"M",0,0.25,1,"HIGH MED HIGH",NA
12,2,192.317909353142,24,13,13.5004290541963,"M",0,0.25,1,"HIGH MED HIGH",NA
12,3,126.207026683837,13,2,2.50095808483399,"M",0,0.25,1,"HIGH MED HIGH",NA
12,4,65.6691023192748,11,0,0.499271820147566,"M",0,0.25,1,"HIGH MED HIGH",NA
12,5,125.249713621222,13,2,2.50077217008734,"M",0,0.25,1,"HIGH MED HIGH",NA
12,6,63.1852189110804,11,0,0.500889122464394,"M",0,0.25,1,"HIGH MED HIGH",NA
12,7,66.3620514038717,11,0,0.500841106125897,"M",0,0.25,1,"HIGH MED HIGH",NA
12,8,143.577049134255,14,3,3.49969516698247,"M",0,0.25,1,"HIGH MED HIGH",NA
12,9,131.75054523608,13,2,2.49788791625671,"M",0,0.25,1,"HIGH MED HIGH",NA
12,10,153.894047296509,14,3,3.50157987968057,"M",0,0.25,1,"HIGH MED HIGH",NA
12,11,127.789172717609,13,2,2.50101344099107,"M",0,0.25,1,"HIGH MED HIGH",NA
12,12,159.512115179069,15,4,4.50006334513362,"M",0,0.25,1,"HIGH MED HIGH",NA
12,13,132.621510779716,14,3,3.50026335960208,"M",0,0.25,1,"HIGH MED HIGH",NA
13,1,135.953889270385,15,3,3.50217374119284,"M",0,0.25,1,"HIGH MED HIGH",NA
13,2,100.779668833539,13,1,1.49917293005705,"M",0,0.25,1,"HIGH MED HIGH",NA
13,3,160.897281700259,17,5,5.49920929849598,"M",0,0.25,1,"HIGH MED HIGH",NA
13,4,119.352159689616,14,2,2.50120154565801,"M",0,0.25,1,"HIGH MED HIGH",NA
13,5,188.698546810858,19,7,7.50110069680292,"M",0,0.25,1,"HIGH MED HIGH",NA
13,6,93.8348876912215,13,1,1.50090667141074,"M",0,0.25,1,"HIGH MED HIGH",NA
13,7,128.341242753625,15,3,3.49825612250265,"M",0,0.25,1,"HIGH MED HIGH",NA
13,8,96.724616952582,13,1,1.50058284167466,"M",0,0.25,1,"HIGH MED HIGH",NA
13,9,140.476573613174,15,3,3.5001850398907,"M",0,0.25,1,"HIGH MED HIGH",NA
13,10,139.135446180502,14,2,2.49990088423346,"M",0,0.25,1,"HIGH MED HIGH",NA
14,1,96.9046421375702,14,1,1.49973200412662,"M",0,0.25,1,"HIGH MED HIGH",NA
14,2,98.8330023627678,14,1,1.49966864256358,"M",0,0.25,1,"HIGH MED HIGH",NA
14,3,97.800272505943,14,1,1.49996673340205,"M",0,0.25,1,"HIGH MED HIGH",NA
14,4,182.279695690051,18,5,5.50056426552268,"M",0,0.25,1,"HIGH MED HIGH",NA
14,5,159.998764110181,17,4,4.49996205340608,"M",0,0.25,1,"HIGH MED HIGH",NA
14,6,250.834618371428,26,13,13.5001054488748,"M",0,0.25,1,"HIGH MED HIGH",NA
14,7,157.587177584587,16,3,3.49844512150783,"M",0,0.25,1,"HIGH MED HIGH",NA
14,8,176.82459001729,18,5,5.49937942298855,"M",0,0.25,1,"HIGH MED HIGH",NA
14,9,177.150163896284,23,10,10.4991084632014,"M",0,0.25,1,"HIGH MED HIGH",NA
14,10,149.123141492582,16,3,3.49869367341317,"M",0,0.25,1,"HIGH MED HIGH",NA
14,11,62.1610833136752,13,0,0.500575430010781,"M",0,0.25,1,"HIGH MED HIGH",NA
14,12,201.922881132455,18,5,5.49745023413645,"M",0,0.25,1,"HIGH MED HIGH",NA
14,13,137.249991889265,15,2,2.49992396041707,"M",0,0.25,1,"HIGH MED HIGH",NA
15,1,61.540793064037,14,0,0.501290424872739,"M",0,0.25,1,"HIGH MED HIGH",NA
15,2,63.2385907378471,14,0,0.499199946052514,"M",0,0.25,1,"HIGH MED HIGH",NA
15,3,157.018290754405,18,4,4.50016828444901,"M",0,0.25,1,"HIGH MED HIGH",NA
15,4,196.838470841836,22,8,8.49945318120782,"M",0,0.25,1,"HIGH MED HIGH",NA
15,5,61.2361754217584,14,0,0.500858762438135,"M",0,0.25,1,"HIGH MED HIGH",NA
15,6,140.962739950281,17,3,3.49927712176776,"M",0,0.25,1,"HIGH MED HIGH",NA
15,7,96.7787134461392,15,1,1.5007238534009,"M",0,0.25,1,"HIGH MED HIGH",NA
15,8,123.066755161827,16,2,2.49903711680516,"M",0,0.25,1,"HIGH MED HIGH",NA
15,9,102.863690604001,15,1,1.50049514821235,"M",0,0.25,1,"HIGH MED HIGH",NA
15,10,63.1995981478677,14,0,0.49941289394716,"M",0,0.25,1,"HIGH MED HIGH",NA
15,11,167.282713581492,20,6,6.50100338914248,"M",0,0.25,1,"HIGH MED HIGH",NA
16,1,151.984316220667,18,3,3.50157527575537,"M",0,0.25,1,"HIGH MED HIGH",NA
16,2,63.564863253809,15,0,0.500135241334722,"M",0,0.25,1,"HIGH MED HIGH",NA
16,3,161.391739947792,18,3,3.50015472530823,"M",0,0.25,1,"HIGH MED HIGH",NA
16,4,165.321881995975,19,4,4.50154510770667,"M",0,0.25,1,"HIGH MED HIGH",NA
16,5,125.448907561467,17,2,2.49954463571472,"M",0,0.25,1,"HIGH MED HIGH",NA
16,6,196.434384251195,21,6,6.50072745654235,"M",0,0.25,1,"HIGH MED HIGH",NA
16,7,124.630107901421,17,2,2.49937960153343,"M",0,0.25,1,"HIGH MED HIGH",NA
16,8,101.854256983896,16,1,1.50066840626073,"M",0,0.25,1,"HIGH MED HIGH",NA
16,9,164.770212367069,19,4,4.49840802602814,"M",0,0.25,1,"HIGH MED HIGH",NA
16,10,196.71856652475,21,6,6.49938142233698,"M",0,0.25,1,"HIGH MED HIGH",NA
16,11,180.5003408586,20,5,5.49910317318216,"M",0,0.25,1,"HIGH MED HIGH",NA
16,12,140.753952724166,18,3,3.50202665638305,"M",0,0.25,1,"HIGH MED HIGH",NA
17,1,98.0177938220505,17,1,1.49996755049051,"M",0,0.25,1,"HIGH MED HIGH",NA
17,2,95.6871539620994,17,1,1.49934018715226,"M",0,0.25,1,"HIGH MED HIGH",NA
17,3,179.515559521924,21,5,5.49891272612833,"M",0,0.25,1,"HIGH MED HIGH",NA
17,4,164.349537245662,20,4,4.49880351439157,"M",0,0.25,1,"HIGH MED HIGH",NA
17,5,123.030166516242,18,2,2.49919179107696,"M",0,0.25,1,"HIGH MED HIGH",NA
17,6,88.0881140707438,17,1,1.49999220779803,"M",0,0.25,1,"HIGH MED HIGH",NA
17,7,163.464260002363,20,4,4.49971724778476,"M",0,0.25,1,"HIGH MED HIGH",NA
17,8,63.4091140715036,16,0,0.502924564549698,"M",0,0.25,1,"HIGH MED HIGH",NA
17,9,181.66557981462,21,5,5.49859985923569,"M",0,0.25,1,"HIGH MED HIGH",NA
17,10,100.778184377279,17,1,1.49926268300142,"M",0,0.25,1,"HIGH MED HIGH",NA
17,11,61.8270909433365,16,0,0.500044296763654,"M",0,0.25,1,"HIGH MED HIGH",NA
17,12,176.700209321602,21,5,5.50013189500221,"M",0,0.25,1,"HIGH MED HIGH",NA
18,1,171.769575413553,23,6,6.49800591093223,"M",0,0.25,1,"HIGH MED HIGH",NA
18,2,164.395142233656,21,4,4.4995875385545,"M",0,0.25,1,"HIGH MED HIGH",NA
18,3,61.6616133454871,17,0,0.498447539375496,"M",0,0.25,1,"HIGH MED HIGH",NA
18,4,62.2785344187418,17,0,0.499716145997469,"M",0,0.25,1,"HIGH MED HIGH",NA
18,5,61.3018749514991,17,0,0.500509044144863,"M",0,0.25,1,"HIGH MED HIGH",NA
18,6,64.4171925595123,17,0,0.498350140819385,"M",0,0.25,1,"HIGH MED HIGH",NA
18,7,65.3813251013985,17,0,0.501976653305005,"M",0,0.25,1,"HIGH MED HIGH",NA
18,8,63.1873540100964,17,0,0.50019609422765,"M",0,0.25,1,"HIGH MED HIGH",NA
18,9,184.958522550788,30,13,13.4997828173447,"M",0,0.25,1,"HIGH MED HIGH",NA
18,10,98.574028036799,18,1,1.50061597970265,"M",0,0.25,1,"HIGH MED HIGH",NA
18,11,63.0579386473445,17,0,0.499362303511089,"M",0,0.25,1,"HIGH MED HIGH",NA
18,12,173.157283911202,21,4,4.499951044941,"M",0,0.25,1,"HIGH MED HIGH",NA
19,1,96.7228710742405,19,1,1.49820550505457,"M",0,0.25,1,"HIGH MED HIGH",NA
19,2,192.990183499596,27,9,9.49887916437733,"M",0,0.25,1,"HIGH MED HIGH",NA
19,3,104.46357308325,19,1,1.5000726681993,"M",0,0.25,1,"HIGH MED HIGH",NA
19,4,188.87145577732,25,7,7.49925796292794,"M",0,0.25,1,"HIGH MED HIGH",NA
19,5,63.010132086127,18,0,0.501780500557738,"M",0,0.25,1,"HIGH MED HIGH",NA
19,6,62.0360633432341,18,0,0.499907251546807,"M",0,0.25,1,"HIGH MED HIGH",NA
19,7,129.682242808594,20,2,2.4987968379077,"M",0,0.25,1,"HIGH MED HIGH",NA
19,8,136.444362096962,21,3,3.50006968167462,"M",0,0.25,1,"HIGH MED HIGH",NA
19,9,142.219343564795,21,3,3.50019490255837,"M",0,0.25,1,"HIGH MED HIGH",NA
19,10,94.7947152731365,19,1,1.50050680292246,"M",0,0.25,1,"HIGH MED HIGH",NA
19,11,121.629161156164,20,2,2.49827429540461,"M",0,0.25,1,"HIGH MED HIGH",NA
19,12,233.335830591038,25,7,7.50114498104926,"M",0,0.25,1,"HIGH MED HIGH",NA
19,13,101.115476888708,19,1,1.50099015608931,"M",0,0.25,1,"HIGH MED HIGH",NA
20,1,204.380969963916,26,7,7.50065514191811,"M",0,0.25,1,"HIGH MED HIGH",NA
20,2,208.956628086011,26,7,7.50000496514608,"M",0,0.25,1,"HIGH MED HIGH",NA
20,3,95.3134077516747,20,1,1.49812627649375,"M",0,0.25,1,"HIGH MED HIGH",NA
20,4,63.7923539879716,19,0,0.500346972278518,"M",0,0.25,1,"HIGH MED HIGH",NA
20,5,102.722855010672,20,1,1.49985441358327,"M",0,0.25,1,"HIGH MED HIGH",NA
20,6,61.8989406222565,19,0,0.500428874818797,"M",0,0.25,1,"HIGH MED HIGH",NA
20,7,172.705938490914,24,5,5.49991632214327,"M",0,0.25,1,"HIGH MED HIGH",NA
20,8,183.961070340593,33,14,14.500504732522,"M",0,0.25,1,"HIGH MED HIGH",NA
20,9,62.2201224379113,19,0,0.501220172830835,"M",0,0.25,1,"HIGH MED HIGH",NA
20,10,169.990971923317,23,4,4.50015940814362,"M",0,0.25,1,"HIGH MED HIGH",NA
20,11,62.6830938440464,19,0,0.501141112765239,"M",0,0.25,1,"HIGH MED HIGH",NA
20,12,225.577433772127,30,11,11.5008312960286,"M",0,0.25,1,"HIGH MED HIGH",NA
20,13,165.054346010673,24,5,5.50112088216825,"M",0,0.25,1,"HIGH MED HIGH",NA
21,1,171.267269199115,25,5,5.49876743849963,"M",0,0.25,1,"HIGH MED HIGH",NA
21,2,172.794191570533,26,6,6.50099389983831,"M",0,0.25,1,"HIGH MED HIGH",NA
21,3,131.795362028391,22,2,2.49854392923904,"M",0,0.25,1,"HIGH MED HIGH",NA
21,4,160.287403518836,24,4,4.50151089283865,"M",0,0.25,1,"HIGH MED HIGH",NA
21,5,145.612509851948,24,4,4.49902196339023,"M",0,0.25,1,"HIGH MED HIGH",NA
21,6,91.9877038083825,21,1,1.50211187404247,"M",0,0.25,1,"HIGH MED HIGH",NA
21,7,218.604121735291,29,9,9.49938790546451,"M",0,0.25,1,"HIGH MED HIGH",NA
21,8,64.1881227466426,20,0,0.500391794961994,"M",0,0.25,1,"HIGH MED HIGH",NA
21,9,173.58429620136,24,4,4.50043338352187,"M",0,0.25,1,"HIGH MED HIGH",NA
21,10,189.312936402797,26,6,6.49817309000378,"M",0,0.25,1,"HIGH MED HIGH",NA
21,11,145.928057993239,23,3,3.49962491633565,"M",0,0.25,1,"HIGH MED HIGH",NA
21,12,155.647897567704,24,4,4.49836034416572,"M",0,0.25,1,"HIGH MED HIGH",NA
22,1,59.2124823051414,21,0,0.499457824031205,"M",0,0.25,1,"HIGH MED HIGH",NA
22,2,61.9926790206863,21,0,0.501484718095187,"M",0,0.25,1,"HIGH MED HIGH",NA
22,3,91.5431491840662,22,1,1.5006579446187,"M",0,0.25,1,"HIGH MED HIGH",NA
22,4,163.708459825975,25,4,4.5019641023199,"M",0,0.25,1,"HIGH MED HIGH",NA
22,5,96.2450674897062,22,1,1.49876857521503,"M",0,0.25,1,"HIGH MED HIGH",NA
22,6,152.823722906248,24,3,3.49963872202192,"M",0,0.25,1,"HIGH MED HIGH",NA
22,7,163.097557354406,24,3,3.50012037789846,"M",0,0.25,1,"HIGH MED HIGH",NA
22,8,99.7786725198919,22,1,1.50125872223372,"M",0,0.25,1,"HIGH MED HIGH",NA
22,9,95.5435007328334,22,1,1.50230782919816,"M",0,0.25,1,"HIGH MED HIGH",NA
22,10,208.325361274779,35,14,14.5000421679344,"M",0,0.25,1,"HIGH MED HIGH",NA
22,11,215.363311698147,32,11,11.4994872428062,"M",0,0.25,1,"HIGH MED HIGH",NA
22,12,64.421354249442,21,0,0.499054137639248,"M",0,0.25,1,"HIGH MED HIGH",NA
23,1,132.233446817472,24,2,2.50120353140206,"M",0,0.25,1,"HIGH MED HIGH",NA
23,2,62.8396403825149,22,0,0.499981613948431,"M",0,0.25,1,"HIGH MED HIGH",NA
23,3,63.6487741530742,22,0,0.500223968299125,"M",0,0.25,1,"HIGH MED HIGH",NA
23,4,131.993164836294,24,2,2.49927652596067,"M",0,0.25,1,"HIGH MED HIGH",NA
23,5,165.260804843536,26,4,4.49969372122398,"M",0,0.25,1,"HIGH MED HIGH",NA
23,6,96.3072833061168,23,1,1.50058777229073,"M",0,0.25,1,"HIGH MED HIGH",NA
23,7,62.9832189433139,22,0,0.498790566622443,"M",0,0.25,1,"HIGH MED HIGH",NA
23,8,98.0856946789271,23,1,1.50055261508347,"M",0,0.25,1,"HIGH MED HIGH",NA
23,9,105.336435966915,23,1,1.49887319245601,"M",0,0.25,1,"HIGH MED HIGH",NA
23,10,100.271669239832,23,1,1.49902821553693,"M",0,0.25,1,"HIGH MED HIGH",NA
23,11,161.736102023951,26,4,4.5002071831321,"M",0,0.25,1,"HIGH MED HIGH",NA
24,1,64.3732140382516,23,0,0.501194495105807,"M",0,0.25,1,"HIGH MED HIGH",NA
24,2,64.6233153909375,23,0,0.500915016235776,"M",0,0.25,1,"HIGH MED HIGH",NA
24,3,60.1157242203747,23,0,0.500942107178763,"M",0,0.25,1,"HIGH MED HIGH",NA
24,4,167.191682463085,27,4,4.5005464634223,"M",0,0.25,1,"HIGH MED HIGH",NA
24,5,170.221993361697,27,4,4.49980905150504,"M",0,0.25,1,"HIGH MED HIGH",NA
24,6,61.312827967373,23,0,0.501338418365578,"M",0,0.25,1,"HIGH MED HIGH",NA
24,7,160.866551715082,28,5,5.49832638952954,"M",0,0.25,1,"HIGH MED HIGH",NA
24,8,245.82220154946,37,14,14.5014433139643,"M",0,0.25,1,"HIGH MED HIGH",NA
24,9,155.781294236478,26,3,3.49899713995363,"M",0,0.25,1,"HIGH MED HIGH",NA
24,10,178.005910347655,29,6,6.50016196475651,"M",0,0.25,1,"HIGH MED HIGH",NA
24,11,64.4773100670425,23,0,0.50020120217367,"M",0,0.25,1,"HIGH MED HIGH",NA
24,12,62.2125450758096,23,0,0.499723525875993,"M",0,0.25,1,"HIGH MED HIGH",NA
24,13,212.247370571604,31,8,8.50264183332964,"M",0,0.25,1,"HIGH MED HIGH",NA
24,14,186.238290510213,29,6,6.50148975927454,"M",0,0.25,1,"HIGH MED HIGH",NA
24,15,126.426262031038,25,2,2.49959356286615,"M",0,0.25,1,"HIGH MED HIGH",NA
25,1,124.275771727415,26,2,2.50047787472604,"M",0,0.25,1,"HIGH MED HIGH",NA
25,2,63.1228455352005,24,0,0.499912646596103,"M",0,0.25,1,"HIGH MED HIGH",NA
25,3,181.240193150212,31,7,7.49936218116598,"M",0,0.25,1,"HIGH MED HIGH",NA
25,4,188.561357543376,29,5,5.49941828369514,"M",0,0.25,1,"HIGH MED HIGH",NA
25,5,125.462408665433,27,3,3.49968032279438,"M",0,0.25,1,"HIGH MED HIGH",NA
25,6,61.1892580829181,24,0,0.497880619268763,"M",0,0.25,1,"HIGH MED HIGH",NA
25,7,126.127216569104,26,2,2.50038256685217,"M",0,0.25,1,"HIGH MED HIGH",NA
25,8,213.767282002426,37,13,13.5000156066592,"M",0,0.25,1,"HIGH MED HIGH",NA
25,9,175.749644460011,34,10,10.499344343136,"M",0,0.25,1,"HIGH MED HIGH",NA
25,10,63.3605043549675,24,0,0.502049652547327,"M",0,0.25,1,"HIGH MED HIGH",NA
25,11,127.375785996344,26,2,2.50071888755581,"M",0,0.25,1,"HIGH MED HIGH",NA
26,1,145.032013154804,28,3,3.50013711967717,"M",0,0.25,1,"HIGH MED HIGH",NA
26,2,151.980281672327,28,3,3.5002295759437,"M",0,0.25,1,"HIGH MED HIGH",NA
26,3,101.724661392866,26,1,1.49917372999747,"M",0,0.25,1,"HIGH MED HIGH",NA
26,4,170.200022505545,29,4,4.49990308977954,"M",0,0.25,1,"HIGH MED HIGH",NA
26,5,62.4019925339304,25,0,0.4988569588386,"M",0,0.25,1,"HIGH MED HIGH",NA
26,6,64.5502827737941,25,0,0.500280580449259,"M",0,0.25,1,"HIGH MED HIGH",NA
26,7,131.336583498383,27,2,2.49835485790118,"M",0,0.25,1,"HIGH MED HIGH",NA
26,8,93.2266076254555,26,1,1.50088025543177,"M",0,0.25,1,"HIGH MED HIGH",NA
26,9,92.7924396068656,26,1,1.49932278747733,"M",0,0.25,1,"HIGH MED HIGH",NA
26,10,96.6141217623149,26,1,1.49991250222669,"M",0,0.25,1,"HIGH MED HIGH",NA
26,11,209.213035132707,32,7,7.50003156205226,"M",0,0.25,1,"HIGH MED HIGH",NA
26,12,62.1543854309972,25,0,0.498442797377772,"M",0,0.25,1,"HIGH MED HIGH",NA
27,1,62.5912604819455,26,0,0.500109288185359,"M",0,0.25,1,"HIGH MED HIGH",NA
27,2,61.8072832370838,26,0,0.50088405742287,"M",0,0.25,1,"HIGH MED HIGH",NA
27,3,63.016724968508,26,0,0.502481169522753,"M",0,0.25,1,"HIGH MED HIGH",NA
27,4,123.329140443478,28,2,2.50051042240327,"M",0,0.25,1,"HIGH MED HIGH",NA
27,5,159.702458769395,29,3,3.5008414191817,"M",0,0.25,1,"HIGH MED HIGH",NA
27,6,228.516554477218,34,8,8.49945932963334,"M",0,0.25,1,"HIGH MED HIGH",NA
27,7,62.3983267343814,26,0,0.501188245033439,"M",0,0.25,1,"HIGH MED HIGH",NA
27,8,154.355479182366,29,3,3.50040083673748,"M",0,0.25,1,"HIGH MED HIGH",NA
27,9,126.352703111062,28,2,2.50019572920378,"M",0,0.25,1,"HIGH MED HIGH",NA
27,10,64.5262477223694,26,0,0.499980134093566,"M",0,0.25,1,"HIGH MED HIGH",NA
28,1,63.2169283829496,27,0,0.499644434208366,"M",0,0.25,1,"HIGH MED HIGH",NA
28,2,95.3008803061997,28,1,1.49995776205145,"M",0,0.25,1,"HIGH MED HIGH",NA
28,3,152.370365994205,30,3,3.49991282838836,"M",0,0.25,1,"HIGH MED HIGH",NA
28,4,199.611925200448,34,7,7.49934241489197,"M",0,0.25,1,"HIGH MED HIGH",NA
28,5,198.03609602571,34,7,7.49980672472941,"M",0,0.25,1,"HIGH MED HIGH",NA
28,6,91.2862049687433,28,1,1.49962965802423,"M",0,0.25,1,"HIGH MED HIGH",NA
28,7,65.2687946621157,27,0,0.50096557268062,"M",0,0.25,1,"HIGH MED HIGH",NA
28,8,98.0401452431843,28,1,1.49920443906751,"M",0,0.25,1,"HIGH MED HIGH",NA
28,9,182.551820248927,34,7,7.50046081210599,"M",0,0.25,1,"HIGH MED HIGH",NA
28,10,126.617386879211,29,2,2.49882612875384,"M",0,0.25,1,"HIGH MED HIGH",NA
28,11,161.537852083916,33,6,6.50246645062321,"M",0,0.25,1,"HIGH MED HIGH",NA
28,12,192.308287524464,33,6,6.50015705345667,"M",0,0.25,1,"HIGH MED HIGH",NA
28,13,158.127072377809,30,3,3.49958722605051,"M",0,0.25,1,"HIGH MED HIGH",NA
29,1,167.050156621051,32,4,4.49940400013983,"M",0,0.25,1,"HIGH MED HIGH",NA
29,2,125.899683062702,30,2,2.50010595639992,"M",0,0.25,1,"HIGH MED HIGH",NA
29,3,63.4838918622073,28,0,0.499753123864226,"M",0,0.25,1,"HIGH MED HIGH",NA
29,4,180.612354071394,33,5,5.50166292148041,"M",0,0.25,1,"HIGH MED HIGH",NA
29,5,99.9242902647424,29,1,1.49863192728218,"M",0,0.25,1,"HIGH MED HIGH",NA
29,6,128.412861560005,30,2,2.50219788097429,"M",0,0.25,1,"HIGH MED HIGH",NA
29,7,64.3522246466605,28,0,0.500875952763846,"M",0,0.25,1,"HIGH MED HIGH",NA
29,8,59.6552336741099,28,0,0.50095429557187,"M",0,0.25,1,"HIGH MED HIGH",NA
29,9,61.2327553937161,28,0,0.5016313572789,"M",0,0.25,1,"HIGH MED HIGH",NA
29,10,95.9570789739182,29,1,1.50158661151831,"M",0,0.25,1,"HIGH MED HIGH",NA
29,11,246.171135339548,39,11,11.5006695170431,"M",0,0.25,1,"HIGH MED HIGH",NA
29,12,213.359952678886,37,9,9.49937358595168,"M",0,0.25,1,"HIGH MED HIGH",NA
30,1,146.738117298868,32,3,3.49982817101466,"M",0,0.25,1,"HIGH MED HIGH",NA
30,2,61.7712198797592,29,0,0.499343640895688,"M",0,0.25,1,"HIGH MED HIGH",NA
30,3,94.4941772527951,30,1,1.5008046781675,"M",0,0.25,1,"HIGH MED HIGH",NA
30,4,188.043815356341,34,5,5.50223916783825,"M",0,0.25,1,"HIGH MED HIGH",NA
30,5,100.519863874597,30,1,1.4995844358304,"M",0,0.25,1,"HIGH MED HIGH",NA
30,6,167.608838010032,33,4,4.49971160394704,"M",0,0.25,1,"HIGH MED HIGH",NA
30,7,64.0325971477135,29,0,0.500660680728731,"M",0,0.25,1,"HIGH MED HIGH",NA
30,8,63.0713989406686,29,0,0.499989251831742,"M",0,0.25,1,"HIGH MED HIGH",NA
30,9,61.9160183491505,29,0,0.501068167237985,"M",0,0.25,1,"HIGH MED HIGH",NA
30,10,58.8756659917403,29,0,0.500556389651652,"M",0,0.25,1,"HIGH MED HIGH",NA
30,11,95.6212789783051,30,1,1.49953104509369,"M",0,0.25,1,"HIGH MED HIGH",NA
30,12,102.362748085864,30,1,1.4986163152564,"M",0,0.25,1,"HIGH MED HIGH",NA
31,1,59.7137217703305,30,0,0.498468018780346,"M",0,0.25,1,"HIGH MED HIGH",NA
31,2,63.2456623654289,30,0,0.498559457328477,"M",0,0.25,1,"HIGH MED HIGH",NA
31,3,179.002644661458,34,4,4.49983042416948,"M",0,0.25,1,"HIGH MED HIGH",NA
31,4,141.527336021505,33,3,3.49948441209763,"M",0,0.25,1,"HIGH MED HIGH",NA
31,5,219.49217686537,38,8,8.498643273151,"M",0,0.25,1,"HIGH MED HIGH",NA
31,6,131.206691172421,32,2,2.50113366180337,"M",0,0.25,1,"HIGH MED HIGH",NA
31,7,133.921367445291,32,2,2.50215378397603,"M",0,0.25,1,"HIGH MED HIGH",NA
31,8,94.2753383552355,31,1,1.50040745978465,"M",0,0.25,1,"HIGH MED HIGH",NA
31,9,137.866438001905,33,3,3.49931942450931,"M",0,0.25,1,"HIGH MED HIGH",NA
31,10,61.8353819567361,30,0,0.498489718467806,"M",0,0.25,1,"HIGH MED HIGH",NA
31,11,214.263561283733,37,7,7.50103423109557,"M",0,0.25,1,"HIGH MED HIGH",NA
31,12,143.386480229982,33,3,3.49996416654574,"M",0,0.25,1,"HIGH MED HIGH",NA
32,1,166.443253141009,36,5,5.50134026574173,"M",0,0.25,1,"HIGH MED HIGH",NA
32,2,99.9025327677117,32,1,1.50091119687029,"M",0,0.25,1,"HIGH MED HIGH",NA
32,3,178.238624170924,35,4,4.50049380959177,"M",0,0.25,1,"HIGH MED HIGH",NA
32,4,64.4896997209666,31,0,0.499456371179906,"M",0,0.25,1,"HIGH MED HIGH",NA
32,5,127.794511709837,33,2,2.49905982570997,"M",0,0.25,1,"HIGH MED HIGH",NA
32,6,163.038437748873,36,5,5.50117387777521,"M",0,0.25,1,"HIGH MED HIGH",NA
32,7,64.4584323149325,31,0,0.499693095587338,"M",0,0.25,1,"HIGH MED HIGH",NA
32,8,61.9563376319657,31,0,0.500448150893643,"M",0,0.25,1,"HIGH MED HIGH",NA
32,9,59.6424640678058,31,0,0.501175069138018,"M",0,0.25,1,"HIGH MED HIGH",NA
32,10,192.362948462726,36,5,5.50110153500281,"M",0,0.25,1,"HIGH MED HIGH",NA
32,11,63.6789270183539,31,0,0.500584039521131,"M",0,0.25,1,"HIGH MED HIGH",NA
33,1,99.4346559348875,33,1,1.50019020428539,"M",0,0.25,1,"HIGH MED HIGH",NA
33,2,64.6409336059018,32,0,0.500744842308915,"M",0,0.25,1,"HIGH MED HIGH",NA
33,3,180.292843555789,37,5,5.49950456730406,"M",0,0.25,1,"HIGH MED HIGH",NA
33,4,99.6041906911597,33,1,1.50056812776616,"M",0,0.25,1,"HIGH MED HIGH",NA
33,5,158.737852689332,35,3,3.49957615976763,"M",0,0.25,1,"HIGH MED HIGH",NA
33,6,62.4879925330067,32,0,0.498577481219147,"M",0,0.25,1,"HIGH MED HIGH",NA
33,7,96.7736862667444,33,1,1.50063895840985,"M",0,0.25,1,"HIGH MED HIGH",NA
33,8,98.6390870918354,33,1,1.50115083068067,"M",0,0.25,1,"HIGH MED HIGH",NA
33,9,180.640866178407,38,6,6.49855359938502,"M",0,0.25,1,"HIGH MED HIGH",NA
33,10,61.2758217274565,32,0,0.498275286748218,"M",0,0.25,1,"HIGH MED HIGH",NA
33,11,176.129310212845,37,5,5.50044073214144,"M",0,0.25,1,"HIGH MED HIGH",NA
33,12,204.834442615051,40,8,8.50046583497691,"M",0,0.25,1,"HIGH MED HIGH",NA
34,1,139.864458720715,36,3,3.49831216509046,"M",0,0.25,1,"HIGH MED HIGH",NA
34,2,60.9304823512239,33,0,0.498801300180821,"M",0,0.25,1,"HIGH MED HIGH",NA
34,3,61.2178448648022,33,0,0.500750001891548,"M",0,0.25,1,"HIGH MED HIGH",NA
34,4,91.0212277679852,34,1,1.5013776418126,"M",0,0.25,1,"HIGH MED HIGH",NA
34,5,95.1384334460984,34,1,1.50040118258401,"M",0,0.25,1,"HIGH MED HIGH",NA
34,6,160.905797514268,36,3,3.49968594661588,"M",0,0.25,1,"HIGH MED HIGH",NA
34,7,170.956562293927,38,5,5.49908700829698,"M",0,0.25,1,"HIGH MED HIGH",NA
34,8,129.279178099112,35,2,2.49931826745292,"M",0,0.25,1,"HIGH MED HIGH",NA
34,9,173.603229641164,37,4,4.5005601221517,"M",0,0.25,1,"HIGH MED HIGH",NA
34,10,94.898870011316,34,1,1.4999626644334,"M",0,0.25,1,"HIGH MED HIGH",NA
34,11,92.6931111970058,34,1,1.50151387643361,"M",0,0.25,1,"HIGH MED HIGH",NA
34,12,63.0680304020807,33,0,0.500023359259069,"M",0,0.25,1,"HIGH MED HIGH",NA
34,13,182.946805814363,39,6,6.50046877367476,"M",0,0.25,1,"HIGH MED HIGH",NA
34,14,62.6025355667455,33,0,0.501171058824843,"M",0,0.25,1,"HIGH MED HIGH",NA
35,1,142.768238054512,37,3,3.49938210432617,"M",0,0.25,1,"HIGH MED HIGH",NA
35,2,91.8569493790272,35,1,1.4996762376603,"M",0,0.25,1,"HIGH MED HIGH",NA
35,3,61.945922573428,34,0,0.499930754500305,"M",0,0.25,1,"HIGH MED HIGH",NA
35,4,226.276248755821,43,9,9.5012293201976,"M",0,0.25,1,"HIGH MED HIGH",NA
35,5,98.409856414426,35,1,1.49827150126033,"M",0,0.25,1,"HIGH MED HIGH",NA
35,6,63.3182816317178,34,0,0.499277509467202,"M",0,0.25,1,"HIGH MED HIGH",NA
35,7,131.989696591526,36,2,2.500153220998,"M",0,0.25,1,"HIGH MED HIGH",NA
35,8,94.2329802404625,35,1,1.50050486973781,"M",0,0.25,1,"HIGH MED HIGH",NA
35,9,134.697108360691,37,3,3.50020555176661,"M",0,0.25,1,"HIGH MED HIGH",NA
35,10,62.3494944998588,34,0,0.498977886949908,"M",0,0.25,1,"HIGH MED HIGH",NA
35,11,60.6364331932263,34,0,0.499671762546799,"M",0,0.25,1,"HIGH MED HIGH",NA
35,12,184.838915535004,43,9,9.5010290064604,"M",0,0.25,1,"HIGH MED HIGH",NA
35,13,61.1175362599145,34,0,0.499277597734932,"M",0,0.25,1,"HIGH MED HIGH",NA
35,14,60.6674424802711,34,0,0.49785862785647,"M",0,0.25,1,"HIGH MED HIGH",NA
36,1,188.164648216398,42,7,7.49906239976244,"M",0,0.25,1,"HIGH MED HIGH",NA
36,2,60.6765019319539,35,0,0.498732876756344,"M",0,0.25,1,"HIGH MED HIGH",NA
36,3,197.806431901081,40,5,5.50022226862748,"M",0,0.25,1,"HIGH MED HIGH",NA
36,4,130.750019628963,37,2,2.49894870690338,"M",0,0.25,1,"HIGH MED HIGH",NA
36,5,154.343752041237,38,3,3.49984369443572,"M",0,0.25,1,"HIGH MED HIGH",NA
36,6,109.658493640841,36,1,1.49962802957258,"M",0,0.25,1,"HIGH MED HIGH",NA
36,7,220.538073320692,45,10,10.4996208291891,"M",0,0.25,1,"HIGH MED HIGH",NA
36,8,151.256824548068,38,3,3.50074526383064,"M",0,0.25,1,"HIGH MED HIGH",NA
36,9,100.231084730895,36,1,1.50013312728774,"M",0,0.25,1,"HIGH MED HIGH",NA
36,10,166.553979299741,39,4,4.4980007114913,"M",0,0.25,1,"HIGH MED HIGH",NA
36,11,90.8786028231207,36,1,1.4998023057777,"M",0,0.25,1,"HIGH MED HIGH",NA
36,12,63.1077108924657,35,0,0.502060382238096,"M",0,0.25,1,"HIGH MED HIGH",NA
36,13,125.947499152675,37,2,2.50027400732001,"M",0,0.25,1,"HIGH MED HIGH",NA
36,14,146.221518560265,38,3,3.49829103457249,"M",0,0.25,1,"HIGH MED HIGH",NA
37,1,106.508477424901,37,1,1.50061139618332,"M",0,0.25,1,"HIGH MED HIGH",NA
37,2,127.485470677721,38,2,2.49989322184235,"M",0,0.25,1,"HIGH MED HIGH",NA
37,3,99.0833533312045,37,1,1.5014118823259,"M",0,0.25,1,"HIGH MED HIGH",NA
37,4,140.224177055702,39,3,3.50080022680344,"M",0,0.25,1,"HIGH MED HIGH",NA
37,5,64.6015714936222,36,0,0.501006911977851,"M",0,0.25,1,"HIGH MED HIGH",NA
37,6,128.294353372538,38,2,2.49976627006387,"M",0,0.25,1,"HIGH MED HIGH",NA
37,7,163.455744534074,40,4,4.50061783013893,"M",0,0.25,1,"HIGH MED HIGH",NA
37,8,61.8734636411327,36,0,0.501616449614353,"M",0,0.25,1,"HIGH MED HIGH",NA
37,9,97.8040469466799,37,1,1.50022777128838,"M",0,0.25,1,"HIGH MED HIGH",NA
37,10,99.2660396125816,37,1,1.49958813311482,"M",0,0.25,1,"HIGH MED HIGH",NA
37,11,182.996386324343,48,12,12.5005741101789,"M",0,0.25,1,"HIGH MED HIGH",NA
38,1,188.763412968202,47,10,10.5007675181457,"M",0,0.25,1,"HIGH MED HIGH",NA
38,2,64.13563428665,37,0,0.500375516732779,"M",0,0.25,1,"HIGH MED HIGH",NA
38,3,62.878420776436,37,0,0.500819849006156,"M",0,0.25,1,"HIGH MED HIGH",NA
38,4,62.937856972775,37,0,0.501890043410433,"M",0,0.25,1,"HIGH MED HIGH",NA
38,5,61.7415917361543,37,0,0.502425211294688,"M",0,0.25,1,"HIGH MED HIGH",NA
38,6,94.4766304461771,38,1,1.50021345804532,"M",0,0.25,1,"HIGH MED HIGH",NA
38,7,104.123952880397,38,1,1.49923077277991,"M",0,0.25,1,"HIGH MED HIGH",NA
38,8,62.8414233686242,37,0,0.500593248853175,"M",0,0.25,1,"HIGH MED HIGH",NA
38,9,102.245189408012,38,1,1.49983414912103,"M",0,0.25,1,"HIGH MED HIGH",NA
38,10,172.976244959519,41,4,4.50067913529828,"M",0,0.25,1,"HIGH MED HIGH",NA
38,11,214.565501624716,44,7,7.5000163217026,"M",0,0.25,1,"HIGH MED HIGH",NA
39,1,98.5864766664612,39,1,1.50007516895765,"M",0,0.25,1,"HIGH MED HIGH",NA
39,2,143.036172946023,41,3,3.49975998359125,"M",0,0.25,1,"HIGH MED HIGH",NA
39,3,101.51533744769,39,1,1.50022797936558,"M",0,0.25,1,"HIGH MED HIGH",NA
39,4,96.0473371536348,39,1,1.4987725281459,"M",0,0.25,1,"HIGH MED HIGH",NA
39,5,187.950645706009,44,6,6.49819534837103,"M",0,0.25,1,"HIGH MED HIGH",NA
39,6,174.866569682275,42,4,4.49959778675879,"M",0,0.25,1,"HIGH MED HIGH",NA
39,7,170.00866010393,43,5,5.50219799513733,"M",0,0.25,1,"HIGH MED HIGH",NA
39,8,61.530377000531,38,0,0.498751129244754,"M",0,0.25,1,"HIGH MED HIGH",NA
39,9,145.743913628071,41,3,3.49794989307126,"M",0,0.25,1,"HIGH MED HIGH",NA
39,10,95.5337363245348,39,1,1.49910318116302,"M",0,0.25,1,"HIGH MED HIGH",NA
39,11,212.444854377502,50,12,12.4998184485579,"M",0.309047375689261,0.25,1,"HIGH MED HIGH",NA
39,12,203.341190432214,44,6,6.5022726337762,"M",0,0.25,1,"HIGH MED HIGH",NA
40,1,185.644317023495,53,14,14.5011751648246,"FISHED",0.370548375300132,0.25,1,"HIGH MED HIGH",NA
40,2,94.751680319172,40,1,1.50089112786118,"M",0,0.25,1,"HIGH MED HIGH",NA
40,3,100.113687098869,40,1,1.50024203829133,"M",0,0.25,1,"HIGH MED HIGH",NA
40,4,101.830509601015,40,1,1.50145948482991,"M",0,0.25,1,"HIGH MED HIGH",NA
40,5,245.710481822592,48,9,9.50041144071726,"M",0,0.25,1,"HIGH MED HIGH",NA
40,6,143.983279480126,42,3,3.49868194794209,"M",0,0.25,1,"HIGH MED HIGH",NA
40,7,129.711107982734,41,2,2.50068703761247,"M",0,0.25,1,"HIGH MED HIGH",NA
40,8,198.8987831927,49,10,10.4993655409033,"M",0,0.25,1,"HIGH MED HIGH",NA
40,9,190.522101595005,46,7,7.49830094884154,"M",0,0.25,1,"HIGH MED HIGH",NA
40,10,143.000398846996,43,4,4.50002059118672,"M",0,0.25,1,"HIGH MED HIGH",NA
40,11,63.3692955598473,39,0,0.49766547564445,"M",0,0.25,1,"HIGH MED HIGH",NA
40,12,185.237739997055,45,6,6.4996851049884,"M",0,0.25,1,"HIGH MED HIGH",NA
40,13,102.76687217411,40,1,1.50068876942638,"M",0,0.25,1,"HIGH MED HIGH",NA
41,1,179.659796861234,45,5,5.50160197070506,"M",0,0.25,1,"HIGH MED HIGH",NA
41,2,180.760259322289,46,6,6.49852016323741,"M",0,0.25,1,"HIGH MED HIGH",NA
41,3,207.753592879061,46,6,6.50140698115097,"M",0,0.25,1,"HIGH MED HIGH",NA
41,4,181.29504522463,47,7,7.49889168362711,"M",0,0.25,1,"HIGH MED HIGH",NA
41,5,226.869913325712,50,10,10.4997938950466,"FISHED",0.309047375689261,0.25,1,"HIGH MED HIGH",NA
41,6,134.481679051988,43,3,3.4999487516149,"M",0,0.25,1,"HIGH MED HIGH",NA
41,7,100.894792790544,41,1,1.4998275878883,"M",0,0.25,1,"HIGH MED HIGH",NA
41,8,63.6904894307016,40,0,0.500253060730089,"M",0,0.25,1,"HIGH MED HIGH",NA
41,9,129.87727839108,42,2,2.49883886012229,"M",0,0.25,1,"HIGH MED HIGH",NA
41,10,60.4797045446239,40,0,0.498497213821042,"M",0,0.25,1,"HIGH MED HIGH",NA
42,1,176.750085983932,46,5,5.50001904558486,"M",0,0.25,1,"HIGH MED HIGH",NA
42,2,215.208681124185,50,9,9.49842493345546,"FISHED",0.309047375689261,0.25,1,"HIGH MED HIGH",NA
42,3,120.395320463618,43,2,2.49951822472547,"M",0,0.25,1,"HIGH MED HIGH",NA
42,4,147.702183409743,44,3,3.50046587537705,"M",0,0.25,1,"HIGH MED HIGH",NA
42,5,187.751135921758,47,6,6.49760627470252,"M",0,0.25,1,"HIGH MED HIGH",NA
42,6,123.507748526736,43,2,2.50123296301003,"M",0,0.25,1,"HIGH MED HIGH",NA
42,7,98.7319466721327,42,1,1.50066699569848,"M",0,0.25,1,"HIGH MED HIGH",NA
42,8,61.6306726140513,41,0,0.498141289967451,"M",0,0.25,1,"HIGH MED HIGH",NA
42,9,136.046235499435,43,2,2.50135901464053,"M",0,0.25,1,"HIGH MED HIGH",NA
42,10,62.9404987887258,41,0,0.501136672940273,"M",0,0.25,1,"HIGH MED HIGH",NA
42,11,190.884694507344,47,6,6.4995719861277,"M",0,0.25,1,"HIGH MED HIGH",NA
42,12,99.7315246899721,42,1,1.50121657481427,"M",0,0.25,1,"HIGH MED HIGH",NA
43,1,175.08013562144,47,5,5.50054043413848,"M",0,0.25,1,"HIGH MED HIGH",NA
43,2,185.357234471686,48,6,6.4990187154901,"M",0,0.25,1,"HIGH MED HIGH",NA
43,3,102.639913888082,43,1,1.50065534934782,"M",0,0.25,1,"HIGH MED HIGH",NA
43,4,179.807247194552,48,6,6.50192439412274,"M",0,0.25,1,"HIGH MED HIGH",NA
43,5,183.099299652471,46,4,4.50160495516532,"M",0,0.25,1,"HIGH MED HIGH",NA
43,6,196.698196967799,52,10,10.4996648389571,"M",0.364351155655459,0.25,1,"HIGH MED HIGH",NA
43,7,192.124899614746,50,8,8.49781721797042,"M",0.309047375689261,0.25,1,"HIGH MED HIGH",NA
43,8,156.7643410607,46,4,4.50089322227727,"M",0,0.25,1,"HIGH MED HIGH",NA
43,9,62.7465639786471,42,0,0.500582173984527,"M",0,0.25,1,"HIGH MED HIGH",NA
43,10,205.521177471732,47,5,5.50002142869463,"M",0,0.25,1,"HIGH MED HIGH",NA
43,11,65.8850838612789,42,0,0.500645019834443,"M",0,0.25,1,"HIGH MED HIGH",NA
43,12,181.149138207373,50,8,8.50144100441811,"FISHED",0.309047375689261,0.25,1,"HIGH MED HIGH",NA
43,13,105.645415401632,43,1,1.49885308732414,"M",0,0.25,1,"HIGH MED HIGH",NA
44,1,99.1705197750814,44,1,1.49883681738656,"M",0,0.25,1,"HIGH MED HIGH",NA
44,2,101.043066354668,44,1,1.50064424260288,"M",0,0.25,1,"HIGH MED HIGH",NA
44,3,61.5512314561259,43,0,0.499861309601982,"M",0,0.25,1,"HIGH MED HIGH",NA
44,4,124.668354136424,45,2,2.49848812480375,"M",0,0.25,1,"HIGH MED HIGH",NA
44,5,121.245369237709,45,2,2.49941260936468,"M",0,0.25,1,"HIGH MED HIGH",NA
44,6,62.5667636479356,43,0,0.49905869360846,"M",0,0.25,1,"HIGH MED HIGH",NA
44,7,60.7966856460582,43,0,0.50087740445602,"M",0,0.25,1,"HIGH MED HIGH",NA
44,8,96.8603386527102,44,1,1.50050481945126,"M",0,0.25,1,"HIGH MED HIGH",NA
44,9,61.2058903361824,43,0,0.499971408072683,"M",0,0.25,1,"HIGH MED HIGH",NA
44,10,102.088716580891,44,1,1.49979611028186,"M",0,0.25,1,"HIGH MED HIGH",NA
44,11,172.813814544943,48,5,5.50126850139837,"M",0,0.25,1,"HIGH MED HIGH",NA
44,12,185.300045956206,49,6,6.5000220087167,"M",0,0.25,1,"HIGH MED HIGH",NA
45,1,103.2574913144,45,1,1.50260107421863,"M",0,0.25,1,"HIGH MED HIGH",NA
45,2,123.682451613463,46,2,2.49912252874719,"M",0,0.25,1,"HIGH MED HIGH",NA
45,3,174.478843136826,48,4,4.49970607331973,"M",0,0.25,1,"HIGH MED HIGH",NA
45,4,205.522742450525,51,7,7.50042935201688,"M",0.37401471871417,0.25,1,"HIGH MED HIGH",NA
45,5,130.652860060785,46,2,2.49885924338217,"M",0,0.25,1,"HIGH MED HIGH",NA
45,6,232.98569210073,55,11,11.499045278144,"M",0.364006499317475,0.25,1,"HIGH MED HIGH",NA
45,7,157.142791350551,48,4,4.49942890207347,"M",0,0.25,1,"HIGH MED HIGH",NA
45,8,176.663863377616,48,4,4.4989977352924,"M",0,0.25,1,"HIGH MED HIGH",NA
45,9,62.3156861356353,44,0,0.500155113534034,"M",0,0.25,1,"HIGH MED HIGH",NA
45,10,143.284937478159,47,3,3.49809970552641,"M",0,0.25,1,"HIGH MED HIGH",NA
45,11,93.051468269022,45,1,1.50150454754057,"M",0,0.25,1,"HIGH MED HIGH",NA
45,12,96.0640260711176,45,1,1.49832520528159,"M",0,0.25,1,"HIGH MED HIGH",NA
45,13,198.762810000377,52,8,8.5011332263877,"M",0.364351155655459,0.25,1,"HIGH MED HIGH",NA
46,1,61.5733461405083,45,0,0.498122858098505,"M",0,0.25,1,"HIGH MED HIGH",NA
46,2,94.6689056474259,46,1,1.50059175864398,"M",0,0.25,1,"HIGH MED HIGH",NA
46,3,63.3213151655598,45,0,0.498881931482764,"M",0,0.25,1,"HIGH MED HIGH",NA
46,4,186.671928696642,51,6,6.49907562041439,"FISHED",0.37401471871417,0.25,1,"HIGH MED HIGH",NA
46,5,62.3099523417265,45,0,0.500729382397799,"M",0,0.25,1,"HIGH MED HIGH",NA
46,6,194.898824388353,51,6,6.50058362803053,"FISHED",0.37401471871417,0.25,1,"HIGH MED HIGH",NA
46,7,159.693665420337,49,4,4.50111317001372,"M",0,0.25,1,"HIGH MED HIGH",NA
46,8,179.730754624594,50,5,5.49838891599977,"FISHED",0.309047375689261,0.25,1,"HIGH MED HIGH",NA
46,9,63.9539036296309,45,0,0.50091937840247,"M",0,0.25,1,"HIGH MED HIGH",NA
46,10,61.5323082109915,45,0,0.498340495357337,"M",0,0.25,1,"HIGH MED HIGH",NA
46,11,185.933030747386,54,9,9.49842876493211,"M",0.349403468100354,0.25,1,"HIGH MED HIGH",NA
46,12,62.8635418236696,45,0,0.500248136795083,"M",0,0.25,1,"HIGH MED HIGH",NA
46,13,186.896733089447,52,7,7.49774860806235,"FISHED",0.364351155655459,0.25,1,"HIGH MED HIGH",NA
47,1,132.254236737008,48,2,2.50032594085161,"M",0,0.25,1,"HIGH MED HIGH",NA
47,2,172.043208283055,50,4,4.5000968302731,"M",0.309047375689261,0.25,1,"HIGH MED HIGH",NA
47,3,146.817702739365,50,4,4.49920533689433,"M",0.309047375689261,0.25,1,"HIGH MED HIGH",NA
47,4,136.417891642761,49,3,3.50106550404972,"M",0,0.25,1,"HIGH MED HIGH",NA
47,5,151.029471395423,49,3,3.4993470118084,"M",0,0.25,1,"HIGH MED HIGH",NA
47,6,121.269920667163,48,2,2.50032708866916,"M",0,0.25,1,"HIGH MED HIGH",NA
47,7,173.99218840309,51,5,5.50067607183178,"M",0.37401471871417,0.25,1,"HIGH MED HIGH",NA
47,8,63.2566228737644,46,0,0.499743564135453,"M",0,0.25,1,"HIGH MED HIGH",NA
47,9,180.381640620144,51,5,5.50000135385099,"FISHED",0.37401471871417,0.25,1,"HIGH MED HIGH",NA
47,10,182.361869876378,53,7,7.49945728109786,"FISHED",0.370548375300132,0.25,1,"HIGH MED HIGH",NA
47,11,123.86477485928,48,2,2.50020025971431,"M",0,0.25,1,"HIGH MED HIGH",NA
48,1,163.923376544664,51,4,4.5003183660593,"M",0.37401471871417,0.25,1,"HIGH MED HIGH",NA
48,2,196.03077744466,51,4,4.50015894068983,"FISHED",0.37401471871417,0.25,1,"HIGH MED HIGH",NA
48,3,98.5118779128685,48,1,1.50187700732726,"M",0,0.25,1,"HIGH MED HIGH",NA
48,4,64.2451000462756,47,0,0.50129126754007,"M",0,0.25,1,"HIGH MED HIGH",NA
48,5,148.199649176949,50,3,3.4985226794273,"M",0.309047375689261,0.25,1,"HIGH MED HIGH",NA
48,6,153.240989172442,50,3,3.50100946521101,"M",0.309047375689261,0.25,1,"HIGH MED HIGH",NA
48,7,141.697435599254,50,3,3.49975847839563,"M",0.309047375689261,0.25,1,"HIGH MED HIGH",NA
48,8,181.446703530269,52,5,5.49914553063316,"FISHED",0.364351155655459,0.25,1,"HIGH MED HIGH",NA
48,9,153.937670493054,50,3,3.50108565223381,"M",0.309047375689261,0.25,1,"HIGH MED HIGH",NA
48,10,62.3249625320783,47,0,0.500409708841772,"M",0,0.25,1,"HIGH MED HIGH",NA
48,11,62.5294089061686,47,0,0.500570584649184,"M",0,0.25,1,"HIGH MED HIGH",NA
49,1,122.838192055211,50,2,2.49861298887811,"M",0.309047375689261,0.25,1,"HIGH MED HIGH",NA
49,2,130.607162732136,50,2,2.5003750116638,"M",0.309047375689261,0.25,1,"HIGH MED HIGH",NA
49,3,101.637268954862,49,1,1.49938418023462,"M",0,0.25,1,"HIGH MED HIGH",NA
49,4,63.5145393010029,48,0,0.500836258677192,"M",0,0.25,1,"HIGH MED HIGH",NA
49,5,158.643214980542,52,4,4.49993106182667,"FISHED",0.364351155655459,0.25,1,"HIGH MED HIGH",NA
49,6,93.1572309318504,49,1,1.49895449992891,"M",0,0.25,1,"HIGH MED HIGH",NA
49,7,99.2013278730523,49,1,1.49962468468572,"M",0,0.25,1,"HIGH MED HIGH",NA
49,8,158.320320670715,52,4,4.50055606811492,"FISHED",0.364351155655459,0.25,1,"HIGH MED HIGH",NA
49,9,182.640046936901,57,9,9.50015609724745,"M",0.321725849108771,0.25,1,"HIGH MED HIGH",NA
49,10,98.8577473746823,49,1,1.50078311523262,"M",0,0.25,1,"HIGH MED HIGH",NA
50,1,95.429275105555,50,1,1.49946512129101,"FISHED",0.309047375689261,0.25,1,"HIGH MED HIGH",NA
50,2,124.417916038712,51,2,2.50067928901914,"FISHED",0.37401471871417,0.25,1,"HIGH MED HIGH",NA
50,3,63.8189667152544,49,0,0.49836357604147,"M",0,0.25,1,"HIGH MED HIGH",NA
50,4,100.012078106098,50,1,1.49891747240945,"FISHED",0.309047375689261,0.25,1,"HIGH MED HIGH",NA
50,5,98.7941227626333,50,1,1.49994513360501,"M",0.309047375689261,0.25,1,"HIGH MED HIGH",NA
50,6,130.261044283648,51,2,2.49935411495797,"FISHED",0.37401471871417,0.25,1,"HIGH MED HIGH",NA
50,7,170.145225239233,53,4,4.50074725176495,"FISHED",0.370548375300132,0.25,1,"HIGH MED HIGH",NA
50,8,59.3571396393635,49,0,0.500251060803934,"M",0,0.25,1,"HIGH MED HIGH",NA
50,9,170.152221236516,53,4,4.5016841581641,"M",0.370548375300132,0.25,1,"HIGH MED HIGH",NA
50,10,99.1182710054134,50,1,1.50045726968394,"FISHED",0.309047375689261,0.25,1,"HIGH MED HIGH",NA
50,11,97.3200434721392,50,1,1.4986884565648,"M",0.309047375689261,0.25,1,"HIGH MED HIGH",NA
50,12,108.484538678906,50,1,1.500144942171,"FISHED",0.309047375689261,0.25,1,"HIGH MED HIGH",NA
51,1,63.6779172833403,50,0,0.501154248256497,"FISHED",0.309047375689261,0.25,1,"HIGH MED HIGH",NA
51,2,98.6284305888582,51,1,1.50030915432326,"M",0.37401471871417,0.25,1,"HIGH MED HIGH",NA
51,3,62.383759299848,50,0,0.498663235952326,"M",0.309047375689261,0.25,1,"HIGH MED HIGH",NA
51,4,62.5618488570391,50,0,0.500554922721357,"M",0.309047375689261,0.25,1,"HIGH MED HIGH",NA
51,5,129.721938644377,53,3,3.50062806888767,"M",0.370548375300132,0.25,1,"HIGH MED HIGH",NA
51,6,228.400117022626,59,9,9.50130235969619,"FISHED",0.34695027214475,0.25,1,"HIGH MED HIGH",NA
51,7,96.8182310839438,51,1,1.50141410841268,"FISHED",0.37401471871417,0.25,1,"HIGH MED HIGH",NA
51,8,62.3739168306567,50,0,0.50099455120898,"FISHED",0.309047375689261,0.25,1,"HIGH MED HIGH",NA
51,9,62.2285180486964,50,0,0.498862484338823,"FISHED",0.309047375689261,0.25,1,"HIGH MED HIGH",NA
51,10,144.627446390747,53,3,3.49946900663701,"M",0.370548375300132,0.25,1,"HIGH MED HIGH",NA
51,11,63.6529952671246,50,0,0.498649827265072,"FISHED",0.309047375689261,0.25,1,"HIGH MED HIGH",NA
52,1,184.95150523627,57,6,6.50019455647149,"FISHED",0.321725849108771,0.25,1,"HIGH MED HIGH",NA
52,2,123.552310979405,53,2,2.50026497029802,"FISHED",0.370548375300132,0.25,1,"HIGH MED HIGH",NA
52,3,96.0338877353623,52,1,1.49991766091356,"M",0.364351155655459,0.25,1,"HIGH MED HIGH",NA
52,4,62.362981393221,51,0,0.501166000074793,"M",0.37401471871417,0.25,1,"HIGH MED HIGH",NA
52,5,102.351886585773,52,1,1.4997508677359,"FISHED",0.364351155655459,0.25,1,"HIGH MED HIGH",NA
52,6,135.169766261746,53,2,2.50085937845825,"M",0.370548375300132,0.25,1,"HIGH MED HIGH",NA
52,7,130.634429898228,53,2,2.49930540468569,"M",0.370548375300132,0.25,1,"HIGH MED HIGH",NA
52,8,101.38158008935,52,1,1.49978475996252,"M",0.364351155655459,0.25,1,"HIGH MED HIGH",NA
52,9,96.6445782678744,52,1,1.50185492577829,"FISHED",0.364351155655459,0.25,1,"HIGH MED HIGH",NA
52,10,63.1781629691986,51,0,0.500928162887969,"FISHED",0.37401471871417,0.25,1,"HIGH MED HIGH",NA
52,11,120.922927959069,53,2,2.49889739719617,"M",0.370548375300132,0.25,1,"HIGH MED HIGH",NA
53,1,201.002926087263,57,5,5.50036569005552,"M",0.321725849108771,0.25,1,"HIGH MED HIGH",NA
53,2,206.420559317275,57,5,5.49930481718994,"M",0.321725849108771,0.25,1,"HIGH MED HIGH",NA
53,3,62.9791266249104,52,0,0.500645982655747,"FISHED",0.364351155655459,0.25,1,"HIGH MED HIGH",NA
53,4,98.7078636267288,53,1,1.49985716309676,"M",0.370548375300132,0.25,1,"HIGH MED HIGH",NA
53,5,61.391377291019,52,0,0.500542673761291,"M",0.364351155655459,0.25,1,"HIGH MED HIGH",NA
53,6,62.3870259861452,52,0,0.500001191273279,"FISHED",0.364351155655459,0.25,1,"HIGH MED HIGH",NA
53,7,106.29868326796,53,1,1.49999879249915,"M",0.370548375300132,0.25,1,"HIGH MED HIGH",NA
53,8,174.368406823945,56,4,4.50011400374269,"FISHED",0.337333722529002,0.25,1,"HIGH MED HIGH",NA
53,9,128.460212848679,54,2,2.49927519458975,"M",0.349403468100354,0.25,1,"HIGH MED HIGH",NA
53,10,123.480492118443,54,2,2.50276786741341,"M",0.349403468100354,0.25,1,"HIGH MED HIGH",NA
53,11,64.9644109392962,52,0,0.50124072532981,"FISHED",0.364351155655459,0.25,1,"HIGH MED HIGH",NA
53,12,126.49845998324,54,2,2.49930011578638,"M",0.349403468100354,0.25,1,"HIGH MED HIGH",NA
54,1,151.561408899554,56,3,3.50023459600096,"M",0.337333722529002,0.25,1,"HIGH MED HIGH",NA
54,2,99.428264151583,54,1,1.49871896497294,"M",0.349403468100354,0.25,1,"HIGH MED HIGH",NA
54,3,62.9086969766437,53,0,0.500462078045584,"M",0.370548375300132,0.25,1,"HIGH MED HIGH",NA
54,4,64.3688376468585,53,0,0.499699085068545,"M",0.370548375300132,0.25,1,"HIGH MED HIGH",NA
54,5,62.1764369629144,53,0,0.497096218058435,"FISHED",0.370548375300132,0.25,1,"HIGH MED HIGH",NA
54,6,101.422008354675,54,1,1.49977327847654,"FISHED",0.349403468100354,0.25,1,"HIGH MED HIGH",NA
54,7,64.3519657319459,53,0,0.499586427736661,"FISHED",0.370548375300132,0.25,1,"HIGH MED HIGH",NA
54,8,152.352196820036,56,3,3.50093871396468,"M",0.337333722529002,0.25,1,"HIGH MED HIGH",NA
54,9,62.7655733457358,53,0,0.500337852860092,"M",0.370548375300132,0.25,1,"HIGH MED HIGH",NA
54,10,100.734717696423,54,1,1.49981081950245,"M",0.349403468100354,0.25,1,"HIGH MED HIGH",NA
54,11,102.596854804145,54,1,1.50058453527915,"M",0.349403468100354,0.25,1,"HIGH MED HIGH",NA
54,12,133.409291176151,56,3,3.50141814450149,"M",0.337333722529002,0.25,1,"HIGH MED HIGH",NA
54,13,183.151280920433,59,6,6.49930673120954,"FISHED",0.34695027214475,0.25,1,"HIGH MED HIGH",NA
54,14,62.5177112478052,53,0,0.500248914041017,"FISHED",0.370548375300132,0.25,1,"HIGH MED HIGH",NA
55,1,65.4173136440519,54,0,0.499947027855822,"FISHED",0.349403468100354,0.25,1,"HIGH MED HIGH",NA
55,2,97.0159668780755,55,1,1.49975379804484,"FISHED",0.364006499317475,0.25,1,"HIGH MED HIGH",NA
55,3,63.9469901812216,54,0,0.501746018871754,"M",0.349403468100354,0.25,1,"HIGH MED HIGH",NA
55,4,127.512552154585,56,2,2.50044708557681,"M",0.337333722529002,0.25,1,"HIGH MED HIGH",NA
55,5,97.7818750577615,55,1,1.50092218157792,"FISHED",0.364006499317475,0.25,1,"HIGH MED HIGH",NA
55,6,106.891259049401,55,1,1.49930956434621,"FISHED",0.364006499317475,0.25,1,"HIGH MED HIGH",NA
55,7,60.2363223488017,54,0,0.499894957121464,"M",0.349403468100354,0.25,1,"HIGH MED HIGH",NA
55,8,63.6217733847663,54,0,0.499809036191375,"FISHED",0.349403468100354,0.25,1,"HIGH MED HIGH",NA
55,9,155.352661075124,58,4,4.50055682141841,"FISHED",0.363136053225026,0.25,1,"HIGH MED HIGH",NA
55,10,162.517077181279,57,3,3.49993296405791,"M",0.321725849108771,0.25,1,"HIGH MED HIGH",NA
55,11,64.0596852888336,54,0,0.500995797927946,"M",0.349403468100354,0.25,1,"HIGH MED HIGH",NA
55,12,65.2791164687771,54,0,0.500234173102174,"M",0.349403468100354,0.25,1,"HIGH MED HIGH",NA
56,1,96.5744618818409,56,1,1.50051465699159,"FISHED",0.337333722529002,0.25,1,"HIGH MED HIGH",NA
56,2,63.0437475468748,55,0,0.502703261484244,"FISHED",0.364006499317475,0.25,1,"HIGH MED HIGH",NA
56,3,152.737849149503,58,3,3.49996549788404,"FISHED",0.363136053225026,0.25,1,"HIGH MED HIGH",NA
56,4,129.383603877473,57,2,2.500476385793,"FISHED",0.321725849108771,0.25,1,"HIGH MED HIGH",NA
56,5,60.3746095557068,55,0,0.501125919804333,"M",0.364006499317475,0.25,1,"HIGH MED HIGH",NA
56,6,60.9909105691701,55,0,0.500847307762098,"M",0.364006499317475,0.25,1,"HIGH MED HIGH",NA
56,7,119.642335588098,57,2,2.50050266747104,"FISHED",0.321725849108771,0.25,1,"HIGH MED HIGH",NA
56,8,154.765204111789,59,4,4.49958382036614,"FISHED",0.34695027214475,0.25,1,"HIGH MED HIGH",NA
56,9,135.29429411413,58,3,3.49888830342128,"M",0.363136053225026,0.25,1,"HIGH MED HIGH",NA
56,10,121.784933211976,57,2,2.50054996119008,"M",0.321725849108771,0.25,1,"HIGH MED HIGH",NA
57,1,64.8256011712638,56,0,0.499232328473575,"M",0.337333722529002,0.25,1,"HIGH MED HIGH",NA
57,2,98.988897400677,57,1,1.50146754312871,"FISHED",0.321725849108771,0.25,1,"HIGH MED HIGH",NA
57,3,153.480395752834,60,4,4.50044996995399,"M",0.3225996036781,0.25,1,"HIGH MED HIGH",NA
57,4,162.279679698087,60,4,4.50075380463455,"FISHED",0.3225996036781,0.25,1,"HIGH MED HIGH",NA
57,5,62.5048394960508,56,0,0.497600765199236,"M",0.337333722529002,0.25,1,"HIGH MED HIGH",NA
57,6,64.8600583873234,56,0,0.500419009495746,"FISHED",0.337333722529002,0.25,1,"HIGH MED HIGH",NA
57,7,125.27855457875,58,2,2.50038275727069,"M",0.363136053225026,0.25,1,"HIGH MED HIGH",NA
57,8,101.248138357798,57,1,1.50055611054315,"M",0.321725849108771,0.25,1,"HIGH MED HIGH",NA
57,9,134.460049967948,58,2,2.49962391616112,"M",0.363136053225026,0.25,1,"HIGH MED HIGH",NA
57,10,125.336251967065,58,2,2.50162654603391,"FISHED",0.363136053225026,0.25,1,"HIGH MED HIGH",NA
58,1,63.2499027501565,57,0,0.502173949638448,"FISHED",0.321725849108771,0.25,1,"HIGH MED HIGH",NA
58,2,147.616365366644,60,3,3.5005139939364,"FISHED",0.3225996036781,0.25,1,"HIGH MED HIGH",NA
58,3,61.5058863818778,57,0,0.498783910354678,"M",0.321725849108771,0.25,1,"HIGH MED HIGH",NA
58,4,62.7250650658296,57,0,0.500116196185812,"M",0.321725849108771,0.25,1,"HIGH MED HIGH",NA
58,5,62.3967460214892,57,0,0.5005078861447,"M",0.321725849108771,0.25,1,"HIGH MED HIGH",NA
58,6,64.8824655552949,57,0,0.501021238596034,"FISHED",0.321725849108771,0.25,1,"HIGH MED HIGH",NA
58,7,62.5696964181672,57,0,0.501593362478643,"FISHED",0.321725849108771,0.25,1,"HIGH MED HIGH",NA
58,8,138.30841492522,61,4,4.5011274294658,"M",0.34507922406774,0.25,1,"HIGH MED HIGH",NA
58,9,64.1492389634946,57,0,0.499743366860448,"FISHED",0.321725849108771,0.25,1,"HIGH MED HIGH",NA
58,10,63.0608437501509,57,0,0.500497455651901,"M",0.321725849108771,0.25,1,"HIGH MED HIGH",NA
59,1,167.482541161799,62,4,4.49894818902986,"M",0.352930548926815,0.25,1,"HIGH MED HIGH",NA
59,2,61.9004083448538,58,0,0.499390637249574,"M",0.363136053225026,0.25,1,"HIGH MED HIGH",NA
59,3,150.185228673227,61,3,3.49953362418972,"FISHED",0.34507922406774,0.25,1,"HIGH MED HIGH",NA
59,4,65.7974867185902,58,0,0.499407095510053,"M",0.363136053225026,0.25,1,"HIGH MED HIGH",NA
59,5,61.6193592439007,58,0,0.502157177611487,"M",0.363136053225026,0.25,1,"HIGH MED HIGH",NA
59,6,100.778669567191,59,1,1.4988385651524,"FISHED",0.34695027214475,0.25,1,"HIGH MED HIGH",NA
59,7,90.8406115521099,59,1,1.49990558388245,"FISHED",0.34695027214475,0.25,1,"HIGH MED HIGH",NA
59,8,58.7472059176866,58,0,0.501057809409466,"M",0.363136053225026,0.25,1,"HIGH MED HIGH",NA
59,9,66.0550140842514,58,0,0.500308000216196,"M",0.363136053225026,0.25,1,"HIGH MED HIGH",NA
59,10,94.6043531000459,59,1,1.49891745839859,"FISHED",0.34695027214475,0.25,1,"HIGH MED HIGH",NA
59,11,62.2968766104248,58,0,0.49867974590219,"FISHED",0.363136053225026,0.25,1,"HIGH MED HIGH",NA
60,1,194.115181236822,66,7,7.49872844531951,"M",0.389584777969867,0.25,1,"HIGH MED HIGH",NA
60,2,105.433668859541,60,1,1.49865218613076,"M",0.3225996036781,0.25,1,"HIGH MED HIGH",NA
60,3,199.199976157366,66,7,7.50029253837022,"M",0.389584777969867,0.25,1,"HIGH MED HIGH",NA
60,4,113.64055207676,61,2,2.50210460190476,"M",0.34507922406774,0.25,1,"HIGH MED HIGH",NA
60,5,93.7164195507384,60,1,1.50035869576266,"M",0.3225996036781,0.25,1,"HIGH MED HIGH",NA
60,6,59.5379675941834,59,0,0.500236422335055,"FISHED",0.34695027214475,0.25,1,"HIGH MED HIGH",NA
60,7,64.1330600200284,59,0,0.499152401820733,"M",0.34695027214475,0.25,1,"HIGH MED HIGH",NA
60,8,63.9026241843171,59,0,0.499580230419402,"FISHED",0.34695027214475,0.25,1,"HIGH MED HIGH",NA
60,9,59.1398179270465,59,0,0.500643845486995,"FISHED",0.34695027214475,0.25,1,"HIGH MED HIGH",NA
60,10,93.2128463712714,60,1,1.49970969626725,"M",0.3225996036781,0.25,1,"HIGH MED HIGH",NA
60,11,94.4481018899141,60,1,1.4998646179074,"FISHED",0.3225996036781,0.25,1,"HIGH MED HIGH",NA
60,12,159.321378963912,62,3,3.50055854719787,"M",0.352930548926815,0.25,1,"HIGH MED HIGH",NA
61,1,61.7169313426657,60,0,0.49974393393025,"FISHED",0.3225996036781,0.25,1,"HIGH MED HIGH",NA
61,2,127.602285105816,62,2,2.49920570975036,"M",0.352930548926815,0.25,1,"HIGH MED HIGH",NA
61,3,115.257966320208,62,2,2.49682427491915,"FISHED",0.352930548926815,0.25,1,"HIGH MED HIGH",NA
61,4,62.477187142172,60,0,0.49930124420071,"FISHED",0.3225996036781,0.25,1,"HIGH MED HIGH",NA
61,5,92.9921874607197,61,1,1.50203221611441,"FISHED",0.34507922406774,0.25,1,"HIGH MED HIGH",NA
61,6,62.5096042858951,60,0,0.499073864800573,"FISHED",0.3225996036781,0.25,1,"HIGH MED HIGH",NA
61,7,118.005025637887,62,2,2.50059319219793,"M",0.352930548926815,0.25,1,"HIGH MED HIGH",NA
61,8,140.697753289616,63,3,3.4989163001533,"FISHED",0.300003157206811,0.25,1,"HIGH MED HIGH",NA
61,9,63.0423734611369,60,0,0.501195496395931,"M",0.3225996036781,0.25,1,"HIGH MED HIGH",NA
61,10,134.227336405409,62,2,2.50148676767631,"M",0.352930548926815,0.25,1,"HIGH MED HIGH",NA
61,11,65.2995147527046,60,0,0.501680734229172,"FISHED",0.3225996036781,0.25,1,"HIGH MED HIGH",NA
61,12,61.4657885768492,60,0,0.501343498392609,"FISHED",0.3225996036781,0.25,1,"HIGH MED HIGH",NA
62,1,61.4263119023311,61,0,0.500205717470069,"FISHED",0.34507922406774,0.25,1,"HIGH MED HIGH",NA
62,2,60.8766431258455,61,0,0.500181645779161,"M",0.34507922406774,0.25,1,"HIGH MED HIGH",NA
62,3,138.366199975842,63,2,2.49914504668413,"FISHED",0.300003157206811,0.25,1,"HIGH MED HIGH",NA
62,4,63.2027304524373,61,0,0.50006025674224,"FISHED",0.34507922406774,0.25,1,"HIGH MED HIGH",NA
62,5,151.500497430228,65,4,4.49917870945395,"FISHED",0.373843703884631,0.25,1,"HIGH MED HIGH",NA
62,6,125.048851508714,63,2,2.50086578052037,"FISHED",0.300003157206811,0.25,1,"HIGH MED HIGH",NA
62,7,61.9944774613034,61,0,0.499610995072964,"M",0.34507922406774,0.25,1,"HIGH MED HIGH",NA
62,8,63.1155077803064,61,0,0.499959147572083,"M",0.34507922406774,0.25,1,"HIGH MED HIGH",NA
62,9,63.3730827581321,61,0,0.49943860616024,"M",0.34507922406774,0.25,1,"HIGH MED HIGH",NA
62,10,92.466429912497,62,1,1.50000612967274,"M",0.352930548926815,0.25,1,"HIGH MED HIGH",NA
63,1,63.8041823548849,62,0,0.499589164125353,"FISHED",0.352930548926815,0.25,1,"HIGH MED HIGH",NA
63,2,96.5537300800719,63,1,1.5007342605763,"M",0.300003157206811,0.25,1,"HIGH MED HIGH",NA
63,3,100.045264159729,63,1,1.49934235686637,"M",0.300003157206811,0.25,1,"HIGH MED HIGH",NA
63,4,61.0794751256199,62,0,0.500043741182777,"M",0.352930548926815,0.25,1,"HIGH MED HIGH",NA
63,5,152.754822124737,65,3,3.49906841898882,"M",0.373843703884631,0.25,1,"HIGH MED HIGH",NA
63,6,130.011172590272,64,2,2.49882651838126,"FISHED",0.38477788285818,0.25,1,"HIGH MED HIGH",NA
64,1,125.784240508528,65,2,2.49940955865287,"M",0.373843703884631,0.25,1,"HIGH MED HIGH",NA
64,2,126.67939481822,65,2,2.50033030909415,"FISHED",0.373843703884631,0.25,1,"HIGH MED HIGH",NA
64,3,96.654391811124,64,1,1.49902278015926,"FISHED",0.38477788285818,0.25,1,"HIGH MED HIGH",NA
64,4,60.5610222353631,63,0,0.50362789739043,"FISHED",0.300003157206811,0.25,1,"HIGH MED HIGH",NA
64,5,62.80690250868,63,0,0.500839961658791,"M",0.300003157206811,0.25,1,"HIGH MED HIGH",NA
64,6,60.916089785597,63,0,0.498301627652336,"M",0.300003157206811,0.25,1,"HIGH MED HIGH",NA
64,7,99.9849806528083,64,1,1.50212212492706,"FISHED",0.38477788285818,0.25,1,"HIGH MED HIGH",NA
64,8,62.5071099283141,63,0,0.499442778610484,"M",0.300003157206811,0.25,1,"HIGH MED HIGH",NA
64,9,102.913527230384,64,1,1.49948817110144,"FISHED",0.38477788285818,0.25,1,"HIGH MED HIGH",NA
65,1,63.0736436822287,64,0,0.499389071447333,"FISHED",0.38477788285818,0.25,1,"HIGH MED HIGH",NA
65,2,63.3871414625168,64,0,0.49859776048205,"FISHED",0.38477788285818,0.25,1,"HIGH MED HIGH",NA
65,3,141.057541342724,67,3,3.50108922638071,"FISHED",0.252814762899652,0.25,1,"HIGH MED HIGH",NA
65,4,64.1040305810494,64,0,0.500524046951356,"M",0.38477788285818,0.25,1,"HIGH MED HIGH",NA
65,5,99.6997042593113,65,1,1.50213237781532,"M",0.373843703884631,0.25,1,"HIGH MED HIGH",NA
65,6,101.081929440034,65,1,1.50086729651168,"M",0.373843703884631,0.25,1,"HIGH MED HIGH",NA
65,7,60.3939250459128,64,0,0.499447316631428,"FISHED",0.38477788285818,0.25,1,"HIGH MED HIGH",NA
65,8,62.7897646542052,64,0,0.499867300371464,"FISHED",0.38477788285818,0.25,1,"HIGH MED HIGH",NA
66,1,60.402115874581,65,0,0.499662861444041,"M",0.373843703884631,0.25,1,"HIGH MED HIGH",NA
66,2,96.4381217153339,66,1,1.50028473470441,"FISHED",0.389584777969867,0.25,1,"HIGH MED HIGH",NA
66,3,61.9041500214572,65,0,0.501476399716056,"M",0.373843703884631,0.25,1,"HIGH MED HIGH",NA
66,4,62.4729781337826,65,0,0.499100753699934,"M",0.373843703884631,0.25,1,"HIGH MED HIGH",NA
66,5,62.2725521112502,65,0,0.500774396201481,"FISHED",0.373843703884631,0.25,1,"HIGH MED HIGH",NA
66,6,102.494073187114,66,1,1.49992130263534,"M",0.389584777969867,0.25,1,"HIGH MED HIGH",NA
66,7,63.9668321351553,65,0,0.499322959329596,"FISHED",0.373843703884631,0.25,1,"HIGH MED HIGH",NA
66,8,98.5209416783947,66,1,1.49927414784969,"FISHED",0.389584777969867,0.25,1,"HIGH MED HIGH",NA
66,9,61.221746943116,65,0,0.498449934207181,"M",0.373843703884631,0.25,1,"HIGH MED HIGH",NA
67,1,115.332842376104,68,2,2.50069501211198,"M",0.292869057855569,0.25,1,"HIGH MED HIGH",NA
67,2,63.9417283467526,66,0,0.498089825013003,"M",0.389584777969867,0.25,1,"HIGH MED HIGH",NA
67,3,60.9113298412318,66,0,0.501776357135888,"M",0.389584777969867,0.25,1,"HIGH MED HIGH",NA
67,4,58.6221623538437,66,0,0.499786876030262,"FISHED",0.389584777969867,0.25,1,"HIGH MED HIGH",NA
67,5,61.9616998814082,66,0,0.499686089357436,"M",0.389584777969867,0.25,1,"HIGH MED HIGH",NA
67,6,200.720463794853,75,9,9.49967416150925,"FISHED",0.270346828270704,0.25,1,"HIGH MED HIGH",NA
67,7,61.2181948839595,66,0,0.501480715815034,"FISHED",0.389584777969867,0.25,1,"HIGH MED HIGH",NA
67,8,142.490090249485,69,3,3.50014611146585,"FISHED",0.249972808849998,0.25,1,"HIGH MED HIGH",NA
68,1,93.4264873908963,68,1,1.49838526306056,"FISHED",0.292869057855569,0.25,1,"HIGH MED HIGH",NA
68,2,207.905992668724,75,8,8.49972723178735,"M",0.270346828270704,0.25,1,"HIGH MED HIGH",NA
68,3,159.805331818772,71,4,4.49940369323212,"FISHED",0.264455020101741,0.25,1,"HIGH MED HIGH",NA
68,4,64.1992558117984,67,0,0.49938067024334,"FISHED",0.252814762899652,0.25,1,"HIGH MED HIGH",NA
68,5,64.1347812998214,67,0,0.498786347483162,"M",0.252814762899652,0.25,1,"HIGH MED HIGH",NA
68,6,62.5232458579205,67,0,0.500237287453331,"FISHED",0.252814762899652,0.25,1,"HIGH MED HIGH",NA
68,7,60.1139332127449,67,0,0.499887857418616,"FISHED",0.252814762899652,0.25,1,"HIGH MED HIGH",NA
68,8,99.393249590988,68,1,1.50098366216104,"M",0.292869057855569,0.25,1,"HIGH MED HIGH",NA
68,9,61.9941198225744,67,0,0.499292170081332,"FISHED",0.252814762899652,0.25,1,"HIGH MED HIGH",NA
69,1,64.1926684891907,68,0,0.500794332568643,"M",0.292869057855569,0.25,1,"HIGH MED HIGH",NA
69,2,63.0217527735969,68,0,0.500543982481881,"FISHED",0.292869057855569,0.25,1,"HIGH MED HIGH",NA
70,1,123.44922323097,71,2,2.50186047314839,"FISHED",0.264455020101741,0.25,1,"HIGH MED HIGH",NA
71,1,99.3255837430198,71,1,1.50130328154964,"M",0.264455020101741,0.25,1,"HIGH MED HIGH",NA
71,2,125.064814195511,72,2,2.50093591357118,"FISHED",0.295299800951034,0.25,1,"HIGH MED HIGH",NA
71,3,129.640389451151,72,2,2.50091418716723,"M",0.295299800951034,0.25,1,"HIGH MED HIGH",NA
71,4,168.091731710531,74,4,4.49845657883034,"FISHED",0.253886872483417,0.25,1,"HIGH MED HIGH",NA
71,5,64.8023735079092,70,0,0.500002255424491,"M",0.254176826984622,0.25,1,"HIGH MED HIGH",NA
72,1,95.5469921510493,72,1,1.49938432939656,"M",0.295299800951034,0.25,1,"HIGH MED HIGH",NA
72,2,173.556515846305,75,4,4.50051152166921,"FISHED",0.270346828270704,0.25,1,"HIGH MED HIGH",NA
72,3,61.8574521266686,71,0,0.500414435730588,"FISHED",0.264455020101741,0.25,1,"HIGH MED HIGH",NA
72,4,64.4702836996913,71,0,0.499326553376915,"M",0.264455020101741,0.25,1,"HIGH MED HIGH",NA
72,5,60.5104479685499,71,0,0.499754754349185,"M",0.264455020101741,0.25,1,"HIGH MED HIGH",NA
72,6,104.854241775113,72,1,1.50051338459943,"FISHED",0.295299800951034,0.25,1,"HIGH MED HIGH",NA
72,7,102.541984156543,72,1,1.49801466173957,"M",0.295299800951034,0.25,1,"HIGH MED HIGH",NA
73,1,95.9123867398219,73,1,1.50130086199096,"M",0.223340587527491,0.25,1,"HIGH MED HIGH",NA
73,2,60.6153260542574,72,0,0.499191542061078,"FISHED",0.295299800951034,0.25,1,"HIGH MED HIGH",NA
73,3,102.535353191325,73,1,1.49924968041688,"M",0.223340587527491,0.25,1,"HIGH MED HIGH",NA
73,4,100.731653013264,73,1,1.49957060273166,"FISHED",0.223340587527491,0.25,1,"HIGH MED HIGH",NA
73,5,60.3330043024203,72,0,0.500411976840169,"FISHED",0.295299800951034,0.25,1,"HIGH MED HIGH",NA
73,6,126.473915010975,74,2,2.49966106061879,"M",0.253886872483417,0.25,1,"HIGH MED HIGH",NA
73,7,155.061950094315,76,4,4.50016838513292,"M",0.233444060944021,0.25,1,"HIGH MED HIGH",NA
73,8,60.9036991031496,72,0,0.499282489938452,"M",0.295299800951034,0.25,1,"HIGH MED HIGH",NA
73,9,175.422553001619,77,5,5.49939601480664,"FISHED",0.238861091481522,0.25,1,"HIGH MED HIGH",NA
73,10,101.694530253677,73,1,1.50073758313445,"M",0.223340587527491,0.25,1,"HIGH MED HIGH",NA
73,11,63.1302874470328,72,0,0.501435762449878,"M",0.295299800951034,0.25,1,"HIGH MED HIGH",NA
74,1,64.2266481800227,73,0,0.500809874181448,"FISHED",0.223340587527491,0.25,1,"HIGH MED HIGH",NA
74,2,63.9002661850082,73,0,0.500814972350255,"FISHED",0.223340587527491,0.25,1,"HIGH MED HIGH",NA
74,3,62.8093182419679,73,0,0.50012002968154,"FISHED",0.223340587527491,0.25,1,"HIGH MED HIGH",NA
74,4,63.100278967281,73,0,0.500961068965389,"FISHED",0.223340587527491,0.25,1,"HIGH MED HIGH",NA
74,5,154.111354325218,76,3,3.50001680593966,"M",0.233444060944021,0.25,1,"HIGH MED HIGH",NA
74,6,129.91345205692,75,2,2.50173585411052,"FISHED",0.270346828270704,0.25,1,"HIGH MED HIGH",NA
74,7,131.928221406818,75,2,2.499847814554,"M",0.270346828270704,0.25,1,"HIGH MED HIGH",NA
74,8,100.751195006553,74,1,1.50132575904093,"M",0.253886872483417,0.25,1,"HIGH MED HIGH",NA
74,9,99.852281080803,74,1,1.5009460565404,"M",0.253886872483417,0.25,1,"HIGH MED HIGH",NA
74,10,62.5069802463702,73,0,0.501577926881526,"M",0.223340587527491,0.25,1,"HIGH MED HIGH",NA
75,1,63.6461021423635,74,0,0.500735029246515,"M",0.253886872483417,0.25,1,"HIGH MED HIGH",NA
75,2,97.1142047610078,75,1,1.5005882459391,"M",0.270346828270704,0.25,1,"HIGH MED HIGH",NA
75,3,103.619264251417,75,1,1.4984781076747,"M",0.270346828270704,0.25,1,"HIGH MED HIGH",NA
75,4,141.77608593943,76,2,2.50017629912092,"FISHED",0.233444060944021,0.25,1,"HIGH MED HIGH",NA
75,5,97.5354334316715,75,1,1.50026261806215,"FISHED",0.270346828270704,0.25,1,"HIGH MED HIGH",NA
75,6,172.437838889697,78,4,4.49966264164274,"FISHED",0.265836489712819,0.25,1,"HIGH MED HIGH",NA
75,7,61.3227894353716,74,0,0.499631243661126,"M",0.253886872483417,0.25,1,"HIGH MED HIGH",NA
75,8,64.3119324893835,74,0,0.500655091918139,"M",0.253886872483417,0.25,1,"HIGH MED HIGH",NA
75,9,89.1310872242084,75,1,1.49982116135901,"FISHED",0.270346828270704,0.25,1,"HIGH MED HIGH",NA
76,1,93.3872222108031,76,1,1.4988730828403,"FISHED",0.233444060944021,0.25,1,"HIGH MED HIGH",NA
76,2,96.1497213730624,76,1,1.50128187236018,"M",0.233444060944021,0.25,1,"HIGH MED HIGH",NA
76,3,98.3055421572325,76,1,1.50026897930927,"FISHED",0.233444060944021,0.25,1,"HIGH MED HIGH",NA
76,4,100.446155424372,76,1,1.50067447180306,"M",0.233444060944021,0.25,1,"HIGH MED HIGH",NA
76,5,99.4642369285179,76,1,1.50014314716573,"FISHED",0.233444060944021,0.25,1,"HIGH MED HIGH",NA
76,6,58.0918690993167,75,0,0.49927592302695,"M",0.270346828270704,0.25,1,"HIGH MED HIGH",NA
76,7,100.255605638738,76,1,1.5002158510753,"FISHED",0.233444060944021,0.25,1,"HIGH MED HIGH",NA
76,8,99.5855460829987,76,1,1.50118861093238,"M",0.233444060944021,0.25,1,"HIGH MED HIGH",NA
76,9,99.2941995448402,76,1,1.50132851164353,"M",0.233444060944021,0.25,1,"HIGH MED HIGH",NA
76,10,173.600936904676,79,4,4.49929507447228,"M",0.210746326833032,0.25,1,"HIGH MED HIGH",NA
76,11,62.3098486973839,75,0,0.501031946174824,"M",0.270346828270704,0.25,1,"HIGH MED HIGH",NA
76,12,58.0253667343885,75,0,0.500523171988666,"M",0.270346828270704,0.25,1,"HIGH MED HIGH",NA
77,1,63.0123053295073,76,0,0.500243060103142,"FISHED",0.233444060944021,0.25,1,"HIGH MED HIGH",NA
77,2,122.678659927383,78,2,2.49960723266928,"FISHED",0.265836489712819,0.25,1,"HIGH MED HIGH",NA
77,3,62.3644207581891,76,0,0.501586538034719,"FISHED",0.233444060944021,0.25,1,"HIGH MED HIGH",NA
77,4,123.192697026813,78,2,2.50030733298883,"FISHED",0.265836489712819,0.25,1,"HIGH MED HIGH",NA
77,5,119.303375943613,78,2,2.50066172513898,"M",0.265836489712819,0.25,1,"HIGH MED HIGH",NA
77,6,64.4372914200591,76,0,0.499393010742542,"M",0.233444060944021,0.25,1,"HIGH MED HIGH",NA
77,7,165.411939359557,80,4,4.49962374209635,"M",0.218043898092583,0.25,1,"HIGH MED HIGH",NA
77,8,99.3996595929815,77,1,1.4992131120421,"M",0.238861091481522,0.25,1,"HIGH MED HIGH",NA
77,9,60.1878339089999,76,0,0.50075923718694,"M",0.233444060944021,0.25,1,"HIGH MED HIGH",NA
77,10,210.517225302624,84,8,8.49992086658804,"FISHED",0.364362302189693,0.25,1,"HIGH MED HIGH",NA
77,11,183.011802192187,85,9,9.49873003949994,"FISHED",0.365114055667073,0.25,1,"HIGH MED HIGH",NA
78,1,61.0397750584824,77,0,0.500348977700048,"M",0.238861091481522,0.25,1,"HIGH MED HIGH",NA
78,2,223.362377073376,84,7,7.49885986502655,"FISHED",0.364362302189693,0.25,1,"HIGH MED HIGH",NA
78,3,127.581725835803,79,2,2.49971266822406,"M",0.210746326833032,0.25,1,"HIGH MED HIGH",NA
78,4,64.2279017898601,77,0,0.500427149461069,"FISHED",0.238861091481522,0.25,1,"HIGH MED HIGH",NA
78,5,162.93617584387,82,5,5.5008990311971,"M",0.28612981219776,0.25,1,"HIGH MED HIGH",NA
78,6,63.0589906452049,77,0,0.500171413801283,"M",0.238861091481522,0.25,1,"HIGH MED HIGH",NA
78,7,165.940822796633,82,5,5.49900078832596,"M",0.28612981219776,0.25,1,"HIGH MED HIGH",NA
78,8,198.523122715745,82,5,5.49983815395869,"M",0.28612981219776,0.25,1,"HIGH MED HIGH",NA
79,1,63.1434263190366,78,0,0.500365583762889,"M",0.265836489712819,0.25,1,"HIGH MED HIGH",NA
79,2,59.7104341426759,78,0,0.498229169236225,"FISHED",0.265836489712819,0.25,1,"HIGH MED HIGH",NA
79,3,126.736754833322,80,2,2.49944023977399,"FISHED",0.218043898092583,0.25,1,"HIGH MED HIGH",NA
79,4,64.2197051542663,78,0,0.49902527489433,"FISHED",0.265836489712819,0.25,1,"HIGH MED HIGH",NA
79,5,63.3690111342568,78,0,0.501913801419081,"FISHED",0.265836489712819,0.25,1,"HIGH MED HIGH",NA
79,6,99.7991159418846,79,1,1.50115192201999,"M",0.210746326833032,0.25,1,"HIGH MED HIGH",NA
79,7,95.594210074913,79,1,1.49962419661331,"M",0.210746326833032,0.25,1,"HIGH MED HIGH",NA
80,1,130.461162850173,81,2,2.49975165338069,"FISHED",0.295769021869637,0.25,1,"HIGH MED HIGH",NA
80,2,103.406357993146,80,1,1.50029967796961,"FISHED",0.218043898092583,0.25,1,"HIGH MED HIGH",NA
80,3,131.826671327605,81,2,2.50168851359969,"FISHED",0.295769021869637,0.25,1,"HIGH MED HIGH",NA
80,4,63.5323012096791,79,0,0.500215099570412,"M",0.210746326833032,0.25,1,"HIGH MED HIGH",NA
80,5,179.643474003057,87,8,8.49904680447961,"M",0.371372128673829,0.25,1,"HIGH MED HIGH",NA
80,6,113.853764220182,81,2,2.49759736274,"FISHED",0.295769021869637,0.25,1,"HIGH MED HIGH",NA
80,7,129.405334046654,81,2,2.50072443544692,"M",0.295769021869637,0.25,1,"HIGH MED HIGH",NA
81,1,179.655650560152,84,4,4.50047451252697,"FISHED",0.364362302189693,0.25,1,"HIGH MED HIGH",NA
81,2,127.090630098884,82,2,2.4998449560541,"M",0.28612981219776,0.25,1,"HIGH MED HIGH",NA
81,3,63.4334851829549,80,0,0.498088726519337,"M",0.218043898092583,0.25,1,"HIGH MED HIGH",NA
81,4,124.326783224293,82,2,2.50035097811365,"FISHED",0.28612981219776,0.25,1,"HIGH MED HIGH",NA
81,5,170.318547816779,84,4,4.49946046464251,"M",0.364362302189693,0.25,1,"HIGH MED HIGH",NA
81,6,62.0606237019242,80,0,0.498729038734478,"FISHED",0.218043898092583,0.25,1,"HIGH MED HIGH",NA
81,7,62.0882230390557,80,0,0.499875026912874,"M",0.218043898092583,0.25,1,"HIGH MED HIGH",NA
81,8,63.9626961312086,80,0,0.499582515870182,"M",0.218043898092583,0.25,1,"HIGH MED HIGH",NA
81,9,99.8832709878173,81,1,1.49883427921149,"FISHED",0.295769021869637,0.25,1,"HIGH MED HIGH",NA
82,1,139.353442396054,83,2,2.49902122671888,"M",0.218590847752057,0.25,1,"HIGH MED HIGH",NA
82,2,130.7972488384,83,2,2.50076322764992,"FISHED",0.218590847752057,0.25,1,"HIGH MED HIGH",NA
82,3,63.2395775133455,81,0,0.500339208720156,"M",0.295769021869637,0.25,1,"HIGH MED HIGH",NA
82,4,63.7900854163051,81,0,0.500237499267619,"M",0.295769021869637,0.25,1,"HIGH MED HIGH",NA
82,5,125.263052498322,83,2,2.50038387220935,"M",0.218590847752057,0.25,1,"HIGH MED HIGH",NA
82,6,101.998306640576,82,1,1.49969411061952,"M",0.28612981219776,0.25,1,"HIGH MED HIGH",NA
82,7,60.1043885800557,81,0,0.498666181090994,"FISHED",0.295769021869637,0.25,1,"HIGH MED HIGH",NA
82,8,65.0381542460144,81,0,0.500211455412181,"M",0.295769021869637,0.25,1,"HIGH MED HIGH",NA
82,9,99.320323005103,82,1,1.4999240008747,"M",0.28612981219776,0.25,1,"HIGH MED HIGH",NA
82,10,63.8404234307708,81,0,0.498573262500364,"M",0.295769021869637,0.25,1,"HIGH MED HIGH",NA
82,11,96.8913127441436,82,1,1.49946490560832,"FISHED",0.28612981219776,0.25,1,"HIGH MED HIGH",NA
83,1,59.9803042998366,82,0,0.500664955139308,"FISHED",0.28612981219776,0.25,1,"HIGH MED HIGH",NA
83,2,152.417879385627,85,3,3.49939119752062,"FISHED",0.365114055667073,0.25,1,"HIGH MED HIGH",NA
83,3,63.090169169808,82,0,0.499637910706053,"FISHED",0.28612981219776,0.25,1,"HIGH MED HIGH",NA
83,4,64.6299900121136,82,0,0.500998534076812,"FISHED",0.28612981219776,0.25,1,"HIGH MED HIGH",NA
83,5,62.72567795698,82,0,0.500879110800453,"FISHED",0.28612981219776,0.25,1,"HIGH MED HIGH",NA
83,6,97.1159902864256,83,1,1.49930659998747,"M",0.218590847752057,0.25,1,"HIGH MED HIGH",NA
83,7,97.0193544950068,83,1,1.49929541177584,"M",0.218590847752057,0.25,1,"HIGH MED HIGH",NA
83,8,102.340506227392,83,1,1.500701424793,"M",0.218590847752057,0.25,1,"HIGH MED HIGH",NA
83,9,122.954591481663,84,2,2.49970488444105,"M",0.364362302189693,0.25,1,"HIGH MED HIGH",NA
83,10,224.247455801943,89,7,7.50093640647863,"FISHED",0.357607556204312,0.25,1,"HIGH MED HIGH",NA
83,11,63.2616393564317,82,0,0.499532873401048,"M",0.28612981219776,0.25,1,"HIGH MED HIGH",NA
83,12,115.371160866162,84,2,2.5002671619442,"M",0.364362302189693,0.25,1,"HIGH MED HIGH",NA
84,1,96.2110061928051,84,1,1.5007084161851,"FISHED",0.364362302189693,0.25,1,"HIGH MED HIGH",NA
84,2,105.001937367312,84,1,1.50075422324803,"FISHED",0.364362302189693,0.25,1,"HIGH MED HIGH",NA
84,3,109.631641071068,84,1,1.50007970508973,"FISHED",0.364362302189693,0.25,1,"HIGH MED HIGH",NA
84,4,60.8448458214951,83,0,0.501135967296166,"M",0.218590847752057,0.25,1,"HIGH MED HIGH",NA
84,5,94.0703707574143,84,1,1.49920847919404,"M",0.364362302189693,0.25,1,"HIGH MED HIGH",NA
84,6,63.8957032532864,83,0,0.499925328710164,"FISHED",0.218590847752057,0.25,1,"HIGH MED HIGH",NA
84,7,64.2720706597933,83,0,0.500509753885442,"FISHED",0.218590847752057,0.25,1,"HIGH MED HIGH",NA
84,8,62.5139824647772,83,0,0.500735815350999,"M",0.218590847752057,0.25,1,"HIGH MED HIGH",NA
84,9,123.249334645685,85,2,2.49919612031139,"M",0.365114055667073,0.25,1,"HIGH MED HIGH",NA
84,10,61.1185761541793,83,0,0.500492790703993,"FISHED",0.218590847752057,0.25,1,"HIGH MED HIGH",NA
84,11,95.3934713977135,84,1,1.50108956002814,"M",0.364362302189693,0.25,1,"HIGH MED HIGH",NA
85,1,61.1729771365385,84,0,0.498754063064076,"FISHED",0.364362302189693,0.25,1,"HIGH MED HIGH",NA
85,2,109.612719640363,85,1,1.50000974530978,"FISHED",0.365114055667073,0.25,1,"HIGH MED HIGH",NA
85,3,101.331538103655,85,1,1.50011442560705,"FISHED",0.365114055667073,0.25,1,"HIGH MED HIGH",NA
85,4,138.999826148412,87,3,3.4999014394901,"FISHED",0.371372128673829,0.25,1,"HIGH MED HIGH",NA
85,5,101.343637587922,85,1,1.49853348644993,"M",0.365114055667073,0.25,1,"HIGH MED HIGH",NA
85,6,98.6962310079712,85,1,1.49983508799008,"FISHED",0.365114055667073,0.25,1,"HIGH MED HIGH",NA
85,7,153.689079661672,87,3,3.49869101942123,"FISHED",0.371372128673829,0.25,1,"HIGH MED HIGH",NA
85,8,60.5138770968553,84,0,0.500500538445484,"FISHED",0.364362302189693,0.25,1,"HIGH MED HIGH",NA
85,9,62.9119427538618,84,0,0.500310899093536,"FISHED",0.364362302189693,0.25,1,"HIGH MED HIGH",NA
85,10,138.017166043594,87,3,3.50122568633031,"FISHED",0.371372128673829,0.25,1,"HIGH MED HIGH",NA
85,11,96.8952809220528,85,1,1.50093366133815,"FISHED",0.365114055667073,0.25,1,"HIGH MED HIGH",NA
85,12,95.1653714523284,85,1,1.50043635551008,"M",0.365114055667073,0.25,1,"HIGH MED HIGH",NA
86,1,97.3642672062581,86,1,1.50014935449525,"FISHED",0.326040799519978,0.25,1,"HIGH MED HIGH",NA
86,2,62.5734840332268,85,0,0.500785594297516,"M",0.365114055667073,0.25,1,"HIGH MED HIGH",NA
86,3,163.152503763432,89,4,4.49819760569472,"M",0.357607556204312,0.25,1,"HIGH MED HIGH",NA
86,4,63.0660919265508,85,0,0.501102591027751,"FISHED",0.365114055667073,0.25,1,"HIGH MED HIGH",NA
86,5,101.297544874444,86,1,1.50039413497765,"FISHED",0.326040799519978,0.25,1,"HIGH MED HIGH",NA
86,6,62.816056451078,85,0,0.499477034734906,"M",0.365114055667073,0.25,1,"HIGH MED HIGH",NA
86,7,63.2338370119697,85,0,0.499208680501319,"FISHED",0.365114055667073,0.25,1,"HIGH MED HIGH",NA
86,8,64.3030128654646,85,0,0.499059967378499,"FISHED",0.365114055667073,0.25,1,"HIGH MED HIGH",NA
86,9,99.7773738679488,86,1,1.49927846684538,"FISHED",0.326040799519978,0.25,1,"HIGH MED HIGH",NA
86,10,142.682760703402,88,3,3.49830401077107,"M",0.353624955238774,0.25,1,"HIGH MED HIGH",NA
86,11,95.947549206319,86,1,1.50110920550067,"FISHED",0.326040799519978,0.25,1,"HIGH MED HIGH",NA
86,12,157.01702066985,89,4,4.50053839609476,"FISHED",0.357607556204312,0.25,1,"HIGH MED HIGH",NA
87,1,65.3876362788068,86,0,0.499937465901018,"M",0.326040799519978,0.25,1,"HIGH MED HIGH",NA
87,2,63.5201871385342,86,0,0.499762608508732,"M",0.326040799519978,0.25,1,"HIGH MED HIGH",NA
87,3,96.3600241299015,87,1,1.49781372424009,"M",0.371372128673829,0.25,1,"HIGH MED HIGH",NA
87,4,105.859494465748,87,1,1.50112239444716,"FISHED",0.371372128673829,0.25,1,"HIGH MED HIGH",NA
87,5,62.3116936365072,86,0,0.501348178017203,"FISHED",0.326040799519978,0.25,1,"HIGH MED HIGH",NA
87,6,62.6896314878791,86,0,0.499548284901855,"FISHED",0.326040799519978,0.25,1,"HIGH MED HIGH",NA
87,7,101.099440682062,87,1,1.50089406375032,"FISHED",0.371372128673829,0.25,1,"HIGH MED HIGH",NA
87,8,154.04320126501,89,3,3.49963779552135,"M",0.357607556204312,0.25,1,"HIGH MED HIGH",NA
87,9,63.1962193878345,86,0,0.500643598411021,"FISHED",0.326040799519978,0.25,1,"HIGH MED HIGH",NA
88,1,61.7111548422652,87,0,0.497762899055492,"FISHED",0.371372128673829,0.25,1,"HIGH MED HIGH",NA
88,2,64.1644590467449,87,0,0.500287941512974,"FISHED",0.371372128673829,0.25,1,"HIGH MED HIGH",NA
88,3,63.6743408247156,87,0,0.500600402723974,"M",0.371372128673829,0.25,1,"HIGH MED HIGH",NA
88,4,154.473444565147,91,4,4.49935473380279,"M",0.35796604140196,0.25,1,"HIGH MED HIGH",NA
88,5,97.36007098086,88,1,1.50129791471883,"FISHED",0.353624955238774,0.25,1,"HIGH MED HIGH",NA
88,6,60.6081608830903,87,0,0.499525274121083,"M",0.371372128673829,0.25,1,"HIGH MED HIGH",NA
88,7,126.816041611963,89,2,2.50143824182537,"M",0.357607556204312,0.25,1,"HIGH MED HIGH",NA
88,8,62.4601150561105,87,0,0.500284817732316,"FISHED",0.371372128673829,0.25,1,"HIGH MED HIGH",NA
89,1,102.141745598689,89,1,1.49939027235989,"FISHED",0.357607556204312,0.25,1,"HIGH MED HIGH",NA
89,2,92.4919928223413,89,1,1.49997768190345,"FISHED",0.357607556204312,0.25,1,"HIGH MED HIGH",NA
89,3,65.382131186408,88,0,0.500033454071747,"FISHED",0.353624955238774,0.25,1,"HIGH MED HIGH",NA
89,4,63.7704085777981,88,0,0.500295880801818,"M",0.353624955238774,0.25,1,"HIGH MED HIGH",NA
89,5,160.330238137896,92,4,4.49941866714363,"M",0.303227806999348,0.25,1,"HIGH MED HIGH",NA
89,6,152.911536269352,91,3,3.49962878368932,"FISHED",0.35796604140196,0.25,1,"HIGH MED HIGH",NA
89,7,169.394039355571,91,3,3.50031931510747,"M",0.35796604140196,0.25,1,"HIGH MED HIGH",NA
89,8,99.1376508509608,89,1,1.50031592555533,"M",0.357607556204312,0.25,1,"HIGH MED HIGH",NA
89,9,59.8290435755259,88,0,0.500689776508411,"M",0.353624955238774,0.25,1,"HIGH MED HIGH",NA
90,1,61.7926274360963,89,0,0.501454693003408,"FISHED",0.357607556204312,0.25,1,"HIGH MED HIGH",NA
90,2,164.265983828187,95,6,6.50061011589834,"M",0.312143352767453,0.25,1,"HIGH MED HIGH",NA
90,3,125.572907684061,91,2,2.50038084493048,"FISHED",0.35796604140196,0.25,1,"HIGH MED HIGH",NA
90,4,64.2788723354481,89,0,0.501679966681423,"M",0.357607556204312,0.25,1,"HIGH MED HIGH",NA
90,5,63.3747430818615,89,0,0.499496597422518,"M",0.357607556204312,0.25,1,"HIGH MED HIGH",NA
90,6,98.0124910308962,90,1,1.50231533248654,"FISHED",0.303651525708847,0.25,1,"HIGH MED HIGH",NA
90,7,93.1719142157984,90,1,1.49892239256142,"M",0.303651525708847,0.25,1,"HIGH MED HIGH",NA
90,8,61.3174997931808,89,0,0.498646122687302,"M",0.357607556204312,0.25,1,"HIGH MED HIGH",NA
90,9,128.475813453318,91,2,2.499226225066,"FISHED",0.35796604140196,0.25,1,"HIGH MED HIGH",NA
90,10,153.134825433582,92,3,3.49959046527387,"FISHED",0.303227806999348,0.25,1,"HIGH MED HIGH",NA
91,1,60.5741583745487,90,0,0.499385228161845,"FISHED",0.303651525708847,0.25,1,"HIGH MED HIGH",NA
91,2,131.930879850188,92,2,2.50017370997571,"M",0.303227806999348,0.25,1,"HIGH MED HIGH",NA
91,3,99.1174666248471,91,1,1.49873604387508,"M",0.35796604140196,0.25,1,"HIGH MED HIGH",NA
91,4,59.9066458728934,90,0,0.498928451792871,"M",0.303651525708847,0.25,1,"HIGH MED HIGH",NA
91,5,178.636301441534,94,4,4.50023332851073,"M",0.346674343501218,0.25,1,"HIGH MED HIGH",NA
91,6,131.275148009459,92,2,2.49924389898244,"M",0.303227806999348,0.25,1,"HIGH MED HIGH",NA
91,7,63.5320960167842,90,0,0.502229076555982,"FISHED",0.303651525708847,0.25,1,"HIGH MED HIGH",NA
91,8,63.3212715579617,90,0,0.499745425606531,"M",0.303651525708847,0.25,1,"HIGH MED HIGH",NA
91,9,103.902877514655,91,1,1.50085234013664,"M",0.35796604140196,0.25,1,"HIGH MED HIGH",NA
92,1,179.410075907239,96,5,5.50086644255145,"FISHED",0.359954927419312,0.25,1,"HIGH MED HIGH",NA
92,2,99.1780003255505,92,1,1.49996677984296,"M",0.303227806999348,0.25,1,"HIGH MED HIGH",NA
92,3,63.4808785594314,91,0,0.501133524673246,"M",0.35796604140196,0.25,1,"HIGH MED HIGH",NA
92,4,181.505357982441,96,5,5.50193170172802,"FISHED",0.359954927419312,0.25,1,"HIGH MED HIGH",NA
92,5,61.7809080291015,91,0,0.499986227403601,"FISHED",0.35796604140196,0.25,1,"HIGH MED HIGH",NA
93,1,63.0622866061499,92,0,0.499474934523325,"M",0.303227806999348,0.25,1,"HIGH MED HIGH",NA
93,2,62.1957427295914,92,0,0.497629669508764,"FISHED",0.303227806999348,0.25,1,"HIGH MED HIGH",NA
93,3,126.612944567166,94,2,2.500769227945,"FISHED",0.346674343501218,0.25,1,"HIGH MED HIGH",NA
93,4,121.206014545918,94,2,2.49940740114186,"M",0.346674343501218,0.25,1,"HIGH MED HIGH",NA
93,5,142.069015034339,95,3,3.50140656371942,"M",0.312143352767453,0.25,1,"HIGH MED HIGH",NA
93,6,61.9417087032003,92,0,0.500541261251555,"M",0.303227806999348,0.25,1,"HIGH MED HIGH",NA
93,7,64.0278041409031,92,0,0.500807740570073,"M",0.303227806999348,0.25,1,"HIGH MED HIGH",NA
93,8,139.67888977275,95,3,3.50002975752924,"FISHED",0.312143352767453,0.25,1,"HIGH MED HIGH",NA
94,1,60.75643473431,93,0,0.500772497556507,"FISHED",0.383825348992832,0.25,1,"HIGH MED HIGH",NA
94,2,100.404803837435,94,1,1.50063132333899,"FISHED",0.346674343501218,0.25,1,"HIGH MED HIGH",NA
94,3,61.413508947271,93,0,0.498949582709503,"FISHED",0.383825348992832,0.25,1,"HIGH MED HIGH",NA
94,4,65.2704986177999,93,0,0.499700627241447,"M",0.383825348992832,0.25,1,"HIGH MED HIGH",NA
94,5,62.144035218462,93,0,0.499286952799166,"M",0.383825348992832,0.25,1,"HIGH MED HIGH",NA
94,6,63.1445259317758,93,0,0.500247262996173,"FISHED",0.383825348992832,0.25,1,"HIGH MED HIGH",NA
94,7,59.2057762690065,93,0,0.499077205855333,"FISHED",0.383825348992832,0.25,1,"HIGH MED HIGH",NA
94,8,94.1273777702099,94,1,1.5005441856437,"FISHED",0.346674343501218,0.25,1,"HIGH MED HIGH",NA
95,1,63.4210422151728,94,0,0.50072761081599,"FISHED",0.346674343501218,0.25,1,"HIGH MED HIGH",NA
95,2,101.878712970691,95,1,1.49972993251344,"M",0.312143352767453,0.25,1,"HIGH MED HIGH",NA
95,3,158.83871040885,99,5,5.49932665725419,"M",0.354179116152227,0.25,1,"HIGH MED HIGH",NA
95,4,62.4850815868475,94,0,0.499845708055307,"M",0.346674343501218,0.25,1,"HIGH MED HIGH",NA
95,5,92.7366399105119,95,1,1.5011922845541,"M",0.312143352767453,0.25,1,"HIGH MED HIGH",NA
95,6,64.7443128486669,94,0,0.501163701684855,"FISHED",0.346674343501218,0.25,1,"HIGH MED HIGH",NA
95,7,63.0838457433466,94,0,0.500508394552275,"M",0.346674343501218,0.25,1,"HIGH MED HIGH",NA
95,8,99.0007247955672,95,1,1.49847910416336,"M",0.312143352767453,0.25,1,"HIGH MED HIGH",NA
96,1,101.721620294339,96,1,1.50003043346822,"M",0.359954927419312,0.25,1,"HIGH MED HIGH",NA
96,2,160.847636356368,98,3,3.50151842046812,"M",0.345231459289789,0.25,1,"HIGH MED HIGH",NA
96,3,150.181121648535,98,3,3.50025431113049,"M",0.345231459289789,0.25,1,"HIGH MED HIGH",NA
96,4,63.94364287074,95,0,0.499379117973744,"M",0.312143352767453,0.25,1,"HIGH MED HIGH",NA
96,5,63.2922579256691,95,0,0.499046219527248,"FISHED",0.312143352767453,0.25,1,"HIGH MED HIGH",NA
96,6,123.906236719227,97,2,2.49977839363862,"M",0.344886313308962,0.25,1,"HIGH MED HIGH",NA
96,7,99.0696780833714,96,1,1.49933766514775,"M",0.359954927419312,0.25,1,"HIGH MED HIGH",NA
96,8,148.416914897843,98,3,3.49923901583159,"M",0.345231459289789,0.25,1,"HIGH MED HIGH",NA
96,9,60.9435619335433,95,0,0.500293241911215,"M",0.312143352767453,0.25,1,"HIGH MED HIGH",NA
97,1,59.7303055503099,96,0,0.499877768976128,"M",0.359954927419312,0.25,1,"HIGH MED HIGH",NA
97,2,61.744701160614,96,0,0.500360636521576,"FISHED",0.359954927419312,0.25,1,"HIGH MED HIGH",NA
97,3,63.9284380998177,96,0,0.498601168689597,"FISHED",0.359954927419312,0.25,1,"HIGH MED HIGH",NA
97,4,66.2415816485995,96,0,0.499350407765436,"M",0.359954927419312,0.25,1,"HIGH MED HIGH",NA
97,5,60.1521375321951,96,0,0.501585399465393,"M",0.359954927419312,0.25,1,"HIGH MED HIGH",NA
97,6,104.263068665837,97,1,1.50042614258151,"M",0.344886313308962,0.25,1,"HIGH MED HIGH",NA
97,7,146.318232284666,99,3,3.49871638914573,"FISHED",0.354179116152227,0.25,1,"HIGH MED HIGH",NA
97,8,94.4140477775091,97,1,1.50076283999527,"M",0.344886313308962,0.25,1,"HIGH MED HIGH",NA
97,9,94.0659855268721,97,1,1.49974251256059,"M",0.344886313308962,0.25,1,"HIGH MED HIGH",NA
97,10,62.357010777506,96,0,0.500026273145796,"FISHED",0.359954927419312,0.25,1,"HIGH MED HIGH",NA
97,11,61.0953520734066,96,0,0.500108949099015,"M",0.359954927419312,0.25,1,"HIGH MED HIGH",NA
98,1,100.410109735006,98,1,1.50023612539353,"FISHED",0.345231459289789,0.25,1,"HIGH MED HIGH",NA
98,2,61.6224468305071,97,0,0.499133662536653,"FISHED",0.344886313308962,0.25,1,"HIGH MED HIGH",NA
98,3,61.5535372794062,97,0,0.50083053698956,"M",0.344886313308962,0.25,1,"HIGH MED HIGH",NA
98,4,144.682119516994,100,3,3.50070839093183,"M",0.328881747997366,0.25,1,"HIGH MED HIGH",NA
98,5,136.50766852408,99,2,2.49980647280952,"M",0.354179116152227,0.25,1,"HIGH MED HIGH",NA
98,6,62.6216483505251,97,0,0.501092052207961,"FISHED",0.344886313308962,0.25,1,"HIGH MED HIGH",NA
98,7,61.1574670453748,97,0,0.500161622155932,"M",0.344886313308962,0.25,1,"HIGH MED HIGH",NA
98,8,144.952374079072,100,3,3.50079122589451,"M",0.328881747997366,0.25,1,"HIGH MED HIGH",NA
98,9,62.5937582245051,97,0,0.500010302282563,"M",0.344886313308962,0.25,1,"HIGH MED HIGH",NA
99,1,61.4680646254212,98,0,0.499016843433083,"M",0.345231459289789,0.25,1,"HIGH MED HIGH",NA
99,2,61.5013368048534,98,0,0.499282627680975,"FISHED",0.345231459289789,0.25,1,"HIGH MED HIGH",NA
99,3,64.9096175486798,98,0,0.499270029954301,"M",0.345231459289789,0.25,1,"HIGH MED HIGH",NA
99,4,127.861840826506,100,2,2.4992882263047,"M",0.328881747997366,0.25,1,"HIGH MED HIGH",NA
100,1,62.0281516363052,99,0,0.501058320384536,"M",0.354179116152227,0.25,1,"HIGH MED HIGH",NA
100,2,64.1489907114611,99,0,0.500183780787654,"FISHED",0.354179116152227,0.25,1,"HIGH MED HIGH",NA
100,3,98.0999458964847,100,1,1.49939479781764,"FISHED",0.328881747997366,0.25,1,"HIGH MED HIGH",NA
100,4,103.353837131719,100,1,1.50066444230888,"M",0.328881747997366,0.25,1,"HIGH MED HIGH",NA
100,5,61.147186111875,99,0,0.502461797764818,"FISHED",0.354179116152227,0.25,1,"HIGH MED HIGH",NA
100,6,97.9536391988538,100,1,1.50173420613702,"FISHED",0.328881747997366,0.25,1,"HIGH MED HIGH",NA
100,7,60.3649810676909,99,0,0.501115417723444,"M",0.354179116152227,0.25,1,"HIGH MED HIGH",NA
100,8,63.6062659121512,99,0,0.500150768801721,"M",0.354179116152227,0.25,1,"HIGH MED HIGH",NA
100,9,61.7839347751692,99,0,0.498844957622747,"M",0.354179116152227,0.25,1,"HIGH MED HIGH",NA
