"cohort","uni_ind","ind","fish_size","Year","Age","AgeE","FMORT","M","Sel","FSIM","REG"
1,12,12,139.854295259271,2,2,2.49895061187548,0,0.25,0.326178513729882,"HIGH HIGH","R1"
1,2,2,147.169018774329,3,3,3.49985580149495,0,0.25,0.504290114261553,"HIGH HIGH","R1"
1,9,9,154.311595837257,3,3,3.50144000087903,0,0.25,0.677512519595484,"HIGH HIGH","R1"
1,12,12,166.843664105666,3,3,3.50130293179968,0,0.25,0.882339590632713,"HIGH HIGH","R1"
3,32,8,99.9150915551834,3,1,1.5002661932784,0,0.25,0.0083207877352484,"HIGH HIGH","R1"
1,2,2,163.590580745423,4,4,4.49934546328174,0,0.25,0.843496994595484,"HIGH HIGH","R1"
1,3,3,178.688493380972,4,4,4.49908592974157,0,0.25,0.961484145245661,"HIGH HIGH","R1"
1,6,6,166.391068907882,4,4,4.50028960410212,0,0.25,0.877484458167894,"HIGH HIGH","R1"
1,12,12,188.851496975559,4,4,4.49888054422491,0,0.25,0.985926414301703,"HIGH HIGH","R1"
2,16,4,144.205196163366,4,3,3.50067578727147,0,0.25,0.429531449031212,"HIGH HIGH","R1"
2,19,7,147.929401475033,4,3,3.49960221549284,0,0.25,0.523573595358662,"HIGH HIGH","R1"
1,2,2,176.266888120067,5,5,5.50010649518226,0,0.25,0.951271561584866,"HIGH HIGH","R1"
1,6,6,179.610148092338,5,5,5.50165564344058,0,0.25,0.964803774860508,"HIGH HIGH","R1"
1,12,12,206.79725592923,5,5,5.49953678739385,0,0.25,0.997697277144356,"HIGH HIGH","R1"
2,16,4,159.849880450039,5,4,4.50049772829429,0,0.25,0.786621385576577,"HIGH HIGH","R1"
2,17,5,158.038573710082,5,4,4.49970033366379,0,0.25,0.754132006044886,"HIGH HIGH","R1"
2,20,8,154.209856131111,5,4,4.49967896878321,0,0.25,0.675251426501621,"HIGH HIGH","R1"
3,30,6,143.768331428305,5,3,3.50009615463281,0,0.25,0.418698370448534,"HIGH HIGH","R1"
1,2,2,186.052118595663,6,6,6.49960000556103,0,0.25,0.981386047817312,"HIGH HIGH","R1"
1,6,6,189.881928646205,6,6,6.50096478807603,0,0.25,0.987306672159501,"HIGH HIGH","R1"
1,12,12,221.430694229456,6,6,6.49995347138569,0,0.25,0.999477898040096,"HIGH HIGH","R1"
2,14,2,159.971409385239,6,5,5.49830189203255,0,0.25,0.788685159695465,"HIGH HIGH","R1"
2,16,4,171.817719480743,6,5,5.49952317823086,0,0.25,0.925518413246477,"HIGH HIGH","R1"
2,17,5,169.670204776837,6,5,5.50082285875189,0,0.25,0.909022681197664,"HIGH HIGH","R1"
2,20,8,165.145632521458,6,5,5.49830952642088,0,0.25,0.863228671315701,"HIGH HIGH","R1"
4,35,1,159.4811632527,6,3,3.49936950141733,0,0.25,0.780270291277165,"HIGH HIGH","R1"
4,43,9,150.921493568082,6,3,3.49887167245039,0,0.25,0.598245156381804,"HIGH HIGH","R1"
4,46,12,151.689021920832,6,3,3.4987729477103,0,0.25,0.616823581786367,"HIGH HIGH","R1"
1,2,2,193.605638136541,7,7,7.5001374051802,0,0.25,0.991267920391058,"HIGH HIGH","R1"
1,6,6,197.863534193351,7,7,7.4988795522796,0,0.25,0.994315410819727,"HIGH HIGH","R1"
1,12,12,233.363180174428,7,7,7.49910013816117,0,0.25,0.999844492193615,"HIGH HIGH","R1"
2,14,2,167.547217188428,7,6,6.49976701414727,0,0.25,0.889555408351844,"HIGH HIGH","R1"
2,16,4,180.972852843635,7,6,6.50008006002351,0,0.25,0.969211587912407,"HIGH HIGH","R1"
2,17,5,178.528368818395,7,6,6.49949997632195,0,0.25,0.960877541307865,"HIGH HIGH","R1"
2,20,8,173.393515238116,7,6,6.49847102812057,0,0.25,0.935823895857167,"HIGH HIGH","R1"
4,35,1,179.312485972955,7,4,4.5010294147788,0,0.25,0.963762959543539,"HIGH HIGH","R1"
4,37,3,158.760130824802,7,4,4.50004944883919,0,0.25,0.767461775294423,"HIGH HIGH","R1"
4,43,9,168.351312702693,7,4,4.50072003771588,0,0.25,0.897325010072861,"HIGH HIGH","R1"
4,44,10,173.226634606193,7,4,4.50143581275916,0,0.25,0.934798748115252,"HIGH HIGH","R1"
4,46,12,169.32843884794,7,4,4.50003880528952,0,0.25,0.906111929413599,"HIGH HIGH","R1"
5,47,1,136.809209878619,7,3,3.4990416200746,0,0.25,0.262174862394002,"HIGH HIGH","R1"
5,48,2,141.835748651172,7,3,3.49996819609717,0,0.25,0.371838256077234,"HIGH HIGH","R1"
5,57,11,143.728443495522,7,3,3.49867584282147,0,0.25,0.417712986841354,"HIGH HIGH","R1"
5,59,13,162.657016968387,7,3,3.50034691632787,0,0.25,0.830573071204224,"HIGH HIGH","R1"
6,61,2,136.434535196836,7,2,2.49997699085219,0,0.25,0.254882974227573,"HIGH HIGH","R1"
6,73,14,121.062965053778,7,2,2.49850441252296,0,0.25,0.0670164878927706,"HIGH HIGH","R1"
1,2,2,199.43643155492,8,8,8.49879038418092,0,0.25,0.99515039018592,"HIGH HIGH","R1"
1,6,6,204.065577429783,8,8,8.4990563368984,0,0.25,0.996963485435911,"HIGH HIGH","R1"
2,14,2,173.195445306781,8,7,7.499998673531,0,0.25,0.934605470187863,"HIGH HIGH","R1"
2,16,4,187.976328297918,8,7,7.49891053535851,0,0.25,0.98463871006974,"HIGH HIGH","R1"
2,20,8,179.614159011319,8,7,7.4980870425523,0,0.25,0.964817601012509,"HIGH HIGH","R1"
4,35,1,195.170789802059,8,5,5.49929959194287,0,0.25,0.992541354632702,"HIGH HIGH","R1"
4,44,10,187.814507105608,8,5,5.50049562415255,0,0.25,0.98438821067497,"HIGH HIGH","R1"
4,46,12,183.128109301514,8,5,5.5025886837689,0,0.25,0.975112152765747,"HIGH HIGH","R1"
5,47,1,150.591257537893,8,4,4.49932432187942,0,0.25,0.590160501402105,"HIGH HIGH","R1"
5,48,2,156.871826249575,8,4,4.499697572478,0,0.25,0.731512509742914,"HIGH HIGH","R1"
5,50,4,155.516617610216,8,4,4.49982117281081,0,0.25,0.703644277644528,"HIGH HIGH","R1"
5,55,9,151.36315159147,8,4,4.49971594545995,0,0.25,0.608973914112754,"HIGH HIGH","R1"
5,58,12,149.839425151246,8,4,4.49948482256014,0,0.25,0.571578324145113,"HIGH HIGH","R1"
6,62,3,142.053628791393,8,3,3.50136082625601,0,0.25,0.377019846131862,"HIGH HIGH","R1"
6,63,4,148.758045297817,8,3,3.49986802734981,0,0.25,0.544506521693203,"HIGH HIGH","R1"
6,66,7,144.262458956602,8,3,3.50139808649941,0,0.25,0.430956664441263,"HIGH HIGH","R1"
6,67,8,147.568807774297,8,3,3.50074012902475,0,0.25,0.514434089910845,"HIGH HIGH","R1"
6,69,10,153.494357905825,8,3,3.50055091469059,0,0.25,0.659122809131626,"HIGH HIGH","R1"
7,82,9,124.859534323873,8,2,2.50010774943451,0,0.25,0.095524354448129,"HIGH HIGH","R1"
1,2,2,203.93739983915,9,9,9.501973871254,0,0.25,0.996923831795128,"HIGH HIGH","R1"
1,6,6,208.884825897946,9,9,9.49873495308473,0,0.25,0.998136276730539,"HIGH HIGH","R1"
2,16,4,193.33383282511,9,8,8.50015577714863,0,0.25,0.991025777602404,"HIGH HIGH","R1"
2,20,8,184.305836897927,9,8,8.50113037526918,0,0.25,0.977855015065113,"HIGH HIGH","R1"
4,37,3,179.500987071069,9,6,6.49976831064868,0,0.25,0.964425466573011,"HIGH HIGH","R1"
4,44,10,199.327223728961,9,6,6.50027313168153,0,0.25,0.995096582992909,"HIGH HIGH","R1"
4,46,12,193.9238689014,9,6,6.49991802831614,0,0.25,0.991543202988593,"HIGH HIGH","R1"
5,50,4,166.687622857917,9,5,5.49877101695326,0,0.25,0.880684812798688,"HIGH HIGH","R1"
5,55,9,161.794687363082,9,5,5.50041956235208,0,0.25,0.81789340270102,"HIGH HIGH","R1"
5,58,12,160.005697905366,9,5,5.50008522197983,0,0.25,0.78926478891748,"HIGH HIGH","R1"
6,61,2,182.521850715155,9,4,4.50074043037841,0,0.25,0.973573807885312,"HIGH HIGH","R1"
6,63,4,165.60321621021,9,4,4.49899571116864,0,0.25,0.868621932410278,"HIGH HIGH","R1"
6,66,7,159.921989081044,9,4,4.50114014972236,0,0.25,0.787847683861707,"HIGH HIGH","R1"
6,67,8,164.096482450931,9,4,4.50188586887113,0,0.25,0.850158728646997,"HIGH HIGH","R1"
7,76,3,160.316069858785,9,3,3.50065140710046,0,0.25,0.794458411131337,"HIGH HIGH","R1"
7,77,4,140.569262681326,9,3,3.50030514271882,0,0.25,0.342330010263165,"HIGH HIGH","R1"
7,79,6,146.41475481637,9,3,3.49968104129373,0,0.25,0.48514903562099,"HIGH HIGH","R1"
7,84,11,151.47035712853,9,3,3.50014427513814,0,0.25,0.611562765235863,"HIGH HIGH","R1"
8,94,10,126.464302685085,9,2,2.49946144291683,0,0.25,0.110559557167809,"HIGH HIGH","R1"
1,6,6,212.629584667358,10,10,10.4992839287202,0,0.25,0.998724993060614,"HIGH HIGH","R1"
4,37,3,186.348869845518,10,7,7.49924190871235,0,0.25,0.981928534902113,"HIGH HIGH","R1"
4,44,10,208.413034155047,10,7,7.49983295818638,0,0.25,0.998045006365264,"HIGH HIGH","R1"
4,46,12,202.36960865516,10,7,7.50131610345873,0,0.25,0.996394949977012,"HIGH HIGH","R1"
5,47,1,168.580852244443,10,6,6.49966171154063,0,0.25,0.899452433817302,"HIGH HIGH","R1"
5,50,4,175.141136259914,10,6,6.49933422917823,0,0.25,0.945691543514566,"HIGH HIGH","R1"
5,55,9,169.604155287391,10,6,6.50018836871337,0,0.25,0.908466555272915,"HIGH HIGH","R1"
5,58,12,167.585868029251,10,6,6.49994726520822,0,0.25,0.889940369581917,"HIGH HIGH","R1"
6,61,2,199.069471661735,10,5,5.50010991390988,0,0.25,0.99496722016667,"HIGH HIGH","R1"
6,63,4,178.66853338709,10,5,5.49919535604587,0,0.25,0.96140902571923,"HIGH HIGH","R1"
6,66,7,171.903305368666,10,5,5.50052787783125,0,0.25,0.92611522185308,"HIGH HIGH","R1"
6,73,14,166.31430674289,10,5,5.49887456138475,0,0.25,0.876644108968869,"HIGH HIGH","R1"
7,74,1,157.206513464715,10,4,4.49901259561541,0,0.25,0.738133832186249,"HIGH HIGH","R1"
7,77,4,155.284610307491,10,4,4.49992931815783,0,0.25,0.69870866713734,"HIGH HIGH","R1"
7,79,6,162.636971289207,10,4,4.49894516332661,0,0.25,0.830286470160966,"HIGH HIGH","R1"
7,82,9,161.776328073948,10,4,4.50093192076221,0,0.25,0.81761559766888,"HIGH HIGH","R1"
7,84,11,169.049944660712,10,4,4.49985228301951,0,0.25,0.903678606907677,"HIGH HIGH","R1"
8,86,2,155.739911779835,10,3,3.50045766568226,0,0.25,0.708350033687581,"HIGH HIGH","R1"
8,93,9,150.959579167516,10,3,3.49894131475454,0,0.25,0.599174208691852,"HIGH HIGH","R1"
8,94,10,147.958463008044,10,3,3.49962938301605,0,0.25,0.524309575535174,"HIGH HIGH","R1"
8,97,13,149.960480564485,10,3,3.50141358357112,0,0.25,0.574585429103116,"HIGH HIGH","R1"
9,101,4,135.129749398384,10,2,2.500450359967,0,0.25,0.230548835781698,"HIGH HIGH","R1"
1,6,6,215.539419745115,11,11,11.5008083141689,0,0.25,0.999050827435228,"HIGH HIGH","R1"
4,37,3,191.573289119767,11,8,8.50155591165893,0,0.25,0.989288118496972,"HIGH HIGH","R1"
4,44,10,215.583535592678,11,8,8.50035593147109,0,0.25,0.999055065440676,"HIGH HIGH","R1"
4,46,12,208.976880642672,11,8,8.50115242701136,0,0.25,0.998153582923518,"HIGH HIGH","R1"
5,50,4,181.538222936821,11,7,7.50016153271017,0,0.25,0.970879159566165,"HIGH HIGH","R1"
5,58,12,173.237789878756,11,7,7.5005391908694,0,0.25,0.934867747455111,"HIGH HIGH","R1"
6,61,2,212.391088101692,11,6,6.50230485144072,0,0.25,0.998693782580987,"HIGH HIGH","R1"
6,63,4,188.802150541838,11,6,6.50115399769111,0,0.25,0.985856724806958,"HIGH HIGH","R1"
6,71,12,159.861892333355,11,6,6.49861160313249,0,0.25,0.786826020835377,"HIGH HIGH","R1"
6,72,13,162.026296209823,11,6,6.49994836762092,0,0.25,0.821369786553436,"HIGH HIGH","R1"
6,73,14,174.717812912089,11,6,6.5002309198414,0,0.25,0.943441319396127,"HIGH HIGH","R1"
7,74,1,168.685205874909,11,5,5.50015011822631,0,0.25,0.900406599191947,"HIGH HIGH","R1"
7,79,6,175.130868831729,11,5,5.50214510431433,0,0.25,0.945637978035872,"HIGH HIGH","R1"
7,82,9,174.106655180825,11,5,5.50125813010516,0,0.25,0.940037656413929,"HIGH HIGH","R1"
7,84,11,182.794075217978,11,5,5.4989334222465,0,0.25,0.97427568355166,"HIGH HIGH","R1"
8,85,1,153.527813838086,11,4,4.5015712736036,0,0.25,0.659885602452655,"HIGH HIGH","R1"
8,89,5,169.667277628362,11,4,4.49905510321573,0,0.25,0.908998099608328,"HIGH HIGH","R1"
8,90,6,160.880745972539,11,4,4.50057654536195,0,0.25,0.803662636876109,"HIGH HIGH","R1"
8,93,9,168.399771890114,11,4,4.49943004639272,0,0.25,0.897777434533662,"HIGH HIGH","R1"
8,97,13,167.129473920748,11,4,4.49865339106352,0,0.25,0.885318969118186,"HIGH HIGH","R1"
9,101,4,160.11592826709,11,3,3.50104826809184,0,0.25,0.791120273624053,"HIGH HIGH","R1"
9,103,6,147.201576681077,11,3,3.50127138771426,0,0.25,0.50511646137722,"HIGH HIGH","R1"
9,104,7,154.645369120917,11,3,3.50027455255765,0,0.25,0.684871883038746,"HIGH HIGH","R1"
9,105,8,154.607530279302,11,3,3.50029186831906,0,0.25,0.684042133693338,"HIGH HIGH","R1"
9,107,10,136.082113390278,11,3,3.50027898886932,0,0.25,0.24814709644505,"HIGH HIGH","R1"
11,131,11,97.2577551550866,11,1,1.49961593346735,0,0.25,0.0063656784534083,"HIGH HIGH","R1"
4,37,3,195.559127904128,12,9,9.50048683702053,0,0.25,0.992827650212736,"HIGH HIGH","R1"
4,46,12,214.145882339359,12,9,9.49897056891791,0,0.25,0.998906722290869,"HIGH HIGH","R1"
5,58,12,177.451972419628,12,8,8.49929971121458,0,0.25,0.956555776052796,"HIGH HIGH","R1"
6,61,2,223.115618543031,12,7,7.50029055046027,0,0.25,0.999559957804908,"HIGH HIGH","R1"
6,63,4,196.661905896319,12,7,7.49848856872791,0,0.25,0.99358251891546,"HIGH HIGH","R1"
6,73,14,181.071935889469,12,7,7.50026499346653,0,0.25,0.969510374405319,"HIGH HIGH","R1"
7,74,1,177.408728923447,12,6,6.49933514113706,0,0.25,0.95637294984724,"HIGH HIGH","R1"
7,84,11,193.539556272604,12,6,6.50137010491044,0,0.25,0.991209652700262,"HIGH HIGH","R1"
8,85,1,164.341754482518,12,5,5.50191919796484,0,0.25,0.853303515141491,"HIGH HIGH","R1"
8,89,5,183.534661490667,12,5,5.49799722252792,0,0.25,0.976094505476221,"HIGH HIGH","R1"
8,93,9,182.014640734781,12,5,5.49888246883677,0,0.25,0.972216055990294,"HIGH HIGH","R1"
8,96,12,164.176857574278,12,5,5.49924549452247,0,0.25,0.851195340179363,"HIGH HIGH","R1"
8,97,13,180.493419660784,12,5,5.50089062114097,0,0.25,0.967725360620025,"HIGH HIGH","R1"
9,101,4,180.1308970894,12,4,4.4993908858086,0,0.25,0.966555739670962,"HIGH HIGH","R1"
9,102,5,154.234560881031,12,4,4.50057545119967,0,0.25,0.675801228973712,"HIGH HIGH","R1"
9,103,6,163.631768527817,12,4,4.49836394998977,0,0.25,0.844048252915337,"HIGH HIGH","R1"
9,105,8,173.054311638338,12,4,4.49979185964103,0,0.25,0.933724196948653,"HIGH HIGH","R1"
9,106,9,154.585537444253,12,4,4.5004022217041,0,0.25,0.683559323825273,"HIGH HIGH","R1"
9,108,11,165.088410124785,12,4,4.49893292319274,0,0.25,0.862541274088002,"HIGH HIGH","R1"
10,109,1,141.726984664793,12,3,3.4999219025026,0,0.25,0.369262548228196,"HIGH HIGH","R1"
10,112,4,137.200609550953,12,3,3.50007874006298,0,0.25,0.269934401095831,"HIGH HIGH","R1"
10,113,5,160.911536880687,12,3,3.50182348739267,0,0.25,0.804155460301422,"HIGH HIGH","R1"
10,118,10,155.003296198676,12,3,3.5010174494546,0,0.25,0.692661930400878,"HIGH HIGH","R1"
4,37,3,198.600022974173,13,10,10.4986243402399,0,0.25,0.994722824234177,"HIGH HIGH","R1"
4,46,12,218.189696275103,13,10,10.4999826805138,0,0.25,0.999274598206779,"HIGH HIGH","R1"
6,63,4,202.758026688032,13,8,8.49862127065977,0,0.25,0.996533872227888,"HIGH HIGH","R1"
6,72,13,170.942954524428,13,8,8.50087984825769,0,0.25,0.919159762701997,"HIGH HIGH","R1"
7,74,1,184.038391228083,13,7,7.50035670471852,0,0.25,0.977259304668912,"HIGH HIGH","R1"
7,84,11,201.940623376429,13,7,7.49934799296876,0,0.25,0.996235063240085,"HIGH HIGH","R1"
8,85,1,172.483406502186,13,6,6.4993482501293,0,0.25,0.930045656003994,"HIGH HIGH","R1"
8,89,5,194.391763499815,13,6,6.4990210569863,0,0.25,0.991932396433139,"HIGH HIGH","R1"
8,90,6,182.368445182603,13,6,6.50170539087983,0,0.25,0.973170110879991,"HIGH HIGH","R1"
8,93,9,192.643230487536,13,6,6.50006355467212,0,0.25,0.990380203073995,"HIGH HIGH","R1"
8,96,12,172.296801135763,13,6,6.4991842669505,0,0.25,0.928802895016959,"HIGH HIGH","R1"
9,101,4,196.163719837649,13,5,5.49725787750971,0,0.25,0.99325180677823,"HIGH HIGH","R1"
9,102,5,165.174762460147,13,5,5.49936264435223,0,0.25,0.8635774889454,"HIGH HIGH","R1"
9,103,6,176.315982126654,13,5,5.49886198904753,0,0.25,0.951502100015679,"HIGH HIGH","R1"
9,105,8,187.606917124439,13,5,5.4997018918578,0,0.25,0.984060967564537,"HIGH HIGH","R1"
9,107,10,159.826878169401,13,5,5.4998082415494,0,0.25,0.786229117727956,"HIGH HIGH","R1"
9,108,11,178.053704798666,13,5,5.50117842501975,0,0.25,0.959025058691172,"HIGH HIGH","R1"
10,118,10,173.560820527877,13,4,4.49962999572175,0,0.25,0.936836565935699,"HIGH HIGH","R1"
11,123,3,157.28528903552,13,3,3.49948229665436,0,0.25,0.739676888999845,"HIGH HIGH","R1"
11,131,11,144.738455338235,13,3,3.49969807697968,0,0.25,0.442845899888022,"HIGH HIGH","R1"
11,133,13,160.624921745043,13,3,3.49951814249656,0,0.25,0.799531805968459,"HIGH HIGH","R1"
12,142,9,129.800268174812,13,2,2.49973348177061,0,0.25,0.148510730487088,"HIGH HIGH","R1"
4,37,3,200.919997094377,14,11,11.500366098604,0,0.25,0.995825699983237,"HIGH HIGH","R1"
6,63,4,207.486251299496,14,9,9.49872549362081,0,0.25,0.997852525439419,"HIGH HIGH","R1"
6,72,13,173.731808953606,14,9,9.50000637702582,0,0.25,0.937856116604741,"HIGH HIGH","R1"
7,74,1,189.076771023603,14,8,8.50022217566561,0,0.25,0.986240281524739,"HIGH HIGH","R1"
8,90,6,189.521030773786,14,7,7.49897855409196,0,0.25,0.986839161046762,"HIGH HIGH","R1"
8,96,12,178.407968304199,14,7,7.50101062640614,0,0.25,0.960415399361169,"HIGH HIGH","R1"
9,101,4,209.006677903627,14,6,6.50041765616684,0,0.25,0.998159150340074,"HIGH HIGH","R1"
9,102,5,173.426507125585,14,6,6.49871730252557,0,0.25,0.93602477980447,"HIGH HIGH","R1"
9,103,6,186.108276466346,14,6,6.50000865699067,0,0.25,0.98148992067501,"HIGH HIGH","R1"
9,108,11,188.097584910105,14,6,6.4992435085052,0,0.25,0.984823818228507,"HIGH HIGH","R1"
10,114,6,152.66808180544,14,5,5.50143559489218,0,0.25,0.640029878387641,"HIGH HIGH","R1"
10,118,10,188.217197675703,14,5,5.49984117732283,0,0.25,0.985004264632724,"HIGH HIGH","R1"
11,123,3,176.487196792545,14,4,4.50026224073516,0,0.25,0.952298024669916,"HIGH HIGH","R1"
11,129,9,139.811928704598,14,4,4.50114061860122,0,0.25,0.325233794750463,"HIGH HIGH","R1"
11,131,11,160.521641879683,14,4,4.50057765198588,0,0.25,0.797845782151797,"HIGH HIGH","R1"
11,133,13,180.787698324231,14,4,4.50095470405748,0,0.25,0.968645635807619,"HIGH HIGH","R1"
13,149,5,125.704294695107,14,2,2.49912104328218,0,0.25,0.103196335578666,"HIGH HIGH","R1"
13,151,7,126.381111221575,14,2,2.50237549939221,0,0.25,0.109731676643977,"HIGH HIGH","R1"
4,37,3,202.689962776994,15,12,12.5014258143044,0,0.25,0.996509919821193,"HIGH HIGH","R1"
6,63,4,211.153519180218,15,10,10.4986338885913,0,0.25,0.998519153420442,"HIGH HIGH","R1"
7,74,1,192.90581536967,15,9,9.49941106385825,0,0.25,0.99063091534397,"HIGH HIGH","R1"
9,101,4,219.294421644978,15,7,7.49962281619532,0,0.25,0.999351516036335,"HIGH HIGH","R1"
9,102,5,179.65045917356,15,7,7.50207448933749,0,0.25,0.964942494538662,"HIGH HIGH","R1"
9,103,6,193.667990569866,15,7,7.49934170324479,0,0.25,0.991322548560749,"HIGH HIGH","R1"
9,108,11,195.878320345004,15,7,7.49905253804411,0,0.25,0.993054779659917,"HIGH HIGH","R1"
10,114,6,159.342773906906,15,6,6.4998382240773,0,0.25,0.777851783118496,"HIGH HIGH","R1"
10,118,10,199.792523526753,15,6,6.50168983031987,0,0.25,0.995321789775412,"HIGH HIGH","R1"
11,123,3,191.749707318737,15,5,5.49878829652879,0,0.25,0.989476281971001,"HIGH HIGH","R1"
11,129,9,148.314187395276,15,5,5.50062616980088,0,0.25,0.533308737936212,"HIGH HIGH","R1"
11,131,11,172.615308975777,15,5,5.50089578716114,0,0.25,0.930911971201117,"HIGH HIGH","R1"
12,141,8,157.459710365331,15,4,4.50079203875006,0,0.25,0.743072423511192,"HIGH HIGH","R1"
13,148,4,139.557841345982,15,3,3.49953587431452,0,0.25,0.319597950836329,"HIGH HIGH","R1"
13,149,5,146.903590058561,15,3,3.49955018430202,0,0.25,0.497552836871868,"HIGH HIGH","R1"
4,37,3,204.040313408218,16,13,13.5007002482678,0,0.25,0.996955710167245,"HIGH HIGH","R1"
7,74,1,195.815794608867,16,10,10.5022014252718,0,0.25,0.993010857603693,"HIGH HIGH","R1"
9,101,4,227.535332402762,16,8,8.50153279231478,0,0.25,0.999719019385806,"HIGH HIGH","R1"
10,114,6,164.234455077342,16,7,7.50194246132954,0,0.25,0.851934539763307,"HIGH HIGH","R1"
10,118,10,208.934494097419,16,7,7.50087825750097,0,0.25,0.998145634314189,"HIGH HIGH","R1"
11,131,11,181.881928453856,16,6,6.49897896335922,0,0.25,0.971849755116247,"HIGH HIGH","R1"
12,141,8,168.984841668752,16,5,5.49958460910312,0,0.25,0.903101706197292,"HIGH HIGH","R1"
13,151,7,164.443511460251,16,4,4.50048833230255,0,0.25,0.854592078499392,"HIGH HIGH","R1"
13,154,10,146.4677530544,16,4,4.50106874829936,0,0.25,0.48649321229372,"HIGH HIGH","R1"
14,157,1,145.869565664024,16,3,3.49882065101553,0,0.25,0.471337536664138,"HIGH HIGH","R1"
14,161,5,145.002914097415,16,3,3.50033987147894,0,0.25,0.449480753510557,"HIGH HIGH","R1"
14,163,7,142.045157910554,16,3,3.50135819512499,0,0.25,0.376817858119199,"HIGH HIGH","R1"
14,165,9,143.619485072037,16,3,3.50187430973638,0,0.25,0.415024667488151,"HIGH HIGH","R1"
14,166,10,152.210742454209,16,3,3.49898191769793,0,0.25,0.629263629566669,"HIGH HIGH","R1"
4,37,3,205.070529330004,17,14,14.499596686392,0,0.25,0.997257226134854,"HIGH HIGH","R1"
7,74,1,198.027307040489,17,11,11.5001917019082,0,0.25,0.99440862986569,"HIGH HIGH","R1"
10,114,6,167.819421141611,17,8,8.4989834780789,0,0.25,0.892241608237158,"HIGH HIGH","R1"
10,118,10,216.154647291407,17,8,8.50058268117417,0,0.25,0.999108252890523,"HIGH HIGH","R1"
12,141,8,177.749217686927,17,6,6.49921866118365,0,0.25,0.957792822781701,"HIGH HIGH","R1"
13,149,5,175.866826407628,17,5,5.50111737819597,0,0.25,0.949353810008006,"HIGH HIGH","R1"
13,151,7,177.284010577191,17,5,5.49920147648683,0,0.25,0.955841540388463,"HIGH HIGH","R1"
14,158,2,161.771875812879,17,4,4.50007036555105,0,0.25,0.817548178344334,"HIGH HIGH","R1"
14,159,3,174.15324384571,17,4,4.49936205903641,0,0.25,0.940303731876653,"HIGH HIGH","R1"
14,162,6,179.255526739417,17,4,4.50159638900168,0,0.25,0.96356044473117,"HIGH HIGH","R1"
14,163,7,157.134574819437,17,4,4.49979106551635,0,0.25,0.736719552071267,"HIGH HIGH","R1"
14,165,9,159.11269119252,17,4,4.50014067453867,0,0.25,0.773788879809306,"HIGH HIGH","R1"
14,166,10,169.993281734564,17,4,4.50059089477972,0,0.25,0.911699332237628,"HIGH HIGH","R1"
15,172,4,139.512542298735,17,3,3.49953458599115,0,0.25,0.318598636159235,"HIGH HIGH","R1"
15,175,7,160.784717978564,17,3,3.49848793401167,0,0.25,0.802119645781825,"HIGH HIGH","R1"
15,177,9,156.957828461486,17,3,3.50001742583848,0,0.25,0.733224022616819,"HIGH HIGH","R1"
15,180,12,150.582137459268,17,3,3.49860684062676,0,0.25,0.589936514139403,"HIGH HIGH","R1"
16,184,3,135.578918756243,17,2,2.49887535464682,0,0.25,0.238738240146664,"HIGH HIGH","R1"
16,191,10,121.370287571275,17,2,2.49913940165742,0,0.25,0.0689940328960044,"HIGH HIGH","R1"
7,74,1,199.708001929764,18,12,12.5009864617405,0,0.25,0.995281660362085,"HIGH HIGH","R1"
10,118,10,221.856985943857,18,9,9.49964772698293,0,0.25,0.999500002749918,"HIGH HIGH","R1"
12,141,8,184.414155809164,18,7,7.49932980585077,0,0.25,0.978091922089556,"HIGH HIGH","R1"
13,149,5,185.594584340707,18,6,6.49897177251023,0,0.25,0.980518189261982,"HIGH HIGH","R1"
13,151,7,187.216082395157,18,6,6.49852817011682,0,0.25,0.983426445163004,"HIGH HIGH","R1"
14,158,2,174.101359350945,18,5,5.49963908190101,0,0.25,0.940007340881868,"HIGH HIGH","R1"
14,159,3,188.931422330411,18,5,5.4993298366634,0,0.25,0.986038571419101,"HIGH HIGH","R1"
14,162,6,195.101716764668,18,5,5.50196708977654,0,0.25,0.992489256439341,"HIGH HIGH","R1"
15,174,6,159.289699174759,18,4,4.50119733544794,0,0.25,0.776919212445589,"HIGH HIGH","R1"
15,175,7,180.993998810947,18,4,4.49958718725242,0,0.25,0.969275590944982,"HIGH HIGH","R1"
15,177,9,176.066658668657,18,4,4.50092125777421,0,0.25,0.950320503276077,"HIGH HIGH","R1"
15,178,10,161.731738819871,18,4,4.50007388713171,0,0.25,0.816939521200741,"HIGH HIGH","R1"
16,182,1,153.736906098906,18,3,3.50004394026258,0,0.25,0.664634013401121,"HIGH HIGH","R1"
16,184,3,160.752557594863,18,3,3.50145363394559,0,0.25,0.801600850665943,"HIGH HIGH","R1"
16,186,5,142.198275086119,18,3,3.50103240988731,0,0.25,0.380475478831114,"HIGH HIGH","R1"
16,189,8,143.322834573871,18,3,3.50058682608984,0,0.25,0.407731465620804,"HIGH HIGH","R1"
16,190,9,142.468342143192,18,3,3.49914094411079,0,0.25,0.386959728850799,"HIGH HIGH","R1"
16,191,10,140.923737273474,18,3,3.49980408212248,0,0.25,0.350478310310256,"HIGH HIGH","R1"
10,118,10,226.360583753151,19,10,10.5008488733205,0,0.25,0.999683436102499,"HIGH HIGH","R1"
12,141,8,189.482560003727,19,8,8.49979502210675,0,0.25,0.986788334397368,"HIGH HIGH","R1"
13,149,5,193.097726899856,19,7,7.4983275439151,0,0.25,0.990810045580177,"HIGH HIGH","R1"
13,151,7,194.898497984992,19,7,7.49891036297627,0,0.25,0.992333875652634,"HIGH HIGH","R1"
14,159,3,200.618182439208,19,6,6.5012115731504,0,0.25,0.995696361814321,"HIGH HIGH","R1"
15,172,4,164.854288980357,19,5,5.49954053024964,0,0.25,0.859698543456642,"HIGH HIGH","R1"
15,174,6,171.153080687962,19,5,5.49994370806067,0,0.25,0.920730922961506,"HIGH HIGH","R1"
15,175,7,197.211807564826,19,5,5.49877851603765,0,0.25,0.993928890274594,"HIGH HIGH","R1"
15,178,10,174.053618825576,19,5,5.50047773449925,0,0.25,0.939733405887691,"HIGH HIGH","R1"
16,182,1,171.94112685758,19,4,4.50011847648281,0,0.25,0.926377554643087,"HIGH HIGH","R1"
16,184,3,180.952475177084,19,4,4.5001054350734,0,0.25,0.969149788184725,"HIGH HIGH","R1"
16,188,7,153.685825089563,19,4,4.50153881360684,0,0.25,0.66347700738959,"HIGH HIGH","R1"
16,189,8,158.739579031864,19,4,4.50013115270239,0,0.25,0.767089171155604,"HIGH HIGH","R1"
16,190,9,157.665815682721,19,4,4.49995985295015,0,0.25,0.747047233396935,"HIGH HIGH","R1"
16,191,10,155.728531285426,19,4,4.5002934305926,0,0.25,0.708111263523036,"HIGH HIGH","R1"
16,192,11,169.446891263794,19,4,4.49959116523889,0,0.25,0.907130097580541,"HIGH HIGH","R1"
17,195,2,145.594793922448,19,3,3.49922306069084,0,0.25,0.464391903395701,"HIGH HIGH","R1"
17,196,3,149.691001617737,19,3,3.50039497275525,0,0.25,0.567884170117675,"HIGH HIGH","R1"
17,197,4,152.931252717588,19,3,3.497798445612,0,0.25,0.646162715948113,"HIGH HIGH","R1"
17,198,5,159.10335007043,19,3,3.49975836586829,0,0.25,0.773622824487676,"HIGH HIGH","R1"
10,118,10,229.917439012733,20,11,11.5002289058409,0,0.25,0.999779370440371,"HIGH HIGH","R1"
14,159,3,209.860211961452,20,7,7.50045538910132,0,0.25,0.998311705717952,"HIGH HIGH","R1"
15,172,4,173.063594403414,20,6,6.50001996247903,0,0.25,0.933782498217026,"HIGH HIGH","R1"
15,174,6,180.215803964255,20,6,6.50096397933952,0,0.25,0.966833295257161,"HIGH HIGH","R1"
15,175,7,210.226487451698,20,6,6.49927260949045,0,0.25,0.998373238007558,"HIGH HIGH","R1"
15,178,10,183.522909037993,20,6,6.50019823885517,0,0.25,0.976066646226651,"HIGH HIGH","R1"
16,182,1,186.266854422531,20,5,5.50018958845745,0,0.25,0.981780174774302,"HIGH HIGH","R1"
16,184,3,197.161362296833,20,5,5.50164747379139,0,0.25,0.993897905558788,"HIGH HIGH","R1"
16,188,7,164.527934518169,20,5,5.50026430688375,0,0.25,0.855653998753951,"HIGH HIGH","R1"
16,189,8,170.500796127849,20,5,5.50084399775009,0,0.25,0.915760561286071,"HIGH HIGH","R1"
16,192,11,183.270215856307,20,5,5.50070375409149,0,0.25,0.97545991795567,"HIGH HIGH","R1"
17,196,3,166.787178290279,20,4,4.49961385280364,0,0.25,0.881742882104049,"HIGH HIGH","R1"
17,197,4,170.912311283101,20,4,4.50065627787583,0,0.25,0.918928276964216,"HIGH HIGH","R1"
17,202,9,142.356652475156,20,4,4.50031371392667,0,0.25,0.384273077409257,"HIGH HIGH","R1"
18,207,1,155.440046591324,20,3,3.50027963939397,0,0.25,0.702020519278359,"HIGH HIGH","R1"
18,209,3,148.762814461298,20,3,3.50034872678699,0,0.25,0.544626616064051,"HIGH HIGH","R1"
18,217,11,147.046140138817,20,3,3.50030655274794,0,0.25,0.501171177368707,"HIGH HIGH","R1"
18,218,12,142.498057308672,20,3,3.49933935180653,0,0.25,0.387675683146926,"HIGH HIGH","R1"
18,219,13,151.920990364267,20,3,3.4996436250523,0,0.25,0.622374692460357,"HIGH HIGH","R1"
10,118,10,232.726575146405,21,12,12.5014890313,0,0.25,0.99983411055515,"HIGH HIGH","R1"
14,159,3,217.168919327295,21,8,8.50077715447857,0,0.25,0.99919544574999,"HIGH HIGH","R1"
15,174,6,187.139036863008,21,7,7.49890279870083,0,0.25,0.983298462006856,"HIGH HIGH","R1"
15,175,7,220.670678472094,21,7,7.50228089106925,0,0.25,0.999436037805102,"HIGH HIGH","R1"
15,178,10,190.80000125813,21,7,7.49983269215148,0,0.25,0.988423319683891,"HIGH HIGH","R1"
16,182,1,197.54041965698,21,6,6.5002147711946,0,0.25,0.9941269394792,"HIGH HIGH","R1"
16,189,8,179.473262912636,21,6,6.49880601739026,0,0.25,0.964328763860215,"HIGH HIGH","R1"
16,192,11,194.087398600443,21,6,6.50094796113003,0,0.25,0.991681298257125,"HIGH HIGH","R1"
17,196,3,180.083878828516,21,5,5.4993590521731,0,0.25,0.96640107640793,"HIGH HIGH","R1"
17,197,4,185.029810724273,21,5,5.5007791133706,0,0.25,0.979392091212024,"HIGH HIGH","R1"
17,202,9,151.267668661745,21,5,5.50046706706253,0,0.25,0.606662965071053,"HIGH HIGH","R1"
18,207,1,174.120130117037,21,4,4.50126415210823,0,0.25,0.940114727890422,"HIGH HIGH","R1"
18,209,3,165.609264175448,21,4,4.50063393401528,0,0.25,0.868691992259609,"HIGH HIGH","R1"
18,213,7,163.366260806363,21,4,4.49955389515253,0,0.25,0.840466798336029,"HIGH HIGH","R1"
18,217,11,163.435150311287,21,4,4.49887831840039,0,0.25,0.841402407573986,"HIGH HIGH","R1"
19,223,4,147.791634564183,21,3,3.50106122818682,0,0.25,0.520083324060738,"HIGH HIGH","R1"
19,225,6,142.912210627176,21,3,3.50087128460019,0,0.25,0.397703528263052,"HIGH HIGH","R1"
19,226,7,159.440145755728,21,3,3.49927377928729,0,0.25,0.779555442548242,"HIGH HIGH","R1"
10,118,10,234.945177040942,22,13,13.4980579327364,0,0.25,0.99986756458361,"HIGH HIGH","R1"
15,174,6,192.427861459005,22,8,8.49895953588917,0,0.25,0.990169621528937,"HIGH HIGH","R1"
15,175,7,229.052069871551,22,8,8.49993578025499,0,0.25,0.999759113029952,"HIGH HIGH","R1"
15,178,10,196.392402588373,22,8,8.5003407590573,0,0.25,0.993405664744479,"HIGH HIGH","R1"
16,182,1,206.412099822551,22,7,7.50035845255119,0,0.25,0.997605663255507,"HIGH HIGH","R1"
16,189,8,186.318231383764,22,7,7.49937267205872,0,0.25,0.981873251344156,"HIGH HIGH","R1"
16,192,11,202.552181564694,22,7,7.49887578201792,0,0.25,0.996460927105913,"HIGH HIGH","R1"
17,196,3,190.425503660196,22,6,6.49954974168102,0,0.25,0.987980049314801,"HIGH HIGH","R1"
17,197,4,196.113907344355,22,6,6.49988549039213,0,0.25,0.993217822851646,"HIGH HIGH","R1"
17,202,9,157.775990209118,22,6,6.49924539320309,0,0.25,0.749155231410355,"HIGH HIGH","R1"
18,207,1,188.891488309316,22,5,5.49970201607386,0,0.25,0.985982643652788,"HIGH HIGH","R1"
18,209,3,178.675758537001,22,5,5.49950775447716,0,0.25,0.961436233828612,"HIGH HIGH","R1"
18,213,7,175.999548925509,22,5,5.49981159302932,0,0.25,0.949997824518533,"HIGH HIGH","R1"
18,219,13,183.482700069131,22,5,5.50106701783171,0,0.25,0.975971090918258,"HIGH HIGH","R1"
19,221,2,162.952238653716,22,4,4.49924994359221,0,0.25,0.834749439164768,"HIGH HIGH","R1"
19,222,3,154.310775876795,22,4,4.50133419005068,0,0.25,0.677494329537895,"HIGH HIGH","R1"
19,223,4,164.37858802653,22,4,4.49878694121391,0,0.25,0.853771032087242,"HIGH HIGH","R1"
19,225,6,158.223404366535,22,4,4.5006761570553,0,0.25,0.757594978002537,"HIGH HIGH","R1"
19,226,7,179.259627731931,22,4,4.50065984160815,0,0.25,0.963575061848838,"HIGH HIGH","R1"
19,229,10,164.997883517248,22,4,4.50298815181686,0,0.25,0.861447872915748,"HIGH HIGH","R1"
20,231,1,145.618460169782,22,3,3.50053026137627,0,0.25,0.464989630134524,"HIGH HIGH","R1"
21,246,3,129.584294251004,22,2,2.50168634868483,0,0.25,0.145759093750337,"HIGH HIGH","R1"
21,251,8,125.001046951044,22,2,2.49948313923556,0,0.25,0.0967729866048214,"HIGH HIGH","R1"
10,118,10,236.697386308212,23,14,14.4990544643441,0,0.25,0.999889146366636,"HIGH HIGH","R1"
15,174,6,196.468122131481,23,9,9.50117537102978,0,0.25,0.993455837017704,"HIGH HIGH","R1"
15,175,7,235.778078774846,23,9,9.49987955035858,0,0.25,0.99987830239161,"HIGH HIGH","R1"
15,178,10,200.690129165475,23,9,9.50063357996095,0,0.25,0.99572755118386,"HIGH HIGH","R1"
16,182,1,213.393627611089,23,8,8.50212450754278,0,0.25,0.998820050432657,"HIGH HIGH","R1"
16,189,8,191.540161371867,23,8,8.50036345138026,0,0.25,0.989252415889074,"HIGH HIGH","R1"
17,196,3,198.468792583766,23,7,7.50051373300341,0,0.25,0.994652418441075,"HIGH HIGH","R1"
17,197,4,204.816383189688,23,7,7.49917417231138,0,0.25,0.997185732156035,"HIGH HIGH","R1"
18,207,1,200.572004755845,23,6,6.50013723030136,0,0.25,0.99567622415033,"HIGH HIGH","R1"
18,209,3,188.810432477059,23,6,6.50087552908341,0,0.25,0.985868444676155,"HIGH HIGH","R1"
18,213,7,185.746355869279,23,6,6.49843478253207,0,0.25,0.980810380615419,"HIGH HIGH","R1"
19,222,3,165.264634635398,23,5,5.50009768750988,0,0.25,0.864648948353758,"HIGH HIGH","R1"
19,225,6,169.889137451778,23,5,5.49977803849681,0,0.25,0.910844371241256,"HIGH HIGH","R1"
19,226,7,195.106689795373,23,5,5.49963688858705,0,0.25,0.992493019372101,"HIGH HIGH","R1"
19,229,10,177.945626456423,23,5,5.49872835425339,0,0.25,0.95859166732178,"HIGH HIGH","R1"
20,231,1,161.631434426038,23,4,4.49946476668483,0,0.25,0.815411570586486,"HIGH HIGH","R1"
20,232,2,157.927181851837,23,4,4.49789622058256,0,0.25,0.752028940611506,"HIGH HIGH","R1"
20,243,13,151.381646894705,23,4,4.50117778261178,0,0.25,0.609420990203569,"HIGH HIGH","R1"
15,178,10,203.992906030154,24,10,10.5018009935693,0,0.25,0.99694106644062,"HIGH HIGH","R1"
16,182,1,218.887708704237,24,9,9.49906767792445,0,0.25,0.999324195070677,"HIGH HIGH","R1"
16,189,8,195.523898172945,24,9,9.49958545521666,0,0.25,0.992802134070671,"HIGH HIGH","R1"
17,196,3,204.724530706255,24,8,8.49934963847759,0,0.25,0.997159438426858,"HIGH HIGH","R1"
17,197,4,211.648973019462,24,8,8.50164880058465,0,0.25,0.998591701857769,"HIGH HIGH","R1"
18,207,1,209.808424500167,24,7,7.50133248348487,0,0.25,0.9983028202171,"HIGH HIGH","R1"
18,209,3,196.671118980205,24,7,7.49922317393105,0,0.25,0.993588480718466,"HIGH HIGH","R1"
18,213,7,193.266191141232,24,7,7.50087053425967,0,0.25,0.990964490925512,"HIGH HIGH","R1"
19,222,3,173.528299751993,24,6,6.49963709839473,0,0.25,0.936640897168976,"HIGH HIGH","R1"
19,225,6,178.777362023472,24,6,6.50053433289012,0,0.25,0.961816902242245,"HIGH HIGH","R1"
20,231,1,173.934322371968,24,5,5.49950362915355,0,0.25,0.939043757995604,"HIGH HIGH","R1"
21,246,3,170.117683678402,24,4,4.49903313857879,0,0.25,0.912710886264916,"HIGH HIGH","R1"
21,251,8,162.023621283778,24,4,4.50107032886897,0,0.25,0.821329934758625,"HIGH HIGH","R1"
22,265,12,151.682317671746,24,3,3.49959080626975,0,0.25,0.616662684409168,"HIGH HIGH","R1"
15,178,10,206.531070062268,25,11,11.5001423289965,0,0.25,0.997634343256736,"HIGH HIGH","R1"
17,197,4,217.013456025407,25,9,9.50110754116988,0,0.25,0.999182655920635,"HIGH HIGH","R1"
18,207,1,217.11216402948,25,8,8.50144869473985,0,0.25,0.999190799884419,"HIGH HIGH","R1"
18,209,3,202.768048458766,25,8,8.50044214089186,0,0.25,0.996537385131647,"HIGH HIGH","R1"
18,213,7,199.067878077636,25,8,8.49943022226654,0,0.25,0.994966409894292,"HIGH HIGH","R1"
19,222,3,179.762464594185,25,7,7.49826751974045,0,0.25,0.96532517046839,"HIGH HIGH","R1"
19,225,6,185.549378446237,25,7,7.50045591283626,0,0.25,0.980430318834887,"HIGH HIGH","R1"
19,229,10,195.740660138646,25,7,7.50026734845762,0,0.25,0.992957713387012,"HIGH HIGH","R1"
20,231,1,183.386723243153,25,6,6.49911046408819,0,0.25,0.975741498501697,"HIGH HIGH","R1"
20,238,8,183.501312229655,25,6,6.50018486463416,0,0.25,0.976015368283886,"HIGH HIGH","R1"
22,261,8,170.688505420332,25,4,4.5003436018974,0,0.25,0.917219197495789,"HIGH HIGH","R1"
22,265,12,169.31989885981,25,4,4.49924369373052,0,0.25,0.90603813779791,"HIGH HIGH","R1"
23,269,4,142.376542089961,25,3,3.50075932802462,0,0.25,0.384751003120504,"HIGH HIGH","R1"
23,271,6,156.667431741664,25,3,3.50069676919367,0,0.25,0.727417117243549,"HIGH HIGH","R1"
23,275,10,165.353498948293,25,3,3.49779046491926,0,0.25,0.865701404342178,"HIGH HIGH","R1"
17,197,4,221.225281795435,26,10,10.4977769963883,0,0.25,0.999466900596946,"HIGH HIGH","R1"
18,207,1,222.887628179954,26,9,9.50007179884036,0,0.25,0.999549657358278,"HIGH HIGH","R1"
18,209,3,207.496967370832,26,9,9.49812987316624,0,0.25,0.997854855672259,"HIGH HIGH","R1"
18,213,7,203.543982951047,26,9,9.49917275735826,0,0.25,0.996798869815404,"HIGH HIGH","R1"
19,225,6,190.70903728027,26,8,8.5012395575104,0,0.25,0.988317159551751,"HIGH HIGH","R1"
19,229,10,201.756186337495,26,8,8.50199297124024,0,0.25,0.996164168499038,"HIGH HIGH","R1"
20,231,1,190.64907356466,26,7,7.499841280254,0,0.25,0.988246652977585,"HIGH HIGH","R1"
20,238,8,190.776065656754,26,7,7.49963074186609,0,0.25,0.988395478254972,"HIGH HIGH","R1"
22,261,8,184.760892883954,26,5,5.4990462290457,0,0.25,0.978833737409309,"HIGH HIGH","R1"
22,265,12,183.117864656857,26,5,5.49986036265487,0,0.25,0.975086897147711,"HIGH HIGH","R1"
23,269,4,157.550545025024,26,4,4.4998667002623,0,0.25,0.744829224012676,"HIGH HIGH","R1"
23,271,6,175.693890191278,26,4,4.49972821359228,0,0.25,0.948502879033293,"HIGH HIGH","R1"
23,273,8,160.553714034328,26,4,4.50001219784245,0,0.25,0.798370484562614,"HIGH HIGH","R1"
23,274,9,153.712936019047,26,4,4.49942933412049,0,0.25,0.664091326361492,"HIGH HIGH","R1"
23,275,10,186.912644511606,26,4,4.49970520918302,0,0.25,0.98291674592997,"HIGH HIGH","R1"
24,276,1,164.205355130902,26,3,3.49821229330194,0,0.25,0.851561454371623,"HIGH HIGH","R1"
24,279,4,147.840133017379,26,3,3.49915767570482,0,0.25,0.521312254760411,"HIGH HIGH","R1"
24,283,8,151.531021430646,26,3,3.50065971679852,0,0.25,0.613024942265431,"HIGH HIGH","R1"
24,286,11,147.989039889981,26,3,3.50117820699459,0,0.25,0.525083817722422,"HIGH HIGH","R1"
18,207,1,227.454601854128,27,10,10.500440402196,0,0.25,0.999716707444029,"HIGH HIGH","R1"
18,209,3,211.164825783091,27,10,10.4995808305509,0,0.25,0.998520849923493,"HIGH HIGH","R1"
18,213,7,206.99737763735,27,10,10.499273922398,0,0.25,0.997743489129803,"HIGH HIGH","R1"
19,225,6,194.640226695894,27,9,9.50083207475783,0,0.25,0.992131791345591,"HIGH HIGH","R1"
19,229,10,206.415266047106,27,9,9.49929733690956,0,0.25,0.997606431007475,"HIGH HIGH","R1"
20,231,1,196.228791660733,27,8,8.50038426476492,0,0.25,0.993295946524029,"HIGH HIGH","R1"
20,238,8,196.366454593154,27,8,8.50102933851638,0,0.25,0.993388383672337,"HIGH HIGH","R1"
22,261,8,195.804000076095,27,6,6.49774413486967,0,0.25,0.99300254150535,"HIGH HIGH","R1"
22,265,12,193.912080604411,27,6,6.5007630134552,0,0.25,0.991533160792282,"HIGH HIGH","R1"
23,267,2,183.053949068643,27,5,5.50005080418381,0,0.25,0.974928764335281,"HIGH HIGH","R1"
23,271,6,190.790977852675,27,5,5.49992706330972,0,0.25,0.988412831593861,"HIGH HIGH","R1"
23,273,8,172.653403955809,27,5,5.50062195791081,0,0.25,0.931160318788512,"HIGH HIGH","R1"
23,275,10,204.424724714411,27,5,5.50016596117736,0,0.25,0.997071899284869,"HIGH HIGH","R1"
24,276,1,185.421608679321,27,4,4.49978613122334,0,0.25,0.980179856610952,"HIGH HIGH","R1"
24,278,3,165.829378873112,27,4,4.50139854002408,0,0.25,0.871220293762831,"HIGH HIGH","R1"
24,279,4,164.440001424199,27,4,4.49999109530274,0,0.25,0.854547787248304,"HIGH HIGH","R1"
24,280,5,172.422635775051,27,4,4.49924664866416,0,0.25,0.929643151739481,"HIGH HIGH","R1"
24,283,8,169.127198201555,27,4,4.49977382072762,0,0.25,0.904359195297441,"HIGH HIGH","R1"
24,284,9,162.017992641564,27,4,4.49962697039004,0,0.25,0.821246054956052,"HIGH HIGH","R1"
25,290,4,151.040018475426,27,3,3.49992243838436,0,0.25,0.601134080284305,"HIGH HIGH","R1"
25,295,9,151.6178029157,27,3,3.50164866726397,0,0.25,0.615113072882418,"HIGH HIGH","R1"
18,207,1,231.065956369919,28,11,11.5001477637369,0,0.25,0.999803650216175,"HIGH HIGH","R1"
18,213,7,209.661733186799,28,11,11.5019967543332,0,0.25,0.998277397250171,"HIGH HIGH","R1"
19,225,6,197.635434464203,28,10,10.4989919630411,0,0.25,0.99418299695098,"HIGH HIGH","R1"
19,229,10,210.023765623528,28,10,10.4998798668211,0,0.25,0.998339463851845,"HIGH HIGH","R1"
20,231,1,200.515730826893,28,9,9.4992071840862,0,0.25,0.995651556735588,"HIGH HIGH","R1"
22,265,12,202.35644839284,28,7,7.49938423564313,0,0.25,0.99639014711611,"HIGH HIGH","R1"
23,267,2,193.838536620336,28,6,6.50000917938157,0,0.25,0.991470242753304,"HIGH HIGH","R1"
23,273,8,181.925364413906,28,6,6.50022917960101,0,0.25,0.971970156586966,"HIGH HIGH","R1"
23,275,10,218.649451391489,28,6,6.49933610506722,0,0.25,0.999307658900518,"HIGH HIGH","R1"
24,276,1,202.603419082094,28,5,5.49882572343968,0,0.25,0.996479225847669,"HIGH HIGH","R1"
24,277,2,176.73916696002,28,5,5.50049260937857,0,0.25,0.953446821056653,"HIGH HIGH","R1"
24,278,3,178.938750090673,28,5,5.49915285309513,0,0.25,0.962414151749331,"HIGH HIGH","R1"
24,279,4,177.279822839243,28,5,5.49993595520057,0,0.25,0.955823590239765,"HIGH HIGH","R1"
24,280,5,186.846299072198,28,5,5.4996944839169,0,0.25,0.982803266695557,"HIGH HIGH","R1"
24,284,9,174.394148205109,28,5,5.49909101332969,0,0.25,0.941662017011766,"HIGH HIGH","R1"
25,290,4,168.502130134895,28,4,4.49929479235639,0,0.25,0.898727267631238,"HIGH HIGH","R1"
26,300,3,154.103399247674,28,3,3.49858943903571,0,0.25,0.672876718137591,"HIGH HIGH","R1"
26,307,10,163.237884396302,28,3,3.50039005580487,0,0.25,0.838711354895265,"HIGH HIGH","R1"
18,207,1,233.921650833952,29,12,12.4992338540292,0,0.25,0.999853063334031,"HIGH HIGH","R1"
19,225,6,199.917509588765,29,11,11.4999504337417,0,0.25,0.995380509268594,"HIGH HIGH","R1"
19,229,10,212.818581339212,29,11,11.5002384369044,0,0.25,0.998749195964264,"HIGH HIGH","R1"
22,265,12,208.962518504158,29,8,8.50110933719121,0,0.25,0.998150893455609,"HIGH HIGH","R1"
23,267,2,202.274347502914,29,7,7.49878850738104,0,0.25,0.99636003996902,"HIGH HIGH","R1"
23,273,8,189.030443246041,29,7,7.49930659945898,0,0.25,0.986176303334766,"HIGH HIGH","R1"
23,275,10,230.203923886719,29,7,7.50153668919191,0,0.25,0.99978569420818,"HIGH HIGH","R1"
24,277,2,186.592451180102,29,6,6.49980579497959,0,0.25,0.98236219981625,"HIGH HIGH","R1"
24,278,3,189.11192586463,29,6,6.49982632667051,0,0.25,0.98628863508215,"HIGH HIGH","R1"
24,279,4,187.211287952694,29,6,6.49925497406251,0,0.25,0.983418509148939,"HIGH HIGH","R1"
24,280,5,198.209128967209,29,6,6.50094317392505,0,0.25,0.994510342713702,"HIGH HIGH","R1"
24,284,9,183.911727614328,29,6,6.50005056359847,0,0.25,0.976971738506819,"HIGH HIGH","R1"
26,302,5,165.004562183565,29,4,4.50082122876713,0,0.25,0.86152878810575,"HIGH HIGH","R1"
26,307,10,184.16711105218,29,4,4.50078284521543,0,0.25,0.977547944956459,"HIGH HIGH","R1"
27,313,4,163.837480050389,29,3,3.50058391013838,0,0.25,0.846777830082927,"HIGH HIGH","R1"
27,316,7,151.632777926335,29,3,3.50051787195548,0,0.25,0.615472974442043,"HIGH HIGH","R1"
28,329,9,125.600500809132,29,2,2.4985300391532,0,0.25,0.102225106490194,"HIGH HIGH","R1"
18,207,1,236.179803789097,30,13,13.5018488792036,0,0.25,0.999883165767277,"HIGH HIGH","R1"
19,229,10,214.983191510062,30,12,12.5012192299778,0,0.25,0.998995735561406,"HIGH HIGH","R1"
22,265,12,214.130479375718,30,9,9.49963374422878,0,0.25,0.998905013050358,"HIGH HIGH","R1"
23,267,2,208.872922080339,30,8,8.49885645426611,0,0.25,0.99813402703582,"HIGH HIGH","R1"
24,278,3,197.00654595054,30,7,7.50019377568213,0,0.25,0.993801828904392,"HIGH HIGH","R1"
24,279,4,194.893170442441,30,7,7.50017373740525,0,0.25,0.992329759600878,"HIGH HIGH","R1"
25,290,4,192.784258431793,30,6,6.50012440966805,0,0.25,0.990515669411769,"HIGH HIGH","R1"
26,302,5,177.953599638211,30,5,5.50042790303785,0,0.25,0.958623788864545,"HIGH HIGH","R1"
26,307,10,201.073238379987,30,5,5.49953945237238,0,0.25,0.995889880191679,"HIGH HIGH","R1"
27,312,3,151.106214183956,30,4,4.50059124902876,0,0.25,0.602744488371775,"HIGH HIGH","R1"
27,313,4,184.944387464383,30,4,4.49787539835671,0,0.25,0.979216307759217,"HIGH HIGH","R1"
27,316,7,169.256796970203,30,4,4.49941070329748,0,0.25,0.905491279517275,"HIGH HIGH","R1"
28,322,2,147.488295061438,30,3,3.50071416007396,0,0.25,0.512391901637373,"HIGH HIGH","R1"
28,323,3,161.148896111072,30,3,3.49910330016394,0,0.25,0.807923101327912,"HIGH HIGH","R1"
28,325,5,166.488131491978,30,3,3.50012724646907,0,0.25,0.878539988946698,"HIGH HIGH","R1"
28,331,11,159.346765172046,30,3,3.5028128143784,0,0.25,0.777921800508707,"HIGH HIGH","R1"
29,337,5,123.752304543454,30,2,2.50089119012557,0,0.25,0.0862431546230287,"HIGH HIGH","R1"
18,207,1,237.965448168443,31,14,14.5001510884437,0,0.25,0.999902536810045,"HIGH HIGH","R1"
22,265,12,218.17340037412,31,10,10.5009138933083,0,0.25,0.999273397864173,"HIGH HIGH","R1"
23,267,2,214.034392276851,31,9,9.50032709450596,0,0.25,0.99889429000074,"HIGH HIGH","R1"
24,278,3,203.132954034475,31,8,8.50083798897023,0,0.25,0.996662906347342,"HIGH HIGH","R1"
25,290,4,201.097860754174,31,7,7.50138734816978,0,0.25,0.995900100452924,"HIGH HIGH","R1"
27,312,3,161.492792909843,31,5,5.49949246871319,0,0.25,0.81328340935028,"HIGH HIGH","R1"
27,313,4,202.021089205095,31,5,5.50032508400527,0,0.25,0.99626558264077,"HIGH HIGH","R1"
27,316,7,183.042170081859,31,5,5.49972706379597,0,0.25,0.974899515551531,"HIGH HIGH","R1"
28,323,3,181.464340434423,31,4,4.50186081171898,0,0.25,0.970666321176686,"HIGH HIGH","R1"
28,325,5,188.388540034185,31,4,4.50021956054586,0,0.25,0.985259073960514,"HIGH HIGH","R1"
28,327,7,180.67829561722,31,4,4.50051008226016,0,0.25,0.968306512401064,"HIGH HIGH","R1"
28,332,12,150.55560155231,31,4,4.50057760529798,0,0.25,0.589284585803734,"HIGH HIGH","R1"
29,335,3,164.889418657545,31,3,3.49950570075911,0,0.25,0.860128208280004,"HIGH HIGH","R1"
29,343,11,149.818080482889,31,3,3.50012164672964,0,0.25,0.57104755170739,"HIGH HIGH","R1"
22,265,12,221.336197191967,32,11,11.4998469917776,0,0.25,0.999472867273447,"HIGH HIGH","R1"
25,290,4,207.589485516282,32,8,8.49986627067509,0,0.25,0.997874869303202,"HIGH HIGH","R1"
27,313,4,215.837122820132,32,6,6.49993860474976,0,0.25,0.999079062308755,"HIGH HIGH","R1"
27,316,7,193.824983658861,32,6,6.4991897733624,0,0.25,0.991458597502087,"HIGH HIGH","R1"
28,323,3,197.783360331768,32,5,5.49963397846339,0,0.25,0.994269214298857,"HIGH HIGH","R1"
28,325,5,206.230313637547,32,5,5.4992879639437,0,0.25,0.99756116896428,"HIGH HIGH","R1"
28,332,12,160.84614830689,32,5,5.49918809619643,0,0.25,0.803107766993916,"HIGH HIGH","R1"
29,334,2,158.596235500646,32,4,4.4995510236587,0,0.25,0.764478801672197,"HIGH HIGH","R1"
29,335,3,186.309671745537,32,4,4.49840555181283,0,0.25,0.9818577768237,"HIGH HIGH","R1"
29,337,5,159.846863969056,32,4,4.49941390477457,0,0.25,0.786569974119285,"HIGH HIGH","R1"
29,338,6,174.783275834133,32,4,4.50226570430876,0,0.25,0.943794937399521,"HIGH HIGH","R1"
29,339,7,147.440115225583,32,4,4.49984388536957,0,0.25,0.51116962783136,"HIGH HIGH","R1"
29,343,11,166.948577920501,32,4,4.5005215833716,0,0.25,0.883440962795433,"HIGH HIGH","R1"
30,344,1,143.586196588357,32,3,3.5000739311417,0,0.25,0.414204344447173,"HIGH HIGH","R1"
31,355,2,136.414158794025,32,2,2.50073080738646,0,0.25,0.254490259620317,"HIGH HIGH","R1"
31,360,7,136.111103216351,32,2,2.50018181419066,0,0.25,0.248696655034124,"HIGH HIGH","R1"
27,316,7,202.259218096671,33,7,7.49897455873446,0,0.25,0.996354464639524,"HIGH HIGH","R1"
28,323,3,210.89212655766,33,6,6.49883747715556,0,0.25,0.99847938641857,"HIGH HIGH","R1"
28,332,12,168.533626258968,33,6,6.49963852114099,0,0.25,0.899017956459831,"HIGH HIGH","R1"
29,335,3,203.687851067603,33,5,5.5004967910779,0,0.25,0.996845143287178,"HIGH HIGH","R1"
29,337,5,171.814139367503,33,5,5.49921644994488,0,0.25,0.92549335201067,"HIGH HIGH","R1"
29,338,6,189.691493312966,33,5,5.49960593599797,0,0.25,0.987062060344213,"HIGH HIGH","R1"
29,339,7,157.195288323858,33,5,5.49920615148563,0,0.25,0.737913474246757,"HIGH HIGH","R1"
31,355,2,161.938057410041,33,3,3.49879959364029,0,0.25,0.820051508272881,"HIGH HIGH","R1"
31,356,3,151.517155913704,33,3,3.49920883591177,0,0.25,0.61269092356478,"HIGH HIGH","R1"
31,360,7,161.507663387626,33,3,3.49880343226969,0,0.25,0.813512574644471,"HIGH HIGH","R1"
27,316,7,208.856411866548,34,8,8.50175611157566,0,0.25,0.998130902293815,"HIGH HIGH","R1"
28,323,3,221.422155508298,34,7,7.4995144200198,0,0.25,0.999477445440685,"HIGH HIGH","R1"
28,332,12,174.276500634167,34,7,7.4980458607292,0,0.25,0.941002348041929,"HIGH HIGH","R1"
29,335,3,217.786709531566,34,6,6.49985146128974,0,0.25,0.999244324836677,"HIGH HIGH","R1"
29,337,5,180.968773758714,34,6,6.49937177070414,0,0.25,0.969199226798919,"HIGH HIGH","R1"
29,338,6,201.497385671318,34,6,6.49913930694917,0,0.25,0.996062441921806,"HIGH HIGH","R1"
29,339,7,164.421976353454,34,6,6.49994254123527,0,0.25,0.854320162229422,"HIGH HIGH","R1"
30,346,3,151.474034599653,34,5,5.49936291367537,0,0.25,0.611651459926995,"HIGH HIGH","R1"
31,356,3,169.109540397857,34,4,4.50128189750203,0,0.25,0.904204013683223,"HIGH HIGH","R1"
31,360,7,181.927937719874,34,4,4.50075007072388,0,0.25,0.97197727389949,"HIGH HIGH","R1"
31,361,8,160.951974174608,34,4,4.49990806503022,0,0.25,0.804801256558152,"HIGH HIGH","R1"
31,362,9,174.917508258143,34,4,4.50067358906285,0,0.25,0.944513541172247,"HIGH HIGH","R1"
32,364,1,155.822187499416,34,3,3.49993996111798,0,0.25,0.710072807862748,"HIGH HIGH","R1"
32,366,3,149.201050878011,34,3,3.49983411275552,0,0.25,0.555638116917897,"HIGH HIGH","R1"
32,370,7,133.251563327473,34,3,3.50128164281051,0,0.25,0.198465699902148,"HIGH HIGH","R1"
32,371,8,156.311299211805,34,3,3.50329597616955,0,0.25,0.720188809455142,"HIGH HIGH","R1"
28,323,3,229.88073260019,35,8,8.49947793246855,0,0.25,0.999778546826697,"HIGH HIGH","R1"
28,332,12,178.566673080179,35,8,8.49902301992012,0,0.25,0.96102347902808,"HIGH HIGH","R1"
29,335,3,229.225066007406,35,7,7.49754118107415,0,0.25,0.999763306204294,"HIGH HIGH","R1"
29,337,5,187.971815641383,35,7,7.49894655002565,0,0.25,0.984631778399859,"HIGH HIGH","R1"
29,338,6,210.846531172776,35,7,7.50090568441332,0,0.25,0.998472341337394,"HIGH HIGH","R1"
30,346,3,158.00674210283,35,6,6.5004407144985,0,0.25,0.753532257821277,"HIGH HIGH","R1"
31,361,8,173.12656988741,35,5,5.50075650929655,0,0.25,0.934176765025136,"HIGH HIGH","R1"
31,362,9,189.853498627091,35,5,5.50062849561721,0,0.25,0.987270446165838,"HIGH HIGH","R1"
32,371,8,175.236959095016,35,4,4.50186500278936,0,0.25,0.94618906062364,"HIGH HIGH","R1"
32,372,9,142.983614006609,35,4,4.50044519898816,0,0.25,0.399441382670242,"HIGH HIGH","R1"
33,378,1,157.935951260242,35,3,3.50029848668172,0,0.25,0.7521949424639,"HIGH HIGH","R1"
33,385,8,137.935764999281,35,3,3.49965030935013,0,0.25,0.284894053469534,"HIGH HIGH","R1"
33,388,11,147.391690596524,35,3,3.50034096060292,0,0.25,0.509941009297562,"HIGH HIGH","R1"
34,395,6,125.905098091777,35,2,2.50058880002386,0,0.25,0.105098507880444,"HIGH HIGH","R1"
34,396,7,132.766864642511,35,2,2.49994819286612,0,0.25,0.190753108143406,"HIGH HIGH","R1"
28,323,3,236.675350806356,36,9,9.49936620416967,0,0.25,0.999888898101861,"HIGH HIGH","R1"
28,332,12,181.771615137766,36,9,9.49857113675491,0,0.25,0.971541712694202,"HIGH HIGH","R1"
29,335,3,238.504966164062,36,8,8.49950462730815,0,0.25,0.999907731627985,"HIGH HIGH","R1"
29,337,5,193.328948817285,36,8,8.50025352887831,0,0.25,0.991021366283633,"HIGH HIGH","R1"
29,338,6,218.250166489305,36,8,8.50079127634915,0,0.25,0.999279035099569,"HIGH HIGH","R1"
31,362,9,201.684855981831,36,6,6.4999588854339,0,0.25,0.996136394981778,"HIGH HIGH","R1"
32,371,8,190.239139213378,36,5,5.49946388080981,0,0.25,0.987753253975948,"HIGH HIGH","R1"
33,378,1,177.323408460722,36,4,4.50009252243518,0,0.25,0.956010073602087,"HIGH HIGH","R1"
33,379,2,164.606233868618,36,4,4.49939532082415,0,0.25,0.856633121590681,"HIGH HIGH","R1"
33,383,6,148.730359719546,36,4,4.50080384308555,0,0.25,0.543809257346039,"HIGH HIGH","R1"
33,384,7,163.226210727533,36,4,4.49948716107269,0,0.25,0.838550955554484,"HIGH HIGH","R1"
34,390,1,136.838184074004,36,3,3.49954527348997,0,0.25,0.262744323520888,"HIGH HIGH","R1"
34,392,3,145.005876432705,36,3,3.49983960119858,0,0.25,0.449555180246952,"HIGH HIGH","R1"
34,394,5,154.186295574014,36,3,3.50033309258896,0,0.25,0.674726637435386,"HIGH HIGH","R1"
34,396,7,156.777304227601,36,3,3.49892765184046,0,0.25,0.729623448488501,"HIGH HIGH","R1"
35,404,3,138.085717214295,36,2,2.49948624527677,0,0.25,0.288005966469662,"HIGH HIGH","R1"
35,411,10,123.485668152978,36,2,2.50011750025828,0,0.25,0.084133480373047,"HIGH HIGH","R1"
35,415,14,133.530387728529,36,2,2.49923212301552,0,0.25,0.203007592490631,"HIGH HIGH","R1"
28,332,12,184.165843743201,37,10,10.5011454397529,0,0.25,0.977545120675331,"HIGH HIGH","R1"
29,335,3,246.033717965021,37,9,9.49925657406537,0,0.25,0.999957037027148,"HIGH HIGH","R1"
29,337,5,197.427007395998,37,9,9.49935183267631,0,0.25,0.994059324300195,"HIGH HIGH","R1"
29,338,6,224.113142511189,37,9,9.49903527039784,0,0.25,0.999602326218298,"HIGH HIGH","R1"
31,362,9,211.056917251138,37,7,7.50120536436641,0,0.25,0.998504579309988,"HIGH HIGH","R1"
32,371,8,202.131216408711,37,6,6.49876831391073,0,0.25,0.996306953012383,"HIGH HIGH","R1"
33,378,1,192.761177099513,37,5,5.50023292190595,0,0.25,0.990493628335989,"HIGH HIGH","R1"
33,379,2,177.478168906097,37,5,5.49927944247459,0,0.25,0.956666174415134,"HIGH HIGH","R1"
33,383,6,158.70559985143,37,5,5.50022421576053,0,0.25,0.766472216950443,"HIGH HIGH","R1"
33,385,8,162.536848708248,37,5,5.49980174956615,0,0.25,0.828849201662797,"HIGH HIGH","R1"
34,390,1,150.627314858603,37,4,4.50151298853891,0,0.25,0.591045694772448,"HIGH HIGH","R1"
34,392,3,160.8587308716,37,4,4.5009383317595,0,0.25,0.803309700294814,"HIGH HIGH","R1"
34,393,4,157.127073231786,37,4,4.50129157902107,0,0.25,0.736571792085269,"HIGH HIGH","R1"
35,404,3,164.317106576931,37,3,3.50051731864623,0,0.25,0.852989976007382,"HIGH HIGH","R1"
35,406,5,157.210230646815,37,3,3.5003760178326,0,0.25,0.73820677690704,"HIGH HIGH","R1"
35,410,9,147.828856451263,37,3,3.49995125294924,0,0.25,0.521026533718817,"HIGH HIGH","R1"
35,414,13,160.050549033011,37,3,3.49758666110283,0,0.25,0.790021212930755,"HIGH HIGH","R1"
35,415,14,157.854203242629,37,3,3.50052697757301,0,0.25,0.750644591940428,"HIGH HIGH","R1"
28,332,12,185.954434772956,38,11,11.4993293162619,0,0.25,0.981204002055011,"HIGH HIGH","R1"
29,337,5,200.561908762666,38,10,10.5011075398839,0,0.25,0.995671808897257,"HIGH HIGH","R1"
31,362,9,218.480877985487,38,8,8.50025126383886,0,0.25,0.999295715453698,"HIGH HIGH","R1"
32,371,8,211.557946317565,38,7,7.5008286785541,0,0.25,0.998578644397799,"HIGH HIGH","R1"
33,378,1,205.053903168764,38,6,6.49917727526445,0,0.25,0.997252604896736,"HIGH HIGH","R1"
33,383,6,166.121223757477,38,6,6.49918201608115,0,0.25,0.874508427857826,"HIGH HIGH","R1"
33,385,8,170.442415311406,38,6,6.49907761855458,0,0.25,0.915302163550549,"HIGH HIGH","R1"
34,390,1,160.930345104499,38,5,5.50283233946976,0,0.25,0.804456034375589,"HIGH HIGH","R1"
34,392,3,173.015769804485,38,5,5.50020195635773,0,0.25,0.933481621003028,"HIGH HIGH","R1"
35,406,5,176.390785752544,38,4,4.49967981672344,0,0.25,0.951851377909236,"HIGH HIGH","R1"
35,410,9,164.425721543351,38,4,4.5003331060094,0,0.25,0.854367481712724,"HIGH HIGH","R1"
35,414,13,180.046567630289,38,4,4.49914333939592,0,0.25,0.966277852770659,"HIGH HIGH","R1"
36,416,1,142.008712449504,38,3,3.49814092842558,0,0.25,0.375949305620818,"HIGH HIGH","R1"
36,421,6,141.944269490287,38,3,3.50056776737634,0,0.25,0.374415482484203,"HIGH HIGH","R1"
36,427,12,136.592074244346,38,3,3.49913130264003,0,0.25,0.257932658561653,"HIGH HIGH","R1"
36,429,14,154.285883405479,38,3,3.49980008055827,0,0.25,0.67694185758988,"HIGH HIGH","R1"
37,433,4,127.895798594564,38,2,2.50176790232343,0,0.25,0.125681366709308,"HIGH HIGH","R1"
37,439,10,137.65889266234,38,2,2.49859653506853,0,0.25,0.279201708337819,"HIGH HIGH","R1"
37,440,11,129.748259279609,38,2,2.50222368129296,0,0.25,0.147844210984489,"HIGH HIGH","R1"
37,443,14,121.873472277948,38,2,2.49835956983963,0,0.25,0.0723488542142043,"HIGH HIGH","R1"
28,332,12,187.290588665888,39,12,12.4986609071347,0,0.25,0.983549293009315,"HIGH HIGH","R1"
29,337,5,202.960021525081,39,11,11.499892890159,0,0.25,0.996603996143267,"HIGH HIGH","R1"
32,371,8,219.0304202441,39,8,8.49909341877044,0,0.25,0.999333910298794,"HIGH HIGH","R1"
33,383,6,171.634021162742,39,7,7.49988317363171,0,0.25,0.924222453372556,"HIGH HIGH","R1"
33,385,8,176.370671903936,39,7,7.50041732519347,0,0.25,0.951757696474565,"HIGH HIGH","R1"
34,390,1,168.628613683285,39,6,6.49942703668939,0,0.25,0.899890147808105,"HIGH HIGH","R1"
34,392,3,182.338607920824,39,6,6.50266515706424,0,0.25,0.973090898362535,"HIGH HIGH","R1"
35,406,5,191.633148487156,39,5,5.49992648266538,0,0.25,0.989352333180391,"HIGH HIGH","R1"
35,410,9,177.262786034621,39,5,5.50080508644703,0,0.25,0.955750492605059,"HIGH HIGH","R1"
35,414,13,196.061367858907,39,5,5.50085143369819,0,0.25,0.993181794272697,"HIGH HIGH","R1"
36,417,2,162.590489630109,39,4,4.50062723024449,0,0.25,0.829620419463904,"HIGH HIGH","R1"
36,427,12,150.321094162901,39,4,4.50055748873211,0,0.25,0.583509866836693,"HIGH HIGH","R1"
37,430,1,140.106294764681,39,3,3.49988137395755,0,0.25,0.331826796778182,"HIGH HIGH","R1"
37,431,2,163.121583069883,39,3,3.50089751337114,0,0.25,0.837107588995244,"HIGH HIGH","R1"
37,432,3,141.549909301648,39,3,3.4989724549089,0,0.25,0.365085059418251,"HIGH HIGH","R1"
37,433,4,149.950376487936,39,3,3.49909368932527,0,0.25,0.574334644221627,"HIGH HIGH","R1"
37,435,6,152.955610626735,39,3,3.49954335428909,0,0.25,0.646727955930717,"HIGH HIGH","R1"
37,439,10,163.708802783067,39,3,3.49918378058341,0,0.25,0.845075031162584,"HIGH HIGH","R1"
37,440,11,152.537774951346,39,3,3.49957689574716,0,0.25,0.636976099997669,"HIGH HIGH","R1"
37,441,12,161.171729641237,39,3,3.50166562096,0,0.25,0.808282612729386,"HIGH HIGH","R1"
37,444,15,153.563474594656,39,3,3.49770450550437,0,0.25,0.660697753797587,"HIGH HIGH","R1"
38,448,4,128.71343687974,39,2,2.49921909105167,0,0.25,0.135090698991924,"HIGH HIGH","R1"
38,449,5,119.804555010361,39,2,2.49923492323838,0,0.25,0.0594562053095618,"HIGH HIGH","R1"
38,454,10,140.646969471516,39,2,2.49882110950507,0,0.25,0.344108514327092,"HIGH HIGH","R1"
28,332,12,188.288752693267,40,13,13.499041628213,1.20926956926353,0.25,0.98511119991623,"HIGH HIGH","R1"
32,371,8,224.953775121416,40,9,9.50064356351838,1.20926956926353,0.25,0.99963484820962,"HIGH HIGH","R1"
33,383,6,175.732251549899,40,8,8.50032700541403,1.20926956926353,0.25,0.948692795051323,"HIGH HIGH","R1"
33,385,8,180.816175685137,40,8,8.49852079750178,1.20926956926353,0.25,0.968733331616569,"HIGH HIGH","R1"
34,390,1,174.380643687734,40,7,7.50113956108741,1.20926956926353,0.25,0.941586647950875,"HIGH HIGH","R1"
35,410,9,187.191783097539,40,6,6.50071715952868,1.20926956926353,0.25,0.983386185150853,"HIGH HIGH","R1"
37,430,1,154.705197117729,40,4,4.49864641472575,1.20926956926353,0.25,0.686181416923472,"HIGH HIGH","R1"
37,431,2,184.016423431425,40,4,4.50174825613154,1.20926956926353,0.25,0.977209683500465,"HIGH HIGH","R1"
37,433,4,167.116637046587,40,4,4.49750217507798,1.20926956926353,0.25,0.885186573594446,"HIGH HIGH","R1"
37,435,6,170.943397909613,40,4,4.50152196497076,1.20926956926353,0.25,0.91916310770204,"HIGH HIGH","R1"
37,436,7,168.440736190441,40,4,4.50160690237268,1.20926956926353,0.25,0.898158506516044,"HIGH HIGH","R1"
37,439,10,184.777522134302,40,4,4.50051865654587,1.20926956926353,0.25,0.978868689991671,"HIGH HIGH","R1"
37,440,11,170.410296144182,40,4,4.49949640995231,1.20926956926353,0.25,0.915049004274259,"HIGH HIGH","R1"
37,441,12,181.493838598862,40,4,4.49930540508156,1.20926956926353,0.25,0.970751478881633,"HIGH HIGH","R1"
37,443,14,156.594794133851,40,4,4.49843328339083,1.20926956926353,0.25,0.725952327683437,"HIGH HIGH","R1"
37,444,15,171.719550217678,40,4,4.50017622706315,1.20926956926353,0.25,0.92482840170915,"HIGH HIGH","R1"
38,445,1,141.131915270858,40,3,3.49990136529828,1.20926956926353,0.25,0.35530503684938,"HIGH HIGH","R1"
38,454,10,167.97919544435,40,3,3.50168897696598,1.20926956926353,0.25,0.893791427017551,"HIGH HIGH","R1"
34,390,1,178.678473626175,41,8,8.49877179078621,1.27073837876697,0.25,0.96144645341553,"HIGH HIGH","R1"
37,431,2,200.889571432853,41,5,5.5006833867672,1.27073837876697,0.25,0.995812838917659,"HIGH HIGH","R1"
37,432,3,167.865324919072,41,5,5.49693132997438,1.27073837876697,0.25,0.892688901702256,"HIGH HIGH","R1"
37,443,14,167.961654299253,41,5,5.49927955017455,1.27073837876697,0.25,0.893622241634082,"HIGH HIGH","R1"
39,459,4,149.583217256077,41,3,3.49850402460871,1.27073837876697,0.25,0.565196730765806,"HIGH HIGH","R1"
40,474,7,127.107681529569,41,2,2.50123841028155,1.27073837876697,0.25,0.117148524718967,"HIGH HIGH","R1"
40,477,10,115.705811289418,41,2,2.49938225399802,1.27073837876697,0.25,0.0400261360945081,"HIGH HIGH","R1"
39,458,3,166.353412707388,42,4,4.50067136049978,1.12603244984077,0.25,0.877072836344053,"HIGH HIGH","R1"
39,459,4,166.650308721687,42,4,4.50035728559455,1.12603244984077,0.25,0.880286136438396,"HIGH HIGH","R1"
39,460,5,154.605994616551,42,4,4.50032497915811,1.12603244984077,0.25,0.684008434081558,"HIGH HIGH","R1"
40,470,3,141.701869707898,42,3,3.49990426018237,1.12603244984077,0.25,0.368668836150433,"HIGH HIGH","R1"
40,475,8,146.019124212699,42,3,3.49877308082769,1.12603244984077,0.25,0.475122895199647,"HIGH HIGH","R1"
40,479,12,142.790631856744,42,3,3.50096466079947,1.12603244984077,0.25,0.394750425933907,"HIGH HIGH","R1"
41,488,9,126.131964532255,42,2,2.50110014942682,1.12603244984077,0.25,0.107284737435533,"HIGH HIGH","R1"
39,458,3,179.565123744951,43,5,5.498424148875,1.23437665225455,0.25,0.964648210506989,"HIGH HIGH","R1"
39,459,4,179.920164625525,43,5,5.49836287653923,1.23437665225455,0.25,0.965857145591239,"HIGH HIGH","R1"
40,475,8,162.137225168113,43,4,4.50163386072118,1.23437665225455,0.25,0.823016315799492,"HIGH HIGH","R1"
41,482,3,147.684211789374,43,3,3.49893033475146,1.23437665225455,0.25,0.517360431336885,"HIGH HIGH","R1"
41,483,4,145.896927064508,43,3,3.50102527905982,1.23437665225455,0.25,0.472029826076347,"HIGH HIGH","R1"
42,497,4,118.697919200604,43,2,2.50043489033099,1.23437665225455,0.25,0.0534752807021395,"HIGH HIGH","R1"
39,459,4,190.237627097878,44,6,6.49928067477528,1.30556811904793,0.25,0.987751396636733,"HIGH HIGH","R1"
41,489,10,142.273020909779,44,4,4.5004417855462,1.30556811904793,0.25,0.382265955640694,"HIGH HIGH","R1"
42,505,12,145.667478775885,44,3,3.50010971786754,1.30556811904793,0.25,0.466227986866491,"HIGH HIGH","R1"
41,489,10,151.170456255634,45,5,5.4979815442944,1.14380706302359,0.25,0.604305243557349,"HIGH HIGH","R1"
42,505,12,161.693297644896,45,4,4.5005964894781,1.14380706302359,0.25,0.816355104353311,"HIGH HIGH","R1"
43,513,6,155.029993832735,45,3,3.49977569806684,1.14380706302359,0.25,0.693238680928257,"HIGH HIGH","R1"
43,518,11,146.824484688302,45,3,3.50132707473651,1.14380706302359,0.25,0.495544996128244,"HIGH HIGH","R1"
42,506,13,170.508393663011,46,5,5.50068531738999,1.23552497735666,0.25,0.915820050111668,"HIGH HIGH","R1"
43,513,6,173.59499947545,46,4,4.50063502839787,1.23552497735666,0.25,0.93704160400898,"HIGH HIGH","R1"
43,518,11,163.154850887868,46,4,4.49698590577146,1.23552497735666,0.25,0.837567650991031,"HIGH HIGH","R1"
45,533,5,130.603917854041,46,2,2.49848948548209,1.23552497735666,0.25,0.159127641259839,"HIGH HIGH","R1"
45,536,8,120.091318140984,46,2,2.50044475310087,1.23552497735666,0.25,0.0611054292559984,"HIGH HIGH","R1"
43,518,11,175.747657799602,47,5,5.4991389064222,1.27909958819513,0.25,0.948768880333589,"HIGH HIGH","R1"
45,533,5,153.736589517182,47,3,3.50089404482154,1.27909958819513,0.25,0.664626848762742,"HIGH HIGH","R1"
45,534,6,146.645525022762,47,3,3.50090702260425,1.27909958819513,0.25,0.491003299222526,"HIGH HIGH","R1"
46,544,5,141.264947150375,47,2,2.49924818991347,1.27909958819513,0.25,0.358405017116439,"HIGH HIGH","R1"
46,548,9,133.506085391602,47,2,2.49995701601465,1.27909958819513,0.25,0.202608658814193,"HIGH HIGH","R1"
47,553,5,106.386069753034,47,1,1.49970345366428,1.27909958819513,0.25,0.0159278676530845,"HIGH HIGH","R1"
45,534,6,162.928613651591,48,4,4.49822985362698,1.18796391730304,0.25,0.834418289629842,"HIGH HIGH","R1"
45,538,10,160.295034295224,48,4,4.49912256826869,1.18796391730304,0.25,0.794109429444049,"HIGH HIGH","R1"
45,539,11,154.950367602082,48,4,4.49874436225757,1.18796391730304,0.25,0.691516730097063,"HIGH HIGH","R1"
46,545,6,150.412099915087,48,3,3.50083150654033,1.18796391730304,0.25,0.585753688056593,"HIGH HIGH","R1"
47,553,5,139.23149162937,48,2,2.49861879846987,1.18796391730304,0.25,0.312436028986384,"HIGH HIGH","R1"
45,534,6,175.478167097622,49,5,5.49978284540639,1.31219876150696,0.25,0.947422458930081,"HIGH HIGH","R1"
45,538,10,172.346186680842,49,5,5.49928032106305,1.31219876150696,0.25,0.929133764427389,"HIGH HIGH","R1"
46,542,3,173.046681472231,49,4,4.49922429480632,1.31219876150696,0.25,0.933676239276407,"HIGH HIGH","R1"
47,555,7,146.596748252627,49,3,3.49946334292976,1.31219876150696,0.25,0.489765652375173,"HIGH HIGH","R1"
48,561,3,128.542442641582,49,2,2.49972672091043,1.31219876150696,0.25,0.133074986985803,"HIGH HIGH","R1"
46,542,3,187.597726298852,50,5,5.49893255307511,1.2125836549016,0.25,0.984046324255322,"HIGH HIGH","R1"
47,550,2,161.98124261205,50,4,4.4994523708633,1.2125836549016,0.25,0.820697637123044,"HIGH HIGH","R1"
47,554,6,161.024843957575,50,4,4.49973103820607,1.2125836549016,0.25,0.805960934620706,"HIGH HIGH","R1"
47,558,10,150.924666447584,50,4,4.50058614937199,1.2125836549016,0.25,0.598322582003851,"HIGH HIGH","R1"
48,561,3,150.852324741619,50,3,3.49964929076266,1.2125836549016,0.25,0.596556064615504,"HIGH HIGH","R1"
48,562,4,140.406409505335,50,3,3.50086404878804,1.2125836549016,0.25,0.338617110993778,"HIGH HIGH","R1"
49,572,4,125.037789663436,50,2,2.50074252256616,1.2125836549016,0.25,0.0970995594869346,"HIGH HIGH","R1"
48,562,4,155.080747633763,51,4,4.4999768150901,1.19119596589215,0.25,0.694333451983611,"HIGH HIGH","R1"
49,570,2,136.995173374544,51,3,3.49958013880002,1.19119596589215,0.25,0.265843614504725,"HIGH HIGH","R1"
49,572,4,145.980026306948,51,3,3.50017809139808,1.19119596589215,0.25,0.474133025143361,"HIGH HIGH","R1"
49,575,7,148.373631531531,51,3,3.50154481770469,1.19119596589215,0.25,0.53481061136132,"HIGH HIGH","R1"
48,562,4,166.173030208583,52,5,5.49886302698956,1.20035431800761,0.25,0.875084545635458,"HIGH HIGH","R1"
49,569,1,154.027449885561,52,4,4.50181066878807,1.20035431800761,0.25,0.671177094196086,"HIGH HIGH","R1"
49,573,5,151.512600732831,52,4,4.50021418111091,1.20035431800761,0.25,0.612581166638546,"HIGH HIGH","R1"
50,581,5,152.36745244612,52,3,3.50105655003676,1.20035431800761,0.25,0.632967856799143,"HIGH HIGH","R1"
48,562,4,174.557649101976,53,6,6.50019309387828,1.15419573114343,0.25,0.942567309021158,"HIGH HIGH","R1"
50,583,7,160.807928162318,53,4,4.50037621812336,1.15419573114343,0.25,0.802493425451561,"HIGH HIGH","R1"
51,586,2,143.03603246752,53,3,3.49914956027932,1.15419573114343,0.25,0.400718788082014,"HIGH HIGH","R1"
51,591,7,147.239093672036,53,3,3.50107667894059,1.15419573114343,0.25,0.506068639283117,"HIGH HIGH","R1"
48,562,4,180.895554173655,54,7,7.50086050074403,1.24315401394727,0.25,0.968976525881591,"HIGH HIGH","R1"
51,586,2,158.37901937373,54,4,4.50254068869692,1.24315401394727,0.25,0.760484737851242,"HIGH HIGH","R1"
53,611,8,123.107224325509,54,2,2.50077266304446,1.24315401394727,0.25,0.0812196146014371,"HIGH HIGH","R1"
48,562,4,185.686355187792,55,8,8.49965115362343,1.25148744601452,0.25,0.980695384076158,"HIGH HIGH","R1"
51,586,2,170.073500341368,55,5,5.49820710153416,1.25148744601452,0.25,0.91235282241791,"HIGH HIGH","R1"
53,605,2,147.270585428747,55,3,3.49959528589102,1.25148744601452,0.25,0.506867863578952,"HIGH HIGH","R1"
52,603,10,140.27740203283,56,5,5.50075923414743,1.29683472857947,0.25,0.335689873119052,"HIGH HIGH","R1"
53,605,2,163.719075758851,56,4,4.49984981247198,1.29683472857947,0.25,0.845211540131672,"HIGH HIGH","R1"
53,611,8,158.727174833322,56,4,4.5000947193409,1.29683472857947,0.25,0.766864081852171,"HIGH HIGH","R1"
54,613,2,162.867620970071,56,3,3.5005151244012,1.29683472857947,0.25,0.83356090159884,"HIGH HIGH","R1"
54,618,7,142.716761351955,56,3,3.50045867500094,1.29683472857947,0.25,0.392959869568571,"HIGH HIGH","R1"
52,603,10,145.552755173707,57,6,6.49836505964744,1.31817063512345,0.25,0.463330404727981,"HIGH HIGH","R1"
53,605,2,176.420056037745,57,5,5.49873274675321,1.31817063512345,0.25,0.951987397480232,"HIGH HIGH","R1"
53,611,8,170.486093077755,57,5,5.50097294479969,1.31817063512345,0.25,0.915645327733518,"HIGH HIGH","R1"
54,619,8,167.485580537105,57,4,4.50089447549952,1.31817063512345,0.25,0.888939069300746,"HIGH HIGH","R1"
55,622,2,141.269476953679,57,3,3.49889128091533,1.31817063512345,0.25,0.358510783394094,"HIGH HIGH","R1"
55,623,3,127.615519270604,57,3,3.49974490506706,1.31817063512345,0.25,0.122587471854256,"HIGH HIGH","R1"
55,626,6,142.756038214799,57,3,3.49868533556654,1.31817063512345,0.25,0.393911551456244,"HIGH HIGH","R1"
52,603,10,149.297736523353,58,7,7.50074205976704,1.23814407622211,0.25,0.558060566597622,"HIGH HIGH","R1"
54,619,8,180.919650984145,58,5,5.50039394082292,1.23814407622211,0.25,0.969049989035268,"HIGH HIGH","R1"
55,623,3,139.23637611342,58,4,4.50074268499966,1.23814407622211,0.25,0.312542575162459,"HIGH HIGH","R1"
56,629,2,150.502338209671,58,3,3.50103888204462,1.23814407622211,0.25,0.587975079023801,"HIGH HIGH","R1"
56,630,3,166.273427077289,58,3,3.50040706819322,1.23814407622211,0.25,0.876194563164293,"HIGH HIGH","R1"
56,632,5,149.076921310235,58,3,3.50004238958834,1.23814407622211,0.25,0.55252419640985,"HIGH HIGH","R1"
56,628,1,165.7112150927,59,4,4.50106073511221,1.20818795370163,0.25,0.869868228503416,"HIGH HIGH","R1"
57,638,2,147.016112810513,59,3,3.50177788676581,1.20818795370163,0.25,0.500408992903069,"HIGH HIGH","R1"
52,603,10,153.843626140645,60,9,9.50147363949486,1.1281651567454,0.25,0.667044883635175,"HIGH HIGH","R1"
58,649,4,144.787784489732,60,3,3.50018622617806,1.1281651567454,0.25,0.444082016930399,"HIGH HIGH","R1"
58,649,4,160.583811537241,61,4,4.49948055510556,1.12303192240845,0.25,0.798861955075111,"HIGH HIGH","R1"
59,661,4,149.151475579737,61,3,3.49966835908283,1.12303192240845,0.25,0.55439497860454,"HIGH HIGH","R1"
59,663,6,159.323860261939,61,3,3.49818599426924,1.12303192240845,0.25,0.777519773143544,"HIGH HIGH","R1"
60,677,10,123.572162755053,61,2,2.49994689147134,1.12303192240845,0.25,0.0848126539950324,"HIGH HIGH","R1"
61,681,4,100.448945733362,61,1,1.50143105972957,1.12303192240845,0.25,0.0087801813215565,"HIGH HIGH","R1"
59,658,1,164.452843722347,62,4,4.50030243974164,1.14378343511008,0.25,0.854709782843812,"HIGH HIGH","R1"
60,671,4,151.487939989974,62,3,3.49979614624709,1.14378343511008,0.25,0.611986768695989,"HIGH HIGH","R1"
60,677,10,143.954175418508,62,3,3.49909647898341,1.14378343511008,0.25,0.423297861184467,"HIGH HIGH","R1"
61,678,1,155.40865534894,63,3,3.49924768498054,1.13868686124045,0.25,0.701353361447367,"HIGH HIGH","R1"
61,680,3,161.967150855161,63,3,3.50023606347817,1.13868686124045,0.25,0.820486998433757,"HIGH HIGH","R1"
61,682,5,135.560863357647,63,3,3.49907370390715,1.13868686124045,0.25,0.238405228388648,"HIGH HIGH","R1"
61,685,8,147.269261372837,63,3,3.49972633698153,1.13868686124045,0.25,0.50683426125244,"HIGH HIGH","R1"
62,690,4,135.184673703725,63,2,2.50056941074944,1.13868686124045,0.25,0.231539588040491,"HIGH HIGH","R1"
60,676,9,152.398522554138,64,5,5.50122044838584,1.12416329367115,0.25,0.633700429257919,"HIGH HIGH","R1"
61,682,5,149.039347207804,64,4,4.500540780406,1.12416329367115,0.25,0.55158078627133,"HIGH HIGH","R1"
62,687,1,154.448849165783,64,3,3.50003664033638,1.12416329367115,0.25,0.680549749084657,"HIGH HIGH","R1"
62,690,4,160.19374129643,64,3,3.49913464546895,1.12416329367115,0.25,0.792422827513531,"HIGH HIGH","R1"
62,691,5,152.641503880188,64,3,3.49980902687953,1.12416329367115,0.25,0.639407927323534,"HIGH HIGH","R1"
61,682,5,159.067636053772,65,5,5.50030696554675,1.24788848841353,0.25,0.772987148495377,"HIGH HIGH","R1"
62,691,5,170.542608825953,65,4,4.49900666293491,1.24788848841353,0.25,0.916087482895706,"HIGH HIGH","R1"
63,696,1,152.419045836672,65,3,3.49963588276605,1.24788848841353,0.25,0.634183989581875,"HIGH HIGH","R1"
63,697,2,154.399861659635,65,3,3.50107896430144,1.24788848841353,0.25,0.679467462467751,"HIGH HIGH","R1"
63,702,7,150.708984529863,65,3,3.49966945089186,1.24788848841353,0.25,0.593048464287693,"HIGH HIGH","R1"
61,682,5,166.528903826631,66,6,6.50025311989625,1.12601629877343,0.25,0.878981035411149,"HIGH HIGH","R1"
63,696,1,170.258875255259,66,4,4.49872897557543,1.12601629877343,0.25,0.9138462561506,"HIGH HIGH","R1"
64,704,1,156.726234280036,66,3,3.49996049500349,1.12601629877343,0.25,0.728599320561948,"HIGH HIGH","R1"
64,712,9,159.001037311884,66,3,3.49915726569448,1.12601629877343,0.25,0.771798388836761,"HIGH HIGH","R1"
65,718,6,133.893181269472,66,2,2.49967169472219,1.12601629877343,0.25,0.209032608451828,"HIGH HIGH","R1"
64,704,1,175.769359250495,67,4,4.49999687657211,1.15802022227715,0.25,0.948875874034153,"HIGH HIGH","R1"
65,717,5,154.488031240956,67,3,3.49956950099088,1.15802022227715,0.25,0.681414005682851,"HIGH HIGH","R1"
65,717,5,172.901433436307,68,4,4.49967905933515,1.21953201977767,0.25,0.932757147571377,"HIGH HIGH","R1"
66,725,5,132.84505076546,68,3,3.4995489122878,1.21953201977767,0.25,0.191981542884012,"HIGH HIGH","R1"
66,729,9,153.555877022912,68,3,3.49997807434839,1.21953201977767,0.25,0.660524802926691,"HIGH HIGH","R1"
65,717,5,187.422784125243,69,5,5.49977940419774,1.14178607833103,0.25,0.983765060367208,"HIGH HIGH","R1"
66,729,9,171.709844857547,69,4,4.49980740591585,1.14178607833103,0.25,0.924759866621933,"HIGH HIGH","R1"
68,739,2,165.894328657824,70,3,3.49979719070535,1.27668794922325,0.25,0.871958358165489,"HIGH HIGH","R1"
68,741,4,138.978863200959,70,3,3.49987993450215,1.27668794922325,0.25,0.306952591198957,"HIGH HIGH","R1"
68,743,6,149.662870877878,70,3,3.50158009089843,1.27668794922325,0.25,0.567183151467665,"HIGH HIGH","R1"
68,746,9,145.392181675922,70,3,3.50036501414577,1.27668794922325,0.25,0.45927898680138,"HIGH HIGH","R1"
69,749,3,157.041641264075,70,2,2.49763295511723,1.27668794922325,0.25,0.734885271248352,"HIGH HIGH","R1"
68,746,9,161.345924224116,71,4,4.50079268937864,1.32385906105157,0.25,0.811008395027309,"HIGH HIGH","R1"
69,751,5,157.847644291378,71,3,3.5006533250611,1.32385906105157,0.25,0.750519921183616,"HIGH HIGH","R1"
69,752,6,155.430228239852,71,3,3.49978577211553,1.32385906105157,0.25,0.701811942124998,"HIGH HIGH","R1"
70,758,4,125.662240744388,71,2,2.49970596556056,1.32385906105157,0.25,0.10280184452692,"HIGH HIGH","R1"
70,759,5,122.216390205055,71,2,2.49984362326102,1.32385906105157,0.25,0.0747206739435504,"HIGH HIGH","R1"
68,743,6,180.041145883955,72,5,5.50115352915374,1.18413266318788,0.25,0.966259910703505,"HIGH HIGH","R1"
68,746,9,173.594827205725,72,5,5.49905415807841,1.18413266318788,0.25,0.937040572128566,"HIGH HIGH","R1"
69,750,4,159.590711228573,72,4,4.50045969572147,1.18413266318788,0.25,0.782171310737675,"HIGH HIGH","R1"
70,758,4,146.845274398435,72,3,3.4993502350829,1.18413266318788,0.25,0.496072666180662,"HIGH HIGH","R1"
71,768,8,123.633591596038,72,2,2.49902514308077,1.18413266318788,0.25,0.085298023188225,"HIGH HIGH","R1"
68,746,9,182.999242740177,73,6,6.49924839175936,1.14281344906454,0.25,0.974792639676397,"HIGH HIGH","R1"
71,763,3,151.191717514095,73,3,3.49975571981244,1.14281344906454,0.25,0.60482131786679,"HIGH HIGH","R1"
71,764,4,146.5157703348,73,3,3.49893511227765,1.14281344906454,0.25,0.487711227841616,"HIGH HIGH","R1"
72,774,5,122.102728635939,73,2,2.50007584602984,1.14281344906454,0.25,0.0739267099532362,"HIGH HIGH","R1"
72,775,6,120.532523484873,73,2,2.49852110222565,1.14281344906454,0.25,0.0637265775719624,"HIGH HIGH","R1"
71,765,5,161.113153696497,74,4,4.49830902782085,0.653491332675946,0.25,0.807359309587647,"HIGH HIGH","R1"
72,773,4,154.541168426592,74,3,3.49909130058121,0.653491332675946,0.25,0.682584084001394,"HIGH HIGH","R1"
72,776,7,155.363194634755,74,3,3.50073152929285,0.653491332675946,0.25,0.700385666719854,"HIGH HIGH","R1"
72,773,4,172.969409829111,75,4,4.50149545218849,0.620883574471425,0.25,0.933188746591717,"HIGH HIGH","R1"
72,774,5,156.990131189537,75,4,4.50084779827603,0.620883574471425,0.25,0.73386507674812,"HIGH HIGH","R1"
72,775,6,154.290674909466,75,4,4.50024003633449,0.620883574471425,0.25,0.677048240308185,"HIGH HIGH","R1"
72,776,7,174.021685812323,75,4,4.50116262719492,0.620883574471425,0.25,0.939549521432012,"HIGH HIGH","R1"
73,782,4,138.937252846657,75,3,3.50022872991565,0.620883574471425,0.25,0.306054572217449,"HIGH HIGH","R1"
74,787,1,130.471981434691,75,2,2.49959929230883,0.620883574471425,0.25,0.157343374020437,"HIGH HIGH","R1"
72,773,4,187.504653980635,76,5,5.50054247556405,0.834624706026864,0.25,0.983897288922358,"HIGH HIGH","R1"
72,776,7,188.772776353783,76,5,5.50133561717921,0.834624706026864,0.25,0.985815079730097,"HIGH HIGH","R1"
73,782,4,153.244027061489,76,4,4.50070540466038,0.834624706026864,0.25,0.653389310082283,"HIGH HIGH","R1"
73,786,8,147.869593274106,76,4,4.50086485892719,0.834624706026864,0.25,0.522058640481844,"HIGH HIGH","R1"
74,787,1,153.551589435461,76,3,3.50058608368823,0.834624706026864,0.25,0.660427181517142,"HIGH HIGH","R1"
74,788,2,147.327775918602,76,3,3.49880709974487,0.834624706026864,0.25,0.508319199352186,"HIGH HIGH","R1"
72,773,4,198.969303153047,77,6,6.50007522344917,0.701261229976341,0.25,0.994916035430912,"HIGH HIGH","R1"
74,788,2,163.791438046309,77,4,4.49886279427049,0.701261229976341,0.25,0.846170319732874,"HIGH HIGH","R1"
74,793,7,164.840636111464,77,4,4.50025161070547,0.701261229976341,0.25,0.859531259850533,"HIGH HIGH","R1"
74,794,8,152.182591984856,77,4,4.50080437176195,0.701261229976341,0.25,0.628596595194688,"HIGH HIGH","R1"
74,796,10,155.443859851376,77,4,4.49871444127258,0.701261229976341,0.25,0.702101504015425,"HIGH HIGH","R1"
75,798,2,148.700739960601,77,3,3.49947488394225,0.701261229976341,0.25,0.543063090343403,"HIGH HIGH","R1"
75,801,5,146.176625002884,77,3,3.49962280126453,0.701261229976341,0.25,0.479112358115352,"HIGH HIGH","R1"
75,807,11,148.992315921327,77,3,3.50074854901516,0.701261229976341,0.25,0.550399402720788,"HIGH HIGH","R1"
72,773,4,208.012025743483,78,7,7.50042980158663,0.625747176087809,0.25,0.997963930898744,"HIGH HIGH","R1"
74,788,2,176.506322740069,78,5,5.49908946644059,0.625747176087809,0.25,0.952386161078415,"HIGH HIGH","R1"
74,796,10,166.601706062358,78,5,5.49849671590367,0.625747176087809,0.25,0.87976512436347,"HIGH HIGH","R1"
75,798,2,165.530548507787,78,4,4.49964246956125,0.625747176087809,0.25,0.867777664171958,"HIGH HIGH","R1"
75,801,5,162.336137584715,78,4,4.49969435324628,0.625747176087809,0.25,0.825938916468155,"HIGH HIGH","R1"
75,803,7,160.212125997948,78,4,4.49981761858573,0.625747176087809,0.25,0.792729701866033,"HIGH HIGH","R1"
75,805,9,162.932858684712,78,4,4.501386818603,0.625747176087809,0.25,0.83447783105461,"HIGH HIGH","R1"
75,807,11,165.900356460784,78,4,4.50001705943635,0.625747176087809,0.25,0.872026672480803,"HIGH HIGH","R1"
76,814,7,148.67986471413,78,3,3.49993037414256,0.625747176087809,0.25,0.542537094662999,"HIGH HIGH","R1"
75,797,1,171.226917021012,79,5,5.50063307028379,0.762736323577313,0.25,0.921276356099107,"HIGH HIGH","R1"
75,803,7,172.247741113068,79,5,5.50074233135815,0.762736323577313,0.25,0.928472794715019,"HIGH HIGH","R1"
75,807,11,179.023567497099,79,5,5.49952953373071,0.762736323577313,0.25,0.962724427066581,"HIGH HIGH","R1"
76,814,7,165.504078634098,79,4,4.50010790893528,0.762736323577313,0.25,0.867468990961989,"HIGH HIGH","R1"
77,820,5,145.596356486458,79,3,3.50046060514163,0.762736323577313,0.25,0.464431365169522,"HIGH HIGH","R1"
78,833,10,134.051086273157,79,2,2.50001035189151,0.762736323577313,0.25,0.211695751029802,"HIGH HIGH","R1"
77,820,5,161.603540340171,80,4,4.50098851572279,0.568313646188574,0.25,0.81498490671115,"HIGH HIGH","R1"
78,827,4,154.547087675241,80,3,3.49966810092444,0.568313646188574,0.25,0.682714283207061,"HIGH HIGH","R1"
78,830,7,162.81242580663,80,3,3.5003790159558,0.568313646188574,0.25,0.832781951341122,"HIGH HIGH","R1"
78,832,9,157.825263190958,80,3,3.49960168901794,0.568313646188574,0.25,0.750094194165302,"HIGH HIGH","R1"
78,833,10,158.589664794104,80,3,3.50119383810985,0.568313646188574,0.25,0.764358661375303,"HIGH HIGH","R1"
79,840,7,137.128416777642,80,2,2.49894314664711,0.568313646188574,0.25,0.268492336528898,"HIGH HIGH","R1"
77,820,5,173.901149127529,81,5,5.49983400370153,0.725272388891515,0.25,0.93885067732015,"HIGH HIGH","R1"
78,831,8,149.337005357345,81,4,4.49992051965601,0.725272388891515,0.25,0.559043661757581,"HIGH HIGH","R1"
79,834,1,157.695579211616,81,3,3.5001566415233,0.725272388891515,0.25,0.74761786003083,"HIGH HIGH","R1"
79,835,2,148.980126306734,81,3,3.5008033253778,0.725272388891515,0.25,0.550093117244518,"HIGH HIGH","R1"
79,834,1,177.014395808825,82,4,4.50176722808397,0.606921932631113,0.25,0.954671572265428,"HIGH HIGH","R1"
79,837,4,153.384749191282,82,4,4.50086395069496,0.606921932631113,0.25,0.656617973742707,"HIGH HIGH","R1"
79,842,9,149.204463412901,82,4,4.49923106429091,0.606921932631113,0.25,0.555723663391884,"HIGH HIGH","R1"
79,844,11,149.956250466139,82,4,4.50127734897336,0.606921932631113,0.25,0.574480442012685,"HIGH HIGH","R1"
80,849,5,144.309709514822,82,3,3.50108818510806,0.606921932631113,0.25,0.432133547984062,"HIGH HIGH","R1"
81,864,10,126.093856184685,82,2,2.49994837186956,0.606921932631113,0.25,0.106914725590353,"HIGH HIGH","R1"
78,831,8,166.921907858917,83,6,6.50021064265202,0.866240889773838,0.25,0.883161835078167,"HIGH HIGH","R1"
79,834,1,192.387293669114,83,5,5.50091582591813,0.866240889773838,0.25,0.990129447734885,"HIGH HIGH","R1"
79,837,4,164.173215449508,83,5,5.49969478353532,0.866240889773838,0.25,0.851148495362087,"HIGH HIGH","R1"
79,842,9,159.261155245016,83,5,5.49932819823367,0.866240889773838,0.25,0.776416517252138,"HIGH HIGH","R1"
79,844,11,160.142746283098,83,5,5.50044432169343,0.866240889773838,0.25,0.791569872914646,"HIGH HIGH","R1"
80,849,5,159.98149460132,83,4,4.50077300604109,0.866240889773838,0.25,0.788855765984208,"HIGH HIGH","R1"
80,850,6,167.212364137496,83,4,4.49916327455197,0.866240889773838,0.25,0.886170676793222,"HIGH HIGH","R1"
81,858,4,151.080837135955,83,3,3.49971109136952,0.866240889773838,0.25,0.602127376946882,"HIGH HIGH","R1"
81,861,7,149.084935735367,83,3,3.50080693021145,0.866240889773838,0.25,0.552725373818424,"HIGH HIGH","R1"
81,863,9,152.091242608707,83,3,3.50155601655881,0.866240889773838,0.25,0.62642867527155,"HIGH HIGH","R1"
81,864,10,147.444060233772,83,3,3.50025369473862,0.866240889773838,0.25,0.511269713926143,"HIGH HIGH","R1"
78,831,8,172.510545495085,84,7,7.50019483018457,0.5655156634814,0.25,0.930224717678936,"HIGH HIGH","R1"
79,837,4,172.292679846603,84,6,6.49970387109189,0.5655156634814,0.25,0.928775219135072,"HIGH HIGH","R1"
80,849,5,171.973937935484,84,5,5.49978272316013,0.5655156634814,0.25,0.926604440002874,"HIGH HIGH","R1"
80,850,6,180.592617527423,84,5,5.49948839833502,0.5655156634814,0.25,0.968038455289855,"HIGH HIGH","R1"
81,861,7,166.017861520952,84,4,4.50024011206795,0.5655156634814,0.25,0.873352179054964,"HIGH HIGH","R1"
81,863,9,169.840953375735,84,4,4.49923700258386,0.5655156634814,0.25,0.910446287937372,"HIGH HIGH","R1"
81,864,10,163.938590624585,84,4,4.5014486725247,0.5655156634814,0.25,0.848105056668603,"HIGH HIGH","R1"
82,866,2,148.351862957842,84,3,3.49951269236132,0.5655156634814,0.25,0.534260693800269,"HIGH HIGH","R1"
82,868,4,146.789117495598,84,3,3.50031432923638,0.5655156634814,0.25,0.494647353922153,"HIGH HIGH","R1"
82,869,5,155.708666888102,84,3,3.49876038119247,0.5655156634814,0.25,0.707694220391873,"HIGH HIGH","R1"
82,870,6,149.9765188848,84,3,3.50128245854027,0.5655156634814,0.25,0.574983424063218,"HIGH HIGH","R1"
82,871,7,139.537325886037,84,3,3.50010360909538,0.5655156634814,0.25,0.31914516577016,"HIGH HIGH","R1"
79,837,4,178.403437438808,85,7,7.50139376222915,0.804587008193447,0.25,0.960397906409724,"HIGH HIGH","R1"
79,844,11,173.407063103278,85,7,7.49971856235151,0.804587008193447,0.25,0.935906458304445,"HIGH HIGH","R1"
80,849,5,181.150856603611,85,6,6.50065482517144,0.804587008193447,0.25,0.969746349935915,"HIGH HIGH","R1"
80,850,6,191.009496344299,85,6,6.49950643026952,0.804587008193447,0.25,0.988664199604511,"HIGH HIGH","R1"
81,864,10,176.681772478393,85,5,5.50109569621926,0.804587008193447,0.25,0.953187481723966,"HIGH HIGH","R1"
82,869,5,174.464310738443,85,4,4.50014524897476,0.804587008193447,0.25,0.942052129792602,"HIGH HIGH","R1"
82,870,6,167.149850450259,85,4,4.49727161064507,0.804587008193447,0.25,0.88552885339702,"HIGH HIGH","R1"
83,876,2,153.870307629704,85,3,3.49958188390802,0.804587008193447,0.25,0.667646276985295,"HIGH HIGH","R1"
83,878,4,144.792728323519,85,3,3.50159867740542,0.804587008193447,0.25,0.444205940670601,"HIGH HIGH","R1"
83,881,7,150.164591492494,85,3,3.50020995942147,0.804587008193447,0.25,0.579643110850817,"HIGH HIGH","R1"
83,882,8,145.292001899015,85,3,3.50065808142611,0.804587008193447,0.25,0.456754048000118,"HIGH HIGH","R1"
84,885,1,139.576208270284,85,2,2.49955510025073,0.804587008193447,0.25,0.320003605618189,"HIGH HIGH","R1"
79,837,4,183.002430244793,86,8,8.49817178952407,0.636601770929222,0.25,0.974800590795545,"HIGH HIGH","R1"
79,844,11,177.633581563009,86,8,8.49839314947857,0.636601770929222,0.25,0.95731563257285,"HIGH HIGH","R1"
80,849,5,188.173265123274,86,7,7.50011155553932,0.636601770929222,0.25,0.984938235328153,"HIGH HIGH","R1"
83,875,1,164.832442016,86,4,4.49956234045805,0.636601770929222,0.25,0.859430780494588,"HIGH HIGH","R1"
83,876,2,172.11160039673,86,4,4.49904661321635,0.636601770929222,0.25,0.927549360641247,"HIGH HIGH","R1"
83,880,6,153.30944995399,86,4,4.50065571815804,0.636601770929222,0.25,0.65489212123393,"HIGH HIGH","R1"
83,881,7,167.388832137551,86,4,4.49954789543772,0.636601770929222,0.25,0.887965558926364,"HIGH HIGH","R1"
84,893,9,144.446135879004,86,3,3.50183796530003,0.636601770929222,0.25,0.435535816358892,"HIGH HIGH","R1"
84,894,10,148.715790078262,86,3,3.49930744099417,0.636601770929222,0.25,0.543442250174267,"HIGH HIGH","R1"
85,897,3,127.356518970145,86,2,2.50105446040106,0.636601770929222,0.25,0.119786937290575,"HIGH HIGH","R1"
85,904,10,124.36359350791,86,2,2.49911150079889,0.636601770929222,0.25,0.091261513948221,"HIGH HIGH","R1"
79,844,11,180.785938768302,87,9,9.50100925136967,0.630907222549624,0.25,0.968640209468615,"HIGH HIGH","R1"
83,876,2,186.471966173718,87,5,5.50004418268873,0.630907222549624,0.25,0.982148984472975,"HIGH HIGH","R1"
83,881,7,180.803834069391,87,5,5.50007608342154,0.630907222549624,0.25,0.9686953548893,"HIGH HIGH","R1"
83,883,9,155.464174113728,87,5,5.49956109550004,0.630907222549624,0.25,0.702532717845687,"HIGH HIGH","R1"
84,886,2,171.114520729907,87,4,4.50180322748719,0.630907222549624,0.25,0.920444707528985,"HIGH HIGH","R1"
84,893,9,160.153329411111,87,4,4.49987135014601,0.630907222549624,0.25,0.791747100889394,"HIGH HIGH","R1"
84,894,10,165.549632628115,87,4,4.49908211580942,0.630907222549624,0.25,0.867999831649415,"HIGH HIGH","R1"
85,897,3,149.199203445806,87,3,3.49971750193223,0.630907222549624,0.25,0.555591803542832,"HIGH HIGH","R1"
85,898,4,154.162552553829,87,3,3.5011417136073,0.630907222549624,0.25,0.674197340188342,"HIGH HIGH","R1"
85,903,9,146.51064164214,87,3,3.49910766967211,0.630907222549624,0.25,0.487581125223108,"HIGH HIGH","R1"
86,914,10,124.157897166852,87,2,2.50127428769877,0.630907222549624,0.25,0.0895441969361715,"HIGH HIGH","R1"
83,876,2,197.777091741445,88,6,6.50045625355372,0.769395512595234,0.25,0.994265586616617,"HIGH HIGH","R1"
83,881,7,191.252032079381,88,6,6.50053830497273,0.769395512595234,0.25,0.9889368867938,"HIGH HIGH","R1"
84,893,9,172.177931538734,88,5,5.49990357365057,0.769395512595234,0.25,0.928000645665905,"HIGH HIGH","R1"
84,894,10,178.604522364555,88,5,5.50027965502322,0.769395512595234,0.25,0.961167170177647,"HIGH HIGH","R1"
85,897,3,166.162853888056,88,4,4.50029194982477,0.769395512595234,0.25,0.874971558284181,"HIGH HIGH","R1"
83,876,2,206.676994855813,89,7,7.49949848676542,0.627593533744942,0.25,0.997669053573486,"HIGH HIGH","R1"
84,893,9,181.383335166826,89,6,6.50011951682538,0.627593533744942,0.25,0.970431230013822,"HIGH HIGH","R1"
85,897,3,179.337307634688,89,5,5.49878771166527,0.627593533744942,0.25,0.963850872085707,"HIGH HIGH","R1"
86,910,6,165.31577273031,89,4,4.49795905751642,0.627593533744942,0.25,0.865255444579432,"HIGH HIGH","R1"
86,914,10,160.552536260339,89,4,4.49988984792579,0.627593533744942,0.25,0.798351234125558,"HIGH HIGH","R1"
87,921,4,149.812581462246,89,3,3.49939309534658,0.627593533744942,0.25,0.570910782430131,"HIGH HIGH","R1"
87,922,5,136.969246456499,89,3,3.49924003033761,0.627593533744942,0.25,0.265330159486868,"HIGH HIGH","R1"
88,937,10,125.812559588072,89,2,2.49915477917023,0.627593533744942,0.25,0.104218093298753,"HIGH HIGH","R1"
85,897,3,189.568963380779,90,6,6.50006366993671,0.683472266614507,0.25,0.986902218575502,"HIGH HIGH","R1"
87,918,1,154.60063563655,90,4,4.49988729405052,0.683472266614507,0.25,0.683890817888565,"HIGH HIGH","R1"
87,919,2,155.368467279891,90,4,4.50023597779769,0.683472266614507,0.25,0.700497994284253,"HIGH HIGH","R1"
87,921,4,166.941593104768,90,4,4.49938873659746,0.683472266614507,0.25,0.883367916012531,"HIGH HIGH","R1"
87,922,5,150.790438336685,90,4,4.4998412247361,0.683472266614507,0.25,0.595042864340038,"HIGH HIGH","R1"
87,924,7,148.217189570638,90,4,4.49949723211933,0.683472266614507,0.25,0.53085677499922,"HIGH HIGH","R1"
87,925,8,159.780860131134,90,4,4.49920591010061,0.683472266614507,0.25,0.785442777058415,"HIGH HIGH","R1"
89,950,10,122.385294056253,90,2,2.50047416385526,0.683472266614507,0.25,0.0759150086012291,"HIGH HIGH","R1"
87,918,1,165.606508566034,91,5,5.49973775301501,0.663582968318723,0.25,0.86866007511369,"HIGH HIGH","R1"
87,919,2,166.512685622667,91,5,5.50048417897134,0.663582968318723,0.25,0.878805763925639,"HIGH HIGH","R1"
87,924,7,158.104621924307,91,5,5.49916965414013,0.663582968318723,0.25,0.755373297838429,"HIGH HIGH","R1"
88,928,1,169.024538635197,91,4,4.50026049205941,0.663582968318723,0.25,0.903453841085442,"HIGH HIGH","R1"
90,954,3,125.737179177196,91,2,2.50053120251043,0.663582968318723,0.25,0.103505744317543,"HIGH HIGH","R1"
87,918,1,173.915595009801,92,6,6.49824322201067,0.623876563795389,0.25,0.938934827931407,"HIGH HIGH","R1"
88,928,1,182.763607621783,92,5,5.50111309509901,0.623876563795389,0.25,0.974198039935645,"HIGH HIGH","R1"
89,943,3,159.068881149511,92,4,4.49990769946162,0.623876563795389,0.25,0.773009331227591,"HIGH HIGH","R1"
89,950,10,157.477963149668,92,4,4.49847870116357,0.623876563795389,0.25,0.743426078532935,"HIGH HIGH","R1"
90,955,4,147.038790941548,92,3,3.50066021274014,0.623876563795389,0.25,0.500984632867987,"HIGH HIGH","R1"
90,958,7,154.355936017085,92,3,3.4996935585768,0.623876563795389,0.25,0.678495363461815,"HIGH HIGH","R1"
90,960,9,155.498082003456,92,3,3.49998516971523,0.623876563795389,0.25,0.703251683161047,"HIGH HIGH","R1"
87,918,1,180.188692834239,93,7,7.50070305312042,0.70884441775714,0.25,0.966744913166703,"HIGH HIGH","R1"
87,922,5,174.617624201095,93,7,7.49927878251645,0.70884441775714,0.25,0.942896067449918,"HIGH HIGH","R1"
90,955,4,163.425855174334,93,4,4.49997684712741,0.70884441775714,0.25,0.841276427861004,"HIGH HIGH","R1"
90,960,9,174.194478658292,93,4,4.5006441664882,0.70884441775714,0.25,0.940538307808565,"HIGH HIGH","R1"
90,961,10,161.958579055411,93,4,4.5016003164274,0.70884441775714,0.25,0.820358775616624,"HIGH HIGH","R1"
91,969,5,151.387317074734,93,3,3.49935339906685,0.70884441775714,0.25,0.609558015373031,"HIGH HIGH","R1"
91,971,7,142.510106207513,93,3,3.49797995150832,0.70884441775714,0.25,0.387966126614754,"HIGH HIGH","R1"
92,978,2,124.314442593764,93,2,2.49920038928322,0.70884441775714,0.25,0.0908484884237793,"HIGH HIGH","R1"
92,979,3,131.67919802982,93,2,2.50020697106066,0.70884441775714,0.25,0.174285046251328,"HIGH HIGH","R1"
93,990,4,101.324436129879,93,1,1.50182749176858,0.70884441775714,0.25,0.00958857033501078,"HIGH HIGH","R1"
90,962,11,167.69505498738,94,5,5.50047876585435,0.883134011428439,0.25,0.891021520940683,"HIGH HIGH","R1"
91,969,5,168.944208041887,94,4,4.4994409453353,0.883134011428439,0.25,0.902740075592041,"HIGH HIGH","R1"
91,972,8,166.690269698295,94,4,4.50048416168346,0.883134011428439,0.25,0.880713048859907,"HIGH HIGH","R1"
92,977,1,151.232998163626,94,3,3.49919161724278,0.883134011428439,0.25,0.605822654914952,"HIGH HIGH","R1"
92,978,2,144.979318251665,94,3,3.49903274717355,0.883134011428439,0.25,0.448888004349045,"HIGH HIGH","R1"
92,983,7,158.163596679707,94,3,3.50096571400323,0.883134011428439,0.25,0.756478066418155,"HIGH HIGH","R1"
92,984,8,142.692254423816,94,3,3.50030182946627,0.883134011428439,0.25,0.392366475553537,"HIGH HIGH","R1"
92,985,9,150.694297754751,94,3,3.4995307401985,0.883134011428439,0.25,0.592688529298991,"HIGH HIGH","R1"
92,980,4,160.004075080715,95,4,4.4983099974314,0.901498075968338,0.25,0.789237382220995,"HIGH HIGH","R1"
92,984,8,157.947045985246,95,4,4.5001232239446,0.901498075968338,0.25,0.752404854948907,"HIGH HIGH","R1"
92,985,9,168.062292675185,95,4,4.50149640116235,0.901498075968338,0.25,0.894589685930333,"HIGH HIGH","R1"
93,994,8,143.205024974468,95,3,3.4997056460982,0.901498075968338,0.25,0.404846146173571,"HIGH HIGH","R1"
95,1005,1,95.9494126729558,95,1,1.50111484742764,0.901498075968338,0.25,0.00557824304101536,"HIGH HIGH","R1"
92,980,4,172.000742043346,96,5,5.4996171495056,0.705196890602836,0.25,0.92678930976935,"HIGH HIGH","R1"
92,985,9,181.610288871663,96,5,5.49914946495443,0.705196890602836,0.25,0.971085321261142,"HIGH HIGH","R1"
93,988,2,155.964490355305,96,4,4.49995702783396,0.705196890602836,0.25,0.713038228457314,"HIGH HIGH","R1"
93,989,3,169.600143809181,96,4,4.50091620957209,0.705196890602836,0.25,0.908432680998587,"HIGH HIGH","R1"
94,995,1,144.780433748142,96,3,3.49980162192641,0.705196890602836,0.25,0.443897773724675,"HIGH HIGH","R1"
94,997,3,147.871412849205,96,3,3.49769408436239,0.705196890602836,0.25,0.522104736846532,"HIGH HIGH","R1"
95,1010,6,125.328259796589,96,2,2.49827968508489,0.705196890602836,0.25,0.0997160711437603,"HIGH HIGH","R1"
95,1012,8,132.625383554384,96,2,2.50144896308276,0.705196890602836,0.25,0.188545493915855,"HIGH HIGH","R1"
92,980,4,181.181401139258,97,6,6.49875914787459,0.808505814138033,0.25,0.969837203391626,"HIGH HIGH","R1"
93,989,3,183.45409955739,97,5,5.49919031317715,0.808505814138033,0.25,0.97590289635581,"HIGH HIGH","R1"
94,997,3,164.479613388979,97,4,4.49862229939692,0.808505814138033,0.25,0.855046979922689,"HIGH HIGH","R1"
95,1012,8,156.577955923079,97,3,3.4999061892971,0.808505814138033,0.25,0.725612074330595,"HIGH HIGH","R1"
96,1024,10,137.876520281592,97,2,2.50126010037887,0.808505814138033,0.25,0.283670155870392,"HIGH HIGH","R1"
92,980,4,188.207060991104,98,7,7.5005040874539,0.565302572245261,0.25,0.984989054844257,"HIGH HIGH","R1"
95,1012,8,175.579066699803,98,4,4.50026986810987,0.565302572245261,0.25,0.947930440637181,"HIGH HIGH","R1"
96,1019,5,142.529242031009,98,3,3.49984751422595,0.565302572245261,0.25,0.388427566777727,"HIGH HIGH","R1"
96,1020,6,144.343022711538,98,3,3.49945443109936,0.565302572245261,0.25,0.432963751092321,"HIGH HIGH","R1"
96,1021,7,144.546221429583,98,3,3.50103852741346,0.565302572245261,0.25,0.438035684257473,"HIGH HIGH","R1"
96,1015,1,156.197200803759,99,4,4.50064698222647,0.747393668739013,0.25,0.71784835634037,"HIGH HIGH","R1"
96,1023,9,171.225934495758,99,4,4.49922470444543,0.747393668739013,0.25,0.921269120714067,"HIGH HIGH","R1"
97,1033,8,146.75402602464,99,3,3.50002674557758,0.747393668739013,0.25,0.493756743801115,"HIGH HIGH","R1"
97,1034,9,143.926678995067,99,3,3.50035553412674,0.747393668739013,0.25,0.422616487848997,"HIGH HIGH","R1"
98,1038,4,132.267773063814,99,2,2.50015743249427,0.747393668739013,0.25,0.183053067308639,"HIGH HIGH","R1"
98,1040,6,126.062631380682,99,2,2.50037485924775,0.747393668739013,0.25,0.106612387067114,"HIGH HIGH","R1"
