"cohort","ind","fish_size","Year","Age","AgeE","dtype","FMORT","M","Sel","FSIM","REG"
1,1,187.991196218235,5,5,5.50091654496832,"M",0,0.25,1,"MED MED LOW",NA
1,2,182.445758545925,13,13,13.4987469845285,"M",0,0.25,1,"MED MED LOW",NA
1,3,123.172607842696,2,2,2.50064178131127,"M",0,0.25,1,"MED MED LOW",NA
1,4,61.3446337596296,0,0,0.501088976259435,"M",0,0.25,1,"MED MED LOW",NA
1,5,124.071715184559,2,2,2.49997038972621,"M",0,0.25,1,"MED MED LOW",NA
1,6,144.393618030336,3,3,3.49991265597103,"M",0,0.25,1,"MED MED LOW",NA
1,7,127.19005605536,2,2,2.50037303950003,"M",0,0.25,1,"MED MED LOW",NA
1,8,63.7404787730671,0,0,0.499671687302411,"M",0,0.25,1,"MED MED LOW",NA
1,9,97.2450209134095,1,1,1.49787305330168,"M",0,0.25,1,"MED MED LOW",NA
1,10,130.781827856696,2,2,2.49986213747905,"M",0,0.25,1,"MED MED LOW",NA
1,11,61.7652484398555,0,0,0.500305158441161,"M",0,0.25,1,"MED MED LOW",NA
1,12,100.119034364299,1,1,1.4994497126411,"M",0,0.25,1,"MED MED LOW",NA
2,1,203.416752603783,7,6,6.49924744712807,"M",0,0.25,1,"MED MED LOW",NA
2,2,138.068377573405,5,4,4.50117648008025,"M",0,0.25,1,"MED MED LOW",NA
2,3,119.102426164783,3,2,2.50043904731223,"M",0,0.25,1,"MED MED LOW",NA
2,4,192.601638856838,11,10,10.5000164295934,"M",0,0.25,1,"MED MED LOW",NA
2,5,138.283671726799,3,2,2.49934126879011,"M",0,0.25,1,"MED MED LOW",NA
2,6,126.987328928977,3,2,2.49918037724675,"M",0,0.25,1,"MED MED LOW",NA
2,7,65.2010858107817,1,0,0.501095904936291,"M",0,0.25,1,"MED MED LOW",NA
2,8,199.765122991039,6,5,5.50026444054972,"M",0,0.25,1,"MED MED LOW",NA
2,9,146.130896347663,4,3,3.50088674908647,"M",0,0.25,1,"MED MED LOW",NA
2,10,62.7677434664017,1,0,0.500278622514096,"M",0,0.25,1,"MED MED LOW",NA
2,11,123.849105825692,3,2,2.50090196519333,"M",0,0.25,1,"MED MED LOW",NA
2,12,102.173423335716,2,1,1.49812126029569,"M",0,0.25,1,"MED MED LOW",NA
2,13,62.1808491288985,1,0,0.499382007708744,"M",0,0.25,1,"MED MED LOW",NA
2,14,220.244723796394,10,9,9.50069947538868,"M",0,0.25,1,"MED MED LOW",NA
3,1,63.4737186789341,2,0,0.49963336620482,"M",0,0.25,1,"MED MED LOW",NA
3,2,224.02557889989,13,11,11.4996428809017,"M",0,0.25,1,"MED MED LOW",NA
3,3,189.57613526745,7,5,5.49941480845266,"M",0,0.25,1,"MED MED LOW",NA
3,4,192.268140575537,15,13,13.5000471816374,"M",0,0.25,1,"MED MED LOW",NA
3,5,196.133324203688,11,9,9.50028880248465,"M",0,0.25,1,"MED MED LOW",NA
3,6,231.163277579651,15,13,13.50078429467,"M",0,0.25,1,"MED MED LOW",NA
3,7,101.047419759518,3,1,1.49854861267704,"M",0,0.25,1,"MED MED LOW",NA
3,8,60.8374418359987,2,0,0.499644266000402,"M",0,0.25,1,"MED MED LOW",NA
3,9,178.442985882947,11,9,9.49935599803819,"M",0,0.25,1,"MED MED LOW",NA
3,10,131.323234237779,4,2,2.49960747370696,"M",0,0.25,1,"MED MED LOW",NA
3,11,132.343815690404,4,2,2.50030267846584,"M",0,0.25,1,"MED MED LOW",NA
3,12,149.246466642536,5,3,3.49878244626381,"M",0,0.25,1,"MED MED LOW",NA
3,13,62.7852693159393,2,0,0.499525437643544,"M",0,0.25,1,"MED MED LOW",NA
4,1,61.7959884399289,3,0,0.498582457880994,"M",0,0.25,1,"MED MED LOW",NA
4,2,64.8395718544851,3,0,0.497998225062846,"M",0,0.25,1,"MED MED LOW",NA
4,3,151.720014063445,6,3,3.50134470413904,"M",0,0.25,1,"MED MED LOW",NA
4,4,152.612605441166,6,3,3.49987804989923,"M",0,0.25,1,"MED MED LOW",NA
4,5,139.385150963289,6,3,3.50031061414323,"M",0,0.25,1,"MED MED LOW",NA
4,6,191.206713455928,13,10,10.5005609137544,"M",0,0.25,1,"MED MED LOW",NA
4,7,127.268815997528,5,2,2.50107791319344,"M",0,0.25,1,"MED MED LOW",NA
4,8,58.7491569199951,3,0,0.499973211725698,"M",0,0.25,1,"MED MED LOW",NA
4,9,223.379506903919,16,13,13.5005573951035,"M",0,0.25,1,"MED MED LOW",NA
4,10,169.991333085426,7,4,4.50001163602069,"M",0,0.25,1,"MED MED LOW",NA
4,11,158.375451717002,6,3,3.49940587329837,"M",0,0.25,1,"MED MED LOW",NA
4,12,63.1546076667873,3,0,0.49994026852681,"M",0,0.25,1,"MED MED LOW",NA
4,13,63.9954246202212,3,0,0.501120340398975,"M",0,0.25,1,"MED MED LOW",NA
5,1,223.269431964778,14,10,10.500597679047,"M",0,0.25,1,"MED MED LOW",NA
5,2,168.739374674936,12,8,8.49992016715169,"M",0,0.25,1,"MED MED LOW",NA
5,3,60.7622267536575,4,0,0.500244092860501,"M",0,0.25,1,"MED MED LOW",NA
5,4,96.6724765101163,5,1,1.49905993731269,"M",0,0.25,1,"MED MED LOW",NA
5,5,167.31415877774,8,4,4.50002185080991,"M",0,0.25,1,"MED MED LOW",NA
5,6,183.308297305215,9,5,5.503048017215,"M",0,0.25,1,"MED MED LOW",NA
5,7,102.041984963655,5,1,1.5014134139644,"M",0,0.25,1,"MED MED LOW",NA
5,8,97.6512443671329,5,1,1.49866209772133,"M",0,0.25,1,"MED MED LOW",NA
5,9,164.916943297259,8,4,4.50071547218834,"M",0,0.25,1,"MED MED LOW",NA
5,10,172.959829111845,8,4,4.49929888051909,"M",0,0.25,1,"MED MED LOW",NA
5,11,238.790550461833,16,12,12.5006505110818,"M",0,0.25,1,"MED MED LOW",NA
5,12,99.752075446862,5,1,1.501242966995,"M",0,0.25,1,"MED MED LOW",NA
5,13,62.462245244123,4,0,0.501002868159643,"M",0,0.25,1,"MED MED LOW",NA
6,1,59.8976404865587,5,0,0.498988478933701,"M",0,0.25,1,"MED MED LOW",NA
6,2,62.3832606964363,5,0,0.50062571414946,"M",0,0.25,1,"MED MED LOW",NA
6,3,62.6530533191708,5,0,0.499818847901897,"M",0,0.25,1,"MED MED LOW",NA
6,4,129.668957725539,7,2,2.49884903571064,"M",0,0.25,1,"MED MED LOW",NA
6,5,137.537365680911,8,3,3.49974854082967,"M",0,0.25,1,"MED MED LOW",NA
6,6,168.132338616631,9,4,4.5005256509253,"M",0,0.25,1,"MED MED LOW",NA
6,7,64.308011111387,5,0,0.499098879556534,"M",0,0.25,1,"MED MED LOW",NA
6,8,103.428959089792,6,1,1.50002440903293,"M",0,0.25,1,"MED MED LOW",NA
6,9,154.107258684639,8,3,3.50082094687136,"M",0,0.25,1,"MED MED LOW",NA
6,10,128.585805255069,7,2,2.49853939314768,"M",0,0.25,1,"MED MED LOW",NA
6,11,192.710570032348,11,6,6.49973953343902,"M",0,0.25,1,"MED MED LOW",NA
6,12,125.8497768062,7,2,2.50144956939476,"M",0,0.25,1,"MED MED LOW",NA
7,1,102.740004195952,7,1,1.49932377565372,"M",0,0.25,1,"MED MED LOW",NA
7,2,188.814487295771,13,7,7.50008526296828,"M",0,0.25,1,"MED MED LOW",NA
7,3,135.232295511022,9,3,3.49933159782213,"M",0,0.25,1,"MED MED LOW",NA
7,4,62.4690214493877,6,0,0.501131238432409,"M",0,0.25,1,"MED MED LOW",NA
7,5,96.6523880446111,7,1,1.50050907685479,"M",0,0.25,1,"MED MED LOW",NA
7,6,134.892008338218,8,2,2.49960315619472,"M",0,0.25,1,"MED MED LOW",NA
7,7,217.313556595372,17,11,11.5006697746287,"M",0,0.25,1,"MED MED LOW",NA
7,8,150.254317481155,9,3,3.50211058790115,"M",0,0.25,1,"MED MED LOW",NA
7,9,98.2288516239038,7,1,1.50041495038619,"M",0,0.25,1,"MED MED LOW",NA
7,10,130.405834296652,8,2,2.50074524788127,"M",0,0.25,1,"MED MED LOW",NA
7,11,62.6376056503219,6,0,0.499666689982836,"M",0,0.25,1,"MED MED LOW",NA
7,12,96.7989410892574,7,1,1.49995409813611,"M",0,0.25,1,"MED MED LOW",NA
7,13,125.25566075074,8,2,2.49890707213818,"M",0,0.25,1,"MED MED LOW",NA
7,14,123.338101889268,8,2,2.50099649212982,"M",0,0.25,1,"MED MED LOW",NA
8,1,182.051877880042,13,6,6.49878562042976,"M",0,0.25,1,"MED MED LOW",NA
8,2,235.380518250227,20,13,13.499300993343,"M",0,0.25,1,"MED MED LOW",NA
8,3,124.383003122339,9,2,2.50038813578312,"M",0,0.25,1,"MED MED LOW",NA
8,4,134.992962862924,9,2,2.50107658835657,"M",0,0.25,1,"MED MED LOW",NA
8,5,140.928998340603,10,3,3.4996018471473,"M",0,0.25,1,"MED MED LOW",NA
8,6,201.699299135638,17,10,10.4994615109016,"M",0,0.25,1,"MED MED LOW",NA
8,7,140.381568506021,10,3,3.50029621805811,"M",0,0.25,1,"MED MED LOW",NA
8,8,103.640132100902,8,1,1.50135654190165,"M",0,0.25,1,"MED MED LOW",NA
8,9,92.9364631642379,8,1,1.50010040191916,"M",0,0.25,1,"MED MED LOW",NA
8,10,180.138058362771,13,6,6.50016445907718,"M",0,0.25,1,"MED MED LOW",NA
9,1,214.881081300794,17,9,9.49997142889569,"M",0,0.25,1,"MED MED LOW",NA
9,2,114.57949669909,10,2,2.49999915986388,"M",0,0.25,1,"MED MED LOW",NA
9,3,118.589205180925,10,2,2.50348270792338,"M",0,0.25,1,"MED MED LOW",NA
9,4,185.16800035383,16,8,8.50094600231775,"M",0,0.25,1,"MED MED LOW",NA
9,5,201.630424916787,16,8,8.49999361069282,"M",0,0.25,1,"MED MED LOW",NA
9,6,136.700594324427,11,3,3.50110391729111,"M",0,0.25,1,"MED MED LOW",NA
9,7,195.27454213812,14,6,6.50136551511052,"M",0,0.25,1,"MED MED LOW",NA
9,8,199.29717769583,15,7,7.500612158961,"M",0,0.25,1,"MED MED LOW",NA
9,9,104.272269823068,9,1,1.50036941865219,"M",0,0.25,1,"MED MED LOW",NA
9,10,227.990549438514,17,9,9.498350640167,"M",0,0.25,1,"MED MED LOW",NA
9,11,65.2372978889514,8,0,0.499348694145455,"M",0,0.25,1,"MED MED LOW",NA
9,12,129.481704539855,11,3,3.49852737414125,"M",0,0.25,1,"MED MED LOW",NA
10,1,195.196272439807,15,6,6.50140312692444,"M",0,0.25,1,"MED MED LOW",NA
10,2,98.1647070659789,10,1,1.50040691155316,"M",0,0.25,1,"MED MED LOW",NA
10,3,132.846292070925,12,3,3.49921655667757,"M",0,0.25,1,"MED MED LOW",NA
10,4,65.054583394532,9,0,0.499758966578924,"M",0,0.25,1,"MED MED LOW",NA
10,5,63.5253938324928,9,0,0.501922049572014,"M",0,0.25,1,"MED MED LOW",NA
10,6,214.242134324779,18,9,9.49938250675825,"M",0,0.25,1,"MED MED LOW",NA
10,7,130.731101511788,11,2,2.50084443549563,"M",0,0.25,1,"MED MED LOW",NA
10,8,196.022075039163,18,9,9.50142880376817,"M",0,0.25,1,"MED MED LOW",NA
10,9,62.7805404089072,9,0,0.499188002723623,"M",0,0.25,1,"MED MED LOW",NA
10,10,121.761186910074,11,2,2.49735193411233,"M",0,0.25,1,"MED MED LOW",NA
10,11,107.290244198345,10,1,1.49878445082678,"M",0,0.25,1,"MED MED LOW",NA
11,1,176.820106567611,15,5,5.49893481904595,"M",0,0.25,1,"MED MED LOW",NA
11,2,181.107294200887,17,7,7.50265139020928,"M",0,0.25,1,"MED MED LOW",NA
11,3,93.133941666595,11,1,1.50095963988107,"M",0,0.25,1,"MED MED LOW",NA
11,4,99.7712687691794,11,1,1.49959688574373,"M",0,0.25,1,"MED MED LOW",NA
11,5,123.058766623876,12,2,2.49793931518005,"M",0,0.25,1,"MED MED LOW",NA
11,6,62.1981483574226,10,0,0.499242006653303,"M",0,0.25,1,"MED MED LOW",NA
11,7,62.8379614508584,10,0,0.500600144931977,"M",0,0.25,1,"MED MED LOW",NA
11,8,153.556898381373,14,4,4.50125940730416,"M",0,0.25,1,"MED MED LOW",NA
11,9,60.4002816236467,10,0,0.500186192503471,"M",0,0.25,1,"MED MED LOW",NA
11,10,128.810448985708,12,2,2.49970993402684,"M",0,0.25,1,"MED MED LOW",NA
11,11,146.783644543589,13,3,3.49941227137736,"M",0,0.25,1,"MED MED LOW",NA
11,12,197.836130651683,19,9,9.49978094636056,"M",0,0.25,1,"MED MED LOW",NA
11,13,98.109661647249,11,1,1.50028685993951,"M",0,0.25,1,"MED MED LOW",NA
12,1,145.828658342291,14,3,3.49907368422807,"M",0,0.25,1,"MED MED LOW",NA
12,2,170.028926379961,16,5,5.49949141895914,"M",0,0.25,1,"MED MED LOW",NA
12,3,164.982354417027,15,4,4.49818717640933,"M",0,0.25,1,"MED MED LOW",NA
12,4,125.917472623464,13,2,2.49819830985792,"M",0,0.25,1,"MED MED LOW",NA
12,5,64.4375767123963,11,0,0.501459015725983,"M",0,0.25,1,"MED MED LOW",NA
12,6,62.2726380056272,11,0,0.50060051658416,"M",0,0.25,1,"MED MED LOW",NA
12,7,123.374760298491,13,2,2.49872765016916,"M",0,0.25,1,"MED MED LOW",NA
12,8,126.681826086014,13,2,2.49845145841517,"M",0,0.25,1,"MED MED LOW",NA
12,9,103.458640505549,12,1,1.49871528289108,"M",0,0.25,1,"MED MED LOW",NA
12,10,127.297015241844,13,2,2.50031405499035,"M",0,0.25,1,"MED MED LOW",NA
12,11,126.745844716211,13,2,2.50090770417333,"M",0,0.25,1,"MED MED LOW",NA
12,12,62.5551243739195,11,0,0.498524024255541,"M",0,0.25,1,"MED MED LOW",NA
13,1,59.6322215733809,12,0,0.498170939563047,"M",0,0.25,1,"MED MED LOW",NA
13,2,99.7427297617458,13,1,1.50012265123224,"M",0,0.25,1,"MED MED LOW",NA
13,3,123.813259770662,14,2,2.49915517505766,"M",0,0.25,1,"MED MED LOW",NA
13,4,132.37772247647,14,2,2.50130687841245,"M",0,0.25,1,"MED MED LOW",NA
13,5,92.8737993729814,13,1,1.49936175074265,"M",0,0.25,1,"MED MED LOW",NA
13,6,153.017979114544,16,4,4.49959517436845,"M",0,0.25,1,"MED MED LOW",NA
13,7,185.920030198196,17,5,5.49897221855967,"M",0,0.25,1,"MED MED LOW",NA
13,8,62.4621425735766,12,0,0.499664540452892,"M",0,0.25,1,"MED MED LOW",NA
13,9,210.420279634011,18,6,6.50003609170371,"M",0,0.25,1,"MED MED LOW",NA
13,10,188.264034570913,18,6,6.50045482913685,"M",0,0.25,1,"MED MED LOW",NA
13,11,97.781699744972,13,1,1.49978196908129,"M",0,0.25,1,"MED MED LOW",NA
14,1,61.1617352200722,13,0,0.499046630883359,"M",0,0.25,1,"MED MED LOW",NA
14,2,183.267922321832,20,7,7.49756778253202,"M",0,0.25,1,"MED MED LOW",NA
14,3,122.546724974296,15,2,2.49942425467356,"M",0,0.25,1,"MED MED LOW",NA
14,4,124.533583537427,15,2,2.50049744590217,"M",0,0.25,1,"MED MED LOW",NA
14,5,64.9345148114106,13,0,0.500834712465688,"M",0,0.25,1,"MED MED LOW",NA
14,6,144.736964884201,16,3,3.50141716969175,"M",0,0.25,1,"MED MED LOW",NA
14,7,126.98529401851,16,3,3.50239818780208,"M",0,0.25,1,"MED MED LOW",NA
14,8,61.6027713835236,13,0,0.499990598946171,"M",0,0.25,1,"MED MED LOW",NA
14,9,102.916881132026,14,1,1.50242859832198,"M",0,0.25,1,"MED MED LOW",NA
14,10,63.8592157645643,13,0,0.499242676709208,"M",0,0.25,1,"MED MED LOW",NA
14,11,207.091273347172,20,7,7.50050252960382,"M",0,0.25,1,"MED MED LOW",NA
14,12,213.19082262068,20,7,7.50241214537137,"M",0,0.25,1,"MED MED LOW",NA
15,1,64.0174970402505,14,0,0.500442265664663,"M",0,0.25,1,"MED MED LOW",NA
15,2,125.492208512959,16,2,2.49859133444767,"M",0,0.25,1,"MED MED LOW",NA
15,3,127.978184921916,16,2,2.49796725076303,"M",0,0.25,1,"MED MED LOW",NA
15,4,125.471390221336,16,2,2.50118510840257,"M",0,0.25,1,"MED MED LOW",NA
15,5,162.742059010039,17,3,3.49934061567552,"M",0,0.25,1,"MED MED LOW",NA
15,6,221.664218556464,22,8,8.49827790187222,"M",0,0.25,1,"MED MED LOW",NA
15,7,180.63471630781,20,6,6.49943989965212,"M",0,0.25,1,"MED MED LOW",NA
15,8,196.142538891511,22,8,8.49921307198731,"M",0,0.25,1,"MED MED LOW",NA
15,9,194.880471724674,18,4,4.50094252434011,"M",0,0.25,1,"MED MED LOW",NA
15,10,61.9547978789506,14,0,0.501850811006391,"M",0,0.25,1,"MED MED LOW",NA
15,11,119.022508222315,16,2,2.49902507216213,"M",0,0.25,1,"MED MED LOW",NA
16,1,93.5894181015349,16,1,1.500657611624,"M",0,0.25,1,"MED MED LOW",NA
16,2,153.485629935897,19,4,4.49914787882008,"M",0,0.25,1,"MED MED LOW",NA
16,3,155.870310821197,19,4,4.50096659761862,"M",0,0.25,1,"MED MED LOW",NA
16,4,167.980626524868,18,3,3.49975130135157,"M",0,0.25,1,"MED MED LOW",NA
16,5,102.502208489394,16,1,1.50082457757035,"M",0,0.25,1,"MED MED LOW",NA
16,6,159.188033474724,19,4,4.50137755477774,"M",0,0.25,1,"MED MED LOW",NA
16,7,142.480943900792,17,2,2.49990985923402,"M",0,0.25,1,"MED MED LOW",NA
16,8,63.6622478465844,15,0,0.498962429587346,"M",0,0.25,1,"MED MED LOW",NA
16,9,167.470990773175,20,5,5.50040960256722,"M",0,0.25,1,"MED MED LOW",NA
16,10,152.295711099071,20,5,5.50054860446332,"M",0,0.25,1,"MED MED LOW",NA
16,11,62.3783766844401,15,0,0.499716240355977,"M",0,0.25,1,"MED MED LOW",NA
16,12,125.52600413325,17,2,2.5010957998992,"M",0,0.25,1,"MED MED LOW",NA
16,13,126.428198386676,17,2,2.4993624150953,"M",0,0.25,1,"MED MED LOW",NA
16,14,62.2795141562237,15,0,0.501763552848101,"M",0,0.25,1,"MED MED LOW",NA
16,15,162.639597328001,18,3,3.50015674311222,"M",0,0.25,1,"MED MED LOW",NA
17,1,190.991797215047,26,10,10.5012933238945,"M",0,0.25,1,"MED MED LOW",NA
17,2,94.4608795842141,17,1,1.49910749606128,"M",0,0.25,1,"MED MED LOW",NA
17,3,64.7182401992141,16,0,0.499376550958187,"M",0,0.25,1,"MED MED LOW",NA
17,4,102.075658201703,17,1,1.49933547122466,"M",0,0.25,1,"MED MED LOW",NA
17,5,172.832230384454,24,8,8.49928051518103,"M",0,0.25,1,"MED MED LOW",NA
17,6,61.4648362398827,16,0,0.499489247529807,"M",0,0.25,1,"MED MED LOW",NA
17,7,211.154999486473,24,8,8.50100361991874,"M",0,0.25,1,"MED MED LOW",NA
17,8,65.3510230296776,16,0,0.501877107726175,"M",0,0.25,1,"MED MED LOW",NA
17,9,96.6751213197771,17,1,1.50081184359838,"M",0,0.25,1,"MED MED LOW",NA
17,10,172.716563830119,22,6,6.50180250301853,"M",0,0.25,1,"MED MED LOW",NA
17,11,60.9186447571471,16,0,0.499857809674238,"M",0,0.25,1,"MED MED LOW",NA
17,12,219.20960218567,23,7,7.50119982510438,"M",0,0.25,1,"MED MED LOW",NA
17,13,63.5017734396889,16,0,0.499066623214884,"M",0,0.25,1,"MED MED LOW",NA
17,14,161.0428803777,20,4,4.50043177407147,"M",0,0.25,1,"MED MED LOW",NA
18,1,159.355978286622,20,3,3.4976391609384,"M",0,0.25,1,"MED MED LOW",NA
18,2,97.9635957876691,18,1,1.4997357490356,"M",0,0.25,1,"MED MED LOW",NA
18,3,63.1893038328736,17,0,0.498893398172952,"M",0,0.25,1,"MED MED LOW",NA
18,4,63.6211454536037,17,0,0.500510526493434,"M",0,0.25,1,"MED MED LOW",NA
18,5,65.8329515205095,17,0,0.502342291870817,"M",0,0.25,1,"MED MED LOW",NA
18,6,212.828163634741,25,8,8.49842359426458,"M",0,0.25,1,"MED MED LOW",NA
18,7,59.8941604213596,17,0,0.498909467609428,"M",0,0.25,1,"MED MED LOW",NA
18,8,62.0169756473391,17,0,0.499957447662798,"M",0,0.25,1,"MED MED LOW",NA
18,9,148.533681594062,21,4,4.49829640598233,"M",0,0.25,1,"MED MED LOW",NA
18,10,132.045942821878,19,2,2.49984578525532,"M",0,0.25,1,"MED MED LOW",NA
18,11,234.040301252523,29,12,12.5009062723267,"M",0,0.25,1,"MED MED LOW",NA
18,12,121.735824332089,19,2,2.50128462699812,"M",0,0.25,1,"MED MED LOW",NA
19,1,61.7825672530856,18,0,0.49801086587657,"M",0,0.25,1,"MED MED LOW",NA
19,2,205.767177119474,28,10,10.5000143564338,"M",0,0.25,1,"MED MED LOW",NA
19,3,64.2708828806381,18,0,0.499030500933878,"M",0,0.25,1,"MED MED LOW",NA
19,4,141.216116992561,20,2,2.49893762925094,"M",0,0.25,1,"MED MED LOW",NA
19,5,62.7602685066603,18,0,0.500161548749718,"M",0,0.25,1,"MED MED LOW",NA
19,6,163.569788473371,22,4,4.5000364778692,"M",0,0.25,1,"MED MED LOW",NA
19,7,119.815557751627,20,2,2.499968442917,"M",0,0.25,1,"MED MED LOW",NA
19,8,149.106151091326,21,3,3.49935720822797,"M",0,0.25,1,"MED MED LOW",NA
19,9,203.221552969893,25,7,7.50064962377391,"M",0,0.25,1,"MED MED LOW",NA
19,10,60.8571702983654,18,0,0.498722487751508,"M",0,0.25,1,"MED MED LOW",NA
19,11,193.534455302432,23,5,5.50113707904689,"M",0,0.25,1,"MED MED LOW",NA
20,1,149.059008194965,22,3,3.49973629384619,"M",0,0.25,1,"MED MED LOW",NA
20,2,65.1457823654669,19,0,0.499446307569163,"M",0,0.25,1,"MED MED LOW",NA
20,3,192.255721565277,25,6,6.49828568797619,"M",0,0.25,1,"MED MED LOW",NA
20,4,94.7577628427822,20,1,1.49929774487102,"M",0,0.25,1,"MED MED LOW",NA
20,5,178.129584038876,24,5,5.50036442411242,"M",0,0.25,1,"MED MED LOW",NA
20,6,121.180688594217,21,2,2.49897068519599,"M",0,0.25,1,"MED MED LOW",NA
20,7,182.311242682156,26,7,7.50063329918108,"M",0,0.25,1,"MED MED LOW",NA
20,8,65.9748854446656,19,0,0.499456276170409,"M",0,0.25,1,"MED MED LOW",NA
20,9,97.0244525743376,20,1,1.49883921166435,"M",0,0.25,1,"MED MED LOW",NA
20,10,63.9614286595922,19,0,0.499574659858541,"M",0,0.25,1,"MED MED LOW",NA
20,11,156.694076279219,22,3,3.49869184234604,"M",0,0.25,1,"MED MED LOW",NA
20,12,210.169492118096,28,9,9.50094091043804,"M",0,0.25,1,"MED MED LOW",NA
20,13,196.339791535627,26,7,7.49934253078291,"M",0,0.25,1,"MED MED LOW",NA
20,14,127.344647019391,21,2,2.49804500215109,"M",0,0.25,1,"MED MED LOW",NA
21,1,64.8033452751688,20,0,0.501497984778919,"M",0,0.25,1,"MED MED LOW",NA
21,2,152.221421744445,23,3,3.4981164095521,"M",0,0.25,1,"MED MED LOW",NA
21,3,125.855318882673,22,2,2.49966800139467,"M",0,0.25,1,"MED MED LOW",NA
21,4,137.027784694518,22,2,2.49949350131657,"M",0,0.25,1,"MED MED LOW",NA
21,5,63.02502770698,20,0,0.500124059240526,"M",0,0.25,1,"MED MED LOW",NA
21,6,145.164098026333,24,4,4.49832480131982,"M",0,0.25,1,"MED MED LOW",NA
21,7,136.622400836206,22,2,2.50024768292745,"M",0,0.25,1,"MED MED LOW",NA
21,8,149.534436551817,23,3,3.50140046624363,"M",0,0.25,1,"MED MED LOW",NA
21,9,62.560658376527,20,0,0.50027279775604,"M",0,0.25,1,"MED MED LOW",NA
21,10,126.309249082459,22,2,2.50116008950318,"M",0,0.25,1,"MED MED LOW",NA
21,11,128.467786492338,22,2,2.49990577336406,"M",0,0.25,1,"MED MED LOW",NA
21,12,62.4456233108947,20,0,0.498905306509735,"M",0,0.25,1,"MED MED LOW",NA
21,13,65.1501777133162,20,0,0.498319844168222,"M",0,0.25,1,"MED MED LOW",NA
22,1,63.4965482960219,21,0,0.499973374912089,"M",0,0.25,1,"MED MED LOW",NA
22,2,170.235876836374,26,5,5.50018088766421,"M",0,0.25,1,"MED MED LOW",NA
22,3,62.9967182796226,21,0,0.499739304909352,"M",0,0.25,1,"MED MED LOW",NA
22,4,63.1888228245905,21,0,0.501187464644409,"M",0,0.25,1,"MED MED LOW",NA
22,5,196.092531253771,27,6,6.50172281339347,"M",0,0.25,1,"MED MED LOW",NA
22,6,126.05487682912,23,2,2.50154546119542,"M",0,0.25,1,"MED MED LOW",NA
22,7,243.102297268338,31,10,10.5011085269304,"M",0,0.25,1,"MED MED LOW",NA
22,8,62.1543777279412,21,0,0.499749622163393,"M",0,0.25,1,"MED MED LOW",NA
22,9,99.141017433005,22,1,1.49911456442574,"M",0,0.25,1,"MED MED LOW",NA
22,10,129.518606905564,23,2,2.49952585911299,"M",0,0.25,1,"MED MED LOW",NA
22,11,231.792250308125,34,13,13.49921259778,"M",0,0.25,1,"MED MED LOW",NA
22,12,64.9758503457995,21,0,0.49984986450481,"M",0,0.25,1,"MED MED LOW",NA
22,13,178.699998295204,25,4,4.49963854616473,"M",0,0.25,1,"MED MED LOW",NA
22,14,96.3550893520359,22,1,1.50066941718688,"M",0,0.25,1,"MED MED LOW",NA
23,1,192.731020934245,28,6,6.49993263440436,"M",0,0.25,1,"MED MED LOW",NA
23,2,138.872285456799,25,3,3.5001598528979,"M",0,0.25,1,"MED MED LOW",NA
23,3,160.923215959396,26,4,4.49974544333886,"M",0,0.25,1,"MED MED LOW",NA
23,4,98.2052833038248,23,1,1.50055760514575,"M",0,0.25,1,"MED MED LOW",NA
23,5,100.821662644714,23,1,1.50147587223671,"M",0,0.25,1,"MED MED LOW",NA
23,6,199.540560114735,28,6,6.50080467144073,"M",0,0.25,1,"MED MED LOW",NA
23,7,62.5487661361879,22,0,0.498557576213451,"M",0,0.25,1,"MED MED LOW",NA
23,8,174.187168544302,28,6,6.5009342647769,"M",0,0.25,1,"MED MED LOW",NA
23,9,93.0669924926032,23,1,1.49966954171034,"M",0,0.25,1,"MED MED LOW",NA
23,10,100.394998597759,23,1,1.50072702241817,"M",0,0.25,1,"MED MED LOW",NA
23,11,196.560839198921,27,5,5.49976422006423,"M",0,0.25,1,"MED MED LOW",NA
24,1,100.108726935806,24,1,1.49964631762754,"M",0,0.25,1,"MED MED LOW",NA
24,2,60.30227514724,23,0,0.499240390361491,"M",0,0.25,1,"MED MED LOW",NA
24,3,180.672998122682,30,7,7.49943277524006,"M",0,0.25,1,"MED MED LOW",NA
24,4,147.746325809393,26,3,3.50022030972851,"M",0,0.25,1,"MED MED LOW",NA
24,5,124.820251332419,25,2,2.50124229229926,"M",0,0.25,1,"MED MED LOW",NA
24,6,160.989725171321,27,4,4.4992967482889,"M",0,0.25,1,"MED MED LOW",NA
24,7,62.7818911071324,23,0,0.499549464548941,"M",0,0.25,1,"MED MED LOW",NA
24,8,198.843565424965,29,6,6.50121499940833,"M",0,0.25,1,"MED MED LOW",NA
24,9,157.646368165857,27,4,4.49937263807081,"M",0,0.25,1,"MED MED LOW",NA
24,10,128.086388421999,25,2,2.50065610340741,"M",0,0.25,1,"MED MED LOW",NA
24,11,97.3926341291239,24,1,1.50076683112989,"M",0,0.25,1,"MED MED LOW",NA
25,1,121.676811434191,26,2,2.50139461291884,"M",0,0.25,1,"MED MED LOW",NA
25,2,177.431454404674,31,7,7.50049677105233,"M",0,0.25,1,"MED MED LOW",NA
25,3,176.796511442971,29,5,5.50116406278231,"M",0,0.25,1,"MED MED LOW",NA
25,4,142.194926334805,27,3,3.50083483024618,"M",0,0.25,1,"MED MED LOW",NA
25,5,62.7638224042503,24,0,0.499872403253652,"M",0,0.25,1,"MED MED LOW",NA
25,6,115.35914981428,26,2,2.50084393191218,"M",0,0.25,1,"MED MED LOW",NA
25,7,184.832074735858,30,6,6.5017779906199,"M",0,0.25,1,"MED MED LOW",NA
25,8,104.046944900416,25,1,1.50014593776604,"M",0,0.25,1,"MED MED LOW",NA
25,9,162.272983141173,28,4,4.49978713492388,"M",0,0.25,1,"MED MED LOW",NA
25,10,117.208389583569,26,2,2.5010120669943,"M",0,0.25,1,"MED MED LOW",NA
25,11,66.4346837161207,24,0,0.500115924018625,"M",0,0.25,1,"MED MED LOW",NA
25,12,64.5509862819035,24,0,0.4971713931073,"M",0,0.25,1,"MED MED LOW",NA
25,13,98.9673715385186,25,1,1.50065021375199,"M",0,0.25,1,"MED MED LOW",NA
25,14,64.3108456851417,24,0,0.501484295209152,"M",0,0.25,1,"MED MED LOW",NA
26,1,138.830196947828,28,3,3.4998563822844,"M",0,0.25,1,"MED MED LOW",NA
26,2,186.631163943798,30,5,5.50107162255507,"M",0,0.25,1,"MED MED LOW",NA
26,3,64.2225315893984,25,0,0.499123824480763,"M",0,0.25,1,"MED MED LOW",NA
26,4,133.722916337507,27,2,2.50001544123144,"M",0,0.25,1,"MED MED LOW",NA
26,5,208.057099287874,34,9,9.50062170982441,"M",0,0.25,1,"MED MED LOW",NA
26,6,101.847664902404,26,1,1.50151822171637,"M",0,0.25,1,"MED MED LOW",NA
26,7,201.219200912717,35,10,10.5004347738769,"M",0,0.25,1,"MED MED LOW",NA
26,8,187.43564580043,32,7,7.50139841935076,"M",0,0.25,1,"MED MED LOW",NA
26,9,174.593594773544,30,5,5.50022108956205,"M",0,0.25,1,"MED MED LOW",NA
27,1,130.033104557018,28,2,2.50071506394941,"M",0,0.25,1,"MED MED LOW",NA
27,2,61.560827089334,26,0,0.499509237074285,"M",0,0.25,1,"MED MED LOW",NA
27,3,61.5857977698503,26,0,0.498608921587518,"M",0,0.25,1,"MED MED LOW",NA
27,4,62.7545466084569,26,0,0.500491486526167,"M",0,0.25,1,"MED MED LOW",NA
27,5,62.5872780191423,26,0,0.50022013398471,"M",0,0.25,1,"MED MED LOW",NA
27,6,130.227128621879,28,2,2.5006596407029,"M",0,0.25,1,"MED MED LOW",NA
27,7,100.58590508574,27,1,1.50025910351741,"M",0,0.25,1,"MED MED LOW",NA
27,8,96.4873756514553,27,1,1.49834882504485,"M",0,0.25,1,"MED MED LOW",NA
27,9,95.9327810941567,27,1,1.50061861753376,"M",0,0.25,1,"MED MED LOW",NA
27,10,190.606956145268,31,5,5.50009965755492,"M",0,0.25,1,"MED MED LOW",NA
27,11,183.513586562889,30,4,4.50037830437338,"M",0,0.25,1,"MED MED LOW",NA
28,1,146.239500544095,30,3,3.4999361548163,"M",0,0.25,1,"MED MED LOW",NA
28,2,64.5176292938493,27,0,0.499676646720629,"M",0,0.25,1,"MED MED LOW",NA
28,3,62.8503092124349,27,0,0.501944894369039,"M",0,0.25,1,"MED MED LOW",NA
28,4,177.478571241953,32,5,5.50082147876769,"M",0,0.25,1,"MED MED LOW",NA
28,5,151.11610437976,31,4,4.50185423498381,"M",0,0.25,1,"MED MED LOW",NA
28,6,64.6483199536651,27,0,0.498189934483193,"M",0,0.25,1,"MED MED LOW",NA
28,7,117.687993402528,29,2,2.49998389677252,"M",0,0.25,1,"MED MED LOW",NA
28,8,62.0372189689258,27,0,0.499531697730826,"M",0,0.25,1,"MED MED LOW",NA
28,9,122.026249519811,29,2,2.50045379135955,"M",0,0.25,1,"MED MED LOW",NA
28,10,124.671051454723,29,2,2.49885183981458,"M",0,0.25,1,"MED MED LOW",NA
28,11,93.4307662929848,28,1,1.4984804275946,"M",0,0.25,1,"MED MED LOW",NA
28,12,209.878624973033,33,6,6.50030623801232,"M",0,0.25,1,"MED MED LOW",NA
29,1,247.580806021379,38,10,10.499919725874,"M",0,0.25,1,"MED MED LOW",NA
29,2,196.300649427875,34,6,6.50063604927682,"M",0,0.25,1,"MED MED LOW",NA
29,3,115.136336653013,30,2,2.49949496910589,"M",0,0.25,1,"MED MED LOW",NA
29,4,60.3605526867543,28,0,0.499901132528305,"M",0,0.25,1,"MED MED LOW",NA
29,5,134.164797597699,30,2,2.50175189526263,"M",0,0.25,1,"MED MED LOW",NA
29,6,62.4024493400678,28,0,0.498739156194669,"M",0,0.25,1,"MED MED LOW",NA
29,7,101.276173591951,29,1,1.50066031531161,"M",0,0.25,1,"MED MED LOW",NA
29,8,136.487886302378,31,3,3.50059953167035,"M",0,0.25,1,"MED MED LOW",NA
29,9,160.921477014468,31,3,3.49969644674102,"M",0,0.25,1,"MED MED LOW",NA
29,10,159.583268258396,32,4,4.49974175940923,"M",0,0.25,1,"MED MED LOW",NA
30,1,192.445262808185,42,13,13.4998478630947,"M",0,0.25,1,"MED MED LOW",NA
30,2,102.533100510042,30,1,1.50176324239955,"M",0,0.25,1,"MED MED LOW",NA
30,3,199.524313562329,42,13,13.4999942796426,"M",0,0.25,1,"MED MED LOW",NA
30,4,190.319627688269,36,7,7.49925506190598,"M",0,0.25,1,"MED MED LOW",NA
30,5,100.187586099681,30,1,1.50050073312825,"M",0,0.25,1,"MED MED LOW",NA
30,6,96.9947436556202,30,1,1.50080408582666,"M",0,0.25,1,"MED MED LOW",NA
30,7,103.195681427106,30,1,1.49869965719203,"M",0,0.25,1,"MED MED LOW",NA
30,8,94.5393161792309,30,1,1.50111679901178,"M",0,0.25,1,"MED MED LOW",NA
30,9,198.108639847735,36,7,7.50113488346243,"M",0,0.25,1,"MED MED LOW",NA
30,10,155.678112471022,32,3,3.49731829410761,"M",0,0.25,1,"MED MED LOW",NA
30,11,139.405419110236,32,3,3.50054232956848,"M",0,0.25,1,"MED MED LOW",NA
31,1,63.7059381729585,30,0,0.499399390142318,"M",0,0.25,1,"MED MED LOW",NA
31,2,164.520067539407,37,7,7.50094348136368,"M",0,0.25,1,"MED MED LOW",NA
31,3,61.3564248652034,30,0,0.498395427460378,"M",0,0.25,1,"MED MED LOW",NA
31,4,162.142983696733,34,4,4.50153358135676,"M",0,0.25,1,"MED MED LOW",NA
31,5,179.495424250856,36,6,6.49897554445612,"M",0,0.25,1,"MED MED LOW",NA
31,6,130.012217093025,32,2,2.49997648328146,"M",0,0.25,1,"MED MED LOW",NA
31,7,96.981398094365,31,1,1.49978258764632,"M",0,0.25,1,"MED MED LOW",NA
31,8,63.3982915057294,30,0,0.498594781514632,"M",0,0.25,1,"MED MED LOW",NA
31,9,62.0726568151764,30,0,0.498660998794568,"M",0,0.25,1,"MED MED LOW",NA
31,10,97.7443335984718,31,1,1.49870705330566,"M",0,0.25,1,"MED MED LOW",NA
31,11,201.485099669023,36,6,6.50168503121581,"M",0,0.25,1,"MED MED LOW",NA
31,12,165.524990599174,34,4,4.49832679042095,"M",0,0.25,1,"MED MED LOW",NA
32,1,198.314198025955,36,5,5.50051021126968,"M",0,0.25,1,"MED MED LOW",NA
32,2,126.42177193604,33,2,2.50011442297656,"M",0,0.25,1,"MED MED LOW",NA
32,3,165.667470615804,35,4,4.50075069804584,"M",0,0.25,1,"MED MED LOW",NA
32,4,96.0664460944022,32,1,1.49998548031323,"M",0,0.25,1,"MED MED LOW",NA
32,5,190.522442814964,37,6,6.50352301665587,"M",0,0.25,1,"MED MED LOW",NA
32,6,117.740139600985,33,2,2.49893296954907,"M",0,0.25,1,"MED MED LOW",NA
32,7,105.852209501108,32,1,1.50131422581084,"M",0,0.25,1,"MED MED LOW",NA
32,8,157.683024513708,34,3,3.4999372193959,"M",0,0.25,1,"MED MED LOW",NA
32,9,205.157035176948,37,6,6.50011412234136,"M",0,0.25,1,"MED MED LOW",NA
32,10,96.4668519759077,32,1,1.50054181395981,"M",0,0.25,1,"MED MED LOW",NA
32,11,59.7098029651494,31,0,0.501180590395145,"M",0,0.25,1,"MED MED LOW",NA
32,12,208.456165594732,38,7,7.5004215048762,"M",0,0.25,1,"MED MED LOW",NA
32,13,95.3671487260388,32,1,1.4992226419161,"M",0,0.25,1,"MED MED LOW",NA
33,1,93.9563568579261,33,1,1.50110236418905,"M",0,0.25,1,"MED MED LOW",NA
33,2,176.335807052391,37,5,5.50006165392755,"M",0,0.25,1,"MED MED LOW",NA
33,3,137.492173728828,34,2,2.49997053136001,"M",0,0.25,1,"MED MED LOW",NA
33,4,120.229530587742,34,2,2.49999465921727,"M",0,0.25,1,"MED MED LOW",NA
33,5,117.815952192989,34,2,2.49983296290561,"M",0,0.25,1,"MED MED LOW",NA
33,6,177.400934817228,38,6,6.50292306234977,"M",0,0.25,1,"MED MED LOW",NA
33,7,99.7880981671998,33,1,1.49800242837986,"M",0,0.25,1,"MED MED LOW",NA
33,8,198.363863550395,39,7,7.49925334629951,"M",0,0.25,1,"MED MED LOW",NA
33,9,157.445951496692,36,4,4.50032493473363,"M",0,0.25,1,"MED MED LOW",NA
33,10,182.859955213479,40,8,8.50035860185985,"M",0,0.25,1,"MED MED LOW",NA
33,11,123.269465341646,34,2,2.49866121572489,"M",0,0.25,1,"MED MED LOW",NA
33,12,97.9041913537654,33,1,1.50055409197476,"M",0,0.25,1,"MED MED LOW",NA
34,1,62.8412055716861,33,0,0.499734893262331,"M",0,0.25,1,"MED MED LOW",NA
34,2,160.195396731347,36,3,3.49979854837806,"M",0,0.25,1,"MED MED LOW",NA
34,3,176.743271818221,39,6,6.49915523848939,"M",0,0.25,1,"MED MED LOW",NA
34,4,63.3592606056835,33,0,0.499402131118157,"M",0,0.25,1,"MED MED LOW",NA
34,5,168.035575345782,38,5,5.50150885205684,"M",0,0.25,1,"MED MED LOW",NA
34,6,167.772974321008,37,4,4.50018366312895,"M",0,0.25,1,"MED MED LOW",NA
34,7,182.253777194745,40,7,7.50078446769857,"M",0,0.25,1,"MED MED LOW",NA
34,8,62.0962613872054,33,0,0.499489705035453,"M",0,0.25,1,"MED MED LOW",NA
34,9,93.6715289503795,34,1,1.49887547194417,"M",0,0.25,1,"MED MED LOW",NA
34,10,241.039424306716,41,8,8.50069452424391,"M",0,0.25,1,"MED MED LOW",NA
34,11,91.1064030742394,34,1,1.50091772750344,"M",0,0.25,1,"MED MED LOW",NA
34,12,59.9926832550507,33,0,0.500025510686166,"M",0,0.25,1,"MED MED LOW",NA
34,13,176.029949265858,38,5,5.49960780395642,"M",0,0.25,1,"MED MED LOW",NA
35,1,102.82460218657,35,1,1.50184534056844,"M",0,0.25,1,"MED MED LOW",NA
35,2,221.297238602755,44,10,10.4999122655896,"M",0,0.25,1,"MED MED LOW",NA
35,3,149.650127898544,37,3,3.49910957404208,"M",0,0.25,1,"MED MED LOW",NA
35,4,179.587754900039,40,6,6.4999886890311,"M",0,0.25,1,"MED MED LOW",NA
35,5,204.316398047769,41,7,7.50000439321604,"M",0,0.25,1,"MED MED LOW",NA
35,6,59.7849873734053,34,0,0.497825334835003,"M",0,0.25,1,"MED MED LOW",NA
35,7,101.120481525952,35,1,1.49829688332176,"M",0,0.25,1,"MED MED LOW",NA
35,8,125.252761710597,36,2,2.49967023086178,"M",0,0.25,1,"MED MED LOW",NA
35,9,156.046723395011,38,4,4.49992278907112,"M",0,0.25,1,"MED MED LOW",NA
35,10,219.500864566786,40,6,6.49921462198035,"M",0,0.25,1,"MED MED LOW",NA
35,11,168.709658301365,38,4,4.49966698210765,"M",0,0.25,1,"MED MED LOW",NA
35,12,180.905982753013,40,6,6.50045982905879,"M",0,0.25,1,"MED MED LOW",NA
36,1,177.876859952008,40,5,5.50011988681367,"M",0,0.25,1,"MED MED LOW",NA
36,2,152.106060295017,38,3,3.50108115386447,"M",0,0.25,1,"MED MED LOW",NA
36,3,63.2591984393128,35,0,0.501995420489907,"M",0,0.25,1,"MED MED LOW",NA
36,4,201.507110178052,44,9,9.49822017476392,"M",0,0.25,1,"MED MED LOW",NA
36,5,65.3555160844789,35,0,0.499121954126243,"M",0,0.25,1,"MED MED LOW",NA
36,6,63.6807920450017,35,0,0.499163724457198,"M",0,0.25,1,"MED MED LOW",NA
36,7,258.405686574621,48,13,13.4991722106161,"M",0,0.25,1,"MED MED LOW",NA
36,8,151.091230238387,38,3,3.50042316769535,"M",0,0.25,1,"MED MED LOW",NA
36,9,99.3589561191359,36,1,1.49871530537793,"M",0,0.25,1,"MED MED LOW",NA
36,10,124.712541695755,37,2,2.49944329221527,"M",0,0.25,1,"MED MED LOW",NA
36,11,61.1216855917651,35,0,0.500123459707564,"M",0,0.25,1,"MED MED LOW",NA
36,12,63.7399343828499,35,0,0.500776426233015,"M",0,0.25,1,"MED MED LOW",NA
36,13,61.8527169499176,35,0,0.498174528205791,"M",0,0.25,1,"MED MED LOW",NA
37,1,134.202163576028,38,2,2.50055885318148,"M",0,0.25,1,"MED MED LOW",NA
37,2,123.526441178415,38,2,2.49889101741238,"M",0,0.25,1,"MED MED LOW",NA
37,3,100.729684480731,37,1,1.50097568913045,"M",0,0.25,1,"MED MED LOW",NA
37,4,100.565717893669,37,1,1.50036789625184,"M",0,0.25,1,"MED MED LOW",NA
37,5,140.015145033773,38,2,2.49904014733545,"M",0,0.25,1,"MED MED LOW",NA
37,6,164.922922865367,41,5,5.50024849277543,"M",0,0.25,1,"MED MED LOW",NA
37,7,142.921669512102,39,3,3.50031481035476,"M",0,0.25,1,"MED MED LOW",NA
37,8,166.287486844165,40,4,4.50063954424716,"M",0,0.25,1,"MED MED LOW",NA
37,9,212.061784775724,45,9,9.50045828822639,"M",0,0.25,1,"MED MED LOW",NA
37,10,94.4041804955121,37,1,1.49956769812621,"M",0,0.25,1,"MED MED LOW",NA
37,11,148.370359283235,39,3,3.5005300871663,"M",0,0.25,1,"MED MED LOW",NA
38,1,133.473128403761,39,2,2.50034001671227,"M",0,0.25,1,"MED MED LOW",NA
38,2,64.0587278300046,37,0,0.496994234175838,"M",0,0.25,1,"MED MED LOW",NA
38,3,145.840646483173,40,3,3.49955645795197,"M",0,0.25,1,"MED MED LOW",NA
38,4,175.729001606946,41,4,4.49912361528825,"M",0,0.25,1,"MED MED LOW",NA
38,5,206.334733603037,43,6,6.49996191928759,"M",0,0.25,1,"MED MED LOW",NA
38,6,178.760395951966,43,6,6.49945059766294,"M",0,0.25,1,"MED MED LOW",NA
38,7,187.448874329525,42,5,5.49907516180597,"M",0,0.25,1,"MED MED LOW",NA
38,8,123.139033877567,39,2,2.50058984263564,"M",0,0.25,1,"MED MED LOW",NA
38,9,63.9248787513512,37,0,0.500450817297257,"M",0,0.25,1,"MED MED LOW",NA
38,10,128.558883566217,39,2,2.50126100526436,"M",0,0.25,1,"MED MED LOW",NA
38,11,177.588238738379,47,10,10.4987800126184,"M",0,0.25,1,"MED MED LOW",NA
39,1,154.880314162797,42,4,4.5009488756,"M",0,0.25,1,"MED MED LOW",NA
39,2,157.395381402028,41,3,3.50034287228547,"M",0,0.25,1,"MED MED LOW",NA
39,3,96.1441397982732,39,1,1.50022383012438,"M",0,0.25,1,"MED MED LOW",NA
39,4,63.5528066694499,38,0,0.500464945768142,"M",0,0.25,1,"MED MED LOW",NA
39,5,100.102228664801,39,1,1.50020683143832,"M",0,0.25,1,"MED MED LOW",NA
39,6,97.1114842358535,39,1,1.50062742313718,"M",0,0.25,1,"MED MED LOW",NA
39,7,145.416873568401,41,3,3.49938086191756,"M",0,0.25,1,"MED MED LOW",NA
39,8,127.87991823336,40,2,2.50022871142506,"M",0,0.25,1,"MED MED LOW",NA
39,9,154.312785807843,41,3,3.49932870365676,"M",0,0.25,1,"MED MED LOW",NA
39,10,162.288140176991,41,3,3.50024799176305,"M",0,0.25,1,"MED MED LOW",NA
39,11,202.852126852973,46,8,8.4990601610836,"M",0,0.25,1,"MED MED LOW",NA
39,12,118.507965267151,40,2,2.49923574409769,"M",0,0.25,1,"MED MED LOW",NA
40,1,221.644493371612,52,13,13.5012563978761,"M",0.288444771501236,0.25,1,"MED MED LOW",NA
40,2,60.7905574441573,39,0,0.500228752738338,"M",0,0.25,1,"MED MED LOW",NA
40,3,127.377107080874,41,2,2.50090372786993,"M",0,0.25,1,"MED MED LOW",NA
40,4,94.9947015981047,40,1,1.49964716592774,"M",0,0.25,1,"MED MED LOW",NA
40,5,156.952923051696,43,4,4.50024888316976,"M",0,0.25,1,"MED MED LOW",NA
40,6,99.2158806041558,40,1,1.49886340596435,"M",0,0.25,1,"MED MED LOW",NA
40,7,242.815535236072,50,11,11.5012329344948,"M",0.262582895951346,0.25,1,"MED MED LOW",NA
40,8,63.8363312554592,39,0,0.500112263830863,"M",0,0.25,1,"MED MED LOW",NA
40,9,62.7785374880184,39,0,0.499191670165591,"M",0,0.25,1,"MED MED LOW",NA
40,10,62.352827888681,39,0,0.499080643028787,"M",0,0.25,1,"MED MED LOW",NA
40,11,121.449608867619,41,2,2.50078179897244,"M",0,0.25,1,"MED MED LOW",NA
41,1,103.697417316075,41,1,1.5021023944119,"M",0,0.25,1,"MED MED LOW",NA
41,2,203.492687375903,48,8,8.49916826906779,"M",0,0.25,1,"MED MED LOW",NA
41,3,184.254984345962,51,11,11.4993080278416,"FISHED",0.253853866574354,0.25,1,"MED MED LOW",NA
41,4,179.072595466747,50,10,10.500051611373,"M",0.262582895951346,0.25,1,"MED MED LOW",NA
41,5,154.021811161008,43,3,3.49817903697829,"M",0,0.25,1,"MED MED LOW",NA
41,6,150.870839299256,43,3,3.49855771425223,"M",0,0.25,1,"MED MED LOW",NA
41,7,245.750395585388,52,12,12.5008489138058,"M",0.288444771501236,0.25,1,"MED MED LOW",NA
41,8,126.616507219631,42,2,2.4986585485756,"M",0,0.25,1,"MED MED LOW",NA
41,9,93.7737289333464,41,1,1.49922661009239,"M",0,0.25,1,"MED MED LOW",NA
41,10,126.778298080411,42,2,2.5007150656986,"M",0,0.25,1,"MED MED LOW",NA
41,11,61.0931470868297,40,0,0.501433876967189,"M",0,0.25,1,"MED MED LOW",NA
42,1,204.310159880263,50,9,9.50169244968387,"M",0.262582895951346,0.25,1,"MED MED LOW",NA
42,2,123.512205927354,43,2,2.50149913475335,"M",0,0.25,1,"MED MED LOW",NA
42,3,198.464088731922,50,9,9.50030101889034,"FISHED",0.262582895951346,0.25,1,"MED MED LOW",NA
42,4,159.989771909168,44,3,3.50092963023261,"M",0,0.25,1,"MED MED LOW",NA
42,5,99.3078105615562,42,1,1.5004804261452,"M",0,0.25,1,"MED MED LOW",NA
42,6,95.9704759712776,42,1,1.50124722045617,"M",0,0.25,1,"MED MED LOW",NA
42,7,97.3823969350194,42,1,1.4991882241026,"M",0,0.25,1,"MED MED LOW",NA
42,8,150.164265777211,44,3,3.50050213259286,"M",0,0.25,1,"MED MED LOW",NA
42,9,185.9498200947,47,6,6.49868398888841,"M",0,0.25,1,"MED MED LOW",NA
42,10,169.083110917621,46,5,5.5003210446379,"M",0,0.25,1,"MED MED LOW",NA
42,11,61.9942537186961,41,0,0.500033364460446,"M",0,0.25,1,"MED MED LOW",NA
42,12,155.739287135395,44,3,3.49882120145928,"M",0,0.25,1,"MED MED LOW",NA
43,1,107.045227205749,43,1,1.49781459365314,"M",0,0.25,1,"MED MED LOW",NA
43,2,64.7481192116975,42,0,0.499897699034163,"M",0,0.25,1,"MED MED LOW",NA
43,3,127.859446752983,44,2,2.49990734149018,"M",0,0.25,1,"MED MED LOW",NA
43,4,60.7809772325328,42,0,0.499213140465054,"M",0,0.25,1,"MED MED LOW",NA
43,5,156.73749146167,45,3,3.49857136179216,"M",0,0.25,1,"MED MED LOW",NA
43,6,236.327790093725,53,11,11.4994867233682,"FISHED",0.260730033437721,0.25,1,"MED MED LOW",NA
43,7,125.974301808438,44,2,2.50045131989367,"M",0,0.25,1,"MED MED LOW",NA
43,8,165.904663396528,47,5,5.50110568504802,"M",0,0.25,1,"MED MED LOW",NA
43,9,62.2510984364769,42,0,0.498947335946897,"M",0,0.25,1,"MED MED LOW",NA
43,10,61.0063757512417,42,0,0.500183066462352,"M",0,0.25,1,"MED MED LOW",NA
43,11,148.84711813094,45,3,3.50042916804763,"M",0,0.25,1,"MED MED LOW",NA
43,12,91.5333619160651,43,1,1.5012844947002,"M",0,0.25,1,"MED MED LOW",NA
43,13,171.777005332993,46,4,4.49922686050343,"M",0,0.25,1,"MED MED LOW",NA
44,1,94.2952090657064,44,1,1.49964213019768,"M",0,0.25,1,"MED MED LOW",NA
44,2,170.222720429057,48,5,5.50087330472856,"M",0,0.25,1,"MED MED LOW",NA
44,3,167.082740825206,47,4,4.49859428298236,"M",0,0.25,1,"MED MED LOW",NA
44,4,120.996278510613,45,2,2.49867216446071,"M",0,0.25,1,"MED MED LOW",NA
44,5,93.4037936691031,44,1,1.50240619087618,"M",0,0.25,1,"MED MED LOW",NA
44,6,173.591523218359,48,5,5.49900476620983,"M",0,0.25,1,"MED MED LOW",NA
44,7,177.65362974648,50,7,7.49927927155885,"M",0.262582895951346,0.25,1,"MED MED LOW",NA
44,8,237.710103661967,56,13,13.5001489697095,"M",0.218620158266276,0.25,1,"MED MED LOW",NA
44,9,199.57890720418,54,11,11.5006167120739,"M",0.284713738411665,0.25,1,"MED MED LOW",NA
44,10,64.7975006243576,43,0,0.499762157738864,"M",0,0.25,1,"MED MED LOW",NA
44,11,129.25262717169,45,2,2.50022684014209,"M",0,0.25,1,"MED MED LOW",NA
44,12,131.644785002957,45,2,2.49867297051848,"M",0,0.25,1,"MED MED LOW",NA
45,1,92.1799557006899,45,1,1.50068575143994,"M",0,0.25,1,"MED MED LOW",NA
45,2,160.356363021696,48,4,4.49956774886108,"M",0,0.25,1,"MED MED LOW",NA
45,3,198.757512040432,50,6,6.50114866248881,"FISHED",0.262582895951346,0.25,1,"MED MED LOW",NA
45,4,124.743820259074,46,2,2.50122702423549,"M",0,0.25,1,"MED MED LOW",NA
45,5,197.680862041456,50,6,6.49993986070864,"M",0.262582895951346,0.25,1,"MED MED LOW",NA
45,6,170.303307786393,49,5,5.50217190336498,"M",0,0.25,1,"MED MED LOW",NA
45,7,64.4199542095531,44,0,0.499797088556359,"M",0,0.25,1,"MED MED LOW",NA
45,8,122.425216555546,46,2,2.50222592306044,"M",0,0.25,1,"MED MED LOW",NA
45,9,130.697885707324,46,2,2.49917279321787,"M",0,0.25,1,"MED MED LOW",NA
45,10,146.987428367784,47,3,3.4998067890801,"M",0,0.25,1,"MED MED LOW",NA
46,1,103.108316564639,46,1,1.50124040794609,"M",0,0.25,1,"MED MED LOW",NA
46,2,177.707843702969,51,6,6.49998139719285,"FISHED",0.253853866574354,0.25,1,"MED MED LOW",NA
46,3,162.10465718771,50,5,5.49935741649992,"FISHED",0.262582895951346,0.25,1,"MED MED LOW",NA
46,4,165.06351729343,49,4,4.49847074356317,"M",0,0.25,1,"MED MED LOW",NA
46,5,223.662143386142,52,7,7.49935736356438,"M",0.288444771501236,0.25,1,"MED MED LOW",NA
46,6,61.3570627698289,45,0,0.499097699570666,"M",0,0.25,1,"MED MED LOW",NA
46,7,100.890683495164,46,1,1.50029375067091,"M",0,0.25,1,"MED MED LOW",NA
46,8,63.0743232584057,45,0,0.500590354321733,"M",0,0.25,1,"MED MED LOW",NA
46,9,127.476370580152,47,2,2.50117954638432,"M",0,0.25,1,"MED MED LOW",NA
46,10,127.301721806746,47,2,2.49892477951203,"M",0,0.25,1,"MED MED LOW",NA
46,11,102.75147533706,46,1,1.50009734797414,"M",0,0.25,1,"MED MED LOW",NA
46,12,64.6072202198872,45,0,0.498752470016484,"M",0,0.25,1,"MED MED LOW",NA
47,1,199.161387451568,54,8,8.50103213090778,"FISHED",0.284713738411665,0.25,1,"MED MED LOW",NA
47,2,134.877446247631,49,3,3.50167874100557,"M",0,0.25,1,"MED MED LOW",NA
47,3,65.2831473191145,46,0,0.499646384187686,"M",0,0.25,1,"MED MED LOW",NA
47,4,130.458772923921,48,2,2.50066427871136,"M",0,0.25,1,"MED MED LOW",NA
47,5,103.466426426767,47,1,1.50008993152892,"M",0,0.25,1,"MED MED LOW",NA
47,6,62.0386253556836,46,0,0.50148293733498,"M",0,0.25,1,"MED MED LOW",NA
47,7,208.788719704227,54,8,8.50131282116151,"M",0.284713738411665,0.25,1,"MED MED LOW",NA
47,8,181.004447282438,52,6,6.50054885661214,"M",0.288444771501236,0.25,1,"MED MED LOW",NA
47,9,105.680306823367,47,1,1.49940368141121,"M",0,0.25,1,"MED MED LOW",NA
47,10,148.359119422807,49,3,3.50175113378743,"M",0,0.25,1,"MED MED LOW",NA
47,11,166.421247275011,51,5,5.49866076113345,"M",0.253853866574354,0.25,1,"MED MED LOW",NA
47,12,132.641424447831,48,2,2.50098749426984,"M",0,0.25,1,"MED MED LOW",NA
47,13,97.0699351807485,47,1,1.49934064461867,"M",0,0.25,1,"MED MED LOW",NA
48,1,98.8193303413594,48,1,1.5001942978681,"M",0,0.25,1,"MED MED LOW",NA
48,2,160.642564980818,51,4,4.49871353391582,"FISHED",0.253853866574354,0.25,1,"MED MED LOW",NA
48,3,150.967503992318,50,3,3.50027352159001,"FISHED",0.262582895951346,0.25,1,"MED MED LOW",NA
48,4,96.623580865146,48,1,1.5009767310571,"M",0,0.25,1,"MED MED LOW",NA
48,5,159.0988563219,52,5,5.50109991120481,"M",0.288444771501236,0.25,1,"MED MED LOW",NA
48,6,198.671577773199,52,5,5.49862158650472,"M",0.288444771501236,0.25,1,"MED MED LOW",NA
48,7,172.088237992151,51,4,4.50055914220741,"FISHED",0.253853866574354,0.25,1,"MED MED LOW",NA
48,8,61.0347423622495,47,0,0.498988863092379,"M",0,0.25,1,"MED MED LOW",NA
48,9,166.558496542194,51,4,4.5002655919653,"FISHED",0.253853866574354,0.25,1,"MED MED LOW",NA
48,10,100.955569612802,48,1,1.49936512810201,"M",0,0.25,1,"MED MED LOW",NA
48,11,137.985883679394,50,3,3.49872629406901,"FISHED",0.262582895951346,0.25,1,"MED MED LOW",NA
48,12,95.7769648977147,48,1,1.49803319707772,"M",0,0.25,1,"MED MED LOW",NA
48,13,175.844633916873,54,7,7.49910583206011,"FISHED",0.284713738411665,0.25,1,"MED MED LOW",NA
49,1,134.062931582296,51,3,3.50077838892396,"M",0.253853866574354,0.25,1,"MED MED LOW",NA
49,2,181.657927996571,53,5,5.4997435884868,"M",0.260730033437721,0.25,1,"MED MED LOW",NA
49,3,128.254682569168,50,2,2.50043216735491,"FISHED",0.262582895951346,0.25,1,"MED MED LOW",NA
49,4,140.923575611488,51,3,3.50076037588208,"M",0.253853866574354,0.25,1,"MED MED LOW",NA
49,5,122.161810877557,50,2,2.50193549955098,"FISHED",0.262582895951346,0.25,1,"MED MED LOW",NA
49,6,91.8712280965118,49,1,1.50033437132289,"M",0,0.25,1,"MED MED LOW",NA
49,7,101.26910544844,49,1,1.49969776324406,"M",0,0.25,1,"MED MED LOW",NA
49,8,59.5257674350175,48,0,0.500937180704606,"M",0,0.25,1,"MED MED LOW",NA
49,9,158.584656603602,51,3,3.50037586708094,"FISHED",0.253853866574354,0.25,1,"MED MED LOW",NA
49,10,63.8041298553473,48,0,0.498677931868842,"M",0,0.25,1,"MED MED LOW",NA
49,11,60.4380351110128,48,0,0.499642742457731,"M",0,0.25,1,"MED MED LOW",NA
49,12,61.8693193617466,48,0,0.497984959943702,"M",0,0.25,1,"MED MED LOW",NA
49,13,165.061423601624,52,4,4.49981735942493,"FISHED",0.288444771501236,0.25,1,"MED MED LOW",NA
49,14,160.322582494911,52,4,4.49877007655844,"FISHED",0.288444771501236,0.25,1,"MED MED LOW",NA
50,1,98.0008388100014,50,1,1.50044026731577,"FISHED",0.262582895951346,0.25,1,"MED MED LOW",NA
50,2,93.8128817886338,50,1,1.50017217907123,"M",0.262582895951346,0.25,1,"MED MED LOW",NA
50,3,95.2343368387549,50,1,1.49977062467203,"M",0.262582895951346,0.25,1,"MED MED LOW",NA
50,4,62.8883122378863,49,0,0.498676836572693,"M",0,0.25,1,"MED MED LOW",NA
50,5,150.007249454381,52,3,3.49998121734717,"M",0.288444771501236,0.25,1,"MED MED LOW",NA
50,6,127.305385528507,51,2,2.49902965152331,"M",0.253853866574354,0.25,1,"MED MED LOW",NA
50,7,61.6915719956583,49,0,0.498846837238896,"M",0,0.25,1,"MED MED LOW",NA
50,8,103.472305251306,50,1,1.49970694183876,"M",0.262582895951346,0.25,1,"MED MED LOW",NA
50,9,156.553008558266,52,3,3.49996968665145,"M",0.288444771501236,0.25,1,"MED MED LOW",NA
50,10,98.8738224223929,50,1,1.50009536094106,"M",0.262582895951346,0.25,1,"MED MED LOW",NA
50,11,63.6810891869904,49,0,0.502489966092733,"M",0,0.25,1,"MED MED LOW",NA
50,12,155.55697138446,53,4,4.50006943319553,"FISHED",0.260730033437721,0.25,1,"MED MED LOW",NA
50,13,156.885392847824,52,3,3.49996883063731,"M",0.288444771501236,0.25,1,"MED MED LOW",NA
51,1,96.7095123523441,51,1,1.49991565518582,"M",0.253853866574354,0.25,1,"MED MED LOW",NA
51,2,142.52555620164,54,4,4.49983549637613,"M",0.284713738411665,0.25,1,"MED MED LOW",NA
51,3,98.4884277914633,51,1,1.50083752461905,"FISHED",0.253853866574354,0.25,1,"MED MED LOW",NA
51,4,60.8139575793563,50,0,0.500918949472977,"M",0.262582895951346,0.25,1,"MED MED LOW",NA
51,5,100.979534005822,51,1,1.49995577375629,"M",0.253853866574354,0.25,1,"MED MED LOW",NA
51,6,61.2131288322137,50,0,0.500080121725191,"FISHED",0.262582895951346,0.25,1,"MED MED LOW",NA
51,7,131.648218019421,52,2,2.4975206823925,"M",0.288444771501236,0.25,1,"MED MED LOW",NA
51,8,63.1074731315316,50,0,0.500557787701525,"FISHED",0.262582895951346,0.25,1,"MED MED LOW",NA
51,9,97.9668414880333,51,1,1.49893148164303,"FISHED",0.253853866574354,0.25,1,"MED MED LOW",NA
51,10,60.6735957904157,50,0,0.499820293528788,"M",0.262582895951346,0.25,1,"MED MED LOW",NA
51,11,64.4189165389662,50,0,0.50017594294627,"M",0.262582895951346,0.25,1,"MED MED LOW",NA
51,12,95.0668935196524,51,1,1.5007538428016,"FISHED",0.253853866574354,0.25,1,"MED MED LOW",NA
52,1,63.408619375091,51,0,0.498979589617263,"M",0.253853866574354,0.25,1,"MED MED LOW",NA
52,2,167.907006693928,55,4,4.49875909988295,"FISHED",0.280049317656085,0.25,1,"MED MED LOW",NA
52,3,119.525948265955,53,2,2.501145677445,"M",0.260730033437721,0.25,1,"MED MED LOW",NA
52,4,60.115997927436,51,0,0.499617085381842,"FISHED",0.253853866574354,0.25,1,"MED MED LOW",NA
52,5,183.663732275621,59,8,8.49991633897315,"M",0.28212083010003,0.25,1,"MED MED LOW",NA
52,6,62.3234993284196,51,0,0.500944437283443,"FISHED",0.253853866574354,0.25,1,"MED MED LOW",NA
52,7,62.581927982019,51,0,0.5002103709752,"FISHED",0.253853866574354,0.25,1,"MED MED LOW",NA
52,8,59.8082624412499,51,0,0.500922056279476,"M",0.253853866574354,0.25,1,"MED MED LOW",NA
52,9,103.40101948092,52,1,1.50128185340881,"M",0.288444771501236,0.25,1,"MED MED LOW",NA
52,10,61.5073650483591,51,0,0.499580375182023,"FISHED",0.253853866574354,0.25,1,"MED MED LOW",NA
52,11,204.927883585753,61,10,10.5021114476467,"FISHED",0.288593663368374,0.25,1,"MED MED LOW",NA
52,12,123.778804436496,53,2,2.50009650078712,"M",0.260730033437721,0.25,1,"MED MED LOW",NA
53,1,97.6138833695205,53,1,1.49925786282675,"FISHED",0.260730033437721,0.25,1,"MED MED LOW",NA
53,2,135.608823517801,54,2,2.4995526344145,"FISHED",0.284713738411665,0.25,1,"MED MED LOW",NA
53,3,62.3213721944076,52,0,0.499670593333793,"M",0.288444771501236,0.25,1,"MED MED LOW",NA
53,4,62.0783080873326,52,0,0.500096021212572,"M",0.288444771501236,0.25,1,"MED MED LOW",NA
53,5,63.7941413565806,52,0,0.501601089408087,"FISHED",0.288444771501236,0.25,1,"MED MED LOW",NA
53,6,96.6607817825996,53,1,1.50035091999774,"M",0.260730033437721,0.25,1,"MED MED LOW",NA
53,7,63.9066265329923,52,0,0.498053521448707,"M",0.288444771501236,0.25,1,"MED MED LOW",NA
53,8,123.857102582054,54,2,2.49946787932753,"FISHED",0.284713738411665,0.25,1,"MED MED LOW",NA
53,9,100.805974057623,53,1,1.49789268670064,"M",0.260730033437721,0.25,1,"MED MED LOW",NA
53,10,62.651700084623,52,0,0.499343749599363,"FISHED",0.288444771501236,0.25,1,"MED MED LOW",NA
53,11,63.8915944078376,52,0,0.500444803963491,"M",0.288444771501236,0.25,1,"MED MED LOW",NA
54,1,151.845746587906,56,3,3.49925414589009,"M",0.218620158266276,0.25,1,"MED MED LOW",NA
54,2,65.1177514827997,53,0,0.500749212751022,"M",0.260730033437721,0.25,1,"MED MED LOW",NA
54,3,63.408597073299,53,0,0.499742050913454,"M",0.260730033437721,0.25,1,"MED MED LOW",NA
54,4,91.1173838031801,54,1,1.49979660807557,"M",0.284713738411665,0.25,1,"MED MED LOW",NA
54,5,151.633403511663,57,4,4.49794828325033,"FISHED",0.245253200852312,0.25,1,"MED MED LOW",NA
54,6,64.1100924830721,53,0,0.499804458554449,"FISHED",0.260730033437721,0.25,1,"MED MED LOW",NA
54,7,60.8464435116935,53,0,0.498878080459006,"FISHED",0.260730033437721,0.25,1,"MED MED LOW",NA
54,8,98.4548002511485,54,1,1.50053720305576,"FISHED",0.284713738411665,0.25,1,"MED MED LOW",NA
54,9,64.1226006075059,53,0,0.498812963080114,"M",0.260730033437721,0.25,1,"MED MED LOW",NA
54,10,61.5140935070983,53,0,0.501357787836084,"M",0.260730033437721,0.25,1,"MED MED LOW",NA
54,11,148.979349502619,56,3,3.49929063856609,"M",0.218620158266276,0.25,1,"MED MED LOW",NA
54,12,63.0583631223491,53,0,0.502555636165173,"M",0.260730033437721,0.25,1,"MED MED LOW",NA
55,1,135.332843839522,56,2,2.49973712989059,"M",0.218620158266276,0.25,1,"MED MED LOW",NA
55,2,98.9150312462366,55,1,1.49992747693716,"M",0.280049317656085,0.25,1,"MED MED LOW",NA
55,3,61.2255120746805,54,0,0.500242554170445,"M",0.284713738411665,0.25,1,"MED MED LOW",NA
55,4,150.47397201398,57,3,3.49911056139041,"FISHED",0.245253200852312,0.25,1,"MED MED LOW",NA
55,5,97.0473798356022,55,1,1.50156638272711,"FISHED",0.280049317656085,0.25,1,"MED MED LOW",NA
55,6,61.9223043605339,54,0,0.500376337870846,"M",0.284713738411665,0.25,1,"MED MED LOW",NA
55,7,166.881396021533,59,5,5.499189347342,"M",0.28212083010003,0.25,1,"MED MED LOW",NA
55,8,61.1346644817615,54,0,0.500130503635543,"M",0.284713738411665,0.25,1,"MED MED LOW",NA
55,9,137.348817991816,59,5,5.50063007077722,"FISHED",0.28212083010003,0.25,1,"MED MED LOW",NA
56,1,63.0794890119278,55,0,0.500590860065602,"M",0.280049317656085,0.25,1,"MED MED LOW",NA
56,2,101.439851021605,56,1,1.50010932774437,"M",0.218620158266276,0.25,1,"MED MED LOW",NA
56,3,100.332370348309,56,1,1.49973534417741,"M",0.218620158266276,0.25,1,"MED MED LOW",NA
56,4,61.8475104103643,55,0,0.500631884660823,"M",0.280049317656085,0.25,1,"MED MED LOW",NA
56,5,94.6380356782745,56,1,1.49818915914662,"M",0.218620158266276,0.25,1,"MED MED LOW",NA
56,6,63.198547251488,55,0,0.500541676469626,"FISHED",0.280049317656085,0.25,1,"MED MED LOW",NA
56,7,136.942569551321,58,3,3.50124146761774,"M",0.222577364905737,0.25,1,"MED MED LOW",NA
56,8,63.3013417601952,55,0,0.497194287180348,"FISHED",0.280049317656085,0.25,1,"MED MED LOW",NA
56,9,62.4641236970021,55,0,0.501529091578488,"FISHED",0.280049317656085,0.25,1,"MED MED LOW",NA
56,10,123.608177183063,57,2,2.500200261828,"M",0.245253200852312,0.25,1,"MED MED LOW",NA
57,1,120.552420355782,58,2,2.50136254049023,"M",0.222577364905737,0.25,1,"MED MED LOW",NA
57,2,120.123635855375,58,2,2.50147562857418,"FISHED",0.222577364905737,0.25,1,"MED MED LOW",NA
57,3,63.5454958504596,56,0,0.500002205948723,"M",0.218620158266276,0.25,1,"MED MED LOW",NA
57,4,116.550160653148,58,2,2.50172137664193,"M",0.222577364905737,0.25,1,"MED MED LOW",NA
57,5,97.8957666679425,57,1,1.49987068607297,"M",0.245253200852312,0.25,1,"MED MED LOW",NA
57,6,207.136558798215,65,9,9.50056754045748,"M",0.276141473790631,0.25,1,"MED MED LOW",NA
57,7,97.8467942027497,57,1,1.4985403052819,"M",0.245253200852312,0.25,1,"MED MED LOW",NA
57,8,62.1633255018859,56,0,0.498578089025775,"M",0.218620158266276,0.25,1,"MED MED LOW",NA
57,9,64.7857911037917,56,0,0.501628449225579,"M",0.218620158266276,0.25,1,"MED MED LOW",NA
58,1,63.9669669317752,57,0,0.499791039235401,"FISHED",0.245253200852312,0.25,1,"MED MED LOW",NA
58,2,184.783799639119,61,4,4.50126641305558,"FISHED",0.288593663368374,0.25,1,"MED MED LOW",NA
58,3,103.894576968498,58,1,1.49783234074397,"FISHED",0.222577364905737,0.25,1,"MED MED LOW",NA
58,4,101.252476494178,58,1,1.49945251637701,"M",0.222577364905737,0.25,1,"MED MED LOW",NA
58,5,159.771641422224,61,4,4.49913146678473,"M",0.288593663368374,0.25,1,"MED MED LOW",NA
58,6,65.7428337775603,57,0,0.499128272170408,"FISHED",0.245253200852312,0.25,1,"MED MED LOW",NA
58,7,120.578323479189,59,2,2.49987083386234,"FISHED",0.28212083010003,0.25,1,"MED MED LOW",NA
58,8,188.514728232072,61,4,4.49938187553947,"FISHED",0.288593663368374,0.25,1,"MED MED LOW",NA
58,9,211.629302343036,63,6,6.50070561352451,"M",0.27986897053197,0.25,1,"MED MED LOW",NA
58,10,97.1948234571241,58,1,1.50036924311792,"M",0.222577364905737,0.25,1,"MED MED LOW",NA
58,11,59.7715428855185,57,0,0.50093518106994,"FISHED",0.245253200852312,0.25,1,"MED MED LOW",NA
59,1,145.452120757006,61,3,3.49981662805431,"FISHED",0.288593663368374,0.25,1,"MED MED LOW",NA
59,2,62.0686323370482,58,0,0.500627896609357,"M",0.222577364905737,0.25,1,"MED MED LOW",NA
59,3,64.2744591451854,58,0,0.499892558470577,"M",0.222577364905737,0.25,1,"MED MED LOW",NA
59,4,151.904517091778,61,3,3.50104199319472,"FISHED",0.288593663368374,0.25,1,"MED MED LOW",NA
59,5,100.24354636797,59,1,1.50001641420866,"M",0.28212083010003,0.25,1,"MED MED LOW",NA
59,6,95.5468998092304,59,1,1.50071626920029,"FISHED",0.28212083010003,0.25,1,"MED MED LOW",NA
59,7,100.064254114076,59,1,1.5008059583409,"FISHED",0.28212083010003,0.25,1,"MED MED LOW",NA
59,8,99.2015049676166,59,1,1.5006392196909,"M",0.28212083010003,0.25,1,"MED MED LOW",NA
59,9,61.0240658632933,58,0,0.500851732218884,"M",0.222577364905737,0.25,1,"MED MED LOW",NA
60,1,104.73964720762,60,1,1.49997168562621,"FISHED",0.247002759366296,0.25,1,"MED MED LOW",NA
60,2,62.167062767827,59,0,0.501280663778304,"FISHED",0.28212083010003,0.25,1,"MED MED LOW",NA
60,3,115.626527133651,61,2,2.49975322655785,"FISHED",0.288593663368374,0.25,1,"MED MED LOW",NA
60,4,137.366438915955,61,2,2.50069030275184,"FISHED",0.288593663368374,0.25,1,"MED MED LOW",NA
60,5,96.3999016976834,60,1,1.49999118700399,"M",0.247002759366296,0.25,1,"MED MED LOW",NA
60,6,100.049520962051,60,1,1.49833436430446,"M",0.247002759366296,0.25,1,"MED MED LOW",NA
60,7,165.994864800167,65,6,6.50003366964012,"FISHED",0.276141473790631,0.25,1,"MED MED LOW",NA
60,8,122.542422337424,61,2,2.50123530455339,"FISHED",0.288593663368374,0.25,1,"MED MED LOW",NA
60,9,98.6438212382333,60,1,1.49867708155658,"M",0.247002759366296,0.25,1,"MED MED LOW",NA
61,1,63.7315078128431,60,0,0.500572592481923,"M",0.247002759366296,0.25,1,"MED MED LOW",NA
61,2,63.9599982862267,60,0,0.500235662298706,"M",0.247002759366296,0.25,1,"MED MED LOW",NA
61,3,62.613115684879,60,0,0.498528780660262,"M",0.247002759366296,0.25,1,"MED MED LOW",NA
61,4,62.4527680199283,60,0,0.500160703176959,"M",0.247002759366296,0.25,1,"MED MED LOW",NA
61,5,60.5478266764441,60,0,0.499468205400114,"M",0.247002759366296,0.25,1,"MED MED LOW",NA
61,6,96.1754514399799,61,1,1.50111721207612,"FISHED",0.288593663368374,0.25,1,"MED MED LOW",NA
61,7,178.032895336262,67,7,7.5002787959056,"FISHED",0.285050498507917,0.25,1,"MED MED LOW",NA
61,8,174.016483361684,65,5,5.4988689360611,"FISHED",0.276141473790631,0.25,1,"MED MED LOW",NA
61,9,64.1489107247878,60,0,0.499682597834302,"M",0.247002759366296,0.25,1,"MED MED LOW",NA
61,10,148.493098065161,63,3,3.49889789783353,"FISHED",0.27986897053197,0.25,1,"MED MED LOW",NA
62,1,65.1684562631294,61,0,0.501536111212627,"FISHED",0.288593663368374,0.25,1,"MED MED LOW",NA
62,2,112.967785108495,63,2,2.49941835658192,"M",0.27986897053197,0.25,1,"MED MED LOW",NA
62,3,97.2788859988616,62,1,1.50015345557844,"FISHED",0.263956282939762,0.25,1,"MED MED LOW",NA
62,4,61.628140144414,61,0,0.499600755498839,"M",0.288593663368374,0.25,1,"MED MED LOW",NA
62,5,62.3694814806553,61,0,0.499315564671567,"FISHED",0.288593663368374,0.25,1,"MED MED LOW",NA
62,6,98.9628545412665,62,1,1.49933340612013,"M",0.263956282939762,0.25,1,"MED MED LOW",NA
62,7,125.535515394592,63,2,2.50134482913879,"FISHED",0.27986897053197,0.25,1,"MED MED LOW",NA
62,8,96.853813754099,62,1,1.49950796830559,"M",0.263956282939762,0.25,1,"MED MED LOW",NA
62,9,102.436339667562,62,1,1.5015201640177,"FISHED",0.263956282939762,0.25,1,"MED MED LOW",NA
62,10,58.5131335103546,61,0,0.501067139979427,"M",0.288593663368374,0.25,1,"MED MED LOW",NA
62,11,98.2594350608549,62,1,1.50117156777314,"FISHED",0.263956282939762,0.25,1,"MED MED LOW",NA
63,1,129.321994458879,64,2,2.49921177027708,"M",0.206132494308986,0.25,1,"MED MED LOW",NA
63,2,64.8837616928034,62,0,0.499739214815688,"FISHED",0.263956282939762,0.25,1,"MED MED LOW",NA
63,3,61.5812676030312,62,0,0.499769324416951,"M",0.263956282939762,0.25,1,"MED MED LOW",NA
63,4,94.7102220743779,63,1,1.50201648106434,"M",0.27986897053197,0.25,1,"MED MED LOW",NA
63,5,139.472082291134,65,3,3.50146477226476,"M",0.276141473790631,0.25,1,"MED MED LOW",NA
63,6,151.067292303888,65,3,3.49914464427462,"M",0.276141473790631,0.25,1,"MED MED LOW",NA
63,7,65.5914085342173,62,0,0.500550824624173,"FISHED",0.263956282939762,0.25,1,"MED MED LOW",NA
63,8,177.133510406887,68,6,6.498936185201,"M",0.25755756222643,0.25,1,"MED MED LOW",NA
63,9,63.5141214323654,62,0,0.499796693356402,"M",0.263956282939762,0.25,1,"MED MED LOW",NA
63,10,176.509875167256,69,7,7.49920163771605,"FISHED",0.256270804069936,0.25,1,"MED MED LOW",NA
63,11,99.3808764343612,63,1,1.50102613157797,"M",0.27986897053197,0.25,1,"MED MED LOW",NA
64,1,63.4242237585429,63,0,0.500683902131786,"FISHED",0.27986897053197,0.25,1,"MED MED LOW",NA
64,2,131.551300923351,65,2,2.50010368717092,"M",0.276141473790631,0.25,1,"MED MED LOW",NA
64,3,64.8428770506791,63,0,0.499731826645474,"FISHED",0.27986897053197,0.25,1,"MED MED LOW",NA
64,4,98.0866138167184,64,1,1.49941879917239,"M",0.206132494308986,0.25,1,"MED MED LOW",NA
64,5,179.88085207113,68,5,5.4994950302653,"M",0.25755756222643,0.25,1,"MED MED LOW",NA
64,6,197.208417563743,71,8,8.50008991772557,"M",0.282311871484853,0.25,1,"MED MED LOW",NA
64,7,158.8015962152,67,4,4.49996487994812,"M",0.285050498507917,0.25,1,"MED MED LOW",NA
64,8,144.427139243369,66,3,3.49940849384277,"FISHED",0.257921223365702,0.25,1,"MED MED LOW",NA
64,9,102.337216878707,64,1,1.49998158130438,"M",0.206132494308986,0.25,1,"MED MED LOW",NA
64,10,61.1684782562463,63,0,0.499549626166077,"M",0.27986897053197,0.25,1,"MED MED LOW",NA
65,1,96.954543554125,65,1,1.49825250956724,"FISHED",0.276141473790631,0.25,1,"MED MED LOW",NA
65,2,64.4372558024403,64,0,0.500814747446881,"FISHED",0.206132494308986,0.25,1,"MED MED LOW",NA
65,3,188.76230929423,70,6,6.49966430129391,"FISHED",0.220157659426332,0.25,1,"MED MED LOW",NA
65,4,114.369496956452,66,2,2.50103069837845,"M",0.257921223365702,0.25,1,"MED MED LOW",NA
65,5,130.510229674116,66,2,2.50075291331302,"FISHED",0.257921223365702,0.25,1,"MED MED LOW",NA
65,6,62.5793135916602,64,0,0.501319530558232,"M",0.206132494308986,0.25,1,"MED MED LOW",NA
65,7,97.3552692200997,65,1,1.50167021558437,"M",0.276141473790631,0.25,1,"MED MED LOW",NA
65,8,63.7113536619653,64,0,0.498058834784945,"M",0.206132494308986,0.25,1,"MED MED LOW",NA
65,9,63.8654358441866,64,0,0.498890368584601,"M",0.206132494308986,0.25,1,"MED MED LOW",NA
66,1,99.8672759739251,66,1,1.5001124131441,"FISHED",0.257921223365702,0.25,1,"MED MED LOW",NA
66,2,127.270653024136,67,2,2.5015454990991,"M",0.285050498507917,0.25,1,"MED MED LOW",NA
66,3,63.686260640226,65,0,0.500120475097648,"M",0.276141473790631,0.25,1,"MED MED LOW",NA
66,4,64.0882823838488,65,0,0.49931469609472,"FISHED",0.276141473790631,0.25,1,"MED MED LOW",NA
66,5,61.512999550734,65,0,0.499763706413368,"M",0.276141473790631,0.25,1,"MED MED LOW",NA
66,6,61.245350131396,65,0,0.500881016041844,"M",0.276141473790631,0.25,1,"MED MED LOW",NA
66,7,63.9025224167924,65,0,0.499992620359301,"M",0.276141473790631,0.25,1,"MED MED LOW",NA
66,8,61.5605608743561,65,0,0.500551780811301,"M",0.276141473790631,0.25,1,"MED MED LOW",NA
66,9,60.3208543348636,65,0,0.500922994453106,"FISHED",0.276141473790631,0.25,1,"MED MED LOW",NA
66,10,98.0255789310564,66,1,1.49974796532533,"M",0.257921223365702,0.25,1,"MED MED LOW",NA
67,1,175.639008545083,71,5,5.50117469280907,"M",0.282311871484853,0.25,1,"MED MED LOW",NA
67,2,63.7476553162736,66,0,0.500336538625131,"M",0.257921223365702,0.25,1,"MED MED LOW",NA
67,3,61.1460388677387,66,0,0.50090652157218,"FISHED",0.257921223365702,0.25,1,"MED MED LOW",NA
67,4,149.209955946926,69,3,3.50053150882456,"M",0.256270804069936,0.25,1,"MED MED LOW",NA
67,5,65.4975927156664,66,0,0.500575698566804,"M",0.257921223365702,0.25,1,"MED MED LOW",NA
67,6,95.8141498222891,67,1,1.49898255461968,"M",0.285050498507917,0.25,1,"MED MED LOW",NA
67,7,103.495072163256,67,1,1.49987805292909,"M",0.285050498507917,0.25,1,"MED MED LOW",NA
67,8,88.8617411409386,67,1,1.49930510528637,"M",0.285050498507917,0.25,1,"MED MED LOW",NA
67,9,137.314400615603,68,2,2.50065221898043,"FISHED",0.25755756222643,0.25,1,"MED MED LOW",NA
67,10,95.5918658715088,67,1,1.49965933302399,"M",0.285050498507917,0.25,1,"MED MED LOW",NA
67,11,126.256263581321,68,2,2.49854000112335,"M",0.25755756222643,0.25,1,"MED MED LOW",NA
67,12,125.702411693715,68,2,2.50057823628761,"FISHED",0.25755756222643,0.25,1,"MED MED LOW",NA
67,13,144.912457814776,69,3,3.50141026539306,"M",0.256270804069936,0.25,1,"MED MED LOW",NA
68,1,60.6514097141648,67,0,0.499956216037971,"FISHED",0.285050498507917,0.25,1,"MED MED LOW",NA
68,2,64.2920840178692,67,0,0.501140901797274,"FISHED",0.285050498507917,0.25,1,"MED MED LOW",NA
68,3,127.430858898407,69,2,2.50163239683025,"M",0.256270804069936,0.25,1,"MED MED LOW",NA
68,4,62.1925523447615,67,0,0.499835888839275,"M",0.285050498507917,0.25,1,"MED MED LOW",NA
68,5,130.057349120393,69,2,2.49962945485009,"FISHED",0.256270804069936,0.25,1,"MED MED LOW",NA
68,6,178.401247953289,72,5,5.49719931260687,"FISHED",0.217929268744774,0.25,1,"MED MED LOW",NA
68,7,169.301025526879,71,4,4.50052568161985,"FISHED",0.282311871484853,0.25,1,"MED MED LOW",NA
68,8,59.7857001999111,67,0,0.500548097050831,"FISHED",0.285050498507917,0.25,1,"MED MED LOW",NA
68,9,147.780302847484,70,3,3.49825738357461,"M",0.220157659426332,0.25,1,"MED MED LOW",NA
68,10,148.199650170537,70,3,3.49902225387924,"FISHED",0.220157659426332,0.25,1,"MED MED LOW",NA
69,1,96.2331254833671,69,1,1.50035499543444,"M",0.256270804069936,0.25,1,"MED MED LOW",NA
69,2,63.1307963122386,68,0,0.499397972445496,"FISHED",0.25755756222643,0.25,1,"MED MED LOW",NA
69,3,61.9551237112852,68,0,0.500172706509774,"M",0.25755756222643,0.25,1,"MED MED LOW",NA
69,4,126.200313490819,70,2,2.4996437255229,"M",0.220157659426332,0.25,1,"MED MED LOW",NA
69,5,60.9902285869572,68,0,0.499015588543854,"M",0.25755756222643,0.25,1,"MED MED LOW",NA
69,6,63.6450374144731,68,0,0.499986693598876,"M",0.25755756222643,0.25,1,"MED MED LOW",NA
69,7,186.770077926378,73,5,5.50107691720976,"FISHED",0.228332923795097,0.25,1,"MED MED LOW",NA
69,8,124.027691547963,70,2,2.49866913622757,"M",0.220157659426332,0.25,1,"MED MED LOW",NA
69,9,103.611280954975,69,1,1.49898146873714,"FISHED",0.256270804069936,0.25,1,"MED MED LOW",NA
70,1,62.670720603199,69,0,0.500137518985942,"M",0.256270804069936,0.25,1,"MED MED LOW",NA
70,2,91.7839779575489,70,1,1.50093459604617,"M",0.220157659426332,0.25,1,"MED MED LOW",NA
70,3,173.99019244852,74,5,5.50137112408516,"M",0.207967025390826,0.25,1,"MED MED LOW",NA
70,4,99.1196264253478,70,1,1.49772152098517,"M",0.220157659426332,0.25,1,"MED MED LOW",NA
70,5,59.8184607970314,69,0,0.5002415610428,"FISHED",0.256270804069936,0.25,1,"MED MED LOW",NA
70,6,63.7226698438703,69,0,0.500720408746745,"FISHED",0.256270804069936,0.25,1,"MED MED LOW",NA
70,7,99.2005894287295,70,1,1.50118809169295,"M",0.220157659426332,0.25,1,"MED MED LOW",NA
70,8,188.771216268034,76,7,7.49838491197599,"M",0.294117630552501,0.25,1,"MED MED LOW",NA
70,9,63.6633983554236,69,0,0.499468783338007,"M",0.256270804069936,0.25,1,"MED MED LOW",NA
71,1,60.8745138754365,70,0,0.498733798316577,"FISHED",0.220157659426332,0.25,1,"MED MED LOW",NA
71,2,65.1906527566918,70,0,0.500133274489428,"FISHED",0.220157659426332,0.25,1,"MED MED LOW",NA
71,3,106.098604521987,71,1,1.49925351356412,"M",0.282311871484853,0.25,1,"MED MED LOW",NA
71,4,62.1416378957222,70,0,0.499452059134164,"M",0.220157659426332,0.25,1,"MED MED LOW",NA
71,5,63.2065816911688,70,0,0.501439967303576,"M",0.220157659426332,0.25,1,"MED MED LOW",NA
71,6,131.286000696608,72,2,2.49856791812498,"FISHED",0.217929268744774,0.25,1,"MED MED LOW",NA
71,7,126.493910104766,72,2,2.49892284027281,"M",0.217929268744774,0.25,1,"MED MED LOW",NA
71,8,144.406634306194,73,3,3.49905001040771,"M",0.228332923795097,0.25,1,"MED MED LOW",NA
71,9,138.560921286974,73,3,3.49854617757057,"M",0.228332923795097,0.25,1,"MED MED LOW",NA
71,10,63.6190581283033,70,0,0.501063611282647,"M",0.220157659426332,0.25,1,"MED MED LOW",NA
72,1,63.0923748031612,71,0,0.500599960740754,"M",0.282311871484853,0.25,1,"MED MED LOW",NA
72,2,62.8651871479587,71,0,0.500283262913678,"M",0.282311871484853,0.25,1,"MED MED LOW",NA
72,3,64.6844586132067,71,0,0.500003435386182,"M",0.282311871484853,0.25,1,"MED MED LOW",NA
72,4,165.618170080707,75,4,4.50098673699555,"FISHED",0.232760152989067,0.25,1,"MED MED LOW",NA
72,5,98.1895800954795,72,1,1.49992538313724,"M",0.217929268744774,0.25,1,"MED MED LOW",NA
72,6,63.5096896993289,71,0,0.499755013513852,"M",0.282311871484853,0.25,1,"MED MED LOW",NA
72,7,103.120426822982,72,1,1.49882715955014,"FISHED",0.217929268744774,0.25,1,"MED MED LOW",NA
72,8,63.3651943262263,71,0,0.501742358984609,"M",0.282311871484853,0.25,1,"MED MED LOW",NA
72,9,207.903997333554,78,7,7.50075911844936,"FISHED",0.262940182816237,0.25,1,"MED MED LOW",NA
72,10,59.7254327687296,71,0,0.499809652842516,"M",0.282311871484853,0.25,1,"MED MED LOW",NA
73,1,61.8070138600307,72,0,0.500456801160762,"M",0.217929268744774,0.25,1,"MED MED LOW",NA
73,2,99.0395772274457,73,1,1.50039707360221,"M",0.228332923795097,0.25,1,"MED MED LOW",NA
73,3,99.6466725968784,73,1,1.50158299261481,"M",0.228332923795097,0.25,1,"MED MED LOW",NA
73,4,59.2739476897685,72,0,0.498993465154454,"FISHED",0.217929268744774,0.25,1,"MED MED LOW",NA
73,5,91.5788688273656,73,1,1.50071407494811,"FISHED",0.228332923795097,0.25,1,"MED MED LOW",NA
73,6,63.7408606038144,72,0,0.499699393021995,"M",0.217929268744774,0.25,1,"MED MED LOW",NA
73,7,61.1857739702136,72,0,0.500153939849316,"M",0.217929268744774,0.25,1,"MED MED LOW",NA
73,8,135.461342362152,74,2,2.50062560100916,"FISHED",0.207967025390826,0.25,1,"MED MED LOW",NA
73,9,193.943876005398,78,6,6.501205972751,"M",0.262940182816237,0.25,1,"MED MED LOW",NA
73,10,167.545934574044,77,5,5.49930429437769,"M",0.227531623491086,0.25,1,"MED MED LOW",NA
73,11,190.56314920198,77,5,5.50129664006619,"M",0.227531623491086,0.25,1,"MED MED LOW",NA
73,12,62.7925462900648,72,0,0.500507577859261,"FISHED",0.217929268744774,0.25,1,"MED MED LOW",NA
73,13,121.074739362476,74,2,2.49964321661704,"M",0.207967025390826,0.25,1,"MED MED LOW",NA
74,1,159.544639747059,77,4,4.49885090387836,"FISHED",0.227531623491086,0.25,1,"MED MED LOW",NA
74,2,142.604050211584,76,3,3.50001344674261,"M",0.294117630552501,0.25,1,"MED MED LOW",NA
74,3,123.061827536773,75,2,2.50063366920606,"FISHED",0.232760152989067,0.25,1,"MED MED LOW",NA
74,4,203.024302459727,81,8,8.49951350626373,"FISHED",0.285323312366381,0.25,1,"MED MED LOW",NA
74,5,157.2617152785,76,3,3.4995293576922,"M",0.294117630552501,0.25,1,"MED MED LOW",NA
74,6,59.1115148493406,73,0,0.5003675847971,"M",0.228332923795097,0.25,1,"MED MED LOW",NA
74,7,166.033253515597,78,5,5.49845673588152,"FISHED",0.262940182816237,0.25,1,"MED MED LOW",NA
74,8,99.2863448396708,74,1,1.50148801170096,"FISHED",0.207967025390826,0.25,1,"MED MED LOW",NA
75,1,95.7719291556446,75,1,1.49987205551967,"M",0.232760152989067,0.25,1,"MED MED LOW",NA
75,2,191.087698478731,82,8,8.50166083372657,"M",0.292268906044774,0.25,1,"MED MED LOW",NA
75,3,101.462456229596,75,1,1.50046929897325,"M",0.232760152989067,0.25,1,"MED MED LOW",NA
75,4,127.424119096599,76,2,2.50029570340282,"M",0.294117630552501,0.25,1,"MED MED LOW",NA
75,5,59.7502485187303,74,0,0.500964237751882,"M",0.207967025390826,0.25,1,"MED MED LOW",NA
75,6,150.12496054206,77,3,3.49952751607208,"M",0.227531623491086,0.25,1,"MED MED LOW",NA
75,7,96.6640811854636,75,1,1.50174387421852,"FISHED",0.232760152989067,0.25,1,"MED MED LOW",NA
75,8,103.708406089794,75,1,1.50023919120483,"M",0.232760152989067,0.25,1,"MED MED LOW",NA
75,9,60.5464917626404,74,0,0.500186062012321,"FISHED",0.207967025390826,0.25,1,"MED MED LOW",NA
75,10,63.9532066728696,74,0,0.500288086208892,"M",0.207967025390826,0.25,1,"MED MED LOW",NA
76,1,145.670829937779,78,3,3.49981621752239,"M",0.262940182816237,0.25,1,"MED MED LOW",NA
76,2,60.084970469919,75,0,0.499750105737041,"M",0.232760152989067,0.25,1,"MED MED LOW",NA
76,3,99.1457666314191,76,1,1.5007542410581,"M",0.294117630552501,0.25,1,"MED MED LOW",NA
76,4,64.0450143662606,75,0,0.501020756919356,"M",0.232760152989067,0.25,1,"MED MED LOW",NA
76,5,97.5999550760198,76,1,1.50109491604734,"M",0.294117630552501,0.25,1,"MED MED LOW",NA
76,6,154.674474748308,79,4,4.50061770167111,"M",0.250093503319658,0.25,1,"MED MED LOW",NA
76,7,61.8840801299799,75,0,0.498808086672389,"FISHED",0.232760152989067,0.25,1,"MED MED LOW",NA
76,8,97.7975979997893,76,1,1.49977945250244,"M",0.294117630552501,0.25,1,"MED MED LOW",NA
76,9,60.2601833142022,75,0,0.499294610306562,"FISHED",0.232760152989067,0.25,1,"MED MED LOW",NA
76,10,62.0450287666105,75,0,0.498508129175152,"FISHED",0.232760152989067,0.25,1,"MED MED LOW",NA
77,1,101.199925110365,77,1,1.50082912661997,"M",0.227531623491086,0.25,1,"MED MED LOW",NA
77,2,126.81546069676,78,2,2.49981241612541,"M",0.262940182816237,0.25,1,"MED MED LOW",NA
77,3,61.3532984501696,76,0,0.499737561402034,"M",0.294117630552501,0.25,1,"MED MED LOW",NA
77,4,63.6185794456218,76,0,0.502105615216607,"M",0.294117630552501,0.25,1,"MED MED LOW",NA
77,5,192.475596304389,81,5,5.49963088244201,"M",0.285323312366381,0.25,1,"MED MED LOW",NA
77,6,139.83331637347,79,3,3.49950743968383,"M",0.250093503319658,0.25,1,"MED MED LOW",NA
77,7,143.133126124027,79,3,3.49907240230143,"M",0.250093503319658,0.25,1,"MED MED LOW",NA
77,8,60.4405094361953,76,0,0.499080160235967,"M",0.294117630552501,0.25,1,"MED MED LOW",NA
77,9,63.5546422266794,76,0,0.502570095943614,"FISHED",0.294117630552501,0.25,1,"MED MED LOW",NA
78,1,186.59301085755,87,10,10.5000343504541,"M",0.107710805837996,0.25,1,"MED MED LOW",NA
78,2,237.517002120179,84,7,7.49936139105179,"M",0.153962408308871,0.25,1,"MED MED LOW",NA
78,3,96.1328687366902,78,1,1.5003726097881,"M",0.262940182816237,0.25,1,"MED MED LOW",NA
78,4,65.6212226457352,77,0,0.499715028342539,"M",0.227531623491086,0.25,1,"MED MED LOW",NA
78,5,91.308641991201,78,1,1.49848894234075,"FISHED",0.262940182816237,0.25,1,"MED MED LOW",NA
78,6,62.159819871901,77,0,0.500156807256453,"M",0.227531623491086,0.25,1,"MED MED LOW",NA
78,7,101.398207113264,78,1,1.50176173641225,"M",0.262940182816237,0.25,1,"MED MED LOW",NA
78,8,63.0866862615717,77,0,0.502137206123412,"FISHED",0.227531623491086,0.25,1,"MED MED LOW",NA
78,9,89.60401660394,78,1,1.49894224995329,"M",0.262940182816237,0.25,1,"MED MED LOW",NA
78,10,95.5396170255748,78,1,1.50074931062907,"M",0.262940182816237,0.25,1,"MED MED LOW",NA
79,1,64.257954451207,78,0,0.500083685720965,"FISHED",0.262940182816237,0.25,1,"MED MED LOW",NA
79,2,62.0130828437209,78,0,0.499755618036097,"FISHED",0.262940182816237,0.25,1,"MED MED LOW",NA
79,3,62.2121778884222,78,0,0.500350765520862,"FISHED",0.262940182816237,0.25,1,"MED MED LOW",NA
79,4,122.204096139723,80,2,2.49958822493535,"M",0.202127580833621,0.25,1,"MED MED LOW",NA
79,5,123.821020536716,80,2,2.5009469739891,"M",0.202127580833621,0.25,1,"MED MED LOW",NA
79,6,148.29740219901,81,3,3.50073862433084,"FISHED",0.285323312366381,0.25,1,"MED MED LOW",NA
79,7,60.1872029189852,78,0,0.500124832573174,"M",0.262940182816237,0.25,1,"MED MED LOW",NA
79,8,61.7233680412516,78,0,0.500178975613667,"FISHED",0.262940182816237,0.25,1,"MED MED LOW",NA
79,9,62.4828355111389,78,0,0.497141061419725,"FISHED",0.262940182816237,0.25,1,"MED MED LOW",NA
79,10,61.276814790058,78,0,0.500138200242643,"M",0.262940182816237,0.25,1,"MED MED LOW",NA
80,1,60.7878289666375,79,0,0.500210545548061,"M",0.250093503319658,0.25,1,"MED MED LOW",NA
80,2,222.665915962807,89,10,10.5005989370791,"M",0.135097043146379,0.25,1,"MED MED LOW",NA
80,3,132.599241214446,82,3,3.49958629609468,"FISHED",0.292268906044774,0.25,1,"MED MED LOW",NA
80,4,184.303676807137,84,5,5.49933346904171,"FISHED",0.153962408308871,0.25,1,"MED MED LOW",NA
80,5,155.272089391019,82,3,3.50092371496499,"FISHED",0.292268906044774,0.25,1,"MED MED LOW",NA
80,6,172.778778493863,82,3,3.50110777652371,"M",0.292268906044774,0.25,1,"MED MED LOW",NA
80,7,97.424487867895,80,1,1.501333324927,"FISHED",0.202127580833621,0.25,1,"MED MED LOW",NA
80,8,98.9547472229616,80,1,1.50033134665312,"M",0.202127580833621,0.25,1,"MED MED LOW",NA
80,9,98.1885422669035,80,1,1.50073777211948,"M",0.202127580833621,0.25,1,"MED MED LOW",NA
80,10,135.217467738872,82,3,3.50004629649446,"FISHED",0.292268906044774,0.25,1,"MED MED LOW",NA
81,1,171.428322035136,84,4,4.50012686020875,"M",0.153962408308871,0.25,1,"MED MED LOW",NA
81,2,61.991537903063,80,0,0.500884443958259,"FISHED",0.202127580833621,0.25,1,"MED MED LOW",NA
81,3,98.3624093821017,81,1,1.49970482726296,"M",0.285323312366381,0.25,1,"MED MED LOW",NA
81,4,121.969909983574,82,2,2.49979019205633,"M",0.292268906044774,0.25,1,"MED MED LOW",NA
81,5,124.444278600923,82,2,2.50139273957499,"M",0.292268906044774,0.25,1,"MED MED LOW",NA
81,6,121.242622588011,82,2,2.50106734266223,"FISHED",0.292268906044774,0.25,1,"MED MED LOW",NA
81,7,133.792028951552,82,2,2.49923506064691,"M",0.292268906044774,0.25,1,"MED MED LOW",NA
81,8,97.6226815580632,81,1,1.4996984967775,"M",0.285323312366381,0.25,1,"MED MED LOW",NA
81,9,93.7461455660365,81,1,1.4999298320679,"M",0.285323312366381,0.25,1,"MED MED LOW",NA
81,10,150.428450431512,83,3,3.49944556197844,"FISHED",0.26207411470823,0.25,1,"MED MED LOW",NA
82,1,144.920197549497,84,3,3.5018677496688,"M",0.153962408308871,0.25,1,"MED MED LOW",NA
82,2,96.0906659706376,82,1,1.50035608539978,"FISHED",0.292268906044774,0.25,1,"MED MED LOW",NA
82,3,60.4067544102203,81,0,0.499995863056132,"M",0.285323312366381,0.25,1,"MED MED LOW",NA
82,4,64.3694421113345,81,0,0.501812120851437,"M",0.285323312366381,0.25,1,"MED MED LOW",NA
82,5,162.72366487782,85,4,4.4997331823679,"M",0.143236287799664,0.25,1,"MED MED LOW",NA
82,6,62.0330741465242,81,0,0.498980781654354,"M",0.285323312366381,0.25,1,"MED MED LOW",NA
82,7,160.865407731242,85,4,4.49876770792228,"FISHED",0.143236287799664,0.25,1,"MED MED LOW",NA
82,8,63.3371085368545,81,0,0.499637841430312,"FISHED",0.285323312366381,0.25,1,"MED MED LOW",NA
82,9,63.6703001908351,81,0,0.499595965284793,"M",0.285323312366381,0.25,1,"MED MED LOW",NA
82,10,101.212289878154,82,1,1.50112425189651,"FISHED",0.292268906044774,0.25,1,"MED MED LOW",NA
83,1,61.4471676658035,82,0,0.498215446628533,"FISHED",0.292268906044774,0.25,1,"MED MED LOW",NA
83,2,61.590033529286,82,0,0.5007251923265,"FISHED",0.292268906044774,0.25,1,"MED MED LOW",NA
83,3,142.572196488002,85,3,3.50037041077237,"M",0.143236287799664,0.25,1,"MED MED LOW",NA
83,4,61.6739545202653,82,0,0.50162603077488,"FISHED",0.292268906044774,0.25,1,"MED MED LOW",NA
83,5,61.4098639939452,82,0,0.500358746345891,"FISHED",0.292268906044774,0.25,1,"MED MED LOW",NA
83,6,64.6080032745461,82,0,0.501624335312248,"FISHED",0.292268906044774,0.25,1,"MED MED LOW",NA
83,7,180.098600118539,88,6,6.49745149445281,"M",0.11296276403591,0.25,1,"MED MED LOW",NA
83,8,93.6971267418967,83,1,1.49913510823754,"M",0.26207411470823,0.25,1,"MED MED LOW",NA
83,9,116.093245744019,84,2,2.49913294430213,"M",0.153962408308871,0.25,1,"MED MED LOW",NA
83,10,60.9980595204714,82,0,0.499507752934214,"FISHED",0.292268906044774,0.25,1,"MED MED LOW",NA
83,11,101.833937828349,83,1,1.50055439042033,"FISHED",0.26207411470823,0.25,1,"MED MED LOW",NA
84,1,209.950300032283,97,14,14.5002004143515,"M",0.122532302327454,0.25,1,"MED MED LOW",NA
84,2,97.3694656461093,84,1,1.50121757163478,"M",0.153962408308871,0.25,1,"MED MED LOW",NA
84,3,140.877663119853,86,3,3.50134299366463,"M",0.125552749237977,0.25,1,"MED MED LOW",NA
84,4,62.8559463689266,83,0,0.499085914450726,"M",0.26207411470823,0.25,1,"MED MED LOW",NA
84,5,138.281089793847,86,3,3.50012172125986,"M",0.125552749237977,0.25,1,"MED MED LOW",NA
84,6,103.193613535185,84,1,1.49829510091979,"M",0.153962408308871,0.25,1,"MED MED LOW",NA
84,7,62.3735570240218,83,0,0.5014208554068,"M",0.26207411470823,0.25,1,"MED MED LOW",NA
84,8,97.0018654713268,84,1,1.50010553533134,"FISHED",0.153962408308871,0.25,1,"MED MED LOW",NA
84,9,126.036123639939,85,2,2.49843851042087,"M",0.143236287799664,0.25,1,"MED MED LOW",NA
84,10,97.7233834834953,84,1,1.49910917932177,"M",0.153962408308871,0.25,1,"MED MED LOW",NA
84,11,63.9862763639303,83,0,0.500910630825025,"M",0.26207411470823,0.25,1,"MED MED LOW",NA
84,12,62.1129565743919,83,0,0.500101240612398,"FISHED",0.26207411470823,0.25,1,"MED MED LOW",NA
85,1,95.9318048523688,85,1,1.49937149396628,"FISHED",0.143236287799664,0.25,1,"MED MED LOW",NA
85,2,96.5392775755796,85,1,1.50015746193259,"M",0.143236287799664,0.25,1,"MED MED LOW",NA
85,3,61.8987372609016,84,0,0.500636657979374,"M",0.153962408308871,0.25,1,"MED MED LOW",NA
85,4,63.1786733842166,84,0,0.500968511597986,"M",0.153962408308871,0.25,1,"MED MED LOW",NA
85,5,194.283496202581,90,6,6.50057450068915,"M",0.191299605253153,0.25,1,"MED MED LOW",NA
85,6,61.7452995625168,84,0,0.49901228125293,"M",0.153962408308871,0.25,1,"MED MED LOW",NA
85,7,198.197941051599,90,6,6.50002492913376,"M",0.191299605253153,0.25,1,"MED MED LOW",NA
85,8,101.747175985789,85,1,1.4999690873547,"FISHED",0.143236287799664,0.25,1,"MED MED LOW",NA
85,9,191.669281468293,91,7,7.49978470223278,"FISHED",0.10672200594563,0.25,1,"MED MED LOW",NA
85,10,125.985924128649,86,2,2.499147643431,"M",0.125552749237977,0.25,1,"MED MED LOW",NA
85,11,138.456589394118,87,3,3.4998527414512,"M",0.107710805837996,0.25,1,"MED MED LOW",NA
85,12,127.96083162542,86,2,2.5012041860623,"M",0.125552749237977,0.25,1,"MED MED LOW",NA
86,1,97.3667179188583,86,1,1.49902427487389,"M",0.125552749237977,0.25,1,"MED MED LOW",NA
86,2,63.7047329779721,85,0,0.499742497452754,"FISHED",0.143236287799664,0.25,1,"MED MED LOW",NA
86,3,60.3048653603111,85,0,0.50187961858331,"M",0.143236287799664,0.25,1,"MED MED LOW",NA
86,4,119.88248492342,87,2,2.49894551094316,"M",0.107710805837996,0.25,1,"MED MED LOW",NA
86,5,134.567131582969,88,3,3.49962327488818,"FISHED",0.11296276403591,0.25,1,"MED MED LOW",NA
86,6,169.08212147672,90,5,5.4986096890853,"M",0.191299605253153,0.25,1,"MED MED LOW",NA
86,7,200.853686741495,91,6,6.49974721562107,"M",0.10672200594563,0.25,1,"MED MED LOW",NA
86,8,61.4631236663102,85,0,0.501257689984583,"M",0.143236287799664,0.25,1,"MED MED LOW",NA
86,9,62.3528946058554,85,0,0.498191880112105,"M",0.143236287799664,0.25,1,"MED MED LOW",NA
86,10,123.360610636519,87,2,2.49956931851098,"M",0.107710805837996,0.25,1,"MED MED LOW",NA
86,11,96.1828289431655,86,1,1.4985188950015,"M",0.125552749237977,0.25,1,"MED MED LOW",NA
87,1,143.644222205676,89,3,3.50018660119949,"FISHED",0.135097043146379,0.25,1,"MED MED LOW",NA
87,2,174.659366912865,91,5,5.49877544548201,"M",0.10672200594563,0.25,1,"MED MED LOW",NA
87,3,93.8858214295056,87,1,1.50114102113659,"FISHED",0.107710805837996,0.25,1,"MED MED LOW",NA
87,4,64.3704820235912,86,0,0.498369820053846,"M",0.125552749237977,0.25,1,"MED MED LOW",NA
87,5,62.3755251450462,86,0,0.500082454420389,"M",0.125552749237977,0.25,1,"MED MED LOW",NA
87,6,101.998943957353,87,1,1.49832741712694,"M",0.107710805837996,0.25,1,"MED MED LOW",NA
87,7,96.3777081624266,87,1,1.50004222623896,"M",0.107710805837996,0.25,1,"MED MED LOW",NA
87,8,60.5098825854325,86,0,0.501211547501828,"M",0.125552749237977,0.25,1,"MED MED LOW",NA
87,9,96.617251168738,87,1,1.50080162125402,"M",0.107710805837996,0.25,1,"MED MED LOW",NA
87,10,102.12763081502,87,1,1.49859282564346,"M",0.107710805837996,0.25,1,"MED MED LOW",NA
88,1,65.1370798916236,87,0,0.500039139437938,"FISHED",0.107710805837996,0.25,1,"MED MED LOW",NA
88,2,164.579555502636,90,3,3.49904893304634,"M",0.191299605253153,0.25,1,"MED MED LOW",NA
88,3,128.79931493516,89,2,2.50024383202803,"M",0.135097043146379,0.25,1,"MED MED LOW",NA
88,4,63.3297675751477,87,0,0.498247346419792,"FISHED",0.107710805837996,0.25,1,"MED MED LOW",NA
88,5,161.566740993347,91,4,4.50049520815693,"M",0.10672200594563,0.25,1,"MED MED LOW",NA
88,6,175.788997308593,96,9,9.50008617387043,"M",0.186891295714304,0.25,1,"MED MED LOW",NA
88,7,94.0014757360116,88,1,1.50014866115578,"M",0.11296276403591,0.25,1,"MED MED LOW",NA
88,8,63.8632278600831,87,0,0.50019538351485,"M",0.107710805837996,0.25,1,"MED MED LOW",NA
88,9,176.013269553392,92,5,5.5005851838673,"FISHED",0.14615660707932,0.25,1,"MED MED LOW",NA
89,1,128.664086291981,90,2,2.49710005233806,"M",0.191299605253153,0.25,1,"MED MED LOW",NA
89,2,63.0513617650048,88,0,0.499929387644153,"M",0.11296276403591,0.25,1,"MED MED LOW",NA
89,3,164.967819664662,92,4,4.49962947336552,"M",0.14615660707932,0.25,1,"MED MED LOW",NA
89,4,102.556208110704,89,1,1.49932788735873,"M",0.135097043146379,0.25,1,"MED MED LOW",NA
89,5,62.5223343384083,88,0,0.500390923072291,"FISHED",0.11296276403591,0.25,1,"MED MED LOW",NA
89,6,99.7063313306135,89,1,1.49820594112092,"M",0.135097043146379,0.25,1,"MED MED LOW",NA
89,7,94.3649250117274,89,1,1.50053684093877,"M",0.135097043146379,0.25,1,"MED MED LOW",NA
89,8,152.6998193067,91,3,3.4994334273164,"M",0.10672200594563,0.25,1,"MED MED LOW",NA
89,9,92.4381236208938,89,1,1.50083063161366,"M",0.135097043146379,0.25,1,"MED MED LOW",NA
90,1,156.346538695678,93,4,4.49961042403611,"M",0.115386872692034,0.25,1,"MED MED LOW",NA
90,2,152.927963572225,92,3,3.4998633569178,"M",0.14615660707932,0.25,1,"MED MED LOW",NA
90,3,60.1579294431981,89,0,0.498962492335498,"FISHED",0.135097043146379,0.25,1,"MED MED LOW",NA
90,4,133.514167114709,91,2,2.49868538484806,"FISHED",0.10672200594563,0.25,1,"MED MED LOW",NA
90,5,101.364443282206,90,1,1.49994100370978,"M",0.191299605253153,0.25,1,"MED MED LOW",NA
90,6,62.1675223682075,89,0,0.499463849997968,"M",0.135097043146379,0.25,1,"MED MED LOW",NA
90,7,158.835156501947,94,5,5.50046403833845,"FISHED",0.173190356465057,0.25,1,"MED MED LOW",NA
90,8,64.641297116415,89,0,0.502287770371301,"FISHED",0.135097043146379,0.25,1,"MED MED LOW",NA
90,9,96.2902329349999,90,1,1.49968182270517,"M",0.191299605253153,0.25,1,"MED MED LOW",NA
90,10,63.0592957494272,89,0,0.499540147016198,"FISHED",0.135097043146379,0.25,1,"MED MED LOW",NA
91,1,61.3582509896943,90,0,0.499606152687332,"FISHED",0.191299605253153,0.25,1,"MED MED LOW",NA
91,2,135.458575342598,92,2,2.50052297785023,"M",0.14615660707932,0.25,1,"MED MED LOW",NA
91,3,159.187354232316,94,4,4.50087062693829,"M",0.173190356465057,0.25,1,"MED MED LOW",NA
91,4,145.350711746379,93,3,3.50010657105978,"M",0.115386872692034,0.25,1,"MED MED LOW",NA
91,5,101.237171204514,91,1,1.49874792882479,"M",0.10672200594563,0.25,1,"MED MED LOW",NA
91,6,98.9549277268781,91,1,1.4988909879639,"M",0.10672200594563,0.25,1,"MED MED LOW",NA
91,7,125.322755342686,92,2,2.49996799175956,"M",0.14615660707932,0.25,1,"MED MED LOW",NA
91,8,118.599950983291,92,2,2.50086616342916,"FISHED",0.14615660707932,0.25,1,"MED MED LOW",NA
91,9,191.806581453177,97,7,7.49935358964264,"FISHED",0.122532302327454,0.25,1,"MED MED LOW",NA
91,10,126.476799977179,92,2,2.49974966967682,"FISHED",0.14615660707932,0.25,1,"MED MED LOW",NA
92,1,99.4326976274593,92,1,1.49973950911557,"M",0.14615660707932,0.25,1,"MED MED LOW",NA
92,2,63.1929985182445,91,0,0.501625817102571,"FISHED",0.10672200594563,0.25,1,"MED MED LOW",NA
92,3,148.458901022612,94,3,3.49765606440691,"FISHED",0.173190356465057,0.25,1,"MED MED LOW",NA
92,4,123.621141857649,93,2,2.50052098645272,"M",0.115386872692034,0.25,1,"MED MED LOW",NA
92,5,96.9288058804978,92,1,1.50142387195561,"M",0.14615660707932,0.25,1,"MED MED LOW",NA
92,6,215.620133593468,98,7,7.50013954941334,"M",0.122763456753455,0.25,1,"MED MED LOW",NA
92,7,105.180208012986,92,1,1.49978394350104,"FISHED",0.14615660707932,0.25,1,"MED MED LOW",NA
92,8,61.522210524254,91,0,0.500187076471524,"M",0.10672200594563,0.25,1,"MED MED LOW",NA
92,9,144.201349744717,94,3,3.50039260199549,"M",0.173190356465057,0.25,1,"MED MED LOW",NA
92,10,135.155607892451,94,3,3.50080881287227,"FISHED",0.173190356465057,0.25,1,"MED MED LOW",NA
92,11,204.422794256148,98,7,7.50103248272724,"FISHED",0.122763456753455,0.25,1,"MED MED LOW",NA
92,12,157.201802920849,94,3,3.50006537198763,"FISHED",0.173190356465057,0.25,1,"MED MED LOW",NA
93,1,169.661577930215,97,5,5.49991539253834,"FISHED",0.122532302327454,0.25,1,"MED MED LOW",NA
93,2,127.1202751993,94,2,2.49973999473593,"M",0.173190356465057,0.25,1,"MED MED LOW",NA
93,3,63.8171437957708,92,0,0.499875890246185,"M",0.14615660707932,0.25,1,"MED MED LOW",NA
93,4,147.217550269389,96,4,4.49976506536691,"M",0.186891295714304,0.25,1,"MED MED LOW",NA
93,5,63.333545597827,92,0,0.498127893028634,"M",0.14615660707932,0.25,1,"MED MED LOW",NA
93,6,63.2523375181768,92,0,0.49966655582428,"M",0.14615660707932,0.25,1,"MED MED LOW",NA
93,7,191.57026853371,98,6,6.50029535399154,"FISHED",0.122763456753455,0.25,1,"MED MED LOW",NA
93,8,178.439379196258,96,4,4.49837395033827,"M",0.186891295714304,0.25,1,"MED MED LOW",NA
93,9,179.599255860413,97,5,5.49860209646568,"FISHED",0.122532302327454,0.25,1,"MED MED LOW",NA
93,10,63.9174960463278,92,0,0.498862331798118,"M",0.14615660707932,0.25,1,"MED MED LOW",NA
93,11,156.809865721713,96,4,4.49960016496145,"M",0.186891295714304,0.25,1,"MED MED LOW",NA
94,1,133.875941848022,95,2,2.50026204721188,"FISHED",0.170467575779185,0.25,1,"MED MED LOW",NA
94,2,131.178438323075,95,2,2.4988946779721,"M",0.170467575779185,0.25,1,"MED MED LOW",NA
94,3,63.2030576988534,93,0,0.498732426146667,"M",0.115386872692034,0.25,1,"MED MED LOW",NA
94,4,95.9253385373689,94,1,1.50027133265763,"M",0.173190356465057,0.25,1,"MED MED LOW",NA
94,5,63.9294841960705,93,0,0.501374369947654,"M",0.115386872692034,0.25,1,"MED MED LOW",NA
94,6,90.9605194927518,94,1,1.50311816253504,"FISHED",0.173190356465057,0.25,1,"MED MED LOW",NA
94,7,62.3950930108885,93,0,0.500917934581551,"M",0.115386872692034,0.25,1,"MED MED LOW",NA
94,8,63.1768089294681,93,0,0.501877281418656,"M",0.115386872692034,0.25,1,"MED MED LOW",NA
94,9,60.280321061133,93,0,0.499176225572053,"M",0.115386872692034,0.25,1,"MED MED LOW",NA
94,10,92.5150667965164,94,1,1.50112716885955,"M",0.173190356465057,0.25,1,"MED MED LOW",NA
94,11,148.589404956352,96,3,3.49962775096805,"FISHED",0.186891295714304,0.25,1,"MED MED LOW",NA
95,1,61.2230337063092,94,0,0.500710331246755,"M",0.173190356465057,0.25,1,"MED MED LOW",NA
95,2,99.2584919221571,95,1,1.50018393988343,"FISHED",0.170467575779185,0.25,1,"MED MED LOW",NA
95,3,125.555024519654,96,2,2.50163523654963,"M",0.186891295714304,0.25,1,"MED MED LOW",NA
95,4,59.6092663730559,94,0,0.502335550585001,"M",0.173190356465057,0.25,1,"MED MED LOW",NA
95,5,148.988129571484,99,5,5.50013013399116,"M",0.100528429425322,0.25,1,"MED MED LOW",NA
95,6,61.420850780705,94,0,0.499604686872702,"M",0.173190356465057,0.25,1,"MED MED LOW",NA
95,7,62.3274762067468,94,0,0.501414702297643,"M",0.173190356465057,0.25,1,"MED MED LOW",NA
95,8,97.4637730112815,95,1,1.49999822255276,"FISHED",0.170467575779185,0.25,1,"MED MED LOW",NA
95,9,99.9403835383444,95,1,1.49863129366119,"FISHED",0.170467575779185,0.25,1,"MED MED LOW",NA
95,10,124.674052304395,96,2,2.49880901842972,"M",0.186891295714304,0.25,1,"MED MED LOW",NA
96,1,133.127555858343,97,2,2.50079616305009,"M",0.122532302327454,0.25,1,"MED MED LOW",NA
96,2,97.0559764826226,96,1,1.50048912307175,"FISHED",0.186891295714304,0.25,1,"MED MED LOW",NA
96,3,116.932426410971,97,2,2.49988776508247,"M",0.122532302327454,0.25,1,"MED MED LOW",NA
96,4,61.7687825292318,95,0,0.50041516726139,"FISHED",0.170467575779185,0.25,1,"MED MED LOW",NA
96,5,62.2366808366367,95,0,0.499600078833303,"M",0.170467575779185,0.25,1,"MED MED LOW",NA
96,6,62.1238534727489,95,0,0.499962918197554,"FISHED",0.170467575779185,0.25,1,"MED MED LOW",NA
96,7,108.31404930697,96,1,1.49911224644094,"FISHED",0.186891295714304,0.25,1,"MED MED LOW",NA
96,8,63.2060092182389,95,0,0.499763859926829,"M",0.170467575779185,0.25,1,"MED MED LOW",NA
96,9,64.549100286674,95,0,0.500059400241785,"FISHED",0.170467575779185,0.25,1,"MED MED LOW",NA
96,10,65.3620455081896,95,0,0.498100544700236,"M",0.170467575779185,0.25,1,"MED MED LOW",NA
97,1,62.592313139134,96,0,0.499985725075307,"FISHED",0.186891295714304,0.25,1,"MED MED LOW",NA
97,2,97.1830232985615,97,1,1.49957646685063,"M",0.122532302327454,0.25,1,"MED MED LOW",NA
97,3,101.072118467066,97,1,1.49997956068498,"M",0.122532302327454,0.25,1,"MED MED LOW",NA
97,4,113.456105678,98,2,2.50057231129236,"M",0.122763456753455,0.25,1,"MED MED LOW",NA
97,5,59.0929991873757,96,0,0.498444714167524,"FISHED",0.186891295714304,0.25,1,"MED MED LOW",NA
97,6,133.875414976799,99,3,3.50138221740084,"M",0.100528429425322,0.25,1,"MED MED LOW",NA
97,7,61.6437861780559,96,0,0.499924737388961,"M",0.186891295714304,0.25,1,"MED MED LOW",NA
97,8,90.4744231482355,97,1,1.50088805853288,"M",0.122532302327454,0.25,1,"MED MED LOW",NA
97,9,119.984044064416,98,2,2.50010466857981,"FISHED",0.122763456753455,0.25,1,"MED MED LOW",NA
97,10,139.950186074756,99,3,3.49985387512001,"M",0.100528429425322,0.25,1,"MED MED LOW",NA
97,11,96.3291843638582,97,1,1.49987148237459,"FISHED",0.122532302327454,0.25,1,"MED MED LOW",NA
98,1,97.0597650034929,98,1,1.49926906273966,"FISHED",0.122763456753455,0.25,1,"MED MED LOW",NA
98,2,173.678213815906,100,3,3.49939755004225,"M",0.103772364719771,0.25,1,"MED MED LOW",NA
98,3,103.40669678424,98,1,1.50001966500197,"M",0.122763456753455,0.25,1,"MED MED LOW",NA
98,4,142.0356347223,100,3,3.50112089512687,"M",0.103772364719771,0.25,1,"MED MED LOW",NA
98,5,62.9528648116612,97,0,0.501269128910419,"M",0.122532302327454,0.25,1,"MED MED LOW",NA
98,6,91.8582833970866,98,1,1.50004329747346,"M",0.122763456753455,0.25,1,"MED MED LOW",NA
98,7,61.4138883656628,97,0,0.499109127193004,"M",0.122532302327454,0.25,1,"MED MED LOW",NA
98,8,129.910769215738,99,2,2.50014273134684,"FISHED",0.100528429425322,0.25,1,"MED MED LOW",NA
98,9,117.890533593834,99,2,2.49914576636154,"M",0.100528429425322,0.25,1,"MED MED LOW",NA
98,10,102.62811526181,98,1,1.49947604341801,"FISHED",0.122763456753455,0.25,1,"MED MED LOW",NA
98,11,147.646396151225,100,3,3.50073729398569,"M",0.103772364719771,0.25,1,"MED MED LOW",NA
99,1,62.3484363743175,98,0,0.50014333219972,"M",0.122763456753455,0.25,1,"MED MED LOW",NA
99,2,128.394548651109,100,2,2.50016149883481,"M",0.103772364719771,0.25,1,"MED MED LOW",NA
99,3,63.2597706812348,98,0,0.500207620623508,"M",0.122763456753455,0.25,1,"MED MED LOW",NA
99,4,61.9281430087575,98,0,0.498988474062802,"FISHED",0.122763456753455,0.25,1,"MED MED LOW",NA
99,5,61.0901037616457,98,0,0.500815868317394,"M",0.122763456753455,0.25,1,"MED MED LOW",NA
99,6,123.76373295885,100,2,2.50081978167463,"M",0.103772364719771,0.25,1,"MED MED LOW",NA
99,7,101.179853199351,99,1,1.49929287258083,"M",0.100528429425322,0.25,1,"MED MED LOW",NA
99,8,64.6797779547461,98,0,0.499906120995297,"M",0.122763456753455,0.25,1,"MED MED LOW",NA
99,9,60.4313819749503,98,0,0.499480660222115,"M",0.122763456753455,0.25,1,"MED MED LOW",NA
99,10,105.190400309298,99,1,1.49865047545128,"M",0.100528429425322,0.25,1,"MED MED LOW",NA
99,11,63.6391112501445,98,0,0.500472556805976,"M",0.122763456753455,0.25,1,"MED MED LOW",NA
99,12,63.8036615208158,98,0,0.500053214094744,"FISHED",0.122763456753455,0.25,1,"MED MED LOW",NA
100,1,63.6438410995224,99,0,0.500858237525776,"M",0.100528429425322,0.25,1,"MED MED LOW",NA
100,2,97.826847299038,100,1,1.49839340502835,"FISHED",0.103772364719771,0.25,1,"MED MED LOW",NA
100,3,65.1306606044502,99,0,0.498086698510603,"FISHED",0.100528429425322,0.25,1,"MED MED LOW",NA
100,4,61.9780000423193,99,0,0.502924190398372,"M",0.100528429425322,0.25,1,"MED MED LOW",NA
100,5,64.8496902049957,99,0,0.501135858588075,"M",0.100528429425322,0.25,1,"MED MED LOW",NA
100,6,63.9141995539541,99,0,0.502712558684607,"M",0.100528429425322,0.25,1,"MED MED LOW",NA
100,7,61.2878675889864,99,0,0.499015273711497,"M",0.100528429425322,0.25,1,"MED MED LOW",NA
100,8,63.2378220280016,99,0,0.499920329784822,"M",0.100528429425322,0.25,1,"MED MED LOW",NA
100,9,62.4311718626323,99,0,0.499562980459382,"FISHED",0.100528429425322,0.25,1,"MED MED LOW",NA
100,10,106.933546214623,100,1,1.49803058450291,"M",0.103772364719771,0.25,1,"MED MED LOW",NA
100,11,63.9700158897925,99,0,0.500226754869207,"M",0.100528429425322,0.25,1,"MED MED LOW",NA
