"cohort","ind","fish_size","Year","Age","AgeE","dtype","FMORT","M","Sel","FSIM","REG"
1,1,147.954236019153,3,3,3.49891558490917,"M",0,0.25,1,"LOW MED MED",NA
1,2,181.926476492744,8,8,8.49916132657325,"M",0,0.25,1,"LOW MED MED",NA
1,3,132.41187897478,2,2,2.50001542224231,"M",0,0.25,1,"LOW MED MED",NA
1,4,99.8178212611984,1,1,1.49948300711923,"M",0,0.25,1,"LOW MED MED",NA
1,5,125.890291995439,2,2,2.5001807212048,"M",0,0.25,1,"LOW MED MED",NA
1,6,182.484954718123,6,6,6.49944376528768,"M",0,0.25,1,"LOW MED MED",NA
1,7,147.570624441302,3,3,3.49921239390155,"M",0,0.25,1,"LOW MED MED",NA
1,8,159.455016753119,5,5,5.50001903005606,"M",0,0.25,1,"LOW MED MED",NA
1,9,128.60195358373,3,3,3.50003139114534,"M",0,0.25,1,"LOW MED MED",NA
1,10,164.454022015683,5,5,5.49837214592119,"M",0,0.25,1,"LOW MED MED",NA
1,11,137.119979156539,3,3,3.49886008778378,"M",0,0.25,1,"LOW MED MED",NA
1,12,202.727916537334,6,6,6.49948370900664,"M",0,0.25,1,"LOW MED MED",NA
2,1,104.528550187821,2,1,1.5011667381329,"M",0,0.25,1,"LOW MED MED",NA
2,2,193.533881365122,8,7,7.5001317381287,"M",0,0.25,1,"LOW MED MED",NA
2,3,63.0231073806983,1,0,0.500608819208269,"M",0,0.25,1,"LOW MED MED",NA
2,4,217.425590027354,7,6,6.50070172784601,"M",0,0.25,1,"LOW MED MED",NA
2,5,225.012685647939,10,9,9.4994862266038,"M",0,0.25,1,"LOW MED MED",NA
2,6,129.088540811917,3,2,2.49898093554483,"M",0,0.25,1,"LOW MED MED",NA
2,7,126.212682519338,3,2,2.50135992307712,"M",0,0.25,1,"LOW MED MED",NA
2,8,127.149768944229,3,2,2.50031119023308,"M",0,0.25,1,"LOW MED MED",NA
2,9,60.6992969731311,1,0,0.499412692316156,"M",0,0.25,1,"LOW MED MED",NA
2,10,95.8040835436244,2,1,1.49948419123133,"M",0,0.25,1,"LOW MED MED",NA
2,11,269.126737348182,15,14,14.4993858952451,"M",0,0.25,1,"LOW MED MED",NA
2,12,62.0702925152016,1,0,0.500206514377568,"M",0,0.25,1,"LOW MED MED",NA
3,1,163.768239206942,6,4,4.49995744894135,"M",0,0.25,1,"LOW MED MED",NA
3,2,143.40881259206,5,3,3.49813602118483,"M",0,0.25,1,"LOW MED MED",NA
3,3,186.928341432985,8,6,6.50028009622336,"M",0,0.25,1,"LOW MED MED",NA
3,4,169.732861960426,8,6,6.49927057531143,"M",0,0.25,1,"LOW MED MED",NA
3,5,170.493891937673,8,6,6.49918802901177,"M",0,0.25,1,"LOW MED MED",NA
3,6,125.729529051218,4,2,2.4990441590762,"M",0,0.25,1,"LOW MED MED",NA
3,7,174.715538085546,8,6,6.50005206500236,"M",0,0.25,1,"LOW MED MED",NA
3,8,151.647136610353,5,3,3.49861397996152,"M",0,0.25,1,"LOW MED MED",NA
3,9,118.871134717034,4,2,2.50044393611374,"M",0,0.25,1,"LOW MED MED",NA
3,10,206.210918885132,13,11,11.499769460394,"M",0,0.25,1,"LOW MED MED",NA
3,11,129.090720831664,4,2,2.49869134042528,"M",0,0.25,1,"LOW MED MED",NA
3,12,61.7747348109544,2,0,0.50011892815051,"M",0,0.25,1,"LOW MED MED",NA
3,13,222.818394083218,13,11,11.4986229019844,"M",0,0.25,1,"LOW MED MED",NA
4,1,134.828745356434,5,2,2.49866589279422,"M",0,0.25,1,"LOW MED MED",NA
4,2,106.074395252096,4,1,1.49869151081271,"M",0,0.25,1,"LOW MED MED",NA
4,3,175.383206008929,9,6,6.49893614441182,"M",0,0.25,1,"LOW MED MED",NA
4,4,62.5358973796938,3,0,0.501457275303469,"M",0,0.25,1,"LOW MED MED",NA
4,5,95.529999282174,4,1,1.4990173984585,"M",0,0.25,1,"LOW MED MED",NA
4,6,125.755011422988,5,2,2.49929715797461,"M",0,0.25,1,"LOW MED MED",NA
4,7,126.242609636276,5,2,2.50028702096351,"M",0,0.25,1,"LOW MED MED",NA
4,8,140.405296242483,6,3,3.49992735785695,"M",0,0.25,1,"LOW MED MED",NA
4,9,97.6986721588327,4,1,1.49961304027624,"M",0,0.25,1,"LOW MED MED",NA
4,10,63.4675206312015,3,0,0.500190067252216,"M",0,0.25,1,"LOW MED MED",NA
4,11,155.232653326365,6,3,3.49823652746659,"M",0,0.25,1,"LOW MED MED",NA
4,12,125.763823268027,5,2,2.49942313962084,"M",0,0.25,1,"LOW MED MED",NA
5,1,63.9281461486119,4,0,0.500939982823114,"M",0,0.25,1,"LOW MED MED",NA
5,2,196.584367527246,11,7,7.50006347459548,"M",0,0.25,1,"LOW MED MED",NA
5,3,63.6529327061788,4,0,0.498011176944294,"M",0,0.25,1,"LOW MED MED",NA
5,4,117.535242232505,6,2,2.49965752236158,"M",0,0.25,1,"LOW MED MED",NA
5,5,60.6693549353616,4,0,0.499782674339768,"M",0,0.25,1,"LOW MED MED",NA
5,6,161.663513670499,7,3,3.49932538957901,"M",0,0.25,1,"LOW MED MED",NA
5,7,184.741989175132,10,6,6.50088671102503,"M",0,0.25,1,"LOW MED MED",NA
5,8,210.260671837828,15,11,11.5002460695581,"M",0,0.25,1,"LOW MED MED",NA
5,9,168.536783762191,9,5,5.50031376899069,"M",0,0.25,1,"LOW MED MED",NA
5,10,193.971485806684,13,9,9.49883130217793,"M",0,0.25,1,"LOW MED MED",NA
5,11,101.699964215581,5,1,1.49940613615626,"M",0,0.25,1,"LOW MED MED",NA
5,12,131.419237522802,6,2,2.49964069116832,"M",0,0.25,1,"LOW MED MED",NA
6,1,61.7918680198298,5,0,0.499346795664449,"M",0,0.25,1,"LOW MED MED",NA
6,2,129.162472029556,7,2,2.49965691273865,"M",0,0.25,1,"LOW MED MED",NA
6,3,125.955515249921,7,2,2.49911938999358,"M",0,0.25,1,"LOW MED MED",NA
6,4,63.7718438563808,5,0,0.500450244553714,"M",0,0.25,1,"LOW MED MED",NA
6,5,138.835197866403,8,3,3.50035366538985,"M",0,0.25,1,"LOW MED MED",NA
6,6,160.375666986195,9,4,4.49942670058121,"M",0,0.25,1,"LOW MED MED",NA
6,7,134.983717379636,7,2,2.49904433819825,"M",0,0.25,1,"LOW MED MED",NA
6,8,214.815744132477,15,10,10.4988672466371,"M",0,0.25,1,"LOW MED MED",NA
6,9,215.356617012921,13,8,8.49903040081371,"M",0,0.25,1,"LOW MED MED",NA
6,10,208.527775725171,13,8,8.49814533220539,"M",0,0.25,1,"LOW MED MED",NA
6,11,66.5449769746577,5,0,0.498867516686629,"M",0,0.25,1,"LOW MED MED",NA
7,1,115.656817733513,8,2,2.49926264786189,"M",0,0.25,1,"LOW MED MED",NA
7,2,62.7489070899573,6,0,0.501195558729583,"M",0,0.25,1,"LOW MED MED",NA
7,3,189.515945420046,10,4,4.49889034592572,"M",0,0.25,1,"LOW MED MED",NA
7,4,174.075711571518,10,4,4.50028897365158,"M",0,0.25,1,"LOW MED MED",NA
7,5,125.063255530693,8,2,2.49938835972393,"M",0,0.25,1,"LOW MED MED",NA
7,6,64.0601858023869,6,0,0.498859526242054,"M",0,0.25,1,"LOW MED MED",NA
7,7,142.310788132023,9,3,3.49957583552533,"M",0,0.25,1,"LOW MED MED",NA
7,8,93.4289176349399,7,1,1.49799758483227,"M",0,0.25,1,"LOW MED MED",NA
7,9,62.8845304936964,6,0,0.499794574657557,"M",0,0.25,1,"LOW MED MED",NA
7,10,184.299099274508,16,10,10.5004426186232,"M",0,0.25,1,"LOW MED MED",NA
7,11,96.4415771496674,7,1,1.49914523047589,"M",0,0.25,1,"LOW MED MED",NA
7,12,130.418076737181,8,2,2.50027535321684,"M",0,0.25,1,"LOW MED MED",NA
7,13,173.257384751027,15,9,9.49980305161098,"M",0,0.25,1,"LOW MED MED",NA
8,1,206.517968641873,17,10,10.4995317945306,"M",0,0.25,1,"LOW MED MED",NA
8,2,62.1723379729949,7,0,0.49996351720641,"M",0,0.25,1,"LOW MED MED",NA
8,3,152.824740104149,10,3,3.50016987677946,"M",0,0.25,1,"LOW MED MED",NA
8,4,62.7727760906472,7,0,0.500208482957658,"M",0,0.25,1,"LOW MED MED",NA
8,5,64.2194551266377,7,0,0.500134207845039,"M",0,0.25,1,"LOW MED MED",NA
8,6,145.724590295038,10,3,3.49919076794175,"M",0,0.25,1,"LOW MED MED",NA
8,7,250.268992940178,19,12,12.5010879937453,"M",0,0.25,1,"LOW MED MED",NA
8,8,156.139851151773,11,4,4.50143753536436,"M",0,0.25,1,"LOW MED MED",NA
8,9,122.007869574557,9,2,2.50025726774965,"M",0,0.25,1,"LOW MED MED",NA
8,10,182.725580765037,12,5,5.50074343930471,"M",0,0.25,1,"LOW MED MED",NA
8,11,173.774883728385,11,4,4.49989886052749,"M",0,0.25,1,"LOW MED MED",NA
8,12,169.44326025289,12,5,5.5002122543009,"M",0,0.25,1,"LOW MED MED",NA
9,1,183.356332045559,14,6,6.49836017156695,"M",0,0.25,1,"LOW MED MED",NA
9,2,141.985410110048,11,3,3.50079387515017,"M",0,0.25,1,"LOW MED MED",NA
9,3,190.353286586529,15,7,7.50271658156218,"M",0,0.25,1,"LOW MED MED",NA
9,4,61.6561726682191,8,0,0.501210526356735,"M",0,0.25,1,"LOW MED MED",NA
9,5,95.9598172376284,9,1,1.49993197140548,"M",0,0.25,1,"LOW MED MED",NA
9,6,100.889955578964,9,1,1.49892301887301,"M",0,0.25,1,"LOW MED MED",NA
9,7,120.661550149262,10,2,2.50013749451039,"M",0,0.25,1,"LOW MED MED",NA
9,8,156.834946123298,12,4,4.49963807620553,"M",0,0.25,1,"LOW MED MED",NA
9,9,64.1789770619952,8,0,0.498674003462786,"M",0,0.25,1,"LOW MED MED",NA
9,10,61.5410155438296,8,0,0.500465172117638,"M",0,0.25,1,"LOW MED MED",NA
9,11,204.763057481078,15,7,7.5000185793792,"M",0,0.25,1,"LOW MED MED",NA
9,12,172.535168132156,14,6,6.4994538349134,"M",0,0.25,1,"LOW MED MED",NA
9,13,63.4133191253051,8,0,0.500063333893652,"M",0,0.25,1,"LOW MED MED",NA
9,14,61.70191374992,8,0,0.499400198464092,"M",0,0.25,1,"LOW MED MED",NA
10,1,176.951361242485,15,6,6.50065216769984,"M",0,0.25,1,"LOW MED MED",NA
10,2,218.309372264455,18,9,9.50179990527973,"M",0,0.25,1,"LOW MED MED",NA
10,3,62.0679837504081,9,0,0.498509373072031,"M",0,0.25,1,"LOW MED MED",NA
10,4,124.386062173341,11,2,2.4993580712504,"M",0,0.25,1,"LOW MED MED",NA
10,5,122.300036501783,11,2,2.49979359179805,"M",0,0.25,1,"LOW MED MED",NA
10,6,190.00049254938,16,7,7.49973747684581,"M",0,0.25,1,"LOW MED MED",NA
10,7,96.3640496354764,10,1,1.49873532837898,"M",0,0.25,1,"LOW MED MED",NA
10,8,103.412665397002,10,1,1.50157866667269,"M",0,0.25,1,"LOW MED MED",NA
10,9,182.942889363876,16,7,7.49960584380959,"M",0,0.25,1,"LOW MED MED",NA
10,10,151.732098285591,12,3,3.50126921065468,"M",0,0.25,1,"LOW MED MED",NA
10,11,128.911692212812,11,2,2.49838818961465,"M",0,0.25,1,"LOW MED MED",NA
10,12,99.400009080019,10,1,1.5004683285244,"M",0,0.25,1,"LOW MED MED",NA
10,13,61.4378519731526,9,0,0.501066202202621,"M",0,0.25,1,"LOW MED MED",NA
10,14,61.4410506535649,9,0,0.499867535358159,"M",0,0.25,1,"LOW MED MED",NA
10,15,61.7984554454201,9,0,0.501335940050973,"M",0,0.25,1,"LOW MED MED",NA
11,1,94.3913021114105,11,1,1.50054844204294,"M",0,0.25,1,"LOW MED MED",NA
11,2,64.7147221614148,10,0,0.500585610958551,"M",0,0.25,1,"LOW MED MED",NA
11,3,173.965306599662,14,4,4.4994161498415,"M",0,0.25,1,"LOW MED MED",NA
11,4,123.758354901039,12,2,2.4998272795192,"M",0,0.25,1,"LOW MED MED",NA
11,5,62.412575536987,10,0,0.499167614645163,"M",0,0.25,1,"LOW MED MED",NA
11,6,223.390890350251,19,9,9.50090270005137,"M",0,0.25,1,"LOW MED MED",NA
11,7,171.648311982037,17,7,7.5016637605698,"M",0,0.25,1,"LOW MED MED",NA
11,8,221.810403000749,21,11,11.4994793492376,"M",0,0.25,1,"LOW MED MED",NA
11,9,151.598827383063,14,4,4.50053235559463,"M",0,0.25,1,"LOW MED MED",NA
11,10,165.164517086862,14,4,4.50105595240843,"M",0,0.25,1,"LOW MED MED",NA
11,11,62.9552849773993,10,0,0.501151074937924,"M",0,0.25,1,"LOW MED MED",NA
11,12,101.373748975397,11,1,1.49915353237608,"M",0,0.25,1,"LOW MED MED",NA
11,13,195.785749626092,22,12,12.4999893977762,"M",0,0.25,1,"LOW MED MED",NA
12,1,198.341009760345,22,11,11.4998320541475,"M",0,0.25,1,"LOW MED MED",NA
12,2,150.473720351671,15,4,4.49859279831183,"M",0,0.25,1,"LOW MED MED",NA
12,3,60.9638609502143,11,0,0.500918149979402,"M",0,0.25,1,"LOW MED MED",NA
12,4,94.7148852346332,12,1,1.49953272948316,"M",0,0.25,1,"LOW MED MED",NA
12,5,96.8621315383953,12,1,1.49945903663915,"M",0,0.25,1,"LOW MED MED",NA
12,6,180.995468993728,19,8,8.49815651014454,"M",0,0.25,1,"LOW MED MED",NA
12,7,153.054938818869,15,4,4.50093996033934,"M",0,0.25,1,"LOW MED MED",NA
12,8,194.965641500717,16,5,5.49960473787165,"M",0,0.25,1,"LOW MED MED",NA
12,9,61.614000999778,11,0,0.500889252877057,"M",0,0.25,1,"LOW MED MED",NA
12,10,120.383970782627,13,2,2.49932925177864,"M",0,0.25,1,"LOW MED MED",NA
12,11,181.395200040869,19,8,8.50124150115601,"M",0,0.25,1,"LOW MED MED",NA
12,12,199.210752246839,17,6,6.50226228106718,"M",0,0.25,1,"LOW MED MED",NA
12,13,93.7320092263605,12,1,1.5005328698882,"M",0,0.25,1,"LOW MED MED",NA
13,1,231.179172843401,22,10,10.4995804422866,"M",0,0.25,1,"LOW MED MED",NA
13,2,196.209679573997,20,8,8.5021298750785,"M",0,0.25,1,"LOW MED MED",NA
13,3,63.995111784465,12,0,0.499954497677713,"M",0,0.25,1,"LOW MED MED",NA
13,4,64.5868362597383,12,0,0.499927863655925,"M",0,0.25,1,"LOW MED MED",NA
13,5,93.6074429602181,13,1,1.50089732395714,"M",0,0.25,1,"LOW MED MED",NA
13,6,134.987354228476,14,2,2.50138189136758,"M",0,0.25,1,"LOW MED MED",NA
13,7,104.058306593545,13,1,1.49928605174264,"M",0,0.25,1,"LOW MED MED",NA
13,8,61.4352111297096,12,0,0.500351554607855,"M",0,0.25,1,"LOW MED MED",NA
13,9,207.425843224351,20,8,8.49930157498767,"M",0,0.25,1,"LOW MED MED",NA
13,10,180.659265505945,21,9,9.49815147013557,"M",0,0.25,1,"LOW MED MED",NA
13,11,121.856379043752,14,2,2.500467773964,"M",0,0.25,1,"LOW MED MED",NA
13,12,62.5716926643105,12,0,0.498731450420449,"M",0,0.25,1,"LOW MED MED",NA
14,1,61.1921170324988,13,0,0.501753780348621,"M",0,0.25,1,"LOW MED MED",NA
14,2,205.01275276009,26,13,13.5000675124801,"M",0,0.25,1,"LOW MED MED",NA
14,3,62.2606787652358,13,0,0.495367623587479,"M",0,0.25,1,"LOW MED MED",NA
14,4,101.372176236159,14,1,1.49942844320348,"M",0,0.25,1,"LOW MED MED",NA
14,5,194.73037777112,24,11,11.4983659310494,"M",0,0.25,1,"LOW MED MED",NA
14,6,164.274221028351,17,4,4.49959565944329,"M",0,0.25,1,"LOW MED MED",NA
14,7,216.969887000947,24,11,11.5007736693424,"M",0,0.25,1,"LOW MED MED",NA
14,8,130.803569443136,15,2,2.50021665160998,"M",0,0.25,1,"LOW MED MED",NA
14,9,97.13205515573,14,1,1.49988609130343,"M",0,0.25,1,"LOW MED MED",NA
14,10,62.0515200661879,13,0,0.502216852636579,"M",0,0.25,1,"LOW MED MED",NA
14,11,93.5429662774586,14,1,1.49915975863884,"M",0,0.25,1,"LOW MED MED",NA
14,12,180.853529496389,19,6,6.50029274817121,"M",0,0.25,1,"LOW MED MED",NA
14,13,61.164343591884,13,0,0.498291087775984,"M",0,0.25,1,"LOW MED MED",NA
14,14,121.053863676182,16,3,3.50096454155507,"M",0,0.25,1,"LOW MED MED",NA
15,1,64.1124833688702,14,0,0.499720419736829,"M",0,0.25,1,"LOW MED MED",NA
15,2,175.937734683334,19,5,5.49931090719747,"M",0,0.25,1,"LOW MED MED",NA
15,3,145.157199827774,17,3,3.50168046998402,"M",0,0.25,1,"LOW MED MED",NA
15,4,130.566040340593,16,2,2.49827711237575,"M",0,0.25,1,"LOW MED MED",NA
15,5,114.818445434972,16,2,2.50041663769324,"M",0,0.25,1,"LOW MED MED",NA
15,6,62.2027201773877,14,0,0.499370610837283,"M",0,0.25,1,"LOW MED MED",NA
15,7,63.106234492531,14,0,0.500345730170843,"M",0,0.25,1,"LOW MED MED",NA
15,8,63.0060889521898,14,0,0.498649283942058,"M",0,0.25,1,"LOW MED MED",NA
15,9,99.2970294909093,15,1,1.50006169345376,"M",0,0.25,1,"LOW MED MED",NA
15,10,202.357099271805,25,11,11.5028091752098,"M",0,0.25,1,"LOW MED MED",NA
15,11,61.3289046207366,14,0,0.49832051347797,"M",0,0.25,1,"LOW MED MED",NA
16,1,126.04079295087,17,2,2.50161046009195,"M",0,0.25,1,"LOW MED MED",NA
16,2,164.151746467253,20,5,5.50093547708909,"M",0,0.25,1,"LOW MED MED",NA
16,3,165.701356465969,21,6,6.50095267559402,"M",0,0.25,1,"LOW MED MED",NA
16,4,96.8149737995713,16,1,1.50146446996946,"M",0,0.25,1,"LOW MED MED",NA
16,5,102.243799704738,16,1,1.50054088176863,"M",0,0.25,1,"LOW MED MED",NA
16,6,98.8533296986415,16,1,1.50067102487643,"M",0,0.25,1,"LOW MED MED",NA
16,7,237.189602725287,27,12,12.5004331102821,"M",0,0.25,1,"LOW MED MED",NA
16,8,230.751301818033,23,8,8.4995269471951,"M",0,0.25,1,"LOW MED MED",NA
16,9,215.740267909788,26,11,11.5009417962274,"M",0,0.25,1,"LOW MED MED",NA
16,10,100.958439607468,16,1,1.50006325508587,"M",0,0.25,1,"LOW MED MED",NA
16,11,99.9504295781781,16,1,1.49980946387309,"M",0,0.25,1,"LOW MED MED",NA
17,1,151.434573456342,19,3,3.49986136052218,"M",0,0.25,1,"LOW MED MED",NA
17,2,151.282635690402,19,3,3.49997414510797,"M",0,0.25,1,"LOW MED MED",NA
17,3,94.6598824760773,17,1,1.50089696967447,"M",0,0.25,1,"LOW MED MED",NA
17,4,62.7372788734539,16,0,0.499794595525739,"M",0,0.25,1,"LOW MED MED",NA
17,5,62.7370365787703,16,0,0.50200417513262,"M",0,0.25,1,"LOW MED MED",NA
17,6,131.825869763982,18,2,2.4997639133959,"M",0,0.25,1,"LOW MED MED",NA
17,7,97.8216114223879,17,1,1.5005308444918,"M",0,0.25,1,"LOW MED MED",NA
17,8,141.114272742013,19,3,3.50041130270864,"M",0,0.25,1,"LOW MED MED",NA
17,9,128.700071220526,18,2,2.50041563565965,"M",0,0.25,1,"LOW MED MED",NA
17,10,68.1910648903451,16,0,0.50001122204017,"M",0,0.25,1,"LOW MED MED",NA
17,11,126.772101615963,18,2,2.49993579587303,"M",0,0.25,1,"LOW MED MED",NA
17,12,67.622116713186,16,0,0.501043431178386,"M",0,0.25,1,"LOW MED MED",NA
18,1,161.3196370932,21,4,4.50206452390263,"M",0,0.25,1,"LOW MED MED",NA
18,2,62.5709887992359,17,0,0.499743120775186,"M",0,0.25,1,"LOW MED MED",NA
18,3,61.8077353123549,17,0,0.499766997256924,"M",0,0.25,1,"LOW MED MED",NA
18,4,158.981576164566,20,3,3.49951345249898,"M",0,0.25,1,"LOW MED MED",NA
18,5,65.5285206966461,17,0,0.500980742242161,"M",0,0.25,1,"LOW MED MED",NA
18,6,90.6803756755824,18,1,1.50030171244713,"M",0,0.25,1,"LOW MED MED",NA
18,7,138.629246799502,20,3,3.50057699933111,"M",0,0.25,1,"LOW MED MED",NA
18,8,145.649662784249,20,3,3.49959911535194,"M",0,0.25,1,"LOW MED MED",NA
18,9,165.687034539418,22,5,5.50090031596052,"M",0,0.25,1,"LOW MED MED",NA
18,10,162.603215467237,21,4,4.50047814172575,"M",0,0.25,1,"LOW MED MED",NA
18,11,58.2323401986655,17,0,0.500651604223427,"M",0,0.25,1,"LOW MED MED",NA
18,12,240.884906620246,27,10,10.5012413745501,"M",0,0.25,1,"LOW MED MED",NA
18,13,152.529949285108,20,3,3.50227740540717,"M",0,0.25,1,"LOW MED MED",NA
19,1,148.209751214251,21,3,3.49951979970734,"M",0,0.25,1,"LOW MED MED",NA
19,2,98.3648085548696,19,1,1.49975242246917,"M",0,0.25,1,"LOW MED MED",NA
19,3,181.367151102563,22,4,4.49891812829282,"M",0,0.25,1,"LOW MED MED",NA
19,4,102.442947910569,19,1,1.49748351259491,"M",0,0.25,1,"LOW MED MED",NA
19,5,143.340738028197,21,3,3.50032175202912,"M",0,0.25,1,"LOW MED MED",NA
19,6,167.898255043109,24,6,6.49867788216526,"M",0,0.25,1,"LOW MED MED",NA
19,7,95.2096705255223,19,1,1.49844520526276,"M",0,0.25,1,"LOW MED MED",NA
19,8,130.376297413813,20,2,2.4993123131825,"M",0,0.25,1,"LOW MED MED",NA
19,9,155.450176539849,21,3,3.49892956943753,"M",0,0.25,1,"LOW MED MED",NA
19,10,123.483948128819,20,2,2.50225635424335,"M",0,0.25,1,"LOW MED MED",NA
19,11,138.110060203836,21,3,3.50080062655949,"M",0,0.25,1,"LOW MED MED",NA
19,12,103.661386415795,19,1,1.49965530026307,"M",0,0.25,1,"LOW MED MED",NA
20,1,99.9637495935672,20,1,1.4995781149562,"M",0,0.25,1,"LOW MED MED",NA
20,2,134.726424004146,21,2,2.49817664418326,"M",0,0.25,1,"LOW MED MED",NA
20,3,187.29337415936,26,7,7.50004168580536,"M",0,0.25,1,"LOW MED MED",NA
20,4,234.913969434863,33,14,14.5011060942908,"M",0,0.25,1,"LOW MED MED",NA
20,5,194.79404268619,25,6,6.4990235990619,"M",0,0.25,1,"LOW MED MED",NA
20,6,166.286598584003,23,4,4.49848386502234,"M",0,0.25,1,"LOW MED MED",NA
20,7,120.014384977922,21,2,2.5011350908556,"M",0,0.25,1,"LOW MED MED",NA
20,8,102.942470080012,20,1,1.50003191293731,"M",0,0.25,1,"LOW MED MED",NA
20,9,118.276514688332,21,2,2.50039714744952,"M",0,0.25,1,"LOW MED MED",NA
20,10,154.153347397382,23,4,4.49875931827199,"M",0,0.25,1,"LOW MED MED",NA
20,11,142.362799365126,22,3,3.50077744705989,"M",0,0.25,1,"LOW MED MED",NA
21,1,62.2896539175441,20,0,0.500820861884189,"M",0,0.25,1,"LOW MED MED",NA
21,2,65.3445632213864,20,0,0.501141138999933,"M",0,0.25,1,"LOW MED MED",NA
21,3,137.495614442615,23,3,3.49959608076865,"M",0,0.25,1,"LOW MED MED",NA
21,4,61.908235698018,20,0,0.500198875492522,"M",0,0.25,1,"LOW MED MED",NA
21,5,209.825230125496,26,6,6.50180235519298,"M",0,0.25,1,"LOW MED MED",NA
21,6,124.604603997417,22,2,2.49902717301637,"M",0,0.25,1,"LOW MED MED",NA
21,7,205.372661893713,26,6,6.49987524619275,"M",0,0.25,1,"LOW MED MED",NA
21,8,119.844918870071,22,2,2.50007644533546,"M",0,0.25,1,"LOW MED MED",NA
21,9,183.080318190523,25,5,5.50036692588568,"M",0,0.25,1,"LOW MED MED",NA
21,10,60.5574569198039,20,0,0.500584951097647,"M",0,0.25,1,"LOW MED MED",NA
21,11,102.278683970604,21,1,1.50069651929248,"M",0,0.25,1,"LOW MED MED",NA
21,12,183.98693576407,31,11,11.5002952944739,"M",0,0.25,1,"LOW MED MED",NA
21,13,251.057695362119,34,14,14.5016489477585,"M",0,0.25,1,"LOW MED MED",NA
21,14,171.605560797554,26,6,6.49897639132617,"M",0,0.25,1,"LOW MED MED",NA
22,1,216.050297937034,32,11,11.5012466608076,"M",0,0.25,1,"LOW MED MED",NA
22,2,125.084786873588,23,2,2.50152617501451,"M",0,0.25,1,"LOW MED MED",NA
22,3,158.904422966641,24,3,3.50091742328948,"M",0,0.25,1,"LOW MED MED",NA
22,4,60.8101662973634,21,0,0.501529713088221,"M",0,0.25,1,"LOW MED MED",NA
22,5,96.6513375248614,22,1,1.49879472079838,"M",0,0.25,1,"LOW MED MED",NA
22,6,119.663471089887,23,2,2.50050572466814,"M",0,0.25,1,"LOW MED MED",NA
22,7,93.544871432457,22,1,1.49884987406024,"M",0,0.25,1,"LOW MED MED",NA
22,8,96.608953945903,22,1,1.50003090134068,"M",0,0.25,1,"LOW MED MED",NA
22,9,197.241456325157,26,5,5.4994870350418,"M",0,0.25,1,"LOW MED MED",NA
22,10,167.725483281686,25,4,4.50101428109724,"M",0,0.25,1,"LOW MED MED",NA
22,11,67.1392336120611,21,0,0.501220031361522,"M",0,0.25,1,"LOW MED MED",NA
22,12,64.0383836561657,21,0,0.50107697470071,"M",0,0.25,1,"LOW MED MED",NA
22,13,131.196789983223,23,2,2.50015999974323,"M",0,0.25,1,"LOW MED MED",NA
23,1,103.44712949713,23,1,1.50056451174368,"M",0,0.25,1,"LOW MED MED",NA
23,2,98.94556329465,23,1,1.49953715379441,"M",0,0.25,1,"LOW MED MED",NA
23,3,131.852258567047,24,2,2.49944787065612,"M",0,0.25,1,"LOW MED MED",NA
23,4,59.970194690601,22,0,0.499730390885009,"M",0,0.25,1,"LOW MED MED",NA
23,5,63.7116753628641,22,0,0.50265960068442,"M",0,0.25,1,"LOW MED MED",NA
23,6,218.642537694423,35,13,13.5006794659702,"M",0,0.25,1,"LOW MED MED",NA
23,7,139.685710594601,24,2,2.49943256642254,"M",0,0.25,1,"LOW MED MED",NA
23,8,101.608862926011,23,1,1.49878773822781,"M",0,0.25,1,"LOW MED MED",NA
23,9,118.603489647521,24,2,2.49927775180719,"M",0,0.25,1,"LOW MED MED",NA
23,10,97.0672552905567,23,1,1.49954168027797,"M",0,0.25,1,"LOW MED MED",NA
23,11,63.3815084418417,22,0,0.501524437258694,"M",0,0.25,1,"LOW MED MED",NA
23,12,63.0215381794845,22,0,0.500799774695651,"M",0,0.25,1,"LOW MED MED",NA
24,1,139.515789580756,26,3,3.50042812095144,"M",0,0.25,1,"LOW MED MED",NA
24,2,177.988058717755,29,6,6.50064469371294,"M",0,0.25,1,"LOW MED MED",NA
24,3,62.3140604303485,23,0,0.49777672037867,"M",0,0.25,1,"LOW MED MED",NA
24,4,61.9102557731798,23,0,0.498780718096971,"M",0,0.25,1,"LOW MED MED",NA
24,5,190.435330791901,29,6,6.49932131482424,"M",0,0.25,1,"LOW MED MED",NA
24,6,132.367073476835,25,2,2.49983508174291,"M",0,0.25,1,"LOW MED MED",NA
24,7,172.381390550423,28,5,5.50091065913693,"M",0,0.25,1,"LOW MED MED",NA
24,8,207.260803085419,31,8,8.50129343627476,"M",0,0.25,1,"LOW MED MED",NA
24,9,166.514469724829,29,6,6.50030691439208,"M",0,0.25,1,"LOW MED MED",NA
24,10,121.617872720569,25,2,2.4994445913251,"M",0,0.25,1,"LOW MED MED",NA
24,11,62.68941363414,23,0,0.500626440841161,"M",0,0.25,1,"LOW MED MED",NA
24,12,133.92384099027,26,3,3.50104638291901,"M",0,0.25,1,"LOW MED MED",NA
25,1,135.384070426088,27,3,3.50200489522707,"M",0,0.25,1,"LOW MED MED",NA
25,2,99.7420546467499,25,1,1.50036278159544,"M",0,0.25,1,"LOW MED MED",NA
25,3,131.534864085972,26,2,2.50029267305922,"M",0,0.25,1,"LOW MED MED",NA
25,4,95.6454200449851,25,1,1.49949571926342,"M",0,0.25,1,"LOW MED MED",NA
25,5,217.639869938472,31,7,7.50039583149033,"M",0,0.25,1,"LOW MED MED",NA
25,6,213.054959055768,35,11,11.499443762405,"M",0,0.25,1,"LOW MED MED",NA
25,7,161.778161717454,27,3,3.50027292549986,"M",0,0.25,1,"LOW MED MED",NA
25,8,63.8089996257559,24,0,0.499545205626717,"M",0,0.25,1,"LOW MED MED",NA
25,9,63.9464614368513,24,0,0.499718417264479,"M",0,0.25,1,"LOW MED MED",NA
25,10,153.671949269898,27,3,3.49846254949928,"M",0,0.25,1,"LOW MED MED",NA
25,11,98.2246683367698,25,1,1.4992814096643,"M",0,0.25,1,"LOW MED MED",NA
25,12,161.811979131567,28,4,4.49918687542954,"M",0,0.25,1,"LOW MED MED",NA
26,1,187.793326306138,35,10,10.499291605562,"M",0,0.25,1,"LOW MED MED",NA
26,2,96.4415525607399,26,1,1.49855694530191,"M",0,0.25,1,"LOW MED MED",NA
26,3,207.5183495493,38,13,13.5012122577956,"M",0,0.25,1,"LOW MED MED",NA
26,4,62.6689802841229,25,0,0.501131884279569,"M",0,0.25,1,"LOW MED MED",NA
26,5,156.85902466489,29,4,4.49928845993061,"M",0,0.25,1,"LOW MED MED",NA
26,6,126.965860881259,27,2,2.50012527759903,"M",0,0.25,1,"LOW MED MED",NA
26,7,108.552489132442,27,2,2.49894852025688,"M",0,0.25,1,"LOW MED MED",NA
26,8,94.8153490773752,26,1,1.49854311748978,"M",0,0.25,1,"LOW MED MED",NA
26,9,60.7917900575384,25,0,0.499506615984749,"M",0,0.25,1,"LOW MED MED",NA
26,10,98.0819366647801,26,1,1.50123614737443,"M",0,0.25,1,"LOW MED MED",NA
26,11,198.742406722586,34,9,9.50013054340676,"M",0,0.25,1,"LOW MED MED",NA
26,12,93.3432398191758,26,1,1.50004987316544,"M",0,0.25,1,"LOW MED MED",NA
26,13,123.357747683584,27,2,2.5003682890618,"M",0,0.25,1,"LOW MED MED",NA
27,1,63.3793809998107,26,0,0.499135610629211,"M",0,0.25,1,"LOW MED MED",NA
27,2,117.384888602986,28,2,2.49920416530696,"M",0,0.25,1,"LOW MED MED",NA
27,3,62.5879673891554,26,0,0.50115778832987,"M",0,0.25,1,"LOW MED MED",NA
27,4,142.144429202299,29,3,3.49934212865807,"M",0,0.25,1,"LOW MED MED",NA
27,5,182.76929358761,33,7,7.50038952616174,"M",0,0.25,1,"LOW MED MED",NA
27,6,65.2775464408767,26,0,0.500035038767582,"M",0,0.25,1,"LOW MED MED",NA
27,7,186.426155193657,32,6,6.49986298203499,"M",0,0.25,1,"LOW MED MED",NA
27,8,121.483800667114,28,2,2.50133252886345,"M",0,0.25,1,"LOW MED MED",NA
27,9,172.640210126637,33,7,7.50147256009873,"M",0,0.25,1,"LOW MED MED",NA
27,10,62.7065449912617,26,0,0.501440671709148,"M",0,0.25,1,"LOW MED MED",NA
28,1,127.067231060932,29,2,2.49888787330756,"M",0,0.25,1,"LOW MED MED",NA
28,2,104.095532340125,28,1,1.5014225985375,"M",0,0.25,1,"LOW MED MED",NA
28,3,61.377550513144,27,0,0.502128813017814,"M",0,0.25,1,"LOW MED MED",NA
28,4,161.910196848776,30,3,3.49848135996118,"M",0,0.25,1,"LOW MED MED",NA
28,5,132.623072476924,29,2,2.49901427747633,"M",0,0.25,1,"LOW MED MED",NA
28,6,191.615697603439,38,11,11.5014111613382,"M",0,0.25,1,"LOW MED MED",NA
28,7,218.278681207037,37,10,10.4997762578001,"M",0,0.25,1,"LOW MED MED",NA
28,8,94.3199426678317,28,1,1.49882716991832,"M",0,0.25,1,"LOW MED MED",NA
28,9,60.8541592714348,27,0,0.499495631872297,"M",0,0.25,1,"LOW MED MED",NA
28,10,152.314943000953,31,4,4.49901959157448,"M",0,0.25,1,"LOW MED MED",NA
28,11,160.396594860717,32,5,5.50087975953628,"M",0,0.25,1,"LOW MED MED",NA
28,12,189.745388493975,34,7,7.50081376130837,"M",0,0.25,1,"LOW MED MED",NA
28,13,156.337115343481,31,4,4.49887003588294,"M",0,0.25,1,"LOW MED MED",NA
29,1,61.1498146960819,28,0,0.501355052451025,"M",0,0.25,1,"LOW MED MED",NA
29,2,165.233937301424,36,8,8.49790640244123,"M",0,0.25,1,"LOW MED MED",NA
29,3,147.714289729356,31,3,3.49887573722706,"M",0,0.25,1,"LOW MED MED",NA
29,4,67.1497278249409,28,0,0.500373419905745,"M",0,0.25,1,"LOW MED MED",NA
29,5,141.639556188259,31,3,3.49833857416509,"M",0,0.25,1,"LOW MED MED",NA
29,6,148.57414599505,32,4,4.49931933986896,"M",0,0.25,1,"LOW MED MED",NA
29,7,95.4670766350868,29,1,1.4995814454157,"M",0,0.25,1,"LOW MED MED",NA
29,8,59.4449410387773,28,0,0.500848812129504,"M",0,0.25,1,"LOW MED MED",NA
29,9,115.246040581299,30,2,2.49905751259147,"M",0,0.25,1,"LOW MED MED",NA
29,10,200.436088230381,38,10,10.4998335023085,"M",0,0.25,1,"LOW MED MED",NA
30,1,207.083310148789,37,8,8.50093310168241,"M",0,0.25,1,"LOW MED MED",NA
30,2,197.881351043653,36,7,7.50083938665773,"M",0,0.25,1,"LOW MED MED",NA
30,3,60.369666620086,29,0,0.498826556886899,"M",0,0.25,1,"LOW MED MED",NA
30,4,98.0922897961343,30,1,1.50032511133973,"M",0,0.25,1,"LOW MED MED",NA
30,5,64.6070693171433,29,0,0.498506932272729,"M",0,0.25,1,"LOW MED MED",NA
30,6,62.2172929507615,29,0,0.500019581487145,"M",0,0.25,1,"LOW MED MED",NA
30,7,188.943710058423,39,10,10.5008823247804,"M",0,0.25,1,"LOW MED MED",NA
30,8,189.438168657576,34,5,5.4999129489557,"M",0,0.25,1,"LOW MED MED",NA
30,9,97.8799495407746,30,1,1.49952075520515,"M",0,0.25,1,"LOW MED MED",NA
30,10,96.1945541869095,30,1,1.50009078589171,"M",0,0.25,1,"LOW MED MED",NA
30,11,217.308786650406,37,8,8.50035469292552,"M",0,0.25,1,"LOW MED MED",NA
30,12,144.027457058239,32,3,3.50044505628808,"M",0,0.25,1,"LOW MED MED",NA
30,13,65.2363027576187,29,0,0.500376894938548,"M",0,0.25,1,"LOW MED MED",NA
30,14,174.113265607122,34,5,5.50055700131722,"M",0,0.25,1,"LOW MED MED",NA
31,1,62.8252529234917,30,0,0.498826740853414,"M",0,0.25,1,"LOW MED MED",NA
31,2,62.7579467698016,30,0,0.499614081425175,"M",0,0.25,1,"LOW MED MED",NA
31,3,218.056248428358,38,8,8.49905735445035,"M",0,0.25,1,"LOW MED MED",NA
31,4,185.44828594152,35,5,5.49987634690489,"M",0,0.25,1,"LOW MED MED",NA
31,5,126.449507327601,32,2,2.49855125359283,"M",0,0.25,1,"LOW MED MED",NA
31,6,99.1693104312533,31,1,1.50006040372732,"M",0,0.25,1,"LOW MED MED",NA
31,7,63.9698496955667,30,0,0.499878315764403,"M",0,0.25,1,"LOW MED MED",NA
31,8,124.495839676736,32,2,2.49964283804806,"M",0,0.25,1,"LOW MED MED",NA
31,9,97.5831686777184,31,1,1.50199269172265,"M",0,0.25,1,"LOW MED MED",NA
31,10,67.1061558147687,30,0,0.499377471081941,"M",0,0.25,1,"LOW MED MED",NA
31,11,134.634992204391,32,2,2.50057229945424,"M",0,0.25,1,"LOW MED MED",NA
31,12,128.888917861361,32,2,2.50073456318916,"M",0,0.25,1,"LOW MED MED",NA
31,13,163.541735076811,33,3,3.49860979807176,"M",0,0.25,1,"LOW MED MED",NA
32,1,121.717400566035,33,2,2.49920301901772,"M",0,0.25,1,"LOW MED MED",NA
32,2,166.871660369436,36,5,5.49930384608184,"M",0,0.25,1,"LOW MED MED",NA
32,3,211.442603312483,41,10,10.498554866283,"M",0,0.25,1,"LOW MED MED",NA
32,4,98.0354321900522,32,1,1.50086894379098,"M",0,0.25,1,"LOW MED MED",NA
32,5,164.570231719109,35,4,4.4982211256841,"M",0,0.25,1,"LOW MED MED",NA
32,6,170.704673136893,35,4,4.50078885410842,"M",0,0.25,1,"LOW MED MED",NA
32,7,137.527613585704,33,2,2.5008353184972,"M",0,0.25,1,"LOW MED MED",NA
32,8,97.3880606195732,32,1,1.5004751253797,"M",0,0.25,1,"LOW MED MED",NA
32,9,166.308426283708,35,4,4.49889996623007,"M",0,0.25,1,"LOW MED MED",NA
32,10,120.553318405462,33,2,2.49925720334495,"M",0,0.25,1,"LOW MED MED",NA
32,11,63.2266728713589,31,0,0.499830769016341,"M",0,0.25,1,"LOW MED MED",NA
32,12,201.162711099669,40,9,9.50089085399746,"M",0,0.25,1,"LOW MED MED",NA
33,1,187.690287558095,40,8,8.49997147057362,"M",0,0.25,1,"LOW MED MED",NA
33,2,102.030636603961,33,1,1.50186782759996,"M",0,0.25,1,"LOW MED MED",NA
33,3,184.803750022894,37,5,5.50021183981568,"M",0,0.25,1,"LOW MED MED",NA
33,4,62.1925188905999,32,0,0.501174335365605,"M",0,0.25,1,"LOW MED MED",NA
33,5,125.471994772626,34,2,2.49893243729666,"M",0,0.25,1,"LOW MED MED",NA
33,6,61.6510437686693,32,0,0.499201600746814,"M",0,0.25,1,"LOW MED MED",NA
33,7,125.329097671664,34,2,2.49871736623474,"M",0,0.25,1,"LOW MED MED",NA
33,8,157.064508060994,36,4,4.49979251686152,"M",0,0.25,1,"LOW MED MED",NA
33,9,203.603784883146,42,10,10.4987552486869,"M",0,0.25,1,"LOW MED MED",NA
33,10,64.3833503684355,32,0,0.501069969853291,"M",0,0.25,1,"LOW MED MED",NA
33,11,132.374875065948,34,2,2.50097192326954,"M",0,0.25,1,"LOW MED MED",NA
33,12,200.751487867699,46,14,14.5016763331974,"M",0,0.25,1,"LOW MED MED",NA
34,1,60.9957317777106,33,0,0.499839151392588,"M",0,0.25,1,"LOW MED MED",NA
34,2,137.309145195283,35,2,2.5006319825741,"M",0,0.25,1,"LOW MED MED",NA
34,3,138.317702854181,36,3,3.49973551196627,"M",0,0.25,1,"LOW MED MED",NA
34,4,61.719461908369,33,0,0.500367302299393,"M",0,0.25,1,"LOW MED MED",NA
34,5,196.118327630077,38,5,5.49960517092943,"M",0,0.25,1,"LOW MED MED",NA
34,6,62.114842745422,33,0,0.501200129584692,"M",0,0.25,1,"LOW MED MED",NA
34,7,121.684205564815,35,2,2.49972391982093,"M",0,0.25,1,"LOW MED MED",NA
34,8,166.321769627798,37,4,4.49718373866969,"M",0,0.25,1,"LOW MED MED",NA
34,9,139.448302282757,35,2,2.5009362816427,"M",0,0.25,1,"LOW MED MED",NA
34,10,59.6466595841671,33,0,0.500132006346559,"M",0,0.25,1,"LOW MED MED",NA
34,11,63.1913068530275,33,0,0.499844715028278,"M",0,0.25,1,"LOW MED MED",NA
35,1,63.4203963620039,34,0,0.499938987026452,"M",0,0.25,1,"LOW MED MED",NA
35,2,216.908964203022,43,9,9.49847779430642,"M",0,0.25,1,"LOW MED MED",NA
35,3,171.585838068443,38,4,4.49970757059185,"M",0,0.25,1,"LOW MED MED",NA
35,4,62.1968582834272,34,0,0.498330791717592,"M",0,0.25,1,"LOW MED MED",NA
35,5,170.721644083749,39,5,5.50020233464297,"M",0,0.25,1,"LOW MED MED",NA
35,6,62.5743600682783,34,0,0.500425155774353,"M",0,0.25,1,"LOW MED MED",NA
35,7,100.028380147931,35,1,1.50065300925138,"M",0,0.25,1,"LOW MED MED",NA
35,8,62.5769710325054,34,0,0.500250803016156,"M",0,0.25,1,"LOW MED MED",NA
35,9,63.6600677253997,34,0,0.499385431034076,"M",0,0.25,1,"LOW MED MED",NA
35,10,63.294756459363,34,0,0.500341347533336,"M",0,0.25,1,"LOW MED MED",NA
35,11,60.5821503703302,34,0,0.499356013309456,"M",0,0.25,1,"LOW MED MED",NA
36,1,130.317922715946,37,2,2.50012398909694,"M",0,0.25,1,"LOW MED MED",NA
36,2,197.197141341789,45,10,10.5016478353101,"M",0,0.25,1,"LOW MED MED",NA
36,3,124.038905028369,37,2,2.49965912489958,"M",0,0.25,1,"LOW MED MED",NA
36,4,105.844545871441,36,1,1.49895814397792,"M",0,0.25,1,"LOW MED MED",NA
36,5,140.242702838506,39,4,4.49984688136105,"M",0,0.25,1,"LOW MED MED",NA
36,6,98.3838726042084,36,1,1.50099699234045,"M",0,0.25,1,"LOW MED MED",NA
36,7,181.923670954247,42,7,7.50145219001785,"M",0,0.25,1,"LOW MED MED",NA
36,8,166.690341182539,40,5,5.49873565244231,"M",0,0.25,1,"LOW MED MED",NA
36,9,237.628956892688,43,8,8.49949039140809,"M",0,0.25,1,"LOW MED MED",NA
36,10,158.499545473885,39,4,4.49961113385238,"M",0,0.25,1,"LOW MED MED",NA
36,11,102.456709475359,36,1,1.49964534182542,"M",0,0.25,1,"LOW MED MED",NA
36,12,163.508889967982,39,4,4.49862020596269,"M",0,0.25,1,"LOW MED MED",NA
37,1,62.5589654836943,36,0,0.499857133431219,"M",0,0.25,1,"LOW MED MED",NA
37,2,63.0011059555278,36,0,0.500161412202879,"M",0,0.25,1,"LOW MED MED",NA
37,3,124.243301436983,38,2,2.49912114235492,"M",0,0.25,1,"LOW MED MED",NA
37,4,62.7742544062254,36,0,0.499727917448496,"M",0,0.25,1,"LOW MED MED",NA
37,5,127.085266723928,38,2,2.49856314524347,"M",0,0.25,1,"LOW MED MED",NA
37,6,62.5730146039678,36,0,0.50112379002572,"M",0,0.25,1,"LOW MED MED",NA
37,7,99.1657054586732,37,1,1.49972831221002,"M",0,0.25,1,"LOW MED MED",NA
37,8,64.6032664439175,36,0,0.499469472882917,"M",0,0.25,1,"LOW MED MED",NA
37,9,171.756664738902,42,6,6.50020090114655,"M",0,0.25,1,"LOW MED MED",NA
37,10,186.177033807544,46,10,10.4999918530441,"M",0,0.25,1,"LOW MED MED",NA
38,1,60.6651946932136,37,0,0.499736746561324,"M",0,0.25,1,"LOW MED MED",NA
38,2,169.985779949612,42,5,5.49972493982252,"M",0,0.25,1,"LOW MED MED",NA
38,3,190.319094406945,44,7,7.50041116140516,"M",0,0.25,1,"LOW MED MED",NA
38,4,64.0863107098844,37,0,0.500262209039957,"M",0,0.25,1,"LOW MED MED",NA
38,5,192.19495443117,43,6,6.50051362530141,"M",0,0.25,1,"LOW MED MED",NA
38,6,64.0819952550855,37,0,0.500424112754283,"M",0,0.25,1,"LOW MED MED",NA
38,7,97.1016671517953,38,1,1.50084462735783,"M",0,0.25,1,"LOW MED MED",NA
38,8,60.947196808469,37,0,0.498826010643696,"M",0,0.25,1,"LOW MED MED",NA
38,9,200.624364697745,45,8,8.50029424408335,"M",0,0.25,1,"LOW MED MED",NA
38,10,99.5070964325414,38,1,1.50028831361084,"M",0,0.25,1,"LOW MED MED",NA
38,11,185.380050490097,44,7,7.50046758764625,"M",0,0.25,1,"LOW MED MED",NA
39,1,125.9617624319,40,2,2.50023256071666,"M",0,0.25,1,"LOW MED MED",NA
39,2,212.414928416504,45,7,7.49961970075124,"M",0,0.25,1,"LOW MED MED",NA
39,3,101.977375373446,39,1,1.50033456437255,"M",0,0.25,1,"LOW MED MED",NA
39,4,62.8228115538737,38,0,0.500976102704243,"M",0,0.25,1,"LOW MED MED",NA
39,5,128.108577112343,40,2,2.50022707216768,"M",0,0.25,1,"LOW MED MED",NA
39,6,124.643110971755,40,2,2.50064373210106,"M",0,0.25,1,"LOW MED MED",NA
39,7,97.2298277703592,39,1,1.49767340258404,"M",0,0.25,1,"LOW MED MED",NA
39,8,96.2982702371005,39,1,1.5000428982262,"M",0,0.25,1,"LOW MED MED",NA
39,9,170.869652037575,43,5,5.50152427982379,"M",0,0.25,1,"LOW MED MED",NA
39,10,99.7226264631771,39,1,1.4992872666976,"M",0,0.25,1,"LOW MED MED",NA
39,11,131.109450266861,40,2,2.49971469239453,"M",0,0.25,1,"LOW MED MED",NA
40,1,98.3943899908715,40,1,1.49865923705019,"M",0,0.25,1,"LOW MED MED",NA
40,2,169.151064466361,43,4,4.50016880175354,"M",0,0.25,1,"LOW MED MED",NA
40,3,163.5336662799,43,4,4.49887241812599,"M",0,0.25,1,"LOW MED MED",NA
40,4,123.274415051649,41,2,2.49774396464001,"M",0,0.25,1,"LOW MED MED",NA
40,5,155.297667299333,42,3,3.49840774875151,"M",0,0.25,1,"LOW MED MED",NA
40,6,177.361572987353,43,4,4.50030277089172,"M",0,0.25,1,"LOW MED MED",NA
40,7,144.592467234004,42,3,3.49977098511242,"M",0,0.25,1,"LOW MED MED",NA
40,8,212.113794350357,47,8,8.4983665874339,"M",0,0.25,1,"LOW MED MED",NA
40,9,153.495542020751,42,3,3.50020711695991,"M",0,0.25,1,"LOW MED MED",NA
40,10,179.24643238171,46,7,7.49917972460976,"M",0,0.25,1,"LOW MED MED",NA
40,11,212.810204682085,52,13,13.5004390191809,"M",0.149721801094711,0.25,1,"LOW MED MED",NA
40,12,162.187990746833,43,4,4.4980347231016,"M",0,0.25,1,"LOW MED MED",NA
41,1,167.517576056679,44,4,4.50097909532202,"M",0,0.25,1,"LOW MED MED",NA
41,2,101.64795428041,41,1,1.49950652222642,"M",0,0.25,1,"LOW MED MED",NA
41,3,102.449380748877,41,1,1.50034992149287,"M",0,0.25,1,"LOW MED MED",NA
41,4,93.3176958084328,41,1,1.50065049342983,"M",0,0.25,1,"LOW MED MED",NA
41,5,98.8207426587032,41,1,1.50134994197815,"M",0,0.25,1,"LOW MED MED",NA
41,6,127.563395150527,42,2,2.50060553641507,"M",0,0.25,1,"LOW MED MED",NA
41,7,200.816181582439,47,7,7.49898262509447,"M",0,0.25,1,"LOW MED MED",NA
41,8,100.069639206124,41,1,1.50004099553723,"M",0,0.25,1,"LOW MED MED",NA
41,9,95.9058836806092,41,1,1.50151974022569,"M",0,0.25,1,"LOW MED MED",NA
41,10,153.853302893256,44,4,4.49936250751925,"M",0,0.25,1,"LOW MED MED",NA
41,11,126.375439802304,42,2,2.50083983552807,"M",0,0.25,1,"LOW MED MED",NA
41,12,129.82972119725,42,2,2.50409019446194,"M",0,0.25,1,"LOW MED MED",NA
41,13,198.361606957519,52,12,12.500667554207,"M",0.149721801094711,0.25,1,"LOW MED MED",NA
41,14,209.281704517969,49,9,9.49904538509043,"M",0,0.25,1,"LOW MED MED",NA
42,1,210.536438756953,50,9,9.50017045307358,"M",0.135722006158903,0.25,1,"LOW MED MED",NA
42,2,161.055101509687,45,4,4.50071841033423,"M",0,0.25,1,"LOW MED MED",NA
42,3,101.03470243528,42,1,1.49944317201189,"M",0,0.25,1,"LOW MED MED",NA
42,4,130.268865075752,43,2,2.50159212788531,"M",0,0.25,1,"LOW MED MED",NA
42,5,63.0417206773399,41,0,0.500269439315931,"M",0,0.25,1,"LOW MED MED",NA
42,6,119.218562412568,43,2,2.50064054379994,"M",0,0.25,1,"LOW MED MED",NA
42,7,63.6944515953428,41,0,0.498610543924194,"M",0,0.25,1,"LOW MED MED",NA
42,8,129.668950894851,43,2,2.50145520022111,"M",0,0.25,1,"LOW MED MED",NA
42,9,188.060935821252,47,6,6.50080505646363,"M",0,0.25,1,"LOW MED MED",NA
42,10,61.9474869820367,41,0,0.500218135634393,"M",0,0.25,1,"LOW MED MED",NA
42,11,94.503051065624,42,1,1.49986218969499,"M",0,0.25,1,"LOW MED MED",NA
42,12,62.6360471259299,41,0,0.499454189024605,"M",0,0.25,1,"LOW MED MED",NA
43,1,62.5879252986077,42,0,0.499268383242647,"M",0,0.25,1,"LOW MED MED",NA
43,2,64.061091066374,42,0,0.500633993766494,"M",0,0.25,1,"LOW MED MED",NA
43,3,63.592985248653,42,0,0.50111021357868,"M",0,0.25,1,"LOW MED MED",NA
43,4,63.661591822449,42,0,0.499133125840288,"M",0,0.25,1,"LOW MED MED",NA
43,5,103.673129083752,43,1,1.50003205679484,"M",0,0.25,1,"LOW MED MED",NA
43,6,187.442085144215,50,8,8.49962647192857,"M",0.135722006158903,0.25,1,"LOW MED MED",NA
43,7,204.229474963237,48,6,6.50153313475734,"M",0,0.25,1,"LOW MED MED",NA
43,8,163.789906892546,46,4,4.50046458676078,"M",0,0.25,1,"LOW MED MED",NA
43,9,118.796297926533,44,2,2.49962377291762,"M",0,0.25,1,"LOW MED MED",NA
43,10,144.299411769644,45,3,3.50011415889628,"M",0,0.25,1,"LOW MED MED",NA
43,11,62.4291354698989,42,0,0.50072143461814,"M",0,0.25,1,"LOW MED MED",NA
43,12,62.2647082335511,42,0,0.500103972094339,"M",0,0.25,1,"LOW MED MED",NA
44,1,99.9698822887073,44,1,1.50100804358605,"M",0,0.25,1,"LOW MED MED",NA
44,2,61.4892128361483,43,0,0.498576433876738,"M",0,0.25,1,"LOW MED MED",NA
44,3,131.618519374119,46,3,3.49965131855973,"M",0,0.25,1,"LOW MED MED",NA
44,4,121.756618503284,45,2,2.50003754969315,"M",0,0.25,1,"LOW MED MED",NA
44,5,125.34436202777,45,2,2.49838124605491,"M",0,0.25,1,"LOW MED MED",NA
44,6,162.327091198792,47,4,4.50037267710537,"M",0,0.25,1,"LOW MED MED",NA
44,7,276.277089121982,57,14,14.4987885135578,"M",0.148187190992758,0.25,1,"LOW MED MED",NA
44,8,168.258862914084,47,4,4.50102038138156,"M",0,0.25,1,"LOW MED MED",NA
44,9,141.2411814242,46,3,3.49793118275399,"M",0,0.25,1,"LOW MED MED",NA
44,10,163.561431879159,46,3,3.50022764810034,"M",0,0.25,1,"LOW MED MED",NA
45,1,178.514757578663,49,5,5.50026404961653,"M",0,0.25,1,"LOW MED MED",NA
45,2,64.6300979402767,44,0,0.498967484679787,"M",0,0.25,1,"LOW MED MED",NA
45,3,158.08204610299,48,4,4.49983142022272,"M",0,0.25,1,"LOW MED MED",NA
45,4,98.6151237096758,45,1,1.50048634088141,"M",0,0.25,1,"LOW MED MED",NA
45,5,167.161930201534,49,5,5.50035451802121,"M",0,0.25,1,"LOW MED MED",NA
45,6,203.746121586509,53,9,9.49971013407246,"M",0.161838112818077,0.25,1,"LOW MED MED",NA
45,7,177.077383452821,50,6,6.50097566640056,"FISHED",0.135722006158903,0.25,1,"LOW MED MED",NA
45,8,102.344138265681,45,1,1.5004169102367,"M",0,0.25,1,"LOW MED MED",NA
45,9,99.3589338220129,45,1,1.49997090743109,"M",0,0.25,1,"LOW MED MED",NA
45,10,171.137842507188,48,4,4.50056256082572,"M",0,0.25,1,"LOW MED MED",NA
45,11,194.852737147592,52,8,8.49965628235136,"M",0.149721801094711,0.25,1,"LOW MED MED",NA
46,1,130.281200542594,47,2,2.4997178057683,"M",0,0.25,1,"LOW MED MED",NA
46,2,64.9677366380055,45,0,0.500474356155993,"M",0,0.25,1,"LOW MED MED",NA
46,3,98.7476733667423,46,1,1.49952272441682,"M",0,0.25,1,"LOW MED MED",NA
46,4,62.7164178575725,45,0,0.499463528966132,"M",0,0.25,1,"LOW MED MED",NA
46,5,122.227871268728,47,2,2.50076929643408,"M",0,0.25,1,"LOW MED MED",NA
46,6,146.993786097297,49,4,4.49898098626615,"M",0,0.25,1,"LOW MED MED",NA
46,7,62.7923673174297,45,0,0.499752584230203,"M",0,0.25,1,"LOW MED MED",NA
46,8,64.8559547170665,45,0,0.497785543420758,"M",0,0.25,1,"LOW MED MED",NA
46,9,97.2167562616766,46,1,1.4994121654092,"M",0,0.25,1,"LOW MED MED",NA
46,10,94.6311935289345,46,1,1.49916082376896,"M",0,0.25,1,"LOW MED MED",NA
46,11,144.611236784169,48,3,3.49967953582187,"M",0,0.25,1,"LOW MED MED",NA
47,1,151.049214605354,50,4,4.49858965064154,"M",0.135722006158903,0.25,1,"LOW MED MED",NA
47,2,163.301794456756,50,4,4.50030074919776,"M",0.135722006158903,0.25,1,"LOW MED MED",NA
47,3,61.1131382521557,46,0,0.49873813039204,"M",0,0.25,1,"LOW MED MED",NA
47,4,172.858056080095,51,5,5.4990952879952,"M",0.174270758614875,0.25,1,"LOW MED MED",NA
47,5,181.922497103365,53,7,7.50082104067482,"M",0.161838112818077,0.25,1,"LOW MED MED",NA
47,6,61.9592024120333,46,0,0.502069422925222,"M",0,0.25,1,"LOW MED MED",NA
47,7,135.520690363108,48,2,2.49915425550973,"M",0,0.25,1,"LOW MED MED",NA
47,8,155.375085685376,50,4,4.49944290817447,"M",0.135722006158903,0.25,1,"LOW MED MED",NA
47,9,165.344148437168,50,4,4.50062792797892,"M",0.135722006158903,0.25,1,"LOW MED MED",NA
47,10,149.777557306446,49,3,3.50007662927492,"M",0,0.25,1,"LOW MED MED",NA
47,11,122.692809287781,48,2,2.50014060073815,"M",0,0.25,1,"LOW MED MED",NA
47,12,181.910297931104,55,9,9.49875512876073,"M",0.18625007327646,0.25,1,"LOW MED MED",NA
48,1,178.405108056148,54,7,7.5012757062463,"FISHED",0.191996473493055,0.25,1,"LOW MED MED",NA
48,2,187.146263860026,53,6,6.49956919125483,"FISHED",0.161838112818077,0.25,1,"LOW MED MED",NA
48,3,129.000890492952,49,2,2.49949569765296,"M",0,0.25,1,"LOW MED MED",NA
48,4,257.107047106908,55,8,8.50049906484888,"M",0.18625007327646,0.25,1,"LOW MED MED",NA
48,5,62.8029093550382,47,0,0.499636210436486,"M",0,0.25,1,"LOW MED MED",NA
48,6,100.790050540066,48,1,1.4992855813598,"M",0,0.25,1,"LOW MED MED",NA
48,7,192.372324682648,57,10,10.4984404595249,"FISHED",0.148187190992758,0.25,1,"LOW MED MED",NA
48,8,100.163034686117,48,1,1.49960551110066,"M",0,0.25,1,"LOW MED MED",NA
48,9,182.387274683286,52,5,5.50112716031121,"FISHED",0.149721801094711,0.25,1,"LOW MED MED",NA
48,10,150.27488188708,52,5,5.4993636343865,"M",0.149721801094711,0.25,1,"LOW MED MED",NA
48,11,62.3780354289977,47,0,0.498137698964372,"M",0,0.25,1,"LOW MED MED",NA
48,12,62.9184814343993,47,0,0.500236945695328,"M",0,0.25,1,"LOW MED MED",NA
49,1,98.0680166605622,49,1,1.50030685113574,"M",0,0.25,1,"LOW MED MED",NA
49,2,121.623830247261,50,2,2.49810864314935,"FISHED",0.135722006158903,0.25,1,"LOW MED MED",NA
49,3,61.3172864468409,48,0,0.498601133943201,"M",0,0.25,1,"LOW MED MED",NA
49,4,138.859581760178,51,3,3.50096007392424,"FISHED",0.174270758614875,0.25,1,"LOW MED MED",NA
49,5,123.455264242722,50,2,2.50138829675624,"M",0.135722006158903,0.25,1,"LOW MED MED",NA
49,6,65.2200519079307,48,0,0.500016211275308,"M",0,0.25,1,"LOW MED MED",NA
49,7,98.0094085064402,49,1,1.49929587552921,"M",0,0.25,1,"LOW MED MED",NA
49,8,134.110511087838,50,2,2.49997193115192,"FISHED",0.135722006158903,0.25,1,"LOW MED MED",NA
49,9,62.532836604502,48,0,0.500619192950493,"M",0,0.25,1,"LOW MED MED",NA
49,10,62.6859249330693,48,0,0.499674776330325,"M",0,0.25,1,"LOW MED MED",NA
50,1,160.110051306964,53,4,4.49999814753436,"M",0.161838112818077,0.25,1,"LOW MED MED",NA
50,2,149.227570876905,53,4,4.49967649515889,"M",0.161838112818077,0.25,1,"LOW MED MED",NA
50,3,99.3936828472825,50,1,1.49836803380162,"M",0.135722006158903,0.25,1,"LOW MED MED",NA
50,4,155.380323671008,52,3,3.49752183606203,"M",0.149721801094711,0.25,1,"LOW MED MED",NA
50,5,61.8549107783673,49,0,0.499995508108615,"M",0,0.25,1,"LOW MED MED",NA
50,6,59.4667952340836,49,0,0.49822138903064,"M",0,0.25,1,"LOW MED MED",NA
50,7,199.094870988734,56,7,7.49989413252745,"M",0.150875664036721,0.25,1,"LOW MED MED",NA
50,8,175.036013409806,53,4,4.49936884166672,"FISHED",0.161838112818077,0.25,1,"LOW MED MED",NA
50,9,63.7576980238543,49,0,0.501372072612456,"M",0,0.25,1,"LOW MED MED",NA
50,10,173.519226485362,54,5,5.49940202387548,"FISHED",0.191996473493055,0.25,1,"LOW MED MED",NA
50,11,159.210196600798,52,3,3.49913416108452,"M",0.149721801094711,0.25,1,"LOW MED MED",NA
50,12,97.8695961440133,50,1,1.49945516766597,"M",0.135722006158903,0.25,1,"LOW MED MED",NA
50,13,102.71324692402,50,1,1.50052199136717,"M",0.135722006158903,0.25,1,"LOW MED MED",NA
50,14,64.4361292652617,49,0,0.499602166875778,"M",0,0.25,1,"LOW MED MED",NA
50,15,154.681619953704,53,4,4.49979836310384,"M",0.161838112818077,0.25,1,"LOW MED MED",NA
50,16,101.955310508259,50,1,1.50013045454729,"M",0.135722006158903,0.25,1,"LOW MED MED",NA
51,1,122.945644051997,52,2,2.49797203983894,"M",0.149721801094711,0.25,1,"LOW MED MED",NA
51,2,189.504918935294,54,4,4.49977328046796,"FISHED",0.191996473493055,0.25,1,"LOW MED MED",NA
51,3,140.274525036845,53,3,3.50032722973468,"M",0.161838112818077,0.25,1,"LOW MED MED",NA
51,4,179.329061961216,55,5,5.49924521821257,"M",0.18625007327646,0.25,1,"LOW MED MED",NA
51,5,118.329878880551,52,2,2.49960704352555,"FISHED",0.149721801094711,0.25,1,"LOW MED MED",NA
51,6,90.6335154619957,51,1,1.50087390875518,"M",0.174270758614875,0.25,1,"LOW MED MED",NA
51,7,100.839021024801,51,1,1.50129267679526,"FISHED",0.174270758614875,0.25,1,"LOW MED MED",NA
51,8,61.9715683306367,50,0,0.499124613758884,"M",0.135722006158903,0.25,1,"LOW MED MED",NA
51,9,144.331782680513,53,3,3.50058606421377,"M",0.161838112818077,0.25,1,"LOW MED MED",NA
51,10,128.375990783762,52,2,2.50121320492051,"M",0.149721801094711,0.25,1,"LOW MED MED",NA
51,11,60.2452595250318,50,0,0.498085921866509,"M",0.135722006158903,0.25,1,"LOW MED MED",NA
51,12,92.7026266737715,51,1,1.49979139402998,"FISHED",0.174270758614875,0.25,1,"LOW MED MED",NA
52,1,187.64336171267,56,5,5.50005899772205,"M",0.150875664036721,0.25,1,"LOW MED MED",NA
52,2,63.4060318858141,51,0,0.499542471975453,"M",0.174270758614875,0.25,1,"LOW MED MED",NA
52,3,61.7478467792412,51,0,0.499906262682494,"M",0.174270758614875,0.25,1,"LOW MED MED",NA
52,4,61.3091634198368,51,0,0.501364974601841,"M",0.174270758614875,0.25,1,"LOW MED MED",NA
52,5,64.2441346652403,51,0,0.499960967083466,"FISHED",0.174270758614875,0.25,1,"LOW MED MED",NA
52,6,102.613978500877,52,1,1.49886126165899,"M",0.149721801094711,0.25,1,"LOW MED MED",NA
52,7,95.6169601412369,52,1,1.49919245116516,"M",0.149721801094711,0.25,1,"LOW MED MED",NA
52,8,64.0781910112146,51,0,0.499920110676249,"M",0.174270758614875,0.25,1,"LOW MED MED",NA
52,9,129.736304641229,53,2,2.50013768848969,"M",0.161838112818077,0.25,1,"LOW MED MED",NA
52,10,164.484004452952,55,4,4.49933334504108,"FISHED",0.18625007327646,0.25,1,"LOW MED MED",NA
52,11,100.903855112729,52,1,1.49703549171805,"M",0.149721801094711,0.25,1,"LOW MED MED",NA
52,12,149.719609941145,55,4,4.49886352668414,"FISHED",0.18625007327646,0.25,1,"LOW MED MED",NA
53,1,198.21724237445,59,7,7.49860708827503,"M",0.174776500277221,0.25,1,"LOW MED MED",NA
53,2,64.0851474582621,52,0,0.498063918033579,"M",0.149721801094711,0.25,1,"LOW MED MED",NA
53,3,64.2096716693113,52,0,0.499993627622615,"M",0.149721801094711,0.25,1,"LOW MED MED",NA
53,4,115.295114467283,54,2,2.50124330028136,"M",0.191996473493055,0.25,1,"LOW MED MED",NA
53,5,185.72865428441,57,5,5.49975040302638,"M",0.148187190992758,0.25,1,"LOW MED MED",NA
53,6,60.2895724952932,52,0,0.498563279399572,"FISHED",0.149721801094711,0.25,1,"LOW MED MED",NA
53,7,98.6470825437682,53,1,1.49881352517007,"M",0.161838112818077,0.25,1,"LOW MED MED",NA
53,8,95.2925309901706,53,1,1.50057029708287,"FISHED",0.161838112818077,0.25,1,"LOW MED MED",NA
53,9,123.250238196428,54,2,2.5002731718234,"M",0.191996473493055,0.25,1,"LOW MED MED",NA
53,10,167.143869827225,56,4,4.49999239653512,"FISHED",0.150875664036721,0.25,1,"LOW MED MED",NA
53,11,95.8003330285476,53,1,1.50048392226174,"FISHED",0.161838112818077,0.25,1,"LOW MED MED",NA
53,12,102.599160189275,53,1,1.50196949251817,"M",0.161838112818077,0.25,1,"LOW MED MED",NA
54,1,62.9308134159485,53,0,0.49839620609014,"FISHED",0.161838112818077,0.25,1,"LOW MED MED",NA
54,2,59.765340666111,53,0,0.501452748346614,"M",0.161838112818077,0.25,1,"LOW MED MED",NA
54,3,63.2593888135312,53,0,0.498820908379598,"M",0.161838112818077,0.25,1,"LOW MED MED",NA
54,4,100.356881935968,54,1,1.50134924110656,"M",0.191996473493055,0.25,1,"LOW MED MED",NA
54,5,116.42710726518,55,2,2.49890763669264,"FISHED",0.18625007327646,0.25,1,"LOW MED MED",NA
54,6,99.6935335952597,54,1,1.49894889945988,"M",0.191996473493055,0.25,1,"LOW MED MED",NA
54,7,101.19569693759,54,1,1.50058149541562,"M",0.191996473493055,0.25,1,"LOW MED MED",NA
54,8,126.260378080072,55,2,2.49783075158049,"FISHED",0.18625007327646,0.25,1,"LOW MED MED",NA
54,9,244.179743897428,63,10,10.5001769875483,"FISHED",0.106625281553715,0.25,1,"LOW MED MED",NA
54,10,98.415396905403,54,1,1.49900209471188,"M",0.191996473493055,0.25,1,"LOW MED MED",NA
54,11,62.878614565517,53,0,0.498344093192358,"M",0.161838112818077,0.25,1,"LOW MED MED",NA
55,1,61.9512189575269,54,0,0.498657864165134,"FISHED",0.191996473493055,0.25,1,"LOW MED MED",NA
55,2,64.0890856313358,54,0,0.500145803985799,"FISHED",0.191996473493055,0.25,1,"LOW MED MED",NA
55,3,62.5844337526286,54,0,0.500326307993447,"M",0.191996473493055,0.25,1,"LOW MED MED",NA
55,4,64.4770882006729,54,0,0.497813963948485,"FISHED",0.191996473493055,0.25,1,"LOW MED MED",NA
55,5,62.1865123766369,54,0,0.50059923867968,"FISHED",0.191996473493055,0.25,1,"LOW MED MED",NA
55,6,139.561761446551,57,3,3.50038316472604,"FISHED",0.148187190992758,0.25,1,"LOW MED MED",NA
55,7,61.6287159246093,54,0,0.499274685820736,"FISHED",0.191996473493055,0.25,1,"LOW MED MED",NA
55,8,191.204382980887,61,7,7.50187542573997,"M",0.155765102733858,0.25,1,"LOW MED MED",NA
55,9,60.4809541500022,54,0,0.500817981279181,"M",0.191996473493055,0.25,1,"LOW MED MED",NA
55,10,61.5797267956522,54,0,0.499577231951358,"FISHED",0.191996473493055,0.25,1,"LOW MED MED",NA
55,11,99.4801310878174,55,1,1.49929529008837,"M",0.18625007327646,0.25,1,"LOW MED MED",NA
55,12,63.2771524142544,54,0,0.499358472237821,"M",0.191996473493055,0.25,1,"LOW MED MED",NA
56,1,161.991963896985,59,4,4.50083237375691,"M",0.174776500277221,0.25,1,"LOW MED MED",NA
56,2,154.69268035253,58,3,3.49987528799789,"M",0.101670985575765,0.25,1,"LOW MED MED",NA
56,3,167.412194602853,60,5,5.49994832210009,"M",0.141638468648307,0.25,1,"LOW MED MED",NA
56,4,64.3428611937692,55,0,0.499064439483107,"FISHED",0.18625007327646,0.25,1,"LOW MED MED",NA
56,5,151.595818229136,59,4,4.49881491346506,"M",0.174776500277221,0.25,1,"LOW MED MED",NA
56,6,222.75610552249,68,13,13.500913060235,"FISHED",0.243991508940235,0.25,1,"LOW MED MED",NA
56,7,103.450734795192,56,1,1.49879233354625,"FISHED",0.150875664036721,0.25,1,"LOW MED MED",NA
56,8,126.64923683231,57,2,2.49969817289298,"FISHED",0.148187190992758,0.25,1,"LOW MED MED",NA
56,9,171.59566518691,62,7,7.49991382347963,"M",0.116106155887246,0.25,1,"LOW MED MED",NA
56,10,97.743481772263,56,1,1.50101418059535,"M",0.150875664036721,0.25,1,"LOW MED MED",NA
56,11,61.5095520729744,55,0,0.500590044534472,"M",0.18625007327646,0.25,1,"LOW MED MED",NA
56,12,61.8939012717571,55,0,0.50177985024932,"M",0.18625007327646,0.25,1,"LOW MED MED",NA
56,13,141.037557152707,58,3,3.50057240974814,"M",0.101670985575765,0.25,1,"LOW MED MED",NA
57,1,178.973075972264,63,7,7.49913377146294,"M",0.106625281553715,0.25,1,"LOW MED MED",NA
57,2,148.370062560238,59,3,3.49913286687946,"M",0.174776500277221,0.25,1,"LOW MED MED",NA
57,3,62.3063210762334,56,0,0.50040398933126,"M",0.150875664036721,0.25,1,"LOW MED MED",NA
57,4,96.8083746669883,57,1,1.50033277226983,"FISHED",0.148187190992758,0.25,1,"LOW MED MED",NA
57,5,61.8767167259876,56,0,0.499093011308576,"M",0.150875664036721,0.25,1,"LOW MED MED",NA
57,6,130.017587480398,58,2,2.50000574942846,"M",0.101670985575765,0.25,1,"LOW MED MED",NA
57,7,100.819046164431,57,1,1.49994528875361,"FISHED",0.148187190992758,0.25,1,"LOW MED MED",NA
57,8,142.197331233891,59,3,3.50040884144933,"FISHED",0.174776500277221,0.25,1,"LOW MED MED",NA
57,9,133.796451395124,58,2,2.50138143095127,"M",0.101670985575765,0.25,1,"LOW MED MED",NA
57,10,171.31365929371,62,6,6.49874424946405,"M",0.116106155887246,0.25,1,"LOW MED MED",NA
57,11,98.4953732426738,57,1,1.49925391875247,"M",0.148187190992758,0.25,1,"LOW MED MED",NA
57,12,126.690802116762,58,2,2.50114785784846,"M",0.101670985575765,0.25,1,"LOW MED MED",NA
57,13,63.0867292538676,56,0,0.500057066744954,"FISHED",0.150875664036721,0.25,1,"LOW MED MED",NA
58,1,63.4636045119212,57,0,0.500223223027107,"FISHED",0.148187190992758,0.25,1,"LOW MED MED",NA
58,2,124.623801491372,59,2,2.50068848155935,"FISHED",0.174776500277221,0.25,1,"LOW MED MED",NA
58,3,62.6845931207877,57,0,0.498412293495662,"M",0.148187190992758,0.25,1,"LOW MED MED",NA
58,4,196.563971686043,65,8,8.50045935864838,"M",0.152546471520327,0.25,1,"LOW MED MED",NA
58,5,161.037573496831,60,3,3.50037342519928,"M",0.141638468648307,0.25,1,"LOW MED MED",NA
58,6,59.6516906507612,57,0,0.501115936913532,"M",0.148187190992758,0.25,1,"LOW MED MED",NA
58,7,206.141710652824,62,5,5.49938430443094,"M",0.116106155887246,0.25,1,"LOW MED MED",NA
58,8,117.97327395813,59,2,2.49824285543353,"M",0.174776500277221,0.25,1,"LOW MED MED",NA
58,9,168.592172084849,61,4,4.50165339375764,"M",0.155765102733858,0.25,1,"LOW MED MED",NA
58,10,180.39488277031,61,4,4.50018946733119,"M",0.155765102733858,0.25,1,"LOW MED MED",NA
58,11,62.2281692558234,57,0,0.500535712525467,"M",0.148187190992758,0.25,1,"LOW MED MED",NA
58,12,168.522186884404,61,4,4.49832752420233,"M",0.155765102733858,0.25,1,"LOW MED MED",NA
58,13,99.6131688799806,58,1,1.50022524180754,"M",0.101670985575765,0.25,1,"LOW MED MED",NA
58,14,146.393176096603,60,3,3.50103794296702,"FISHED",0.141638468648307,0.25,1,"LOW MED MED",NA
59,1,219.237035136927,65,7,7.49963771953111,"M",0.152546471520327,0.25,1,"LOW MED MED",NA
59,2,169.173908922848,62,4,4.50214525456592,"M",0.116106155887246,0.25,1,"LOW MED MED",NA
59,3,64.3967608158329,58,0,0.49890272883518,"M",0.101670985575765,0.25,1,"LOW MED MED",NA
59,4,61.5887552791892,58,0,0.499348061892857,"FISHED",0.101670985575765,0.25,1,"LOW MED MED",NA
59,5,165.737437742483,62,4,4.50116064380438,"M",0.116106155887246,0.25,1,"LOW MED MED",NA
59,6,152.889090159304,63,5,5.49984484435285,"M",0.106625281553715,0.25,1,"LOW MED MED",NA
59,7,93.3809045953813,59,1,1.50019026446061,"FISHED",0.174776500277221,0.25,1,"LOW MED MED",NA
59,8,125.82894050698,60,2,2.49901216784832,"FISHED",0.141638468648307,0.25,1,"LOW MED MED",NA
59,9,158.354726291068,62,4,4.49763234142561,"M",0.116106155887246,0.25,1,"LOW MED MED",NA
59,10,91.8356392853811,59,1,1.49942364447589,"M",0.174776500277221,0.25,1,"LOW MED MED",NA
59,11,158.030434575805,61,3,3.49971950776536,"FISHED",0.155765102733858,0.25,1,"LOW MED MED",NA
60,1,185.23516079865,64,5,5.50092650030176,"FISHED",0.110416452889331,0.25,1,"LOW MED MED",NA
60,2,199.854499716201,70,11,11.4996273736137,"M",0.257387608499266,0.25,1,"LOW MED MED",NA
60,3,63.2707108974313,59,0,0.499828901082715,"M",0.174776500277221,0.25,1,"LOW MED MED",NA
60,4,100.328821182228,60,1,1.50038903269244,"M",0.141638468648307,0.25,1,"LOW MED MED",NA
60,5,187.088227620797,65,6,6.50194726119618,"M",0.152546471520327,0.25,1,"LOW MED MED",NA
60,6,60.3163105516524,59,0,0.499627120719012,"M",0.174776500277221,0.25,1,"LOW MED MED",NA
60,7,134.411539537654,61,2,2.50086890503452,"FISHED",0.155765102733858,0.25,1,"LOW MED MED",NA
60,8,63.0254830319468,59,0,0.498584011508412,"M",0.174776500277221,0.25,1,"LOW MED MED",NA
60,9,182.579366211094,66,7,7.49933904462213,"FISHED",0.118945276248269,0.25,1,"LOW MED MED",NA
60,10,62.9251311518848,59,0,0.499912463862983,"M",0.174776500277221,0.25,1,"LOW MED MED",NA
60,11,98.5956352701848,60,1,1.49831669999791,"M",0.141638468648307,0.25,1,"LOW MED MED",NA
60,12,61.2803039191675,59,0,0.500087602679436,"M",0.174776500277221,0.25,1,"LOW MED MED",NA
60,13,126.2776491557,61,2,2.50041665472018,"M",0.155765102733858,0.25,1,"LOW MED MED",NA
61,1,63.7806951316136,60,0,0.498603845855555,"FISHED",0.141638468648307,0.25,1,"LOW MED MED",NA
61,2,63.2862600212087,60,0,0.500316088461919,"M",0.141638468648307,0.25,1,"LOW MED MED",NA
61,3,63.972077324111,60,0,0.499136151391494,"M",0.141638468648307,0.25,1,"LOW MED MED",NA
61,4,124.094569901268,62,2,2.49905460941337,"FISHED",0.116106155887246,0.25,1,"LOW MED MED",NA
61,5,96.3847215770287,61,1,1.49938893036822,"FISHED",0.155765102733858,0.25,1,"LOW MED MED",NA
61,6,65.654223735568,60,0,0.499744784238448,"FISHED",0.141638468648307,0.25,1,"LOW MED MED",NA
61,7,61.3854208699354,60,0,0.498683767045116,"M",0.141638468648307,0.25,1,"LOW MED MED",NA
61,8,98.9321423890511,61,1,1.49792172870799,"M",0.155765102733858,0.25,1,"LOW MED MED",NA
61,9,60.5734976415544,60,0,0.500430156998267,"M",0.141638468648307,0.25,1,"LOW MED MED",NA
61,10,62.272798950808,60,0,0.498677863694551,"M",0.141638468648307,0.25,1,"LOW MED MED",NA
61,11,161.072866721108,63,3,3.50032321115278,"FISHED",0.106625281553715,0.25,1,"LOW MED MED",NA
61,12,98.8315835502751,61,1,1.50010983799442,"FISHED",0.155765102733858,0.25,1,"LOW MED MED",NA
61,13,156.751870207381,64,4,4.49944461988782,"M",0.110416452889331,0.25,1,"LOW MED MED",NA
62,1,62.2551660332859,61,0,0.50004245890371,"M",0.155765102733858,0.25,1,"LOW MED MED",NA
62,2,100.113090628015,62,1,1.50002456363531,"M",0.116106155887246,0.25,1,"LOW MED MED",NA
62,3,100.978878667713,62,1,1.49945983487016,"FISHED",0.116106155887246,0.25,1,"LOW MED MED",NA
62,4,179.270768766044,66,5,5.499596046776,"FISHED",0.118945276248269,0.25,1,"LOW MED MED",NA
62,5,187.594970085637,69,8,8.49953704055962,"FISHED",0.254437485407107,0.25,1,"LOW MED MED",NA
62,6,120.389729923622,63,2,2.5016099949609,"FISHED",0.106625281553715,0.25,1,"LOW MED MED",NA
62,7,61.9610784351666,61,0,0.499744266827019,"M",0.155765102733858,0.25,1,"LOW MED MED",NA
62,8,99.4766275597977,62,1,1.50014205847879,"M",0.116106155887246,0.25,1,"LOW MED MED",NA
62,9,61.9393725923975,61,0,0.501020536843964,"FISHED",0.155765102733858,0.25,1,"LOW MED MED",NA
62,10,63.3419477311481,61,0,0.500317344232664,"FISHED",0.155765102733858,0.25,1,"LOW MED MED",NA
63,1,155.943227484119,66,4,4.49991845298772,"M",0.118945276248269,0.25,1,"LOW MED MED",NA
63,2,132.287500334056,65,3,3.50044335513493,"FISHED",0.152546471520327,0.25,1,"LOW MED MED",NA
63,3,61.2219704371495,62,0,0.499892146867745,"M",0.116106155887246,0.25,1,"LOW MED MED",NA
63,4,63.4470622667259,62,0,0.500987805669731,"M",0.116106155887246,0.25,1,"LOW MED MED",NA
63,5,179.500354072199,67,5,5.50021865965753,"M",0.243757496913895,0.25,1,"LOW MED MED",NA
63,6,190.212004432069,69,7,7.50005336179129,"FISHED",0.254437485407107,0.25,1,"LOW MED MED",NA
63,7,61.8790602382124,62,0,0.499083358269384,"M",0.116106155887246,0.25,1,"LOW MED MED",NA
63,8,154.912373695093,65,3,3.50072455393368,"M",0.152546471520327,0.25,1,"LOW MED MED",NA
63,9,139.533411059577,65,3,3.49918552109993,"FISHED",0.152546471520327,0.25,1,"LOW MED MED",NA
63,10,60.6197759679988,62,0,0.500300867286694,"M",0.116106155887246,0.25,1,"LOW MED MED",NA
63,11,96.2500751443781,63,1,1.50073896038296,"FISHED",0.106625281553715,0.25,1,"LOW MED MED",NA
63,12,64.4353513331026,62,0,0.497958210675404,"FISHED",0.116106155887246,0.25,1,"LOW MED MED",NA
63,13,61.5626470225322,62,0,0.500238857081402,"M",0.116106155887246,0.25,1,"LOW MED MED",NA
64,1,139.859587123377,66,3,3.50024561583949,"M",0.118945276248269,0.25,1,"LOW MED MED",NA
64,2,62.913451396876,63,0,0.49866816909876,"M",0.106625281553715,0.25,1,"LOW MED MED",NA
64,3,62.5625422392528,63,0,0.50141246283066,"FISHED",0.106625281553715,0.25,1,"LOW MED MED",NA
64,4,120.959172458872,65,2,2.49901281842078,"M",0.152546471520327,0.25,1,"LOW MED MED",NA
64,5,125.663663014448,65,2,2.49942610833712,"M",0.152546471520327,0.25,1,"LOW MED MED",NA
64,6,204.764748912932,72,9,9.49988325091813,"FISHED",0.265502533316612,0.25,1,"LOW MED MED",NA
64,7,62.645007120369,63,0,0.499999693605976,"M",0.106625281553715,0.25,1,"LOW MED MED",NA
64,8,64.3696475049165,63,0,0.499288662919511,"M",0.106625281553715,0.25,1,"LOW MED MED",NA
64,9,93.5274879389238,64,1,1.49973084389051,"FISHED",0.110416452889331,0.25,1,"LOW MED MED",NA
64,10,60.4040030901469,63,0,0.499292964269075,"FISHED",0.106625281553715,0.25,1,"LOW MED MED",NA
64,11,210.78639828146,72,9,9.49972429547639,"M",0.265502533316612,0.25,1,"LOW MED MED",NA
65,1,151.054630959125,67,3,3.50122963823567,"M",0.243757496913895,0.25,1,"LOW MED MED",NA
65,2,165.604055550643,67,3,3.50154260728719,"M",0.243757496913895,0.25,1,"LOW MED MED",NA
65,3,93.9421657500551,65,1,1.49998148348602,"M",0.152546471520327,0.25,1,"LOW MED MED",NA
65,4,102.72217951306,65,1,1.49948611835219,"M",0.152546471520327,0.25,1,"LOW MED MED",NA
65,5,205.986504584513,71,7,7.50111280090684,"M",0.272632058197632,0.25,1,"LOW MED MED",NA
65,6,93.094861542196,65,1,1.50061241422765,"FISHED",0.152546471520327,0.25,1,"LOW MED MED",NA
65,7,140.993137944502,67,3,3.50048418418613,"FISHED",0.243757496913895,0.25,1,"LOW MED MED",NA
65,8,107.094323148379,65,1,1.49789452119423,"M",0.152546471520327,0.25,1,"LOW MED MED",NA
65,9,173.90559267805,68,4,4.50015460278895,"M",0.243991508940235,0.25,1,"LOW MED MED",NA
65,10,120.623043376471,66,2,2.5011143681973,"FISHED",0.118945276248269,0.25,1,"LOW MED MED",NA
66,1,142.664587378097,67,2,2.5008489076238,"M",0.243757496913895,0.25,1,"LOW MED MED",NA
66,2,139.247452401124,67,2,2.50015730689046,"M",0.243757496913895,0.25,1,"LOW MED MED",NA
66,3,95.4671160568374,66,1,1.50045968785776,"M",0.118945276248269,0.25,1,"LOW MED MED",NA
66,4,144.243121353905,68,3,3.49805951733349,"M",0.243991508940235,0.25,1,"LOW MED MED",NA
66,5,134.176093557729,67,2,2.49817819801955,"FISHED",0.243757496913895,0.25,1,"LOW MED MED",NA
66,6,98.3109692350533,66,1,1.50052452540469,"M",0.118945276248269,0.25,1,"LOW MED MED",NA
66,7,65.8495655418836,65,0,0.500741924709135,"M",0.152546471520327,0.25,1,"LOW MED MED",NA
66,8,152.321830936007,68,3,3.5014687446954,"M",0.243991508940235,0.25,1,"LOW MED MED",NA
66,9,63.8621021035519,65,0,0.502964966555478,"M",0.152546471520327,0.25,1,"LOW MED MED",NA
66,10,132.045668323695,67,2,2.50116624852818,"M",0.243757496913895,0.25,1,"LOW MED MED",NA
66,11,63.3473659609619,65,0,0.499094078517893,"FISHED",0.152546471520327,0.25,1,"LOW MED MED",NA
66,12,130.648500690836,67,2,2.50008995709423,"FISHED",0.243757496913895,0.25,1,"LOW MED MED",NA
67,1,194.777275772652,79,13,13.5017035063946,"M",0.215189101709984,0.25,1,"LOW MED MED",NA
67,2,131.95644159175,68,2,2.49939822287284,"M",0.243991508940235,0.25,1,"LOW MED MED",NA
67,3,62.7882139460571,66,0,0.498752019443663,"FISHED",0.118945276248269,0.25,1,"LOW MED MED",NA
67,4,64.0195241732973,66,0,0.497832116710934,"M",0.118945276248269,0.25,1,"LOW MED MED",NA
67,5,63.1245168994791,66,0,0.499245763557699,"M",0.118945276248269,0.25,1,"LOW MED MED",NA
67,6,129.142746108699,68,2,2.49836265476546,"FISHED",0.243991508940235,0.25,1,"LOW MED MED",NA
67,7,102.600413044117,67,1,1.4992016803423,"M",0.243757496913895,0.25,1,"LOW MED MED",NA
67,8,130.814229059541,68,2,2.50111175763191,"M",0.243991508940235,0.25,1,"LOW MED MED",NA
67,9,59.851430585528,66,0,0.501394990592539,"FISHED",0.118945276248269,0.25,1,"LOW MED MED",NA
67,10,142.60030766699,69,3,3.50081894785563,"FISHED",0.254437485407107,0.25,1,"LOW MED MED",NA
67,11,60.7584269429296,66,0,0.501767452948854,"FISHED",0.118945276248269,0.25,1,"LOW MED MED",NA
68,1,93.4745255825132,68,1,1.49798558853874,"FISHED",0.243991508940235,0.25,1,"LOW MED MED",NA
68,2,64.8547150909667,67,0,0.498924456901624,"FISHED",0.243757496913895,0.25,1,"LOW MED MED",NA
68,3,60.4665473526932,67,0,0.500747212322743,"FISHED",0.243757496913895,0.25,1,"LOW MED MED",NA
68,4,119.821699587084,69,2,2.50106701801395,"M",0.254437485407107,0.25,1,"LOW MED MED",NA
68,5,96.1477647546994,68,1,1.50113484695462,"FISHED",0.243991508940235,0.25,1,"LOW MED MED",NA
68,6,100.303396792021,68,1,1.49904300116924,"M",0.243991508940235,0.25,1,"LOW MED MED",NA
68,7,65.9456217825706,67,0,0.501463997642773,"FISHED",0.243757496913895,0.25,1,"LOW MED MED",NA
68,8,196.118114898056,74,7,7.49990549646483,"M",0.262379148532636,0.25,1,"LOW MED MED",NA
68,9,62.4936033645555,67,0,0.499252006061044,"M",0.243757496913895,0.25,1,"LOW MED MED",NA
68,10,61.7695497323536,67,0,0.499930108586285,"M",0.243757496913895,0.25,1,"LOW MED MED",NA
68,11,113.961979574455,69,2,2.49972528141952,"FISHED",0.254437485407107,0.25,1,"LOW MED MED",NA
68,12,97.0503675023225,68,1,1.50141240373041,"FISHED",0.243991508940235,0.25,1,"LOW MED MED",NA
68,13,174.771152881719,71,4,4.50173274453913,"FISHED",0.272632058197632,0.25,1,"LOW MED MED",NA
68,14,134.656051161468,69,2,2.50163060411625,"M",0.254437485407107,0.25,1,"LOW MED MED",NA
69,1,184.887772878017,77,9,9.49954269838953,"FISHED",0.238102277065627,0.25,1,"LOW MED MED",NA
69,2,160.432369374429,71,3,3.50012056888452,"M",0.272632058197632,0.25,1,"LOW MED MED",NA
69,3,63.8807855022771,68,0,0.499923515539183,"M",0.243991508940235,0.25,1,"LOW MED MED",NA
69,4,63.7221229016772,68,0,0.500555644531377,"FISHED",0.243991508940235,0.25,1,"LOW MED MED",NA
69,5,154.097377608862,71,3,3.49996159329301,"FISHED",0.272632058197632,0.25,1,"LOW MED MED",NA
69,6,60.888959049549,68,0,0.500079096771896,"M",0.243991508940235,0.25,1,"LOW MED MED",NA
69,7,62.3774984340117,68,0,0.500240990480966,"FISHED",0.243991508940235,0.25,1,"LOW MED MED",NA
69,8,66.705418841552,68,0,0.50266535123302,"FISHED",0.243991508940235,0.25,1,"LOW MED MED",NA
69,9,61.5453236619166,68,0,0.500406554111185,"M",0.243991508940235,0.25,1,"LOW MED MED",NA
69,10,148.129749739945,71,3,3.49922648618203,"FISHED",0.272632058197632,0.25,1,"LOW MED MED",NA
69,11,64.0119698436823,68,0,0.498662991890297,"M",0.243991508940235,0.25,1,"LOW MED MED",NA
70,1,62.5842900122731,69,0,0.499959241157977,"M",0.254437485407107,0.25,1,"LOW MED MED",NA
70,2,62.9185590077403,69,0,0.50071722301597,"FISHED",0.254437485407107,0.25,1,"LOW MED MED",NA
70,3,62.7070764419197,69,0,0.499787083059058,"M",0.254437485407107,0.25,1,"LOW MED MED",NA
70,4,131.656866369044,71,2,2.49938678146383,"M",0.272632058197632,0.25,1,"LOW MED MED",NA
70,5,145.118778459071,72,3,3.50136367593695,"M",0.265502533316612,0.25,1,"LOW MED MED",NA
70,6,63.4230088969258,69,0,0.498840346671427,"FISHED",0.254437485407107,0.25,1,"LOW MED MED",NA
70,7,99.0012198737977,70,1,1.50078696612884,"FISHED",0.257387608499266,0.25,1,"LOW MED MED",NA
70,8,99.4836917816176,70,1,1.50173187235387,"M",0.257387608499266,0.25,1,"LOW MED MED",NA
70,9,96.4272356610105,70,1,1.50262514703381,"FISHED",0.257387608499266,0.25,1,"LOW MED MED",NA
70,10,99.9765170676548,70,1,1.50204624171558,"M",0.257387608499266,0.25,1,"LOW MED MED",NA
70,11,60.4306300768337,69,0,0.499971463407376,"M",0.254437485407107,0.25,1,"LOW MED MED",NA
71,1,129.857674666648,72,2,2.49995196664544,"M",0.265502533316612,0.25,1,"LOW MED MED",NA
71,2,131.061859143343,72,2,2.49891935152198,"M",0.265502533316612,0.25,1,"LOW MED MED",NA
71,3,94.468284404067,71,1,1.49938233675997,"FISHED",0.272632058197632,0.25,1,"LOW MED MED",NA
71,4,93.6973758696564,71,1,1.49807937687596,"M",0.272632058197632,0.25,1,"LOW MED MED",NA
71,5,61.2997221435528,70,0,0.501948832466978,"M",0.257387608499266,0.25,1,"LOW MED MED",NA
71,6,153.62605838541,73,3,3.50062695901663,"M",0.216180343786255,0.25,1,"LOW MED MED",NA
71,7,64.7243348533236,70,0,0.499708755510549,"FISHED",0.257387608499266,0.25,1,"LOW MED MED",NA
71,8,211.036715832709,77,7,7.50022098796577,"M",0.238102277065627,0.25,1,"LOW MED MED",NA
71,9,60.4476329506649,70,0,0.500784837811001,"FISHED",0.257387608499266,0.25,1,"LOW MED MED",NA
71,10,64.2744034694633,70,0,0.499385385258755,"FISHED",0.257387608499266,0.25,1,"LOW MED MED",NA
71,11,64.5204494216291,70,0,0.499849516226357,"FISHED",0.257387608499266,0.25,1,"LOW MED MED",NA
71,12,61.353815734274,70,0,0.500588724491876,"M",0.257387608499266,0.25,1,"LOW MED MED",NA
71,13,61.5594084728128,70,0,0.500624076486688,"M",0.257387608499266,0.25,1,"LOW MED MED",NA
72,1,172.229117998926,77,6,6.49937017317486,"FISHED",0.238102277065627,0.25,1,"LOW MED MED",NA
72,2,98.865396219006,72,1,1.49950209389866,"FISHED",0.265502533316612,0.25,1,"LOW MED MED",NA
72,3,64.3392188923939,71,0,0.498787379297202,"M",0.272632058197632,0.25,1,"LOW MED MED",NA
72,4,100.090242147562,72,1,1.4992060268645,"M",0.265502533316612,0.25,1,"LOW MED MED",NA
72,5,161.653500003956,74,3,3.49930397965056,"M",0.262379148532636,0.25,1,"LOW MED MED",NA
72,6,63.2773136531573,71,0,0.500714336563803,"M",0.272632058197632,0.25,1,"LOW MED MED",NA
72,7,161.680434892889,75,4,4.50089916553764,"FISHED",0.231066222861409,0.25,1,"LOW MED MED",NA
72,8,62.0163671661439,71,0,0.49910325154583,"M",0.272632058197632,0.25,1,"LOW MED MED",NA
72,9,101.52903961998,72,1,1.50035712669905,"M",0.265502533316612,0.25,1,"LOW MED MED",NA
72,10,95.5273483350614,72,1,1.49804843304231,"FISHED",0.265502533316612,0.25,1,"LOW MED MED",NA
73,1,97.2168491270574,73,1,1.49830835927254,"M",0.216180343786255,0.25,1,"LOW MED MED",NA
73,2,61.3697323905647,72,0,0.499384993689536,"M",0.265502533316612,0.25,1,"LOW MED MED",NA
73,3,64.593872224702,72,0,0.500050917360529,"M",0.265502533316612,0.25,1,"LOW MED MED",NA
73,4,65.2388754003538,72,0,0.502625485046206,"FISHED",0.265502533316612,0.25,1,"LOW MED MED",NA
73,5,126.971450115871,74,2,2.50047768095312,"M",0.262379148532636,0.25,1,"LOW MED MED",NA
73,6,95.1024950036067,73,1,1.49929730166941,"M",0.216180343786255,0.25,1,"LOW MED MED",NA
73,7,101.786723484102,73,1,1.5019321113682,"FISHED",0.216180343786255,0.25,1,"LOW MED MED",NA
73,8,128.938479473029,74,2,2.49974083218866,"M",0.262379148532636,0.25,1,"LOW MED MED",NA
73,9,144.265822399203,75,3,3.50132189257152,"M",0.231066222861409,0.25,1,"LOW MED MED",NA
73,10,150.931954225495,75,3,3.50126589253223,"FISHED",0.231066222861409,0.25,1,"LOW MED MED",NA
73,11,60.7416778486654,72,0,0.499799323481999,"M",0.265502533316612,0.25,1,"LOW MED MED",NA
73,12,61.9752247994763,72,0,0.49966990391498,"FISHED",0.265502533316612,0.25,1,"LOW MED MED",NA
73,13,205.853404846001,78,6,6.49954082448531,"FISHED",0.244562980555929,0.25,1,"LOW MED MED",NA
74,1,61.6561582589867,73,0,0.497440083937879,"M",0.216180343786255,0.25,1,"LOW MED MED",NA
74,2,149.98733901896,76,3,3.50058140851646,"FISHED",0.266774326469749,0.25,1,"LOW MED MED",NA
74,3,60.8347740441608,73,0,0.500009572091294,"M",0.216180343786255,0.25,1,"LOW MED MED",NA
74,4,65.0928498407628,73,0,0.49944525057397,"M",0.216180343786255,0.25,1,"LOW MED MED",NA
74,5,96.411930580109,74,1,1.4978370852099,"M",0.262379148532636,0.25,1,"LOW MED MED",NA
74,6,127.709088229204,75,2,2.49949160858507,"M",0.231066222861409,0.25,1,"LOW MED MED",NA
74,7,61.7195393474105,73,0,0.500493384545425,"M",0.216180343786255,0.25,1,"LOW MED MED",NA
74,8,95.9636512276054,74,1,1.50144265914505,"M",0.262379148532636,0.25,1,"LOW MED MED",NA
74,9,61.5838916280195,73,0,0.500784976797272,"M",0.216180343786255,0.25,1,"LOW MED MED",NA
74,10,62.1511658045887,73,0,0.499007227972886,"FISHED",0.216180343786255,0.25,1,"LOW MED MED",NA
74,11,127.483334052639,75,2,2.49961093559613,"M",0.231066222861409,0.25,1,"LOW MED MED",NA
75,1,168.432041698348,78,4,4.5001785249138,"M",0.244562980555929,0.25,1,"LOW MED MED",NA
75,2,167.745194303165,78,4,4.49762509762537,"M",0.244562980555929,0.25,1,"LOW MED MED",NA
75,3,61.4763289511443,74,0,0.500541728153176,"FISHED",0.262379148532636,0.25,1,"LOW MED MED",NA
75,4,129.924361497033,76,2,2.50152942931796,"FISHED",0.266774326469749,0.25,1,"LOW MED MED",NA
75,5,60.8984251254199,74,0,0.500379363153541,"FISHED",0.262379148532636,0.25,1,"LOW MED MED",NA
75,6,229.806917463779,87,13,13.4996051434351,"FISHED",0.210329280374572,0.25,1,"LOW MED MED",NA
75,7,126.669133127916,76,2,2.49958865026228,"FISHED",0.266774326469749,0.25,1,"LOW MED MED",NA
75,8,98.5796870927488,75,1,1.50114140923664,"FISHED",0.231066222861409,0.25,1,"LOW MED MED",NA
75,9,61.3578653895038,74,0,0.50004783091122,"M",0.262379148532636,0.25,1,"LOW MED MED",NA
75,10,62.3944473547949,74,0,0.499763112685172,"FISHED",0.262379148532636,0.25,1,"LOW MED MED",NA
75,11,64.5039576329507,74,0,0.499739358564771,"FISHED",0.262379148532636,0.25,1,"LOW MED MED",NA
75,12,176.508126585942,78,4,4.50009236308406,"M",0.244562980555929,0.25,1,"LOW MED MED",NA
75,13,148.924594252868,77,3,3.5001569108652,"FISHED",0.238102277065627,0.25,1,"LOW MED MED",NA
76,1,61.8354654063941,75,0,0.500092043172934,"FISHED",0.231066222861409,0.25,1,"LOW MED MED",NA
76,2,62.9275999714831,75,0,0.500074438830071,"FISHED",0.231066222861409,0.25,1,"LOW MED MED",NA
76,3,92.9096002364654,76,1,1.50033384413062,"M",0.266774326469749,0.25,1,"LOW MED MED",NA
76,4,121.473252306004,77,2,2.50075080380962,"M",0.238102277065627,0.25,1,"LOW MED MED",NA
76,5,107.577704790583,76,1,1.50185414846498,"M",0.266774326469749,0.25,1,"LOW MED MED",NA
76,6,131.386706762443,77,2,2.50085082140849,"FISHED",0.238102277065627,0.25,1,"LOW MED MED",NA
76,7,132.886321522722,77,2,2.49858091031914,"M",0.238102277065627,0.25,1,"LOW MED MED",NA
76,8,99.2697079736868,76,1,1.50128211405355,"FISHED",0.266774326469749,0.25,1,"LOW MED MED",NA
76,9,105.582304632281,76,1,1.50200131961761,"M",0.266774326469749,0.25,1,"LOW MED MED",NA
76,10,101.202223661977,76,1,1.50075467423929,"M",0.266774326469749,0.25,1,"LOW MED MED",NA
76,11,103.369981383337,76,1,1.5013294512424,"FISHED",0.266774326469749,0.25,1,"LOW MED MED",NA
76,12,95.5141652124053,76,1,1.50012313753166,"M",0.266774326469749,0.25,1,"LOW MED MED",NA
76,13,64.1682127334363,75,0,0.500688252410007,"FISHED",0.231066222861409,0.25,1,"LOW MED MED",NA
76,14,62.3061544152592,75,0,0.499883732605876,"M",0.231066222861409,0.25,1,"LOW MED MED",NA
77,1,64.3997533145556,76,0,0.499167127832741,"M",0.266774326469749,0.25,1,"LOW MED MED",NA
77,2,128.141436586246,78,2,2.50210769771981,"M",0.244562980555929,0.25,1,"LOW MED MED",NA
77,3,98.0114155750845,77,1,1.49857068132924,"FISHED",0.238102277065627,0.25,1,"LOW MED MED",NA
77,4,97.8054266322089,77,1,1.49953707225325,"M",0.238102277065627,0.25,1,"LOW MED MED",NA
77,5,63.0645333867473,76,0,0.499421104831313,"FISHED",0.266774326469749,0.25,1,"LOW MED MED",NA
77,6,166.965389805234,81,5,5.50090870182605,"M",0.25091408463195,0.25,1,"LOW MED MED",NA
77,7,98.8714954486799,77,1,1.5011388275984,"FISHED",0.238102277065627,0.25,1,"LOW MED MED",NA
77,8,158.181256090573,79,3,3.50095912621859,"M",0.215189101709984,0.25,1,"LOW MED MED",NA
77,9,137.928011308567,78,2,2.50060457922164,"M",0.244562980555929,0.25,1,"LOW MED MED",NA
77,10,61.3563730097346,76,0,0.499472218015231,"FISHED",0.266774326469749,0.25,1,"LOW MED MED",NA
77,11,61.7550506429789,76,0,0.498314143111077,"FISHED",0.266774326469749,0.25,1,"LOW MED MED",NA
78,1,94.7591986702417,78,1,1.50083481313382,"M",0.244562980555929,0.25,1,"LOW MED MED",NA
78,2,194.674142061404,82,5,5.49996685651958,"FISHED",0.296069084387273,0.25,1,"LOW MED MED",NA
78,3,158.629828222814,80,3,3.50094743133745,"FISHED",0.239193797647022,0.25,1,"LOW MED MED",NA
78,4,63.0077934923579,77,0,0.498944031489528,"FISHED",0.238102277065627,0.25,1,"LOW MED MED",NA
78,5,175.275289465193,82,5,5.50022754173488,"FISHED",0.296069084387273,0.25,1,"LOW MED MED",NA
78,6,120.105449550248,79,2,2.49809327561099,"FISHED",0.215189101709984,0.25,1,"LOW MED MED",NA
78,7,100.598410902128,78,1,1.49932440287342,"FISHED",0.244562980555929,0.25,1,"LOW MED MED",NA
78,8,123.307529225094,79,2,2.50021434248648,"FISHED",0.215189101709984,0.25,1,"LOW MED MED",NA
78,9,102.927226676875,78,1,1.50041550197716,"FISHED",0.244562980555929,0.25,1,"LOW MED MED",NA
78,10,148.947833041322,82,5,5.49853165712415,"M",0.296069084387273,0.25,1,"LOW MED MED",NA
79,1,94.5431423551858,79,1,1.49856681663266,"M",0.215189101709984,0.25,1,"LOW MED MED",NA
79,2,181.078745464879,83,5,5.49955205692349,"FISHED",0.244726606504992,0.25,1,"LOW MED MED",NA
79,3,132.773336288098,81,3,3.49968566406946,"FISHED",0.25091408463195,0.25,1,"LOW MED MED",NA
79,4,152.085438995412,82,4,4.50128997458844,"FISHED",0.296069084387273,0.25,1,"LOW MED MED",NA
79,5,95.4446627835277,79,1,1.49898891418139,"M",0.215189101709984,0.25,1,"LOW MED MED",NA
79,6,97.7623548210824,79,1,1.49953213475348,"FISHED",0.215189101709984,0.25,1,"LOW MED MED",NA
79,7,62.3489736901187,78,0,0.501545035416413,"FISHED",0.244562980555929,0.25,1,"LOW MED MED",NA
79,8,93.5005713186365,79,1,1.49879685341086,"M",0.215189101709984,0.25,1,"LOW MED MED",NA
79,9,61.9842942723426,78,0,0.499117275751331,"M",0.244562980555929,0.25,1,"LOW MED MED",NA
79,10,148.79493698738,81,3,3.50067042392423,"FISHED",0.25091408463195,0.25,1,"LOW MED MED",NA
79,11,95.048846226068,79,1,1.50110151200775,"M",0.215189101709984,0.25,1,"LOW MED MED",NA
79,12,60.2846610298259,78,0,0.499586236059829,"FISHED",0.244562980555929,0.25,1,"LOW MED MED",NA
79,13,97.0974220690078,79,1,1.49958818390016,"M",0.215189101709984,0.25,1,"LOW MED MED",NA
80,1,60.2125990878734,79,0,0.501510908774939,"FISHED",0.215189101709984,0.25,1,"LOW MED MED",NA
80,2,60.8255248106817,79,0,0.500467029839546,"FISHED",0.215189101709984,0.25,1,"LOW MED MED",NA
80,3,124.767971695205,81,2,2.50130275302813,"M",0.25091408463195,0.25,1,"LOW MED MED",NA
80,4,61.768903290096,79,0,0.50075208652703,"FISHED",0.215189101709984,0.25,1,"LOW MED MED",NA
80,5,197.434851014106,85,6,6.50042237664764,"M",0.289666200336069,0.25,1,"LOW MED MED",NA
80,6,61.9846118840431,79,0,0.500760914089587,"FISHED",0.215189101709984,0.25,1,"LOW MED MED",NA
80,7,66.9215172511953,79,0,0.499242404070056,"FISHED",0.215189101709984,0.25,1,"LOW MED MED",NA
80,8,165.561708670151,83,4,4.49889882603817,"FISHED",0.244726606504992,0.25,1,"LOW MED MED",NA
80,9,130.819854909762,81,2,2.49982392471387,"M",0.25091408463195,0.25,1,"LOW MED MED",NA
80,10,133.706132337555,81,2,2.49958264707188,"M",0.25091408463195,0.25,1,"LOW MED MED",NA
80,11,59.4415403276901,79,0,0.499498358200136,"FISHED",0.215189101709984,0.25,1,"LOW MED MED",NA
81,1,59.7499447872468,80,0,0.498149676075218,"FISHED",0.239193797647022,0.25,1,"LOW MED MED",NA
81,2,62.1277981152447,80,0,0.501302318408943,"M",0.239193797647022,0.25,1,"LOW MED MED",NA
81,3,169.305095343023,84,4,4.50004385114801,"M",0.280082577001303,0.25,1,"LOW MED MED",NA
81,4,207.758425071983,85,5,5.5016438390363,"M",0.289666200336069,0.25,1,"LOW MED MED",NA
81,5,61.8639121221859,80,0,0.499227396289415,"FISHED",0.239193797647022,0.25,1,"LOW MED MED",NA
81,6,145.035711408439,83,3,3.49953672072481,"M",0.244726606504992,0.25,1,"LOW MED MED",NA
81,7,102.401975626242,81,1,1.50016248448835,"M",0.25091408463195,0.25,1,"LOW MED MED",NA
81,8,94.6687487335023,81,1,1.49969434008732,"M",0.25091408463195,0.25,1,"LOW MED MED",NA
81,9,61.58465433282,80,0,0.499053908374562,"FISHED",0.239193797647022,0.25,1,"LOW MED MED",NA
81,10,62.1610359913187,80,0,0.497475814021899,"FISHED",0.239193797647022,0.25,1,"LOW MED MED",NA
82,1,120.907578495792,83,2,2.49926892109945,"M",0.244726606504992,0.25,1,"LOW MED MED",NA
82,2,139.723595878996,84,3,3.50087613902581,"FISHED",0.280082577001303,0.25,1,"LOW MED MED",NA
82,3,129.43169007566,83,2,2.49804854110514,"M",0.244726606504992,0.25,1,"LOW MED MED",NA
82,4,63.5803915002116,81,0,0.500232653692056,"M",0.25091408463195,0.25,1,"LOW MED MED",NA
82,5,95.6134860185411,82,1,1.50130931517073,"FISHED",0.296069084387273,0.25,1,"LOW MED MED",NA
82,6,63.3203350753469,81,0,0.498427842638641,"M",0.25091408463195,0.25,1,"LOW MED MED",NA
82,7,61.2185844023207,81,0,0.49851075455713,"M",0.25091408463195,0.25,1,"LOW MED MED",NA
82,8,99.0424514281912,82,1,1.50000511193274,"M",0.296069084387273,0.25,1,"LOW MED MED",NA
82,9,94.9819894074372,82,1,1.50012686973414,"M",0.296069084387273,0.25,1,"LOW MED MED",NA
82,10,128.023397276279,83,2,2.50118573303644,"M",0.244726606504992,0.25,1,"LOW MED MED",NA
82,11,98.4421488343845,82,1,1.49983492221962,"M",0.296069084387273,0.25,1,"LOW MED MED",NA
83,1,95.1731425658976,83,1,1.49971059667699,"FISHED",0.244726606504992,0.25,1,"LOW MED MED",NA
83,2,100.476601548053,83,1,1.50005754013402,"M",0.244726606504992,0.25,1,"LOW MED MED",NA
83,3,149.445373216146,85,3,3.4979298795264,"FISHED",0.289666200336069,0.25,1,"LOW MED MED",NA
83,4,126.639854021003,84,2,2.49884222347355,"FISHED",0.280082577001303,0.25,1,"LOW MED MED",NA
83,5,63.3777546979552,82,0,0.500360677921337,"FISHED",0.296069084387273,0.25,1,"LOW MED MED",NA
83,6,63.5062708669305,82,0,0.499163280056608,"FISHED",0.296069084387273,0.25,1,"LOW MED MED",NA
83,7,62.6931196761777,82,0,0.498796712056393,"M",0.296069084387273,0.25,1,"LOW MED MED",NA
83,8,101.189306049865,83,1,1.50007650878975,"FISHED",0.244726606504992,0.25,1,"LOW MED MED",NA
83,9,93.0848779341512,83,1,1.49960867532032,"M",0.244726606504992,0.25,1,"LOW MED MED",NA
83,10,207.259248336048,93,11,11.500980017028,"FISHED",0.2078941028798,0.25,1,"LOW MED MED",NA
83,11,60.4376037611998,82,0,0.500786593022849,"FISHED",0.296069084387273,0.25,1,"LOW MED MED",NA
84,1,205.395562407747,90,7,7.49928673077866,"FISHED",0.25578069628682,0.25,1,"LOW MED MED",NA
84,2,64.5210136782025,83,0,0.499806268035494,"FISHED",0.244726606504992,0.25,1,"LOW MED MED",NA
84,3,150.140737379391,86,3,3.49819947789143,"M",0.289398801070638,0.25,1,"LOW MED MED",NA
84,4,117.155542843856,85,2,2.49852754803639,"FISHED",0.289666200336069,0.25,1,"LOW MED MED",NA
84,5,59.0787995793788,83,0,0.500033998550835,"FISHED",0.244726606504992,0.25,1,"LOW MED MED",NA
84,6,215.655444635527,90,7,7.50128899428515,"FISHED",0.25578069628682,0.25,1,"LOW MED MED",NA
84,7,158.936172755757,87,4,4.50130334914344,"M",0.210329280374572,0.25,1,"LOW MED MED",NA
84,8,172.176376681748,88,5,5.5006776093655,"FISHED",0.232086738245562,0.25,1,"LOW MED MED",NA
84,9,62.0217757598913,83,0,0.498643367848413,"FISHED",0.244726606504992,0.25,1,"LOW MED MED",NA
84,10,146.053101569505,86,3,3.49990967592976,"FISHED",0.289398801070638,0.25,1,"LOW MED MED",NA
84,11,63.9029180077119,83,0,0.499271660808359,"M",0.244726606504992,0.25,1,"LOW MED MED",NA
84,12,62.7017967536922,83,0,0.498804685129645,"FISHED",0.244726606504992,0.25,1,"LOW MED MED",NA
84,13,167.387645038209,88,5,5.49981007864883,"FISHED",0.232086738245562,0.25,1,"LOW MED MED",NA
85,1,61.1845482316707,84,0,0.500362814242371,"FISHED",0.280082577001303,0.25,1,"LOW MED MED",NA
85,2,63.6805744890221,84,0,0.498876891657302,"M",0.280082577001303,0.25,1,"LOW MED MED",NA
85,3,63.1422061712423,84,0,0.501678627270794,"M",0.280082577001303,0.25,1,"LOW MED MED",NA
85,4,65.164514468087,84,0,0.5004709805075,"M",0.280082577001303,0.25,1,"LOW MED MED",NA
85,5,62.0978097737293,84,0,0.499377322289885,"M",0.280082577001303,0.25,1,"LOW MED MED",NA
85,6,100.752918116468,85,1,1.49940650985521,"M",0.289666200336069,0.25,1,"LOW MED MED",NA
85,7,123.669079197475,86,2,2.49947493826219,"FISHED",0.289398801070638,0.25,1,"LOW MED MED",NA
85,8,180.118613042928,88,4,4.50074949453815,"M",0.232086738245562,0.25,1,"LOW MED MED",NA
85,9,62.2551792874156,84,0,0.50038024695932,"FISHED",0.280082577001303,0.25,1,"LOW MED MED",NA
85,10,59.6431825639524,84,0,0.502252722582243,"FISHED",0.280082577001303,0.25,1,"LOW MED MED",NA
85,11,177.864413481836,89,5,5.50068527227817,"M",0.225283359689638,0.25,1,"LOW MED MED",NA
85,12,62.1006191556796,84,0,0.500623880960497,"M",0.280082577001303,0.25,1,"LOW MED MED",NA
85,13,96.2325422892989,85,1,1.49961780555927,"FISHED",0.289666200336069,0.25,1,"LOW MED MED",NA
85,14,62.9115341318859,84,0,0.500961662063388,"FISHED",0.280082577001303,0.25,1,"LOW MED MED",NA
86,1,201.30484332451,92,7,7.5007279406649,"M",0.229675664706156,0.25,1,"LOW MED MED",NA
86,2,90.8262067748547,86,1,1.50212969342132,"M",0.289398801070638,0.25,1,"LOW MED MED",NA
86,3,62.7225004266464,85,0,0.501089815624268,"M",0.289666200336069,0.25,1,"LOW MED MED",NA
86,4,60.5111484335147,85,0,0.50024673129366,"M",0.289666200336069,0.25,1,"LOW MED MED",NA
86,5,100.521866887354,86,1,1.49973048177036,"M",0.289398801070638,0.25,1,"LOW MED MED",NA
86,6,202.365259876971,90,5,5.49979402628443,"FISHED",0.25578069628682,0.25,1,"LOW MED MED",NA
86,7,62.190825673284,85,0,0.500292985064845,"M",0.289666200336069,0.25,1,"LOW MED MED",NA
86,8,61.054097602984,85,0,0.49904114386133,"M",0.289666200336069,0.25,1,"LOW MED MED",NA
86,9,96.1497579732496,86,1,1.49945604415603,"FISHED",0.289398801070638,0.25,1,"LOW MED MED",NA
87,1,64.5319404847298,86,0,0.500381988501938,"M",0.289398801070638,0.25,1,"LOW MED MED",NA
87,2,64.6724993816407,86,0,0.500787154530668,"FISHED",0.289398801070638,0.25,1,"LOW MED MED",NA
87,3,96.0916162152519,87,1,1.49943660948978,"FISHED",0.210329280374572,0.25,1,"LOW MED MED",NA
87,4,150.837160571394,90,4,4.49878528733287,"M",0.25578069628682,0.25,1,"LOW MED MED",NA
87,5,161.837801279121,90,4,4.49994409652562,"FISHED",0.25578069628682,0.25,1,"LOW MED MED",NA
87,6,132.010529028183,88,2,2.50176189278037,"FISHED",0.232086738245562,0.25,1,"LOW MED MED",NA
87,7,62.7506329540053,86,0,0.499727283778611,"FISHED",0.289398801070638,0.25,1,"LOW MED MED",NA
87,8,60.8481736160765,86,0,0.500428079828957,"M",0.289398801070638,0.25,1,"LOW MED MED",NA
87,9,157.437737255964,90,4,4.49980494675749,"FISHED",0.25578069628682,0.25,1,"LOW MED MED",NA
87,10,98.8387527886343,87,1,1.49977771590871,"M",0.210329280374572,0.25,1,"LOW MED MED",NA
87,11,100.375869804436,87,1,1.49977052584647,"M",0.210329280374572,0.25,1,"LOW MED MED",NA
88,1,132.834053600873,89,2,2.50223692994984,"FISHED",0.225283359689638,0.25,1,"LOW MED MED",NA
88,2,170.666474813843,92,5,5.50012524110071,"M",0.229675664706156,0.25,1,"LOW MED MED",NA
88,3,63.4656310549818,87,0,0.501632405935059,"M",0.210329280374572,0.25,1,"LOW MED MED",NA
88,4,141.536419662341,90,3,3.50037884868388,"M",0.25578069628682,0.25,1,"LOW MED MED",NA
88,5,93.4161143704705,88,1,1.49947619403729,"M",0.232086738245562,0.25,1,"LOW MED MED",NA
88,6,145.72829126947,90,3,3.49862768981645,"FISHED",0.25578069628682,0.25,1,"LOW MED MED",NA
88,7,65.1683388281128,87,0,0.500975563835534,"M",0.210329280374572,0.25,1,"LOW MED MED",NA
88,8,96.322048690987,88,1,1.49746193976647,"M",0.232086738245562,0.25,1,"LOW MED MED",NA
88,9,156.611973062281,91,4,4.49962767029636,"FISHED",0.24094386047218,0.25,1,"LOW MED MED",NA
88,10,98.8074342114554,88,1,1.49953241929705,"M",0.232086738245562,0.25,1,"LOW MED MED",NA
88,11,167.192368188937,92,5,5.49947474962397,"M",0.229675664706156,0.25,1,"LOW MED MED",NA
88,12,59.2802777651599,87,0,0.499567444648049,"M",0.210329280374572,0.25,1,"LOW MED MED",NA
89,1,131.928539087801,90,2,2.49911436012608,"FISHED",0.25578069628682,0.25,1,"LOW MED MED",NA
89,2,64.4002055602179,88,0,0.49869595649647,"M",0.232086738245562,0.25,1,"LOW MED MED",NA
89,3,177.765812239192,93,5,5.49923286748092,"FISHED",0.2078941028798,0.25,1,"LOW MED MED",NA
89,4,96.9686653129527,89,1,1.50059634373793,"FISHED",0.225283359689638,0.25,1,"LOW MED MED",NA
89,5,126.661812445723,90,2,2.50145610446573,"FISHED",0.25578069628682,0.25,1,"LOW MED MED",NA
89,6,95.6847081856621,89,1,1.50040996793031,"FISHED",0.225283359689638,0.25,1,"LOW MED MED",NA
89,7,244.882861917664,96,8,8.4994770019543,"M",0.224930588994175,0.25,1,"LOW MED MED",NA
89,8,63.1124202337959,88,0,0.500115035176588,"M",0.232086738245562,0.25,1,"LOW MED MED",NA
89,9,60.422807214215,88,0,0.500129378986702,"M",0.232086738245562,0.25,1,"LOW MED MED",NA
89,10,104.603829655497,89,1,1.50183273112091,"M",0.225283359689638,0.25,1,"LOW MED MED",NA
89,11,149.393445099877,91,3,3.50101388666596,"M",0.24094386047218,0.25,1,"LOW MED MED",NA
89,12,193.262831299801,93,5,5.50038727903406,"M",0.2078941028798,0.25,1,"LOW MED MED",NA
89,13,126.789066403903,90,2,2.50074832872536,"M",0.25578069628682,0.25,1,"LOW MED MED",NA
90,1,125.114094543346,91,2,2.50011240546522,"FISHED",0.24094386047218,0.25,1,"LOW MED MED",NA
90,2,222.690276118915,98,9,9.49915801088981,"FISHED",0.250821493682452,0.25,1,"LOW MED MED",NA
90,3,63.5042408264861,89,0,0.499868752158686,"M",0.225283359689638,0.25,1,"LOW MED MED",NA
90,4,116.396205904685,91,2,2.49941425017081,"FISHED",0.24094386047218,0.25,1,"LOW MED MED",NA
90,5,95.0016813099803,90,1,1.50162780015878,"M",0.25578069628682,0.25,1,"LOW MED MED",NA
90,6,97.5628534115106,90,1,1.50080484110879,"FISHED",0.25578069628682,0.25,1,"LOW MED MED",NA
90,7,90.1270228655027,90,1,1.49950266777466,"M",0.25578069628682,0.25,1,"LOW MED MED",NA
90,8,58.4836184114867,89,0,0.498829278421237,"M",0.225283359689638,0.25,1,"LOW MED MED",NA
90,9,134.062013035552,91,2,2.50042140811181,"FISHED",0.24094386047218,0.25,1,"LOW MED MED",NA
90,10,63.0696765873179,89,0,0.501133953833087,"M",0.225283359689638,0.25,1,"LOW MED MED",NA
90,11,93.5131116302482,90,1,1.50136568688381,"FISHED",0.25578069628682,0.25,1,"LOW MED MED",NA
90,12,100.141062697828,90,1,1.50010776286636,"FISHED",0.25578069628682,0.25,1,"LOW MED MED",NA
90,13,61.6561243761542,89,0,0.500120756228554,"M",0.225283359689638,0.25,1,"LOW MED MED",NA
91,1,96.261235658649,91,1,1.50047607801716,"M",0.24094386047218,0.25,1,"LOW MED MED",NA
91,2,128.566514260704,92,2,2.49923235182434,"FISHED",0.229675664706156,0.25,1,"LOW MED MED",NA
91,3,101.154568963245,91,1,1.50138922635508,"FISHED",0.24094386047218,0.25,1,"LOW MED MED",NA
91,4,61.35060651259,90,0,0.501125381986891,"M",0.25578069628682,0.25,1,"LOW MED MED",NA
91,5,192.032097246833,96,6,6.499402717731,"M",0.224930588994175,0.25,1,"LOW MED MED",NA
91,6,63.5318903727933,90,0,0.499272209201352,"FISHED",0.25578069628682,0.25,1,"LOW MED MED",NA
91,7,94.8474036170885,91,1,1.50052650264936,"M",0.24094386047218,0.25,1,"LOW MED MED",NA
91,8,97.6733502194789,91,1,1.50163105798196,"M",0.24094386047218,0.25,1,"LOW MED MED",NA
91,9,204.684331527884,95,5,5.50047841620511,"M",0.241591988387518,0.25,1,"LOW MED MED",NA
91,10,95.8645885129971,91,1,1.50000884283519,"M",0.24094386047218,0.25,1,"LOW MED MED",NA
91,11,140.079332794042,93,3,3.50135626531745,"M",0.2078941028798,0.25,1,"LOW MED MED",NA
92,1,126.654317230097,93,2,2.50120907189514,"M",0.2078941028798,0.25,1,"LOW MED MED",NA
92,2,63.6242544831798,91,0,0.500899666755132,"M",0.24094386047218,0.25,1,"LOW MED MED",NA
92,3,60.9266955748703,91,0,0.499271805709745,"M",0.24094386047218,0.25,1,"LOW MED MED",NA
92,4,99.4449781176279,92,1,1.49965611189962,"FISHED",0.229675664706156,0.25,1,"LOW MED MED",NA
92,5,61.5653224312638,91,0,0.500049354358373,"M",0.24094386047218,0.25,1,"LOW MED MED",NA
92,6,131.062466033028,93,2,2.49954520423921,"M",0.2078941028798,0.25,1,"LOW MED MED",NA
92,7,170.946839290548,95,4,4.49952289500185,"FISHED",0.241591988387518,0.25,1,"LOW MED MED",NA
92,8,62.5560282198744,91,0,0.501478869870998,"FISHED",0.24094386047218,0.25,1,"LOW MED MED",NA
92,9,96.1048019012158,92,1,1.50031246757958,"M",0.229675664706156,0.25,1,"LOW MED MED",NA
92,10,60.734472146722,91,0,0.500265461852319,"M",0.24094386047218,0.25,1,"LOW MED MED",NA
92,11,96.5462233856842,92,1,1.49974278931751,"M",0.229675664706156,0.25,1,"LOW MED MED",NA
93,1,125.213682199638,94,2,2.4980857768734,"FISHED",0.207530889241025,0.25,1,"LOW MED MED",NA
93,2,99.5766270083617,93,1,1.49964091098546,"M",0.2078941028798,0.25,1,"LOW MED MED",NA
93,3,124.172632476015,94,2,2.49838941129435,"M",0.207530889241025,0.25,1,"LOW MED MED",NA
93,4,60.1603279481016,92,0,0.498549570950216,"M",0.229675664706156,0.25,1,"LOW MED MED",NA
93,5,63.4629046500472,92,0,0.499941447609611,"FISHED",0.229675664706156,0.25,1,"LOW MED MED",NA
93,6,128.648187825781,94,2,2.49992948681797,"M",0.207530889241025,0.25,1,"LOW MED MED",NA
93,7,150.470075432913,95,3,3.49913551616931,"M",0.241591988387518,0.25,1,"LOW MED MED",NA
93,8,118.232488339148,94,2,2.50037381928854,"M",0.207530889241025,0.25,1,"LOW MED MED",NA
93,9,170.095692892167,96,4,4.50041155180369,"M",0.224930588994175,0.25,1,"LOW MED MED",NA
93,10,61.2986652310273,92,0,0.499766387606586,"M",0.229675664706156,0.25,1,"LOW MED MED",NA
93,11,206.416226374038,100,8,8.49949784421421,"FISHED",0.20878996248357,0.25,1,"LOW MED MED",NA
93,12,177.020782376497,96,4,4.4988165696197,"M",0.224930588994175,0.25,1,"LOW MED MED",NA
94,1,64.6757859110201,93,0,0.500704702887546,"M",0.2078941028798,0.25,1,"LOW MED MED",NA
94,2,129.320279203077,95,2,2.50039031435876,"M",0.241591988387518,0.25,1,"LOW MED MED",NA
94,3,62.1614878630163,93,0,0.49929367764343,"M",0.2078941028798,0.25,1,"LOW MED MED",NA
94,4,62.4726520179006,93,0,0.499641701352133,"M",0.2078941028798,0.25,1,"LOW MED MED",NA
94,5,143.858770818998,96,3,3.49998097922113,"M",0.224930588994175,0.25,1,"LOW MED MED",NA
94,6,169.090713521533,98,5,5.50051461307054,"M",0.250821493682452,0.25,1,"LOW MED MED",NA
94,7,64.0717974057991,93,0,0.497961409752598,"M",0.2078941028798,0.25,1,"LOW MED MED",NA
94,8,63.0479906877466,93,0,0.499863881566135,"FISHED",0.2078941028798,0.25,1,"LOW MED MED",NA
94,9,66.1502581966542,93,0,0.49773199177676,"M",0.2078941028798,0.25,1,"LOW MED MED",NA
94,10,61.3863862824775,93,0,0.499241269879828,"FISHED",0.2078941028798,0.25,1,"LOW MED MED",NA
94,11,63.8509382230426,93,0,0.498984938417672,"M",0.2078941028798,0.25,1,"LOW MED MED",NA
95,1,61.4129809130276,94,0,0.499531793578245,"M",0.207530889241025,0.25,1,"LOW MED MED",NA
95,2,134.808677924684,96,2,2.4997887940033,"FISHED",0.224930588994175,0.25,1,"LOW MED MED",NA
95,3,157.683655156676,97,3,3.49813134047891,"FISHED",0.263553404179402,0.25,1,"LOW MED MED",NA
95,4,61.3906648054599,94,0,0.499792698543201,"M",0.207530889241025,0.25,1,"LOW MED MED",NA
95,5,150.033233723486,97,3,3.50112332275164,"M",0.263553404179402,0.25,1,"LOW MED MED",NA
95,6,66.3851224478208,94,0,0.501357538395437,"FISHED",0.207530889241025,0.25,1,"LOW MED MED",NA
95,7,121.016091253173,96,2,2.49865752883125,"M",0.224930588994175,0.25,1,"LOW MED MED",NA
95,8,63.5855008645647,94,0,0.499746965543682,"M",0.207530889241025,0.25,1,"LOW MED MED",NA
95,9,64.6928903425281,94,0,0.499786993811585,"FISHED",0.207530889241025,0.25,1,"LOW MED MED",NA
95,10,64.4341964840441,94,0,0.500325496228918,"M",0.207530889241025,0.25,1,"LOW MED MED",NA
95,11,64.0444788245618,94,0,0.498326112376256,"M",0.207530889241025,0.25,1,"LOW MED MED",NA
95,12,63.4302010348063,94,0,0.498885470064032,"FISHED",0.207530889241025,0.25,1,"LOW MED MED",NA
96,1,145.057963143334,98,3,3.50010533742121,"FISHED",0.250821493682452,0.25,1,"LOW MED MED",NA
96,2,63.1211103188572,95,0,0.498960437815466,"FISHED",0.241591988387518,0.25,1,"LOW MED MED",NA
96,3,98.0206504064822,96,1,1.49969562397499,"M",0.224930588994175,0.25,1,"LOW MED MED",NA
96,4,127.712845693887,97,2,2.50078816947317,"M",0.263553404179402,0.25,1,"LOW MED MED",NA
96,5,61.9013944329505,95,0,0.499064451385209,"M",0.241591988387518,0.25,1,"LOW MED MED",NA
96,6,130.707999344111,97,2,2.49750448891659,"FISHED",0.263553404179402,0.25,1,"LOW MED MED",NA
96,7,64.7211452901409,95,0,0.499807648742536,"M",0.241591988387518,0.25,1,"LOW MED MED",NA
96,8,134.745827193469,97,2,2.49870325518043,"FISHED",0.263553404179402,0.25,1,"LOW MED MED",NA
96,9,62.7845780298309,95,0,0.499624680657869,"M",0.241591988387518,0.25,1,"LOW MED MED",NA
96,10,60.320527060242,95,0,0.500924787527528,"M",0.241591988387518,0.25,1,"LOW MED MED",NA
96,11,96.1153568221063,96,1,1.49903127744699,"FISHED",0.224930588994175,0.25,1,"LOW MED MED",NA
97,1,124.048620571324,98,2,2.50171181527286,"FISHED",0.250821493682452,0.25,1,"LOW MED MED",NA
97,2,97.2093377851928,97,1,1.50009484688887,"FISHED",0.263553404179402,0.25,1,"LOW MED MED",NA
97,3,94.9557969260372,97,1,1.49855622521983,"M",0.263553404179402,0.25,1,"LOW MED MED",NA
97,4,121.958906121301,98,2,2.50060825589406,"FISHED",0.250821493682452,0.25,1,"LOW MED MED",NA
97,5,64.1058440151988,96,0,0.498146319053998,"M",0.224930588994175,0.25,1,"LOW MED MED",NA
97,6,100.125564886056,97,1,1.4998355204556,"FISHED",0.263553404179402,0.25,1,"LOW MED MED",NA
97,7,141.708142351727,99,3,3.49948546170419,"FISHED",0.22285197249148,0.25,1,"LOW MED MED",NA
97,8,62.1023654463532,96,0,0.500083941079062,"M",0.224930588994175,0.25,1,"LOW MED MED",NA
97,9,100.490403734772,97,1,1.49828365347488,"M",0.263553404179402,0.25,1,"LOW MED MED",NA
97,10,65.2583764915147,96,0,0.500762949845903,"FISHED",0.224930588994175,0.25,1,"LOW MED MED",NA
98,1,60.0548940141987,97,0,0.50053723592603,"M",0.263553404179402,0.25,1,"LOW MED MED",NA
98,2,61.747268502154,97,0,0.501582465679531,"FISHED",0.263553404179402,0.25,1,"LOW MED MED",NA
98,3,62.3765562463833,97,0,0.50123569012634,"FISHED",0.263553404179402,0.25,1,"LOW MED MED",NA
98,4,91.9756229749296,98,1,1.50019112113486,"M",0.250821493682452,0.25,1,"LOW MED MED",NA
98,5,65.1607896107207,97,0,0.499158756999294,"FISHED",0.263553404179402,0.25,1,"LOW MED MED",NA
98,6,159.469113556949,100,3,3.50183151250926,"M",0.20878996248357,0.25,1,"LOW MED MED",NA
98,7,61.0932937776048,97,0,0.501886895590617,"M",0.263553404179402,0.25,1,"LOW MED MED",NA
98,8,60.0815795268019,97,0,0.500920799157869,"FISHED",0.263553404179402,0.25,1,"LOW MED MED",NA
98,9,99.4366437925935,98,1,1.50145506640562,"FISHED",0.250821493682452,0.25,1,"LOW MED MED",NA
98,10,93.3086299004761,98,1,1.49977883961934,"M",0.250821493682452,0.25,1,"LOW MED MED",NA
98,11,97.3406586838514,98,1,1.4994512734593,"FISHED",0.250821493682452,0.25,1,"LOW MED MED",NA
98,12,62.7641591529209,97,0,0.50042743208992,"M",0.263553404179402,0.25,1,"LOW MED MED",NA
99,1,63.4893369723103,98,0,0.500141341832529,"M",0.250821493682452,0.25,1,"LOW MED MED",NA
99,2,97.6669032740817,99,1,1.49984710685605,"FISHED",0.22285197249148,0.25,1,"LOW MED MED",NA
99,3,102.854761689335,99,1,1.49985713854233,"M",0.22285197249148,0.25,1,"LOW MED MED",NA
99,4,62.239081620496,98,0,0.498379109834887,"FISHED",0.250821493682452,0.25,1,"LOW MED MED",NA
99,5,64.5246633976443,98,0,0.49856051238619,"M",0.250821493682452,0.25,1,"LOW MED MED",NA
99,6,63.9800713666729,98,0,0.501135988169573,"M",0.250821493682452,0.25,1,"LOW MED MED",NA
99,7,63.2531350073664,98,0,0.500524486499276,"M",0.250821493682452,0.25,1,"LOW MED MED",NA
99,8,104.700630771499,99,1,1.49986068419671,"FISHED",0.22285197249148,0.25,1,"LOW MED MED",NA
99,9,124.817187739031,100,2,2.500505138535,"M",0.20878996248357,0.25,1,"LOW MED MED",NA
99,10,95.5206524669243,99,1,1.49995224237081,"FISHED",0.22285197249148,0.25,1,"LOW MED MED",NA
99,11,102.936945993898,99,1,1.49990289346861,"M",0.22285197249148,0.25,1,"LOW MED MED",NA
100,1,60.9731781747818,99,0,0.500094592772808,"M",0.22285197249148,0.25,1,"LOW MED MED",NA
100,2,62.7426442855262,99,0,0.500834313644363,"FISHED",0.22285197249148,0.25,1,"LOW MED MED",NA
100,3,61.4939536846993,99,0,0.498848548861759,"M",0.22285197249148,0.25,1,"LOW MED MED",NA
100,4,62.7339176982394,99,0,0.498416482128908,"M",0.22285197249148,0.25,1,"LOW MED MED",NA
100,5,61.7383010868962,99,0,0.501347681700114,"FISHED",0.22285197249148,0.25,1,"LOW MED MED",NA
100,6,65.1150619437123,99,0,0.499962772425679,"M",0.22285197249148,0.25,1,"LOW MED MED",NA
100,7,60.4525942953207,99,0,0.500022180115522,"M",0.22285197249148,0.25,1,"LOW MED MED",NA
100,8,62.5534348211364,99,0,0.499197447975326,"M",0.22285197249148,0.25,1,"LOW MED MED",NA
100,9,102.141602526529,100,1,1.49994710550067,"M",0.20878996248357,0.25,1,"LOW MED MED",NA
100,10,64.7501554110935,99,0,0.500538566301123,"M",0.22285197249148,0.25,1,"LOW MED MED",NA
100,11,63.5250999196372,99,0,0.49891320262283,"FISHED",0.22285197249148,0.25,1,"LOW MED MED",NA
