"cohort","uni_ind","ind","fish_size","Year","Age","AgeE","FMORT","M","Sel","FSIM","REG"
1,3,3,127.107237959285,2,2,2.50055630524829,0,0.25,0.11714386688517,"LOW LOW","R1"
1,4,4,137.131706756195,2,2,2.49966814061989,0,0.25,0.268557948333718,"LOW LOW","R1"
1,9,9,143.470045324485,2,2,2.50028817647118,0,0.25,0.411345799191791,"LOW LOW","R1"
1,4,4,162.958245785973,3,3,3.49960028501306,0,0.25,0.834833555851511,"LOW LOW","R1"
1,7,7,151.738852098773,3,3,3.5014679848832,0,0.25,0.618018667897345,"LOW LOW","R1"
1,11,11,157.536541970458,3,3,3.49845337068868,0,0.25,0.744558911524245,"LOW LOW","R1"
1,3,3,165.722739386313,4,4,4.49989038879004,0,0.25,0.870000622326555,"LOW LOW","R1"
1,4,4,183.80483564541,4,4,4.4995150112068,0,0.25,0.976726300112464,"LOW LOW","R1"
1,6,6,166.537259869155,4,4,4.49930226922866,0,0.25,0.87907125451255,"LOW LOW","R1"
1,11,11,176.810004235749,4,4,4.50093454524845,0,0.25,0.953765018214587,"LOW LOW","R1"
2,16,4,141.050971182,4,3,3.50068242504599,0,0.25,0.353424738533995,"LOW LOW","R1"
2,21,9,162.657650847153,4,3,3.49966140106715,0,0.25,0.830582127733794,"LOW LOW","R1"
2,23,11,148.269565750794,4,3,3.5011669625335,0,0.25,0.532180960760229,"LOW LOW","R1"
3,29,6,132.531693408681,4,2,2.498887117274,0,0.25,0.187094415956866,"LOW LOW","R1"
3,31,8,135.426682834241,4,2,2.49852542451564,0,0.25,0.235940426283377,"LOW LOW","R1"
3,32,9,118.854944412476,4,2,2.49980175785891,0,0.25,0.0542880223593719,"LOW LOW","R1"
1,3,3,178.811329830911,5,5,5.49862997317533,0,0.25,0.961943359583479,"LOW LOW","R1"
1,4,4,200.631724771613,5,5,5.50001921795938,0,0.25,0.995702249772692,"LOW LOW","R1"
1,5,5,174.426374587133,5,5,5.4981158849842,0,0.25,0.941841504851001,"LOW LOW","R1"
1,7,7,183.204260220632,5,5,5.50029741480494,0,0.25,0.975299103430406,"LOW LOW","R1"
1,11,11,192.140062663439,5,5,5.50060162069632,0,0.25,0.989881080561966,"LOW LOW","R1"
2,17,5,168.615009343623,5,4,4.50112387057808,0,0.25,0.899765642396426,"LOW LOW","R1"
2,21,9,183.415574187178,5,4,4.49913766595347,0,0.25,0.975810738686226,"LOW LOW","R1"
2,23,11,164.983990867287,5,4,4.50076188463661,0,0.25,0.861279429802279,"LOW LOW","R1"
3,31,8,160.536715697904,5,3,3.5002082770222,0,0.25,0.798092517619672,"LOW LOW","R1"
1,3,3,188.965842732764,6,6,6.49877398894179,0,0.25,0.986086600774469,"LOW LOW","R1"
1,4,4,214.214003675484,6,6,6.50045745293385,0,0.25,0.998914249697582,"LOW LOW","R1"
1,7,7,194.011497406127,6,6,6.49960257362666,0,0.25,0.991617482576882,"LOW LOW","R1"
2,21,9,200.157509708494,6,5,5.50129526077149,0,0.25,0.995491214182486,"LOW LOW","R1"
3,29,6,175.409731379186,6,4,4.5005025209418,0,0.25,0.947075257215047,"LOW LOW","R1"
3,31,8,180.673842955444,6,4,4.50050924514394,0,0.25,0.968292635288777,"LOW LOW","R1"
3,33,10,158.742491729024,6,4,4.49993104311209,0,0.25,0.767142003650566,"LOW LOW","R1"
4,34,1,141.330901911078,6,3,3.50118429726073,0,0.25,0.359946348838729,"LOW LOW","R1"
4,35,2,153.668696481981,6,3,3.49838610706592,0,0.25,0.663088597195723,"LOW LOW","R1"
4,44,11,161.313089478372,6,3,3.50129833265176,0,0.25,0.810496882582289,"LOW LOW","R1"
1,3,3,196.844012097936,7,7,7.49957749853481,0,0.25,0.993699345075331,"LOW LOW","R1"
1,4,4,225.177307637314,7,7,7.50111453047796,0,0.25,0.999643039355123,"LOW LOW","R1"
2,21,9,213.660421363411,7,6,6.49993877503608,0,0.25,0.998851547908909,"LOW LOW","R1"
3,29,6,190.44776531377,7,5,5.49965187650794,0,0.25,0.988006861604701,"LOW LOW","R1"
3,31,8,196.822921548376,7,5,5.49898491050033,0,0.25,0.993685923843883,"LOW LOW","R1"
3,33,10,170.504248661318,7,5,5.49881503095177,0,0.25,0.915787599410565,"LOW LOW","R1"
4,35,2,171.853975138768,7,4,4.50119736400844,0,0.25,0.925771770945386,"LOW LOW","R1"
4,42,9,159.852027445411,7,4,4.5011102028496,0,0.25,0.786657972439463,"LOW LOW","R1"
6,66,9,130.785657617636,7,2,2.50104682794984,0,0.25,0.161612250710104,"LOW LOW","R1"
6,71,14,129.617118419277,7,2,2.49748028194651,0,0.25,0.146174551568704,"LOW LOW","R1"
2,21,9,224.550955670413,8,7,7.49943608450792,0,0.25,0.999619609976389,"LOW LOW","R1"
3,31,8,209.773762850878,8,6,6.49867684629429,0,0.25,0.998296847034939,"LOW LOW","R1"
3,33,10,179.477192034649,8,6,6.50008656138395,0,0.25,0.964342484138214,"LOW LOW","R1"
4,34,1,167.540752894422,8,5,5.50044196796987,0,0.25,0.889490909177114,"LOW LOW","R1"
4,35,2,186.162009321989,8,5,5.50066275931519,0,0.25,0.981588775577174,"LOW LOW","R1"
6,58,1,146.703560064902,8,3,3.50011918213546,0,0.25,0.492476005063289,"LOW LOW","R1"
6,66,9,153.991513743657,8,3,3.49946827878797,0,0.25,0.670371333554847,"LOW LOW","R1"
6,71,14,152.354246410887,8,3,3.50118086158064,0,0.25,0.632656297915006,"LOW LOW","R1"
2,21,9,233.334523283314,9,8,8.50064742649798,0,0.25,0.999844039139524,"LOW LOW","R1"
3,31,8,220.159760384879,9,7,7.49959981588023,0,0.25,0.999406028154225,"LOW LOW","R1"
3,33,10,186.32257348952,9,7,7.50023495627358,0,0.25,0.981881096255502,"LOW LOW","R1"
6,58,1,163.001973512961,9,4,4.50113778834969,0,0.25,0.835444831830417,"LOW LOW","R1"
6,64,7,172.07823698541,9,4,4.50086082779675,0,0.25,0.927321387703555,"LOW LOW","R1"
6,66,9,172.266519070631,9,4,4.49918041463416,0,0.25,0.928599308714579,"LOW LOW","R1"
6,68,11,163.96726657827,9,4,4.49908957773175,0,0.25,0.84847974929738,"LOW LOW","R1"
7,73,2,137.496940988031,9,3,3.50055876002996,0,0.25,0.27590456253787,"LOW LOW","R1"
8,91,9,134.940643720595,9,2,2.50041218554894,0,0.25,0.227160403617338,"LOW LOW","R1"
2,21,9,240.418754215931,10,9,9.50122661761031,0,0.25,0.999924024854091,"LOW LOW","R1"
6,58,1,175.565544780272,10,5,5.50204170188071,0,0.25,0.947862634286456,"LOW LOW","R1"
6,64,7,186.431820692122,10,5,5.49979328042005,0,0.25,0.982077380804006,"LOW LOW","R1"
6,66,9,186.658395754139,10,5,5.50063423698473,0,0.25,0.98247783705375,"LOW LOW","R1"
6,71,14,184.145627141393,10,5,5.50193558719269,0,0.25,0.977500019691129,"LOW LOW","R1"
7,72,1,155.803226661419,10,4,4.5007509257865,0,0.25,0.709676320401247,"LOW LOW","R1"
7,73,2,151.447570483345,10,4,4.50170839016886,0,0.25,0.611013023440873,"LOW LOW","R1"
7,81,10,160.358333463618,10,4,4.49880365412342,0,0.25,0.795158241684521,"LOW LOW","R1"
8,87,5,158.00178750862,10,3,3.50176230910146,0,0.25,0.75343881843637,"LOW LOW","R1"
8,91,9,159.848088315628,10,3,3.49985133620308,0,0.25,0.786590842384118,"LOW LOW","R1"
9,98,5,127.94360983762,10,2,2.4997132197704,0,0.25,0.126215763989795,"LOW LOW","R1"
9,101,8,127.168086059904,10,2,2.50080251237039,0,0.25,0.117784321194414,"LOW LOW","R1"
2,21,9,246.13241523824,11,10,10.5006119529234,0,0.25,0.999957465389563,"LOW LOW","R1"
6,58,1,185.250126871151,11,6,6.50065263679202,0,0.25,0.979838765618334,"LOW LOW","R1"
6,64,7,197.730765875157,11,6,6.49966149983926,0,0.25,0.994238706599409,"LOW LOW","R1"
6,71,14,195.095220650756,11,6,6.50006613257321,0,0.25,0.992484338218572,"LOW LOW","R1"
7,81,10,172.421354610138,11,5,5.50265110154852,0,0.25,0.929634643170591,"LOW LOW","R1"
8,87,5,177.408064031683,11,4,4.49783520034325,0,0.25,0.956370133073087,"LOW LOW","R1"
8,91,9,179.785474660296,11,4,4.50120018186656,0,0.25,0.96540328616667,"LOW LOW","R1"
9,97,4,151.201798307651,11,3,3.49948416337669,0,0.25,0.60506592732765,"LOW LOW","R1"
9,102,9,157.904210510287,11,3,3.49942376516175,0,0.25,0.751593747878856,"LOW LOW","R1"
2,21,9,250.740667367282,12,11,11.4999812999304,0,0.25,0.999973359111367,"LOW LOW","R1"
6,58,1,192.715450884474,12,7,7.50058425844417,0,0.25,0.990449813053454,"LOW LOW","R1"
6,64,7,206.625141304865,12,7,7.49871006110357,0,0.25,0.997656778043434,"LOW LOW","R1"
6,71,14,203.677819094915,12,7,7.50215974949259,0,0.25,0.996841938360928,"LOW LOW","R1"
7,81,10,181.660804124208,12,6,6.49919147454271,0,0.25,0.971228987207648,"LOW LOW","R1"
8,87,5,192.863626034807,12,5,5.50093364630638,0,0.25,0.990591074428141,"LOW LOW","R1"
8,88,6,160.622327442621,12,5,5.50202211835847,0,0.25,0.799489583788881,"LOW LOW","R1"
8,91,9,195.744533516772,12,5,5.49971214711799,0,0.25,0.992960462893276,"LOW LOW","R1"
9,97,4,168.708031348564,12,4,4.49967739924615,0,0.25,0.900614229418979,"LOW LOW","R1"
9,98,5,167.201307127841,12,4,4.50108307739131,0,0.25,0.886057384060075,"LOW LOW","R1"
9,101,8,165.830123959444,12,4,4.49910915590351,0,0.25,0.871228781157041,"LOW LOW","R1"
9,102,9,177.28259754149,12,4,4.5017641144151,0,0.25,0.955835484387801,"LOW LOW","R1"
9,104,11,143.873906343805,12,4,4.49864473057369,0,0.25,0.421309585269905,"LOW LOW","R1"
10,105,1,149.227309388468,12,3,3.49993706605234,0,0.25,0.556296288008371,"LOW LOW","R1"
11,128,10,128.066210252797,12,2,2.50084491919581,0,0.25,0.127594985712082,"LOW LOW","R1"
2,21,9,254.457371526298,13,12,12.4995279489152,0,0.25,0.999981733116738,"LOW LOW","R1"
6,58,1,198.470068079201,13,8,8.50193643143503,0,0.25,0.994653107227229,"LOW LOW","R1"
6,64,7,213.626672244529,13,8,8.49974863019894,0,0.25,0.998847610383109,"LOW LOW","R1"
6,71,14,210.405100431038,13,8,8.49986674835741,0,0.25,0.998402426738016,"LOW LOW","R1"
7,81,10,188.737590800295,13,7,7.49978952883305,0,0.25,0.985765036510754,"LOW LOW","R1"
8,87,5,205.172756874435,13,6,6.50129900789209,0,0.25,0.997285470386608,"LOW LOW","R1"
8,88,6,168.281156424506,13,6,6.50079932538277,0,0.25,0.896666875683577,"LOW LOW","R1"
9,97,4,182.384115493014,13,5,5.50095944048831,0,0.25,0.973211621849756,"LOW LOW","R1"
9,98,5,180.57938465356,13,5,5.49959178441158,0,0.25,0.96799685922695,"LOW LOW","R1"
9,102,9,192.711791652715,13,5,5.50058457658093,0,0.25,0.990446298113077,"LOW LOW","R1"
9,104,11,153.033038399919,13,5,5.50059427362785,0,0.25,0.64852198441919,"LOW LOW","R1"
10,105,1,166.198520939036,13,4,4.50025359058294,0,0.25,0.875367184181156,"LOW LOW","R1"
10,114,10,153.247694743665,13,4,4.49917731109308,0,0.25,0.653473640727169,"LOW LOW","R1"
10,116,12,160.464358755857,13,4,4.49949230328788,0,0.25,0.796906091799339,"LOW LOW","R1"
11,128,10,150.187939508694,13,3,3.49940128984103,0,0.25,0.580220609807363,"LOW LOW","R1"
2,21,9,257.455013456214,14,13,13.4988462868492,0,0.25,0.99998652633768,"LOW LOW","R1"
6,58,1,202.905993298085,14,9,9.50070217941486,0,0.25,0.99658537957217,"LOW LOW","R1"
6,64,7,219.138181836911,14,9,9.50107691873216,0,0.25,0.999341153680116,"LOW LOW","R1"
6,71,14,215.678132190569,14,9,9.50018680397974,0,0.25,0.99906408927707,"LOW LOW","R1"
7,81,10,194.157925592165,14,8,8.4995186951888,0,0.25,0.991740163557043,"LOW LOW","R1"
8,87,5,214.976004533528,14,7,7.49971250162679,0,0.25,0.99899500320809,"LOW LOW","R1"
9,97,4,193.068040303622,14,6,6.50144798302812,0,0.25,0.990782559591976,"LOW LOW","R1"
9,98,5,190.994302773278,14,6,6.50062484946074,0,0.25,0.988646897742591,"LOW LOW","R1"
9,101,8,189.112946660789,14,6,6.49886775714744,0,0.25,0.986290036625121,"LOW LOW","R1"
9,102,9,204.996613425474,14,6,6.50030795028881,0,0.25,0.997236621669209,"LOW LOW","R1"
9,104,11,159.751428663825,14,6,6.500779149787,0,0.25,0.784938760922006,"LOW LOW","R1"
10,112,8,159.023458557777,14,5,5.50112347071191,0,0.25,0.772199087648448,"LOW LOW","R1"
10,114,10,164.011783424808,14,5,5.49962258264545,0,0.25,0.849059921423804,"LOW LOW","R1"
10,116,12,172.547272145373,14,5,5.49888057309497,0,0.25,0.930466363162239,"LOW LOW","R1"
11,128,10,167.418504983648,14,4,4.50145145308299,0,0.25,0.888264925828395,"LOW LOW","R1"
6,64,7,223.47676696189,15,10,10.5004413136314,0,0.25,0.99957579441597,"LOW LOW","R1"
6,71,14,219.8112823515,15,10,10.4989957638344,0,0.25,0.999384649310332,"LOW LOW","R1"
7,81,10,198.309531483471,15,9,9.49875675279386,0,0.25,0.994565718019063,"LOW LOW","R1"
8,87,5,222.783514740188,15,8,8.49983647161303,0,0.25,0.999544873765698,"LOW LOW","R1"
9,104,11,164.679490347139,15,7,7.50133111068561,0,0.25,0.857544170741296,"LOW LOW","R1"
10,116,12,181.80435639756,15,6,6.50014895177245,0,0.25,0.971633480324041,"LOW LOW","R1"
11,128,10,180.839353921465,15,5,5.50026933407281,0,0.25,0.968804533551476,"LOW LOW","R1"
12,138,8,162.462432110355,15,4,4.50031473684306,0,0.25,0.827774699779925,"LOW LOW","R1"
12,142,12,166.820525807167,15,4,4.49989539624431,0,0.25,0.882095476922691,"LOW LOW","R1"
13,143,1,159.39414455608,15,3,3.49889128181742,0,0.25,0.778751755918991,"LOW LOW","R1"
13,154,12,156.056073342565,15,3,3.50199725256602,0,0.25,0.7149370914504,"LOW LOW","R1"
13,155,13,163.039660946169,15,3,3.50015935361631,0,0.25,0.835970210941268,"LOW LOW","R1"
14,158,3,129.832764075725,15,2,2.49980851036631,0,0.25,0.148928439363814,"LOW LOW","R1"
7,81,10,201.489377773146,16,10,10.5009397510934,0,0.25,0.996059251766585,"LOW LOW","R1"
10,116,12,188.896487747806,16,7,7.49938242451118,0,0.25,0.985989657463532,"LOW LOW","R1"
11,128,10,191.292823163292,16,6,6.50067577140027,0,0.25,0.988982107419478,"LOW LOW","R1"
12,142,12,180.123770691906,16,5,5.49893168489343,0,0.25,0.966532342156848,"LOW LOW","R1"
13,143,1,179.200350897922,16,4,4.49902735299472,0,0.25,0.963363232558877,"LOW LOW","R1"
13,144,2,152.670404851092,16,4,4.49969880100981,0,0.25,0.64008421776561,"LOW LOW","R1"
13,152,10,174.661018623645,16,4,4.5002374759971,0,0.25,0.943132834340236,"LOW LOW","R1"
13,154,12,174.90964370066,16,4,4.50028982358978,0,0.25,0.94447167837879,"LOW LOW","R1"
13,155,13,183.91029494013,16,4,4.49961129414097,0,0.25,0.976968465662967,"LOW LOW","R1"
14,158,3,152.656066375131,16,3,3.49934849222527,0,0.25,0.639748762924186,"LOW LOW","R1"
15,168,3,138.670657017253,16,2,2.49883900372231,0,0.25,0.300336077063808,"LOW LOW","R1"
15,173,8,125.549399753679,16,2,2.50081974789769,0,0.25,0.101749921073009,"LOW LOW","R1"
15,174,9,119.970214766016,16,2,2.50001953431127,0,0.25,0.0604037888758421,"LOW LOW","R1"
7,81,10,203.924922641973,17,11,11.5006006389304,0,0.25,0.996919944324845,"LOW LOW","R1"
11,128,10,199.435006992058,17,7,7.49910491906217,0,0.25,0.9951496920937,"LOW LOW","R1"
12,138,8,184.515892607135,17,6,6.50017121932346,0,0.25,0.978312175809325,"LOW LOW","R1"
12,142,12,190.471287145975,17,6,6.49954503910239,0,0.25,0.9880351274804,"LOW LOW","R1"
13,143,1,195.034810407139,17,5,5.50175627550914,0,0.25,0.992438448168606,"LOW LOW","R1"
13,152,10,189.543961443794,17,5,5.50075826291189,0,0.25,0.986869364672619,"LOW LOW","R1"
13,154,12,189.844006229963,17,5,5.5015537781074,0,0.25,0.987258328087716,"LOW LOW","R1"
13,155,13,200.760233196269,17,5,5.49811286290929,0,0.25,0.995757725219766,"LOW LOW","R1"
14,157,2,148.010332831356,17,4,4.49957957227856,0,0.25,0.52562290874678,"LOW LOW","R1"
14,158,3,170.561185851527,17,4,4.50032185298762,0,0.25,0.916232361282999,"LOW LOW","R1"
15,169,4,149.031557468065,17,3,3.49900515470488,0,0.25,0.55138515487901,"LOW LOW","R1"
15,173,8,146.688827403811,17,3,3.49996141853252,0,0.25,0.492102133490309,"LOW LOW","R1"
15,174,9,139.00503351912,17,3,3.50130143114175,0,0.25,0.307518140389576,"LOW LOW","R1"
16,177,1,138.805673338676,17,2,2.49962243678997,0,0.25,0.303224570155045,"LOW LOW","R1"
16,179,3,128.46044874923,17,2,2.49985701039641,0,0.25,0.132117491075136,"LOW LOW","R1"
16,181,5,135.937293171953,17,2,2.49974058905699,0,0.25,0.245413951148162,"LOW LOW","R1"
16,188,12,133.225264322852,17,2,2.50085246591662,0,0.25,0.198041274223818,"LOW LOW","R1"
12,138,8,191.900914016703,18,7,7.50134594566234,0,0.25,0.989634950339697,"LOW LOW","R1"
12,142,12,198.519781907584,18,7,7.50035123007176,0,0.25,0.994679884785683,"LOW LOW","R1"
13,143,1,207.693979135445,18,6,6.500070529707,0,0.25,0.997897249506038,"LOW LOW","R1"
13,152,10,201.326686000865,18,6,6.49932344699466,0,0.25,0.995993878920928,"LOW LOW","R1"
13,154,12,201.673870808419,18,6,6.49770845577077,0,0.25,0.996132099979958,"LOW LOW","R1"
13,155,13,214.364056602778,18,6,6.50123848779173,0,0.25,0.998930648428574,"LOW LOW","R1"
14,157,2,157.86247488297,18,5,5.50005324039402,0,0.25,0.750801757694084,"LOW LOW","R1"
15,169,4,165.950139451972,18,4,4.50010366772033,0,0.25,0.872589684878434,"LOW LOW","R1"
15,173,8,162.983349898019,18,4,4.50086210217828,0,0.25,0.835184712111931,"LOW LOW","R1"
15,174,9,153.328670457792,18,4,4.50202079186142,0,0.25,0.655333044051773,"LOW LOW","R1"
16,177,1,165.344455716954,18,3,3.5007613483819,0,0.25,0.86559461851501,"LOW LOW","R1"
16,178,2,134.412763322522,18,3,3.50079152534168,0,0.25,0.217888801577235,"LOW LOW","R1"
16,179,3,150.737884615385,18,3,3.49925522894013,0,0.25,0.59375643891627,"LOW LOW","R1"
16,188,12,157.423626854078,18,3,3.50184952560458,0,0.25,0.742372353207519,"LOW LOW","R1"
12,142,12,204.780053946307,19,8,8.49885922692179,0,0.25,0.997175361670367,"LOW LOW","R1"
13,143,1,217.814599469751,19,7,7.50019309144736,0,0.25,0.999246460068933,"LOW LOW","R1"
15,169,4,179.083061635753,19,5,5.49841759074656,0,0.25,0.962940595128904,"LOW LOW","R1"
15,173,8,175.543361820223,19,5,5.50083831856726,0,0.25,0.947751215951979,"LOW LOW","R1"
15,174,9,164.107158964146,19,5,5.49938019699728,0,0.25,0.850296767267573,"LOW LOW","R1"
15,176,11,177.158248009572,19,5,5.49841978648598,0,0.25,0.955299433296166,"LOW LOW","R1"
16,178,2,147.614846896932,19,4,4.497826379371,0,0.25,0.515601650523889,"LOW LOW","R1"
16,180,4,168.606413572514,19,4,4.4999355808938,0,0.25,0.899686903931803,"LOW LOW","R1"
17,195,6,145.897166035247,19,3,3.49976968485154,0,0.25,0.472035872915443,"LOW LOW","R1"
17,198,9,140.343744578063,19,3,3.50075664557425,0,0.25,0.337193655849415,"LOW LOW","R1"
12,142,12,209.649412398992,20,9,9.5008492349019,0,0.25,0.998275244715542,"LOW LOW","R1"
13,143,1,225.905727580094,20,8,8.49995030508668,0,0.25,0.999668478463038,"LOW LOW","R1"
14,157,2,170.595925285161,20,7,7.50154083165188,0,0.25,0.916502677196875,"LOW LOW","R1"
15,169,4,189.277393835064,20,6,6.50127428263335,0,0.25,0.986513986032077,"LOW LOW","R1"
15,173,8,185.22476853478,20,6,6.4998412925357,0,0.25,0.979787840307336,"LOW LOW","R1"
15,174,9,172.217935227119,20,6,6.50074061847066,0,0.25,0.928271556616057,"LOW LOW","R1"
16,178,2,157.399685542038,20,5,5.49918783923363,0,0.25,0.741907171642106,"LOW LOW","R1"
16,179,3,181.676703954912,20,5,5.49989256105271,0,0.25,0.971274063013351,"LOW LOW","R1"
16,180,4,182.262304098275,20,5,5.50215294894499,0,0.25,0.97288728982848,"LOW LOW","R1"
17,193,4,161.468151361618,20,4,4.50045990421706,0,0.25,0.812903186963537,"LOW LOW","R1"
17,195,6,161.983234052269,20,4,4.50034248996881,0,0.25,0.820727388897176,"LOW LOW","R1"
17,198,9,155.002316608443,20,4,4.49932593087481,0,0.25,0.692640756786142,"LOW LOW","R1"
17,200,11,176.663831870366,20,4,4.499927889462,0,0.25,0.953106134901587,"LOW LOW","R1"
18,203,3,150.146740868307,20,3,3.50086088949875,0,0.25,0.579201439337018,"LOW LOW","R1"
18,204,4,153.058681655763,20,3,3.49810943441656,0,0.25,0.649115227173081,"LOW LOW","R1"
18,207,7,154.255027587137,20,3,3.50014315469396,0,0.25,0.676256347035389,"LOW LOW","R1"
18,210,10,158.864896951172,20,3,3.49847949393743,0,0.25,0.769354723115144,"LOW LOW","R1"
19,223,11,122.979403719779,20,2,2.50140320520789,0,0.25,0.0802564111026596,"LOW LOW","R1"
19,224,12,129.084249024886,20,2,2.49888451095471,0,0.25,0.139550448779604,"LOW LOW","R1"
12,142,12,213.436891855805,21,10,10.4996342817959,0,0.25,0.998825216179417,"LOW LOW","R1"
13,143,1,232.374338390052,21,9,9.50062041388036,0,0.25,0.999828071452811,"LOW LOW","R1"
15,173,8,192.687312085949,21,7,7.4981853238208,0,0.25,0.990422750851632,"LOW LOW","R1"
16,178,2,164.651803495325,21,6,6.49978740627973,0,0.25,0.857200413937881,"LOW LOW","R1"
16,179,3,192.254800216628,21,6,6.5001856290597,0,0.25,0.989997105405151,"LOW LOW","R1"
16,180,4,192.927970691912,21,6,6.50042572398701,0,0.25,0.990651770451688,"LOW LOW","R1"
17,193,4,173.740151801851,21,5,5.49904904197632,0,0.25,0.937905467204505,"LOW LOW","R1"
17,195,6,174.352793238074,21,5,5.50046746528058,0,0.25,0.941430925389618,"LOW LOW","R1"
17,198,9,166.080461557479,21,5,5.50041612217587,0,0.25,0.874053530116075,"LOW LOW","R1"
17,200,11,191.963286700134,21,5,5.50018353392158,0,0.25,0.989699709228001,"LOW LOW","R1"
18,204,4,171.074954298638,21,4,4.50128281621856,0,0.25,0.920150040327134,"LOW LOW","R1"
18,207,7,172.603424586212,21,4,4.50046111892722,0,0.25,0.930834325274252,"LOW LOW","R1"
18,209,9,174.28636996238,21,4,4.49780820666146,0,0.25,0.941057954556535,"LOW LOW","R1"
18,210,10,178.518653856141,21,4,4.50063951437612,0,0.25,0.960840444434958,"LOW LOW","R1"
19,217,5,154.42865940431,21,3,3.50017397312192,0,0.25,0.680103929158702,"LOW LOW","R1"
19,223,11,143.136812968976,21,3,3.5003582862592,0,0.25,0.403178527330654,"LOW LOW","R1"
19,224,12,151.60907090153,21,3,3.50031985818763,0,0.25,0.614903154047965,"LOW LOW","R1"
20,228,1,134.327718346422,21,2,2.4996498581179,0,0.25,0.216420898771049,"LOW LOW","R1"
20,229,2,122.958101045914,21,2,2.50056779593709,0,0.25,0.0800969000022838,"LOW LOW","R1"
20,233,6,125.480408285566,21,2,2.50018346462054,0,0.25,0.101111481701364,"LOW LOW","R1"
12,142,12,216.382865288481,22,11,11.5009974444645,0,0.25,0.999128660665762,"LOW LOW","R1"
13,143,1,237.545795971749,22,10,10.4997298555784,0,0.25,0.999898294761503,"LOW LOW","R1"
16,178,2,170.026773560334,22,7,7.50107046467968,0,0.25,0.911972702336385,"LOW LOW","R1"
16,179,3,200.507352524603,22,7,7.50075228890111,0,0.25,0.995647872181827,"LOW LOW","R1"
16,180,4,201.258181282869,22,7,7.49946510734796,0,0.25,0.995966030224438,"LOW LOW","R1"
17,193,4,183.165093749615,22,6,6.50096395050616,0,0.25,0.975203121250173,"LOW LOW","R1"
17,198,9,174.452716048399,22,6,6.49999720131342,0,0.25,0.941987831101287,"LOW LOW","R1"
17,200,11,204.128595874608,22,6,6.4996628553903,0,0.25,0.996982793850562,"LOW LOW","R1"
18,203,3,180.776679169129,22,5,5.50065225418759,0,0.25,0.968611638579809,"LOW LOW","R1"
18,204,4,185.225278882857,22,5,5.5000786451509,0,0.25,0.979788866443544,"LOW LOW","R1"
18,207,7,187.063938088063,22,5,5.49993282204459,0,0.25,0.98317277785618,"LOW LOW","R1"
18,210,10,194.208508326955,22,5,5.49993240252116,0,0.25,0.991782127843978,"LOW LOW","R1"
19,217,5,172.825487692825,22,4,4.49918349022455,0,0.25,0.93227189013015,"LOW LOW","R1"
19,222,10,150.402057791711,22,4,4.50081430631017,0,0.25,0.5855062641089,"LOW LOW","R1"
19,224,12,169.226601519831,22,4,4.50013366053177,0,0.25,0.905228590375789,"LOW LOW","R1"
20,228,1,158.980740218499,22,3,3.49896816757318,0,0.25,0.771435223693526,"LOW LOW","R1"
21,243,5,138.133765656954,22,2,2.50051875707934,0,0.25,0.289007372578173,"LOW LOW","R1"
21,249,11,123.39918802675,22,2,2.49989358392782,0,0.25,0.0834593619711821,"LOW LOW","R1"
12,142,12,218.674299358287,23,12,12.5002100365066,0,0.25,0.999309402183079,"LOW LOW","R1"
13,143,1,241.680219003989,23,11,11.4972908094937,0,0.25,0.999933157716129,"LOW LOW","R1"
16,178,2,174.010479201339,23,8,8.49982107508869,0,0.25,0.939484864441087,"LOW LOW","R1"
16,179,3,206.945620612818,23,8,8.49947106203802,0,0.25,0.997731626891563,"LOW LOW","R1"
17,193,4,190.40348419389,23,7,7.49979300837494,0,0.25,0.987953470470673,"LOW LOW","R1"
17,198,9,180.780006906499,23,7,7.49818267259536,0,0.25,0.968621909353759,"LOW LOW","R1"
18,203,3,191.220848170462,23,6,6.49731692285571,0,0.25,0.988902192862191,"LOW LOW","R1"
18,207,7,198.460380553733,23,6,6.49846388839098,0,0.25,0.994647873611234,"LOW LOW","R1"
18,210,10,206.73392697875,23,6,6.49941245527954,0,0.25,0.997682457497648,"LOW LOW","R1"
19,222,10,160.665900583339,23,5,5.50117163233047,0,0.25,0.80019785146349,"LOW LOW","R1"
19,224,12,183.005950665699,23,5,5.50118156723832,0,0.25,0.974809369523515,"LOW LOW","R1"
20,228,1,178.667820406585,23,4,4.49997580228576,0,0.25,0.961406339814155,"LOW LOW","R1"
20,229,2,158.46880043013,23,4,4.50054608855352,0,0.25,0.762141194056081,"LOW LOW","R1"
20,233,6,162.862471234509,23,4,4.50112883152596,0,0.25,0.833488348173601,"LOW LOW","R1"
20,234,7,161.883099695851,23,4,4.50095213929916,0,0.25,0.81922661506418,"LOW LOW","R1"
20,238,11,160.811348347337,23,4,4.50017551675955,0,0.25,0.80254845951484,"LOW LOW","R1"
21,243,5,164.385619841618,23,3,3.49856303856013,0,0.25,0.853860144280931,"LOW LOW","R1"
21,249,11,143.715540849288,23,3,3.49940478559633,0,0.25,0.417394382597593,"LOW LOW","R1"
22,255,5,135.252852238764,23,2,2.50113927994919,0,0.25,0.232773559386392,"LOW LOW","R1"
12,142,12,220.456620284209,24,13,13.4988339372261,0,0.25,0.999423653717617,"LOW LOW","R1"
17,198,9,185.561826384922,24,8,8.50073233762099,0,0.25,0.980454553599293,"LOW LOW","R1"
18,207,7,207.442004951559,24,7,7.50098893125479,0,0.25,0.997842877200141,"LOW LOW","R1"
19,222,10,168.330302826259,24,6,6.50026132781596,0,0.25,0.897128307253404,"LOW LOW","R1"
19,224,12,193.783310274002,24,6,6.49922991912891,0,0.25,0.991422691215201,"LOW LOW","R1"
20,228,1,194.389265361417,24,5,5.50123480588729,0,0.25,0.991930366405881,"LOW LOW","R1"
20,233,6,175.399392228818,24,5,5.49945078293417,0,0.25,0.947022614716943,"LOW LOW","R1"
20,234,7,174.233664849192,24,5,5.50117064341377,0,0.25,0.940760429128806,"LOW LOW","R1"
20,238,11,172.959470155489,24,5,5.49811166714405,0,0.25,0.933125798051428,"LOW LOW","R1"
21,239,1,157.145561960216,24,4,4.50006348572909,0,0.25,0.736935871405977,"LOW LOW","R1"
21,242,4,153.114541458437,24,4,4.5015097585741,0,0.25,0.650405917269321,"LOW LOW","R1"
21,243,5,185.655546863556,24,4,4.4982288887118,0,0.25,0.980636075009329,"LOW LOW","R1"
21,246,8,163.150683841356,24,4,4.49973068027897,0,0.25,0.837510082167624,"LOW LOW","R1"
21,249,11,159.23354267088,24,4,4.50211523571283,0,0.25,0.775929457389683,"LOW LOW","R1"
22,255,5,160.290345135783,24,3,3.49913293406052,0,0.25,0.794031576116602,"LOW LOW","R1"
22,258,8,151.621682360897,24,3,3.49941824474347,0,0.25,0.615206321542985,"LOW LOW","R1"
22,261,11,137.929217120416,24,3,3.49953815855885,0,0.25,0.284758629090757,"LOW LOW","R1"
23,274,12,134.571522100571,24,2,2.49929196779512,0,0.25,0.220648208112593,"LOW LOW","R1"
17,198,9,189.175663339319,25,9,9.50014138439602,0,0.25,0.986375875563215,"LOW LOW","R1"
19,222,10,174.053603828996,25,7,7.50092628198479,0,0.25,0.939733319653718,"LOW LOW","R1"
20,233,6,185.06020245388,25,6,6.49939133817493,0,0.25,0.979454279439732,"LOW LOW","R1"
20,234,7,183.728472157559,25,6,6.49957661640778,0,0.25,0.976549397326327,"LOW LOW","R1"
20,238,11,182.274394860465,25,6,6.4999875271833,0,0.25,0.972919652294224,"LOW LOW","R1"
21,239,1,168.613088385246,25,5,5.50191005291896,0,0.25,0.899748050915816,"LOW LOW","R1"
21,246,8,175.742693445342,25,5,5.4995250560487,0,0.25,0.948744375043743,"LOW LOW","R1"
21,249,11,171.086476248003,25,5,5.49969235082761,0,0.25,0.920235951651711,"LOW LOW","R1"
22,255,5,180.355908268876,25,4,4.50053410784764,0,0.25,0.967286430848479,"LOW LOW","R1"
22,258,8,169.242664500838,25,4,4.5002111411269,0,0.25,0.905368413591317,"LOW LOW","R1"
22,261,11,151.986297121336,25,4,4.50098262892228,0,0.25,0.623931811612759,"LOW LOW","R1"
23,263,1,162.274276621692,25,3,3.49855260890132,0,0.25,0.825034102259328,"LOW LOW","R1"
23,267,5,144.888639073742,25,3,3.49888579388686,0,0.25,0.446611425957052,"LOW LOW","R1"
23,274,12,159.325604989342,25,3,3.50064443964923,0,0.25,0.777550414899727,"LOW LOW","R1"
23,275,13,138.903159049233,25,3,3.50088628515143,0,0.25,0.305319868527166,"LOW LOW","R1"
17,198,9,191.906803147482,26,10,10.5000772681005,0,0.25,0.989641081956813,"LOW LOW","R1"
19,222,10,178.327410621717,26,8,8.49802915901251,0,0.25,0.960103271134081,"LOW LOW","R1"
20,234,7,191.02784386272,26,7,7.49887479376552,0,0.25,0.98868505832191,"LOW LOW","R1"
20,238,11,189.416883520824,26,7,7.4996750949982,0,0.25,0.986701116332697,"LOW LOW","R1"
21,239,1,177.326792464711,26,6,6.50100031131881,0,0.25,0.956024520782194,"LOW LOW","R1"
21,246,8,185.452651185346,26,6,6.49816840061742,0,0.25,0.980240995389643,"LOW LOW","R1"
21,249,11,180.139963674986,26,6,6.50011381416223,0,0.25,0.966585484420081,"LOW LOW","R1"
22,255,5,196.436864357577,26,5,5.50012865485639,0,0.25,0.993435171533675,"LOW LOW","R1"
22,258,8,183.025218046358,26,5,5.49850842488818,0,0.25,0.974857363045738,"LOW LOW","R1"
23,263,1,182.91936152045,26,4,4.50111944336792,0,0.25,0.974592578836761,"LOW LOW","R1"
23,267,5,160.710933764052,26,4,4.50054735639017,0,0.25,0.800927877345073,"LOW LOW","R1"
23,268,6,163.591496648713,26,4,4.50050077533155,0,0.25,0.843509270302889,"LOW LOW","R1"
23,273,11,156.81457283916,26,4,4.50160245642412,0,0.25,0.73036927509792,"LOW LOW","R1"
19,222,10,181.518824893441,27,9,9.49942189127671,0,0.25,0.970823423747344,"LOW LOW","R1"
20,234,7,196.6394192807,27,8,8.49903430268929,0,0.25,0.993567944649421,"LOW LOW","R1"
21,239,1,183.947979630127,27,7,7.49933517368428,0,0.25,0.977054402731962,"LOW LOW","R1"
21,246,8,192.940199422508,27,7,7.50022437978686,0,0.25,0.990663261820911,"LOW LOW","R1"
21,249,11,187.055182937561,27,7,7.50119529683225,0,0.25,0.983158064999852,"LOW LOW","R1"
22,255,5,209.324474189979,27,6,6.49899743496012,0,0.25,0.998217496074576,"LOW LOW","R1"
22,258,8,193.805478801775,27,6,6.49880366838066,0,0.25,0.99144181047256,"LOW LOW","R1"
22,261,11,170.431568434026,27,6,6.49951937923896,0,0.25,0.91521674646793,"LOW LOW","R1"
23,263,1,199.553283380867,27,5,5.49950212031307,0,0.25,0.99520731304161,"LOW LOW","R1"
23,268,6,176.267979811199,27,5,5.49870970868025,0,0.25,0.951276699295347,"LOW LOW","R1"
23,275,13,163.957324723153,27,5,5.500064390589,0,0.25,0.848349930700581,"LOW LOW","R1"
24,280,5,145.999720642511,27,4,4.50139608110242,0,0.25,0.474631616008287,"LOW LOW","R1"
24,284,9,159.890641900219,27,4,4.50064231761967,0,0.25,0.787315219208363,"LOW LOW","R1"
24,285,10,161.003013975387,27,4,4.5012645332989,0,0.25,0.805614073562024,"LOW LOW","R1"
24,288,13,178.243237908695,27,4,4.497143507853,0,0.25,0.959774616657129,"LOW LOW","R1"
25,299,11,151.601768216433,27,3,3.50003356615762,0,0.25,0.614727563635791,"LOW LOW","R1"
26,309,7,126.348576356806,27,2,2.50139162178391,0,0.25,0.109409386829364,"LOW LOW","R1"
19,222,10,183.901975453993,28,10,10.4991129600382,0,0.25,0.976949451401396,"LOW LOW","R1"
21,246,8,198.714001956463,28,8,8.4996117839343,0,0.25,0.994783225887014,"LOW LOW","R1"
22,255,5,219.65287047911,28,7,7.49821199535428,0,0.25,0.999374678267454,"LOW LOW","R1"
22,261,11,176.358763269163,28,7,7.50098326769932,0,0.25,0.951702149781906,"LOW LOW","R1"
23,263,1,212.955376799969,28,6,6.49960503416497,0,0.25,0.998766427220971,"LOW LOW","R1"
23,268,6,186.0533673379,28,6,6.49924260283372,0,0.25,0.98138836376811,"LOW LOW","R1"
24,285,10,173.187224977048,28,5,5.49946525683691,0,0.25,0.934554440715725,"LOW LOW","R1"
25,295,7,164.903882955937,28,4,4.50056719355529,0,0.25,0.860304798055294,"LOW LOW","R1"
26,306,4,143.210352771779,28,3,3.50002749993482,0,0.25,0.404976491018217,"LOW LOW","R1"
26,310,8,141.492099122191,28,3,3.4982620870337,0,0.25,0.363725577427342,"LOW LOW","R1"
19,222,10,185.681564724047,29,11,11.5015242392356,0,0.25,0.980686173666268,"LOW LOW","R1"
22,255,5,227.930260258333,29,8,8.50178870178119,0,0.25,0.999730060257629,"LOW LOW","R1"
23,263,1,223.753558342577,29,7,7.50036797197416,0,0.25,0.999587545179324,"LOW LOW","R1"
24,285,10,182.534182354778,29,6,6.50067503185387,0,0.25,0.97360600162011,"LOW LOW","R1"
25,295,7,177.833412277308,29,5,5.50026949083116,0,0.25,0.958137052004204,"LOW LOW","R1"
26,304,2,165.238535337035,29,4,4.50038079008007,0,0.25,0.864338524955772,"LOW LOW","R1"
26,306,4,158.598150605673,29,4,4.49962696958114,0,0.25,0.764513809911701,"LOW LOW","R1"
26,307,5,150.977746285127,29,4,4.50055518051017,0,0.25,0.599617123087218,"LOW LOW","R1"
26,312,10,163.014458097121,29,4,4.50111008565344,0,0.25,0.835619021847447,"LOW LOW","R1"
27,319,4,175.39348330715,29,3,3.49919415407769,0,0.25,0.946992506839542,"LOW LOW","R1"
19,222,10,187.010451795857,30,12,12.5000124073225,0,0.25,0.983082697663767,"LOW LOW","R1"
22,255,5,234.563931124476,30,9,9.50013543114793,0,0.25,0.999862338375057,"LOW LOW","R1"
23,263,1,232.453745767098,30,8,8.50013595196743,0,0.25,0.999829451804574,"LOW LOW","R1"
24,280,5,167.710052053056,30,7,7.5005892123309,0,0.25,0.891169289215362,"LOW LOW","R1"
24,285,10,189.704577894481,30,7,7.49903663527803,0,0.25,0.987079015156577,"LOW LOW","R1"
25,295,7,187.845231507125,30,6,6.50004349553483,0,0.25,0.984436079302657,"LOW LOW","R1"
26,304,2,178.232961296549,30,5,5.50049586667019,0,0.25,0.959734314124916,"LOW LOW","R1"
27,319,4,200.054531723778,30,4,4.49945922506023,0,0.25,0.995444040716318,"LOW LOW","R1"
27,320,5,158.229470793659,30,4,4.49985268748061,0,0.25,0.757708074024893,"LOW LOW","R1"
28,327,2,137.010784057157,30,3,3.49932367503431,0,0.25,0.266153072985559,"LOW LOW","R1"
28,328,3,144.289758559454,30,3,3.49989610600325,0,0.25,0.431636529426653,"LOW LOW","R1"
28,329,4,141.918338195569,30,3,3.50011664512623,0,0.25,0.373798994342604,"LOW LOW","R1"
28,330,5,139.726110874287,30,3,3.5009124727181,0,0.25,0.323324524078136,"LOW LOW","R1"
28,331,6,157.568140993063,30,3,3.49918748831934,0,0.25,0.745168626743407,"LOW LOW","R1"
28,333,8,146.508147550416,30,3,3.49873104750315,0,0.25,0.487517856711568,"LOW LOW","R1"
28,335,10,147.540425945871,30,3,3.50000029595737,0,0.25,0.513714242206742,"LOW LOW","R1"
29,350,11,137.591224712374,30,2,2.50101919913793,0,0.25,0.277821135348876,"LOW LOW","R1"
22,255,5,239.880291756758,31,10,10.5006825531508,0,0.25,0.999919755889954,"LOW LOW","R1"
23,263,1,239.463561347907,31,9,9.50121852624016,0,0.25,0.999916288067857,"LOW LOW","R1"
24,280,5,171.531643255163,31,8,8.49927209071898,0,0.25,0.92349124145582,"LOW LOW","R1"
26,304,2,188.302965756807,31,6,6.50053280253954,0,0.25,0.985132351028638,"LOW LOW","R1"
27,319,4,220.598306460044,31,5,5.49819836085331,0,0.25,0.999431880853238,"LOW LOW","R1"
27,320,5,169.896323952701,31,5,5.49821505412001,0,0.25,0.910903607115254,"LOW LOW","R1"
28,327,2,150.842144292464,31,4,4.50038926861707,0,0.25,0.596307265252314,"LOW LOW","R1"
28,328,3,159.956368604202,31,4,4.49982630861436,0,0.25,0.788430535284958,"LOW LOW","R1"
28,329,4,156.97544203116,31,4,4.49964388023323,0,0.25,0.733573689201165,"LOW LOW","R1"
28,331,6,176.850610860639,31,4,4.4998590479467,0,0.25,0.953946486690551,"LOW LOW","R1"
29,344,5,154.141697488661,31,3,3.5014057874611,0,0.25,0.673732056495509,"LOW LOW","R1"
29,346,7,158.936052145555,31,3,3.50070450775692,0,0.25,0.770634210983553,"LOW LOW","R1"
29,347,8,151.820131516032,31,3,3.49876558107344,0,0.25,0.619964940357638,"LOW LOW","R1"
29,348,9,148.471057755609,31,3,3.50174278093031,0,0.25,0.537270736426527,"LOW LOW","R1"
29,351,12,154.173747653884,31,3,3.49857639403526,0,0.25,0.674446965241249,"LOW LOW","R1"
22,255,5,244.140932801933,32,11,11.4990858312328,0,0.25,0.999947934188467,"LOW LOW","R1"
23,263,1,245.111429845369,32,10,10.499623197301,0,0.25,0.99995281969506,"LOW LOW","R1"
27,319,4,237.712204996891,32,6,6.50085435692731,0,0.25,0.999899998557502,"LOW LOW","R1"
27,320,5,178.785536093369,32,6,6.49748958529422,0,0.25,0.961847369967006,"LOW LOW","R1"
28,327,2,161.182613951687,32,5,5.49938305583797,0,0.25,0.808453804247137,"LOW LOW","R1"
28,328,3,171.944112993313,32,5,5.49799137916165,0,0.25,0.926398230152797,"LOW LOW","R1"
28,330,5,165.169042705553,32,5,5.4996600760777,0,0.25,0.863509056666254,"LOW LOW","R1"
28,333,8,175.271391639327,32,5,5.50014421824508,0,0.25,0.946366784103601,"LOW LOW","R1"
29,344,5,172.458514405498,32,4,4.50130024916267,0,0.25,0.929881045688666,"LOW LOW","R1"
29,345,6,159.324021415446,32,4,4.49755911477226,0,0.25,0.777522603526565,"LOW LOW","R1"
29,346,7,178.610274427413,32,4,4.50156582435393,0,0.25,0.96118896278461,"LOW LOW","R1"
29,347,8,169.49546596993,32,4,4.49953518607768,0,0.25,0.907544752929762,"LOW LOW","R1"
29,351,12,172.499493034092,32,4,4.50165835379699,0,0.25,0.930151845340274,"LOW LOW","R1"
30,352,1,139.066530545846,32,3,3.49969278811991,0,0.25,0.30884938749376,"LOW LOW","R1"
30,353,2,152.349840682373,32,3,3.49862242666991,0,0.25,0.632552332595801,"LOW LOW","R1"
30,355,4,155.600675119279,32,3,3.49858492814736,0,0.25,0.70542088218592,"LOW LOW","R1"
30,357,6,149.936852098822,32,3,3.4995218900721,0,0.25,0.573998906761189,"LOW LOW","R1"
30,359,8,145.461196065101,32,3,3.49950814608565,0,0.25,0.461019655796962,"LOW LOW","R1"
30,360,9,143.698143256941,32,3,3.49926497903583,0,0.25,0.416964894137095,"LOW LOW","R1"
30,362,11,143.031904341051,32,3,3.50127620698958,0,0.25,0.400618138994083,"LOW LOW","R1"
31,374,11,130.19791278777,32,2,2.49903882345305,0,0.25,0.153688992766313,"LOW LOW","R1"
23,263,1,249.66196590397,33,11,11.500635813007,0,0.25,0.999970275630121,"LOW LOW","R1"
27,320,5,185.558407184196,33,7,7.49997566489019,0,0.25,0.980447899723973,"LOW LOW","R1"
28,330,5,173.420028996377,33,6,6.49880745613365,0,0.25,0.935985381470635,"LOW LOW","R1"
28,333,8,184.913907412047,33,6,6.50036581681713,0,0.25,0.979153231516623,"LOW LOW","R1"
29,344,5,186.889487421312,33,5,5.49928746790872,0,0.25,0.982877221185119,"LOW LOW","R1"
29,346,7,194.319528879047,33,5,5.49959373233455,0,0.25,0.99187349249175,"LOW LOW","R1"
29,347,8,183.328495991297,33,5,5.49992178708625,0,0.25,0.975601168176439,"LOW LOW","R1"
29,351,12,186.93881689074,33,5,5.50082168989698,0,0.25,0.982961309284994,"LOW LOW","R1"
30,353,2,170.17062717002,33,4,4.50079475742021,0,0.25,0.913138200133345,"LOW LOW","R1"
30,356,5,173.828492697994,33,4,4.50190981368933,0,0.25,0.938425790681535,"LOW LOW","R1"
30,357,6,167.099455095882,33,4,4.49850037373142,0,0.25,0.885009156139631,"LOW LOW","R1"
30,359,8,161.432993460908,33,4,4.50061107377616,0,0.25,0.812359664358905,"LOW LOW","R1"
30,360,9,159.2116527353,33,4,4.4984869902496,0,0.25,0.775542803583816,"LOW LOW","R1"
30,362,11,158.373830797414,33,4,4.49792912639588,0,0.25,0.760388767727517,"LOW LOW","R1"
31,364,1,147.996918549796,33,3,3.50021078308359,0,0.25,0.525283295156954,"LOW LOW","R1"
31,368,5,149.964374880354,33,3,3.50162226149676,0,0.25,0.574682076439851,"LOW LOW","R1"
31,369,6,150.304810425573,33,3,3.49897574975799,0,0.25,0.583108009929102,"LOW LOW","R1"
31,374,11,153.167469231505,33,3,3.49946715869205,0,0.25,0.651626830532904,"LOW LOW","R1"
32,378,4,124.266533495896,33,2,2.50077074259278,0,0.25,0.0904475181509217,"LOW LOW","R1"
23,263,1,253.328371810896,34,12,12.499399798858,0,0.25,0.999979514494844,"LOW LOW","R1"
27,320,5,190.718795088889,34,8,8.49723983953674,0,0.25,0.988328593376858,"LOW LOW","R1"
28,330,5,179.643331378513,34,7,7.49896607786999,0,0.25,0.96491800456355,"LOW LOW","R1"
29,344,5,198.258983722372,34,6,6.50193836098475,0,0.25,0.994537909047775,"LOW LOW","R1"
29,346,7,206.862879863436,34,6,6.49995212294686,0,0.25,0.997712534100036,"LOW LOW","R1"
29,347,8,194.154470462735,34,6,6.50008784989931,0,0.25,0.991737289382416,"LOW LOW","R1"
29,351,12,198.3159297509,34,6,6.49975761425225,0,0.25,0.99456922798643,"LOW LOW","R1"
30,353,2,184.138881689939,34,5,5.50183318894529,0,0.25,0.977484951659317,"LOW LOW","R1"
30,356,5,188.53984575141,34,5,5.50079376554692,0,0.25,0.985480536909754,"LOW LOW","R1"
30,357,6,180.457497260481,34,5,5.499116106123,0,0.25,0.967611250422995,"LOW LOW","R1"
30,359,8,173.698347978005,34,5,5.50024921334395,0,0.25,0.937657816078913,"LOW LOW","R1"
30,360,9,171.060514849175,34,5,5.50222268182899,0,0.25,0.920042255888745,"LOW LOW","R1"
30,362,11,170.067352707725,34,5,5.50157184003022,0,0.25,0.912302896613009,"LOW LOW","R1"
31,368,5,167.134421565141,34,4,4.50037497778644,0,0.25,0.885369962091,"LOW LOW","R1"
31,374,11,171.213829278043,34,4,4.50094535954905,0,0.25,0.921179927122968,"LOW LOW","R1"
32,378,4,144.913098490554,34,3,3.49813639036051,0,0.25,0.447225284123924,"LOW LOW","R1"
32,379,5,150.037837821485,34,3,3.50023385504904,0,0.25,0.576504168615962,"LOW LOW","R1"
32,382,8,153.439440409649,34,3,3.49763341576927,0,0.25,0.657868906118156,"LOW LOW","R1"
32,383,9,155.322921529905,34,3,3.50080974480036,0,0.25,0.699526900600433,"LOW LOW","R1"
32,385,11,152.471621213998,34,3,3.49956209510346,0,0.25,0.635421511622033,"LOW LOW","R1"
23,263,1,256.282426476374,35,13,13.4998186623752,0,0.25,0.999984822854933,"LOW LOW","R1"
28,330,5,184.337254162334,35,8,8.49960051472766,0,0.25,0.977923985176522,"LOW LOW","R1"
29,344,5,207.216484093147,35,7,7.50076920168381,0,0.25,0.997793024548599,"LOW LOW","R1"
29,346,7,216.878355416521,35,7,7.49886131566431,0,0.25,0.999171376447756,"LOW LOW","R1"
29,347,8,202.627069963726,35,7,7.50178238234002,0,0.25,0.996487640586492,"LOW LOW","R1"
29,351,12,207.280248185604,35,7,7.50119401479516,0,0.25,0.997807235390759,"LOW LOW","R1"
30,353,2,195.087452027645,35,6,6.49944872391949,0,0.25,0.992478452381756,"LOW LOW","R1"
30,356,5,200.165450070802,35,6,6.4991343178553,0,0.25,0.995494831348497,"LOW LOW","R1"
30,357,6,190.854363662494,35,6,6.49918794498545,0,0.25,0.988486307987671,"LOW LOW","R1"
30,359,8,183.117383149937,35,6,6.5008469337672,0,0.25,0.975085709498122,"LOW LOW","R1"
30,360,9,180.110403501997,35,6,6.49911271704431,0,0.25,0.966488412137305,"LOW LOW","R1"
30,362,11,178.980083130193,35,6,6.49997937821791,0,0.25,0.962565663269177,"LOW LOW","R1"
31,364,1,177.516755938684,35,5,5.49953983368352,0,0.25,0.95682830185212,"LOW LOW","R1"
31,368,5,180.499340436686,35,5,5.50051899074226,0,0.25,0.967744131066247,"LOW LOW","R1"
31,374,11,185.392209767322,35,5,5.4992915508306,0,0.25,0.980121784049032,"LOW LOW","R1"
32,375,1,151.604748280051,35,4,4.50022514344188,0,0.25,0.614799221794266,"LOW LOW","R1"
32,382,8,171.561119207424,35,4,4.49987830999999,0,0.25,0.923702427850857,"LOW LOW","R1"
32,383,9,173.970102073781,35,4,4.49919938104387,0,0.25,0.939251370107326,"LOW LOW","R1"
32,385,11,170.325923782197,35,4,4.49897294875217,0,0.25,0.914380719099547,"LOW LOW","R1"
33,386,1,155.117298499283,35,3,3.50104415849247,0,0.25,0.695120506170679,"LOW LOW","R1"
28,330,5,187.877643130694,36,9,9.49877656467928,0,0.25,0.98448642005334,"LOW LOW","R1"
29,344,5,214.273684409485,36,8,8.50199733890218,0,0.25,0.998920801858988,"LOW LOW","R1"
29,346,7,224.875401076753,36,8,8.49688379373549,0,0.25,0.999631931995077,"LOW LOW","R1"
29,347,8,209.257876501611,36,8,8.49978873837538,0,0.25,0.998205423962076,"LOW LOW","R1"
29,351,12,214.34346413384,36,8,8.49894090186758,0,0.25,0.998928412685216,"LOW LOW","R1"
30,353,2,203.669139329287,36,7,7.50004921891622,0,0.25,0.996839162807229,"LOW LOW","R1"
30,356,5,209.352550353172,36,7,7.49981630957464,0,0.25,0.998222561096544,"LOW LOW","R1"
30,357,6,198.94647998084,36,7,7.49828874569423,0,0.25,0.994904300847357,"LOW LOW","R1"
30,359,8,190.350620758064,36,7,7.50045808299855,0,0.25,0.987889423844207,"LOW LOW","R1"
30,362,11,185.773311397338,36,7,7.49894342483641,0,0.25,0.980861824343205,"LOW LOW","R1"
31,364,1,187.48257464988,36,6,6.49966490948277,0,0.25,0.983861733125176,"LOW LOW","R1"
32,375,1,162.078640848831,36,5,5.50094929190612,0,0.25,0.822148232135,"LOW LOW","R1"
32,382,8,185.809771807324,36,5,5.49891040409035,0,0.25,0.980931192727249,"LOW LOW","R1"
32,383,9,188.710577667804,36,5,5.50135112151366,0,0.25,0.985726498614275,"LOW LOW","R1"
33,393,8,173.15516357138,36,4,4.49820921688267,0,0.25,0.934355058549964,"LOW LOW","R1"
33,395,10,168.928409080056,36,4,4.4982003188408,0,0.25,0.902599143360434,"LOW LOW","R1"
34,402,5,147.590947189277,36,3,3.50013565504913,0,0.25,0.51499556999522,"LOW LOW","R1"
34,407,10,163.131222915213,36,3,3.50130314871602,0,0.25,0.837241006695996,"LOW LOW","R1"
35,412,4,130.202000683071,36,2,2.50068928647251,0,0.25,0.153742986020234,"LOW LOW","R1"
35,418,10,136.494390801286,36,2,2.49980367581981,0,0.25,0.256038875609849,"LOW LOW","R1"
29,344,5,219.833726189378,37,9,9.49833334776531,0,0.25,0.999386049100445,"LOW LOW","R1"
29,346,7,231.260793258367,37,9,9.50063458239667,0,0.25,0.999807495549409,"LOW LOW","R1"
29,351,12,219.908752771769,37,9,9.50007082075894,0,0.25,0.999390705342765,"LOW LOW","R1"
30,353,2,210.395620931139,37,8,8.49874681639388,0,0.25,0.998400890831632,"LOW LOW","R1"
30,356,5,216.612629853515,37,8,8.4995220754386,0,0.25,0.999148735371762,"LOW LOW","R1"
30,357,6,205.244757171067,37,8,8.49853639770424,0,0.25,0.997305188940008,"LOW LOW","R1"
30,359,8,195.905300758786,37,8,8.50123379705894,0,0.25,0.993073647662984,"LOW LOW","R1"
30,360,9,192.301801437166,37,8,8.49792164654501,0,0.25,0.990044252848764,"LOW LOW","R1"
30,362,11,190.951068167946,37,8,8.50169609090488,0,0.25,0.988597520857581,"LOW LOW","R1"
31,364,1,195.194650035151,37,7,7.49935963748475,0,0.25,0.992559267689297,"LOW LOW","R1"
32,375,1,169.924809059772,37,6,6.50043354186066,0,0.25,0.911138050967667,"LOW LOW","R1"
32,382,8,197.013154406598,37,6,6.49949335167179,0,0.25,0.993805960559231,"LOW LOW","R1"
33,389,4,178.369226553292,37,5,5.49971722516985,0,0.25,0.960265584162471,"LOW LOW","R1"
33,391,6,157.097946200874,37,5,5.5010178143943,0,0.25,0.735997567517694,"LOW LOW","R1"
33,395,10,182.648334219645,37,5,5.49979129523529,0,0.25,0.973902207569754,"LOW LOW","R1"
34,402,5,164.124507287615,37,4,4.49843830597521,0,0.25,0.850520843493438,"LOW LOW","R1"
34,405,8,170.281073118915,37,4,4.50063072242243,0,0.25,0.914023535422092,"LOW LOW","R1"
34,407,10,184.028912485668,37,4,4.50019893980875,0,0.25,0.977237906908246,"LOW LOW","R1"
35,411,3,149.835610099304,37,3,3.50066351966184,0,0.25,0.571483468269327,"LOW LOW","R1"
35,412,4,153.173196859967,37,3,3.50015408644568,0,0.25,0.651758833821622,"LOW LOW","R1"
35,413,5,142.367455874433,37,3,3.49892274290383,0,0.25,0.384532643633068,"LOW LOW","R1"
35,415,7,142.808027474552,37,3,3.50136311147443,0,0.25,0.395172493660268,"LOW LOW","R1"
35,417,9,151.758678471983,37,3,3.49875309277427,0,0.25,0.618493771428972,"LOW LOW","R1"
35,418,10,162.052049341299,37,3,3.499807909444,0,0.25,0.821753108081044,"LOW LOW","R1"
35,420,12,155.461121651555,37,3,3.49810647268649,0,0.25,0.702467945761852,"LOW LOW","R1"
36,422,2,131.703195285147,37,2,2.50157718338599,0,0.25,0.17463596048821,"LOW LOW","R1"
29,344,5,224.214225992195,38,10,10.4993395124709,0,0.25,0.999606385171098,"LOW LOW","R1"
30,353,2,215.667958776798,38,9,9.49947424014777,0,0.25,0.999063122952687,"LOW LOW","R1"
30,356,5,222.349886738852,38,9,9.49917803442166,0,0.25,0.999524397883258,"LOW LOW","R1"
30,357,6,210.146848787695,38,9,9.4994329075178,0,0.25,0.998360052503001,"LOW LOW","R1"
30,359,8,200.17095212848,38,9,9.50082101354207,0,0.25,0.995497336070633,"LOW LOW","R1"
30,360,9,196.334010175491,38,9,9.50102675634224,0,0.25,0.993366712754564,"LOW LOW","R1"
32,375,1,175.802504977513,38,7,7.50066388132943,0,0.25,0.949038882979489,"LOW LOW","R1"
32,382,8,205.822112361444,38,7,7.50220575227724,0,0.25,0.997458228472212,"LOW LOW","R1"
33,395,10,193.371912965325,38,6,6.49984662315204,0,0.25,0.99106009865652,"LOW LOW","R1"
34,399,2,156.897357755867,38,5,5.49896084594324,0,0.25,0.732021331890809,"LOW LOW","R1"
34,402,5,176.903482316222,38,5,5.5004248460995,0,0.25,0.954181750182993,"LOW LOW","R1"
34,407,10,200.904792724762,38,5,5.49977632537071,0,0.25,0.995819277951768,"LOW LOW","R1"
35,409,1,158.66887648923,38,4,4.4987732051793,0,0.25,0.765804160466438,"LOW LOW","R1"
35,411,3,166.970844303056,38,4,4.49972423401978,0,0.25,0.883673558244547,"LOW LOW","R1"
35,412,4,171.221141629118,38,4,4.50000251574328,0,0.25,0.921233816987239,"LOW LOW","R1"
35,413,5,157.539136638466,38,4,4.50107078983912,0,0.25,0.744609012732279,"LOW LOW","R1"
35,415,7,158.092494131311,38,4,4.49859631328258,0,0.25,0.755145689400136,"LOW LOW","R1"
36,425,5,142.879848834141,38,3,3.49961016001938,0,0.25,0.39691673513649,"LOW LOW","R1"
36,429,9,137.240415538018,38,3,3.50130159573321,0,0.25,0.270731617993918,"LOW LOW","R1"
37,440,10,132.720917505677,38,2,2.49943823725867,0,0.25,0.190034008957886,"LOW LOW","R1"
29,344,5,227.665419217374,39,11,11.5004106607383,0,0.25,0.999722705160839,"LOW LOW","R1"
30,353,2,219.800512465952,39,10,10.4995585264668,0,0.25,0.999383976475924,"LOW LOW","R1"
30,356,5,226.883737444865,39,10,10.499373996218,0,0.25,0.999699807346569,"LOW LOW","R1"
30,357,6,213.962257587914,39,10,10.4995302547718,0,0.25,0.998886171098351,"LOW LOW","R1"
30,360,9,199.413718569097,39,10,10.5001183283468,0,0.25,0.995139248002499,"LOW LOW","R1"
32,375,1,180.205585356705,39,8,8.50041628784552,0,0.25,0.966800009337149,"LOW LOW","R1"
32,382,8,212.748390167512,39,8,8.50138587103231,0,0.25,0.998740261318443,"LOW LOW","R1"
33,395,10,201.75352875002,39,7,7.50131844869722,0,0.25,0.996163137304246,"LOW LOW","R1"
34,399,2,164.087057362707,39,6,6.49814437327389,0,0.25,0.850036782812855,"LOW LOW","R1"
34,407,10,214.532870263383,39,6,6.5004410670081,0,0.25,0.998948801883498,"LOW LOW","R1"
35,411,3,180.303607198065,39,5,5.49968703754874,0,0.25,0.967117978858971,"LOW LOW","R1"
35,412,4,185.401000086727,39,5,5.5000661953952,0,0.25,0.980139165281744,"LOW LOW","R1"
35,413,5,169.078853656831,39,5,5.49896101102466,0,0.25,0.903933794606272,"LOW LOW","R1"
35,415,7,169.734068904206,39,5,5.50022186494778,0,0.25,0.909557513414642,"LOW LOW","R1"
37,433,3,149.700677155943,39,3,3.49976792866435,0,0.25,0.568125222060167,"LOW LOW","R1"
37,435,5,144.616065863172,39,3,3.50136020990619,0,0.25,0.439782083960256,"LOW LOW","R1"
37,436,6,155.865226046687,39,3,3.5007017681966,0,0.25,0.710971590792271,"LOW LOW","R1"
37,441,11,146.432153677544,39,3,3.50031205174465,0,0.25,0.485590294408439,"LOW LOW","R1"
37,442,12,154.010279667127,39,3,3.50138371222572,0,0.25,0.670792228608313,"LOW LOW","R1"
29,344,5,230.384454764382,40,12,12.4998113120561,1.098137724571,0.25,0.999789585774183,"LOW LOW","R1"
30,353,2,223.039682734187,40,11,11.4992966419619,1.098137724571,0.25,0.999556553502392,"LOW LOW","R1"
30,356,5,230.466599888579,40,11,11.500672946091,1.098137724571,0.25,0.999791333048057,"LOW LOW","R1"
30,357,6,216.931876569209,40,11,11.4991900935521,1.098137724571,0.25,0.999175863382512,"LOW LOW","R1"
30,360,9,201.765929083274,40,11,11.5009947328751,1.098137724571,0.25,0.996167946510147,"LOW LOW","R1"
32,375,1,183.504006557282,40,9,9.49964017299597,1.098137724571,0.25,0.976021771352012,"LOW LOW","R1"
34,407,10,225.538192342432,40,7,7.50316896692549,1.098137724571,0.25,0.999655877775627,"LOW LOW","R1"
35,409,1,179.377895533073,40,6,6.502567818725,1.098137724571,0.25,0.96399418284904,"LOW LOW","R1"
35,412,4,196.541791376242,40,6,6.4999583774879,1.098137724571,0.25,0.993504286754471,"LOW LOW","R1"
35,415,7,178.600996762167,40,6,6.50061055131975,1.098137724571,0.25,0.961153807067285,"LOW LOW","R1"
36,429,9,161.518448257242,40,5,5.49937871319795,1.098137724571,0.25,0.813678641962419,"LOW LOW","R1"
36,430,10,177.565195941783,40,5,5.50049570079905,1.098137724571,0.25,0.957031007720416,"LOW LOW","R1"
37,433,3,166.799465841006,40,4,4.50055051572442,1.098137724571,0.25,0.88187290873039,"LOW LOW","R1"
37,434,4,158.790885424225,40,4,4.49775550907292,1.098137724571,0.25,0.7680185799137,"LOW LOW","R1"
37,435,5,160.367414832418,40,4,4.49953434643464,1.098137724571,0.25,0.795308386287069,"LOW LOW","R1"
37,436,6,174.664972077983,40,4,4.49967256386059,1.098137724571,0.25,0.94315435910858,"LOW LOW","R1"
37,440,10,175.751805225731,40,4,4.50033026133127,1.098137724571,0.25,0.948789344564573,"LOW LOW","R1"
37,442,12,172.290507114739,40,4,4.49945243258469,1.098137724571,0.25,0.928760624490771,"LOW LOW","R1"
38,446,3,132.099349285286,40,3,3.50086992721421,1.098137724571,0.25,0.180509631370395,"LOW LOW","R1"
38,449,6,154.664029125536,40,3,3.50042883479818,1.098137724571,0.25,0.685280635688138,"LOW LOW","R1"
38,455,12,153.153433612223,40,3,3.49982721418011,1.098137724571,0.25,0.651303256563911,"LOW LOW","R1"
38,456,13,141.976646257717,40,3,3.50057784609312,1.098137724571,0.25,0.37518577694306,"LOW LOW","R1"
39,462,5,137.040185187594,40,2,2.49824464197772,1.098137724571,0.25,0.266736529517337,"LOW LOW","R1"
39,463,6,128.860322979107,40,2,2.49907324231977,1.098137724571,0.25,0.136842735412923,"LOW LOW","R1"
30,353,2,225.578602931195,41,12,12.4993192175245,1.14529130089078,0.25,0.999657286327836,"LOW LOW","R1"
30,360,9,203.562493431539,41,12,12.4997949403685,1.14529130089078,0.25,0.996804861206796,"LOW LOW","R1"
35,413,5,184.532093354673,41,7,7.49991361909367,1.14529130089078,0.25,0.978347048977292,"LOW LOW","R1"
36,430,10,187.538045016758,41,6,6.5008444973868,1.14529130089078,0.25,0.983950914367486,"LOW LOW","R1"
37,435,5,172.432139207026,41,5,5.50051017961344,1.14529130089078,0.25,0.929706236962375,"LOW LOW","R1"
37,441,11,175.157044948928,41,5,5.50118353591632,1.14529130089078,0.25,0.945774441368325,"LOW LOW","R1"
37,442,12,186.687265866517,41,5,5.49992451687127,1.14529130089078,0.25,0.982528227642004,"LOW LOW","R1"
38,455,12,171.195910544706,41,4,4.50012442786116,1.14529130089078,0.25,0.921047728796389,"LOW LOW","R1"
38,456,13,157.048602745232,41,4,4.49895246049167,1.14529130089078,0.25,0.735022956523849,"LOW LOW","R1"
39,458,1,152.894564930094,41,3,3.50011411795815,1.14529130089078,0.25,0.645310582551096,"LOW LOW","R1"
39,461,4,145.725265694922,41,3,3.49958581181036,1.14529130089078,0.25,0.467688391011639,"LOW LOW","R1"
39,462,5,162.828034047732,41,3,3.49813253188777,1.14529130089078,0.25,0.833002520057142,"LOW LOW","R1"
39,463,6,151.296197835902,41,3,3.49968538393863,1.14529130089078,0.25,0.607353954844068,"LOW LOW","R1"
35,413,5,189.609939621441,42,8,8.50021802128122,1.14007197294683,0.25,0.986955888260208,"LOW LOW","R1"
38,456,13,168.498377280302,42,5,5.49898851929546,1.14007197294683,0.25,0.898692581750523,"LOW LOW","R1"
39,458,1,170.865490884255,42,4,4.50118174451625,1.14007197294683,0.25,0.918573418125609,"LOW LOW","R1"
39,461,4,161.76623285511,42,4,4.50031023512739,1.14007197294683,0.25,0.817462700821206,"LOW LOW","R1"
40,471,1,152.193123969089,42,3,3.49876033860156,1.14007197294683,0.25,0.628846211475105,"LOW LOW","R1"
41,487,5,126.369904639463,42,2,2.49927390655961,1.14007197294683,0.25,0.109620570565942,"LOW LOW","R1"
39,458,1,184.973547370747,43,5,5.50005729323468,1.10418373697603,0.25,0.979276477198916,"LOW LOW","R1"
40,471,1,169.970821438463,43,4,4.49860536548295,1.10418373697603,0.25,0.91151557544295,"LOW LOW","R1"
41,490,8,152.620923569546,43,3,3.50084699505446,1.10418373697603,0.25,0.638926004994761,"LOW LOW","R1"
41,492,10,157.420402949059,43,3,3.50025405211466,1.10418373697603,0.25,0.742309744389047,"LOW LOW","R1"
42,502,7,142.41562850035,43,2,2.49985336638677,1.10418373697603,0.25,0.385690854388224,"LOW LOW","R1"
42,504,9,124.652736218863,43,2,2.50040176069641,1.10418373697603,0.25,0.0937255931125689,"LOW LOW","R1"
42,505,10,129.188764292967,43,2,2.49961788524166,1.10418373697603,0.25,0.140829539091585,"LOW LOW","R1"
41,495,13,171.982988223366,44,4,4.49981664216174,1.09340105260166,0.25,0.926666908473951,"LOW LOW","R1"
42,498,3,132.01775448295,44,3,3.50074246987534,1.09340105260166,0.25,0.179287379166558,"LOW LOW","R1"
42,500,5,141.479135542542,44,3,3.50061617617845,1.09340105260166,0.25,0.363421019537801,"LOW LOW","R1"
43,514,7,119.956777099492,44,2,2.50015282524893,1.09340105260166,0.25,0.060326400916852,"LOW LOW","R1"
42,504,9,161.415230838656,45,4,4.5001027741532,1.19332229015836,0.25,0.812084602231607,"LOW LOW","R1"
43,512,5,142.803135178124,45,3,3.49980120599409,1.19332229015836,0.25,0.395053776652211,"LOW LOW","R1"
43,516,9,169.864966854986,45,3,3.50051429161698,1.19332229015836,0.25,0.910644880492078,"LOW LOW","R1"
42,504,9,173.677228312656,46,5,5.50030790926745,1.08857023522016,0.25,0.93753235021375,"LOW LOW","R1"
43,508,1,151.075736607745,46,4,4.49919396700468,1.08857023522016,0.25,0.602003304569079,"LOW LOW","R1"
43,512,5,158.086347297257,46,4,4.49899245066048,1.08857023522016,0.25,0.755030274016876,"LOW LOW","R1"
44,519,2,159.670696900532,46,3,3.50048287262461,1.08857023522016,0.25,0.783551813461046,"LOW LOW","R1"
44,521,4,164.677664009133,47,4,4.49823395123564,1.14779458519449,0.25,0.857521516410637,"LOW LOW","R1"
44,522,5,159.817186431573,47,4,4.4981204413266,1.14779458519449,0.25,0.786063683185179,"LOW LOW","R1"
45,528,1,149.825728337801,47,3,3.49987320532181,1.14779458519449,0.25,0.571237747823844,"LOW LOW","R1"
45,529,2,151.903245289915,47,3,3.49985517913574,1.14779458519449,0.25,0.621951155760937,"LOW LOW","R1"
45,530,3,160.020215883732,47,3,3.50012887621323,1.14779458519449,0.25,0.789509856192974,"LOW LOW","R1"
47,549,5,124.461077421314,48,2,2.49876257837796,1.19883502454452,0.25,0.0920856920893994,"LOW LOW","R1"
46,538,1,171.978471110973,49,4,4.49990155144763,1.24389199125021,0.25,0.926635735797588,"LOW LOW","R1"
46,540,3,167.129104985941,49,4,4.50074013060929,1.24389199125021,0.25,0.885315165894955,"LOW LOW","R1"
47,546,2,149.668843362502,49,3,3.49938909110741,1.24389199125021,0.25,0.567332008506211,"LOW LOW","R1"
47,552,8,153.553077231804,49,3,3.5001189529574,1.24389199125021,0.25,0.660461057771179,"LOW LOW","R1"
47,553,9,155.7353061218,49,3,3.50022223769846,1.24389199125021,0.25,0.708253417831565,"LOW LOW","R1"
48,562,8,127.130101295482,49,2,2.49765138865611,1.24389199125021,0.25,0.117384159051645,"LOW LOW","R1"
46,540,3,180.492978163042,50,5,5.49892945685977,1.10144261872735,0.25,0.967723960530929,"LOW LOW","R1"
47,546,2,166.759038868386,50,4,4.50128749811991,1.10144261872735,0.25,0.881444644352821,"LOW LOW","R1"
47,552,8,171.706268350561,50,4,4.4989609599409,1.10144261872735,0.25,0.924734596394175,"LOW LOW","R1"
48,555,1,133.226597514917,50,3,3.49968765726844,1.10144261872735,0.25,0.198062773446639,"LOW LOW","R1"
48,560,6,154.124336667783,50,3,3.49945557028891,1.10144261872735,0.25,0.673344469374044,"LOW LOW","R1"
49,567,4,132.69640775071,50,2,2.49822808472576,1.10144261872735,0.25,0.189651266579051,"LOW LOW","R1"
50,578,6,103.081537869296,50,1,1.49917893481964,1.10144261872735,0.25,0.0114398578294756,"LOW LOW","R1"
46,540,3,190.895097821773,51,6,6.50075060788789,1.08990434011222,0.25,0.988533283491451,"LOW LOW","R1"
47,546,2,180.050218290473,51,5,5.49946177365654,1.08990434011222,0.25,0.966289928633111,"LOW LOW","R1"
47,546,2,190.386873033205,52,6,6.5016218228156,1.13360987135934,0.25,0.987933381372779,"LOW LOW","R1"
49,572,9,161.87212986312,52,4,4.50063658847258,1.13360987135934,0.25,0.819061609911477,"LOW LOW","R1"
50,573,1,146.202362537841,52,3,3.49830388098316,1.13360987135934,0.25,0.479764551509602,"LOW LOW","R1"
50,574,2,164.552612218503,52,3,3.49986872681668,1.13360987135934,0.25,0.855963188529829,"LOW LOW","R1"
50,577,5,152.04540787382,52,3,3.49850463247342,1.13360987135934,0.25,0.625338994569348,"LOW LOW","R1"
50,578,6,158.100506821338,52,3,3.49944158160104,1.13360987135934,0.25,0.755296083653513,"LOW LOW","R1"
50,577,5,169.782534421964,53,4,4.50117404883462,1.09758202444466,0.25,0.909961498027783,"LOW LOW","R1"
50,578,6,177.535017718885,53,4,4.50017044040679,1.09758202444466,0.25,0.956904828552073,"LOW LOW","R1"
51,586,5,150.182644211357,53,3,3.50026784403748,1.09758202444466,0.25,0.580089653054999,"LOW LOW","R1"
51,586,5,167.411775130977,54,4,4.50015266539511,1.09015078985226,0.25,0.888197090275397,"LOW LOW","R1"
52,597,6,155.795658992982,54,3,3.49932284766837,1.09015078985226,0.25,0.709517984505634,"LOW LOW","R1"
53,610,10,127.927606955009,54,2,2.50257718151742,1.09015078985226,0.25,0.126036679979633,"LOW LOW","R1"
53,604,4,161.621403180075,55,3,3.50134406929853,1.09711058964221,0.25,0.815258221820982,"LOW LOW","R1"
53,606,6,144.611265200574,55,3,3.49919329435328,1.09711058964221,0.25,0.439661999305133,"LOW LOW","R1"
53,609,9,165.309721192553,55,3,3.50077429583476,1.09711058964221,0.25,0.86518379340105,"LOW LOW","R1"
53,610,10,149.994712010731,55,3,3.49869456139967,1.09711058964221,0.25,0.575434773397478,"LOW LOW","R1"
54,616,5,126.834349244403,55,2,2.50022321374578,1.09711058964221,0.25,0.114308629086752,"LOW LOW","R1"
55,622,1,101.913224213492,55,1,1.50114815145166,1.09711058964221,0.25,0.0101732561707853,"LOW LOW","R1"
53,609,9,186.855747610169,56,4,4.49926729289836,1.09539771466053,0.25,0.98281947287272,"LOW LOW","R1"
54,614,3,142.919663510482,56,3,3.4990907671684,1.09539771466053,0.25,0.397884800896265,"LOW LOW","R1"
54,616,5,148.472750193091,56,3,3.50025810108424,1.09539771466053,0.25,0.537313456753201,"LOW LOW","R1"
54,617,6,153.803245291094,56,3,3.50128626155069,1.09539771466053,0.25,0.666133675278093,"LOW LOW","R1"
54,620,9,159.505020535728,56,3,3.50153229086719,1.09539771466053,0.25,0.780685306896821,"LOW LOW","R1"
55,622,1,131.768047470115,56,2,2.49996021774143,1.09539771466053,0.25,0.175587086912725,"LOW LOW","R1"
54,614,3,158.232770032881,57,4,4.49901142160949,1.12939279645803,0.25,0.757769566465534,"LOW LOW","R1"
54,617,6,172.025897300804,57,4,4.50100336294052,1.12939279645803,0.25,0.926962417101384,"LOW LOW","R1"
55,627,6,144.935239637139,57,3,3.50047145654569,1.12939279645803,0.25,0.447781099466951,"LOW LOW","R1"
54,614,3,169.900232367583,58,5,5.5004029468839,1.09617048334027,0.25,0.910935807936401,"LOW LOW","R1"
56,630,1,159.326372758367,58,3,3.50093383983591,1.09617048334027,0.25,0.777563897880276,"LOW LOW","R1"
56,631,2,147.513920897327,58,3,3.50014042482811,1.09617048334027,0.25,0.513041943791496,"LOW LOW","R1"
56,636,7,144.05435198415,58,3,3.49951420296841,1.09617048334027,0.25,0.425782730398549,"LOW LOW","R1"
57,637,1,140.21630909196,58,2,2.50035559508557,1.09617048334027,0.25,0.334308023109708,"LOW LOW","R1"
57,640,4,130.695533599463,58,2,2.5004863233957,1.09617048334027,0.25,0.160376250319051,"LOW LOW","R1"
56,631,2,164.027008879783,59,4,4.50069345790196,1.23049797985699,0.25,0.849257929718087,"LOW LOW","R1"
56,636,7,159.659959715107,59,4,4.49916551350171,1.23049797985699,0.25,0.783366864918956,"LOW LOW","R1"
57,637,1,167.362020596656,59,3,3.50048873982501,1.23049797985699,0.25,0.8876944569676,"LOW LOW","R1"
57,639,3,141.796537743651,59,3,3.50064691365963,1.23049797985699,0.25,0.370908829903027,"LOW LOW","R1"
57,641,5,151.478256087686,59,3,3.50004407903537,1.23049797985699,0.25,0.61175326631439,"LOW LOW","R1"
58,648,4,122.148801975429,59,2,2.49921473423318,1.23049797985699,0.25,0.074247607702482,"LOW LOW","R1"
57,639,3,156.822637497921,60,4,4.5018130564767,1.10063774512695,0.25,0.730530495682856,"LOW LOW","R1"
57,643,7,154.908948575175,60,4,4.50066466204296,1.10063774512695,0.25,0.690618912651332,"LOW LOW","R1"
58,646,2,157.876213798332,60,3,3.50089628648643,1.10063774512695,0.25,0.751062658415671,"LOW LOW","R1"
58,651,7,147.189618595994,60,3,3.49983815605157,1.10063774512695,0.25,0.504812958107415,"LOW LOW","R1"
59,658,5,133.207826357982,60,2,2.50066294268988,1.10063774512695,0.25,0.197760229230684,"LOW LOW","R1"
57,643,7,165.970274495806,61,5,5.50068573946525,1.10746361250514,0.25,0.872816797345064,"LOW LOW","R1"
58,646,2,177.246602135856,61,4,4.49982392698575,1.10746361250514,0.25,0.955680947599699,"LOW LOW","R1"
58,648,4,157.069631278974,61,4,4.5005368957945,1.10746361250514,0.25,0.735438584401728,"LOW LOW","R1"
58,649,5,165.240513753041,61,4,4.5001449905683,1.10746361250514,0.25,0.864362077118766,"LOW LOW","R1"
59,657,4,145.967403410265,61,3,3.50032449651134,1.10746361250514,0.25,0.473813485140211,"LOW LOW","R1"
59,658,5,157.399028024886,61,3,3.49925458955921,1.10746361250514,0.25,0.741894388307217,"LOW LOW","R1"
59,659,6,144.849944969011,61,3,3.50016390884033,1.10746361250514,0.25,0.445640652843554,"LOW LOW","R1"
57,643,7,174.327822762003,62,6,6.5005419779356,1.20302029582674,0.25,0.941290974941909,"LOW LOW","R1"
58,649,5,178.235323819683,62,5,5.50092284434164,1.20302029582674,0.25,0.95974358282569,"LOW LOW","R1"
59,658,5,176.633312727072,62,4,4.49866122005936,1.20302029582674,0.25,0.95296744525638,"LOW LOW","R1"
60,665,4,164.664509659381,62,3,3.50217836775168,1.20302029582674,0.25,0.857358257980035,"LOW LOW","R1"
60,667,6,156.969114911993,62,3,3.49845361557446,1.20302029582674,0.25,0.733448116109279,"LOW LOW","R1"
60,668,7,140.810357722191,62,3,3.49974829686743,1.20302029582674,0.25,0.347862282086279,"LOW LOW","R1"
57,643,7,180.642491864334,63,7,7.50139285352136,1.10538680253255,0.25,0.968194760352455,"LOW LOW","R1"
59,658,5,191.926381384793,63,5,5.4989194453841,1.10538680253255,0.25,0.98966144054306,"LOW LOW","R1"
61,673,5,144.287126505963,63,3,3.50023576405184,1.10538680253255,0.25,0.43157096991887,"LOW LOW","R1"
62,684,7,134.597504233075,63,2,2.50132757802603,1.10538680253255,0.25,0.221102184443848,"LOW LOW","R1"
62,687,10,127.986618714675,63,2,2.49892855767058,1.10538680253255,0.25,0.126698143919402,"LOW LOW","R1"
61,672,4,151.570496334186,64,4,4.49935826687379,1.16828760771282,0.25,0.613975305187092,"LOW LOW","R1"
61,673,5,159.953053885869,64,4,4.49878798546361,1.16828760771282,0.25,0.788374390455166,"LOW LOW","R1"
62,678,1,144.753385255087,64,3,3.5023765165952,1.16828760771282,0.25,0.44321994798834,"LOW LOW","R1"
62,679,2,161.282289125074,64,3,3.49856088283867,1.16828760771282,0.25,0.810016099126283,"LOW LOW","R1"
62,682,5,147.018418225338,64,3,3.50087827057923,1.16828760771282,0.25,0.500467511420757,"LOW LOW","R1"
62,684,7,159.362368158061,64,3,3.50169112863096,1.16828760771282,0.25,0.778195366991817,"LOW LOW","R1"
62,683,6,170.715258534,65,4,4.49820260182825,1.15206974078776,0.25,0.917425208059971,"LOW LOW","R1"
62,687,10,167.277487882446,65,4,4.49864244080272,1.15206974078776,0.25,0.886835959680697,"LOW LOW","R1"
63,690,3,145.607243977901,65,3,3.50144230503129,1.15206974078776,0.25,0.464706335664902,"LOW LOW","R1"
63,695,8,139.345930102842,65,3,3.50113444906465,1.15206974078776,0.25,0.314937488342412,"LOW LOW","R1"
64,698,1,135.704304437197,65,2,2.49995111210479,1.15206974078776,0.25,0.241059637646591,"LOW LOW","R1"
64,704,7,122.080803044063,65,2,2.50042268549506,1.15206974078776,0.25,0.0737744482412815,"LOW LOW","R1"
64,702,5,148.816226653943,66,3,3.49973742904967,1.12955760438755,0.25,0.545971253862957,"LOW LOW","R1"
64,704,7,141.899896522208,66,3,3.49888881994791,1.12955760438755,0.25,0.373360812844413,"LOW LOW","R1"
65,712,4,131.223122402811,66,2,2.49975169669197,1.12955760438755,0.25,0.167721269039876,"LOW LOW","R1"
65,714,6,132.776173534257,66,2,2.50087603954102,1.12955760438755,0.25,0.190899050759836,"LOW LOW","R1"
63,690,3,173.917488817871,67,5,5.50044062403226,1.19575979668793,0.25,0.938945851771452,"LOW LOW","R1"
64,704,7,156.952304168353,67,4,4.5001471029621,1.19575979668793,0.25,0.733114293600741,"LOW LOW","R1"
65,716,8,160.239112746429,67,3,3.50182308085098,1.19575979668793,0.25,0.793179553031914,"LOW LOW","R1"
65,718,10,146.121745983173,67,3,3.50071778393627,1.19575979668793,0.25,0.47772195521117,"LOW LOW","R1"
66,721,3,126.225565934695,67,2,2.50103639384633,1.19575979668793,0.25,0.108198342384129,"LOW LOW","R1"
66,720,2,136.955365488788,68,3,3.50044822830749,1.17973248111316,0.25,0.265055522232124,"LOW LOW","R1"
67,729,1,143.98094346428,69,3,3.49967118570984,1.10458008965626,0.25,0.423961465404633,"LOW LOW","R1"
67,733,5,148.018394095377,69,3,3.50122977988922,1.10458008965626,0.25,0.525826986924063,"LOW LOW","R1"
68,739,3,126.377515765034,69,2,2.49953108851819,1.10458008965626,0.25,0.109696019244536,"LOW LOW","R1"
68,740,4,130.379700644995,69,2,2.50039737282824,1.10458008965626,0.25,0.156105091568818,"LOW LOW","R1"
67,733,5,164.665772211699,70,4,4.49977443043563,1.10441105393227,0.25,0.857373934260262,"LOW LOW","R1"
68,743,7,151.677962817389,70,3,3.50000118236752,1.10441105393227,0.25,0.616558157199315,"LOW LOW","R1"
67,731,3,154.742897006233,71,5,5.5013869284509,1.20882867846987,0.25,0.687005085149536,"LOW LOW","R1"
67,736,8,151.478166622627,71,5,5.49904390470693,1.20882867846987,0.25,0.611751108855351,"LOW LOW","R1"
68,739,3,164.437187571849,71,4,4.50220462779768,1.20882867846987,0.25,0.8545122726798,"LOW LOW","R1"
68,741,5,161.215633064972,71,4,4.49987640994706,1.20882867846987,0.25,0.808972424450404,"LOW LOW","R1"
68,745,9,157.31568499106,71,4,4.4996050644788,1.20882867846987,0.25,0.740270707426089,"LOW LOW","R1"
69,749,4,138.485620813151,71,3,3.50029024699544,1.20882867846987,0.25,0.29640311744716,"LOW LOW","R1"
67,731,3,161.667890323523,72,6,6.49902524199054,1.20142515097442,0.25,0.815968046625317,"LOW LOW","R1"
70,758,4,150.308262017886,72,3,3.50068205402655,1.20142515097442,0.25,0.583193199015092,"LOW LOW","R1"
71,765,4,152.114000116954,73,3,3.49860338986721,1.10537252222708,0.25,0.626969239604057,"LOW LOW","R1"
71,767,6,144.659753732914,73,3,3.50037067699305,1.10537252222708,0.25,0.440875222644753,"LOW LOW","R1"
71,764,3,175.992731971843,74,4,4.4990233348443,0.334382430718183,0.25,0.94996493619899,"LOW LOW","R1"
71,767,6,160.422463978685,74,4,4.50088513655186,0.334382430718183,0.25,0.796216778482158,"LOW LOW","R1"
72,772,5,164.181684912507,74,3,3.49935573169917,0.334382430718183,0.25,0.851257410401555,"LOW LOW","R1"
71,764,3,191.152038619707,75,5,5.49951095961405,0.447902994162805,0.25,0.98882525715199,"LOW LOW","R1"
73,778,3,151.928108860544,75,3,3.50009464294718,0.447902994162805,0.25,0.622544543187328,"LOW LOW","R1"
73,777,2,158.034327937755,76,4,4.50022698928927,0.448744422684401,0.25,0.754052067137644,"LOW LOW","R1"
73,778,3,169.633048689304,76,4,4.50182409130228,0.448744422684401,0.25,0.908710208171292,"LOW LOW","R1"
73,779,4,156.049641282062,76,4,4.49992191979679,0.448744422684401,0.25,0.714803977316067,"LOW LOW","R1"
73,783,8,141.410092800195,76,4,4.49993181373757,0.448744422684401,0.25,0.361800823572275,"LOW LOW","R1"
74,787,1,148.279576063595,76,3,3.50133991178147,0.448744422684401,0.25,0.53243399261148,"LOW LOW","R1"
74,788,2,146.359186513116,76,3,3.50063782422548,0.448744422684401,0.25,0.483739906272949,"LOW LOW","R1"
74,791,5,157.47269009622,76,3,3.50092078984536,0.448744422684401,0.25,0.743323943759236,"LOW LOW","R1"
74,794,8,155.596619162533,76,3,3.49945053732096,0.448744422684401,0.25,0.705335299703661,"LOW LOW","R1"
73,779,4,167.317272250731,77,5,5.49944592376769,0.308948934847958,0.25,0.887240712687919,"LOW LOW","R1"
74,787,1,164.996675854961,77,4,4.49979625426066,0.308948934847958,0.25,0.861433237282675,"LOW LOW","R1"
74,788,2,162.566760888173,77,4,4.49986584398435,0.308948934847958,0.25,0.829279602608045,"LOW LOW","R1"
74,791,5,176.727956567341,77,4,4.50003516295106,0.308948934847958,0.25,0.953396274059189,"LOW LOW","R1"
74,794,8,174.320728295294,77,4,4.49994791177999,0.308948934847958,0.25,0.941251155870217,"LOW LOW","R1"
75,796,2,161.958917954576,77,3,3.49808945970256,0.308948934847958,0.25,0.820363846458957,"LOW LOW","R1"
75,800,6,150.831187295728,77,3,3.49835434852621,0.308948934847958,0.25,0.596039432542483,"LOW LOW","R1"
75,801,7,148.56582470797,77,3,3.49932310665849,0.308948934847958,0.25,0.539661973088041,"LOW LOW","R1"
76,809,6,131.155481501555,77,2,2.4995648640199,0.308948934847958,0.25,0.166764781655716,"LOW LOW","R1"
76,812,9,131.653167534426,77,2,2.50011432562035,0.308948934847958,0.25,0.173905028995169,"LOW LOW","R1"
73,779,4,175.855453499841,78,6,6.49947200425294,0.389602520190084,0.25,0.949298260999514,"LOW LOW","R1"
73,783,8,156.547116653691,78,6,6.49807841177046,0.389602520190084,0.25,0.724988217848686,"LOW LOW","R1"
74,787,1,177.944184721244,78,5,5.50018338896002,0.389602520190084,0.25,0.958585856459216,"LOW LOW","R1"
74,788,2,175.047276936547,78,5,5.5015295368983,0.389602520190084,0.25,0.945200020150872,"LOW LOW","R1"
75,798,4,156.761540096421,78,4,4.50129740525216,0.389602520190084,0.25,0.729307583158023,"LOW LOW","R1"
75,800,6,168.236420434934,78,4,4.50016371026531,0.389602520190084,0.25,0.896245261967176,"LOW LOW","R1"
76,809,6,154.510584360828,78,3,3.50099851101813,0.389602520190084,0.25,0.681910904953512,"LOW LOW","R1"
76,810,7,147.430978394626,78,3,3.49929680561229,0.389602520190084,0.25,0.51093782013949,"LOW LOW","R1"
76,811,8,169.740076626443,78,3,3.50041840051902,0.389602520190084,0.25,0.909607679310198,"LOW LOW","R1"
74,787,1,187.972119466782,79,6,6.50041847277148,0.3102592644718,0.25,0.984632245187778,"LOW LOW","R1"
75,798,4,168.158833154395,79,5,5.5005271688363,0.3102592644718,0.25,0.895510434458643,"LOW LOW","R1"
76,804,1,157.155076831453,79,4,4.50049954115777,0.3102592644718,0.25,0.737123111725664,"LOW LOW","R1"
76,808,5,148.781654783715,79,4,4.49971427323635,0.3102592644718,0.25,0.545100991498289,"LOW LOW","R1"
76,810,7,163.922034823682,79,4,4.49987906662721,0.3102592644718,0.25,0.847888385152336,"LOW LOW","R1"
76,812,9,173.825227582442,79,4,4.5012050058715,0.3102592644718,0.25,0.938406632026496,"LOW LOW","R1"
77,814,2,150.956022725457,79,3,3.49796799907789,0.3102592644718,0.25,0.599087483630473,"LOW LOW","R1"
77,818,6,152.573718551926,79,3,3.50012447027655,0.3102592644718,0.25,0.637819564811946,"LOW LOW","R1"
77,819,7,133.852423876282,79,3,3.5001787640136,0.3102592644718,0.25,0.208349231464991,"LOW LOW","R1"
77,821,9,159.467965220676,79,3,3.50104713184894,0.3102592644718,0.25,0.780040459188743,"LOW LOW","R1"
74,787,1,195.738823957917,80,7,7.50059371089886,0.342562249751463,0.25,0.992956409606908,"LOW LOW","R1"
76,805,2,172.992663710964,80,5,5.49917209135957,0.342562249751463,0.25,0.933335799960259,"LOW LOW","R1"
76,810,7,176.662031570359,80,5,5.49955753901323,0.342562249751463,0.25,0.953097964513079,"LOW LOW","R1"
77,815,3,163.487723562406,80,4,4.49854555267808,0.342562249751463,0.25,0.842113421296132,"LOW LOW","R1"
77,821,9,179.295477646313,80,4,4.50001956687194,0.342562249751463,0.25,0.963702601251084,"LOW LOW","R1"
78,824,2,151.848085658381,80,3,3.49929906870077,0.342562249751463,0.25,0.620633428006523,"LOW LOW","R1"
78,831,9,151.726897286911,80,3,3.49866513426799,0.342562249751463,0.25,0.617732083063859,"LOW LOW","R1"
79,836,4,126.580675220797,80,2,2.49963848708228,0.342562249751463,0.25,0.111726813257247,"LOW LOW","R1"
79,842,10,130.432440585265,80,2,2.49842766251287,0.342562249751463,0.25,0.156811814326705,"LOW LOW","R1"
74,787,1,201.754190051065,81,8,8.50137245299089,0.417887690853671,0.25,0.996163393927511,"LOW LOW","R1"
76,804,1,177.339582473396,81,6,6.4979540048427,0.417887690853671,0.25,0.956079083731961,"LOW LOW","R1"
76,808,5,166.188882881693,81,6,6.50083699940165,0.417887690853671,0.25,0.875260382950505,"LOW LOW","R1"
76,810,7,186.504185576901,81,6,6.50018444501143,0.417887690853671,0.25,0.982206247922905,"LOW LOW","R1"
77,821,9,195.150163790086,81,5,5.50001689556101,0.417887690853671,0.25,0.992525835178793,"LOW LOW","R1"
79,833,1,142.266555043025,81,3,3.50104708851422,0.417887690853671,0.25,0.382110943794825,"LOW LOW","R1"
79,837,5,142.342748851956,81,3,3.50094293593825,0.417887690853671,0.25,0.383939121113077,"LOW LOW","R1"
79,842,10,153.496156353867,81,3,3.49910251553104,0.417887690853671,0.25,0.659163834653934,"LOW LOW","R1"
79,843,11,135.209233584179,81,3,3.50017253386195,0.417887690853671,0.25,0.231983572910296,"LOW LOW","R1"
74,787,1,206.413132499037,82,9,9.49934773927869,0.348169972185511,0.25,0.997605913687798,"LOW LOW","R1"
76,808,5,171.708068781546,82,7,7.50024768927897,0.348169972185511,0.25,0.924747318523912,"LOW LOW","R1"
79,836,4,164.794674539215,82,4,4.50020322407513,0.348169972185511,0.25,0.858966882891452,"LOW LOW","R1"
79,839,7,159.830331864792,82,4,4.49951159740512,0.348169972185511,0.25,0.786288048573528,"LOW LOW","R1"
79,842,10,171.633559794071,82,4,4.50207339289881,0.348169972185511,0.25,0.924219172583197,"LOW LOW","R1"
80,849,5,144.560821460854,82,3,3.50180027716431,0.348169972185511,0.25,0.438400619991647,"LOW LOW","R1"
80,851,7,148.869796878618,82,3,3.50032884608898,0.348169972185511,0.25,0.547319196797948,"LOW LOW","R1"
80,853,9,153.148462891173,82,3,3.49969924254876,0.348169972185511,0.25,0.651188629214885,"LOW LOW","R1"
80,855,11,144.767836592085,82,3,3.49941645556139,0.348169972185511,0.25,0.443582067278555,"LOW LOW","R1"
79,833,1,168.928917864956,83,5,5.50011679839625,0.337027237415669,0.25,0.902603684736171,"LOW LOW","R1"
79,836,4,177.703058484164,83,5,5.50009200403189,0.337027237415669,0.25,0.957602954361744,"LOW LOW","R1"
79,839,7,171.794518444602,83,5,5.50091933807241,0.337027237415669,0.25,0.925355865382015,"LOW LOW","R1"
80,846,2,154.797084726155,83,4,4.49662823132426,0.337027237415669,0.25,0.68818691505623,"LOW LOW","R1"
80,851,7,165.744944469569,83,4,4.50015123236341,0.337027237415669,0.25,0.870255396552415,"LOW LOW","R1"
80,853,9,171.189564707925,83,4,4.50000317582355,0.337027237415669,0.25,0.921000862780002,"LOW LOW","R1"
81,856,1,145.497624669922,83,3,3.49804769861289,0.337027237415669,0.25,0.461938837969633,"LOW LOW","R1"
81,859,4,158.968792976114,83,3,3.50057989527334,0.337027237415669,0.25,0.771221267940391,"LOW LOW","R1"
81,863,8,146.514083107748,83,3,3.50059520817922,0.337027237415669,0.25,0.487668426757777,"LOW LOW","R1"
81,864,9,145.707184014943,83,3,3.50029618791832,0.337027237415669,0.25,0.467231365984553,"LOW LOW","R1"
82,875,10,138.282443489159,83,2,2.50081912638995,0.337027237415669,0.25,0.29211910316945,"LOW LOW","R1"
79,833,1,177.685662162187,84,6,6.49849434175322,0.322051446625914,0.25,0.957531185820138,"LOW LOW","R1"
79,836,4,187.695929144162,84,6,6.50170062598876,0.322051446625914,0.25,0.98420210377328,"LOW LOW","R1"
80,846,2,165.838275695323,84,5,5.49971714216458,0.322051446625914,0.25,0.871321607713088,"LOW LOW","R1"
80,853,9,185.363041362545,84,5,5.49792191087573,0.322051446625914,0.25,0.980064002081066,"LOW LOW","R1"
81,859,4,178.652435265641,84,4,4.49954472913139,0.322051446625914,0.25,0.961348337938791,"LOW LOW","R1"
81,865,10,160.410747977743,84,4,4.49972643401564,0.322051446625914,0.25,0.796023698738637,"LOW LOW","R1"
82,869,4,152.944352029837,84,3,3.49897303484795,0.322051446625914,0.25,0.646466744283633,"LOW LOW","R1"
82,870,5,146.542685797345,84,3,3.50188824891691,0.322051446625914,0.25,0.488394035390936,"LOW LOW","R1"
82,871,6,152.719943624578,84,3,3.49752120719122,0.322051446625914,0.25,0.641242144315018,"LOW LOW","R1"
82,872,7,146.847731655656,84,3,3.50093677077653,0.322051446625914,0.25,0.496135035185938,"LOW LOW","R1"
82,874,9,139.510130854298,84,3,3.4999047538925,0.322051446625914,0.25,0.318545485403946,"LOW LOW","R1"
82,875,10,164.59766792944,84,3,3.4993767134089,0.322051446625914,0.25,0.856526275672004,"LOW LOW","R1"
83,880,4,124.357965464042,84,2,2.50242481984544,0.322051446625914,0.25,0.0912141348065451,"LOW LOW","R1"
79,833,1,184.344008714826,85,7,7.50269530657162,0.452720423924003,0.25,0.977938785955633,"LOW LOW","R1"
79,836,4,195.431790151497,85,7,7.50005263973414,0.452720423924003,0.25,0.992734995602108,"LOW LOW","R1"
80,853,9,196.498028710851,85,6,6.49908704162518,0.452720423924003,0.25,0.993475548686571,"LOW LOW","R1"
81,857,2,150.374862867524,85,5,5.49945891529416,0.452720423924003,0.25,0.584836002720163,"LOW LOW","R1"
81,865,10,172.483601112793,85,5,5.49980792033678,0.452720423924003,0.25,0.930046941546184,"LOW LOW","R1"
82,872,7,163.18424384774,85,4,4.50124094943021,0.452720423924003,0.25,0.837973255417294,"LOW LOW","R1"
82,874,9,153.959717776229,85,4,4.50003282435231,0.452720423924003,0.25,0.669657568029073,"LOW LOW","R1"
82,875,10,185.930809354633,85,4,4.50141006799705,0.452720423924003,0.25,0.981159711599355,"LOW LOW","R1"
82,876,11,167.674443664332,85,4,4.49969472469226,0.452720423924003,0.25,0.890818147266054,"LOW LOW","R1"
83,878,2,161.925418182187,85,3,3.4988986781731,0.452720423924003,0.25,0.819862059063863,"LOW LOW","R1"
83,879,3,145.526558482786,85,3,3.50136033968734,0.452720423924003,0.25,0.462669093074454,"LOW LOW","R1"
83,884,8,149.950725538326,85,3,3.49998010508015,0.452720423924003,0.25,0.574343308349689,"LOW LOW","R1"
83,888,12,165.693624407943,85,3,3.50068576650877,0.452720423924003,0.25,0.869665921466967,"LOW LOW","R1"
84,894,6,135.90687270809,85,2,2.50131832371075,0.452720423924003,0.25,0.244842424214121,"LOW LOW","R1"
85,911,11,100.800855744995,85,1,1.50065887319524,0.452720423924003,0.25,0.00909666607020827,"LOW LOW","R1"
79,833,1,189.406801153456,86,8,8.50064278653933,0.310086222045169,0.25,0.986687676796572,"LOW LOW","R1"
79,836,4,201.420414197675,86,8,8.50101625152944,0.310086222045169,0.25,0.996031671559168,"LOW LOW","R1"
81,857,2,156.778203571006,86,6,6.50075436044229,0.310086222045169,0.25,0.729641461603258,"LOW LOW","R1"
81,865,10,181.731766238415,86,6,6.50109147394144,0.310086222045169,0.25,0.971429634825824,"LOW LOW","R1"
82,874,9,164.850736212586,86,5,5.50016415390439,0.310086222045169,0.25,0.859655028745945,"LOW LOW","R1"
82,875,10,203.225091761386,86,5,5.50036293016711,0.310086222045169,0.25,0.996693876433855,"LOW LOW","R1"
83,881,5,164.187576681077,86,4,4.50149614220032,0.310086222045169,0.25,0.851333138181407,"LOW LOW","R1"
83,888,12,187.354818693822,86,4,4.50090904007482,0.310086222045169,0.25,0.983654478169216,"LOW LOW","R1"
84,894,6,161.217780379185,86,3,3.50054873226937,0.310086222045169,0.25,0.809006114425127,"LOW LOW","R1"
84,898,10,157.470784190131,86,3,3.49940498131871,0.310086222045169,0.25,0.743287021353818,"LOW LOW","R1"
85,901,1,144.936854929115,86,2,2.50201648067644,0.310086222045169,0.25,0.447821653713767,"LOW LOW","R1"
85,906,6,135.388431981635,86,2,2.50123442032771,0.310086222045169,0.25,0.235241019945162,"LOW LOW","R1"
85,911,11,129.932376142115,86,2,2.49828054993504,0.310086222045169,0.25,0.150214914208862,"LOW LOW","R1"
79,833,1,193.256385592178,87,9,9.49967338221754,0.354094390922626,0.25,0.990955572267868,"LOW LOW","R1"
79,836,4,206.056435699672,87,9,9.49926513556794,0.354094390922626,0.25,0.997517838770123,"LOW LOW","R1"
81,857,2,161.444708999558,87,7,7.50103278255771,0.354094390922626,0.25,0.812540915182724,"LOW LOW","R1"
82,874,9,173.059571746911,87,6,6.50106033977388,0.354094390922626,0.25,0.933757239401784,"LOW LOW","R1"
82,876,11,191.644768562181,87,6,6.49980431344565,0.354094390922626,0.25,0.989364754513604,"LOW LOW","R1"
83,879,3,173.796410603329,87,5,5.50001303632013,0.354094390922626,0.25,0.938237301539934,"LOW LOW","R1"
83,881,5,176.97870458373,87,5,5.50044014866905,0.354094390922626,0.25,0.954514497529162,"LOW LOW","R1"
83,888,12,204.965384717833,87,5,5.50101569499984,0.354094390922626,0.25,0.997227870178748,"LOW LOW","R1"
84,889,1,170.753128904119,87,4,4.49964477252652,0.354094390922626,0.25,0.917716028707296,"LOW LOW","R1"
84,890,2,158.303836458675,87,4,4.49754947098423,0.354094390922626,0.25,0.759091549873282,"LOW LOW","R1"
84,894,6,181.553333575177,87,4,4.49983123532152,0.354094390922626,0.25,0.97092250493828,"LOW LOW","R1"
84,895,7,174.355958251351,87,4,4.49935925506054,0.354094390922626,0.25,0.941448641782934,"LOW LOW","R1"
85,906,6,160.482494562742,87,3,3.501184524244,0.354094390922626,0.25,0.797203948924844,"LOW LOW","R1"
85,911,11,152.795534375597,87,3,3.49967999894863,0.354094390922626,0.25,0.643005841571408,"LOW LOW","R1"
81,857,2,164.845476493135,88,8,8.49940095814889,0.309017578391884,0.25,0.859590586359377,"LOW LOW","R1"
82,876,11,199.827248459143,88,7,7.49851359751141,0.309017578391884,0.25,0.995338177965527,"LOW LOW","R1"
83,881,5,186.866590753011,88,6,6.50151763764168,0.309017578391884,0.25,0.982838052591863,"LOW LOW","R1"
84,889,1,184.838535547489,88,5,5.49763960484685,0.309017578391884,0.25,0.978996449408897,"LOW LOW","R1"
84,895,7,189.175920316142,88,5,5.50050301036165,0.309017578391884,0.25,0.986376226189158,"LOW LOW","R1"
85,906,6,180.603862200436,88,4,4.49955027630231,0.309017578391884,0.25,0.968073760573741,"LOW LOW","R1"
85,907,7,157.32189172813,88,4,4.49939098625604,0.309017578391884,0.25,0.740391854697733,"LOW LOW","R1"
85,911,11,170.739122533148,88,4,4.4986311099375,0.309017578391884,0.25,0.917608577392115,"LOW LOW","R1"
86,914,3,148.714862537527,88,3,3.50086873445288,0.309017578391884,0.25,0.543418883954998,"LOW LOW","R1"
86,917,6,152.854090292411,88,3,3.50207274762619,0.309017578391884,0.25,0.644369422782782,"LOW LOW","R1"
86,918,7,137.952620484512,88,3,3.50131634326504,0.309017578391884,0.25,0.285242839749432,"LOW LOW","R1"
86,921,10,149.179371157041,88,3,3.50069630930031,0.309017578391884,0.25,0.555094566174369,"LOW LOW","R1"
81,857,2,167.323823453713,89,9,9.49889183043037,0.375162137315197,0.25,0.887307241157762,"LOW LOW","R1"
83,881,5,194.510192915442,89,7,7.49969719530192,0.375162137315197,0.25,0.99202805507206,"LOW LOW","R1"
84,889,1,195.89347002043,89,6,6.49911337529826,0.375162137315197,0.25,0.993065380439149,"LOW LOW","R1"
84,895,7,200.900941368628,89,6,6.50085304305342,0.375162137315197,0.25,0.995817649652343,"LOW LOW","R1"
85,906,6,196.737935123169,89,5,5.49964469608128,0.375162137315197,0.25,0.993631553210051,"LOW LOW","R1"
85,911,11,184.821706954766,89,5,5.50038216642817,0.375162137315197,0.25,0.978961286752539,"LOW LOW","R1"
86,913,2,162.524353646961,89,4,4.50088000893827,0.375162137315197,0.25,0.828669157697549,"LOW LOW","R1"
86,914,3,165.548456458495,89,4,4.50044319730035,0.375162137315197,0.25,0.867986148447692,"LOW LOW","R1"
86,916,5,156.996607825705,89,4,4.50084434751546,0.375162137315197,0.25,0.733993488671482,"LOW LOW","R1"
86,917,6,170.813840771931,89,4,4.49887183243514,0.375162137315197,0.25,0.918180312495513,"LOW LOW","R1"
86,918,7,152.01547443073,89,4,4.50107644511578,0.375162137315197,0.25,0.624626665981981,"LOW LOW","R1"
86,921,10,166.13768720874,89,4,4.50061630965971,0.375162137315197,0.25,0.874691757254798,"LOW LOW","R1"
87,929,6,151.284017530335,89,3,3.50031477605785,0.375162137315197,0.25,0.607058994628154,"LOW LOW","R1"
87,930,7,164.731022186403,89,3,3.50026461230391,0.375162137315197,0.25,0.858182146611384,"LOW LOW","R1"
87,934,11,154.608419412549,89,3,3.49890638972556,0.375162137315197,0.25,0.684061644544675,"LOW LOW","R1"
87,935,12,155.044589303799,89,3,3.49771528490321,0.375162137315197,0.25,0.693553732487284,"LOW LOW","R1"
89,950,1,100.013607664715,89,1,1.50032340704701,0.375162137315197,0.25,0.0084037317365559,"LOW LOW","R1"
83,881,5,200.41890313088,90,8,8.49880590268546,0.375263281783095,0.25,0.995608784372812,"LOW LOW","R1"
84,889,1,204.569937750137,90,7,7.49990157687339,0.375263281783095,0.25,0.997114630340031,"LOW LOW","R1"
84,895,7,210.177356387791,90,7,7.49915829727516,0.375263281783095,0.25,0.998365116104335,"LOW LOW","R1"
85,906,6,209.674844470646,90,6,6.49972506132719,0.375263281783095,0.25,0.998279684945107,"LOW LOW","R1"
86,914,3,178.603117353916,90,5,5.49965249447543,0.375263281783095,0.25,0.961161845286765,"LOW LOW","R1"
86,921,10,179.307224106687,90,5,5.4984593501384,0.375263281783095,0.25,0.963744296824217,"LOW LOW","R1"
86,922,11,169.912623474168,90,5,5.50026916062528,0.375263281783095,0.25,0.911037826929152,"LOW LOW","R1"
87,929,6,168.812693211632,90,4,4.50049102951443,0.375263281783095,0.25,0.901561353833259,"LOW LOW","R1"
87,930,7,186.103961203115,90,4,4.50012123631115,0.375263281783095,0.25,0.98148195912553,"LOW LOW","R1"
87,935,12,173.613685522228,90,4,4.50056965514451,0.375263281783095,0.25,0.937153438157337,"LOW LOW","R1"
88,943,6,146.153205935557,90,3,3.50083550927606,0.375263281783095,0.25,0.478518976879677,"LOW LOW","R1"
88,945,8,144.609824234236,90,3,3.49922827958874,0.375263281783095,0.25,0.43962595608633,"LOW LOW","R1"
89,960,11,128.991384137443,90,2,2.49985766554284,0.375263281783095,0.25,0.13842211900656,"LOW LOW","R1"
83,881,5,204.98649517297,91,9,9.49997112742739,0.406211243604598,0.25,0.997233789165367,"LOW LOW","R1"
84,889,1,211.379665338203,91,8,8.49959134403074,0.406211243604598,0.25,0.998552719330606,"LOW LOW","R1"
86,921,10,189.534460205934,91,6,6.49923935451954,0.406211243604598,0.25,0.986856858219776,"LOW LOW","R1"
86,922,11,178.804075689933,91,6,6.50049293167305,0.406211243604598,0.25,0.961916387265715,"LOW LOW","R1"
87,930,7,203.436564460478,91,5,5.49868427394277,0.406211243604598,0.25,0.996763879352082,"LOW LOW","R1"
87,935,12,188.280912896932,91,5,5.49969217055828,0.406211243604598,0.25,0.985099520476591,"LOW LOW","R1"
88,944,7,153.126064060756,91,4,4.4995170391466,0.406211243604598,0.25,0.65067188394695,"LOW LOW","R1"
89,952,3,145.844021320172,91,3,3.50054689568307,0.406211243604598,0.25,0.47069132128703,"LOW LOW","R1"
89,957,8,142.697023950903,91,3,3.50003425791907,0.406211243604598,0.25,0.392481936770062,"LOW LOW","R1"
84,889,1,216.724281519383,92,9,9.4998693728596,0.429100256712146,0.25,0.999158322959563,"LOW LOW","R1"
86,921,10,197.47675605432,92,7,7.49978642287524,0.429100256712146,0.25,0.994089078666827,"LOW LOW","R1"
87,930,7,217.492616154738,92,6,6.49959576526685,0.429100256712146,0.25,0.999221437943263,"LOW LOW","R1"
87,935,12,199.866159498635,92,6,6.49904062820135,0.429100256712146,0.25,0.99535647388,"LOW LOW","R1"
88,944,7,163.868540381134,92,5,5.49994072135303,0.429100256712146,0.25,0.847186550822681,"LOW LOW","R1"
89,952,3,161.916139750989,92,4,4.50038101630175,0.429100256712146,0.25,0.819722885756297,"LOW LOW","R1"
89,957,8,157.95303751844,92,4,4.4994286770648,0.429100256712146,0.25,0.752518165291154,"LOW LOW","R1"
89,960,11,169.061331589376,92,4,4.50155827087034,0.429100256712146,0.25,0.903779194688368,"LOW LOW","R1"
90,965,5,160.277347662744,92,3,3.4987341845315,0.429100256712146,0.25,0.793815667293258,"LOW LOW","R1"
90,968,8,158.754330189035,92,3,3.49901438114008,0.429100256712146,0.25,0.767356651829515,"LOW LOW","R1"
86,921,10,203.644606559691,93,8,8.49955070165842,0.443767019967769,0.25,0.996831304736497,"LOW LOW","R1"
87,930,7,228.891514883222,93,7,7.50094708229216,0.443767019967769,0.25,0.999755154991893,"LOW LOW","R1"
89,952,3,174.272970619849,93,5,5.4999417074858,0.443767019967769,0.25,0.940982447032409,"LOW LOW","R1"
89,957,8,169.568902644286,93,5,5.50144695890229,0.443767019967769,0.25,0.908168484123897,"LOW LOW","R1"
89,960,11,182.807731010964,93,5,5.49944252687901,0.443767019967769,0.25,0.974310410100934,"LOW LOW","R1"
90,968,8,178.376305333948,93,4,4.50055572531748,0.443767019967769,0.25,0.960292998487088,"LOW LOW","R1"
91,977,6,156.820982023937,93,3,3.49915497718082,0.443767019967769,0.25,0.73049740606728,"LOW LOW","R1"
91,980,9,146.076277626593,93,3,3.50087010489338,0.443767019967769,0.25,0.476570239334575,"LOW LOW","R1"
86,921,10,208.434453297061,94,9,9.49917166306566,0.322645751136614,0.25,0.998049245056643,"LOW LOW","R1"
87,930,7,238.135568266671,94,8,8.50013162702541,0.322645751136614,0.25,0.999904205646899,"LOW LOW","R1"
89,957,8,178.413173922921,94,6,6.50025703022954,0.322645751136614,0.25,0.960435488282461,"LOW LOW","R1"
91,977,6,175.890975390706,94,4,4.49912784701917,0.322645751136614,0.25,0.949471570561334,"LOW LOW","R1"
91,980,9,162.209400275549,94,4,4.4987586280355,0.322645751136614,0.25,0.824081206252709,"LOW LOW","R1"
91,983,12,150.226161304236,94,4,4.50009797117667,0.322645751136614,0.25,0.581165527938373,"LOW LOW","R1"
92,985,2,139.981361356618,94,3,3.50040100865385,0.322645751136614,0.25,0.329020378643768,"LOW LOW","R1"
92,987,4,144.257735680789,94,3,3.50024103335024,0.322645751136614,0.25,0.430839063060244,"LOW LOW","R1"
92,992,9,147.032363434796,94,3,3.49906279038437,0.322645751136614,0.25,0.500821483389411,"LOW LOW","R1"
87,930,7,245.632127802069,95,9,9.50099496124187,0.431666037059686,0.25,0.999955249113045,"LOW LOW","R1"
91,977,6,191.029083175051,95,5,5.49981883593522,0.431666037059686,0.25,0.988686465888393,"LOW LOW","R1"
92,984,1,153.773498260598,95,4,4.49936660996042,0.431666037059686,0.25,0.665461628001218,"LOW LOW","R1"
92,987,4,159.916041013088,95,4,4.50016579067327,0.431666037059686,0.25,0.787746724635759,"LOW LOW","R1"
93,1000,7,148.210492149309,95,3,3.50029683415567,0.431666037059686,0.25,0.530687417633115,"LOW LOW","R1"
93,1002,9,146.210985233172,95,3,3.50059622542531,0.431666037059686,0.25,0.479983067571656,"LOW LOW","R1"
94,1013,9,131.811336471584,95,2,2.50165767706469,0.431666037059686,0.25,0.176224232203895,"LOW LOW","R1"
91,977,6,203.045988628715,96,6,6.50006039022427,0.367358165473252,0.25,0.996633409628862,"LOW LOW","R1"
91,980,9,184.171852560884,96,6,6.49917129352335,0.367358165473252,0.25,0.977558508641324,"LOW LOW","R1"
92,987,4,171.896245325892,96,5,5.5000092433606,0.367358165473252,0.25,0.926066157673035,"LOW LOW","R1"
93,997,4,161.719222084127,96,4,4.49849332082854,0.367358165473252,0.25,0.816749389274582,"LOW LOW","R1"
93,999,6,157.628708706791,96,4,4.49938259201627,0.367358165473252,0.25,0.746334624043049,"LOW LOW","R1"
93,1000,7,164.909137258982,96,4,4.49873580084259,0.367358165473252,0.25,0.860368899826853,"LOW LOW","R1"
93,1001,8,160.78899356086,96,4,4.49829774450574,0.367358165473252,0.25,0.80218854030535,"LOW LOW","R1"
93,1002,9,162.379538612278,96,4,4.50245089584842,0.367358165473252,0.25,0.82657151788411,"LOW LOW","R1"
94,1007,3,156.429330247415,96,3,3.49944260646517,0.367358165473252,0.25,0.722597397703573,"LOW LOW","R1"
94,1011,7,139.434615620001,96,3,3.49972598713572,0.367358165473252,0.25,0.316883445131457,"LOW LOW","R1"
95,1026,10,132.028601779713,96,2,2.50065442067887,0.367358165473252,0.25,0.179449493082549,"LOW LOW","R1"
92,987,4,181.062326350028,97,6,6.4984704886135,0.326237473029264,0.25,0.969481520098605,"LOW LOW","R1"
94,1005,1,159.745944769723,97,4,4.50017318155704,0.326237473029264,0.25,0.784844753869697,"LOW LOW","R1"
94,1007,3,175.38837045951,97,4,4.49827809452849,0.326237473029264,0.25,0.946966442183568,"LOW LOW","R1"
94,1010,6,153.792919065194,97,4,4.50081722681226,0.326237473029264,0.25,0.665900460642847,"LOW LOW","R1"
94,1011,7,153.865339727534,97,4,4.50132255245074,0.326237473029264,0.25,0.667534343173891,"LOW LOW","R1"
95,1020,4,138.295030857267,97,3,3.50079324166802,0.326237473029264,0.25,0.292383450532685,"LOW LOW","R1"
95,1024,8,155.613564586523,97,3,3.5017025399433,0.326237473029264,0.25,0.705692759516544,"LOW LOW","R1"
96,1031,2,128.501484535093,97,2,2.49941435000534,0.326237473029264,0.25,0.132595960425547,"LOW LOW","R1"
96,1033,4,128.463702553493,97,2,2.50140125555278,0.326237473029264,0.25,0.132155376313103,"LOW LOW","R1"
92,987,4,188.075315373199,98,7,7.49997252245347,0.369360407578209,0.25,0.984789987373793,"LOW LOW","R1"
94,1005,1,171.69437047359,98,5,5.49963171546737,0.369360407578209,0.25,0.924650474436583,"LOW LOW","R1"
94,1012,8,141.05813779697,98,5,5.499189981412,0.369360407578209,0.25,0.353591034213164,"LOW LOW","R1"
95,1026,10,174.501619465711,98,4,4.49932973044467,0.369360407578209,0.25,0.942258572842727,"LOW LOW","R1"
95,1029,13,158.997127211651,98,4,4.49905903068459,0.369360407578209,0.25,0.77172845910151,"LOW LOW","R1"
96,1031,2,150.795156207001,98,3,3.4999256981742,0.369360407578209,0.25,0.595158286204911,"LOW LOW","R1"
96,1032,3,143.2813291761,98,3,3.49991957980727,0.369360407578209,0.25,0.406714204252565,"LOW LOW","R1"
96,1036,7,144.094824270863,98,3,3.50078235776772,0.369360407578209,0.25,0.426787712795242,"LOW LOW","R1"
94,1005,1,180.832319781732,99,6,6.50060455776148,0.375405455856295,0.25,0.968782941763199,"LOW LOW","R1"
95,1020,4,163.063883240538,99,5,5.49978962528735,0.375405455856295,0.25,0.836307167917841,"LOW LOW","R1"
96,1031,2,168.190584246826,99,4,4.50129052128134,0.375405455856295,0.25,0.895811702486407,"LOW LOW","R1"
96,1041,12,165.3436264706,99,4,4.50164511989208,0.375405455856295,0.25,0.865584822877516,"LOW LOW","R1"
97,1046,5,134.677162400343,99,3,3.49861110195727,0.375405455856295,0.25,0.222498188752341,"LOW LOW","R1"
