"cohort","uni_ind","ind","fish_size","Year","Age","AgeE","FMORT","M","Sel","FSIM"
1,7,7,133.878983321561,2,2,2.50017664915684,0,0.25,0.208794365226862,"LOW HIGH"
1,1,1,148.347859358399,3,3,3.49789693994673,0,0.25,0.534159545791225,"LOW HIGH"
1,4,4,155.822365147568,3,3,3.50023810896116,0,0.25,0.71007652112345,"LOW HIGH"
1,7,7,158.346483536399,3,3,3.49989430151012,0,0.25,0.759882506004591,"LOW HIGH"
1,9,9,148.751841980371,3,3,3.49837080155268,0,0.25,0.544350305526949,"LOW HIGH"
2,19,7,126.641946567861,3,2,2.49893586242064,0,0.25,0.112345705213585,"LOW HIGH"
1,1,1,165.08320911292,4,4,4.49962985220858,0,0.25,0.862478651970655,"LOW HIGH"
1,6,6,161.421650936188,4,4,4.50045615913266,0,0.25,0.81218405605282,"LOW HIGH"
1,7,7,177.851425807837,4,4,4.50102012372692,0,0.25,0.95821035082267,"LOW HIGH"
1,9,9,165.595349603824,4,4,4.50153540126143,0,0.25,0.868530757886445,"LOW HIGH"
2,18,6,152.998620041097,4,3,3.49961383147757,0,0.25,0.647725013248581,"LOW HIGH"
2,19,7,148.205295961654,4,3,3.50161135815034,0,0.25,0.530556017018315,"LOW HIGH"
2,22,10,157.263732523042,4,3,3.50082116529854,0,0.25,0.739255225952849,"LOW HIGH"
2,23,11,149.201191982527,4,3,3.50097464772831,0,0.25,0.555641654234701,"LOW HIGH"
2,25,13,149.251256767941,4,3,3.49993810393362,0,0.25,0.556896358297346,"LOW HIGH"
3,30,4,135.026887642337,4,2,2.50012912438025,0,0.25,0.228701362680063,"LOW HIGH"
1,6,6,173.684861725751,5,5,5.4992177413213,0,0.25,0.937577725302475,"LOW HIGH"
1,9,9,178.659135686582,5,5,5.49992608369212,0,0.25,0.9613736087567,"LOW HIGH"
2,18,6,170.998291190445,5,4,4.50110841736209,0,0.25,0.919576261180059,"LOW HIGH"
2,19,7,164.902553368226,5,4,4.50044652315511,0,0.25,0.860288573361421,"LOW HIGH"
2,20,8,153.913220966018,5,4,4.49784661373877,0,0.25,0.668612385743131,"LOW HIGH"
2,22,10,176.459506775029,5,4,4.50076891021164,0,0.25,0.952170148578249,"LOW HIGH"
2,23,11,166.165377333746,5,4,4.499317248562,0,0.25,0.874999584183229,"LOW HIGH"
2,24,12,148.855121424142,5,4,4.49811403024529,0,0.25,0.546949998729371,"LOW HIGH"
2,25,13,166.228911896332,5,4,4.49938884389803,0,0.25,0.875703439011338,"LOW HIGH"
3,30,4,159.97022608048,5,3,3.50052403550036,0,0.25,0.788665135738596,"LOW HIGH"
3,34,8,146.063098562394,5,3,3.50089191500829,0,0.25,0.4762364589708,"LOW HIGH"
3,37,11,157.258963241328,5,3,3.50018051518956,0,0.25,0.739161875191758,"LOW HIGH"
1,6,6,183.10199170006,6,6,6.50080311063298,0,0.25,0.975047716998007,"LOW HIGH"
1,9,9,188.791378366156,6,6,6.50066659533912,0,0.25,0.985841466632283,"LOW HIGH"
2,19,7,177.831825152952,6,5,5.50139690600475,0,0.25,0.958130587949505,"LOW HIGH"
2,22,10,191.716229454204,6,5,5.50156941409023,0,0.25,0.989440828427373,"LOW HIGH"
2,23,11,179.340324136267,6,5,5.49839742705069,0,0.25,0.963861541831924,"LOW HIGH"
2,24,12,158.851765223425,6,5,5.49900105454732,0,0.25,0.769118047479519,"LOW HIGH"
2,25,13,179.416275526162,6,5,5.49966461544789,0,0.25,0.964129194563114,"LOW HIGH"
3,30,4,179.942974042215,6,4,4.49876041641043,0,0.25,0.965933434775603,"LOW HIGH"
3,34,8,162.192756774374,6,4,4.50105186141878,0,0.25,0.823836091583498,"LOW HIGH"
4,40,2,156.785851943669,6,3,3.50121144336723,0,0.25,0.729794621735644,"LOW HIGH"
4,41,3,140.287262610452,6,3,3.49856035833869,0,0.25,0.335913172460119,"LOW HIGH"
4,43,5,148.507710332258,6,3,3.4998918056501,0,0.25,0.538195793417435,"LOW HIGH"
1,6,6,190.333567384015,7,7,7.49878302789084,0,0.25,0.987868691188151,"LOW HIGH"
1,9,9,196.649922670802,7,7,7.50001078522235,0,0.25,0.993574756307275,"LOW HIGH"
2,18,6,196.233004192868,7,6,6.49986481759151,0,0.25,0.993298794080156,"LOW HIGH"
2,19,7,187.843413572107,7,6,6.49995569316343,0,0.25,0.984433250984374,"LOW HIGH"
2,23,11,189.572423093898,7,6,6.50018724064878,0,0.25,0.986906758433145,"LOW HIGH"
2,25,13,189.659536930061,7,6,6.49861454634302,0,0.25,0.987020559374453,"LOW HIGH"
3,30,4,195.935647281694,7,5,5.50184317508244,0,0.25,0.99309480884373,"LOW HIGH"
3,34,8,174.602103350707,7,5,5.50078696820343,0,0.25,0.942811158583044,"LOW HIGH"
4,40,2,175.845881190727,7,4,4.4995583053569,0,0.25,0.949251462010904,"LOW HIGH"
5,55,5,149.185325595488,7,3,3.49827958430691,0,0.25,0.555243868158092,"LOW HIGH"
5,56,6,157.706774724272,7,3,3.50007009436476,0,0.25,0.747832279670568,"LOW HIGH"
6,74,9,126.674650903272,7,2,2.50044709133074,0,0.25,0.112677270623739,"LOW HIGH"
1,9,9,202.744991703503,8,8,8.50116156333238,0,0.25,0.996529297796266,"LOW HIGH"
2,18,6,204.949547059776,8,7,7.50248762269768,0,0.25,0.997223421297796,"LOW HIGH"
2,19,7,195.595737472744,8,7,7.49863997349441,0,0.25,0.992854070598566,"LOW HIGH"
2,23,11,197.519009190072,8,7,7.5007642548673,0,0.25,0.994114233632849,"LOW HIGH"
2,25,13,197.615972130747,8,7,7.50049838849978,0,0.25,0.994171557919334,"LOW HIGH"
3,30,4,208.741376259738,8,6,6.49848925708406,0,0.25,0.998108985070574,"LOW HIGH"
3,34,8,184.149229546921,8,6,6.49899458614177,0,0.25,0.977508062731075,"LOW HIGH"
4,40,2,190.974598863082,8,5,5.49962028546338,0,0.25,0.988624420793727,"LOW HIGH"
4,41,3,165.997041587336,8,5,5.50044781958104,0,0.25,0.873118180184036,"LOW HIGH"
4,47,9,164.635644601723,8,5,5.50113728455705,0,0.25,0.856999467647103,"LOW HIGH"
5,53,3,156.569347570579,8,4,4.49996205973431,0,0.25,0.725438022049265,"LOW HIGH"
5,62,12,154.192829502011,8,4,4.50156159683592,0,0.25,0.674872218505014,"LOW HIGH"
5,64,14,169.927060001084,8,4,4.50163666940577,0,0.25,0.911156553362462,"LOW HIGH"
6,70,5,170.994931907726,8,3,3.50049829777508,0,0.25,0.919551033037416,"LOW HIGH"
6,77,12,141.734356321356,8,3,3.49942077617105,0,0.25,0.369436887815736,"LOW HIGH"
6,78,13,148.330414158942,8,3,3.49843190222362,0,0.25,0.533718772918048,"LOW HIGH"
7,90,12,145.410242674467,8,2,2.50010986627345,0,0.25,0.459734423948949,"LOW HIGH"
8,102,11,98.810500415108,8,1,1.50057866681299,0,0.25,0.00744459539118509,"LOW HIGH"
1,6,6,200.151255188101,9,9,9.50001235249199,0,0.25,0.995488362952367,"LOW HIGH"
2,18,6,211.794505834521,9,8,8.50108264832928,0,0.25,0.998612329630627,"LOW HIGH"
2,23,11,203.690590489803,9,8,8.49904816043284,0,0.25,0.996846017889958,"LOW HIGH"
3,30,4,218.995240151255,9,7,7.49978696211382,0,0.25,0.999331528419697,"LOW HIGH"
3,34,8,191.494307552903,9,7,7.4986286754481,0,0.25,0.989202803788328,"LOW HIGH"
4,40,2,202.982875211617,9,6,6.49984110409027,0,0.25,0.99661184039054,"LOW HIGH"
4,41,3,174.358161203199,9,6,6.49958598606725,0,0.25,0.941460970000512,"LOW HIGH"
4,47,9,172.81605635639,9,6,6.49882684800584,0,0.25,0.932211402145083,"LOW HIGH"
5,53,3,167.931566832743,9,5,5.49988443022998,0,0.25,0.893331493336039,"LOW HIGH"
5,55,5,179.31625618775,9,5,5.5015908267587,0,0.25,0.963776326006761,"LOW HIGH"
5,62,12,165.125556523205,9,5,5.50091670738007,0,0.25,0.862987833794225,"LOW HIGH"
5,64,14,183.846461953754,9,5,5.49824775344147,0,0.25,0.976822181866106,"LOW HIGH"
6,71,6,143.334397539033,9,4,4.50143101748688,0,0.25,0.408015005182557,"LOW HIGH"
6,77,12,156.744639286387,9,4,4.50055403133392,0,0.25,0.728968684603871,"LOW HIGH"
6,78,13,165.061100498428,9,4,4.49998952062155,0,0.25,0.862212188367378,"LOW HIGH"
7,79,1,153.847236046498,9,3,3.49942387173219,0,0.25,0.667126281796023,"LOW HIGH"
7,83,5,144.153526425912,9,3,3.49793061749583,0,0.25,0.428246440621062,"LOW HIGH"
7,88,10,156.412146040495,9,3,3.50075526438327,0,0.25,0.722247525394834,"LOW HIGH"
8,99,8,132.608080898498,9,2,2.49933693447516,0,0.25,0.18827686052683,"LOW HIGH"
1,6,6,203.425989343341,10,10,10.5001463064084,0,0.25,0.996760414071468,"LOW HIGH"
2,18,6,217.169740184121,10,9,9.49842118300275,0,0.25,0.999195512747657,"LOW HIGH"
2,23,11,208.483644422425,10,9,9.50108206053159,0,0.25,0.998058944931636,"LOW HIGH"
3,30,4,227.205762557751,10,8,8.50082831821662,0,0.25,0.999709460910276,"LOW HIGH"
4,40,2,212.514330817157,10,7,7.50013588703973,0,0.25,0.998710004653311,"LOW HIGH"
4,41,3,180.675895170711,10,7,7.50076410424092,0,0.25,0.968299031928266,"LOW HIGH"
4,47,9,178.978936523968,10,7,7.49983456806731,0,0.25,0.962561468164989,"LOW HIGH"
5,55,5,189.544819118126,10,6,6.49994133523006,0,0.25,0.98687049304895,"LOW HIGH"
5,62,12,173.370778140151,10,6,6.49978457682464,0,0.25,0.935685110370221,"LOW HIGH"
5,64,14,194.750720184006,10,6,6.50023912400926,0,0.25,0.992218885854904,"LOW HIGH"
6,69,4,184.693965306234,10,5,5.49961801873244,0,0.25,0.978692491290389,"LOW HIGH"
6,77,12,168.138846027891,10,5,5.49831082593056,0,0.25,0.895320393565726,"LOW HIGH"
6,78,13,178.021099089662,10,5,5.49888901621214,0,0.25,0.958894770045172,"LOW HIGH"
7,79,1,172.082114823881,10,4,4.49936616185809,0,0.25,0.927347918977856,"LOW HIGH"
7,83,5,159.784820478119,10,4,4.50073389490662,0,0.25,0.785510532727482,"LOW HIGH"
7,88,10,175.366324739206,10,4,4.50160666643059,0,0.25,0.946853917256455,"LOW HIGH"
7,89,11,154.038420868935,10,4,4.50030967893551,0,0.25,0.671422885469915,"LOW HIGH"
8,99,8,156.553580629996,10,3,3.50041687783384,0,0.25,0.725119052393092,"LOW HIGH"
9,109,7,127.213616777798,10,2,2.49912156414197,0,0.25,0.118265535558523,"LOW HIGH"
1,6,6,205.940713888192,11,11,11.5000011836458,0,0.25,0.997488576260177,"LOW HIGH"
4,41,3,185.449629349627,11,8,8.49876087431179,0,0.25,0.980235051957245,"LOW HIGH"
4,47,9,183.621868090127,11,8,8.50020857444652,0,0.25,0.976300243126439,"LOW HIGH"
5,55,5,197.48828553308,11,7,7.49830667577357,0,0.25,0.994095953205323,"LOW HIGH"
5,62,12,179.589142449509,11,7,7.497391790884,0,0.25,0.964731280172001,"LOW HIGH"
5,64,14,203.292958417826,11,7,7.50181445431307,0,0.25,0.996716504962491,"LOW HIGH"
6,76,11,161.003105294277,11,6,6.49974545234216,0,0.25,0.805615525525917,"LOW HIGH"
7,87,9,168.044338721643,11,5,5.50020118091693,0,0.25,0.894417663914788,"LOW HIGH"
7,88,10,190.395347226697,11,5,5.49939795985388,0,0.25,0.987943633969365,"LOW HIGH"
7,89,11,164.943512530377,11,5,5.49862413688718,0,0.25,0.860787665643758,"LOW HIGH"
8,93,2,152.609920181413,11,4,4.4998510392926,0,0.25,0.638668227419061,"LOW HIGH"
8,97,6,169.244222731537,11,4,4.50091626615893,0,0.25,0.90538196766753,"LOW HIGH"
8,99,8,175.5477887551,11,4,4.50098551773814,0,0.25,0.947773469067881,"LOW HIGH"
8,102,11,164.948928279125,11,4,4.49981529538146,0,0.25,0.860853545199013,"LOW HIGH"
9,105,3,150.045076142589,11,3,3.50281586261273,0,0.25,0.576683588082257,"LOW HIGH"
9,108,6,158.742814075309,11,3,3.5008478854851,0,0.25,0.767147850075142,"LOW HIGH"
1,6,6,207.871814013177,12,12,12.499656874085,0,0.25,0.99793479834398,"LOW HIGH"
4,41,3,189.056703995084,12,9,9.50032863530057,0,0.25,0.986212605084624,"LOW HIGH"
4,47,9,187.1197153534,12,9,9.50128827826577,0,0.25,0.983266214268723,"LOW HIGH"
5,62,12,184.278895676327,12,8,8.50150232328894,0,0.25,0.977795703486973,"LOW HIGH"
5,64,14,209.984824338692,12,8,8.49929022201668,0,0.25,0.998332896392499,"LOW HIGH"
6,71,6,163.91374092987,12,7,7.49958990672314,0,0.25,0.847779744762191,"LOW HIGH"
6,76,11,166.04345016582,12,7,7.50015577453387,0,0.25,0.873639268795756,"LOW HIGH"
7,87,9,176.680792291922,12,6,6.50092161169893,0,0.25,0.953183040801546,"LOW HIGH"
8,93,2,163.260912214133,12,5,5.50005300289063,0,0.25,0.839027385883673,"LOW HIGH"
8,97,6,183.027087146325,12,5,5.50073933115074,0,0.25,0.974862014083385,"LOW HIGH"
8,99,8,190.614500510762,12,5,5.49959456255832,0,0.25,0.988205810344072,"LOW HIGH"
8,102,11,177.887184132368,12,5,5.50145972435308,0,0.25,0.958355491431595,"LOW HIGH"
9,105,3,167.236957409535,12,4,4.4988306407891,0,0.25,0.886422313272899,"LOW HIGH"
9,109,7,165.91049542836,12,4,4.4996841221768,0,0.25,0.872141509310601,"LOW HIGH"
9,110,8,167.313997999782,12,4,4.49881701114968,0,0.25,0.887207449320308,"LOW HIGH"
9,114,12,167.065160673236,12,4,4.50036408367009,0,0.25,0.88465432539104,"LOW HIGH"
10,118,4,150.793947368213,12,3,3.50024786052013,0,0.25,0.595128713179372,"LOW HIGH"
10,122,8,138.835647142122,12,3,3.50106461916526,0,0.25,0.30386794407449,"LOW HIGH"
10,124,10,139.160576887461,12,3,3.50094164056828,0,0.25,0.310891388832283,"LOW HIGH"
11,136,10,125.082144213787,12,2,2.49989845524467,0,0.25,0.0974950971504541,"LOW HIGH"
1,6,6,209.354738932471,13,13,13.5009647219686,0,0.25,0.998222955318519,"LOW HIGH"
4,47,9,189.754889984523,13,10,10.4988041557193,0,0.25,0.987144004816797,"LOW HIGH"
5,64,14,215.227135343968,13,9,9.49815687637976,0,0.25,0.999020279799176,"LOW HIGH"
6,71,6,167.477271158944,13,8,8.49842340483839,0,0.25,0.888855749371421,"LOW HIGH"
6,76,11,169.750588766724,13,8,8.49976266847741,0,0.25,0.909695397870825,"LOW HIGH"
8,93,2,171.260783558534,13,6,6.49822530731148,0,0.25,0.921525380204699,"LOW HIGH"
8,94,3,172.050141147016,13,6,6.50067806608135,0,0.25,0.927128895612844,"LOW HIGH"
8,99,8,202.565817545567,13,6,6.4981150149519,0,0.25,0.996465806234321,"LOW HIGH"
9,105,3,180.622050996075,13,5,5.50222808960396,0,0.25,0.968130788732078,"LOW HIGH"
9,109,7,179.03568399926,13,5,5.50010689852311,0,0.25,0.962768549650316,"LOW HIGH"
9,114,12,180.416459887718,13,5,5.50054408299003,0,0.25,0.967480414935122,"LOW HIGH"
10,122,8,153.117160778976,13,4,4.50019951300832,0,0.25,0.650466385100473,"LOW HIGH"
10,124,10,153.522945302362,13,4,4.50284009224815,0,0.25,0.659774651532691,"LOW HIGH"
11,127,1,156.839449385385,13,3,3.49860103992398,0,0.25,0.730866386429537,"LOW HIGH"
11,136,10,146.041443141085,13,3,3.49987555211177,0,0.25,0.475688047870994,"LOW HIGH"
12,143,7,133.132702263793,13,2,2.49977114336745,0,0.25,0.196552902522409,"LOW HIGH"
4,47,9,191.740152580014,14,11,11.4998179935775,0,0.25,0.989466175391263,"LOW HIGH"
5,64,14,219.333885987364,14,10,10.5002645199171,0,0.25,0.999354107578475,"LOW HIGH"
6,71,6,170.087206173463,14,9,9.50033661868377,0,0.25,0.912464036944035,"LOW HIGH"
6,76,11,172.477163427101,14,9,9.50031151964252,0,0.25,0.93000440443574,"LOW HIGH"
8,99,8,212.045920515796,14,7,7.49972707768074,0,0.25,0.998647256716788,"LOW HIGH"
10,118,4,181.762141578526,14,5,5.50090409595596,0,0.25,0.971515106366368,"LOW HIGH"
10,124,10,164.336018578861,14,5,5.50046145197997,0,0.25,0.853230599784467,"LOW HIGH"
11,130,4,145.544911584911,14,4,4.49974353312443,0,0.25,0.463132386821674,"LOW HIGH"
11,136,10,162.165409440836,14,4,4.49942054485765,0,0.25,0.823432754918643,"LOW HIGH"
12,137,1,158.044434618239,14,3,3.5006507162527,0,0.25,0.754242325767794,"LOW HIGH"
12,139,3,149.598079819247,14,3,3.49863725327154,0,0.25,0.565567537752136,"LOW HIGH"
12,143,7,157.293065309522,14,3,3.50075513334205,0,0.25,0.739828890786184,"LOW HIGH"
13,159,13,128.86999647556,14,2,2.49943545039728,0,0.25,0.136958787942854,"LOW HIGH"
14,167,8,104.454894207937,14,1,1.4976520821489,0,0.25,0.0131291298174733,"LOW HIGH"
5,64,14,222.551055062236,15,11,11.4991565058152,0,0.25,0.999534009087508,"LOW HIGH"
6,71,6,171.998726587807,15,10,10.4994956999012,0,0.25,0.926775423959009,"LOW HIGH"
6,76,11,174.482540128365,15,10,10.5011382329457,0,0.25,0.942153086179355,"LOW HIGH"
11,130,4,154.981087864968,15,5,5.50079638421731,0,0.25,0.692181703218156,"LOW HIGH"
12,137,1,177.46290622735,15,4,4.499551241227,0,0.25,0.956601886382641,"LOW HIGH"
12,142,6,151.182053474785,15,4,4.5005852207692,0,0.25,0.604586771622794,"LOW HIGH"
12,143,7,176.497185877678,15,4,4.49800369476792,0,0.25,0.952344075801623,"LOW HIGH"
12,144,8,173.903470737887,15,4,4.50064948011142,0,0.25,0.938864208545989,"LOW HIGH"
13,151,5,153.624172647021,15,3,3.49964750912731,0,0.25,0.66207793979563,"LOW HIGH"
13,152,6,142.608378866355,15,3,3.50010326749812,0,0.25,0.390337984582166,"LOW HIGH"
14,170,11,123.473972474516,15,2,2.50099600248639,0,0.25,0.0840420234576114,"LOW HIGH"
14,171,12,127.441729348426,15,2,2.49974761694895,0,0.25,0.120702151077465,"LOW HIGH"
5,64,14,225.071338798712,16,12,12.4974441623368,0,0.25,0.999639179377544,"LOW HIGH"
6,71,6,173.398727075992,16,11,11.4986156048957,0,0.25,0.935855669190599,"LOW HIGH"
6,76,11,175.957480746135,16,11,11.4998131242828,0,0.25,0.949794539827819,"LOW HIGH"
12,137,1,192.930000235583,16,5,5.49860002772675,0,0.25,0.990653678588194,"LOW HIGH"
12,142,6,161.581892432768,16,5,5.5015904569444,0,0.25,0.814653258385439,"LOW HIGH"
12,143,7,191.761784596589,16,5,5.49970490476314,0,0.25,0.98948904305492,"LOW HIGH"
12,144,8,188.63024004785,16,5,5.5007313248054,0,0.25,0.985611277478152,"LOW HIGH"
12,146,10,155.753988905259,16,5,5.50143245857737,0,0.25,0.708645221896742,"LOW HIGH"
13,151,5,171.797091667061,16,4,4.49964586880682,0,0.25,0.925373909601454,"LOW HIGH"
13,152,6,157.841687949346,16,4,4.49993717064745,0,0.25,0.750406668611253,"LOW HIGH"
14,167,8,161.340034273472,16,3,3.50024568434647,0,0.25,0.810916717086971,"LOW HIGH"
14,169,10,152.702788546154,16,3,3.50134033585154,0,0.25,0.640841344519031,"LOW HIGH"
14,171,12,149.317832746789,16,3,3.50017839146427,0,0.25,0.558563732848672,"LOW HIGH"
15,183,11,135.584291197386,16,2,2.49790368472488,0,0.25,0.238837390465579,"LOW HIGH"
15,184,12,132.799210950716,16,2,2.49971219839924,0,0.25,0.191260592733065,"LOW HIGH"
5,64,14,227.045692637295,17,13,13.4983341117002,0,0.25,0.999704701813752,"LOW HIGH"
6,71,6,174.424089584396,17,12,12.5014492926086,0,0.25,0.941828795400041,"LOW HIGH"
6,76,11,177.042289313312,17,12,12.4992410969527,0,0.25,0.954793969929296,"LOW HIGH"
12,137,1,205.249764729678,17,6,6.49776119020768,0,0.25,0.997306555023354,"LOW HIGH"
12,143,7,203.895012630771,17,6,6.49939363223668,0,0.25,0.996910605429118,"LOW HIGH"
12,144,8,200.269948751716,17,6,6.50118624336164,0,0.25,0.995542166545258,"LOW HIGH"
12,146,10,162.802602058828,17,6,6.49929532452362,0,0.25,0.83264300716046,"LOW HIGH"
13,151,5,186.093582881746,17,5,5.50074790282066,0,0.25,0.981462797630461,"LOW HIGH"
14,162,3,169.209163544789,17,4,4.50114793016683,0,0.25,0.905076588900178,"LOW HIGH"
14,166,7,152.140728104726,17,4,4.49965642349015,0,0.25,0.627603710669522,"LOW HIGH"
14,169,10,170.620790963714,17,4,4.50001102694493,0,0.25,0.916695675948139,"LOW HIGH"
14,171,12,166.313407495599,17,4,4.49878172665804,0,0.25,0.87663423522524,"LOW HIGH"
14,172,13,159.565123486288,17,4,4.50049984945583,0,0.25,0.781728343371517,"LOW HIGH"
15,178,6,147.999395525665,17,3,3.50011895273788,0,0.25,0.525346007304992,"LOW HIGH"
15,183,11,160.760176027613,17,3,3.50032350142943,0,0.25,0.801723839828941,"LOW HIGH"
15,185,13,150.274762331523,17,3,3.50018688244782,0,0.25,0.582366180870873,"LOW HIGH"
16,191,5,132.809938129799,17,2,2.50152950361229,0,0.25,0.191429120014063,"LOW HIGH"
17,200,2,103.446232284234,17,1,1.50257968354077,0,0.25,0.0118662757261496,"LOW HIGH"
5,64,14,228.592372887423,18,14,14.5013267409486,0,0.25,0.999747606232322,"LOW HIGH"
12,142,6,175.187062442646,18,7,7.50063458083618,0,0.25,0.945930533361397,"LOW HIGH"
12,143,7,213.539237496447,18,7,7.5016789793251,0,0.25,0.998837346495826,"LOW HIGH"
12,144,8,209.469713877335,18,7,7.49841406716722,0,0.25,0.998243543130178,"LOW HIGH"
13,151,5,197.34051909635,18,6,6.50093263188745,0,0.25,0.994007241352361,"LOW HIGH"
14,169,10,184.679542468827,18,5,5.4974296052658,0,0.25,0.978661932323753,"LOW HIGH"
14,171,12,179.517292839459,18,5,5.50101740851442,0,0.25,0.964482223623559,"LOW HIGH"
14,172,13,171.479810119762,18,5,5.50099774202028,0,0.25,0.923118571849006,"LOW HIGH"
15,173,1,160.047870827211,18,4,4.5001132308487,0,0.25,0.789976100427025,"LOW HIGH"
15,176,4,155.829206011958,18,4,4.50062023747806,0,0.25,0.710219489735131,"LOW HIGH"
15,177,5,155.568061821094,18,4,4.50098707891861,0,0.25,0.704732317625802,"LOW HIGH"
15,181,9,170.229512606814,18,4,4.50125424581703,0,0.25,0.913611248007236,"LOW HIGH"
15,182,10,153.691302778507,18,4,4.50125597935048,0,0.25,0.663601173492736,"LOW HIGH"
15,183,11,180.962311482373,18,4,4.50280511356073,0,0.25,0.969179633910333,"LOW HIGH"
15,185,13,167.52885684303,18,4,4.5002603958217,0,0.25,0.889372127017531,"LOW HIGH"
16,190,4,139.658758657751,18,3,3.49977709156472,0,0.25,0.321830183958608,"LOW HIGH"
16,191,5,156.838007729168,18,3,3.49984559485133,0,0.25,0.730837593432251,"LOW HIGH"
16,198,12,152.633433074323,18,3,3.50031609415265,0,0.25,0.639218969340792,"LOW HIGH"
17,200,2,134.311252543085,18,2,2.50119211883194,0,0.25,0.216137522436908,"LOW HIGH"
12,144,8,216.741002233413,19,8,8.50081439611878,0,0.25,0.999159749457649,"LOW HIGH"
12,146,10,171.848769603564,19,8,8.5021282378731,0,0.25,0.925735443010277,"LOW HIGH"
13,151,5,206.188394586627,19,7,7.49925571853145,0,0.25,0.997550792311856,"LOW HIGH"
14,166,7,170.636802423485,19,6,6.50074314959579,0,0.25,0.916819736589847,"LOW HIGH"
14,169,10,195.710263934118,19,6,6.50045015290187,0,0.25,0.992936099680632,"LOW HIGH"
14,171,12,189.775409481616,19,6,6.49974082288067,0,0.25,0.98717041775906,"LOW HIGH"
14,172,13,180.587905241414,19,6,6.49792028091485,0,0.25,0.968023648741531,"LOW HIGH"
15,173,1,172.052731667682,19,5,5.49970065842865,0,0.25,0.927146663602793,"LOW HIGH"
15,176,4,167.056829332404,19,5,5.50275076274953,0,0.25,0.884567980690343,"LOW HIGH"
15,177,5,166.748375723024,19,5,5.50190493104538,0,0.25,0.881331460243513,"LOW HIGH"
15,182,10,164.534389339389,19,5,5.50016790752796,0,0.25,0.855734925203718,"LOW HIGH"
15,183,11,197.173311798137,19,5,5.49993808350457,0,0.25,0.993905259409775,"LOW HIGH"
15,185,13,180.971460832125,19,5,5.50286411781088,0,0.25,0.969207370150341,"LOW HIGH"
16,188,2,158.614949793082,19,4,4.49837388383428,0,0.25,0.764820745757928,"LOW HIGH"
16,191,5,175.912831026962,19,4,4.49894320923749,0,0.25,0.949577924273003,"LOW HIGH"
16,196,10,167.50201722671,19,4,4.50063489780316,0,0.25,0.889103722553392,"LOW HIGH"
16,198,12,170.532313268485,19,4,4.49873416361593,0,0.25,0.91600709197118,"LOW HIGH"
17,199,1,153.883061830099,19,3,3.49997988831752,0,0.25,0.667933560326087,"LOW HIGH"
17,200,2,158.957455758606,19,3,3.49996026898154,0,0.25,0.771018106517391,"LOW HIGH"
17,202,4,155.652294583712,19,3,3.4981067795757,0,0.25,0.706508809829013,"LOW HIGH"
17,209,11,156.434799183932,19,3,3.49958598168003,0,0.25,0.722708688866078,"LOW HIGH"
18,213,1,119.177156774689,19,2,2.49871213868344,0,0.25,0.0559923364584556,"LOW HIGH"
18,215,3,132.481250189778,19,2,2.49973332997366,0,0.25,0.186316716310823,"LOW HIGH"
12,144,8,222.488065732894,20,9,9.49899634533597,0,0.25,0.999531020714775,"LOW HIGH"
12,146,10,174.685443031446,20,9,9.50052019879792,0,0.25,0.943265691767847,"LOW HIGH"
13,151,5,213.148948038491,20,8,8.49979224253625,0,0.25,0.998790405817552,"LOW HIGH"
14,169,10,204.365144561362,20,7,7.49987881082597,0,0.25,0.997054184935713,"LOW HIGH"
14,171,12,197.744954377204,20,7,7.50025894283932,0,0.25,0.994246952585271,"LOW HIGH"
14,172,13,187.550521993077,20,7,7.50168535075161,0,0.25,0.983970907065528,"LOW HIGH"
15,173,1,181.240647824429,20,6,6.50088284744473,0,0.25,0.970012677097394,"LOW HIGH"
15,176,4,175.559940017922,20,6,6.50040631090051,0,0.25,0.947834504467402,"LOW HIGH"
15,177,5,175.210040745379,20,6,6.49901073707752,0,0.25,0.946049734950797,"LOW HIGH"
15,182,10,172.701436980908,20,6,6.50109029686799,0,0.25,0.93147227576805,"LOW HIGH"
15,183,11,210.181665881605,20,6,6.50026041189865,0,0.25,0.998365830127722,"LOW HIGH"
16,188,2,170.353079102483,20,5,5.50080571620885,0,0.25,0.914596325649146,"LOW HIGH"
16,190,4,165.069757885299,20,5,5.50026618111478,0,0.25,0.862316582975111,"LOW HIGH"
16,191,5,191.055490837286,20,5,5.50008050870604,0,0.25,0.988716417656258,"LOW HIGH"
16,196,10,180.939328487096,20,5,5.4995370258027,0,0.25,0.969109854257153,"LOW HIGH"
16,198,12,184.573256784672,20,5,5.50213906862477,0,0.25,0.978435409471765,"LOW HIGH"
17,200,2,178.637835938061,20,4,4.50015555395322,0,0.25,0.961293221216157,"LOW HIGH"
17,202,4,174.392070011689,20,4,4.50077670103331,0,0.25,0.941650424502234,"LOW HIGH"
17,206,8,167.61039961301,20,4,4.50030009346025,0,0.25,0.890184093011089,"LOW HIGH"
17,209,11,175.395386708471,20,4,4.49941372010766,0,0.25,0.947002207051396,"LOW HIGH"
17,210,12,159.798682736341,20,4,4.49990113232774,0,0.25,0.785747572909408,"LOW HIGH"
18,215,3,156.374935370944,20,3,3.49923914538067,0,0.25,0.72148898215019,"LOW HIGH"
18,220,8,158.327310460255,20,3,3.50188780505797,0,0.25,0.759527131523656,"LOW HIGH"
18,221,9,156.863083040057,20,3,3.49943379117872,0,0.25,0.731338124193095,"LOW HIGH"
20,241,6,99.1009543128933,20,1,1.50101255260468,0,0.25,0.00766570131775812,"LOW HIGH"
12,144,8,227.030416035843,21,10,10.4994416708409,0,0.25,0.999704243565858,"LOW HIGH"
12,146,10,176.779770370638,21,10,10.4984365883939,0,0.25,0.953629463279316,"LOW HIGH"
13,151,5,218.62476021617,21,9,9.50038883489274,0,0.25,0.999305922262156,"LOW HIGH"
14,171,12,203.936504742481,21,8,8.49975330337262,0,0.25,0.996923553076387,"LOW HIGH"
14,172,13,192.873043484459,21,8,8.50122473555344,0,0.25,0.990599982190082,"LOW HIGH"
15,173,1,188.272616326622,21,7,7.49971313890715,0,0.25,0.985087150724693,"LOW HIGH"
15,176,4,181.999672565639,21,7,7.5000736333186,0,0.25,0.972174974931581,"LOW HIGH"
15,177,5,181.614134188426,21,7,7.5003802549569,0,0.25,0.971096281816694,"LOW HIGH"
15,182,10,178.852883509009,21,7,7.49794041129894,0,0.25,0.962097511077396,"LOW HIGH"
15,183,11,220.620088721949,21,7,7.50052355489033,0,0.25,0.999433135208485,"LOW HIGH"
16,190,4,173.307585498555,21,6,6.49990689899468,0,0.25,0.935297918214415,"LOW HIGH"
16,191,5,203.076579711947,21,6,6.49864656041518,0,0.25,0.996643814947583,"LOW HIGH"
16,196,10,191.407640913634,21,6,6.50055079715951,0,0.25,0.989108414309467,"LOW HIGH"
16,198,12,195.587805889764,21,6,6.50064614223259,0,0.25,0.992848354746798,"LOW HIGH"
17,202,4,189.219481105025,21,5,5.49789342150951,0,0.25,0.986435533246744,"LOW HIGH"
17,206,8,181.069089606345,21,5,5.49967193772725,0,0.25,0.969501830702414,"LOW HIGH"
17,207,9,151.000633564078,21,5,5.49968662840184,0,0.25,0.600174883294512,"LOW HIGH"
17,209,11,190.430442341206,21,5,5.49985005041928,0,0.25,0.987986002647219,"LOW HIGH"
17,210,12,171.756957108615,21,5,5.49958668171833,0,0.25,0.925092016895155,"LOW HIGH"
18,215,3,175.318588881313,21,4,4.49858484181288,0,0.25,0.946609493008563,"LOW HIGH"
18,220,8,177.826758714887,21,4,4.5009633058505,0,0.25,0.958109946926556,"LOW HIGH"
18,221,9,175.945020823349,21,4,4.50046004441763,0,0.25,0.949734180044713,"LOW HIGH"
19,231,8,136.899409713493,21,3,3.50064104994812,0,0.25,0.263950272568227,"LOW HIGH"
19,234,11,154.303050246733,21,3,3.49897872610802,0,0.25,0.677322917256222,"LOW HIGH"
20,238,3,125.602688017639,21,2,2.49997745395915,0,0.25,0.102245489022434,"LOW HIGH"
12,144,8,230.620588003938,22,11,11.4997708749401,0,0.25,0.999794569473332,"LOW HIGH"
14,171,12,208.746728717377,22,9,9.499679750635,0,0.25,0.998110010517448,"LOW HIGH"
14,172,13,196.941806140318,22,9,9.49714692084622,0,0.25,0.993761207988256,"LOW HIGH"
15,173,1,193.654531025477,22,8,8.49992953251726,0,0.25,0.991310785137439,"LOW HIGH"
15,176,4,186.876729541594,22,8,8.50019194708457,0,0.25,0.982855407539604,"LOW HIGH"
15,177,5,186.460983209147,22,8,8.49946204172692,0,0.25,0.982129423161783,"LOW HIGH"
16,190,4,179.519616727932,22,7,7.50065052509598,0,0.25,0.964490305500672,"LOW HIGH"
16,191,5,212.619591279436,22,7,7.50020813490428,0,0.25,0.998723700367133,"LOW HIGH"
16,196,10,199.562960302766,22,7,7.50136561291573,0,0.25,0.995211997108931,"LOW HIGH"
17,202,4,200.951324988414,22,6,6.49972658356049,0,0.25,0.99583890132246,"LOW HIGH"
17,206,8,191.55668239616,22,6,6.50001472013104,0,0.25,0.989270235701551,"LOW HIGH"
17,209,11,202.352694095635,22,6,6.49953747121691,0,0.25,0.996388775810301,"LOW HIGH"
17,210,12,180.903623588402,22,6,6.50060469010174,0,0.25,0.969001145619231,"LOW HIGH"
18,214,2,174.479877014289,22,5,5.49861037461236,0,0.25,0.942138347861383,"LOW HIGH"
18,220,8,193.370461277297,22,5,5.50072298266561,0,0.25,0.991058792660037,"LOW HIGH"
18,221,9,191.09438616356,22,5,5.50104619675765,0,0.25,0.988760390320602,"LOW HIGH"
19,224,1,161.27256264132,22,4,4.50053901030366,0,0.25,0.809864078042304,"LOW HIGH"
19,232,9,173.363120373278,22,4,4.5006667283228,0,0.25,0.935638305066369,"LOW HIGH"
19,234,11,172.664836467947,22,4,4.49835696971765,0,0.25,0.931234687831567,"LOW HIGH"
20,237,2,153.305067119754,22,3,3.50038801675282,0,0.25,0.65479154064498,"LOW HIGH"
20,238,3,146.762703151132,22,3,3.50182142401957,0,0.25,0.493976962980976,"LOW HIGH"
20,241,6,148.902007044584,22,3,3.50028560644637,0,0.25,0.548129341679087,"LOW HIGH"
20,244,9,149.471049961844,22,3,3.50019891743487,0,0.25,0.562395936992683,"LOW HIGH"
20,246,11,148.04197191353,22,3,3.50093024225514,0,0.25,0.52642383090854,"LOW HIGH"
20,247,12,148.954992727784,22,3,3.501418102849,0,0.25,0.549461472294603,"LOW HIGH"
12,144,8,233.458179537143,23,12,12.5004617507534,0,0.25,0.999845984705307,"LOW HIGH"
14,172,13,200.052142017124,23,10,10.5003262179968,0,0.25,0.995442940196047,"LOW HIGH"
15,176,4,190.570312244053,23,9,9.50086290161207,0,0.25,0.988153404634031,"LOW HIGH"
15,177,5,190.129253455136,23,9,9.50086083889301,0,0.25,0.987617553791575,"LOW HIGH"
16,190,4,184.204023079511,23,8,8.50012996785464,0,0.25,0.977630053724979,"LOW HIGH"
16,191,5,220.195366712658,23,8,8.50015952432879,0,0.25,0.999408170332982,"LOW HIGH"
16,196,10,205.916346754067,23,8,8.49952972455804,0,0.25,0.997482370834436,"LOW HIGH"
17,202,4,210.23387337382,23,7,7.50059943778662,0,0.25,0.998374455493433,"LOW HIGH"
17,206,8,199.72906786454,23,7,7.50131050793949,0,0.25,0.995291694048108,"LOW HIGH"
17,209,11,211.806605698496,23,7,7.50102297344092,0,0.25,0.998614031014387,"LOW HIGH"
18,214,2,184.009631711435,23,6,6.49953319538514,0,0.25,0.977194320877479,"LOW HIGH"
18,220,8,205.760898493452,23,6,6.50042710423149,0,0.25,0.997442422215206,"LOW HIGH"
19,224,1,173.507612108973,23,5,5.50017008193305,0,0.25,0.936516131228237,"LOW HIGH"
19,231,8,161.019815879043,23,5,5.50085270066939,0,0.25,0.805881084126226,"LOW HIGH"
19,232,9,187.978953296958,23,5,5.49938572083782,0,0.25,0.9846427407858,"LOW HIGH"
19,234,11,187.137877362633,23,5,5.49921817112197,0,0.25,0.983296528516591,"LOW HIGH"
20,238,3,163.076740804966,23,4,4.50031817848109,0,0.25,0.836485803537567,"LOW HIGH"
20,239,4,172.712339847644,23,4,4.5014037664241,0,0.25,0.931542903307565,"LOW HIGH"
20,241,6,165.785799333815,23,4,4.50042529119747,0,0.25,0.870723042567126,"LOW HIGH"
20,242,7,178.061453443668,23,4,4.50141368707348,0,0.25,0.959055963195922,"LOW HIGH"
20,244,9,166.507897489616,23,4,4.50171674293708,0,0.25,0.87875397634654,"LOW HIGH"
20,247,12,165.853009932555,23,4,4.50140826425573,0,0.25,0.871489246714504,"LOW HIGH"
21,258,10,156.062616561084,23,3,3.5012450394671,0,0.25,0.71507246770677,"LOW HIGH"
21,259,11,148.119596967386,23,3,3.49891230994833,0,0.25,0.52838827273623,"LOW HIGH"
21,261,13,154.074143527549,23,3,3.50097297393157,0,0.25,0.672222556512819,"LOW HIGH"
22,264,3,140.128136839194,23,2,2.50034726540804,0,0.25,0.332318678605791,"LOW HIGH"
22,274,13,130.797958255653,23,2,2.50202300974556,0,0.25,0.161781542120617,"LOW HIGH"
14,172,13,202.429815547088,24,11,11.50011871249,0,0.25,0.996416841520824,"LOW HIGH"
15,176,4,193.367604391175,24,10,10.4981503254982,0,0.25,0.991056221939086,"LOW HIGH"
15,177,5,192.905532753312,24,10,10.4992168989309,0,0.25,0.990630649015858,"LOW HIGH"
16,190,4,187.736468757334,24,9,9.49981492827883,0,0.25,0.984265974579783,"LOW HIGH"
16,191,5,226.209440258386,24,9,9.49919444860017,0,0.25,0.999678542233173,"LOW HIGH"
17,202,4,217.578473709783,24,8,8.49983224684808,0,0.25,0.999228190207397,"LOW HIGH"
17,206,8,206.097343748465,24,8,8.49974598871739,0,0.25,0.997528101593287,"LOW HIGH"
17,209,11,219.303213422916,24,8,8.50074484442826,0,0.25,0.999352094272455,"LOW HIGH"
18,220,8,215.637755940451,24,7,7.50032915166745,0,0.25,0.999060248251987,"LOW HIGH"
18,223,11,159.248332774374,24,7,7.49892327898935,0,0.25,0.776190434718792,"LOW HIGH"
19,224,1,182.899719154793,24,6,6.49948601551069,0,0.25,0.974543148547972,"LOW HIGH"
19,231,8,168.729559065918,24,6,6.50075311402434,0,0.25,0.900809701736562,"LOW HIGH"
19,234,11,198.545749680484,24,6,6.50014482824501,0,0.25,0.994693818834369,"LOW HIGH"
20,238,3,175.654606316481,24,5,5.50196456463498,0,0.25,0.94830770703588,"LOW HIGH"
20,239,4,187.19507435227,24,5,5.50049116266859,0,0.25,0.983391643852712,"LOW HIGH"
20,241,6,178.886676388559,24,5,5.50012293850537,0,0.25,0.962222429971841,"LOW HIGH"
20,242,7,193.654661891223,24,5,5.49960435817666,0,0.25,0.99131089958804,"LOW HIGH"
20,244,9,179.749848483156,24,5,5.49962585031571,0,0.25,0.965282268530552,"LOW HIGH"
20,245,10,164.40552633141,24,5,5.49994868774997,0,0.25,0.854112169508825,"LOW HIGH"
20,246,11,177.584860658061,24,5,5.49939940837678,0,0.25,0.957113038560889,"LOW HIGH"
20,247,12,178.966988186128,24,5,5.50010879978796,0,0.25,0.962517725719708,"LOW HIGH"
21,252,4,171.406344250132,24,4,4.50067028940536,0,0.25,0.922587516308624,"LOW HIGH"
21,253,5,150.410541439337,24,4,4.49655304653045,0,0.25,0.585715292215637,"LOW HIGH"
21,257,9,162.18263878238,24,4,4.50060892656177,0,0.25,0.823686949189778,"LOW HIGH"
21,258,10,174.918033524145,24,4,4.49979285061079,0,0.25,0.944516336088211,"LOW HIGH"
21,259,11,164.793975052961,24,4,4.50094638816136,0,0.25,0.858958279051132,"LOW HIGH"
21,260,12,176.002813983292,24,4,4.49948078256815,0,0.25,0.950013569500087,"LOW HIGH"
22,264,3,167.235732269542,24,3,3.50039929147733,0,0.25,0.886409789221207,"LOW HIGH"
22,266,5,152.541148342007,24,3,3.49975826259601,0,0.25,0.637055297078771,"LOW HIGH"
23,280,6,131.640944921563,24,2,2.49827600362783,0,0.25,0.173726817807178,"LOW HIGH"
14,172,13,204.247410700476,25,12,12.5002182875658,0,0.25,0.997018865551614,"LOW HIGH"
15,176,4,195.486101250915,25,11,11.5010725223896,0,0.25,0.992774658354315,"LOW HIGH"
15,177,5,195.006721113113,25,11,11.5015834612848,0,0.25,0.9924170158101,"LOW HIGH"
16,190,4,190.400236912837,25,10,10.4993351241046,0,0.25,0.987949545894609,"LOW HIGH"
16,191,5,230.983747645431,25,10,10.4980922911046,0,0.25,0.999802004781456,"LOW HIGH"
17,202,4,223.3897177621,25,9,9.49988049396059,0,0.25,0.999572030148725,"LOW HIGH"
17,206,8,211.059779489007,25,9,9.5020900557805,0,0.25,0.99850501318118,"LOW HIGH"
17,209,11,225.247750428826,25,9,9.49926661146749,0,0.25,0.999645582407745,"LOW HIGH"
18,220,8,223.510949704843,25,8,8.50042430476489,0,0.25,0.999577263514062,"LOW HIGH"
18,223,11,162.507681803148,25,8,8.49983107995537,0,0.25,0.828428695671893,"LOW HIGH"
19,231,8,174.49132697014,25,7,7.50184576446671,0,0.25,0.942201689699671,"LOW HIGH"
19,234,11,207.53760921901,25,7,7.50000880743865,0,0.25,0.997863670422194,"LOW HIGH"
20,238,3,185.35194208232,25,6,6.49986769397241,0,0.25,0.980041971458723,"LOW HIGH"
20,239,4,198.611792091607,25,6,6.50021024273628,0,0.25,0.994729093192503,"LOW HIGH"
20,241,6,189.052223124939,25,6,6.5007488226384,0,0.25,0.986206417576901,"LOW HIGH"
20,242,7,206.090798683825,25,6,6.50018551862339,0,0.25,0.997526462446473,"LOW HIGH"
20,244,9,190.04220250167,25,6,6.49857163687291,0,0.25,0.987508999681225,"LOW HIGH"
20,246,11,187.560564450767,25,6,6.50086676315149,0,0.25,0.983986980973533,"LOW HIGH"
20,247,12,189.144302101197,25,6,6.50087211009693,0,0.25,0.986333018584277,"LOW HIGH"
21,252,4,185.623659334761,25,5,5.50096524079091,0,0.25,0.980574500261712,"LOW HIGH"
21,253,5,160.675858826765,25,5,5.50048014361025,0,0.25,0.800359455795106,"LOW HIGH"
21,257,9,174.590062631979,25,5,5.50055305071643,0,0.25,0.942745206563688,"LOW HIGH"
21,259,11,177.702223612265,25,5,5.49954334250951,0,0.25,0.957599512746456,"LOW HIGH"
22,264,3,189.362299814145,25,4,4.49947573071331,0,0.25,0.986628197403249,"LOW HIGH"
22,266,5,170.414598786884,25,4,4.49959887960197,0,0.25,0.915082956943692,"LOW HIGH"
22,270,9,160.066354323328,25,4,4.50023207113082,0,0.25,0.790287297103054,"LOW HIGH"
22,274,13,172.288579215229,25,4,4.50049518801186,0,0.25,0.928747672119006,"LOW HIGH"
23,275,1,160.040063922389,25,3,3.5002098027756,0,0.25,0.789844557976794,"LOW HIGH"
23,276,2,149.203567041483,25,3,3.50145195310745,0,0.25,0.555701193197229,"LOW HIGH"
23,277,3,147.338104228314,25,3,3.49995605076254,0,0.25,0.508581288928011,"LOW HIGH"
23,283,9,147.897095561216,25,3,3.50029102590897,0,0.25,0.522755331549764,"LOW HIGH"
23,284,10,150.029783142325,25,3,3.49974264394811,0,0.25,0.576304490005015,"LOW HIGH"
14,172,13,205.636858032075,26,13,13.5006241745349,0,0.25,0.997410092030046,"LOW HIGH"
15,176,4,197.090520349344,26,12,12.4995939898859,0,0.25,0.993854127203152,"LOW HIGH"
16,190,4,192.408947430544,26,11,11.5015050407114,0,0.25,0.990150911377521,"LOW HIGH"
16,191,5,234.773859431175,26,11,11.5013913978759,0,0.25,0.999865241125884,"LOW HIGH"
17,202,4,227.987729347595,26,10,10.4993497263934,0,0.25,0.999731630340967,"LOW HIGH"
17,206,8,214.926723843784,26,10,10.4996426541535,0,0.25,0.998989967110839,"LOW HIGH"
18,220,8,229.786952004594,26,9,9.50041891590559,0,0.25,0.999776428604014,"LOW HIGH"
18,223,11,164.87224246124,26,9,9.50079883816626,0,0.25,0.859918267109106,"LOW HIGH"
19,234,11,214.62513051201,26,8,8.49928385645545,0,0.25,0.998958592695788,"LOW HIGH"
20,238,3,192.828434883847,26,7,7.50136935923783,0,0.25,0.990557713820219,"LOW HIGH"
20,239,4,207.611573444918,26,7,7.50099644433071,0,0.25,0.997879619771852,"LOW HIGH"
20,244,9,198.041971666662,26,7,7.49981162311789,0,0.25,0.994416902408419,"LOW HIGH"
20,246,11,195.281330340904,26,7,7.49899219857315,0,0.25,0.992623984299298,"LOW HIGH"
20,247,12,197.042570385852,26,7,7.50166910595419,0,0.25,0.993824318462212,"LOW HIGH"
21,257,9,184.135476865194,26,6,6.499726243832,0,0.25,0.977477342196905,"LOW HIGH"
22,266,5,184.431865880896,26,5,5.50011325215396,0,0.25,0.978130419854744,"LOW HIGH"
22,270,9,172.074674080969,26,5,5.49976470887637,0,0.25,0.927297003264292,"LOW HIGH"
22,274,13,186.684945571121,26,5,5.4992604891373,0,0.25,0.982524183008198,"LOW HIGH"
23,275,1,180.033044151912,26,4,4.50156163090322,0,0.25,0.966233082647674,"LOW HIGH"
23,276,2,166.168391284799,26,4,4.49926708051471,0,0.25,0.875033050677577,"LOW HIGH"
23,280,6,173.803225551998,26,4,4.49971032980792,0,0.25,0.938277385850414,"LOW HIGH"
23,283,9,164.512138736409,26,4,4.49902912472078,0,0.25,0.855455802098086,"LOW HIGH"
24,286,1,162.464052566681,26,3,3.50041448865014,0,0.25,0.827798154354972,"LOW HIGH"
24,291,6,150.629545581701,26,3,3.49842551426858,0,0.25,0.591100438845964,"LOW HIGH"
24,296,11,146.006852169992,26,3,3.50003762739294,0,0.25,0.474812173568205,"LOW HIGH"
24,297,12,139.992574987802,26,3,3.49924620225735,0,0.25,0.329271779910265,"LOW HIGH"
16,191,5,237.782661794301,27,12,12.5002137164065,0,0.25,0.99990071130899,"LOW HIGH"
17,202,4,231.625798984665,27,11,11.4989580109191,0,0.25,0.999814497867587,"LOW HIGH"
18,220,8,234.789776277079,27,10,10.4999316527926,0,0.25,0.999865458701205,"LOW HIGH"
18,223,11,166.587660802891,27,10,10.4984718323865,0,0.25,0.879614197441374,"LOW HIGH"
19,234,11,220.21162325731,27,9,9.49962886409799,0,0.25,0.99940914580426,"LOW HIGH"
20,238,3,198.592692816237,27,8,8.49916381106539,0,0.25,0.994718915992153,"LOW HIGH"
20,246,11,201.256871231952,27,8,8.50212760456911,0,0.25,0.995965495784934,"LOW HIGH"
20,247,12,203.172148623979,27,8,8.50214093335713,0,0.25,0.996676115935318,"LOW HIGH"
21,253,5,174.065916490621,27,7,7.49975399111503,0,0.25,0.939804081583282,"LOW HIGH"
21,257,9,191.47905873909,27,7,7.50026149258845,0,0.25,0.98918625501032,"LOW HIGH"
22,266,5,195.424918251554,27,6,6.5007820320009,0,0.25,0.992729961756215,"LOW HIGH"
22,270,9,181.265653928565,27,6,6.50024938780372,0,0.25,0.970086441617607,"LOW HIGH"
22,274,13,198.02288562545,27,6,6.49975260781289,0,0.25,0.994406133286386,"LOW HIGH"
23,275,1,196.044955057169,27,5,5.50004814664277,0,0.25,0.993170500394293,"LOW HIGH"
23,276,2,179.343926994209,27,5,5.50006639914099,0,0.25,0.963874281622227,"LOW HIGH"
23,280,6,188.50938508363,27,5,5.50054142898514,0,0.25,0.985436217413935,"LOW HIGH"
24,290,5,156.143207305647,27,4,4.49934229120856,0,0.25,0.716736677846836,"LOW HIGH"
24,296,11,162.121728488126,27,4,4.50086172585887,0,0.25,0.822787014987156,"LOW HIGH"
24,297,12,154.562940170428,27,4,4.50059714619094,0,0.25,0.683062832259474,"LOW HIGH"
25,306,9,161.853406415278,27,3,3.50081223736101,0,0.25,0.818779706035237,"LOW HIGH"
25,307,10,154.690752517068,27,3,3.49950095276853,0,0.25,0.685865519391145,"LOW HIGH"
25,310,13,149.569623312406,27,3,3.49996952679712,0,0.25,0.564857510740844,"LOW HIGH"
26,317,7,129.930940061413,27,2,2.50040464832383,0,0.25,0.150196302621493,"LOW HIGH"
18,220,8,238.777705137837,28,11,11.5003477653318,0,0.25,0.999910251429379,"LOW HIGH"
18,223,11,167.832145725195,28,11,11.500488441118,0,0.25,0.892365762496959,"LOW HIGH"
19,234,11,224.614982330687,28,10,10.4996323587324,0,0.25,0.999622073856115,"LOW HIGH"
20,238,3,203.036844692413,28,9,9.50083286709574,0,0.25,0.996630293153273,"LOW HIGH"
20,247,12,207.929106481478,28,9,9.50041402314607,0,0.25,0.997946752237565,"LOW HIGH"
21,253,5,178.340626469621,28,8,8.49967238510913,0,0.25,0.960154638432169,"LOW HIGH"
22,266,5,204.046227927222,28,7,7.50027857887515,0,0.25,0.996957532200313,"LOW HIGH"
22,270,9,188.300285939024,28,7,7.50063070035479,0,0.25,0.985128365333907,"LOW HIGH"
22,274,13,206.95214468275,28,7,7.49947572226511,0,0.25,0.99773312556917,"LOW HIGH"
23,276,2,189.576555327999,28,6,6.50055370550796,0,0.25,0.986912178742384,"LOW HIGH"
23,280,6,200.130238362392,28,6,6.50100794119449,0,0.25,0.995478768917559,"LOW HIGH"
24,292,7,166.221368749982,28,5,5.50097734438056,0,0.25,0.875620052035516,"LOW HIGH"
24,296,11,174.517580457295,28,5,5.49938393927069,0,0.25,0.942346679920164,"LOW HIGH"
25,300,3,148.431401530314,28,4,4.5002217552496,0,0.25,0.536269582910304,"LOW HIGH"
25,304,7,169.89096854497,28,4,4.5002129246015,0,0.25,0.910859467689489,"LOW HIGH"
25,310,13,166.63304810724,28,4,4.50062047221475,0,0.25,0.880101329384005,"LOW HIGH"
26,314,4,143.179274726494,28,3,3.4998751498749,0,0.25,0.404216354435771,"LOW HIGH"
26,319,9,146.26199110269,28,3,3.49952845374182,0,0.25,0.481275810497214,"LOW HIGH"
18,220,8,241.956624830447,29,12,12.5011078040382,0,0.25,0.999935007389349,"LOW HIGH"
18,223,11,168.734982475998,29,12,12.5011026548156,0,0.25,0.900858892481949,"LOW HIGH"
20,247,12,211.620820197971,29,10,10.4994616288703,0,0.25,0.998587676280733,"LOW HIGH"
22,266,5,210.807496591979,29,8,8.50069594362104,0,0.25,0.998466284098395,"LOW HIGH"
22,270,9,193.684483091357,29,8,8.4998769673816,0,0.25,0.991336941236236,"LOW HIGH"
22,274,13,213.984433346327,29,8,8.49955084139068,0,0.25,0.998888673343096,"LOW HIGH"
23,280,6,209.313072985942,29,7,7.50072964495849,0,0.25,0.998215435153093,"LOW HIGH"
24,290,5,175.98093120535,29,6,6.49929909663298,0,0.25,0.949907955081383,"LOW HIGH"
24,292,7,174.61244772275,29,6,6.49970030487781,0,0.25,0.942867762010599,"LOW HIGH"
24,296,11,184.052692176932,29,6,6.50121433574068,0,0.25,0.977291551128255,"LOW HIGH"
24,297,12,173.86521408041,29,6,6.49972235823935,0,0.25,0.938640876872053,"LOW HIGH"
25,304,7,183.803138286924,29,5,5.49894567790336,0,0.25,0.976722382223448,"LOW HIGH"
25,310,13,179.899520416449,29,5,5.49854392525166,0,0.25,0.965787956177155,"LOW HIGH"
26,312,2,166.948931576481,29,4,4.50020418205863,0,0.25,0.883444660251903,"LOW HIGH"
26,316,6,162.163508439432,29,4,4.49931017047609,0,0.25,0.823404690736604,"LOW HIGH"
26,318,8,159.842301758867,29,4,4.50078217516742,0,0.25,0.786492200846102,"LOW HIGH"
26,319,9,162.443969322552,29,4,4.50013461052551,0,0.25,0.82750728972144,"LOW HIGH"
28,347,11,124.023686571441,29,2,2.49977802622925,0,0.25,0.0884394604912538,"LOW HIGH"
18,220,8,244.49065458998,30,13,13.5011109181211,0,0.25,0.999949750416612,"LOW HIGH"
18,223,11,169.389963652541,30,13,13.4994084675182,0,0.25,0.906642014148657,"LOW HIGH"
22,266,5,216.110026680423,30,9,9.50054373968033,0,0.25,0.999104207348521,"LOW HIGH"
23,280,6,216.569377639368,30,8,8.49945485890022,0,0.25,0.999144992025857,"LOW HIGH"
24,290,5,182.463673466006,30,7,7.50015235490363,0,0.25,0.973421410850143,"LOW HIGH"
24,297,12,180.133240547983,30,7,7.50102265481054,0,0.25,0.966563430304751,"LOW HIGH"
25,300,3,165.727050219981,30,6,6.50279120718763,0,0.25,0.870050116756879,"LOW HIGH"
25,304,7,194.700838583953,30,6,6.50252782204339,0,0.25,0.992179686647893,"LOW HIGH"
25,310,13,190.213937929179,30,6,6.50033723313702,0,0.25,0.987722262766171,"LOW HIGH"
26,312,2,180.277389591753,30,5,5.50049346163865,0,0.25,0.967033221843231,"LOW HIGH"
26,317,7,184.81862416417,30,5,5.50004379969962,0,0.25,0.978954839148072,"LOW HIGH"
26,319,9,174.901098402492,30,5,5.49915519569678,0,0.25,0.944426158326558,"LOW HIGH"
26,324,14,168.398980057504,30,5,5.50043768657772,0,0.25,0.897770056047038,"LOW HIGH"
27,326,2,160.447803260123,30,4,4.49856553368165,0,0.25,0.796633904728968,"LOW HIGH"
27,328,4,151.869681394897,30,4,4.49890670745437,0,0.25,0.621149549292609,"LOW HIGH"
27,330,6,132.879246116655,30,4,4.50014794922494,0,0.25,0.192520701615445,"LOW HIGH"
28,340,4,155.68960431518,30,3,3.49901406412648,0,0.25,0.707293682498363,"LOW HIGH"
28,343,7,138.515277248184,30,3,3.50064546761609,0,0.25,0.297031459569542,"LOW HIGH"
28,347,11,144.577550566602,30,3,3.49909897385646,0,0.25,0.438818855020749,"LOW HIGH"
29,356,9,127.976800057692,30,2,2.49872252965512,0,0.25,0.126587880957,"LOW HIGH"
30,362,3,102.458061563736,30,1,1.49951212945865,0,0.25,0.0107456659397462,"LOW HIGH"
18,223,11,169.86513299101,31,14,14.4997751189797,0,0.25,0.910646253060034,"LOW HIGH"
24,292,7,185.751394372772,31,8,8.49932175193563,0,0.25,0.980820006723194,"LOW HIGH"
24,297,12,184.864945069503,31,8,8.50156730186674,0,0.25,0.97905151511713,"LOW HIGH"
26,312,2,190.647608761305,31,6,6.50093327925117,0,0.25,0.98824492538101,"LOW HIGH"
26,317,7,195.870524978105,31,6,6.50000623779622,0,0.25,0.993049318689211,"LOW HIGH"
26,319,9,184.490782853051,31,6,6.50127284995629,0,0.25,0.978258016870802,"LOW HIGH"
26,324,14,177.083564059476,31,6,6.50050762559969,0,0.25,0.954974507433112,"LOW HIGH"
27,328,4,162.390115593223,31,5,5.50046825428268,0,0.25,0.826725409449216,"LOW HIGH"
28,337,1,156.16923029866,31,4,4.50035940312977,0,0.25,0.717272798942387,"LOW HIGH"
28,340,4,174.439881500847,31,4,4.50152969460615,0,0.25,0.941916578673333,"LOW HIGH"
28,343,7,152.717278165482,31,4,4.4996260622249,0,0.25,0.641179883233802,"LOW HIGH"
28,346,10,150.645207246465,31,4,4.50115299535956,0,0.25,0.591484727364804,"LOW HIGH"
28,347,11,160.31888653922,31,4,4.49917456318912,0,0.25,0.794505106783029,"LOW HIGH"
29,350,3,140.484896472612,31,3,3.50072980974587,0,0.25,0.34040409451907,"LOW HIGH"
29,355,8,152.166362920747,31,3,3.50010670342961,0,0.25,0.628211819280101,"LOW HIGH"
30,361,2,128.146927704294,31,2,2.49805321677214,0,0.25,0.128510044143685,"LOW HIGH"
24,292,7,189.376671990228,32,9,9.49985971706789,0,0.25,0.986647435504505,"LOW HIGH"
24,297,12,188.436887178363,32,9,9.49939919032162,0,0.25,0.985330198005845,"LOW HIGH"
26,312,2,198.716167442384,32,7,7.4989755455429,0,0.25,0.994784366775418,"LOW HIGH"
26,317,7,204.544287694041,32,7,7.50067206958801,0,0.25,0.997107127912603,"LOW HIGH"
27,328,4,170.276637227464,32,6,6.49834852047565,0,0.25,0.9139881354096,"LOW HIGH"
28,337,1,167.458593941525,32,5,5.49901266500344,0,0.25,0.888668269234929,"LOW HIGH"
28,340,4,189.277157639899,32,5,5.50163197646595,0,0.25,0.98651366697566,"LOW HIGH"
28,343,7,163.387268464067,32,5,5.50126781897349,0,0.25,0.84075258265851,"LOW HIGH"
28,346,10,160.95135322894,32,5,5.4997021620992,0,0.25,0.804791352066942,"LOW HIGH"
28,347,11,172.374510642854,32,5,5.50028933087307,0,0.25,0.929322885637184,"LOW HIGH"
29,348,1,161.997033399413,32,4,4.49833411465166,0,0.25,0.820933442772799,"LOW HIGH"
29,350,3,155.178992487074,32,4,4.49932952614878,0,0.25,0.6964463849511,"LOW HIGH"
29,353,6,165.947831977503,32,4,4.49938544294009,0,0.25,0.872563635699461,"LOW HIGH"
29,355,8,169.936707218352,32,4,4.50002649228832,0,0.25,0.911235812641709,"LOW HIGH"
30,360,1,140.937068709058,32,3,3.5007472172408,0,0.25,0.35078650426971,"LOW HIGH"
30,362,3,156.641010777794,32,3,3.49923522725048,0,0.25,0.726884886346506,"LOW HIGH"
30,367,8,144.774050574691,32,3,3.49940868261847,0,0.25,0.443737794716068,"LOW HIGH"
30,370,11,150.268063255786,32,3,3.49950046494813,0,0.25,0.58220074275736,"LOW HIGH"
31,384,13,145.624090200412,32,2,2.49884936319596,0,0.25,0.465131839914816,"LOW HIGH"
24,297,12,191.133329944605,33,10,10.5006745221724,0,0.25,0.988804248025328,"LOW HIGH"
26,312,2,204.993917037222,33,8,8.49959471795686,0,0.25,0.997235867125027,"LOW HIGH"
26,317,7,211.351637933513,33,8,8.49972738966249,0,0.25,0.998548600940386,"LOW HIGH"
27,328,4,176.188676817736,33,7,7.50018492957637,0,0.25,0.950902143713654,"LOW HIGH"
28,337,1,176.01583427137,33,6,6.49967835922132,0,0.25,0.950076310109855,"LOW HIGH"
28,347,11,181.60740375821,33,6,6.50033349753983,0,0.25,0.971077094987553,"LOW HIGH"
29,353,6,179.080303969714,33,5,5.50033563558949,0,0.25,0.962930602023647,"LOW HIGH"
29,355,8,183.858042627986,33,5,5.50069409612495,0,0.25,0.97684878807513,"LOW HIGH"
30,360,1,155.745231601153,33,4,4.50033299489831,0,0.25,0.708461607577203,"LOW HIGH"
30,361,2,167.561567612688,33,4,4.49877761073816,0,0.25,0.889698475608457,"LOW HIGH"
30,362,3,175.65998282545,33,4,4.50178397432627,0,0.25,0.94833446011236,"LOW HIGH"
30,365,6,149.942908701043,33,4,4.50078419806591,0,0.25,0.574149267903011,"LOW HIGH"
30,367,8,160.566502166479,33,4,4.49899442605291,0,0.25,0.798579415127369,"LOW HIGH"
30,368,9,156.639706254668,33,4,4.50086045353107,0,0.25,0.726858590886886,"LOW HIGH"
31,374,3,146.481113938771,33,3,3.50218307820773,0,0.25,0.486832111561719,"LOW HIGH"
31,377,6,141.450616287166,33,3,3.50045013732676,0,0.25,0.362751392386934,"LOW HIGH"
31,380,9,152.11664485472,33,3,3.49825125617405,0,0.25,0.627032040125168,"LOW HIGH"
31,383,12,157.57521104756,33,3,3.49963650487205,0,0.25,0.745304914968049,"LOW HIGH"
32,388,4,129.708903001059,33,2,2.50134569885674,0,0.25,0.147341485819344,"LOW HIGH"
32,389,5,127.554654066056,33,2,2.50144967903054,0,0.25,0.121924323877906,"LOW HIGH"
26,312,2,209.878325954999,34,9,9.4988308736479,0,0.25,0.998314802674577,"LOW HIGH"
28,337,1,182.502148680156,34,7,7.49847992734796,0,0.25,0.973522293254904,"LOW HIGH"
28,347,11,188.678486478341,34,7,7.49994777655123,0,0.25,0.985680582532607,"LOW HIGH"
29,353,6,189.274231694009,34,6,6.49974647088909,0,0.25,0.986509713941131,"LOW HIGH"
29,355,8,194.764054145931,34,6,6.50059993282066,0,0.25,0.992229331221129,"LOW HIGH"
30,360,1,166.957631691305,34,5,5.50099148581103,0,0.25,0.883535587482759,"LOW HIGH"
30,361,2,181.010623413425,34,5,5.50089014394083,0,0.25,0.96932581857309,"LOW HIGH"
30,362,3,190.750018330177,34,5,5.49961684480237,0,0.25,0.988365105319273,"LOW HIGH"
30,367,8,172.66859395984,34,5,5.49934142653994,0,0.25,0.931259114246333,"LOW HIGH"
30,368,9,168.01475959304,34,5,5.49998268587618,0,0.25,0.894133717765319,"LOW HIGH"
31,377,6,156.388823323327,34,4,4.50093994199819,0,0.25,0.721772238187412,"LOW HIGH"
31,380,9,169.873331717078,34,4,4.49817782180148,0,0.25,0.910713964952657,"LOW HIGH"
31,383,12,176.859696561219,34,4,4.49929606973453,0,0.25,0.953986997218395,"LOW HIGH"
32,388,4,152.482691027534,34,3,3.50106131586008,0,0.25,0.635681846092603,"LOW HIGH"
32,389,5,149.475081559955,34,3,3.49975771458894,0,0.25,0.562496675199354,"LOW HIGH"
32,395,11,145.124761229824,34,3,3.50036515258566,0,0.25,0.452543911905501,"LOW HIGH"
33,399,3,130.179395355965,34,2,2.5001936913155,0,0.25,0.153444607364166,"LOW HIGH"
26,312,2,213.678644861585,35,10,10.5010019458164,0,0.25,0.998853668462926,"LOW HIGH"
28,337,1,187.418719091633,35,8,8.49880045408085,0,0.25,0.983758467148391,"LOW HIGH"
28,347,11,194.093929959623,35,8,8.50123114810405,0,0.25,0.991686767084408,"LOW HIGH"
29,353,6,197.187148813481,35,7,7.50012379586919,0,0.25,0.993913763852836,"LOW HIGH"
29,355,8,203.307852835477,35,7,7.49969297768366,0,0.25,0.996721450459166,"LOW HIGH"
30,361,2,191.489527024317,35,6,6.50007706545082,0,0.25,0.989197618416086,"LOW HIGH"
30,362,3,202.722756444695,35,6,6.50165328724682,0,0.25,0.996521480778678,"LOW HIGH"
30,365,6,167.722718476579,35,6,6.49865042035846,0,0.25,0.891293956287584,"LOW HIGH"
30,368,9,176.647204615494,35,6,6.4984423192495,0,0.25,0.953030623133281,"LOW HIGH"
31,377,6,167.718144435269,35,5,5.50042776699987,0,0.25,0.891248951551924,"LOW HIGH"
32,387,3,158.38738922803,35,4,4.5006563738879,0,0.25,0.760639494743993,"LOW HIGH"
32,388,4,170.340041615351,35,4,4.50147336496865,0,0.25,0.914492872715732,"LOW HIGH"
32,391,7,160.02511085845,35,4,4.50010690981042,0,0.25,0.789592437516906,"LOW HIGH"
33,406,10,148.920333484787,35,3,3.50020569260509,0,0.25,0.548590171791876,"LOW HIGH"
34,411,3,139.376879285058,35,2,2.49967185990575,0,0.25,0.31561584887388,"LOW HIGH"
26,312,2,216.635486525513,36,11,11.4987601247723,0,0.25,0.999150706928637,"LOW HIGH"
28,337,1,191.145437083946,36,9,9.50096233710139,0,0.25,0.988817848333911,"LOW HIGH"
28,347,11,198.241389303504,36,9,9.49934295594288,0,0.25,0.994528196269254,"LOW HIGH"
29,353,6,203.329458140474,36,8,8.49951107369399,0,0.25,0.996728611025659,"LOW HIGH"
29,355,8,210.001087656234,36,8,8.49955105344538,0,0.25,0.998335642353431,"LOW HIGH"
30,361,2,199.654220703435,36,7,7.4987704217307,0,0.25,0.995255947790005,"LOW HIGH"
30,362,3,212.222168020891,36,7,7.49972049036781,0,0.25,0.998671216640982,"LOW HIGH"
30,365,6,173.387728391386,36,7,7.49984846001253,0,0.25,0.935788599878239,"LOW HIGH"
30,368,9,183.198304188302,36,7,7.49854334009175,0,0.25,0.975284530832491,"LOW HIGH"
31,377,6,176.310441793765,36,6,6.49898524207333,0,0.25,0.951476135309647,"LOW HIGH"
32,385,1,163.116091846249,36,5,5.5002330106486,0,0.25,0.837031549811866,"LOW HIGH"
32,387,3,170.083417358621,36,5,5.50081682135464,0,0.25,0.912433305772081,"LOW HIGH"
32,389,5,179.755969131688,36,5,5.50076716935327,0,0.25,0.965303088596448,"LOW HIGH"
33,399,3,171.180707279068,36,4,4.4984800363769,0,0.25,0.920935405334956,"LOW HIGH"
33,401,5,173.706024548811,36,4,4.4988293686233,0,0.25,0.937703362060654,"LOW HIGH"
33,407,11,160.310003980054,36,4,4.50308507946101,0,0.25,0.794357822728019,"LOW HIGH"
34,409,1,149.891853240641,36,3,3.49959520802973,0,0.25,0.572881338825927,"LOW HIGH"
34,417,9,147.200646418496,36,3,3.49849171911468,0,0.25,0.505092850895253,"LOW HIGH"
34,418,10,144.833565958724,36,3,3.49842122918476,0,0.25,0.445229854168473,"LOW HIGH"
35,430,12,125.561335982405,36,2,2.50056206371496,0,0.25,0.101860739669409,"LOW HIGH"
26,312,2,218.93605993539,37,12,12.5002059350547,0,0.25,0.999327502386783,"LOW HIGH"
28,337,1,193.970257198757,37,10,10.499712509485,0,0.25,0.99158260564082,"LOW HIGH"
29,353,6,208.09735388598,37,9,9.50064798772931,0,0.25,0.99798145888105,"LOW HIGH"
29,355,8,215.244585776175,37,9,9.50137486090643,0,0.25,0.999022012418635,"LOW HIGH"
30,361,2,206.015785362215,37,8,8.49905673661012,0,0.25,0.997507598498846,"LOW HIGH"
30,362,3,219.759192503582,37,8,8.50008699776271,0,0.25,0.999381388237077,"LOW HIGH"
30,365,6,177.612836877776,37,8,8.49975660907692,0,0.25,0.957229482871871,"LOW HIGH"
31,377,6,182.826946460492,37,7,7.50012259977984,0,0.25,0.974359197513558,"LOW HIGH"
32,385,1,171.097057870926,37,6,6.49970680925258,0,0.25,0.920314777226838,"LOW HIGH"
32,387,3,178.998358371471,37,6,6.50048307807144,0,0.25,0.962632466192328,"LOW HIGH"
32,389,5,190.049224972669,37,6,6.49905462979308,0,0.25,0.987517791563102,"LOW HIGH"
33,401,5,188.39221277222,37,5,5.49901859740724,0,0.25,0.985264488869212,"LOW HIGH"
34,409,1,167.042289218516,37,4,4.49956476452375,0,0.25,0.884417154614511,"LOW HIGH"
34,410,2,155.508539024913,37,4,4.49828658933187,0,0.25,0.703473205666063,"LOW HIGH"
34,417,9,163.630591658834,37,4,4.499290357302,0,0.25,0.844032523664028,"LOW HIGH"
35,419,1,151.068174798737,37,3,3.50141251294107,0,0.25,0.601819336437502,"LOW HIGH"
35,425,7,143.509452474337,37,3,3.50039282285382,0,0.25,0.412314970164474,"LOW HIGH"
26,312,2,220.72602321912,38,13,13.4984558167292,0,0.25,0.999439196209214,"LOW HIGH"
28,337,1,196.111446496552,38,11,11.4991604844936,0,0.25,0.993216139571237,"LOW HIGH"
30,361,2,210.972432420678,38,9,9.5010211273054,0,0.25,0.998491715928274,"LOW HIGH"
30,362,3,225.739219539682,38,9,9.50002505760599,0,0.25,0.999662828035437,"LOW HIGH"
30,365,6,180.76403025435,38,9,9.50060979735496,0,0.25,0.968572569107683,"LOW HIGH"
31,377,6,187.769144256928,38,8,8.50009162027234,0,0.25,0.98431727034778,"LOW HIGH"
32,385,1,177.089570281354,38,7,7.50024981746105,0,0.25,0.955000721577612,"LOW HIGH"
32,387,3,185.793500480845,38,7,7.49913192121525,0,0.25,0.980900265948146,"LOW HIGH"
32,389,5,198.049790440237,38,7,7.50027650210161,0,0.25,0.994421308124083,"LOW HIGH"
33,401,5,199.994798760929,38,6,6.50047096233826,0,0.25,0.995416452673399,"LOW HIGH"
34,409,1,180.389092334757,38,5,5.49965367126114,0,0.25,0.967392877879611,"LOW HIGH"
34,413,5,178.98185851599,38,5,5.49911271981158,0,0.25,0.962572158006604,"LOW HIGH"
34,417,9,176.314579319335,38,5,5.50056244938764,0,0.25,0.951495527022271,"LOW HIGH"
35,423,5,164.039584045161,38,4,4.49906236023811,0,0.25,0.849421309635486,"LOW HIGH"
35,425,7,158.974277371513,38,4,4.50019540284924,0,0.25,0.771319502062381,"LOW HIGH"
36,432,2,141.412959493855,38,3,3.49983493000986,0,0.25,0.361868032830701,"LOW HIGH"
36,437,7,154.391323525132,38,3,3.49827689384083,0,0.25,0.679278630341056,"LOW HIGH"
36,439,9,138.56272673144,38,3,3.50112887609714,0,0.25,0.29803838757777,"LOW HIGH"
36,441,11,145.344499574478,38,3,3.50013418836706,0,0.25,0.458076934640096,"LOW HIGH"
37,444,3,121.434727939063,38,2,2.50106251694189,0,0.25,0.0694154881231228,"LOW HIGH"
26,312,2,222.118705818746,39,14,14.4994743066988,0,0.25,0.999513107836342,"LOW HIGH"
28,337,1,197.734449527773,39,12,12.4997117108153,0,0.25,0.994240848570526,"LOW HIGH"
30,361,2,214.834430432167,39,10,10.4999740414007,0,0.25,0.99898046753534,"LOW HIGH"
30,362,3,230.483893440451,39,10,10.5004665628446,0,0.25,0.999791699039336,"LOW HIGH"
30,365,6,183.114270426537,39,10,10.5002219305507,0,0.25,0.975078030552079,"LOW HIGH"
32,385,1,181.589051281286,39,8,8.4977965187869,0,0.25,0.971024713704696,"LOW HIGH"
32,387,3,190.972890475689,39,8,8.49996583180217,0,0.25,0.988622469904636,"LOW HIGH"
33,401,5,209.161234569697,39,7,7.50056564969403,0,0.25,0.998187760463754,"LOW HIGH"
34,409,1,190.775834319245,39,6,6.50066608565893,0,0.25,0.988395208845046,"LOW HIGH"
34,413,5,189.161351917321,39,6,6.4996716044855,0,0.25,0.986356334627455,"LOW HIGH"
34,417,9,186.106671783329,39,6,6.50047088643637,0,0.25,0.981486960468492,"LOW HIGH"
35,419,1,182.18025718683,39,5,5.49900554609805,0,0.25,0.972666685538538,"LOW HIGH"
35,423,5,176.802203641224,39,5,5.50220672923719,0,0.25,0.953730080022339,"LOW HIGH"
35,425,7,170.779030402588,39,5,5.49862184465386,0,0.25,0.917914398682586,"LOW HIGH"
36,431,1,181.408770008683,39,4,4.50135436693482,0,0.25,0.970505242346695,"LOW HIGH"
36,433,3,161.174290317219,39,4,4.49754532688013,0,0.25,0.808322898262644,"LOW HIGH"
36,437,7,172.777732801665,39,4,4.49977586322854,0,0.25,0.931965097922702,"LOW HIGH"
36,439,9,152.776491154233,39,4,4.5009325535171,0,0.25,0.642561884508968,"LOW HIGH"
37,449,8,135.676169196335,39,3,3.50102164365989,0,0.25,0.2405374027074,"LOW HIGH"
37,450,9,154.781286906749,39,3,3.49931053509841,0,0.25,0.68784261787225,"LOW HIGH"
37,451,10,147.320517952228,39,3,3.50007208442779,0,0.25,0.508135019585407,"LOW HIGH"
30,361,2,217.843526796064,40,11,11.5001209107848,1.4584403107164,0.25,0.999248668353747,"LOW HIGH"
30,362,3,234.248413281037,40,11,11.5006380185105,1.4584403107164,0.25,0.999857857585127,"LOW HIGH"
30,365,6,184.867139326308,40,11,11.5005791383053,1.4584403107164,0.25,0.979056083934787,"LOW HIGH"
32,385,1,184.967488885106,40,9,9.49989786465516,1.4584403107164,0.25,0.979263989983823,"LOW HIGH"
32,387,3,194.920722660345,40,9,9.50094220270092,1.4584403107164,0.25,0.992351022775565,"LOW HIGH"
33,401,5,216.4030292453,40,8,8.49942792224829,1.4584403107164,0.25,0.999130441179551,"LOW HIGH"
34,409,1,198.858999112548,40,7,7.50042583393456,1.4584403107164,0.25,0.994859072246858,"LOW HIGH"
34,413,5,197.061541725951,40,7,7.50023951247568,1.4584403107164,0.25,0.993836129390715,"LOW HIGH"
34,417,9,193.66620884611,40,7,7.49842852452899,1.4584403107164,0.25,0.991320992270096,"LOW HIGH"
35,419,1,192.833634098175,40,6,6.50013144077433,1.4584403107164,0.25,0.990562649952212,"LOW HIGH"
35,425,7,179.789943558811,40,6,6.50000410191348,1.4584403107164,0.25,0.965418437713299,"LOW HIGH"
36,436,6,175.043514988095,40,5,5.5012948449209,1.4584403107164,0.25,0.945180232448295,"LOW HIGH"
36,437,7,187.273816352258,40,5,5.50011890103569,1.4584403107164,0.25,0.983521716715617,"LOW HIGH"
36,439,9,163.456966743338,40,5,5.50071852313054,1.4584403107164,0.25,0.841697773332354,"LOW HIGH"
37,444,3,155.839358408867,40,4,4.50021069579292,1.4584403107164,0.25,0.710431589784895,"LOW HIGH"
37,449,8,149.182560135483,40,4,4.500165859088,1.4584403107164,0.25,0.555174528069574,"LOW HIGH"
37,450,9,173.276651794387,40,4,4.50165719066298,1.4584403107164,0.25,0.935107592041773,"LOW HIGH"
37,451,10,163.782254293277,40,4,4.49780974131944,1.4584403107164,0.25,0.846048907385066,"LOW HIGH"
38,461,10,156.034370049438,40,3,3.49917667852803,1.4584403107164,0.25,0.714487783289715,"LOW HIGH"
39,465,1,132.254151781681,40,2,2.50018670284563,1.4584403107164,0.25,0.182846337543777,"LOW HIGH"
39,469,5,140.9981136339,40,2,2.49972483844652,1.4584403107164,0.25,0.352199318246766,"LOW HIGH"
35,425,7,186.668237047482,41,7,7.49930142092432,1.45765715161902,0.25,0.982495030298956,"LOW HIGH"
36,439,9,171.482466211061,41,6,6.49898663114717,1.45765715161902,0.25,0.923137708984629,"LOW HIGH"
39,473,9,141.503183612206,41,3,3.49948955561822,1.45765715161902,0.25,0.363986075881591,"LOW HIGH"
40,479,5,133.794709087774,41,2,2.49991504960217,1.45765715161902,0.25,0.207384349094414,"LOW HIGH"
40,481,7,126.299755188943,41,2,2.49954132869585,1.45765715161902,0.25,0.108927323054973,"LOW HIGH"
37,449,8,166.717957422128,42,6,6.49800278879313,1.38046470566897,0.25,0.881008070816615,"LOW HIGH"
38,457,6,157.573921191856,42,5,5.49831039728198,1.38046470566897,0.25,0.745280054220119,"LOW HIGH"
39,467,3,159.863706422689,42,4,4.5011258922616,1.38046470566897,0.25,0.786856913345074,"LOW HIGH"
40,479,5,158.227438045455,42,3,3.50150942243693,1.38046470566897,0.25,0.757670181625856,"LOW HIGH"
40,480,6,149.172737939692,42,3,3.5000868473853,1.38046470566897,0.25,0.554928232732991,"LOW HIGH"
40,482,8,152.402786051691,42,3,3.50087388709482,1.38046470566897,0.25,0.633800906070148,"LOW HIGH"
41,497,12,144.071464955367,42,2,2.50096579096419,1.38046470566897,0.25,0.426207594630975,"LOW HIGH"
37,449,8,172.287227635996,43,7,7.49883228784426,1.43848516613647,0.25,0.928738590392498,"LOW HIGH"
40,475,1,153.874493602885,43,4,4.49881802173171,1.43848516613647,0.25,0.667740578144645,"LOW HIGH"
41,486,1,147.327788669137,43,3,3.49933838227417,1.43848516613647,0.25,0.508319522910607,"LOW HIGH"
41,487,2,151.323558650947,43,3,3.50155482193714,1.43848516613647,0.25,0.608016242868921,"LOW HIGH"
41,492,7,161.145838943284,43,3,3.50057976683141,1.43848516613647,0.25,0.807874927572322,"LOW HIGH"
41,495,10,151.900339687462,43,3,3.49838707447885,1.43848516613647,0.25,0.621881787537881,"LOW HIGH"
41,498,13,147.339524303115,43,3,3.50020364718347,1.43848516613647,0.25,0.508617324158979,"LOW HIGH"
42,508,10,137.433371086716,43,2,2.50093807982466,1.43848516613647,0.25,0.274616960738809,"LOW HIGH"
37,449,8,176.432482914976,44,8,8.50046186295751,1.45952328242895,0.25,0.95204503500951,"LOW HIGH"
41,486,1,163.791454180087,44,4,4.49905821858326,1.45952328242895,0.25,0.846170532957967,"LOW HIGH"
41,498,13,163.806303897485,44,4,4.50063935375606,1.45952328242895,0.25,0.84636668529521,"LOW HIGH"
42,501,3,159.265807432565,44,3,3.50020207821426,1.45952328242895,0.25,0.776498503224143,"LOW HIGH"
42,505,7,152.805942216863,44,3,3.49955503226994,1.45952328242895,0.25,0.64324837722087,"LOW HIGH"
42,508,10,163.387621066795,44,3,3.49851621239088,1.45952328242895,0.25,0.840757375858377,"LOW HIGH"
42,509,11,162.096832292288,44,3,3.50013157784808,1.45952328242895,0.25,0.822418143752067,"LOW HIGH"
43,514,3,130.441234172493,44,2,2.49978264911007,1.45952328242895,0.25,0.156929902659891,"LOW HIGH"
43,515,4,131.692513174009,44,2,2.50094966774871,1.45952328242895,0.25,0.174479686173912,"LOW HIGH"
37,449,8,179.517831743108,45,9,9.4992674397556,1.40198573616844,0.25,0.964484097947461,"LOW HIGH"
42,504,6,160.92477674415,45,4,4.50012113197716,1.40198573616844,0.25,0.804367082855332,"LOW HIGH"
42,509,11,182.689783289542,45,4,4.49767200522536,1.40198573616844,0.25,0.974008958716068,"LOW HIGH"
43,514,3,153.50848382521,45,3,3.49884863193459,1.40198573616844,0.25,0.659444980090091,"LOW HIGH"
43,519,8,142.077060436498,45,3,3.50155375352079,1.40198573616844,0.25,0.377578795724318,"LOW HIGH"
43,522,11,143.019870213765,45,3,3.50038987024086,1.40198573616844,0.25,0.400324779208849,"LOW HIGH"
44,527,4,137.56603012111,45,2,2.49895151695991,1.40198573616844,0.25,0.277308185464289,"LOW HIGH"
44,532,9,127.176325249168,45,2,2.50040682107221,1.40198573616844,0.25,0.117871275312224,"LOW HIGH"
37,449,8,181.814283167831,46,10,10.5000857786805,1.34264537002159,0.25,0.971661246407628,"LOW HIGH"
42,509,11,199.273838227987,46,5,5.49881444962161,1.34264537002159,0.25,0.995070063945469,"LOW HIGH"
44,525,2,146.075546307234,46,3,3.50090368675815,1.34264537002159,0.25,0.476551716979545,"LOW HIGH"
44,532,9,148.94841554079,46,3,3.50009763633083,1.34264537002159,0.25,0.549296151204687,"LOW HIGH"
44,533,10,151.570130204878,46,3,3.50110674008729,1.34264537002159,0.25,0.613966494558651,"LOW HIGH"
45,536,2,138.613926505525,47,3,3.50072318970274,1.45447814170035,0.25,0.299127100537434,"LOW HIGH"
45,542,8,144.140225405825,47,3,3.50174178096324,1.45447814170035,0.25,0.427915804725749,"LOW HIGH"
46,549,5,134.285930543935,47,2,2.49949037001869,1.45447814170035,0.25,0.215702255660883,"LOW HIGH"
46,553,9,121.001293476161,47,2,2.50086281258246,1.45447814170035,0.25,0.0666260356046035,"LOW HIGH"
45,536,2,152.840389263448,48,4,4.50104154549804,1.40958406461804,0.25,0.644050578288432,"LOW HIGH"
45,537,3,144.039789439127,48,4,4.50043663186209,1.40958406461804,0.25,0.42542127193353,"LOW HIGH"
45,539,5,159.419366421106,48,4,4.50092666807397,1.40958406461804,0.25,0.779192666465311,"LOW HIGH"
45,542,8,159.768073346587,48,4,4.49917887619447,1.40958406461804,0.25,0.785223907930018,"LOW HIGH"
46,549,5,158.921649320279,48,3,3.50145862593968,1.40958406461804,0.25,0.770375627362329,"LOW HIGH"
46,553,9,140.417434780417,48,3,3.49916586305521,1.40958406461804,0.25,0.338867857141103,"LOW HIGH"
48,574,11,97.2894411195878,48,1,1.50120776436129,1.40958406461804,0.25,0.00638605978938112,"LOW HIGH"
45,536,2,163.532185236045,49,5,5.49908840643778,1.42392539527939,0.25,0.842712708804846,"LOW HIGH"
46,553,9,155.094547609466,49,4,4.49926933508318,1.42392539527939,0.25,0.694630742171465,"LOW HIGH"
47,557,4,157.564604936212,49,3,3.49887227370258,1.42392539527939,0.25,0.745100444783654,"LOW HIGH"
47,559,6,138.411530323197,49,3,3.50013327184425,1.42392539527939,0.25,0.294836701808322,"LOW HIGH"
47,562,9,153.339358499236,49,3,3.49960215551878,1.42392539527939,0.25,0.655578114622473,"LOW HIGH"
48,573,10,139.464689427123,49,2,2.50145718901635,1.42392539527939,0.25,0.317544792901627,"LOW HIGH"
47,562,9,171.433304415938,50,4,4.50027976256706,1.55293392885902,0.25,0.922782789821464,"LOW HIGH"
48,566,3,152.269645204767,50,3,3.50124607086451,1.55293392885902,0.25,0.630657752458943,"LOW HIGH"
48,573,10,166.286250768613,50,3,3.49940801109498,1.55293392885902,0.25,0.876335734054979,"LOW HIGH"
48,567,4,157.331404877755,51,4,4.50059546934473,1.54096005284851,0.25,0.740577467519306,"LOW HIGH"
48,574,11,160.611205913969,51,4,4.50129469839089,1.54096005284851,0.25,0.799308505808004,"LOW HIGH"
49,580,6,160.623446714667,51,3,3.49936885000861,1.54096005284851,0.25,0.799507800718683,"LOW HIGH"
49,581,7,161.025590122323,51,3,3.49969316197323,1.54096005284851,0.25,0.805972782275368,"LOW HIGH"
50,583,2,125.330297324848,51,2,2.499992551489,1.54096005284851,0.25,0.0997346444329554,"LOW HIGH"
50,584,3,134.097872034639,51,2,2.49915520727462,1.54096005284851,0.25,0.212489564817354,"LOW HIGH"
48,572,9,152.137206717167,52,5,5.50059867384221,1.28151972187847,0.25,0.627520144779463,"LOW HIGH"
50,583,2,146.38517261874,52,3,3.50012799943168,1.28151972187847,0.25,0.484398844361939,"LOW HIGH"
50,585,4,143.892168358312,52,3,3.50033927206872,1.28151972187847,0.25,0.421761716097352,"LOW HIGH"
50,591,10,166.892315482679,52,3,3.49977592044362,1.28151972187847,0.25,0.882851443906765,"LOW HIGH"
50,585,4,159.455812184024,53,4,4.50141198119185,1.27580503005281,0.25,0.77982867216714,"LOW HIGH"
51,596,4,151.261595141475,53,3,3.49938919130231,1.27580503005281,0.25,0.606515806378198,"LOW HIGH"
51,603,11,137.732612498943,53,3,3.49871099631684,1.27580503005281,0.25,0.280710527010548,"LOW HIGH"
52,612,8,116.406426452894,53,2,2.50068696035025,1.27580503005281,0.25,0.0428506636944822,"LOW HIGH"
50,587,6,161.773182860127,54,5,5.49988312531505,1.36839639843316,0.25,0.817567972596778,"LOW HIGH"
52,606,2,149.033279160884,54,3,3.50061613134745,1.36839639843316,0.25,0.551428394814397,"LOW HIGH"
52,613,9,144.56689441726,54,3,3.50073452871603,1.36839639843316,0.25,0.438552436495328,"LOW HIGH"
51,597,5,160.370418689551,55,5,5.50005536873268,1.28162440223357,0.25,0.795358031837357,"LOW HIGH"
52,612,8,147.28936951206,55,4,4.50003070760577,1.28162440223357,0.25,0.507344565397463,"LOW HIGH"
53,620,4,165.649749570864,55,3,3.49948268360442,1.28162440223357,0.25,0.869160160204105,"LOW HIGH"
54,628,3,132.132441310462,55,2,2.49954089576468,1.28162440223357,0.25,0.181007183029261,"LOW HIGH"
54,630,5,142.801978895351,55,2,2.49951104104555,1.28162440223357,0.25,0.395025719973935,"LOW HIGH"
53,625,9,156.820875958445,56,4,4.49882621772216,1.22927162188587,0.25,0.730495285942718,"LOW HIGH"
54,626,1,154.862999150327,56,3,3.49752372419693,1.22927162188587,0.25,0.689621206907264,"LOW HIGH"
54,630,5,171.076068817642,56,3,3.50132669711255,1.22927162188587,0.25,0.920158354226076,"LOW HIGH"
54,633,8,137.71109703441,56,3,3.50134494712054,1.22927162188587,0.25,0.2802696580496,"LOW HIGH"
54,632,7,164.814608321651,57,4,4.50172629605951,1.48085941424603,0.25,0.859211888621376,"LOW HIGH"
54,634,9,154.693373518164,57,4,4.50013362141297,1.48085941424603,0.25,0.685922852416435,"LOW HIGH"
55,636,1,150.07545953226,57,3,3.49860507009535,1.48085941424603,0.25,0.577436493483936,"LOW HIGH"
55,639,4,165.003682947831,57,3,3.5001993820199,1.48085941424603,0.25,0.861518138017784,"LOW HIGH"
55,642,7,154.67450939144,57,3,3.50169380795091,1.48085941424603,0.25,0.685510083083344,"LOW HIGH"
55,643,8,148.456747885841,57,3,3.49914851581066,1.48085941424603,0.25,0.53690950640601,"LOW HIGH"
56,651,8,122.908004957544,57,2,2.49847546321765,1.48085941424603,0.25,0.0797229283678169,"LOW HIGH"
54,629,4,153.942278945753,58,5,5.49936229213467,1.37282768373154,0.25,0.66926576352326,"LOW HIGH"
56,645,2,139.363711670662,58,3,3.49890475033907,1.37282768373154,0.25,0.315327137895729,"LOW HIGH"
57,659,6,130.012078812997,58,2,2.50010436877007,1.37282768373154,0.25,0.151250839116557,"LOW HIGH"
54,629,4,160.770149261225,59,6,6.50219252533776,1.55106801123856,0.25,0.801884757279877,"LOW HIGH"
56,645,2,153.776735205089,59,4,4.50074076752026,1.55106801123856,0.25,0.665534789930562,"LOW HIGH"
56,649,6,153.427610566914,59,4,4.50085221340433,1.55106801123856,0.25,0.657598511686649,"LOW HIGH"
57,655,2,158.711117929448,59,3,3.49949695234134,1.55106801123856,0.25,0.7665724849906,"LOW HIGH"
57,665,12,134.296222314768,59,3,3.50016948824679,1.55106801123856,0.25,0.215879087033712,"LOW HIGH"
54,629,4,165.789499238583,60,7,7.50187952259951,1.35573059789883,0.25,0.870765322645432,"LOW HIGH"
57,663,10,164.064708165884,60,4,4.50087777801817,1.35573059789883,0.25,0.849747292619941,"LOW HIGH"
57,665,12,147.470398748476,60,4,4.50041661330659,1.35573059789883,0.25,0.51193790675964,"LOW HIGH"
54,629,4,169.479357573782,61,8,8.50046480123793,1.22887108566803,0.25,0.907407429085071,"LOW HIGH"
57,665,12,157.230710234731,61,5,5.49823223357227,1.22887108566803,0.25,0.738608426181711,"LOW HIGH"
59,682,7,147.757005429152,61,3,3.49854759406947,1.22887108566803,0.25,0.519205686514991,"LOW HIGH"
60,686,1,129.118720652348,61,2,2.49968270470077,1.22887108566803,0.25,0.139971243994204,"LOW HIGH"
59,678,3,162.258062181822,62,4,4.50113058473416,1.37425023655585,0.25,0.824796328362209,"LOW HIGH"
59,682,7,164.33474010447,62,4,4.50078811434848,1.37425023655585,0.25,0.853214343606367,"LOW HIGH"
59,684,9,171.550148118006,62,4,4.50029364807374,1.37425023655585,0.25,0.923623885825406,"LOW HIGH"
60,686,1,151.6572493967,62,3,3.5005405471175,1.37425023655585,0.25,0.616060836827616,"LOW HIGH"
60,690,5,150.583493387294,62,3,3.49933441105004,1.37425023655585,0.25,0.589969817817242,"LOW HIGH"
61,698,3,135.991555217912,62,2,2.50216543588834,1.37425023655585,0.25,0.246435636614594,"LOW HIGH"
60,695,10,150.053424491438,63,4,4.49895917781659,1.57050154624157,0.25,0.576890497183072,"LOW HIGH"
61,698,3,161.337962215123,63,3,3.49985587828706,1.57050154624157,0.25,0.810884457088984,"LOW HIGH"
61,699,4,134.864839658157,63,3,3.49979823725594,1.57050154624157,0.25,0.225812043595378,"LOW HIGH"
61,701,6,149.581146322501,63,3,3.50055292967316,1.57050154624157,0.25,0.565145057117636,"LOW HIGH"
62,707,2,125.853595615346,63,2,2.49891523215386,1.57050154624157,0.25,0.104607704470818,"LOW HIGH"
61,701,6,166.647679175599,64,4,4.50188875490043,1.57538713223592,0.25,0.880257998145191,"LOW HIGH"
62,710,5,146.92752468456,64,3,3.50088712985484,1.57538713223592,0.25,0.498160360509724,"LOW HIGH"
62,711,6,152.898613286066,64,3,3.49954988507969,1.57538713223592,0.25,0.645404657572714,"LOW HIGH"
63,726,12,120.552685866022,64,2,2.50096547112151,1.57538713223592,0.25,0.0638488300204747,"LOW HIGH"
63,715,1,146.172711831091,65,3,3.49942310829839,1.47135200075781,0.25,0.479013203874928,"LOW HIGH"
63,722,8,142.877832939406,65,3,3.50014816034059,1.47135200075781,0.25,0.396867741470836,"LOW HIGH"
63,726,12,139.802492045942,65,3,3.49911434896376,1.47135200075781,0.25,0.325023562641312,"LOW HIGH"
63,723,9,151.333881817251,66,4,4.5004341337573,1.51980271556414,0.25,0.608266019343218,"LOW HIGH"
64,727,1,149.917020234328,66,3,3.50050692114572,1.51980271556414,0.25,0.573506465477547,"LOW HIGH"
65,739,3,121.577406212715,66,2,2.5005604375291,1.51980271556414,0.25,0.0703571270977606,"LOW HIGH"
65,746,10,163.344405295652,67,3,3.49868447277589,1.33242694676152,0.25,0.84016903911314,"LOW HIGH"
65,737,1,147.554078987006,68,4,4.49904103748485,1.62270293874861,0.25,0.514060531281398,"LOW HIGH"
65,743,7,148.08409908732,68,4,4.5003321372606,1.62270293874861,0.25,0.527490040345536,"LOW HIGH"
66,749,3,151.284752592267,68,3,3.49961534382203,1.62270293874861,0.25,0.607076797221518,"LOW HIGH"
66,755,9,158.583837248666,68,3,3.50093176208947,1.62270293874861,0.25,0.764252073740563,"LOW HIGH"
67,759,4,125.888787476173,68,2,2.49981994785323,1.62270293874861,0.25,0.104942853025916,"LOW HIGH"
65,743,7,157.948818954003,69,5,5.50047878641959,1.47433007669936,0.25,0.75243838850596,"LOW HIGH"
66,749,3,168.813628975793,69,4,4.49986254532678,1.47433007669936,0.25,0.901569785536604,"LOW HIGH"
67,759,4,147.159490996259,69,3,3.49965148072884,1.47433007669936,0.25,0.504048286588939,"LOW HIGH"
68,765,1,136.797264722368,69,2,2.50086813334603,1.47433007669936,0.25,0.26194032311322,"LOW HIGH"
68,769,5,132.704274762062,69,2,2.4987930085921,1.47433007669936,0.25,0.189774052816465,"LOW HIGH"
68,772,8,126.846012308215,69,2,2.50131463771862,1.47433007669936,0.25,0.114428572662206,"LOW HIGH"
67,762,7,153.66461426409,70,4,4.49825026741412,1.23466293562293,0.25,0.662995995836086,"LOW HIGH"
68,765,1,162.482546758213,70,3,3.50065891215563,1.23466293562293,0.25,0.828065661140243,"LOW HIGH"
68,766,2,150.167849510757,70,3,3.50090758746946,1.23466293562293,0.25,0.579723709075783,"LOW HIGH"
68,767,3,135.816574758719,70,3,3.50014666490117,1.23466293562293,0.25,0.243151247860916,"LOW HIGH"
68,771,7,147.582131900676,70,3,3.50078567794112,1.23466293562293,0.25,0.514772008969134,"LOW HIGH"
68,773,9,151.841760734002,70,3,3.49880381172755,1.23466293562293,0.25,0.620482215486089,"LOW HIGH"
69,775,2,132.643999628721,70,2,2.500715969418,1.23466293562293,0.25,0.188834847329242,"LOW HIGH"
68,766,2,167.392972668823,71,4,4.49998176842441,1.40449115643864,0.25,0.888007374443181,"LOW HIGH"
69,775,2,156.604182560952,71,3,3.49897849859611,1.40449115643864,0.25,0.726141927562329,"LOW HIGH"
69,780,7,137.920026767119,71,3,3.49935924821194,1.40449115643864,0.25,0.284568617961567,"LOW HIGH"
69,782,9,147.516301182686,71,3,3.49906728697026,1.40449115643864,0.25,0.513102321502226,"LOW HIGH"
70,783,1,144.595815490291,71,2,2.50016693579623,1.40449115643864,0.25,0.43927558542824,"LOW HIGH"
70,785,3,148.306196794298,71,2,2.5006053381902,1.40449115643864,0.25,0.533106806429339,"LOW HIGH"
69,775,2,175.612721521732,72,4,4.50010009874702,1.37060040426198,0.25,0.948098842768572,"LOW HIGH"
69,782,9,164.030021625706,72,4,4.49929664375569,1.37060040426198,0.25,0.849297085396714,"LOW HIGH"
70,786,4,145.245584859189,72,3,3.49910159962666,1.37060040426198,0.25,0.455584894332764,"LOW HIGH"
70,791,9,174.799143193269,72,3,3.50076800630554,1.37060040426198,0.25,0.943880336205423,"LOW HIGH"
70,786,4,161.161007339509,73,4,4.50024623356372,1.21092784745128,0.25,0.808113855238153,"LOW HIGH"
70,791,9,199.271447653172,73,4,4.49890332659182,1.21092784745128,0.25,0.995068873103767,"LOW HIGH"
71,794,1,154.417842889086,74,4,4.50037499984948,1.49125652829344,0.25,0.679864948924621,"LOW HIGH"
72,812,9,162.895710686625,74,3,3.50037630340941,1.49125652829344,0.25,0.8339562057332,"LOW HIGH"
73,813,1,130.783830808537,74,2,2.49921835435396,1.49125652829344,0.25,0.161587120873191,"LOW HIGH"
73,818,6,140.818696917651,74,2,2.49859333621252,1.49125652829344,0.25,0.348054383825154,"LOW HIGH"
74,833,8,98.5529272829512,74,1,1.4996058565731,1.49125652829344,0.25,0.00725382192034984,"LOW HIGH"
73,820,8,144.22220991189,75,3,3.5007067044739,1.20630160566724,0.25,0.429954783865952,"LOW HIGH"
73,825,13,151.764589770994,75,3,3.49980141922838,1.20630160566724,0.25,0.618635381308421,"LOW HIGH"
73,825,13,169.424704486313,76,4,4.50019101363065,1.63098580108237,0.25,0.906940146548084,"LOW HIGH"
74,833,8,147.657768800814,76,3,3.49949504075379,1.63098580108237,0.25,0.516690004773082,"LOW HIGH"
75,837,2,127.653495471728,76,2,2.49951104803139,1.63098580108237,0.25,0.123002806270496,"LOW HIGH"
76,844,1,128.456183984955,77,2,2.49965918679152,1.60403094684856,0.25,0.132067848801695,"LOW HIGH"
76,848,5,128.148941710757,77,2,2.50060505791632,1.60403094684856,0.25,0.128532947433575,"LOW HIGH"
76,848,5,150.303305062127,78,3,3.49981670162576,1.46814653040217,0.25,0.583070854352925,"LOW HIGH"
76,850,7,137.925570808601,78,3,3.49970183956017,1.46814653040217,0.25,0.284683232228144,"LOW HIGH"
76,848,5,167.565137865821,79,4,4.4989390474296,1.24271696485492,0.25,0.889734044192751,"LOW HIGH"
76,850,7,151.981751311351,79,4,4.50064004487645,1.24271696485492,0.25,0.623823507636763,"LOW HIGH"
76,852,9,175.390873949355,79,4,4.50057966214733,1.24271696485492,0.25,0.946979206172128,"LOW HIGH"
77,860,5,139.610140944154,79,3,3.50137704796431,1.24271696485492,0.25,0.320753764231564,"LOW HIGH"
77,861,6,149.828308803324,79,3,3.49858608613152,1.24271696485492,0.25,0.571301917220344,"LOW HIGH"
77,862,7,137.134071167476,79,3,3.49916441731478,1.24271696485492,0.25,0.268605107883147,"LOW HIGH"
79,878,4,98.1683440496198,79,1,1.49890246107392,1.24271696485492,0.25,0.00697797434009424,"LOW HIGH"
77,862,7,150.995632433183,80,4,4.50061962618128,1.35317591213523,0.25,0.600053028462964,"LOW HIGH"
77,865,10,161.787262223338,80,4,4.49820202318597,1.35317591213523,0.25,0.81778108824693,"LOW HIGH"
78,868,3,146.503022074651,80,3,3.49968849502153,1.35317591213523,0.25,0.487387838203236,"LOW HIGH"
78,869,4,134.706316400073,80,3,3.49933497648475,1.35317591213523,0.25,0.22301068084074,"LOW HIGH"
78,873,8,157.566973551123,80,3,3.50201519807641,1.35317591213523,0.25,0.745146117550228,"LOW HIGH"
78,870,5,165.577668465892,81,4,4.50033037405644,1.35331038089963,0.25,0.868325636266362,"LOW HIGH"
81,893,6,125.56699542,82,2,2.49997002497127,1.56268207000386,0.25,0.101913320531065,"LOW HIGH"
80,880,1,164.691049812653,83,4,4.50043754052497,1.38195018262902,0.25,0.857687487435342,"LOW HIGH"
81,888,1,158.516232201063,83,3,3.50090388505309,1.38195018262902,0.25,0.763013120420538,"LOW HIGH"
81,892,5,141.963703303188,83,3,3.49960958470403,1.38195018262902,0.25,0.374877767544485,"LOW HIGH"
81,893,6,146.713220000685,83,3,3.50024388052341,1.38195018262902,0.25,0.492721150393588,"LOW HIGH"
81,894,7,149.618039085678,83,3,3.50050477496524,1.38195018262902,0.25,0.566065387198812,"LOW HIGH"
82,904,6,132.310457767301,83,2,2.50007182175006,1.38195018262902,0.25,0.183702066217971,"LOW HIGH"
80,880,1,177.579384356178,84,5,5.49878774483039,1.22369178640884,0.25,0.957090209353338,"LOW HIGH"
82,899,1,157.892469068425,84,3,3.50099723885751,1.22369178640884,0.25,0.751371108541122,"LOW HIGH"
82,904,6,156.134448678454,84,3,3.50038809946893,1.22369178640884,0.25,0.716556095929055,"LOW HIGH"
82,907,9,152.354201390189,84,3,3.50069251492234,1.22369178640884,0.25,0.632655235589818,"LOW HIGH"
83,914,7,146.378676190294,85,3,3.50009056258872,1.43675054143536,0.25,0.484234107148556,"LOW HIGH"
83,912,5,154.236909654726,86,4,4.49983968235898,1.61023425994453,0.25,0.67585347555367,"LOW HIGH"
84,915,1,152.032041162031,86,3,3.4974996414564,1.61023425994453,0.25,0.625020972715604,"LOW HIGH"
84,918,4,141.786050926797,86,3,3.49961350192912,1.61023425994453,0.25,0.370660419788548,"LOW HIGH"
85,928,9,121.268643678464,86,2,2.50118342490647,1.61023425994453,0.25,0.0683340715025255,"LOW HIGH"
85,923,4,158.464592823346,87,3,3.50016912344012,1.63738079316662,0.25,0.76206374020611,"LOW HIGH"
85,929,10,149.92558435222,87,3,3.49947646629735,1.63738079316662,0.25,0.573719137412612,"LOW HIGH"
86,939,9,126.016405122535,87,2,2.49884448260512,1.63738079316662,0.25,0.106166177396194,"LOW HIGH"
84,918,4,168.215532815787,88,5,5.50013807232713,1.23895480745848,0.25,0.896047886459832,"LOW HIGH"
85,923,4,178.00339450473,88,4,4.50207698996971,1.23895480745848,0.25,0.958823858553011,"LOW HIGH"
85,924,5,158.317320269962,88,4,4.49799924058699,1.23895480745848,0.25,0.759341820181637,"LOW HIGH"
85,929,10,167.085140349715,88,4,4.49932289831612,1.23895480745848,0.25,0.884861162773227,"LOW HIGH"
85,923,4,193.584349492094,89,5,5.49893613509967,1.40207052410419,0.25,0.991249191047897,"LOW HIGH"
85,924,5,170.000399151008,89,5,5.49942117935698,1.40207052410419,0.25,0.911757490758705,"LOW HIGH"
86,931,1,151.653391509229,89,4,4.50087530832313,1.40207052410419,0.25,0.615968183745658,"LOW HIGH"
87,948,7,148.722530606832,89,3,3.50090238739409,1.40207052410419,0.25,0.543612049008576,"LOW HIGH"
88,950,1,133.064523469478,89,2,2.49875987988841,1.40207052410419,0.25,0.195462020999561,"LOW HIGH"
89,962,6,106.767306882055,89,1,1.50060824685958,1.40207052410419,0.25,0.0165460887621379,"LOW HIGH"
85,924,5,178.903919198313,90,6,6.49949876306577,1.29022233375632,0.25,0.962286017316043,"LOW HIGH"
87,948,7,165.558180017305,90,4,4.49912530960164,1.29022233375632,0.25,0.868099233269494,"LOW HIGH"
87,949,8,172.770650199683,90,4,4.5008434715948,1.29022233375632,0.25,0.931919487539872,"LOW HIGH"
89,962,6,139.873683102739,90,2,2.49997148909546,1.29022233375632,0.25,0.326611309249419,"LOW HIGH"
89,962,6,166.871414730339,91,3,3.50109483749579,1.48354481080455,0.25,0.882631787500297,"LOW HIGH"
89,963,7,147.528790115204,91,3,3.50021150404583,1.48354481080455,0.25,0.513419106268886,"LOW HIGH"
89,960,4,162.624486250317,92,4,4.49959049090079,1.53843904347329,0.25,0.830107771746607,"LOW HIGH"
90,974,8,145.929181136692,92,3,3.50005338961907,1.53843904347329,0.25,0.472846046275859,"LOW HIGH"
90,975,9,150.021353498268,92,3,3.50251739009419,1.53843904347329,0.25,0.576095489180496,"LOW HIGH"
89,960,4,175.116003764881,93,5,5.50100552553685,1.3979819557444,0.25,0.945560338299057,"LOW HIGH"
90,973,7,163.191500905685,93,4,4.50094607268224,1.3979819557444,0.25,0.838073272425199,"LOW HIGH"
90,975,9,167.206815039713,93,4,4.50266628418343,1.3979819557444,0.25,0.886113831703412,"LOW HIGH"
91,977,1,138.970337355412,93,3,3.50026913253047,1.3979819557444,0.25,0.306768470051553,"LOW HIGH"
91,978,2,145.598923316539,93,3,3.49815831913815,1.3979819557444,0.25,0.464496190147952,"LOW HIGH"
91,979,3,141.704000748025,93,3,3.4995523862648,1.3979819557444,0.25,0.368719198059313,"LOW HIGH"
90,973,7,175.791321311334,94,5,5.49975153513681,1.46662710213152,0.25,0.948983937350278,"LOW HIGH"
91,978,2,161.606779541863,94,4,4.50053651683973,1.46662710213152,0.25,0.81503449216404,"LOW HIGH"
91,981,5,164.11488120514,94,4,4.50027703908066,1.46662710213152,0.25,0.850396544242316,"LOW HIGH"
92,987,1,149.863883705434,94,3,3.50041891434105,1.46662710213152,0.25,0.572186326294617,"LOW HIGH"
92,994,8,150.28296332836,94,3,3.5004301608953,1.46662710213152,0.25,0.582568684682331,"LOW HIGH"
92,996,10,164.437910999164,94,3,3.49972086662426,1.46662710213152,0.25,0.854521403984153,"LOW HIGH"
93,997,1,123.140968367726,94,2,2.49939400244675,1.46662710213152,0.25,0.0814756484878715,"LOW HIGH"
93,998,2,143.944222368914,94,2,2.49932895682939,1.46662710213152,0.25,0.423051186451856,"LOW HIGH"
91,979,3,168.093820426064,95,5,5.49990740107894,1.50523128623183,0.25,0.894891164159866,"LOW HIGH"
92,987,1,167.00675912118,95,4,4.50132342765151,1.50523128623183,0.25,0.884047876381504,"LOW HIGH"
93,997,1,143.359483449787,95,3,3.49988272249816,1.50523128623183,0.25,0.408630356017883,"LOW HIGH"
93,998,2,172.723297987978,95,3,3.50092851487519,1.50523128623183,0.25,0.931613820942031,"LOW HIGH"
93,1000,4,142.050493281549,95,3,3.50042202515584,1.50523128623183,0.25,0.37694507496712,"LOW HIGH"
93,997,1,158.785664723146,96,4,4.49905859113115,1.38958283355442,0.25,0.767924125988349,"LOW HIGH"
93,1000,4,157.141270318987,96,4,4.49994146723302,1.38958283355442,0.25,0.736851389416778,"LOW HIGH"
94,1007,1,158.368427536337,96,3,3.49957105043668,1.38958283355442,0.25,0.760288798712882,"LOW HIGH"
95,1026,11,128.263918229154,96,2,2.5019959791406,1.38958283355442,0.25,0.129846240313703,"LOW HIGH"
93,997,1,170.555424654214,97,5,5.50149735887929,1.56663453701512,0.25,0.916187455223186,"LOW HIGH"
94,1009,3,153.853399050117,97,4,4.50150538453505,1.56663453701512,0.25,0.667265225576432,"LOW HIGH"
94,1011,5,158.705975912491,97,4,4.50000122141724,1.56663453701512,0.25,0.766479051241684,"LOW HIGH"
95,1018,3,138.422796830832,97,3,3.50072765958778,1.56663453701512,0.25,0.29507458678165,"LOW HIGH"
95,1019,4,153.169654337341,97,3,3.50096399756249,1.56663453701512,0.25,0.651677192894151,"LOW HIGH"
95,1021,6,134.488381264264,97,3,3.50020177399486,1.56663453701512,0.25,0.219200011937844,"LOW HIGH"
95,1022,7,154.243343429319,97,3,3.49982089422769,1.56663453701512,0.25,0.675996567246314,"LOW HIGH"
96,1030,4,127.139257329112,97,2,2.50111914763392,1.56663453701512,0.25,0.117480508142711,"LOW HIGH"
93,997,1,179.535433794532,98,6,6.50005724570693,1.58130571106921,0.25,0.964545266089115,"LOW HIGH"
96,1031,5,149.814615652617,98,3,3.49926569991996,1.58130571106921,0.25,0.570961377201699,"LOW HIGH"
96,1034,8,151.251320353859,98,3,3.50021509652847,1.58130571106921,0.25,0.606266808841395,"LOW HIGH"
93,997,1,186.386938381923,99,7,7.49944856133977,1.62484511813873,0.25,0.981996994637754,"LOW HIGH"
95,1021,6,157.50935860838,99,5,5.49901025348805,1.62484511813873,0.25,0.744033631946897,"LOW HIGH"
96,1027,1,147.694817071467,99,4,4.50082141991006,1.62484511813873,0.25,0.517629296639311,"LOW HIGH"
96,1031,5,166.944176911626,99,4,4.50109599696594,1.62484511813873,0.25,0.883394941938696,"LOW HIGH"
97,1039,3,166.097892386432,99,3,3.49858577127427,1.62484511813873,0.25,0.874248227049926,"LOW HIGH"
97,1043,7,137.13749538384,99,3,3.49953952729661,1.62484511813873,0.25,0.268673415146217,"LOW HIGH"
98,1049,2,118.839968671972,99,2,2.4986827917149,1.62484511813873,0.25,0.0542100103497932,"LOW HIGH"
98,1058,11,133.16165016174,99,2,2.50058125690113,1.62484511813873,0.25,0.197017466506851,"LOW HIGH"
