"cohort","ind","fish_size","Year","Age","AgeE","dtype","FMORT","M","Sel","FSIM","REG"
1,1,99.4639845155583,1,1,1.50092329754568,"M",0,0.25,1,"HIGH HIGH MED",NA
1,2,128.80720696707,2,2,2.50085861714785,"M",0,0.25,1,"HIGH HIGH MED",NA
1,3,64.3493036289231,0,0,0.498653924167943,"M",0,0.25,1,"HIGH HIGH MED",NA
1,4,171.57671957241,10,10,10.4995799308708,"M",0,0.25,1,"HIGH HIGH MED",NA
1,5,102.475185539469,1,1,1.50075363009357,"M",0,0.25,1,"HIGH HIGH MED",NA
1,6,65.7276157650596,0,0,0.499776845611441,"M",0,0.25,1,"HIGH HIGH MED",NA
1,7,161.886166317609,3,3,3.4996090355476,"M",0,0.25,1,"HIGH HIGH MED",NA
1,8,122.674672913358,2,2,2.49929188139949,"M",0,0.25,1,"HIGH HIGH MED",NA
1,9,160.302521181456,3,3,3.49936669237375,"M",0,0.25,1,"HIGH HIGH MED",NA
1,10,95.8627391602203,1,1,1.49974823410492,"M",0,0.25,1,"HIGH HIGH MED",NA
1,11,93.9038803627197,1,1,1.49879730125241,"M",0,0.25,1,"HIGH HIGH MED",NA
2,1,147.96389360424,5,4,4.50083725809078,"M",0,0.25,1,"HIGH HIGH MED",NA
2,2,175.67850857767,8,7,7.50044812064713,"M",0,0.25,1,"HIGH HIGH MED",NA
2,3,124.652506687925,3,2,2.49991226413607,"M",0,0.25,1,"HIGH HIGH MED",NA
2,4,61.7146574054897,1,0,0.499342407328336,"M",0,0.25,1,"HIGH HIGH MED",NA
2,5,140.140991744989,4,3,3.49974331076913,"M",0,0.25,1,"HIGH HIGH MED",NA
2,6,122.893266273674,3,2,2.50221313805302,"M",0,0.25,1,"HIGH HIGH MED",NA
2,7,186.984128325544,10,9,9.50065837905439,"M",0,0.25,1,"HIGH HIGH MED",NA
2,8,129.613265788572,3,2,2.50018517465307,"M",0,0.25,1,"HIGH HIGH MED",NA
2,9,142.839512041837,4,3,3.50121723755635,"M",0,0.25,1,"HIGH HIGH MED",NA
2,10,147.037947509131,4,3,3.50034850942192,"M",0,0.25,1,"HIGH HIGH MED",NA
2,11,100.149675631257,2,1,1.50083325498261,"M",0,0.25,1,"HIGH HIGH MED",NA
2,12,66.2305680494842,1,0,0.497996965035632,"M",0,0.25,1,"HIGH HIGH MED",NA
2,13,63.52486117988,1,0,0.499756447946238,"M",0,0.25,1,"HIGH HIGH MED",NA
2,14,129.976807606824,3,2,2.49994839048416,"M",0,0.25,1,"HIGH HIGH MED",NA
2,15,169.594241347342,5,4,4.50104649545279,"M",0,0.25,1,"HIGH HIGH MED",NA
3,1,63.6827045399073,2,0,0.500236695807888,"M",0,0.25,1,"HIGH HIGH MED",NA
3,2,64.7523004246931,2,0,0.499894675070675,"M",0,0.25,1,"HIGH HIGH MED",NA
3,3,168.150540373317,6,4,4.49865765015266,"M",0,0.25,1,"HIGH HIGH MED",NA
3,4,63.2320542165088,2,0,0.501975924177489,"M",0,0.25,1,"HIGH HIGH MED",NA
3,5,149.806797293116,5,3,3.49925771460926,"M",0,0.25,1,"HIGH HIGH MED",NA
3,6,168.103556382788,7,5,5.50119168550635,"M",0,0.25,1,"HIGH HIGH MED",NA
3,7,123.843942827455,4,2,2.50040167353663,"M",0,0.25,1,"HIGH HIGH MED",NA
3,8,185.419303318449,6,4,4.50022396041215,"M",0,0.25,1,"HIGH HIGH MED",NA
3,9,102.709082149433,3,1,1.50045223663396,"M",0,0.25,1,"HIGH HIGH MED",NA
3,10,99.4210614661626,3,1,1.50024265712089,"M",0,0.25,1,"HIGH HIGH MED",NA
3,11,125.560325263394,4,2,2.50051565298614,"M",0,0.25,1,"HIGH HIGH MED",NA
3,12,104.834533078076,3,1,1.49928583553518,"M",0,0.25,1,"HIGH HIGH MED",NA
4,1,63.7721481667342,3,0,0.499573085241692,"M",0,0.25,1,"HIGH HIGH MED",NA
4,2,101.540789035354,4,1,1.49923447796789,"M",0,0.25,1,"HIGH HIGH MED",NA
4,3,130.314971049955,5,2,2.49941754951668,"M",0,0.25,1,"HIGH HIGH MED",NA
4,4,93.5654044101287,4,1,1.49921041251595,"M",0,0.25,1,"HIGH HIGH MED",NA
4,5,97.4061713114554,4,1,1.50084099193361,"M",0,0.25,1,"HIGH HIGH MED",NA
4,6,134.089400161746,5,2,2.50034132244076,"M",0,0.25,1,"HIGH HIGH MED",NA
4,7,161.953221183954,6,3,3.49978996907665,"M",0,0.25,1,"HIGH HIGH MED",NA
4,8,211.69374777973,15,12,12.4984943537711,"M",0,0.25,1,"HIGH HIGH MED",NA
4,9,100.063096227624,4,1,1.50053615323562,"M",0,0.25,1,"HIGH HIGH MED",NA
4,10,217.700280954453,10,7,7.49989853012713,"M",0,0.25,1,"HIGH HIGH MED",NA
4,11,189.618993643534,9,6,6.49981272479036,"M",0,0.25,1,"HIGH HIGH MED",NA
5,1,155.313877472992,7,3,3.50002001682737,"M",0,0.25,1,"HIGH HIGH MED",NA
5,2,146.000722306805,7,3,3.50021907436989,"M",0,0.25,1,"HIGH HIGH MED",NA
5,3,141.824003844498,8,4,4.4997328498652,"M",0,0.25,1,"HIGH HIGH MED",NA
5,4,217.003771705802,14,10,10.498610865244,"M",0,0.25,1,"HIGH HIGH MED",NA
5,5,201.217800402077,10,6,6.5001394193128,"M",0,0.25,1,"HIGH HIGH MED",NA
5,6,222.29849243239,14,10,10.4996461948104,"M",0,0.25,1,"HIGH HIGH MED",NA
5,7,97.350192227801,5,1,1.50077398978032,"M",0,0.25,1,"HIGH HIGH MED",NA
5,8,123.142109328213,6,2,2.50077607070847,"M",0,0.25,1,"HIGH HIGH MED",NA
5,9,63.4284577819217,4,0,0.499431942289103,"M",0,0.25,1,"HIGH HIGH MED",NA
5,10,184.712698002521,10,6,6.49867005555461,"M",0,0.25,1,"HIGH HIGH MED",NA
5,11,188.732811881986,13,9,9.50087661364131,"M",0,0.25,1,"HIGH HIGH MED",NA
5,12,63.4322681021351,4,0,0.500701502829411,"M",0,0.25,1,"HIGH HIGH MED",NA
5,13,63.4131696438145,4,0,0.500164532475577,"M",0,0.25,1,"HIGH HIGH MED",NA
6,1,63.7135209045187,5,0,0.500257607585803,"M",0,0.25,1,"HIGH HIGH MED",NA
6,2,159.19493033374,9,4,4.49871767789796,"M",0,0.25,1,"HIGH HIGH MED",NA
6,3,127.959261433548,7,2,2.49947025317528,"M",0,0.25,1,"HIGH HIGH MED",NA
6,4,156.283591994197,9,4,4.49862814961285,"M",0,0.25,1,"HIGH HIGH MED",NA
6,5,96.7794553742528,6,1,1.50201945377551,"M",0,0.25,1,"HIGH HIGH MED",NA
6,6,96.1626701283198,6,1,1.49912601816133,"M",0,0.25,1,"HIGH HIGH MED",NA
6,7,59.5232092305797,5,0,0.498244847466765,"M",0,0.25,1,"HIGH HIGH MED",NA
6,8,100.577379269072,6,1,1.50094685534589,"M",0,0.25,1,"HIGH HIGH MED",NA
6,9,95.7255997154023,6,1,1.50090353047608,"M",0,0.25,1,"HIGH HIGH MED",NA
6,10,63.4950319422284,5,0,0.501366768609341,"M",0,0.25,1,"HIGH HIGH MED",NA
6,11,184.514081318062,10,5,5.49890534312977,"M",0,0.25,1,"HIGH HIGH MED",NA
6,12,131.594805452332,7,2,2.50040045597462,"M",0,0.25,1,"HIGH HIGH MED",NA
6,13,97.664573979145,6,1,1.49996202278562,"M",0,0.25,1,"HIGH HIGH MED",NA
7,1,104.194887359827,7,1,1.50107695011979,"M",0,0.25,1,"HIGH HIGH MED",NA
7,2,66.5273997899716,6,0,0.498562352329524,"M",0,0.25,1,"HIGH HIGH MED",NA
7,3,92.5665631007801,7,1,1.49928123199111,"M",0,0.25,1,"HIGH HIGH MED",NA
7,4,158.568490962629,10,4,4.49982999653636,"M",0,0.25,1,"HIGH HIGH MED",NA
7,5,174.105578256561,10,4,4.49947033534034,"M",0,0.25,1,"HIGH HIGH MED",NA
7,6,103.193596004219,7,1,1.50089800996855,"M",0,0.25,1,"HIGH HIGH MED",NA
7,7,64.4414306099313,6,0,0.498731998687723,"M",0,0.25,1,"HIGH HIGH MED",NA
7,8,60.5547443799156,6,0,0.501097452996062,"M",0,0.25,1,"HIGH HIGH MED",NA
7,9,65.1209092323835,6,0,0.497903899033621,"M",0,0.25,1,"HIGH HIGH MED",NA
7,10,62.7358691346267,6,0,0.499605560476452,"M",0,0.25,1,"HIGH HIGH MED",NA
7,11,99.0116418765742,7,1,1.49908083516386,"M",0,0.25,1,"HIGH HIGH MED",NA
7,12,210.330426639431,16,10,10.5007009390642,"M",0,0.25,1,"HIGH HIGH MED",NA
7,13,146.841827603771,10,4,4.50189337731306,"M",0,0.25,1,"HIGH HIGH MED",NA
8,1,123.242830877687,9,2,2.50167260744051,"M",0,0.25,1,"HIGH HIGH MED",NA
8,2,204.497105172024,15,8,8.4997035386649,"M",0,0.25,1,"HIGH HIGH MED",NA
8,3,225.3393641166,15,8,8.49985001446686,"M",0,0.25,1,"HIGH HIGH MED",NA
8,4,98.8885078918879,8,1,1.49998765496026,"M",0,0.25,1,"HIGH HIGH MED",NA
8,5,145.10764914998,10,3,3.49821524358014,"M",0,0.25,1,"HIGH HIGH MED",NA
8,6,63.3161601771011,7,0,0.500974570556228,"M",0,0.25,1,"HIGH HIGH MED",NA
8,7,158.697689436421,12,5,5.4998251928895,"M",0,0.25,1,"HIGH HIGH MED",NA
8,8,114.777998474847,9,2,2.50085185786233,"M",0,0.25,1,"HIGH HIGH MED",NA
8,9,95.1277355986536,8,1,1.49957724483355,"M",0,0.25,1,"HIGH HIGH MED",NA
8,10,67.1847928185876,7,0,0.498936363456815,"M",0,0.25,1,"HIGH HIGH MED",NA
8,11,63.0149204082001,7,0,0.500818498597894,"M",0,0.25,1,"HIGH HIGH MED",NA
8,12,98.1679200600418,8,1,1.49963296203782,"M",0,0.25,1,"HIGH HIGH MED",NA
8,13,120.940943258253,9,2,2.49969565780138,"M",0,0.25,1,"HIGH HIGH MED",NA
8,14,60.4276801546511,7,0,0.499870779367693,"M",0,0.25,1,"HIGH HIGH MED",NA
9,1,211.507988980862,16,8,8.50126772132636,"M",0,0.25,1,"HIGH HIGH MED",NA
9,2,228.041570765004,17,9,9.49939901264676,"M",0,0.25,1,"HIGH HIGH MED",NA
9,3,60.4072571014705,8,0,0.499235688031537,"M",0,0.25,1,"HIGH HIGH MED",NA
9,4,128.877559496025,10,2,2.50130353500987,"M",0,0.25,1,"HIGH HIGH MED",NA
9,5,200.60951701012,20,12,12.5016205841819,"M",0,0.25,1,"HIGH HIGH MED",NA
9,6,62.2181327817755,8,0,0.499996888194771,"M",0,0.25,1,"HIGH HIGH MED",NA
9,7,99.70308930131,9,1,1.50104685936814,"M",0,0.25,1,"HIGH HIGH MED",NA
9,8,183.278913981361,13,5,5.5008725627071,"M",0,0.25,1,"HIGH HIGH MED",NA
9,9,243.996114960205,20,12,12.5012666452399,"M",0,0.25,1,"HIGH HIGH MED",NA
9,10,63.3258518177315,8,0,0.500380179610745,"M",0,0.25,1,"HIGH HIGH MED",NA
9,11,129.851914866573,11,3,3.49862821786157,"M",0,0.25,1,"HIGH HIGH MED",NA
10,1,102.081580746662,10,1,1.50059498413256,"M",0,0.25,1,"HIGH HIGH MED",NA
10,2,92.8476685922968,10,1,1.49948467263209,"M",0,0.25,1,"HIGH HIGH MED",NA
10,3,193.265149614813,15,6,6.49992278395992,"M",0,0.25,1,"HIGH HIGH MED",NA
10,4,122.001732782456,11,2,2.49936662165178,"M",0,0.25,1,"HIGH HIGH MED",NA
10,5,96.5451945126856,10,1,1.49948813047325,"M",0,0.25,1,"HIGH HIGH MED",NA
10,6,94.6257425057918,10,1,1.50079651196663,"M",0,0.25,1,"HIGH HIGH MED",NA
10,7,124.918438425508,11,2,2.50047530082998,"M",0,0.25,1,"HIGH HIGH MED",NA
10,8,122.082038208522,11,2,2.50175806675555,"M",0,0.25,1,"HIGH HIGH MED",NA
10,9,65.0644026523942,9,0,0.501324896213728,"M",0,0.25,1,"HIGH HIGH MED",NA
10,10,62.3367422514684,9,0,0.500319980455783,"M",0,0.25,1,"HIGH HIGH MED",NA
10,11,211.971061165168,16,7,7.49927602558924,"M",0,0.25,1,"HIGH HIGH MED",NA
11,1,143.206668126303,13,3,3.50058481564166,"M",0,0.25,1,"HIGH HIGH MED",NA
11,2,230.590538089689,22,12,12.5003245391441,"M",0,0.25,1,"HIGH HIGH MED",NA
11,3,103.407396675935,11,1,1.50137593894449,"M",0,0.25,1,"HIGH HIGH MED",NA
11,4,160.347289349888,13,3,3.49950255814316,"M",0,0.25,1,"HIGH HIGH MED",NA
11,5,128.702787586753,12,2,2.50002593177762,"M",0,0.25,1,"HIGH HIGH MED",NA
11,6,102.77101744601,11,1,1.4988861543423,"M",0,0.25,1,"HIGH HIGH MED",NA
11,7,99.9506378921652,11,1,1.49939661497324,"M",0,0.25,1,"HIGH HIGH MED",NA
11,8,142.457998179141,13,3,3.50135358490069,"M",0,0.25,1,"HIGH HIGH MED",NA
11,9,60.5221414455349,10,0,0.500057126489657,"M",0,0.25,1,"HIGH HIGH MED",NA
11,10,185.890013010223,16,6,6.50065567780203,"M",0,0.25,1,"HIGH HIGH MED",NA
12,1,63.0767805962255,11,0,0.499661351878172,"M",0,0.25,1,"HIGH HIGH MED",NA
12,2,190.682653749413,22,11,11.4997529755266,"M",0,0.25,1,"HIGH HIGH MED",NA
12,3,183.656801920709,18,7,7.49941241247884,"M",0,0.25,1,"HIGH HIGH MED",NA
12,4,135.073206861783,13,2,2.50068352009905,"M",0,0.25,1,"HIGH HIGH MED",NA
12,5,97.7885324115305,12,1,1.50020362721456,"M",0,0.25,1,"HIGH HIGH MED",NA
12,6,190.333586775712,21,10,10.4989567215038,"M",0,0.25,1,"HIGH HIGH MED",NA
12,7,64.0214125802599,11,0,0.498277807045943,"M",0,0.25,1,"HIGH HIGH MED",NA
12,8,161.927869160334,17,6,6.50004000968743,"M",0,0.25,1,"HIGH HIGH MED",NA
12,9,128.977745406955,13,2,2.50010381452113,"M",0,0.25,1,"HIGH HIGH MED",NA
12,10,121.634913301416,13,2,2.49993172013744,"M",0,0.25,1,"HIGH HIGH MED",NA
12,11,183.874056409883,17,6,6.49941760344893,"M",0,0.25,1,"HIGH HIGH MED",NA
13,1,62.0625342844884,12,0,0.49951610131917,"M",0,0.25,1,"HIGH HIGH MED",NA
13,2,118.067412546123,14,2,2.50129354395878,"M",0,0.25,1,"HIGH HIGH MED",NA
13,3,166.657881409982,17,5,5.49764779264461,"M",0,0.25,1,"HIGH HIGH MED",NA
13,4,62.7019325566711,12,0,0.500421572707812,"M",0,0.25,1,"HIGH HIGH MED",NA
13,5,62.3125565004372,12,0,0.500669468466844,"M",0,0.25,1,"HIGH HIGH MED",NA
13,6,193.338073038694,20,8,8.50058148069867,"M",0,0.25,1,"HIGH HIGH MED",NA
13,7,115.854141487963,14,2,2.50166995135642,"M",0,0.25,1,"HIGH HIGH MED",NA
13,8,99.3593230489118,13,1,1.50026426873981,"M",0,0.25,1,"HIGH HIGH MED",NA
13,9,129.621659444736,14,2,2.49857062683571,"M",0,0.25,1,"HIGH HIGH MED",NA
13,10,124.117072984344,14,2,2.49990505777723,"M",0,0.25,1,"HIGH HIGH MED",NA
13,11,64.2299206734226,12,0,0.500225602943515,"M",0,0.25,1,"HIGH HIGH MED",NA
13,12,124.689927369223,14,2,2.49972046249743,"M",0,0.25,1,"HIGH HIGH MED",NA
14,1,174.793592673482,21,8,8.50029143573898,"M",0,0.25,1,"HIGH HIGH MED",NA
14,2,62.1475226308054,13,0,0.499934872200646,"M",0,0.25,1,"HIGH HIGH MED",NA
14,3,95.4523263431589,14,1,1.49964757705989,"M",0,0.25,1,"HIGH HIGH MED",NA
14,4,99.5392759575398,14,1,1.50048049621238,"M",0,0.25,1,"HIGH HIGH MED",NA
14,5,162.405537143681,20,7,7.49911878789441,"M",0,0.25,1,"HIGH HIGH MED",NA
14,6,62.6412197773368,13,0,0.50054424369557,"M",0,0.25,1,"HIGH HIGH MED",NA
14,7,63.6995423255213,13,0,0.500020614579075,"M",0,0.25,1,"HIGH HIGH MED",NA
14,8,63.5075686053947,13,0,0.497903733077298,"M",0,0.25,1,"HIGH HIGH MED",NA
14,9,163.139960668081,17,4,4.49890785560118,"M",0,0.25,1,"HIGH HIGH MED",NA
14,10,101.430775286456,14,1,1.50066437169372,"M",0,0.25,1,"HIGH HIGH MED",NA
15,1,62.8701273818188,14,0,0.49956692455528,"M",0,0.25,1,"HIGH HIGH MED",NA
15,2,59.1699816245864,14,0,0.500299053187641,"M",0,0.25,1,"HIGH HIGH MED",NA
15,3,145.532152509878,18,4,4.50049869928162,"M",0,0.25,1,"HIGH HIGH MED",NA
15,4,166.203201910581,20,6,6.49807147443649,"M",0,0.25,1,"HIGH HIGH MED",NA
15,5,101.734059443603,15,1,1.50006061557782,"M",0,0.25,1,"HIGH HIGH MED",NA
15,6,106.66622030263,15,1,1.4968798899971,"M",0,0.25,1,"HIGH HIGH MED",NA
15,7,160.217557376299,19,5,5.5002112659009,"M",0,0.25,1,"HIGH HIGH MED",NA
15,8,238.940138746152,25,11,11.4992600864097,"M",0,0.25,1,"HIGH HIGH MED",NA
15,9,142.540374037406,17,3,3.49900888507563,"M",0,0.25,1,"HIGH HIGH MED",NA
15,10,203.123761793394,21,7,7.50075858911678,"M",0,0.25,1,"HIGH HIGH MED",NA
15,11,164.351448740352,18,4,4.49918896416206,"M",0,0.25,1,"HIGH HIGH MED",NA
15,12,196.013480084134,24,10,10.4992327218324,"M",0,0.25,1,"HIGH HIGH MED",NA
16,1,192.23643575575,20,5,5.49937284010124,"M",0,0.25,1,"HIGH HIGH MED",NA
16,2,144.904687435984,18,3,3.4991435040777,"M",0,0.25,1,"HIGH HIGH MED",NA
16,3,134.778751818806,17,2,2.49622002308839,"M",0,0.25,1,"HIGH HIGH MED",NA
16,4,62.1776885978224,15,0,0.500854595800673,"M",0,0.25,1,"HIGH HIGH MED",NA
16,5,158.028789435213,18,3,3.50119703177387,"M",0,0.25,1,"HIGH HIGH MED",NA
16,6,93.3212144963899,16,1,1.49974216194208,"M",0,0.25,1,"HIGH HIGH MED",NA
16,7,130.221509061349,17,2,2.50120792120202,"M",0,0.25,1,"HIGH HIGH MED",NA
16,8,156.822148783373,19,4,4.49910926419692,"M",0,0.25,1,"HIGH HIGH MED",NA
16,9,97.4529185935025,16,1,1.49975041741866,"M",0,0.25,1,"HIGH HIGH MED",NA
16,10,102.130405102149,16,1,1.49820673792504,"M",0,0.25,1,"HIGH HIGH MED",NA
17,1,63.2774136969158,16,0,0.500562063330647,"M",0,0.25,1,"HIGH HIGH MED",NA
17,2,126.590239216169,18,2,2.4994295244418,"M",0,0.25,1,"HIGH HIGH MED",NA
17,3,61.6273466262043,16,0,0.501014631475793,"M",0,0.25,1,"HIGH HIGH MED",NA
17,4,202.208349684094,23,7,7.50111274223423,"M",0,0.25,1,"HIGH HIGH MED",NA
17,5,95.8869059150772,17,1,1.50169003137481,"M",0,0.25,1,"HIGH HIGH MED",NA
17,6,63.1116606681994,16,0,0.498761664415751,"M",0,0.25,1,"HIGH HIGH MED",NA
17,7,64.3992845554137,16,0,0.498482278365245,"M",0,0.25,1,"HIGH HIGH MED",NA
17,8,146.575893949356,19,3,3.49903848054977,"M",0,0.25,1,"HIGH HIGH MED",NA
17,9,61.532809962056,16,0,0.500218748519742,"M",0,0.25,1,"HIGH HIGH MED",NA
17,10,63.009639405339,16,0,0.500602432908822,"M",0,0.25,1,"HIGH HIGH MED",NA
17,11,62.8253728064592,16,0,0.499339556174962,"M",0,0.25,1,"HIGH HIGH MED",NA
18,1,221.432911582618,26,9,9.49967032876839,"M",0,0.25,1,"HIGH HIGH MED",NA
18,2,61.4126750791828,17,0,0.501055116471233,"M",0,0.25,1,"HIGH HIGH MED",NA
18,3,163.43030740021,20,3,3.49891509233502,"M",0,0.25,1,"HIGH HIGH MED",NA
18,4,63.3336989749304,17,0,0.499423536079238,"M",0,0.25,1,"HIGH HIGH MED",NA
18,5,97.2350001993313,18,1,1.50011631222087,"M",0,0.25,1,"HIGH HIGH MED",NA
18,6,157.367466653339,20,3,3.49896148477247,"M",0,0.25,1,"HIGH HIGH MED",NA
18,7,156.808740100167,20,3,3.49985824948395,"M",0,0.25,1,"HIGH HIGH MED",NA
18,8,131.021957601874,19,2,2.49934905863444,"M",0,0.25,1,"HIGH HIGH MED",NA
18,9,64.3888402233001,17,0,0.500391943064332,"M",0,0.25,1,"HIGH HIGH MED",NA
18,10,154.120767747817,20,3,3.50155790493139,"M",0,0.25,1,"HIGH HIGH MED",NA
18,11,150.615841199306,20,3,3.50155236676898,"M",0,0.25,1,"HIGH HIGH MED",NA
18,12,95.2681708600117,18,1,1.49964329443618,"M",0,0.25,1,"HIGH HIGH MED",NA
18,13,135.079084927068,20,3,3.49999736121888,"M",0,0.25,1,"HIGH HIGH MED",NA
19,1,173.145217437371,23,5,5.50001824569111,"M",0,0.25,1,"HIGH HIGH MED",NA
19,2,124.64165738569,20,2,2.5001254227444,"M",0,0.25,1,"HIGH HIGH MED",NA
19,3,62.6526809115185,18,0,0.499986388305816,"M",0,0.25,1,"HIGH HIGH MED",NA
19,4,191.840326275782,23,5,5.49886254815916,"M",0,0.25,1,"HIGH HIGH MED",NA
19,5,64.2535355457287,18,0,0.501570121611741,"M",0,0.25,1,"HIGH HIGH MED",NA
19,6,144.94101771977,22,4,4.49877674916851,"M",0,0.25,1,"HIGH HIGH MED",NA
19,7,198.277973597839,24,6,6.50027475339718,"M",0,0.25,1,"HIGH HIGH MED",NA
19,8,62.5532806406572,18,0,0.498872801797567,"M",0,0.25,1,"HIGH HIGH MED",NA
19,9,147.102247426334,21,3,3.50030885670896,"M",0,0.25,1,"HIGH HIGH MED",NA
19,10,177.925061150845,23,5,5.5013529855661,"M",0,0.25,1,"HIGH HIGH MED",NA
19,11,98.1321776592538,19,1,1.49997093181568,"M",0,0.25,1,"HIGH HIGH MED",NA
20,1,64.3915475421075,19,0,0.499256539687038,"M",0,0.25,1,"HIGH HIGH MED",NA
20,2,151.668299280597,23,4,4.50092064276678,"M",0,0.25,1,"HIGH HIGH MED",NA
20,3,210.917433224682,27,8,8.50191123596851,"M",0,0.25,1,"HIGH HIGH MED",NA
20,4,148.275940566774,22,3,3.49868366722547,"M",0,0.25,1,"HIGH HIGH MED",NA
20,5,64.2025320772761,19,0,0.499557451523243,"M",0,0.25,1,"HIGH HIGH MED",NA
20,6,216.488150024634,27,8,8.50110680152497,"M",0,0.25,1,"HIGH HIGH MED",NA
20,7,216.810016748728,26,7,7.50141399009972,"M",0,0.25,1,"HIGH HIGH MED",NA
20,8,100.465788898831,20,1,1.4996634663775,"M",0,0.25,1,"HIGH HIGH MED",NA
20,9,202.545156940321,25,6,6.49932671292348,"M",0,0.25,1,"HIGH HIGH MED",NA
20,10,62.8982072409623,19,0,0.50197154672658,"M",0,0.25,1,"HIGH HIGH MED",NA
20,11,61.7918601179146,19,0,0.500519271134834,"M",0,0.25,1,"HIGH HIGH MED",NA
20,12,187.066828222573,33,14,14.4999365484938,"M",0,0.25,1,"HIGH HIGH MED",NA
21,1,205.08735368569,25,5,5.50162505916024,"M",0,0.25,1,"HIGH HIGH MED",NA
21,2,61.3662259119816,20,0,0.500231509889673,"M",0,0.25,1,"HIGH HIGH MED",NA
21,3,128.798327950857,22,2,2.50143574717197,"M",0,0.25,1,"HIGH HIGH MED",NA
21,4,174.42562747347,25,5,5.50131982351054,"M",0,0.25,1,"HIGH HIGH MED",NA
21,5,97.7936550554096,21,1,1.49937856805969,"M",0,0.25,1,"HIGH HIGH MED",NA
21,6,101.118706729458,21,1,1.50094378347525,"M",0,0.25,1,"HIGH HIGH MED",NA
21,7,60.1520175313955,20,0,0.499871198795582,"M",0,0.25,1,"HIGH HIGH MED",NA
21,8,104.450593699924,21,1,1.50026289839149,"M",0,0.25,1,"HIGH HIGH MED",NA
21,9,144.467408829665,23,3,3.49857870956823,"M",0,0.25,1,"HIGH HIGH MED",NA
21,10,97.748198811627,21,1,1.50049632109421,"M",0,0.25,1,"HIGH HIGH MED",NA
21,11,216.275551775454,32,12,12.5000588901636,"M",0,0.25,1,"HIGH HIGH MED",NA
21,12,60.5408386956531,20,0,0.500894497802717,"M",0,0.25,1,"HIGH HIGH MED",NA
21,13,62.0116466672522,20,0,0.501171954362357,"M",0,0.25,1,"HIGH HIGH MED",NA
22,1,61.5724061535797,21,0,0.500371908795917,"M",0,0.25,1,"HIGH HIGH MED",NA
22,2,63.3762358732616,21,0,0.499913544002022,"M",0,0.25,1,"HIGH HIGH MED",NA
22,3,60.8890757495464,21,0,0.498839493248276,"M",0,0.25,1,"HIGH HIGH MED",NA
22,4,127.160643561363,23,2,2.50140553618618,"M",0,0.25,1,"HIGH HIGH MED",NA
22,5,93.0165818705955,22,1,1.49971862462116,"M",0,0.25,1,"HIGH HIGH MED",NA
22,6,98.0487294842468,22,1,1.49970786403113,"M",0,0.25,1,"HIGH HIGH MED",NA
22,7,61.346754518463,21,0,0.500247532650891,"M",0,0.25,1,"HIGH HIGH MED",NA
22,8,123.129010571026,23,2,2.49956271344663,"M",0,0.25,1,"HIGH HIGH MED",NA
22,9,140.127457237346,24,3,3.49926711595066,"M",0,0.25,1,"HIGH HIGH MED",NA
22,10,172.757794026877,26,5,5.49780416005736,"M",0,0.25,1,"HIGH HIGH MED",NA
22,11,184.872084563253,28,7,7.49876399335724,"M",0,0.25,1,"HIGH HIGH MED",NA
22,12,94.3808755908435,22,1,1.50064754753131,"M",0,0.25,1,"HIGH HIGH MED",NA
22,13,63.0174737244319,21,0,0.498882353822047,"M",0,0.25,1,"HIGH HIGH MED",NA
23,1,136.043498164697,24,2,2.49893641677908,"M",0,0.25,1,"HIGH HIGH MED",NA
23,2,147.520824599212,25,3,3.49981469160855,"M",0,0.25,1,"HIGH HIGH MED",NA
23,3,145.954868266722,25,3,3.49965233858905,"M",0,0.25,1,"HIGH HIGH MED",NA
23,4,199.807960463155,31,9,9.49857220176678,"M",0,0.25,1,"HIGH HIGH MED",NA
23,5,124.529783553525,24,2,2.50101688276044,"M",0,0.25,1,"HIGH HIGH MED",NA
23,6,101.547386858691,23,1,1.49949537902236,"M",0,0.25,1,"HIGH HIGH MED",NA
23,7,131.486064132418,24,2,2.5012532374482,"M",0,0.25,1,"HIGH HIGH MED",NA
23,8,165.281454041001,28,6,6.49980503730577,"M",0,0.25,1,"HIGH HIGH MED",NA
23,9,64.053480832543,22,0,0.5003301583901,"M",0,0.25,1,"HIGH HIGH MED",NA
23,10,94.9697825867064,23,1,1.49865451751277,"M",0,0.25,1,"HIGH HIGH MED",NA
23,11,64.9506191667691,22,0,0.500394705557616,"M",0,0.25,1,"HIGH HIGH MED",NA
24,1,62.3369944324382,23,0,0.500204972375113,"M",0,0.25,1,"HIGH HIGH MED",NA
24,2,59.2890586958699,23,0,0.500399335759498,"M",0,0.25,1,"HIGH HIGH MED",NA
24,3,167.834136617543,31,8,8.50036969455839,"M",0,0.25,1,"HIGH HIGH MED",NA
24,4,63.7978100952144,23,0,0.501235751903051,"M",0,0.25,1,"HIGH HIGH MED",NA
24,5,176.877861640983,28,5,5.4997861566178,"M",0,0.25,1,"HIGH HIGH MED",NA
24,6,243.466188024326,32,9,9.50063775217889,"M",0,0.25,1,"HIGH HIGH MED",NA
24,7,169.020952382467,27,4,4.50028445741015,"M",0,0.25,1,"HIGH HIGH MED",NA
24,8,164.976337074365,27,4,4.50041881670202,"M",0,0.25,1,"HIGH HIGH MED",NA
24,9,196.098029584476,31,8,8.50020408710866,"M",0,0.25,1,"HIGH HIGH MED",NA
24,10,102.952363959144,24,1,1.49901407424657,"M",0,0.25,1,"HIGH HIGH MED",NA
24,11,146.834945262708,26,3,3.49713770690283,"M",0,0.25,1,"HIGH HIGH MED",NA
24,12,196.626468538924,29,6,6.49984108986032,"M",0,0.25,1,"HIGH HIGH MED",NA
24,13,99.0355037367235,24,1,1.49998351005935,"M",0,0.25,1,"HIGH HIGH MED",NA
25,1,102.401901997036,25,1,1.49960834079807,"M",0,0.25,1,"HIGH HIGH MED",NA
25,2,192.281523272349,30,6,6.50011056131562,"M",0,0.25,1,"HIGH HIGH MED",NA
25,3,64.0950541842385,24,0,0.499509572031654,"M",0,0.25,1,"HIGH HIGH MED",NA
25,4,63.8625068040165,24,0,0.497048385953597,"M",0,0.25,1,"HIGH HIGH MED",NA
25,5,61.8802507765468,24,0,0.499713912095883,"M",0,0.25,1,"HIGH HIGH MED",NA
25,6,128.420392533917,26,2,2.49940153590129,"M",0,0.25,1,"HIGH HIGH MED",NA
25,7,167.814313343032,28,4,4.4981400080648,"M",0,0.25,1,"HIGH HIGH MED",NA
25,8,194.195678372399,28,4,4.49966316287479,"M",0,0.25,1,"HIGH HIGH MED",NA
25,9,158.367317945257,28,4,4.5016528342293,"M",0,0.25,1,"HIGH HIGH MED",NA
25,10,117.602065619858,26,2,2.50035659618448,"M",0,0.25,1,"HIGH HIGH MED",NA
26,1,164.265115589832,30,5,5.50082559907671,"M",0,0.25,1,"HIGH HIGH MED",NA
26,2,189.384498404516,32,7,7.50006443815194,"M",0,0.25,1,"HIGH HIGH MED",NA
26,3,63.612420707293,25,0,0.500240369984416,"M",0,0.25,1,"HIGH HIGH MED",NA
26,4,162.790936466332,29,4,4.50025609238704,"M",0,0.25,1,"HIGH HIGH MED",NA
26,5,104.922404988776,26,1,1.50010310993713,"M",0,0.25,1,"HIGH HIGH MED",NA
26,6,154.824669836749,29,4,4.4997802232503,"M",0,0.25,1,"HIGH HIGH MED",NA
26,7,187.949403340831,30,5,5.49804680664018,"M",0,0.25,1,"HIGH HIGH MED",NA
26,8,62.1053374052584,25,0,0.500095693173008,"M",0,0.25,1,"HIGH HIGH MED",NA
26,9,66.5130325876037,25,0,0.500445566086517,"M",0,0.25,1,"HIGH HIGH MED",NA
26,10,103.790306519654,26,1,1.49921063429966,"M",0,0.25,1,"HIGH HIGH MED",NA
26,11,123.911053941615,27,2,2.49982343147286,"M",0,0.25,1,"HIGH HIGH MED",NA
27,1,125.610116723818,28,2,2.49894918799514,"M",0,0.25,1,"HIGH HIGH MED",NA
27,2,62.468829921677,26,0,0.499476140798152,"M",0,0.25,1,"HIGH HIGH MED",NA
27,3,128.961976033603,28,2,2.49821621545062,"M",0,0.25,1,"HIGH HIGH MED",NA
27,4,196.924023290017,33,7,7.50044256310464,"M",0,0.25,1,"HIGH HIGH MED",NA
27,5,61.8160264013654,26,0,0.501547723729658,"M",0,0.25,1,"HIGH HIGH MED",NA
27,6,62.8251104415593,26,0,0.500559981427361,"M",0,0.25,1,"HIGH HIGH MED",NA
27,7,132.691805924595,28,2,2.49986708468681,"M",0,0.25,1,"HIGH HIGH MED",NA
27,8,169.492538210948,30,4,4.50157707614208,"M",0,0.25,1,"HIGH HIGH MED",NA
27,9,63.8349467620035,26,0,0.499666767151214,"M",0,0.25,1,"HIGH HIGH MED",NA
27,10,63.8232371549536,26,0,0.500547562065889,"M",0,0.25,1,"HIGH HIGH MED",NA
27,11,216.944121514562,39,13,13.5003610245752,"M",0,0.25,1,"HIGH HIGH MED",NA
28,1,157.860612008712,31,4,4.4998968898615,"M",0,0.25,1,"HIGH HIGH MED",NA
28,2,171.828123136035,32,5,5.49980002477057,"M",0,0.25,1,"HIGH HIGH MED",NA
28,3,63.1951078581646,27,0,0.500418193718718,"M",0,0.25,1,"HIGH HIGH MED",NA
28,4,174.321080598913,33,6,6.49897074755774,"M",0,0.25,1,"HIGH HIGH MED",NA
28,5,233.128948964051,41,14,14.5006232550878,"M",0,0.25,1,"HIGH HIGH MED",NA
28,6,209.289941381493,36,9,9.49889264438468,"M",0,0.25,1,"HIGH HIGH MED",NA
28,7,62.0891590173756,27,0,0.499922733767033,"M",0,0.25,1,"HIGH HIGH MED",NA
28,8,173.359278353639,32,5,5.50120018963931,"M",0,0.25,1,"HIGH HIGH MED",NA
28,9,63.1621830153992,27,0,0.499661190776383,"M",0,0.25,1,"HIGH HIGH MED",NA
28,10,154.167501774682,30,3,3.49829257226831,"M",0,0.25,1,"HIGH HIGH MED",NA
28,11,176.54158601159,32,5,5.50041849391705,"M",0,0.25,1,"HIGH HIGH MED",NA
29,1,193.425789150506,36,8,8.49984840369462,"M",0,0.25,1,"HIGH HIGH MED",NA
29,2,148.325904864121,31,3,3.50040878188654,"M",0,0.25,1,"HIGH HIGH MED",NA
29,3,63.4039062952235,28,0,0.500429631466718,"M",0,0.25,1,"HIGH HIGH MED",NA
29,4,162.940656333148,32,4,4.5026044578938,"M",0,0.25,1,"HIGH HIGH MED",NA
29,5,61.8844932239137,28,0,0.499813681835143,"M",0,0.25,1,"HIGH HIGH MED",NA
29,6,64.7266461458599,28,0,0.499164718359091,"M",0,0.25,1,"HIGH HIGH MED",NA
29,7,140.705736904704,31,3,3.50120959808199,"M",0,0.25,1,"HIGH HIGH MED",NA
29,8,62.2880235571188,28,0,0.498512774944903,"M",0,0.25,1,"HIGH HIGH MED",NA
29,9,98.3619024706454,29,1,1.4991999903401,"M",0,0.25,1,"HIGH HIGH MED",NA
29,10,142.491734843197,31,3,3.4991080638376,"M",0,0.25,1,"HIGH HIGH MED",NA
29,11,96.7423997593129,29,1,1.49947709751299,"M",0,0.25,1,"HIGH HIGH MED",NA
29,12,100.571325476763,29,1,1.50056593420023,"M",0,0.25,1,"HIGH HIGH MED",NA
29,13,63.7199440706359,28,0,0.500138762430106,"M",0,0.25,1,"HIGH HIGH MED",NA
30,1,62.0069297967371,29,0,0.498440386159887,"M",0,0.25,1,"HIGH HIGH MED",NA
30,2,99.3463252277757,30,1,1.50161759970916,"M",0,0.25,1,"HIGH HIGH MED",NA
30,3,197.351894983009,36,7,7.50158128021283,"M",0,0.25,1,"HIGH HIGH MED",NA
30,4,101.919513474068,30,1,1.50097863561,"M",0,0.25,1,"HIGH HIGH MED",NA
30,5,105.23046287192,30,1,1.50142516210552,"M",0,0.25,1,"HIGH HIGH MED",NA
30,6,179.426338032133,36,7,7.50061704308612,"M",0,0.25,1,"HIGH HIGH MED",NA
30,7,66.3909091575199,29,0,0.500000936024863,"M",0,0.25,1,"HIGH HIGH MED",NA
30,8,189.109929090027,35,6,6.5009760366729,"M",0,0.25,1,"HIGH HIGH MED",NA
30,9,130.532934971038,31,2,2.5000044391648,"M",0,0.25,1,"HIGH HIGH MED",NA
30,10,103.76335217191,30,1,1.50036767731753,"M",0,0.25,1,"HIGH HIGH MED",NA
30,11,150.993429810037,33,4,4.50170057956061,"M",0,0.25,1,"HIGH HIGH MED",NA
31,1,187.712718314564,41,11,11.499920004317,"M",0,0.25,1,"HIGH HIGH MED",NA
31,2,98.0696023465932,31,1,1.50145943457722,"M",0,0.25,1,"HIGH HIGH MED",NA
31,3,152.204897024968,33,3,3.50099060492001,"M",0,0.25,1,"HIGH HIGH MED",NA
31,4,60.7113568915429,30,0,0.500165555960284,"M",0,0.25,1,"HIGH HIGH MED",NA
31,5,123.641530891037,32,2,2.5002035142398,"M",0,0.25,1,"HIGH HIGH MED",NA
31,6,174.709463793436,35,5,5.50087390202583,"M",0,0.25,1,"HIGH HIGH MED",NA
31,7,182.758682253098,35,5,5.49966045996687,"M",0,0.25,1,"HIGH HIGH MED",NA
31,8,142.751746320709,33,3,3.49933462008619,"M",0,0.25,1,"HIGH HIGH MED",NA
31,9,96.9318217659389,31,1,1.49961925536584,"M",0,0.25,1,"HIGH HIGH MED",NA
31,10,178.280192026555,34,4,4.5007366728295,"M",0,0.25,1,"HIGH HIGH MED",NA
31,11,64.0742866597116,30,0,0.499432140021101,"M",0,0.25,1,"HIGH HIGH MED",NA
31,12,64.5852880090464,30,0,0.500035732587741,"M",0,0.25,1,"HIGH HIGH MED",NA
31,13,61.8626525767251,30,0,0.49979501358263,"M",0,0.25,1,"HIGH HIGH MED",NA
32,1,104.814067602931,32,1,1.49923066105101,"M",0,0.25,1,"HIGH HIGH MED",NA
32,2,150.022447301841,34,3,3.50217911291475,"M",0,0.25,1,"HIGH HIGH MED",NA
32,3,202.366905615244,39,8,8.49977083508111,"M",0,0.25,1,"HIGH HIGH MED",NA
32,4,62.0366710331252,31,0,0.500425122235881,"M",0,0.25,1,"HIGH HIGH MED",NA
32,5,123.045527685832,33,2,2.50041705631193,"M",0,0.25,1,"HIGH HIGH MED",NA
32,6,197.658667473652,39,8,8.49956728806746,"M",0,0.25,1,"HIGH HIGH MED",NA
32,7,146.273328303047,34,3,3.49966491337031,"M",0,0.25,1,"HIGH HIGH MED",NA
32,8,64.3810592903225,31,0,0.499740792764812,"M",0,0.25,1,"HIGH HIGH MED",NA
32,9,189.576632166658,37,6,6.50054206672011,"M",0,0.25,1,"HIGH HIGH MED",NA
32,10,199.378441699277,38,7,7.50055164480014,"M",0,0.25,1,"HIGH HIGH MED",NA
32,11,61.0681716037411,31,0,0.499842268981569,"M",0,0.25,1,"HIGH HIGH MED",NA
33,1,173.373117064214,36,4,4.49877888163296,"M",0,0.25,1,"HIGH HIGH MED",NA
33,2,134.84540562424,34,2,2.49988799186275,"M",0,0.25,1,"HIGH HIGH MED",NA
33,3,66.369638813708,32,0,0.499782819068353,"M",0,0.25,1,"HIGH HIGH MED",NA
33,4,96.2603137421526,33,1,1.49956121358834,"M",0,0.25,1,"HIGH HIGH MED",NA
33,5,244.118857032877,46,14,14.4990632021799,"M",0,0.25,1,"HIGH HIGH MED",NA
33,6,63.9993421940829,32,0,0.501031161092382,"M",0,0.25,1,"HIGH HIGH MED",NA
33,7,59.9233822992599,32,0,0.500556570112316,"M",0,0.25,1,"HIGH HIGH MED",NA
33,8,104.283075749312,33,1,1.49983104221298,"M",0,0.25,1,"HIGH HIGH MED",NA
33,9,60.5156062330124,32,0,0.498847149422106,"M",0,0.25,1,"HIGH HIGH MED",NA
33,10,127.900574155854,34,2,2.49885061934116,"M",0,0.25,1,"HIGH HIGH MED",NA
33,11,61.7086443993549,32,0,0.501248077626581,"M",0,0.25,1,"HIGH HIGH MED",NA
33,12,166.644414308492,38,6,6.49929186533618,"M",0,0.25,1,"HIGH HIGH MED",NA
34,1,146.744040485594,36,3,3.49856435764511,"M",0,0.25,1,"HIGH HIGH MED",NA
34,2,99.9024163021816,34,1,1.49950725998735,"M",0,0.25,1,"HIGH HIGH MED",NA
34,3,140.483325399395,36,3,3.49934421877362,"M",0,0.25,1,"HIGH HIGH MED",NA
34,4,66.115362015838,33,0,0.501737261334015,"M",0,0.25,1,"HIGH HIGH MED",NA
34,5,62.7599184611905,33,0,0.501444845563325,"M",0,0.25,1,"HIGH HIGH MED",NA
34,6,152.069167642058,39,6,6.49931632515958,"M",0,0.25,1,"HIGH HIGH MED",NA
34,7,63.3829945446085,33,0,0.501177202028851,"M",0,0.25,1,"HIGH HIGH MED",NA
34,8,162.108396705514,39,6,6.50150622778589,"M",0,0.25,1,"HIGH HIGH MED",NA
34,9,175.748221968166,37,4,4.50000570825027,"M",0,0.25,1,"HIGH HIGH MED",NA
34,10,181.260869363452,38,5,5.50179297196273,"M",0,0.25,1,"HIGH HIGH MED",NA
34,11,64.2851045888356,33,0,0.498775485055726,"M",0,0.25,1,"HIGH HIGH MED",NA
34,12,187.870157455726,40,7,7.50126510477622,"M",0,0.25,1,"HIGH HIGH MED",NA
34,13,64.1203350258272,33,0,0.501406058479687,"M",0,0.25,1,"HIGH HIGH MED",NA
35,1,147.102409804372,38,4,4.50035014031458,"M",0,0.25,1,"HIGH HIGH MED",NA
35,2,61.0931759707365,34,0,0.500923136176682,"M",0,0.25,1,"HIGH HIGH MED",NA
35,3,93.048127629745,35,1,1.50059396225212,"M",0,0.25,1,"HIGH HIGH MED",NA
35,4,63.3034208976332,34,0,0.500796166040201,"M",0,0.25,1,"HIGH HIGH MED",NA
35,5,178.826265870885,39,5,5.50012901332451,"M",0,0.25,1,"HIGH HIGH MED",NA
35,6,247.212753102822,47,13,13.4997285652059,"M",0,0.25,1,"HIGH HIGH MED",NA
35,7,126.411982155497,36,2,2.49880194884769,"M",0,0.25,1,"HIGH HIGH MED",NA
35,8,165.683923149927,38,4,4.50098313138191,"M",0,0.25,1,"HIGH HIGH MED",NA
35,9,97.0770898244672,35,1,1.49903539350563,"M",0,0.25,1,"HIGH HIGH MED",NA
35,10,61.3038635530428,34,0,0.499703776724703,"M",0,0.25,1,"HIGH HIGH MED",NA
35,11,63.2114144926268,34,0,0.499053262350055,"M",0,0.25,1,"HIGH HIGH MED",NA
36,1,64.1925954493763,35,0,0.499763476441532,"M",0,0.25,1,"HIGH HIGH MED",NA
36,2,61.1605051307022,35,0,0.500469307220795,"M",0,0.25,1,"HIGH HIGH MED",NA
36,3,95.7892708085053,36,1,1.49981514928999,"M",0,0.25,1,"HIGH HIGH MED",NA
36,4,159.358863037417,40,5,5.49898904688518,"M",0,0.25,1,"HIGH HIGH MED",NA
36,5,137.558432428886,38,3,3.50236680290977,"M",0,0.25,1,"HIGH HIGH MED",NA
36,6,65.3104970979582,35,0,0.500489536211761,"M",0,0.25,1,"HIGH HIGH MED",NA
36,7,132.723572386323,37,2,2.49906149488242,"M",0,0.25,1,"HIGH HIGH MED",NA
36,8,61.1043402295028,35,0,0.500820818719358,"M",0,0.25,1,"HIGH HIGH MED",NA
36,9,62.8179128484812,35,0,0.500771367404397,"M",0,0.25,1,"HIGH HIGH MED",NA
36,10,64.9187703153183,35,0,0.498975670637932,"M",0,0.25,1,"HIGH HIGH MED",NA
36,11,164.309870047527,40,5,5.50306047405248,"M",0,0.25,1,"HIGH HIGH MED",NA
36,12,192.953308383786,47,12,12.5004182719707,"M",0,0.25,1,"HIGH HIGH MED",NA
37,1,143.942089281136,39,3,3.49928912868259,"M",0,0.25,1,"HIGH HIGH MED",NA
37,2,61.1830077375744,36,0,0.49994812637995,"M",0,0.25,1,"HIGH HIGH MED",NA
37,3,64.8398069660248,36,0,0.501478889097856,"M",0,0.25,1,"HIGH HIGH MED",NA
37,4,102.836209471469,37,1,1.50033985782962,"M",0,0.25,1,"HIGH HIGH MED",NA
37,5,159.322447926386,42,6,6.49985491524859,"M",0,0.25,1,"HIGH HIGH MED",NA
37,6,62.2745578432918,36,0,0.500776919223418,"M",0,0.25,1,"HIGH HIGH MED",NA
37,7,198.666636076385,44,8,8.50033671375585,"M",0,0.25,1,"HIGH HIGH MED",NA
37,8,93.3236585493596,37,1,1.49916845092486,"M",0,0.25,1,"HIGH HIGH MED",NA
37,9,120.866512789645,38,2,2.50111827825986,"M",0,0.25,1,"HIGH HIGH MED",NA
37,10,184.582225672111,50,14,14.4979618256044,"M",0.386496377666481,0.25,1,"HIGH HIGH MED",NA
38,1,121.826873840427,39,2,2.5020257383285,"M",0,0.25,1,"HIGH HIGH MED",NA
38,2,62.9153801854127,37,0,0.498951954170517,"M",0,0.25,1,"HIGH HIGH MED",NA
38,3,215.068629547902,49,12,12.4996423185531,"M",0,0.25,1,"HIGH HIGH MED",NA
38,4,63.3308612980458,37,0,0.499149708229575,"M",0,0.25,1,"HIGH HIGH MED",NA
38,5,60.633211559159,37,0,0.500490069330699,"M",0,0.25,1,"HIGH HIGH MED",NA
38,6,202.429523196331,47,10,10.5004099691603,"M",0,0.25,1,"HIGH HIGH MED",NA
38,7,63.601862981369,37,0,0.500527391885712,"M",0,0.25,1,"HIGH HIGH MED",NA
38,8,164.592362270833,42,5,5.4996181035574,"M",0,0.25,1,"HIGH HIGH MED",NA
38,9,100.956182439543,38,1,1.4993852727876,"M",0,0.25,1,"HIGH HIGH MED",NA
38,10,170.006225186934,41,4,4.49966167872537,"M",0,0.25,1,"HIGH HIGH MED",NA
38,11,94.1411150599989,38,1,1.5006544947144,"M",0,0.25,1,"HIGH HIGH MED",NA
38,12,63.007929507841,37,0,0.498813243923314,"M",0,0.25,1,"HIGH HIGH MED",NA
39,1,188.518463539184,43,5,5.49854033909788,"M",0,0.25,1,"HIGH HIGH MED",NA
39,2,94.737592271943,39,1,1.4979577207,"M",0,0.25,1,"HIGH HIGH MED",NA
39,3,159.294428166538,41,3,3.49916752616345,"M",0,0.25,1,"HIGH HIGH MED",NA
39,4,127.139823248918,40,2,2.50141318601832,"M",0,0.25,1,"HIGH HIGH MED",NA
39,5,65.0304881395045,38,0,0.499581552375748,"M",0,0.25,1,"HIGH HIGH MED",NA
39,6,148.740487314328,41,3,3.50062292774447,"M",0,0.25,1,"HIGH HIGH MED",NA
39,7,170.178924650186,44,6,6.50202228114391,"M",0,0.25,1,"HIGH HIGH MED",NA
39,8,62.2504283842937,38,0,0.498303213810257,"M",0,0.25,1,"HIGH HIGH MED",NA
39,9,175.607243777293,41,3,3.49965447465271,"M",0,0.25,1,"HIGH HIGH MED",NA
39,10,61.2941745757861,38,0,0.500943505145777,"M",0,0.25,1,"HIGH HIGH MED",NA
39,11,180.425233027074,43,5,5.50255486064164,"M",0,0.25,1,"HIGH HIGH MED",NA
39,12,150.376492510615,41,3,3.49987651670245,"M",0,0.25,1,"HIGH HIGH MED",NA
39,13,176.56934341698,43,5,5.50076848607786,"M",0,0.25,1,"HIGH HIGH MED",NA
40,1,159.054553124195,42,3,3.49973321371414,"M",0,0.25,1,"HIGH HIGH MED",NA
40,2,166.462647683186,43,4,4.50046020259201,"M",0,0.25,1,"HIGH HIGH MED",NA
40,3,197.368168485794,46,7,7.4991366817622,"M",0,0.25,1,"HIGH HIGH MED",NA
40,4,201.073367766695,47,8,8.50027802590509,"M",0,0.25,1,"HIGH HIGH MED",NA
40,5,59.4601020625535,39,0,0.501560193606374,"M",0,0.25,1,"HIGH HIGH MED",NA
40,6,124.928479002957,41,2,2.49771691024803,"M",0,0.25,1,"HIGH HIGH MED",NA
40,7,229.346233169818,51,12,12.4998917090038,"FISHED",0.353753426927142,0.25,1,"HIGH HIGH MED",NA
40,8,101.371401117739,40,1,1.50099325518233,"M",0,0.25,1,"HIGH HIGH MED",NA
40,9,148.974878113321,42,3,3.50086467372441,"M",0,0.25,1,"HIGH HIGH MED",NA
40,10,99.9714374553502,40,1,1.5011947029472,"M",0,0.25,1,"HIGH HIGH MED",NA
40,11,178.79209502304,43,4,4.50033327826404,"M",0,0.25,1,"HIGH HIGH MED",NA
40,12,158.758494755908,42,3,3.49956812621156,"M",0,0.25,1,"HIGH HIGH MED",NA
40,13,169.326442113021,43,4,4.50016343703404,"M",0,0.25,1,"HIGH HIGH MED",NA
40,14,151.524358760596,42,3,3.49951751150976,"M",0,0.25,1,"HIGH HIGH MED",NA
41,1,95.7962524851081,41,1,1.49945525130149,"M",0,0.25,1,"HIGH HIGH MED",NA
41,2,63.5445086922266,40,0,0.500310317381045,"M",0,0.25,1,"HIGH HIGH MED",NA
41,3,94.2161126103416,41,1,1.49971774772553,"M",0,0.25,1,"HIGH HIGH MED",NA
41,4,60.013773712872,40,0,0.49974726714891,"M",0,0.25,1,"HIGH HIGH MED",NA
41,5,63.4468136911683,40,0,0.499551393698518,"M",0,0.25,1,"HIGH HIGH MED",NA
41,6,117.654772922195,42,2,2.49864216522194,"M",0,0.25,1,"HIGH HIGH MED",NA
41,7,63.4650919221426,40,0,0.499978373553058,"M",0,0.25,1,"HIGH HIGH MED",NA
41,8,64.4434432336377,40,0,0.500681887970013,"M",0,0.25,1,"HIGH HIGH MED",NA
41,9,121.630092123871,42,2,2.49935087904585,"M",0,0.25,1,"HIGH HIGH MED",NA
41,10,180.662405162213,44,4,4.50046235243944,"M",0,0.25,1,"HIGH HIGH MED",NA
41,11,186.22731059613,47,7,7.50051440247841,"M",0,0.25,1,"HIGH HIGH MED",NA
41,12,205.308112272528,50,10,10.5001429575592,"M",0.386496377666481,0.25,1,"HIGH HIGH MED",NA
41,13,61.2119989901989,40,0,0.500426061917772,"M",0,0.25,1,"HIGH HIGH MED",NA
41,14,148.584560692564,43,3,3.50133020720119,"M",0,0.25,1,"HIGH HIGH MED",NA
42,1,93.7006351369439,42,1,1.50067358242503,"M",0,0.25,1,"HIGH HIGH MED",NA
42,2,169.938350752609,46,5,5.50132277184025,"M",0,0.25,1,"HIGH HIGH MED",NA
42,3,209.480867219967,48,7,7.50025115170466,"M",0,0.25,1,"HIGH HIGH MED",NA
42,4,173.60913062802,47,6,6.49911282201644,"M",0,0.25,1,"HIGH HIGH MED",NA
42,5,93.3540833154041,42,1,1.49877654542879,"M",0,0.25,1,"HIGH HIGH MED",NA
42,6,64.6045355064147,41,0,0.499185686960844,"M",0,0.25,1,"HIGH HIGH MED",NA
42,7,141.410857417372,44,3,3.49971260263003,"M",0,0.25,1,"HIGH HIGH MED",NA
42,8,120.429147378138,43,2,2.50003236039303,"M",0,0.25,1,"HIGH HIGH MED",NA
42,9,62.7941340104034,41,0,0.499534649881905,"M",0,0.25,1,"HIGH HIGH MED",NA
42,10,149.450560171766,44,3,3.49881513648269,"M",0,0.25,1,"HIGH HIGH MED",NA
42,11,61.712801034491,41,0,0.501329031260536,"M",0,0.25,1,"HIGH HIGH MED",NA
42,12,194.570910299098,49,8,8.50075544150708,"M",0,0.25,1,"HIGH HIGH MED",NA
42,13,197.579048062768,51,10,10.4997256992921,"FISHED",0.353753426927142,0.25,1,"HIGH HIGH MED",NA
43,1,185.287958410889,47,5,5.50044256293444,"M",0,0.25,1,"HIGH HIGH MED",NA
43,2,167.263250873852,47,5,5.50093808537755,"M",0,0.25,1,"HIGH HIGH MED",NA
43,3,150.795358778573,45,3,3.50076798680271,"M",0,0.25,1,"HIGH HIGH MED",NA
43,4,205.281458594003,51,9,9.5012386566648,"FISHED",0.353753426927142,0.25,1,"HIGH HIGH MED",NA
43,5,62.4754194060522,42,0,0.499762698365165,"M",0,0.25,1,"HIGH HIGH MED",NA
43,6,93.4839931703602,43,1,1.50067390127058,"M",0,0.25,1,"HIGH HIGH MED",NA
43,7,62.9744946972456,42,0,0.501390875686344,"M",0,0.25,1,"HIGH HIGH MED",NA
43,8,61.9072826252791,42,0,0.499617580677638,"M",0,0.25,1,"HIGH HIGH MED",NA
43,9,131.024088012263,44,2,2.50042234410508,"M",0,0.25,1,"HIGH HIGH MED",NA
43,10,137.36287849004,45,3,3.50154594205035,"M",0,0.25,1,"HIGH HIGH MED",NA
43,11,167.471567497295,50,8,8.49973084432212,"FISHED",0.386496377666481,0.25,1,"HIGH HIGH MED",NA
44,1,97.4683833828303,44,1,1.5021890448528,"M",0,0.25,1,"HIGH HIGH MED",NA
44,2,210.217967681759,52,9,9.49992874950659,"FISHED",0.31100519427564,0.25,1,"HIGH HIGH MED",NA
44,3,163.908288557319,48,5,5.49926871141984,"M",0,0.25,1,"HIGH HIGH MED",NA
44,4,133.840570779037,45,2,2.49869776546035,"M",0,0.25,1,"HIGH HIGH MED",NA
44,5,96.7668471096628,44,1,1.50181362712189,"M",0,0.25,1,"HIGH HIGH MED",NA
44,6,197.61874803598,53,10,10.5005804501948,"M",0.37789646028541,0.25,1,"HIGH HIGH MED",NA
44,7,188.460440667863,49,6,6.49945735329243,"M",0,0.25,1,"HIGH HIGH MED",NA
44,8,61.1193841873762,43,0,0.50065593020929,"M",0,0.25,1,"HIGH HIGH MED",NA
44,9,62.902974548174,43,0,0.500262736656696,"M",0,0.25,1,"HIGH HIGH MED",NA
44,10,210.767388178104,50,7,7.5005199210817,"M",0.386496377666481,0.25,1,"HIGH HIGH MED",NA
44,11,126.547529514965,45,2,2.50124394233702,"M",0,0.25,1,"HIGH HIGH MED",NA
44,12,96.6195543010259,44,1,1.50049431595496,"M",0,0.25,1,"HIGH HIGH MED",NA
45,1,156.548400746565,48,4,4.49952886765421,"M",0,0.25,1,"HIGH HIGH MED",NA
45,2,161.704675883358,50,6,6.50025912608578,"FISHED",0.386496377666481,0.25,1,"HIGH HIGH MED",NA
45,3,173.445672099664,51,7,7.50076293493914,"FISHED",0.353753426927142,0.25,1,"HIGH HIGH MED",NA
45,4,182.454700396678,50,6,6.49973684891385,"FISHED",0.386496377666481,0.25,1,"HIGH HIGH MED",NA
45,5,61.1025528208264,44,0,0.499585555031188,"M",0,0.25,1,"HIGH HIGH MED",NA
45,6,208.576509574272,51,7,7.50156379067924,"M",0.353753426927142,0.25,1,"HIGH HIGH MED",NA
45,7,94.4833369714153,45,1,1.49890479710916,"M",0,0.25,1,"HIGH HIGH MED",NA
45,8,120.186650393387,46,2,2.50153251783368,"M",0,0.25,1,"HIGH HIGH MED",NA
45,9,180.057153129167,50,6,6.4985410975316,"FISHED",0.386496377666481,0.25,1,"HIGH HIGH MED",NA
45,10,97.4555958801573,45,1,1.50064408313329,"M",0,0.25,1,"HIGH HIGH MED",NA
45,11,146.24641668787,47,3,3.50027879362258,"M",0,0.25,1,"HIGH HIGH MED",NA
46,1,134.276400279867,47,2,2.500222712766,"M",0,0.25,1,"HIGH HIGH MED",NA
46,2,93.5386838588216,46,1,1.49875535339431,"M",0,0.25,1,"HIGH HIGH MED",NA
46,3,164.706521692078,50,5,5.49994440859792,"FISHED",0.386496377666481,0.25,1,"HIGH HIGH MED",NA
46,4,101.371646743065,46,1,1.49840397009876,"M",0,0.25,1,"HIGH HIGH MED",NA
46,5,91.5502234867758,46,1,1.49912142275372,"M",0,0.25,1,"HIGH HIGH MED",NA
46,6,148.715340976478,48,3,3.49962411884382,"M",0,0.25,1,"HIGH HIGH MED",NA
46,7,129.545182663574,47,2,2.49961471851423,"M",0,0.25,1,"HIGH HIGH MED",NA
46,8,62.0269730354171,45,0,0.500216674490148,"M",0,0.25,1,"HIGH HIGH MED",NA
46,9,61.1288004066903,45,0,0.500336906630991,"M",0,0.25,1,"HIGH HIGH MED",NA
46,10,169.284505667686,51,6,6.49885778669336,"FISHED",0.353753426927142,0.25,1,"HIGH HIGH MED",NA
46,11,194.732852487948,50,5,5.49990871016021,"M",0.386496377666481,0.25,1,"HIGH HIGH MED",NA
46,12,61.3902040686006,45,0,0.50048587703032,"M",0,0.25,1,"HIGH HIGH MED",NA
47,1,63.1460425527701,46,0,0.50110748806935,"M",0,0.25,1,"HIGH HIGH MED",NA
47,2,63.1469402532095,46,0,0.500650403465281,"M",0,0.25,1,"HIGH HIGH MED",NA
47,3,155.542784066189,50,4,4.50046293658258,"FISHED",0.386496377666481,0.25,1,"HIGH HIGH MED",NA
47,4,146.007148056318,49,3,3.49869362054488,"M",0,0.25,1,"HIGH HIGH MED",NA
47,5,163.684625318057,50,4,4.49969037108887,"M",0.386496377666481,0.25,1,"HIGH HIGH MED",NA
47,6,66.7378096026364,46,0,0.500251866983182,"M",0,0.25,1,"HIGH HIGH MED",NA
47,7,127.258287832472,48,2,2.50006746250339,"M",0,0.25,1,"HIGH HIGH MED",NA
47,8,172.753844082546,50,4,4.49961146025957,"FISHED",0.386496377666481,0.25,1,"HIGH HIGH MED",NA
47,9,196.95978510413,54,8,8.50033302158757,"M",0.38273062852677,0.25,1,"HIGH HIGH MED",NA
47,10,163.080207582443,50,4,4.49975007714786,"M",0.386496377666481,0.25,1,"HIGH HIGH MED",NA
47,11,182.93269848429,50,4,4.50086260830542,"FISHED",0.386496377666481,0.25,1,"HIGH HIGH MED",NA
47,12,176.322983846128,52,6,6.50017282011591,"M",0.31100519427564,0.25,1,"HIGH HIGH MED",NA
47,13,96.7279173880095,47,1,1.49996540757084,"M",0,0.25,1,"HIGH HIGH MED",NA
47,14,140.848300950324,49,3,3.49855400862917,"M",0,0.25,1,"HIGH HIGH MED",NA
48,1,156.925081122571,50,3,3.50121050060423,"M",0.386496377666481,0.25,1,"HIGH HIGH MED",NA
48,2,122.047210731735,49,2,2.50184934896734,"M",0,0.25,1,"HIGH HIGH MED",NA
48,3,188.582074355013,53,6,6.49917730905727,"FISHED",0.37789646028541,0.25,1,"HIGH HIGH MED",NA
48,4,142.325210058648,50,3,3.50253644749931,"M",0.386496377666481,0.25,1,"HIGH HIGH MED",NA
48,5,100.383577621201,48,1,1.49994772371076,"M",0,0.25,1,"HIGH HIGH MED",NA
48,6,61.8784611744801,47,0,0.500537726985136,"M",0,0.25,1,"HIGH HIGH MED",NA
48,7,156.974583640933,51,4,4.50058049521125,"FISHED",0.353753426927142,0.25,1,"HIGH HIGH MED",NA
48,8,66.0250844347324,47,0,0.499901045210927,"M",0,0.25,1,"HIGH HIGH MED",NA
48,9,95.7307131477163,48,1,1.50068846054119,"M",0,0.25,1,"HIGH HIGH MED",NA
48,10,142.607727648187,49,2,2.50065921608468,"M",0,0.25,1,"HIGH HIGH MED",NA
48,11,155.446412175162,50,3,3.49849778194393,"FISHED",0.386496377666481,0.25,1,"HIGH HIGH MED",NA
48,12,101.461997047501,48,1,1.50012626953029,"M",0,0.25,1,"HIGH HIGH MED",NA
48,13,144.082414830324,50,3,3.50100447376577,"M",0.386496377666481,0.25,1,"HIGH HIGH MED",NA
49,1,122.772678549894,50,2,2.50015007401867,"FISHED",0.386496377666481,0.25,1,"HIGH HIGH MED",NA
49,2,172.974775049756,52,4,4.49921429653249,"M",0.31100519427564,0.25,1,"HIGH HIGH MED",NA
49,3,125.178257295134,50,2,2.49878629987171,"M",0.386496377666481,0.25,1,"HIGH HIGH MED",NA
49,4,60.04509837442,48,0,0.500838108472349,"M",0,0.25,1,"HIGH HIGH MED",NA
49,5,127.287740151612,50,2,2.50081771375891,"FISHED",0.386496377666481,0.25,1,"HIGH HIGH MED",NA
49,6,154.331513241883,52,4,4.50031946439614,"M",0.31100519427564,0.25,1,"HIGH HIGH MED",NA
49,7,95.8839576253627,49,1,1.50039925789482,"M",0,0.25,1,"HIGH HIGH MED",NA
49,8,126.269659979808,50,2,2.50049127968665,"FISHED",0.386496377666481,0.25,1,"HIGH HIGH MED",NA
49,9,144.460648081925,51,3,3.50026812435048,"FISHED",0.353753426927142,0.25,1,"HIGH HIGH MED",NA
49,10,200.565610078887,55,7,7.49870023689845,"FISHED",0.39344666369725,0.25,1,"HIGH HIGH MED",NA
49,11,97.1838512797875,49,1,1.50096840440137,"M",0,0.25,1,"HIGH HIGH MED",NA
49,12,63.8437024311197,48,0,0.49954805322938,"M",0,0.25,1,"HIGH HIGH MED",NA
50,1,95.2483413770537,50,1,1.49891091940148,"FISHED",0.386496377666481,0.25,1,"HIGH HIGH MED",NA
50,2,118.554152810385,51,2,2.50065848314633,"M",0.353753426927142,0.25,1,"HIGH HIGH MED",NA
50,3,95.4592861612744,50,1,1.50026611240694,"M",0.386496377666481,0.25,1,"HIGH HIGH MED",NA
50,4,129.46004325132,51,2,2.49966480704612,"FISHED",0.353753426927142,0.25,1,"HIGH HIGH MED",NA
50,5,175.26470660464,54,5,5.50132740757814,"FISHED",0.38273062852677,0.25,1,"HIGH HIGH MED",NA
50,6,95.7772705184987,50,1,1.49951904318135,"M",0.386496377666481,0.25,1,"HIGH HIGH MED",NA
50,7,90.46834125256,50,1,1.50019302178659,"FISHED",0.386496377666481,0.25,1,"HIGH HIGH MED",NA
50,8,96.0914646163766,50,1,1.50218545469206,"FISHED",0.386496377666481,0.25,1,"HIGH HIGH MED",NA
50,9,94.4603024021098,50,1,1.49892783345006,"FISHED",0.386496377666481,0.25,1,"HIGH HIGH MED",NA
50,10,60.514063909434,49,0,0.500034598301474,"M",0,0.25,1,"HIGH HIGH MED",NA
50,11,63.2787220359938,49,0,0.500283593201645,"M",0,0.25,1,"HIGH HIGH MED",NA
51,1,62.3428375597382,50,0,0.499541319888131,"FISHED",0.386496377666481,0.25,1,"HIGH HIGH MED",NA
51,2,100.169834718402,51,1,1.50125299285872,"FISHED",0.353753426927142,0.25,1,"HIGH HIGH MED",NA
51,3,100.497448751195,51,1,1.50044615409895,"FISHED",0.353753426927142,0.25,1,"HIGH HIGH MED",NA
51,4,97.9435607160903,51,1,1.50111159535783,"FISHED",0.353753426927142,0.25,1,"HIGH HIGH MED",NA
51,5,62.5224941117571,50,0,0.498323927852474,"M",0.386496377666481,0.25,1,"HIGH HIGH MED",NA
51,6,95.2819095793753,51,1,1.50102530689267,"FISHED",0.353753426927142,0.25,1,"HIGH HIGH MED",NA
51,7,160.491094795849,53,3,3.50096334251983,"FISHED",0.37789646028541,0.25,1,"HIGH HIGH MED",NA
51,8,129.036179040452,52,2,2.50091879469074,"FISHED",0.31100519427564,0.25,1,"HIGH HIGH MED",NA
51,9,139.927661974742,53,3,3.50146888390205,"M",0.37789646028541,0.25,1,"HIGH HIGH MED",NA
52,1,98.825142463675,52,1,1.50087021442696,"M",0.31100519427564,0.25,1,"HIGH HIGH MED",NA
52,2,97.4620707810168,52,1,1.50017903756632,"FISHED",0.31100519427564,0.25,1,"HIGH HIGH MED",NA
52,3,65.1555190517879,51,0,0.498938500195372,"FISHED",0.353753426927142,0.25,1,"HIGH HIGH MED",NA
52,4,61.5709977811804,51,0,0.499859563369956,"FISHED",0.353753426927142,0.25,1,"HIGH HIGH MED",NA
52,5,143.69984422357,54,3,3.50069972527738,"FISHED",0.38273062852677,0.25,1,"HIGH HIGH MED",NA
52,6,125.411648743387,53,2,2.49941895730744,"FISHED",0.37789646028541,0.25,1,"HIGH HIGH MED",NA
52,7,175.818727723965,55,4,4.49990687432324,"FISHED",0.39344666369725,0.25,1,"HIGH HIGH MED",NA
52,8,148.715405993077,54,3,3.50055579981938,"M",0.38273062852677,0.25,1,"HIGH HIGH MED",NA
52,9,117.610125899309,53,2,2.50120739222598,"FISHED",0.37789646028541,0.25,1,"HIGH HIGH MED",NA
53,1,60.5278016547274,52,0,0.500379494233831,"FISHED",0.31100519427564,0.25,1,"HIGH HIGH MED",NA
53,2,99.2365031580727,53,1,1.49837878155396,"M",0.37789646028541,0.25,1,"HIGH HIGH MED",NA
53,3,97.4037860752808,53,1,1.49975629772995,"M",0.37789646028541,0.25,1,"HIGH HIGH MED",NA
53,4,62.9456829765751,52,0,0.500243636433274,"M",0.31100519427564,0.25,1,"HIGH HIGH MED",NA
53,5,99.6158425660543,53,1,1.49918200437427,"FISHED",0.37789646028541,0.25,1,"HIGH HIGH MED",NA
53,6,150.592898532917,55,3,3.5002602859739,"FISHED",0.39344666369725,0.25,1,"HIGH HIGH MED",NA
53,7,131.654968354816,54,2,2.49731506111567,"M",0.38273062852677,0.25,1,"HIGH HIGH MED",NA
53,8,124.557601785435,54,2,2.49953862007617,"FISHED",0.38273062852677,0.25,1,"HIGH HIGH MED",NA
53,9,95.9262686136455,53,1,1.50164015338109,"FISHED",0.37789646028541,0.25,1,"HIGH HIGH MED",NA
54,1,178.985470534493,58,5,5.49935916613988,"FISHED",0.396221487806179,0.25,1,"HIGH HIGH MED",NA
54,2,62.0709220359553,53,0,0.499126272589969,"FISHED",0.37789646028541,0.25,1,"HIGH HIGH MED",NA
54,3,62.8794164173433,53,0,0.500092698400177,"FISHED",0.37789646028541,0.25,1,"HIGH HIGH MED",NA
54,4,125.499161608205,55,2,2.50134385766895,"FISHED",0.39344666369725,0.25,1,"HIGH HIGH MED",NA
54,5,96.278725595525,54,1,1.49886745031969,"FISHED",0.38273062852677,0.25,1,"HIGH HIGH MED",NA
54,6,62.3603879328364,53,0,0.499053881391019,"M",0.37789646028541,0.25,1,"HIGH HIGH MED",NA
54,7,61.7174902615431,53,0,0.500900368806582,"FISHED",0.37789646028541,0.25,1,"HIGH HIGH MED",NA
54,8,193.727585887745,62,9,9.49927450333129,"M",0.313233264512382,0.25,1,"HIGH HIGH MED",NA
54,9,64.1096732544949,53,0,0.499673871779956,"M",0.37789646028541,0.25,1,"HIGH HIGH MED",NA
54,10,169.267930909994,58,5,5.49847495852454,"M",0.396221487806179,0.25,1,"HIGH HIGH MED",NA
54,11,65.1586164133689,53,0,0.500835990800856,"FISHED",0.37789646028541,0.25,1,"HIGH HIGH MED",NA
54,12,61.1455758842309,53,0,0.49979679574813,"FISHED",0.37789646028541,0.25,1,"HIGH HIGH MED",NA
55,1,59.9439795428923,54,0,0.498863728913742,"M",0.38273062852677,0.25,1,"HIGH HIGH MED",NA
55,2,100.260259814224,55,1,1.49842225446587,"FISHED",0.39344666369725,0.25,1,"HIGH HIGH MED",NA
55,3,103.507729876627,55,1,1.50060817083089,"FISHED",0.39344666369725,0.25,1,"HIGH HIGH MED",NA
55,4,62.0478290735832,54,0,0.500278359537162,"M",0.38273062852677,0.25,1,"HIGH HIGH MED",NA
55,5,174.160493478519,59,5,5.49856296167551,"FISHED",0.348526905174367,0.25,1,"HIGH HIGH MED",NA
55,6,146.249797684073,57,3,3.50051292811107,"FISHED",0.330210641468875,0.25,1,"HIGH HIGH MED",NA
55,7,61.6742164813236,54,0,0.499204948207987,"FISHED",0.38273062852677,0.25,1,"HIGH HIGH MED",NA
55,8,62.622447361902,54,0,0.499310447053784,"M",0.38273062852677,0.25,1,"HIGH HIGH MED",NA
55,9,166.499462987553,59,5,5.49927065752261,"M",0.348526905174367,0.25,1,"HIGH HIGH MED",NA
55,10,99.3451181030102,55,1,1.50019711659774,"M",0.39344666369725,0.25,1,"HIGH HIGH MED",NA
55,11,134.887014242806,56,2,2.49897718753589,"M",0.35178500385955,0.25,1,"HIGH HIGH MED",NA
55,12,61.3981734966121,54,0,0.498893622944156,"M",0.38273062852677,0.25,1,"HIGH HIGH MED",NA
56,1,200.735391417099,66,11,11.5000666469249,"FISHED",0.353945312066935,0.25,1,"HIGH HIGH MED",NA
56,2,154.803767446947,58,3,3.50076304124891,"M",0.396221487806179,0.25,1,"HIGH HIGH MED",NA
56,3,96.0038265951723,56,1,1.50032825358529,"M",0.35178500385955,0.25,1,"HIGH HIGH MED",NA
56,4,150.093274042325,58,3,3.49860717024404,"FISHED",0.396221487806179,0.25,1,"HIGH HIGH MED",NA
56,5,150.688197134172,58,3,3.49914985063839,"M",0.396221487806179,0.25,1,"HIGH HIGH MED",NA
56,6,61.8794714947099,55,0,0.499166994994172,"M",0.39344666369725,0.25,1,"HIGH HIGH MED",NA
56,7,62.2556946938472,55,0,0.500565056656897,"M",0.39344666369725,0.25,1,"HIGH HIGH MED",NA
56,8,60.6668245344826,55,0,0.499403878906674,"FISHED",0.39344666369725,0.25,1,"HIGH HIGH MED",NA
56,9,63.5765288444587,55,0,0.498325620978248,"M",0.39344666369725,0.25,1,"HIGH HIGH MED",NA
56,10,143.151175979348,58,3,3.5004399759707,"FISHED",0.396221487806179,0.25,1,"HIGH HIGH MED",NA
56,11,60.958623200344,55,0,0.499459243436632,"FISHED",0.39344666369725,0.25,1,"HIGH HIGH MED",NA
56,12,123.202199207181,57,2,2.50052949174931,"FISHED",0.330210641468875,0.25,1,"HIGH HIGH MED",NA
57,1,62.5033660937635,56,0,0.498512938203841,"FISHED",0.35178500385955,0.25,1,"HIGH HIGH MED",NA
57,2,107.384472884985,57,1,1.49975740357001,"FISHED",0.330210641468875,0.25,1,"HIGH HIGH MED",NA
57,3,117.860544150677,58,2,2.50156115837153,"FISHED",0.396221487806179,0.25,1,"HIGH HIGH MED",NA
57,4,63.0220413196534,56,0,0.49903236479043,"FISHED",0.35178500385955,0.25,1,"HIGH HIGH MED",NA
57,5,63.8159706279689,56,0,0.500024959177029,"FISHED",0.35178500385955,0.25,1,"HIGH HIGH MED",NA
57,6,167.460848721119,62,6,6.50091790140679,"M",0.313233264512382,0.25,1,"HIGH HIGH MED",NA
57,7,62.3257300671015,56,0,0.499636166159111,"FISHED",0.35178500385955,0.25,1,"HIGH HIGH MED",NA
57,8,100.323039027284,57,1,1.50123279873386,"FISHED",0.330210641468875,0.25,1,"HIGH HIGH MED",NA
57,9,131.949591238378,58,2,2.50061328005152,"M",0.396221487806179,0.25,1,"HIGH HIGH MED",NA
57,10,60.8456195467455,56,0,0.500110472547708,"FISHED",0.35178500385955,0.25,1,"HIGH HIGH MED",NA
57,11,61.1432475930214,56,0,0.498380408390425,"M",0.35178500385955,0.25,1,"HIGH HIGH MED",NA
57,12,62.8079266396928,56,0,0.499079418727174,"FISHED",0.35178500385955,0.25,1,"HIGH HIGH MED",NA
58,1,121.024019542128,59,2,2.50164231494472,"FISHED",0.348526905174367,0.25,1,"HIGH HIGH MED",NA
58,2,64.4173352090273,57,0,0.500497151192041,"M",0.330210641468875,0.25,1,"HIGH HIGH MED",NA
58,3,154.447531843953,60,3,3.49844545198937,"FISHED",0.35513980826363,0.25,1,"HIGH HIGH MED",NA
58,4,98.5455021725468,58,1,1.49911679006988,"M",0.396221487806179,0.25,1,"HIGH HIGH MED",NA
58,5,62.7269704501782,57,0,0.500371079885669,"M",0.330210641468875,0.25,1,"HIGH HIGH MED",NA
58,6,125.514412152377,59,2,2.49912553105632,"FISHED",0.348526905174367,0.25,1,"HIGH HIGH MED",NA
59,1,99.8502944859399,59,1,1.49979545688028,"FISHED",0.348526905174367,0.25,1,"HIGH HIGH MED",NA
59,2,98.5889295600995,59,1,1.50063830421707,"FISHED",0.348526905174367,0.25,1,"HIGH HIGH MED",NA
59,3,185.808506049587,63,5,5.49988954131472,"M",0.396472862851806,0.25,1,"HIGH HIGH MED",NA
59,4,63.1739687808649,58,0,0.500443227820771,"FISHED",0.396221487806179,0.25,1,"HIGH HIGH MED",NA
59,5,65.1230659984098,58,0,0.50000646298661,"FISHED",0.396221487806179,0.25,1,"HIGH HIGH MED",NA
59,6,99.8146041988291,59,1,1.49964447346947,"FISHED",0.348526905174367,0.25,1,"HIGH HIGH MED",NA
59,7,63.5924092801771,58,0,0.499250776791288,"FISHED",0.396221487806179,0.25,1,"HIGH HIGH MED",NA
59,8,63.7038385519929,58,0,0.497970060498082,"FISHED",0.396221487806179,0.25,1,"HIGH HIGH MED",NA
59,9,63.8112435507932,58,0,0.50002999837336,"FISHED",0.396221487806179,0.25,1,"HIGH HIGH MED",NA
59,10,95.0706676109701,59,1,1.50029996313422,"M",0.348526905174367,0.25,1,"HIGH HIGH MED",NA
60,1,155.398825747078,63,4,4.49928094948981,"M",0.396472862851806,0.25,1,"HIGH HIGH MED",NA
60,2,147.780683842875,62,3,3.50034642812955,"FISHED",0.313233264512382,0.25,1,"HIGH HIGH MED",NA
60,3,62.0925793196525,59,0,0.498516022244529,"M",0.348526905174367,0.25,1,"HIGH HIGH MED",NA
60,4,143.812092681321,62,3,3.50114066712102,"M",0.313233264512382,0.25,1,"HIGH HIGH MED",NA
60,5,60.6852340119071,59,0,0.498600648897645,"FISHED",0.348526905174367,0.25,1,"HIGH HIGH MED",NA
60,6,63.6397683810315,59,0,0.499483526477604,"FISHED",0.348526905174367,0.25,1,"HIGH HIGH MED",NA
60,7,125.563760955627,61,2,2.50069252937564,"FISHED",0.337823517620564,0.25,1,"HIGH HIGH MED",NA
60,8,63.7673007970507,59,0,0.499995023961722,"M",0.348526905174367,0.25,1,"HIGH HIGH MED",NA
60,9,63.1813177352182,59,0,0.499492024425082,"M",0.348526905174367,0.25,1,"HIGH HIGH MED",NA
60,10,202.255129774218,65,6,6.49946543761144,"FISHED",0.308436341490597,0.25,1,"HIGH HIGH MED",NA
60,11,60.2279422937714,59,0,0.498118134069565,"FISHED",0.348526905174367,0.25,1,"HIGH HIGH MED",NA
61,1,153.587711327755,63,3,3.50034542868906,"FISHED",0.396472862851806,0.25,1,"HIGH HIGH MED",NA
61,2,61.4415272028917,60,0,0.4984571336118,"FISHED",0.35513980826363,0.25,1,"HIGH HIGH MED",NA
61,3,100.129797503321,61,1,1.49904292146268,"FISHED",0.337823517620564,0.25,1,"HIGH HIGH MED",NA
61,4,127.113795984174,62,2,2.49822689746466,"FISHED",0.313233264512382,0.25,1,"HIGH HIGH MED",NA
61,5,60.7202121468473,60,0,0.500614854045275,"FISHED",0.35513980826363,0.25,1,"HIGH HIGH MED",NA
61,6,62.8503796923746,60,0,0.499234296018421,"FISHED",0.35513980826363,0.25,1,"HIGH HIGH MED",NA
61,7,63.0873044042223,60,0,0.501808549971413,"M",0.35513980826363,0.25,1,"HIGH HIGH MED",NA
61,8,147.177564563027,63,3,3.49935730681584,"FISHED",0.396472862851806,0.25,1,"HIGH HIGH MED",NA
61,9,60.114265508571,60,0,0.500563410967153,"FISHED",0.35513980826363,0.25,1,"HIGH HIGH MED",NA
61,10,159.588336894747,64,4,4.50032912659031,"FISHED",0.342110809520818,0.25,1,"HIGH HIGH MED",NA
61,11,99.5825258705767,61,1,1.49920794374603,"FISHED",0.337823517620564,0.25,1,"HIGH HIGH MED",NA
61,12,60.1722269347996,60,0,0.498158906190835,"M",0.35513980826363,0.25,1,"HIGH HIGH MED",NA
62,1,93.8849684905954,62,1,1.49957912525236,"M",0.313233264512382,0.25,1,"HIGH HIGH MED",NA
62,2,94.1342679569241,62,1,1.50135001626556,"M",0.313233264512382,0.25,1,"HIGH HIGH MED",NA
62,3,116.589736434393,63,2,2.49978983260947,"M",0.396472862851806,0.25,1,"HIGH HIGH MED",NA
62,4,60.9219845670462,61,0,0.502094110702905,"M",0.337823517620564,0.25,1,"HIGH HIGH MED",NA
62,5,62.4814711747986,61,0,0.499811790595846,"FISHED",0.337823517620564,0.25,1,"HIGH HIGH MED",NA
62,6,93.9971441714451,62,1,1.50079951682992,"M",0.313233264512382,0.25,1,"HIGH HIGH MED",NA
62,7,122.076508143688,63,2,2.4999176592928,"M",0.396472862851806,0.25,1,"HIGH HIGH MED",NA
62,8,61.6219358798866,61,0,0.498203996993617,"M",0.337823517620564,0.25,1,"HIGH HIGH MED",NA
62,9,150.045002466538,65,4,4.50082982632922,"FISHED",0.308436341490597,0.25,1,"HIGH HIGH MED",NA
63,1,118.967239838372,64,2,2.49849768163363,"FISHED",0.342110809520818,0.25,1,"HIGH HIGH MED",NA
63,2,129.680626548467,64,2,2.50185616489293,"M",0.342110809520818,0.25,1,"HIGH HIGH MED",NA
63,3,97.3296947294469,63,1,1.49933626192728,"FISHED",0.396472862851806,0.25,1,"HIGH HIGH MED",NA
63,4,174.164441595849,66,4,4.49949858567267,"FISHED",0.353945312066935,0.25,1,"HIGH HIGH MED",NA
63,5,93.3969417829005,63,1,1.50008035568354,"FISHED",0.396472862851806,0.25,1,"HIGH HIGH MED",NA
63,6,61.0202919635212,62,0,0.49871534574161,"M",0.313233264512382,0.25,1,"HIGH HIGH MED",NA
63,7,59.7028783063303,62,0,0.498036411469322,"M",0.313233264512382,0.25,1,"HIGH HIGH MED",NA
63,8,95.992263970636,63,1,1.49999188006035,"FISHED",0.396472862851806,0.25,1,"HIGH HIGH MED",NA
63,9,63.259432520696,62,0,0.499120108174682,"FISHED",0.313233264512382,0.25,1,"HIGH HIGH MED",NA
64,1,98.9340008664966,64,1,1.5007603879209,"FISHED",0.342110809520818,0.25,1,"HIGH HIGH MED",NA
64,2,62.5960572315283,63,0,0.499556786078772,"FISHED",0.396472862851806,0.25,1,"HIGH HIGH MED",NA
64,3,63.3346930112775,63,0,0.498368566055772,"FISHED",0.396472862851806,0.25,1,"HIGH HIGH MED",NA
64,4,97.6049375842714,64,1,1.49859143851639,"M",0.342110809520818,0.25,1,"HIGH HIGH MED",NA
64,5,102.353321966361,64,1,1.50015258902839,"FISHED",0.342110809520818,0.25,1,"HIGH HIGH MED",NA
64,6,60.9795214727534,63,0,0.501589492286301,"M",0.396472862851806,0.25,1,"HIGH HIGH MED",NA
64,7,62.2926452988872,63,0,0.501398347573176,"FISHED",0.396472862851806,0.25,1,"HIGH HIGH MED",NA
64,8,60.0817861258704,63,0,0.499494232383338,"M",0.396472862851806,0.25,1,"HIGH HIGH MED",NA
64,9,62.0393489636758,63,0,0.498122931110042,"FISHED",0.396472862851806,0.25,1,"HIGH HIGH MED",NA
65,1,62.9164891218687,64,0,0.500675184398025,"FISHED",0.342110809520818,0.25,1,"HIGH HIGH MED",NA
65,2,126.588422109565,66,2,2.50018035452061,"M",0.353945312066935,0.25,1,"HIGH HIGH MED",NA
65,3,168.922816884466,69,5,5.49937696555743,"FISHED",0.316319145378657,0.25,1,"HIGH HIGH MED",NA
65,4,154.585806169326,67,3,3.50164918704038,"FISHED",0.311617017909884,0.25,1,"HIGH HIGH MED",NA
65,5,64.4474482003549,64,0,0.503060157808706,"FISHED",0.342110809520818,0.25,1,"HIGH HIGH MED",NA
65,6,139.968373728444,66,2,2.50006113997323,"M",0.353945312066935,0.25,1,"HIGH HIGH MED",NA
65,7,137.401169290478,67,3,3.50080678911445,"FISHED",0.311617017909884,0.25,1,"HIGH HIGH MED",NA
65,8,62.2710271960892,64,0,0.498629361327755,"M",0.342110809520818,0.25,1,"HIGH HIGH MED",NA
65,9,63.1269921648169,64,0,0.4993818967185,"FISHED",0.342110809520818,0.25,1,"HIGH HIGH MED",NA
65,10,123.916896968327,66,2,2.50174172698083,"M",0.353945312066935,0.25,1,"HIGH HIGH MED",NA
66,1,97.448453379486,66,1,1.49784806885481,"FISHED",0.353945312066935,0.25,1,"HIGH HIGH MED",NA
66,2,96.7795461490582,66,1,1.4997856159959,"FISHED",0.353945312066935,0.25,1,"HIGH HIGH MED",NA
66,3,133.923390280978,67,2,2.49948973200506,"FISHED",0.311617017909884,0.25,1,"HIGH HIGH MED",NA
66,4,60.8320016214214,65,0,0.501523403683997,"FISHED",0.308436341490597,0.25,1,"HIGH HIGH MED",NA
66,5,62.3303678456774,65,0,0.50059198319101,"M",0.308436341490597,0.25,1,"HIGH HIGH MED",NA
66,6,63.3111965694985,65,0,0.50068571976109,"FISHED",0.308436341490597,0.25,1,"HIGH HIGH MED",NA
66,7,58.7020459786669,65,0,0.499693239482454,"M",0.308436341490597,0.25,1,"HIGH HIGH MED",NA
66,8,96.9469224609289,66,1,1.49735923495484,"FISHED",0.353945312066935,0.25,1,"HIGH HIGH MED",NA
66,9,63.0500403964258,65,0,0.499637815291537,"FISHED",0.308436341490597,0.25,1,"HIGH HIGH MED",NA
66,10,126.268524917252,67,2,2.50029246132826,"M",0.311617017909884,0.25,1,"HIGH HIGH MED",NA
66,11,126.650608530291,67,2,2.5009263399487,"FISHED",0.311617017909884,0.25,1,"HIGH HIGH MED",NA
66,12,173.467412025139,71,6,6.49926603246365,"FISHED",0.380174125405028,0.25,1,"HIGH HIGH MED",NA
67,1,174.530490531415,70,4,4.50119446859174,"M",0.390849356283434,0.25,1,"HIGH HIGH MED",NA
67,2,94.9681337029842,67,1,1.50138439591607,"M",0.311617017909884,0.25,1,"HIGH HIGH MED",NA
67,3,126.846456036505,68,2,2.50006171344657,"FISHED",0.362953199679032,0.25,1,"HIGH HIGH MED",NA
67,4,127.262951249055,68,2,2.49928312448766,"FISHED",0.362953199679032,0.25,1,"HIGH HIGH MED",NA
67,5,62.4628871622386,66,0,0.500309860798541,"FISHED",0.353945312066935,0.25,1,"HIGH HIGH MED",NA
67,6,95.9409268380329,67,1,1.49699750330638,"FISHED",0.311617017909884,0.25,1,"HIGH HIGH MED",NA
67,7,65.8217361652762,66,0,0.499599464017069,"FISHED",0.353945312066935,0.25,1,"HIGH HIGH MED",NA
67,8,127.581436848222,68,2,2.50095413135261,"FISHED",0.362953199679032,0.25,1,"HIGH HIGH MED",NA
67,9,59.0761804176399,66,0,0.500026731377224,"FISHED",0.353945312066935,0.25,1,"HIGH HIGH MED",NA
67,10,97.818861473082,67,1,1.50016734722598,"FISHED",0.311617017909884,0.25,1,"HIGH HIGH MED",NA
68,1,63.2067319892872,67,0,0.499976965356878,"FISHED",0.311617017909884,0.25,1,"HIGH HIGH MED",NA
68,2,63.287227943726,67,0,0.500590628478929,"FISHED",0.311617017909884,0.25,1,"HIGH HIGH MED",NA
68,3,59.2288151123359,67,0,0.498739680250368,"FISHED",0.311617017909884,0.25,1,"HIGH HIGH MED",NA
68,4,126.538049655215,69,2,2.50010636626032,"M",0.316319145378657,0.25,1,"HIGH HIGH MED",NA
68,5,100.208055847146,68,1,1.50017878636079,"FISHED",0.362953199679032,0.25,1,"HIGH HIGH MED",NA
68,6,94.248266312287,68,1,1.49893114145338,"FISHED",0.362953199679032,0.25,1,"HIGH HIGH MED",NA
68,7,59.5234967900392,67,0,0.500117122486829,"M",0.311617017909884,0.25,1,"HIGH HIGH MED",NA
68,8,97.2750902216712,68,1,1.50052320318315,"M",0.362953199679032,0.25,1,"HIGH HIGH MED",NA
68,9,64.3351528494958,67,0,0.501236652583752,"FISHED",0.311617017909884,0.25,1,"HIGH HIGH MED",NA
68,10,140.243558479061,70,3,3.49886598820446,"M",0.390849356283434,0.25,1,"HIGH HIGH MED",NA
69,1,100.244282009693,69,1,1.49948188272362,"FISHED",0.316319145378657,0.25,1,"HIGH HIGH MED",NA
69,2,95.6556307733467,69,1,1.49989076757569,"FISHED",0.316319145378657,0.25,1,"HIGH HIGH MED",NA
69,3,60.9238579766791,68,0,0.500236381197074,"FISHED",0.362953199679032,0.25,1,"HIGH HIGH MED",NA
69,4,62.2372151388246,68,0,0.498976333857654,"FISHED",0.362953199679032,0.25,1,"HIGH HIGH MED",NA
69,5,61.1429432134228,68,0,0.500513588331306,"M",0.362953199679032,0.25,1,"HIGH HIGH MED",NA
69,6,151.891908331149,71,3,3.49908495616971,"M",0.380174125405028,0.25,1,"HIGH HIGH MED",NA
69,7,97.6017848136666,69,1,1.49991888721114,"FISHED",0.316319145378657,0.25,1,"HIGH HIGH MED",NA
70,1,119.481197120186,71,2,2.49929341068265,"M",0.380174125405028,0.25,1,"HIGH HIGH MED",NA
70,2,60.3744826119116,69,0,0.500008459162672,"FISHED",0.316319145378657,0.25,1,"HIGH HIGH MED",NA
70,3,169.640086107494,73,4,4.49950931503438,"M",0.388279056595638,0.25,1,"HIGH HIGH MED",NA
70,4,63.6546597051602,69,0,0.499679271979174,"M",0.316319145378657,0.25,1,"HIGH HIGH MED",NA
70,5,105.554511566522,70,1,1.50098582497332,"FISHED",0.390849356283434,0.25,1,"HIGH HIGH MED",NA
70,6,63.9879911598704,69,0,0.499825196996959,"FISHED",0.316319145378657,0.25,1,"HIGH HIGH MED",NA
70,7,65.6755360380947,69,0,0.501072893979931,"M",0.316319145378657,0.25,1,"HIGH HIGH MED",NA
70,8,63.7159621876934,69,0,0.499835990564911,"FISHED",0.316319145378657,0.25,1,"HIGH HIGH MED",NA
71,1,140.45415773441,73,3,3.49914680642912,"FISHED",0.388279056595638,0.25,1,"HIGH HIGH MED",NA
71,2,64.9233620949223,70,0,0.500584718634179,"FISHED",0.390849356283434,0.25,1,"HIGH HIGH MED",NA
71,3,60.6652561008961,70,0,0.499623824289052,"M",0.390849356283434,0.25,1,"HIGH HIGH MED",NA
71,4,130.655160857774,72,2,2.49885845450637,"FISHED",0.351684037176892,0.25,1,"HIGH HIGH MED",NA
71,5,129.229541628543,72,2,2.5000431153167,"FISHED",0.351684037176892,0.25,1,"HIGH HIGH MED",NA
71,6,63.0077305578218,70,0,0.499797419905175,"FISHED",0.390849356283434,0.25,1,"HIGH HIGH MED",NA
71,7,63.4091164149652,70,0,0.500784971882307,"M",0.390849356283434,0.25,1,"HIGH HIGH MED",NA
71,8,63.5005786029609,70,0,0.501787323321459,"M",0.390849356283434,0.25,1,"HIGH HIGH MED",NA
71,9,64.6946597248894,70,0,0.499306342939905,"FISHED",0.390849356283434,0.25,1,"HIGH HIGH MED",NA
71,10,63.797030801473,70,0,0.499883737977642,"FISHED",0.390849356283434,0.25,1,"HIGH HIGH MED",NA
71,11,60.6622767950615,70,0,0.501682653117319,"M",0.390849356283434,0.25,1,"HIGH HIGH MED",NA
72,1,131.752422348997,73,2,2.50096900597319,"FISHED",0.388279056595638,0.25,1,"HIGH HIGH MED",NA
72,2,63.0803776177887,71,0,0.500653320625587,"M",0.380174125405028,0.25,1,"HIGH HIGH MED",NA
72,3,61.6331795634582,71,0,0.499071305934048,"FISHED",0.380174125405028,0.25,1,"HIGH HIGH MED",NA
72,4,64.4158749455395,71,0,0.501175621316192,"M",0.380174125405028,0.25,1,"HIGH HIGH MED",NA
72,5,123.5883117754,73,2,2.5009687464691,"M",0.388279056595638,0.25,1,"HIGH HIGH MED",NA
72,6,64.0885486452051,71,0,0.499885080088227,"FISHED",0.380174125405028,0.25,1,"HIGH HIGH MED",NA
72,7,131.490775000891,73,2,2.50035462147063,"FISHED",0.388279056595638,0.25,1,"HIGH HIGH MED",NA
72,8,107.30847125411,72,1,1.49994155048684,"M",0.351684037176892,0.25,1,"HIGH HIGH MED",NA
72,9,61.0410640384442,71,0,0.502178355646082,"FISHED",0.380174125405028,0.25,1,"HIGH HIGH MED",NA
72,10,123.433527547729,73,2,2.49985781707307,"FISHED",0.388279056595638,0.25,1,"HIGH HIGH MED",NA
73,1,136.818044232318,74,2,2.49980668620836,"FISHED",0.377488330285996,0.25,1,"HIGH HIGH MED",NA
73,2,138.762253400325,75,3,3.50043632840422,"FISHED",0.329299948690459,0.25,1,"HIGH HIGH MED",NA
73,3,64.3814770365283,72,0,0.499484444444934,"M",0.351684037176892,0.25,1,"HIGH HIGH MED",NA
73,4,146.589714700626,75,3,3.50210687260984,"M",0.329299948690459,0.25,1,"HIGH HIGH MED",NA
73,5,100.607181027867,73,1,1.50050178047861,"FISHED",0.388279056595638,0.25,1,"HIGH HIGH MED",NA
73,6,131.486759888928,74,2,2.49995096596095,"FISHED",0.377488330285996,0.25,1,"HIGH HIGH MED",NA
73,7,63.3152353136394,72,0,0.501078776770588,"M",0.351684037176892,0.25,1,"HIGH HIGH MED",NA
73,8,61.5771190307879,72,0,0.498982264857814,"FISHED",0.351684037176892,0.25,1,"HIGH HIGH MED",NA
73,9,103.740645798211,73,1,1.4993874093616,"FISHED",0.388279056595638,0.25,1,"HIGH HIGH MED",NA
74,1,63.269257129847,73,0,0.501386930325587,"M",0.388279056595638,0.25,1,"HIGH HIGH MED",NA
74,2,59.6546916961834,73,0,0.501048743613324,"FISHED",0.388279056595638,0.25,1,"HIGH HIGH MED",NA
74,3,191.913724761391,78,5,5.49980664417086,"FISHED",0.331391754280776,0.25,1,"HIGH HIGH MED",NA
74,4,62.752396742931,73,0,0.50079290394795,"FISHED",0.388279056595638,0.25,1,"HIGH HIGH MED",NA
74,5,62.4384484416542,73,0,0.499566204040518,"M",0.388279056595638,0.25,1,"HIGH HIGH MED",NA
75,1,60.1408071415833,74,0,0.49852350551623,"FISHED",0.377488330285996,0.25,1,"HIGH HIGH MED",NA
75,2,64.3704607091247,74,0,0.499505338597637,"FISHED",0.377488330285996,0.25,1,"HIGH HIGH MED",NA
75,3,64.3197502991444,74,0,0.499909095966684,"M",0.377488330285996,0.25,1,"HIGH HIGH MED",NA
75,4,118.19016389495,76,2,2.50006334666165,"FISHED",0.376667430927046,0.25,1,"HIGH HIGH MED",NA
75,5,62.7887088458922,74,0,0.501670416986195,"FISHED",0.377488330285996,0.25,1,"HIGH HIGH MED",NA
75,6,63.0324181273165,74,0,0.498872745086205,"FISHED",0.377488330285996,0.25,1,"HIGH HIGH MED",NA
75,7,122.457890747965,76,2,2.49993217976873,"M",0.376667430927046,0.25,1,"HIGH HIGH MED",NA
76,1,173.698048503538,79,4,4.50004869458745,"FISHED",0.368079262622632,0.25,1,"HIGH HIGH MED",NA
76,2,61.1653836390777,75,0,0.499635965487908,"M",0.329299948690459,0.25,1,"HIGH HIGH MED",NA
76,3,60.2815971399262,75,0,0.500971385808417,"FISHED",0.329299948690459,0.25,1,"HIGH HIGH MED",NA
77,1,63.9244005321593,76,0,0.502267121088169,"FISHED",0.376667430927046,0.25,1,"HIGH HIGH MED",NA
77,2,135.670046680611,79,3,3.49993237625499,"M",0.368079262622632,0.25,1,"HIGH HIGH MED",NA
77,3,100.297427571177,77,1,1.49905144346175,"M",0.30598782133311,0.25,1,"HIGH HIGH MED",NA
77,4,61.8277644717632,76,0,0.50054041199299,"FISHED",0.376667430927046,0.25,1,"HIGH HIGH MED",NA
77,5,61.7618880501655,76,0,0.500580955215161,"FISHED",0.376667430927046,0.25,1,"HIGH HIGH MED",NA
77,6,65.0802398386821,76,0,0.500197705950286,"FISHED",0.376667430927046,0.25,1,"HIGH HIGH MED",NA
78,1,89.3803469243411,78,1,1.50019951476344,"M",0.331391754280776,0.25,1,"HIGH HIGH MED",NA
78,2,63.1198207779971,77,0,0.500744855442243,"M",0.30598782133311,0.25,1,"HIGH HIGH MED",NA
78,3,95.0427430324099,78,1,1.49930552402826,"M",0.331391754280776,0.25,1,"HIGH HIGH MED",NA
78,4,100.931577747104,78,1,1.50060588961191,"FISHED",0.331391754280776,0.25,1,"HIGH HIGH MED",NA
78,5,62.0188543910574,77,0,0.499987060261438,"M",0.30598782133311,0.25,1,"HIGH HIGH MED",NA
79,1,61.2186720086755,78,0,0.499558771150007,"M",0.331391754280776,0.25,1,"HIGH HIGH MED",NA
79,2,59.1593393691823,78,0,0.500468924517434,"M",0.331391754280776,0.25,1,"HIGH HIGH MED",NA
79,3,135.759696888587,80,2,2.49986130307575,"M",0.396271118335426,0.25,1,"HIGH HIGH MED",NA
79,4,95.6993383467652,79,1,1.49959958057866,"M",0.368079262622632,0.25,1,"HIGH HIGH MED",NA
79,5,157.167495108003,81,3,3.49930795714702,"FISHED",0.392776975175366,0.25,1,"HIGH HIGH MED",NA
79,6,95.1038247838519,79,1,1.49967827506647,"FISHED",0.368079262622632,0.25,1,"HIGH HIGH MED",NA
79,7,61.4306793426595,78,0,0.5005050517608,"M",0.331391754280776,0.25,1,"HIGH HIGH MED",NA
79,8,170.437292514223,82,4,4.49980939987334,"FISHED",0.351970874425024,0.25,1,"HIGH HIGH MED",NA
79,9,61.6768444625447,78,0,0.498405921915694,"FISHED",0.331391754280776,0.25,1,"HIGH HIGH MED",NA
80,1,62.9538462671023,79,0,0.500454430075955,"FISHED",0.368079262622632,0.25,1,"HIGH HIGH MED",NA
80,2,95.3200870999584,80,1,1.49958415398127,"FISHED",0.396271118335426,0.25,1,"HIGH HIGH MED",NA
80,3,60.4750281785935,79,0,0.50184847256601,"FISHED",0.368079262622632,0.25,1,"HIGH HIGH MED",NA
80,4,124.204458380122,81,2,2.49933941164094,"M",0.392776975175366,0.25,1,"HIGH HIGH MED",NA
80,5,99.7053585199023,80,1,1.49986421458685,"M",0.396271118335426,0.25,1,"HIGH HIGH MED",NA
80,6,66.0016252924634,79,0,0.50092918891527,"M",0.368079262622632,0.25,1,"HIGH HIGH MED",NA
80,7,102.432277328384,80,1,1.50059830009183,"FISHED",0.396271118335426,0.25,1,"HIGH HIGH MED",NA
80,8,62.1828188902096,79,0,0.500486073300681,"FISHED",0.368079262622632,0.25,1,"HIGH HIGH MED",NA
80,9,64.5074998340774,79,0,0.499885125935249,"M",0.368079262622632,0.25,1,"HIGH HIGH MED",NA
81,1,98.6982716726906,81,1,1.49838347796683,"M",0.392776975175366,0.25,1,"HIGH HIGH MED",NA
81,2,61.8761571389121,80,0,0.500573597416299,"FISHED",0.396271118335426,0.25,1,"HIGH HIGH MED",NA
81,3,94.7886283805907,81,1,1.50010177931778,"FISHED",0.392776975175366,0.25,1,"HIGH HIGH MED",NA
81,4,102.325564004468,81,1,1.49908609789916,"M",0.392776975175366,0.25,1,"HIGH HIGH MED",NA
81,5,159.358676972858,83,3,3.49996511766054,"M",0.325632755598053,0.25,1,"HIGH HIGH MED",NA
81,6,61.8312681471605,80,0,0.500330145328488,"FISHED",0.396271118335426,0.25,1,"HIGH HIGH MED",NA
81,7,108.089539982011,81,1,1.50111081268518,"M",0.392776975175366,0.25,1,"HIGH HIGH MED",NA
81,8,145.874278787667,83,3,3.49985782762009,"M",0.325632755598053,0.25,1,"HIGH HIGH MED",NA
82,1,95.8518183309376,82,1,1.50006197527788,"M",0.351970874425024,0.25,1,"HIGH HIGH MED",NA
82,2,102.585948711801,82,1,1.4987307094052,"M",0.351970874425024,0.25,1,"HIGH HIGH MED",NA
82,3,100.774286986273,82,1,1.49953458927307,"M",0.351970874425024,0.25,1,"HIGH HIGH MED",NA
83,1,65.5666892199365,82,0,0.500980725048892,"FISHED",0.351970874425024,0.25,1,"HIGH HIGH MED",NA
83,2,63.5595561103534,82,0,0.501294495864202,"FISHED",0.351970874425024,0.25,1,"HIGH HIGH MED",NA
83,3,166.470199809707,86,4,4.49899186049842,"M",0.288985573733225,0.25,1,"HIGH HIGH MED",NA
83,4,64.7195254315688,82,0,0.498107246199133,"M",0.351970874425024,0.25,1,"HIGH HIGH MED",NA
83,5,63.8248068113145,82,0,0.499351713037766,"M",0.351970874425024,0.25,1,"HIGH HIGH MED",NA
83,6,62.518464390298,82,0,0.499888771069123,"FISHED",0.351970874425024,0.25,1,"HIGH HIGH MED",NA
84,1,175.749749705902,90,7,7.50113027574992,"FISHED",0.276636496698484,0.25,1,"HIGH HIGH MED",NA
84,2,63.1218829898596,83,0,0.49873644118413,"FISHED",0.325632755598053,0.25,1,"HIGH HIGH MED",NA
84,3,63.2909802423017,83,0,0.499068401238592,"FISHED",0.325632755598053,0.25,1,"HIGH HIGH MED",NA
84,4,64.5755187936526,83,0,0.501709963752761,"FISHED",0.325632755598053,0.25,1,"HIGH HIGH MED",NA
84,5,188.595676747117,90,7,7.49840942291186,"FISHED",0.276636496698484,0.25,1,"HIGH HIGH MED",NA
84,6,119.766248047643,85,2,2.49875033879909,"FISHED",0.241114098462276,0.25,1,"HIGH HIGH MED",NA
85,1,63.0122702219478,84,0,0.498345933591769,"M",0.299388499651104,0.25,1,"HIGH HIGH MED",NA
85,2,93.2799156506147,85,1,1.50064763917542,"M",0.241114098462276,0.25,1,"HIGH HIGH MED",NA
85,3,163.794904599911,87,3,3.50073986838626,"M",0.263417540723458,0.25,1,"HIGH HIGH MED",NA
85,4,61.5602407697463,84,0,0.50125886895772,"M",0.299388499651104,0.25,1,"HIGH HIGH MED",NA
85,5,132.859923712677,86,2,2.49924528238123,"FISHED",0.288985573733225,0.25,1,"HIGH HIGH MED",NA
85,6,96.0699582107918,85,1,1.50002556721738,"FISHED",0.241114098462276,0.25,1,"HIGH HIGH MED",NA
85,7,110.643273075443,86,2,2.4990949055142,"M",0.288985573733225,0.25,1,"HIGH HIGH MED",NA
86,1,150.262743421171,88,3,3.49745753623575,"M",0.277021943405271,0.25,1,"HIGH HIGH MED",NA
87,1,98.4342324054693,87,1,1.50022947252893,"M",0.263417540723458,0.25,1,"HIGH HIGH MED",NA
87,2,62.9353317001422,86,0,0.499578281646795,"M",0.288985573733225,0.25,1,"HIGH HIGH MED",NA
87,3,192.193894016541,93,7,7.50076079900787,"M",0.279704859643243,0.25,1,"HIGH HIGH MED",NA
87,4,97.2056519124827,87,1,1.50062514383287,"FISHED",0.263417540723458,0.25,1,"HIGH HIGH MED",NA
87,5,128.126615795436,88,2,2.50015973863356,"FISHED",0.277021943405271,0.25,1,"HIGH HIGH MED",NA
88,1,127.227254499393,89,2,2.50004209983323,"FISHED",0.257163604535162,0.25,1,"HIGH HIGH MED",NA
88,2,169.928531150147,92,5,5.50041562575314,"M",0.264145281980745,0.25,1,"HIGH HIGH MED",NA
88,3,65.0426802597948,87,0,0.500927222846702,"FISHED",0.263417540723458,0.25,1,"HIGH HIGH MED",NA
88,4,63.2191382637763,87,0,0.499314575325568,"M",0.263417540723458,0.25,1,"HIGH HIGH MED",NA
88,5,99.9638836591369,88,1,1.50039938103579,"FISHED",0.277021943405271,0.25,1,"HIGH HIGH MED",NA
88,6,60.8842090357329,87,0,0.499132454549527,"M",0.263417540723458,0.25,1,"HIGH HIGH MED",NA
88,7,61.7229303132648,87,0,0.499914256701413,"FISHED",0.263417540723458,0.25,1,"HIGH HIGH MED",NA
88,8,60.7867965693823,87,0,0.499965925760659,"FISHED",0.263417540723458,0.25,1,"HIGH HIGH MED",NA
89,1,64.5409446278338,88,0,0.501357028857014,"M",0.277021943405271,0.25,1,"HIGH HIGH MED",NA
89,2,61.8405044268828,88,0,0.501147738291639,"FISHED",0.277021943405271,0.25,1,"HIGH HIGH MED",NA
89,3,62.460936037789,88,0,0.501458788278572,"M",0.277021943405271,0.25,1,"HIGH HIGH MED",NA
89,4,64.5045711597113,88,0,0.499330254259165,"FISHED",0.277021943405271,0.25,1,"HIGH HIGH MED",NA
89,5,92.9878927312768,89,1,1.50120661724044,"FISHED",0.257163604535162,0.25,1,"HIGH HIGH MED",NA
89,6,60.7793870057363,88,0,0.498839605358469,"FISHED",0.277021943405271,0.25,1,"HIGH HIGH MED",NA
89,7,96.1874051605921,89,1,1.50078756915141,"FISHED",0.257163604535162,0.25,1,"HIGH HIGH MED",NA
89,8,123.071771459398,90,2,2.49846769878164,"FISHED",0.276636496698484,0.25,1,"HIGH HIGH MED",NA
90,1,63.0001916453323,89,0,0.500805166249536,"FISHED",0.257163604535162,0.25,1,"HIGH HIGH MED",NA
90,2,64.5767641539831,89,0,0.50059827140145,"M",0.257163604535162,0.25,1,"HIGH HIGH MED",NA
90,3,94.2718148658304,90,1,1.49911488108464,"FISHED",0.276636496698484,0.25,1,"HIGH HIGH MED",NA
90,4,100.309105256928,90,1,1.50016275114659,"FISHED",0.276636496698484,0.25,1,"HIGH HIGH MED",NA
90,5,151.433826347994,92,3,3.50077439672619,"M",0.264145281980745,0.25,1,"HIGH HIGH MED",NA
90,6,96.7649548676742,90,1,1.49999439703062,"FISHED",0.276636496698484,0.25,1,"HIGH HIGH MED",NA
90,7,63.0610373895049,89,0,0.499848496414961,"M",0.257163604535162,0.25,1,"HIGH HIGH MED",NA
90,8,65.3178229308989,89,0,0.501271320628238,"FISHED",0.257163604535162,0.25,1,"HIGH HIGH MED",NA
90,9,184.182540219056,94,5,5.50027190518945,"M",0.28924617911689,0.25,1,"HIGH HIGH MED",NA
91,1,94.5897950028915,91,1,1.49912549825797,"FISHED",0.227107773208991,0.25,1,"HIGH HIGH MED",NA
91,2,91.40058197324,91,1,1.49902571854006,"M",0.227107773208991,0.25,1,"HIGH HIGH MED",NA
91,3,63.279789273824,90,0,0.499251648716865,"M",0.276636496698484,0.25,1,"HIGH HIGH MED",NA
91,4,136.50770080712,92,2,2.50074960669576,"M",0.264145281980745,0.25,1,"HIGH HIGH MED",NA
91,5,59.761238502121,90,0,0.499954067204333,"M",0.276636496698484,0.25,1,"HIGH HIGH MED",NA
91,6,63.8937434005381,90,0,0.500012938600669,"FISHED",0.276636496698484,0.25,1,"HIGH HIGH MED",NA
91,7,126.597020078218,92,2,2.50031340238551,"FISHED",0.264145281980745,0.25,1,"HIGH HIGH MED",NA
91,8,168.872148207153,95,5,5.50099744033001,"FISHED",0.288154943473637,0.25,1,"HIGH HIGH MED",NA
91,9,63.8504266897844,90,0,0.498690419115183,"FISHED",0.276636496698484,0.25,1,"HIGH HIGH MED",NA
91,10,65.7009639744766,90,0,0.500707966429401,"FISHED",0.276636496698484,0.25,1,"HIGH HIGH MED",NA
92,1,97.5286362342719,92,1,1.49874419012708,"FISHED",0.264145281980745,0.25,1,"HIGH HIGH MED",NA
92,2,62.9011887124277,91,0,0.500017916216887,"FISHED",0.227107773208991,0.25,1,"HIGH HIGH MED",NA
92,3,94.0185967157248,92,1,1.50019302758952,"M",0.264145281980745,0.25,1,"HIGH HIGH MED",NA
92,4,62.3817014180681,91,0,0.50164762350459,"FISHED",0.227107773208991,0.25,1,"HIGH HIGH MED",NA
92,5,123.399770411655,93,2,2.5010919599351,"FISHED",0.279704859643243,0.25,1,"HIGH HIGH MED",NA
92,6,167.482167281838,96,5,5.49975222722536,"M",0.205391935375519,0.25,1,"HIGH HIGH MED",NA
92,7,63.2524485471023,91,0,0.500351196902229,"M",0.227107773208991,0.25,1,"HIGH HIGH MED",NA
92,8,155.402250900826,95,4,4.50036555309698,"FISHED",0.288154943473637,0.25,1,"HIGH HIGH MED",NA
92,9,61.9183271169804,91,0,0.499637724227642,"M",0.227107773208991,0.25,1,"HIGH HIGH MED",NA
92,10,66.1973729982755,91,0,0.499896757310446,"M",0.227107773208991,0.25,1,"HIGH HIGH MED",NA
93,1,63.4809020669231,92,0,0.499531097176397,"M",0.264145281980745,0.25,1,"HIGH HIGH MED",NA
93,2,61.6865431671367,92,0,0.499370659783896,"M",0.264145281980745,0.25,1,"HIGH HIGH MED",NA
93,3,99.8962919610953,93,1,1.50147324274662,"M",0.279704859643243,0.25,1,"HIGH HIGH MED",NA
93,4,94.946322193252,93,1,1.50224790246392,"M",0.279704859643243,0.25,1,"HIGH HIGH MED",NA
93,5,165.356210335884,96,4,4.50153680050968,"FISHED",0.205391935375519,0.25,1,"HIGH HIGH MED",NA
93,6,152.528507921815,96,4,4.49957283015628,"M",0.205391935375519,0.25,1,"HIGH HIGH MED",NA
93,7,100.020425253146,93,1,1.50023683600343,"M",0.279704859643243,0.25,1,"HIGH HIGH MED",NA
93,8,93.6373610417152,93,1,1.50141594355543,"M",0.279704859643243,0.25,1,"HIGH HIGH MED",NA
94,1,101.619061850317,94,1,1.50035804481374,"M",0.28924617911689,0.25,1,"HIGH HIGH MED",NA
94,2,63.4590940897117,93,0,0.499499480732382,"FISHED",0.279704859643243,0.25,1,"HIGH HIGH MED",NA
94,3,62.6960971200011,93,0,0.498711198838711,"M",0.279704859643243,0.25,1,"HIGH HIGH MED",NA
94,4,63.6672497436733,93,0,0.499505690260922,"FISHED",0.279704859643243,0.25,1,"HIGH HIGH MED",NA
94,5,98.4717570925645,94,1,1.50017001625834,"M",0.28924617911689,0.25,1,"HIGH HIGH MED",NA
94,6,60.3207268907522,93,0,0.499902333993309,"M",0.279704859643243,0.25,1,"HIGH HIGH MED",NA
94,7,58.8774749201106,93,0,0.499400517884401,"M",0.279704859643243,0.25,1,"HIGH HIGH MED",NA
94,8,101.079744648217,94,1,1.49982067190341,"FISHED",0.28924617911689,0.25,1,"HIGH HIGH MED",NA
94,9,95.7437458579953,94,1,1.50008867455513,"M",0.28924617911689,0.25,1,"HIGH HIGH MED",NA
94,10,160.326324392836,98,5,5.49843566378644,"FISHED",0.261100050620735,0.25,1,"HIGH HIGH MED",NA
95,1,62.3601976915204,94,0,0.499797824044759,"FISHED",0.28924617911689,0.25,1,"HIGH HIGH MED",NA
95,2,62.8704932266408,94,0,0.498312136123946,"M",0.28924617911689,0.25,1,"HIGH HIGH MED",NA
95,3,122.838884756037,96,2,2.50089429452889,"FISHED",0.205391935375519,0.25,1,"HIGH HIGH MED",NA
95,4,96.9916741924837,95,1,1.49954608248483,"M",0.288154943473637,0.25,1,"HIGH HIGH MED",NA
95,5,63.0119444928393,94,0,0.500947534190221,"M",0.28924617911689,0.25,1,"HIGH HIGH MED",NA
95,6,64.8856081609287,94,0,0.49966147267753,"M",0.28924617911689,0.25,1,"HIGH HIGH MED",NA
95,7,103.697579806483,95,1,1.50098042230424,"FISHED",0.288154943473637,0.25,1,"HIGH HIGH MED",NA
95,8,66.9057685296991,94,0,0.5005571664506,"M",0.28924617911689,0.25,1,"HIGH HIGH MED",NA
95,9,123.47628201301,96,2,2.49876775191466,"M",0.205391935375519,0.25,1,"HIGH HIGH MED",NA
95,10,99.5997305227272,95,1,1.50048093974266,"FISHED",0.288154943473637,0.25,1,"HIGH HIGH MED",NA
96,1,150.58680330942,98,3,3.50111616152782,"M",0.261100050620735,0.25,1,"HIGH HIGH MED",NA
96,2,143.353654352682,98,3,3.501867878083,"M",0.261100050620735,0.25,1,"HIGH HIGH MED",NA
96,3,60.3277062322508,95,0,0.49998332170553,"FISHED",0.288154943473637,0.25,1,"HIGH HIGH MED",NA
96,4,183.886068948385,100,5,5.49732789104212,"FISHED",0.204429408791475,0.25,1,"HIGH HIGH MED",NA
96,5,134.985431547557,97,2,2.50059931800504,"FISHED",0.232608002633788,0.25,1,"HIGH HIGH MED",NA
96,6,65.1526064136179,95,0,0.500387183855942,"M",0.288154943473637,0.25,1,"HIGH HIGH MED",NA
96,7,174.806989279595,100,5,5.50043443821054,"M",0.204429408791475,0.25,1,"HIGH HIGH MED",NA
96,8,102.34998146682,96,1,1.49925844976673,"M",0.205391935375519,0.25,1,"HIGH HIGH MED",NA
96,9,124.784822248205,97,2,2.49840675792797,"M",0.232608002633788,0.25,1,"HIGH HIGH MED",NA
96,10,101.836620490991,96,1,1.50119322296622,"FISHED",0.205391935375519,0.25,1,"HIGH HIGH MED",NA
97,1,64.4501155713471,96,0,0.500406189472907,"M",0.205391935375519,0.25,1,"HIGH HIGH MED",NA
97,2,65.5516197443582,96,0,0.499579808819073,"FISHED",0.205391935375519,0.25,1,"HIGH HIGH MED",NA
97,3,62.9791741407969,96,0,0.499539272362353,"FISHED",0.205391935375519,0.25,1,"HIGH HIGH MED",NA
97,4,64.3976418202434,96,0,0.499620659710974,"FISHED",0.205391935375519,0.25,1,"HIGH HIGH MED",NA
97,5,122.496468684986,98,2,2.49988993888858,"FISHED",0.261100050620735,0.25,1,"HIGH HIGH MED",NA
97,6,153.788848474826,100,4,4.49801324237329,"FISHED",0.204429408791475,0.25,1,"HIGH HIGH MED",NA
97,7,61.6393109459625,96,0,0.501022416464728,"M",0.205391935375519,0.25,1,"HIGH HIGH MED",NA
97,8,151.971070697874,99,3,3.50107270072191,"FISHED",0.208067078515887,0.25,1,"HIGH HIGH MED",NA
97,9,98.0729225849309,97,1,1.49942969387894,"M",0.232608002633788,0.25,1,"HIGH HIGH MED",NA
98,1,61.7861894143449,97,0,0.499447762385293,"M",0.232608002633788,0.25,1,"HIGH HIGH MED",NA
98,2,65.1284594745232,97,0,0.499550034356076,"M",0.232608002633788,0.25,1,"HIGH HIGH MED",NA
98,3,95.9226707128272,98,1,1.50117501476648,"FISHED",0.261100050620735,0.25,1,"HIGH HIGH MED",NA
98,4,63.1733301001642,97,0,0.501018434970175,"FISHED",0.232608002633788,0.25,1,"HIGH HIGH MED",NA
98,5,63.4243586898864,97,0,0.500512883247893,"FISHED",0.232608002633788,0.25,1,"HIGH HIGH MED",NA
98,6,105.727442911065,98,1,1.49912587590872,"M",0.261100050620735,0.25,1,"HIGH HIGH MED",NA
98,7,127.121933227402,99,2,2.50201983586428,"FISHED",0.208067078515887,0.25,1,"HIGH HIGH MED",NA
98,8,95.7888889004618,98,1,1.49977920634433,"M",0.261100050620735,0.25,1,"HIGH HIGH MED",NA
98,9,60.5008289778706,97,0,0.499024990135898,"FISHED",0.232608002633788,0.25,1,"HIGH HIGH MED",NA
98,10,61.8450683542221,97,0,0.499204415370674,"FISHED",0.232608002633788,0.25,1,"HIGH HIGH MED",NA
99,1,61.8250053825995,98,0,0.49915716046953,"M",0.261100050620735,0.25,1,"HIGH HIGH MED",NA
99,2,62.2053377803422,98,0,0.500131776861625,"FISHED",0.261100050620735,0.25,1,"HIGH HIGH MED",NA
99,3,67.0045927445445,98,0,0.500459508011661,"M",0.261100050620735,0.25,1,"HIGH HIGH MED",NA
99,4,122.059458332545,100,2,2.49997642103643,"M",0.204429408791475,0.25,1,"HIGH HIGH MED",NA
99,5,127.279450507445,100,2,2.50013022133767,"FISHED",0.204429408791475,0.25,1,"HIGH HIGH MED",NA
99,6,128.066549070965,100,2,2.50045572917956,"M",0.204429408791475,0.25,1,"HIGH HIGH MED",NA
100,1,61.9843804186608,99,0,0.499651835843296,"FISHED",0.208067078515887,0.25,1,"HIGH HIGH MED",NA
100,2,63.0619575519518,99,0,0.498951680367323,"FISHED",0.208067078515887,0.25,1,"HIGH HIGH MED",NA
100,3,63.469329526282,99,0,0.501223637326368,"M",0.208067078515887,0.25,1,"HIGH HIGH MED",NA
100,4,64.8811829541919,99,0,0.500281481186072,"FISHED",0.208067078515887,0.25,1,"HIGH HIGH MED",NA
100,5,98.5631064021455,100,1,1.49864538401309,"M",0.204429408791475,0.25,1,"HIGH HIGH MED",NA
100,6,99.1812565545819,100,1,1.50068705823276,"FISHED",0.204429408791475,0.25,1,"HIGH HIGH MED",NA
100,7,99.8379603926335,100,1,1.49969536634887,"M",0.204429408791475,0.25,1,"HIGH HIGH MED",NA
100,8,63.0655974958423,99,0,0.497813900844831,"M",0.208067078515887,0.25,1,"HIGH HIGH MED",NA
100,9,93.1842110909768,100,1,1.50024836604677,"M",0.204429408791475,0.25,1,"HIGH HIGH MED",NA
