"cohort","ind","fish_size","Year","Age","AgeE","dtype","FMORT","M","Sel","FSIM","REG"
1,1,169.486978887699,13,13,13.499965659008,"M",0,0.25,1,"HIGH HIGH LOW",NA
1,2,181.900729461211,4,4,4.50172679651279,"M",0,0.25,1,"HIGH HIGH LOW",NA
1,3,146.31893237217,3,3,3.49807858799076,"M",0,0.25,1,"HIGH HIGH LOW",NA
1,4,63.5165044288825,0,0,0.500831750139432,"M",0,0.25,1,"HIGH HIGH LOW",NA
1,5,219.476453942872,6,6,6.4991963243773,"M",0,0.25,1,"HIGH HIGH LOW",NA
1,6,150.221327403786,3,3,3.50045129426829,"M",0,0.25,1,"HIGH HIGH LOW",NA
1,7,63.173816448883,0,0,0.50085738475888,"M",0,0.25,1,"HIGH HIGH LOW",NA
1,8,120.039345513183,2,2,2.50127282419525,"M",0,0.25,1,"HIGH HIGH LOW",NA
1,9,221.983849145094,11,11,11.4998827674079,"M",0,0.25,1,"HIGH HIGH LOW",NA
1,10,94.7971450825446,1,1,1.49879140118118,"M",0,0.25,1,"HIGH HIGH LOW",NA
1,11,64.5749586534843,0,0,0.498768647670894,"M",0,0.25,1,"HIGH HIGH LOW",NA
1,12,129.091074118575,2,2,2.5001369673078,"M",0,0.25,1,"HIGH HIGH LOW",NA
2,1,126.683876384395,3,2,2.49952718055603,"M",0,0.25,1,"HIGH HIGH LOW",NA
2,2,94.6539540686885,2,1,1.50101805307588,"M",0,0.25,1,"HIGH HIGH LOW",NA
2,3,101.8053254259,2,1,1.50019589540449,"M",0,0.25,1,"HIGH HIGH LOW",NA
2,4,197.602008309679,7,6,6.49846597920125,"M",0,0.25,1,"HIGH HIGH LOW",NA
2,5,264.13428096599,13,12,12.4993221043797,"M",0,0.25,1,"HIGH HIGH LOW",NA
2,6,62.4060656049943,1,0,0.500037983595788,"M",0,0.25,1,"HIGH HIGH LOW",NA
2,7,127.971482339452,3,2,2.4991017533837,"M",0,0.25,1,"HIGH HIGH LOW",NA
2,8,65.0816129611828,1,0,0.499717740406049,"M",0,0.25,1,"HIGH HIGH LOW",NA
2,9,162.937303182776,6,5,5.50072591992533,"M",0,0.25,1,"HIGH HIGH LOW",NA
2,10,64.5119671275529,1,0,0.500878857120222,"M",0,0.25,1,"HIGH HIGH LOW",NA
2,11,231.847509278358,13,12,12.5013799623367,"M",0,0.25,1,"HIGH HIGH LOW",NA
2,12,160.806785904748,5,4,4.50027935440043,"M",0,0.25,1,"HIGH HIGH LOW",NA
3,1,121.559084047541,4,2,2.5003068376751,"M",0,0.25,1,"HIGH HIGH LOW",NA
3,2,166.453013834941,6,4,4.50022191390249,"M",0,0.25,1,"HIGH HIGH LOW",NA
3,3,165.06224715048,8,6,6.50038141495035,"M",0,0.25,1,"HIGH HIGH LOW",NA
3,4,173.971155663856,6,4,4.50103019509711,"M",0,0.25,1,"HIGH HIGH LOW",NA
3,5,63.8342081107984,2,0,0.499141804353358,"M",0,0.25,1,"HIGH HIGH LOW",NA
3,6,159.741979499186,6,4,4.50226288569603,"M",0,0.25,1,"HIGH HIGH LOW",NA
3,7,183.62475282315,12,10,10.4993112868675,"M",0,0.25,1,"HIGH HIGH LOW",NA
3,8,135.137664048717,4,2,2.49828920607993,"M",0,0.25,1,"HIGH HIGH LOW",NA
3,9,121.0172434193,4,2,2.49976956599956,"M",0,0.25,1,"HIGH HIGH LOW",NA
3,10,62.8041141280616,2,0,0.500981487632877,"M",0,0.25,1,"HIGH HIGH LOW",NA
3,11,158.627725675711,5,3,3.50094200664232,"M",0,0.25,1,"HIGH HIGH LOW",NA
4,1,94.8960515990789,4,1,1.50150103055724,"M",0,0.25,1,"HIGH HIGH LOW",NA
4,2,63.5727468799631,3,0,0.498499287833193,"M",0,0.25,1,"HIGH HIGH LOW",NA
4,3,59.9891779183791,3,0,0.49866908176796,"M",0,0.25,1,"HIGH HIGH LOW",NA
4,4,62.8460355751863,3,0,0.498476653692046,"M",0,0.25,1,"HIGH HIGH LOW",NA
4,5,191.723912187432,10,7,7.49887887451971,"M",0,0.25,1,"HIGH HIGH LOW",NA
4,6,133.435290144518,5,2,2.50032533964602,"M",0,0.25,1,"HIGH HIGH LOW",NA
4,7,98.2766697130932,4,1,1.49839085634198,"M",0,0.25,1,"HIGH HIGH LOW",NA
4,8,174.338359515291,7,4,4.50259287369594,"M",0,0.25,1,"HIGH HIGH LOW",NA
4,9,61.4362776575414,3,0,0.499464964999693,"M",0,0.25,1,"HIGH HIGH LOW",NA
4,10,60.1887285372044,3,0,0.498911186113971,"M",0,0.25,1,"HIGH HIGH LOW",NA
4,11,63.1868875709723,3,0,0.498943106861063,"M",0,0.25,1,"HIGH HIGH LOW",NA
4,12,144.641004733099,6,3,3.4992680212598,"M",0,0.25,1,"HIGH HIGH LOW",NA
4,13,61.8328224493043,3,0,0.501230737844279,"M",0,0.25,1,"HIGH HIGH LOW",NA
5,1,120.218146283711,6,2,2.50032261038158,"M",0,0.25,1,"HIGH HIGH LOW",NA
5,2,168.113459336232,9,5,5.49851115174536,"M",0,0.25,1,"HIGH HIGH LOW",NA
5,3,60.1937512475318,4,0,0.499403888790034,"M",0,0.25,1,"HIGH HIGH LOW",NA
5,4,133.302205889095,6,2,2.49964925682555,"M",0,0.25,1,"HIGH HIGH LOW",NA
5,5,97.5933208295816,5,1,1.50069273138901,"M",0,0.25,1,"HIGH HIGH LOW",NA
5,6,99.7018829225964,5,1,1.49840491993479,"M",0,0.25,1,"HIGH HIGH LOW",NA
5,7,63.7982333669726,4,0,0.500192211292925,"M",0,0.25,1,"HIGH HIGH LOW",NA
5,8,62.6072296387379,4,0,0.500575314605925,"M",0,0.25,1,"HIGH HIGH LOW",NA
5,9,142.064116400901,7,3,3.50118764379322,"M",0,0.25,1,"HIGH HIGH LOW",NA
5,10,62.9685344705919,4,0,0.499608083164387,"M",0,0.25,1,"HIGH HIGH LOW",NA
5,11,155.556853398258,7,3,3.49955948030809,"M",0,0.25,1,"HIGH HIGH LOW",NA
6,1,133.170910586003,7,2,2.49833417456517,"M",0,0.25,1,"HIGH HIGH LOW",NA
6,2,123.652602289685,7,2,2.49999590367327,"M",0,0.25,1,"HIGH HIGH LOW",NA
6,3,122.756584841585,7,2,2.50128540991824,"M",0,0.25,1,"HIGH HIGH LOW",NA
6,4,126.848969407964,7,2,2.50035742352875,"M",0,0.25,1,"HIGH HIGH LOW",NA
6,5,97.5917727406949,6,1,1.50160484866036,"M",0,0.25,1,"HIGH HIGH LOW",NA
6,6,62.860097797667,5,0,0.499699224825634,"M",0,0.25,1,"HIGH HIGH LOW",NA
6,7,123.583119527953,7,2,2.50058670838334,"M",0,0.25,1,"HIGH HIGH LOW",NA
6,8,63.2266617998195,5,0,0.500137219804544,"M",0,0.25,1,"HIGH HIGH LOW",NA
6,9,101.109048898581,6,1,1.50041691698083,"M",0,0.25,1,"HIGH HIGH LOW",NA
6,10,102.256158915573,6,1,1.49956754462166,"M",0,0.25,1,"HIGH HIGH LOW",NA
6,11,61.5933792175989,5,0,0.499652117163045,"M",0,0.25,1,"HIGH HIGH LOW",NA
6,12,129.86133560354,7,2,2.50128810204936,"M",0,0.25,1,"HIGH HIGH LOW",NA
7,1,197.602833004554,16,10,10.5010011106795,"M",0,0.25,1,"HIGH HIGH LOW",NA
7,2,99.3497858907297,7,1,1.49918573288645,"M",0,0.25,1,"HIGH HIGH LOW",NA
7,3,211.843418090461,17,11,11.4984404969176,"M",0,0.25,1,"HIGH HIGH LOW",NA
7,4,168.154503905456,10,4,4.49989513570644,"M",0,0.25,1,"HIGH HIGH LOW",NA
7,5,62.009199398833,6,0,0.499831581757454,"M",0,0.25,1,"HIGH HIGH LOW",NA
7,6,66.6309406337339,6,0,0.499870494609992,"M",0,0.25,1,"HIGH HIGH LOW",NA
7,7,67.6191648936737,6,0,0.499367179929976,"M",0,0.25,1,"HIGH HIGH LOW",NA
7,8,98.3021652613633,7,1,1.50022163549205,"M",0,0.25,1,"HIGH HIGH LOW",NA
7,9,64.438906350018,6,0,0.500202789597298,"M",0,0.25,1,"HIGH HIGH LOW",NA
7,10,190.731799927244,13,7,7.5000300432341,"M",0,0.25,1,"HIGH HIGH LOW",NA
7,11,162.270002699035,10,4,4.49882806547271,"M",0,0.25,1,"HIGH HIGH LOW",NA
7,12,211.993881404577,17,11,11.5004090525744,"M",0,0.25,1,"HIGH HIGH LOW",NA
8,1,146.938829074098,10,3,3.49965744735409,"M",0,0.25,1,"HIGH HIGH LOW",NA
8,2,125.447315682774,9,2,2.50210754716941,"M",0,0.25,1,"HIGH HIGH LOW",NA
8,3,163.318493004096,11,4,4.5001300054775,"M",0,0.25,1,"HIGH HIGH LOW",NA
8,4,93.7449079717049,8,1,1.4999624982394,"M",0,0.25,1,"HIGH HIGH LOW",NA
8,5,97.1079010964742,8,1,1.49969165165909,"M",0,0.25,1,"HIGH HIGH LOW",NA
8,6,64.9095582786441,7,0,0.500705991447767,"M",0,0.25,1,"HIGH HIGH LOW",NA
8,7,101.029146291874,8,1,1.49906848217811,"M",0,0.25,1,"HIGH HIGH LOW",NA
8,8,107.772024431248,8,1,1.50024205241945,"M",0,0.25,1,"HIGH HIGH LOW",NA
8,9,61.8289053661233,7,0,0.499423019286874,"M",0,0.25,1,"HIGH HIGH LOW",NA
8,10,98.8181607084618,8,1,1.50122806291821,"M",0,0.25,1,"HIGH HIGH LOW",NA
8,11,120.59356878761,9,2,2.49974305173767,"M",0,0.25,1,"HIGH HIGH LOW",NA
9,1,179.495005536415,15,7,7.50046987680056,"M",0,0.25,1,"HIGH HIGH LOW",NA
9,2,62.2627302619974,8,0,0.500278755763289,"M",0,0.25,1,"HIGH HIGH LOW",NA
9,3,64.8590613917614,8,0,0.501539757571656,"M",0,0.25,1,"HIGH HIGH LOW",NA
9,4,63.5596858080556,8,0,0.500940382186386,"M",0,0.25,1,"HIGH HIGH LOW",NA
9,5,98.3978235879559,9,1,1.49857924659412,"M",0,0.25,1,"HIGH HIGH LOW",NA
9,6,63.6374140935076,8,0,0.500712624496879,"M",0,0.25,1,"HIGH HIGH LOW",NA
9,7,192.300669139775,15,7,7.49924792702555,"M",0,0.25,1,"HIGH HIGH LOW",NA
9,8,200.81787536942,19,11,11.5007768997793,"M",0,0.25,1,"HIGH HIGH LOW",NA
9,9,122.886818835384,10,2,2.49995652579733,"M",0,0.25,1,"HIGH HIGH LOW",NA
9,10,199.066987359204,13,5,5.50017011097314,"M",0,0.25,1,"HIGH HIGH LOW",NA
9,11,132.909191010118,10,2,2.49914805028939,"M",0,0.25,1,"HIGH HIGH LOW",NA
10,1,95.2861804982669,10,1,1.5006153006541,"M",0,0.25,1,"HIGH HIGH LOW",NA
10,2,133.017775366446,11,2,2.50023170571745,"M",0,0.25,1,"HIGH HIGH LOW",NA
10,3,65.8738186876779,9,0,0.501282930619963,"M",0,0.25,1,"HIGH HIGH LOW",NA
10,4,121.674829038554,11,2,2.50071085487862,"M",0,0.25,1,"HIGH HIGH LOW",NA
10,5,187.047025451958,15,6,6.50109888599094,"M",0,0.25,1,"HIGH HIGH LOW",NA
10,6,62.4533559590764,9,0,0.500684539936893,"M",0,0.25,1,"HIGH HIGH LOW",NA
10,7,182.75801818036,13,4,4.50083872347376,"M",0,0.25,1,"HIGH HIGH LOW",NA
10,8,60.9700967127834,9,0,0.500530533168822,"M",0,0.25,1,"HIGH HIGH LOW",NA
10,9,199.982869858191,16,7,7.50029116067681,"M",0,0.25,1,"HIGH HIGH LOW",NA
10,10,144.413620082345,12,3,3.49958275326357,"M",0,0.25,1,"HIGH HIGH LOW",NA
10,11,100.783358478289,10,1,1.49918037168224,"M",0,0.25,1,"HIGH HIGH LOW",NA
10,12,139.510659892479,11,2,2.50139536618911,"M",0,0.25,1,"HIGH HIGH LOW",NA
10,13,236.533337013535,18,9,9.50128795027692,"M",0,0.25,1,"HIGH HIGH LOW",NA
10,14,162.897244315855,13,4,4.49857945121397,"M",0,0.25,1,"HIGH HIGH LOW",NA
10,15,182.13154545031,16,7,7.50030545702852,"M",0,0.25,1,"HIGH HIGH LOW",NA
11,1,170.540228834155,15,5,5.49930348242218,"M",0,0.25,1,"HIGH HIGH LOW",NA
11,2,64.2939308052034,10,0,0.498951500695661,"M",0,0.25,1,"HIGH HIGH LOW",NA
11,3,140.693288704272,13,3,3.49832553876179,"M",0,0.25,1,"HIGH HIGH LOW",NA
11,4,178.446799328354,17,7,7.50074530482214,"M",0,0.25,1,"HIGH HIGH LOW",NA
11,5,63.339076788651,10,0,0.498282036616872,"M",0,0.25,1,"HIGH HIGH LOW",NA
11,6,103.468187407113,11,1,1.5003982993793,"M",0,0.25,1,"HIGH HIGH LOW",NA
11,7,98.0573506750666,11,1,1.50075173881269,"M",0,0.25,1,"HIGH HIGH LOW",NA
11,8,62.5432631802675,10,0,0.501564983708582,"M",0,0.25,1,"HIGH HIGH LOW",NA
11,9,60.0149015490691,10,0,0.50004398412111,"M",0,0.25,1,"HIGH HIGH LOW",NA
11,10,62.1757671365198,10,0,0.499582304877888,"M",0,0.25,1,"HIGH HIGH LOW",NA
11,11,65.0702945270232,10,0,0.49978911643939,"M",0,0.25,1,"HIGH HIGH LOW",NA
11,12,187.281113124177,15,5,5.4993069910914,"M",0,0.25,1,"HIGH HIGH LOW",NA
11,13,93.5472919988265,11,1,1.50042888700834,"M",0,0.25,1,"HIGH HIGH LOW",NA
12,1,62.2691014865696,11,0,0.500502789956062,"M",0,0.25,1,"HIGH HIGH LOW",NA
12,2,99.75504893769,12,1,1.50048649240804,"M",0,0.25,1,"HIGH HIGH LOW",NA
12,3,60.5791276947951,11,0,0.500000670281487,"M",0,0.25,1,"HIGH HIGH LOW",NA
12,4,133.779025959171,13,2,2.49946043120647,"M",0,0.25,1,"HIGH HIGH LOW",NA
12,5,174.147745491125,16,5,5.5014957958276,"M",0,0.25,1,"HIGH HIGH LOW",NA
12,6,120.088872718746,13,2,2.50063832984845,"M",0,0.25,1,"HIGH HIGH LOW",NA
12,7,124.509338352513,13,2,2.50033607805759,"M",0,0.25,1,"HIGH HIGH LOW",NA
12,8,124.332642333672,13,2,2.49956494836506,"M",0,0.25,1,"HIGH HIGH LOW",NA
12,9,106.602890944988,12,1,1.50031459749743,"M",0,0.25,1,"HIGH HIGH LOW",NA
12,10,167.885757528827,15,4,4.49911732268949,"M",0,0.25,1,"HIGH HIGH LOW",NA
12,11,99.6323996740027,12,1,1.49924864712888,"M",0,0.25,1,"HIGH HIGH LOW",NA
12,12,63.2406141382901,11,0,0.500705693916142,"M",0,0.25,1,"HIGH HIGH LOW",NA
12,13,65.3266381294597,11,0,0.500956747843438,"M",0,0.25,1,"HIGH HIGH LOW",NA
12,14,222.325593828198,22,11,11.499100690812,"M",0,0.25,1,"HIGH HIGH LOW",NA
13,1,150.630338350031,16,4,4.49968850220391,"M",0,0.25,1,"HIGH HIGH LOW",NA
13,2,150.3580892349,15,3,3.50024094380088,"M",0,0.25,1,"HIGH HIGH LOW",NA
13,3,153.174386137146,15,3,3.49986197716103,"M",0,0.25,1,"HIGH HIGH LOW",NA
13,4,169.129842195925,18,6,6.49989903025454,"M",0,0.25,1,"HIGH HIGH LOW",NA
13,5,139.700689491979,15,3,3.50021293767024,"M",0,0.25,1,"HIGH HIGH LOW",NA
13,6,62.6515234889661,12,0,0.500150787131444,"M",0,0.25,1,"HIGH HIGH LOW",NA
13,7,231.789859714842,22,10,10.5016916309262,"M",0,0.25,1,"HIGH HIGH LOW",NA
13,8,167.440600590391,18,6,6.49873257436747,"M",0,0.25,1,"HIGH HIGH LOW",NA
13,9,125.622349260424,14,2,2.50095814892431,"M",0,0.25,1,"HIGH HIGH LOW",NA
13,10,62.6294583447367,12,0,0.50024470640531,"M",0,0.25,1,"HIGH HIGH LOW",NA
13,11,116.484810517213,14,2,2.49823911374896,"M",0,0.25,1,"HIGH HIGH LOW",NA
13,12,130.120798628703,14,2,2.50028161013183,"M",0,0.25,1,"HIGH HIGH LOW",NA
13,13,97.150862752986,13,1,1.49936105792184,"M",0,0.25,1,"HIGH HIGH LOW",NA
13,14,264.652423944702,26,14,14.5008737240701,"M",0,0.25,1,"HIGH HIGH LOW",NA
14,1,216.275968640943,24,11,11.5017545936025,"M",0,0.25,1,"HIGH HIGH LOW",NA
14,2,62.9469960327966,13,0,0.500315214439076,"M",0,0.25,1,"HIGH HIGH LOW",NA
14,3,151.675848831733,16,3,3.4981908744902,"M",0,0.25,1,"HIGH HIGH LOW",NA
14,4,143.558589054132,16,3,3.49985833579375,"M",0,0.25,1,"HIGH HIGH LOW",NA
14,5,149.631811915879,16,3,3.49859810452209,"M",0,0.25,1,"HIGH HIGH LOW",NA
14,6,161.942405012101,17,4,4.49950235563721,"M",0,0.25,1,"HIGH HIGH LOW",NA
14,7,155.386801944288,18,5,5.49787382807015,"M",0,0.25,1,"HIGH HIGH LOW",NA
14,8,62.5849707886675,13,0,0.499099255239068,"M",0,0.25,1,"HIGH HIGH LOW",NA
14,9,168.360173468007,18,5,5.5017808462843,"M",0,0.25,1,"HIGH HIGH LOW",NA
14,10,132.058452745214,15,2,2.50165719425499,"M",0,0.25,1,"HIGH HIGH LOW",NA
14,11,150.760062521404,16,3,3.49824925498591,"M",0,0.25,1,"HIGH HIGH LOW",NA
14,12,64.480192399598,13,0,0.502375458676527,"M",0,0.25,1,"HIGH HIGH LOW",NA
14,13,172.0774964966,19,6,6.49985665883283,"M",0,0.25,1,"HIGH HIGH LOW",NA
15,1,61.8278612832445,14,0,0.499224726708317,"M",0,0.25,1,"HIGH HIGH LOW",NA
15,2,217.072903323689,23,9,9.5007782924289,"M",0,0.25,1,"HIGH HIGH LOW",NA
15,3,197.661149138442,26,12,12.5005228790537,"M",0,0.25,1,"HIGH HIGH LOW",NA
15,4,123.030713695932,16,2,2.499075041617,"M",0,0.25,1,"HIGH HIGH LOW",NA
15,5,142.365197470622,17,3,3.5015704385942,"M",0,0.25,1,"HIGH HIGH LOW",NA
15,6,62.8465037870779,14,0,0.501120297264751,"M",0,0.25,1,"HIGH HIGH LOW",NA
15,7,162.753757206013,19,5,5.49880731188511,"M",0,0.25,1,"HIGH HIGH LOW",NA
15,8,63.5747043938344,14,0,0.499447890198252,"M",0,0.25,1,"HIGH HIGH LOW",NA
15,9,61.0265034332877,14,0,0.501211020853752,"M",0,0.25,1,"HIGH HIGH LOW",NA
15,10,63.4858258293105,14,0,0.499604031985308,"M",0,0.25,1,"HIGH HIGH LOW",NA
15,11,223.267371179706,22,8,8.500084804618,"M",0,0.25,1,"HIGH HIGH LOW",NA
15,12,209.494294711684,27,13,13.501125134417,"M",0,0.25,1,"HIGH HIGH LOW",NA
15,13,127.652788992055,17,3,3.5006671100605,"M",0,0.25,1,"HIGH HIGH LOW",NA
16,1,171.509732318636,20,5,5.49860867153868,"M",0,0.25,1,"HIGH HIGH LOW",NA
16,2,58.9838375609513,15,0,0.499658824303183,"M",0,0.25,1,"HIGH HIGH LOW",NA
16,3,166.134507962799,19,4,4.49809176611387,"M",0,0.25,1,"HIGH HIGH LOW",NA
16,4,65.0731372277013,15,0,0.499449138502629,"M",0,0.25,1,"HIGH HIGH LOW",NA
16,5,195.070988261168,21,6,6.49911464609971,"M",0,0.25,1,"HIGH HIGH LOW",NA
16,6,111.491828546127,17,2,2.50027023892058,"M",0,0.25,1,"HIGH HIGH LOW",NA
16,7,64.6515860983811,15,0,0.501188498974289,"M",0,0.25,1,"HIGH HIGH LOW",NA
16,8,239.082686430176,28,13,13.4997027584578,"M",0,0.25,1,"HIGH HIGH LOW",NA
16,9,165.151335218642,18,3,3.49901494422297,"M",0,0.25,1,"HIGH HIGH LOW",NA
16,10,63.8635531255176,15,0,0.499513884003133,"M",0,0.25,1,"HIGH HIGH LOW",NA
16,11,170.67073312123,21,6,6.49969892050531,"M",0,0.25,1,"HIGH HIGH LOW",NA
16,12,65.6462695231435,15,0,0.501441941323085,"M",0,0.25,1,"HIGH HIGH LOW",NA
16,13,208.007435546351,19,4,4.49811038722923,"M",0,0.25,1,"HIGH HIGH LOW",NA
16,14,65.1982533619306,15,0,0.499667478438718,"M",0,0.25,1,"HIGH HIGH LOW",NA
17,1,64.282844629527,16,0,0.500684505849874,"M",0,0.25,1,"HIGH HIGH LOW",NA
17,2,162.467956451765,21,5,5.50103935987198,"M",0,0.25,1,"HIGH HIGH LOW",NA
17,3,62.0820643979837,16,0,0.501308627083617,"M",0,0.25,1,"HIGH HIGH LOW",NA
17,4,102.584717100107,17,1,1.49828216083955,"M",0,0.25,1,"HIGH HIGH LOW",NA
17,5,98.5105748906853,17,1,1.50061921534646,"M",0,0.25,1,"HIGH HIGH LOW",NA
17,6,60.9567342611266,16,0,0.499630891425697,"M",0,0.25,1,"HIGH HIGH LOW",NA
17,7,94.7577876422087,17,1,1.50188197081194,"M",0,0.25,1,"HIGH HIGH LOW",NA
17,8,62.1728963240416,16,0,0.498500712966836,"M",0,0.25,1,"HIGH HIGH LOW",NA
17,9,62.3283746735548,16,0,0.498956494157423,"M",0,0.25,1,"HIGH HIGH LOW",NA
17,10,63.7861932707819,16,0,0.499272024886596,"M",0,0.25,1,"HIGH HIGH LOW",NA
17,11,104.642319385371,17,1,1.49829087243616,"M",0,0.25,1,"HIGH HIGH LOW",NA
17,12,124.3183577669,18,2,2.50030244223805,"M",0,0.25,1,"HIGH HIGH LOW",NA
17,13,99.0483208733345,17,1,1.49967533160371,"M",0,0.25,1,"HIGH HIGH LOW",NA
17,14,63.0662947785496,16,0,0.498760362212601,"M",0,0.25,1,"HIGH HIGH LOW",NA
18,1,101.039880468117,18,1,1.50046429094598,"M",0,0.25,1,"HIGH HIGH LOW",NA
18,2,121.514637421081,19,2,2.50162036546007,"M",0,0.25,1,"HIGH HIGH LOW",NA
18,3,94.6333934319939,18,1,1.50035922227707,"M",0,0.25,1,"HIGH HIGH LOW",NA
18,4,100.370220477158,18,1,1.49999446088597,"M",0,0.25,1,"HIGH HIGH LOW",NA
18,5,95.4402920230694,18,1,1.49928257389442,"M",0,0.25,1,"HIGH HIGH LOW",NA
18,6,128.071677449659,19,2,2.50022176229342,"M",0,0.25,1,"HIGH HIGH LOW",NA
18,7,136.956827455211,19,2,2.50034554001235,"M",0,0.25,1,"HIGH HIGH LOW",NA
18,8,62.709738999989,17,0,0.500053060964787,"M",0,0.25,1,"HIGH HIGH LOW",NA
18,9,65.5684585585847,17,0,0.499051277456624,"M",0,0.25,1,"HIGH HIGH LOW",NA
18,10,60.1953947199298,17,0,0.501322886839575,"M",0,0.25,1,"HIGH HIGH LOW",NA
18,11,120.527303080727,19,2,2.49939918074559,"M",0,0.25,1,"HIGH HIGH LOW",NA
18,12,105.015266880298,18,1,1.501187038338,"M",0,0.25,1,"HIGH HIGH LOW",NA
19,1,122.051096856314,20,2,2.50038450154682,"M",0,0.25,1,"HIGH HIGH LOW",NA
19,2,63.8295664603617,18,0,0.50097186968415,"M",0,0.25,1,"HIGH HIGH LOW",NA
19,3,173.533319001769,26,8,8.4995195545051,"M",0,0.25,1,"HIGH HIGH LOW",NA
19,4,98.6971882615426,19,1,1.50111786609454,"M",0,0.25,1,"HIGH HIGH LOW",NA
19,5,168.986691017846,26,8,8.50251465875083,"M",0,0.25,1,"HIGH HIGH LOW",NA
19,6,100.632321064682,19,1,1.49899748978479,"M",0,0.25,1,"HIGH HIGH LOW",NA
19,7,60.2429675343725,18,0,0.500154509602819,"M",0,0.25,1,"HIGH HIGH LOW",NA
19,8,127.798258670038,20,2,2.50094843565595,"M",0,0.25,1,"HIGH HIGH LOW",NA
19,9,101.803574080132,19,1,1.50262712663222,"M",0,0.25,1,"HIGH HIGH LOW",NA
19,10,188.753851037218,27,9,9.50187736744417,"M",0,0.25,1,"HIGH HIGH LOW",NA
19,11,126.246316892071,20,2,2.50057339909357,"M",0,0.25,1,"HIGH HIGH LOW",NA
20,1,198.480421313086,26,7,7.50288300026983,"M",0,0.25,1,"HIGH HIGH LOW",NA
20,2,131.118146747055,21,2,2.50152243342023,"M",0,0.25,1,"HIGH HIGH LOW",NA
20,3,62.6247907939696,19,0,0.500837534388898,"M",0,0.25,1,"HIGH HIGH LOW",NA
20,4,173.043387451849,24,5,5.50208022646996,"M",0,0.25,1,"HIGH HIGH LOW",NA
20,5,155.565942718424,23,4,4.49861131603118,"M",0,0.25,1,"HIGH HIGH LOW",NA
20,6,165.300481239207,23,4,4.50008944537731,"M",0,0.25,1,"HIGH HIGH LOW",NA
20,7,203.001028149837,25,6,6.49950386817846,"M",0,0.25,1,"HIGH HIGH LOW",NA
20,8,152.085622221388,22,3,3.50004783689396,"M",0,0.25,1,"HIGH HIGH LOW",NA
20,9,219.238834427698,28,9,9.49972611404175,"M",0,0.25,1,"HIGH HIGH LOW",NA
20,10,96.9293724623667,20,1,1.49949549878258,"M",0,0.25,1,"HIGH HIGH LOW",NA
20,11,61.0099916437355,19,0,0.499256767963101,"M",0,0.25,1,"HIGH HIGH LOW",NA
20,12,164.069633499032,24,5,5.50047307300519,"M",0,0.25,1,"HIGH HIGH LOW",NA
21,1,63.1676076345302,20,0,0.501535563406599,"M",0,0.25,1,"HIGH HIGH LOW",NA
21,2,121.329138163112,22,2,2.49941767102516,"M",0,0.25,1,"HIGH HIGH LOW",NA
21,3,201.88397356752,30,10,10.4998859041452,"M",0,0.25,1,"HIGH HIGH LOW",NA
21,4,206.712987903206,27,7,7.49989998055806,"M",0,0.25,1,"HIGH HIGH LOW",NA
21,5,95.4608639785315,21,1,1.49986189556472,"M",0,0.25,1,"HIGH HIGH LOW",NA
21,6,209.394468386655,34,14,14.4991898123328,"M",0,0.25,1,"HIGH HIGH LOW",NA
21,7,188.583667884107,34,14,14.5000986978516,"M",0,0.25,1,"HIGH HIGH LOW",NA
21,8,123.211407508294,22,2,2.50035593831822,"M",0,0.25,1,"HIGH HIGH LOW",NA
21,9,60.9904962029071,20,0,0.501919720942364,"M",0,0.25,1,"HIGH HIGH LOW",NA
21,10,210.978689392734,26,6,6.49881007076911,"M",0,0.25,1,"HIGH HIGH LOW",NA
22,1,193.67300853562,28,7,7.50177638477124,"M",0,0.25,1,"HIGH HIGH LOW",NA
22,2,205.417664136174,33,12,12.4983997803512,"M",0,0.25,1,"HIGH HIGH LOW",NA
22,3,147.621276422506,24,3,3.49950539389172,"M",0,0.25,1,"HIGH HIGH LOW",NA
22,4,119.140169694287,23,2,2.50021844391391,"M",0,0.25,1,"HIGH HIGH LOW",NA
22,5,145.222176193402,24,3,3.49675042078693,"M",0,0.25,1,"HIGH HIGH LOW",NA
22,6,97.0814943572627,22,1,1.5000050867529,"M",0,0.25,1,"HIGH HIGH LOW",NA
22,7,98.3283638275304,22,1,1.49927343693116,"M",0,0.25,1,"HIGH HIGH LOW",NA
22,8,125.660397611105,23,2,2.50019811265566,"M",0,0.25,1,"HIGH HIGH LOW",NA
22,9,162.801977334269,26,5,5.49934497761719,"M",0,0.25,1,"HIGH HIGH LOW",NA
22,10,187.642533581091,33,12,12.5009563054002,"M",0,0.25,1,"HIGH HIGH LOW",NA
22,11,228.693113487071,32,11,11.5007268510628,"M",0,0.25,1,"HIGH HIGH LOW",NA
22,12,144.814493344441,24,3,3.50048748210198,"M",0,0.25,1,"HIGH HIGH LOW",NA
22,13,126.809556269672,23,2,2.49809044335289,"M",0,0.25,1,"HIGH HIGH LOW",NA
23,1,138.018022089084,25,3,3.50027925354985,"M",0,0.25,1,"HIGH HIGH LOW",NA
23,2,93.2048810180977,23,1,1.49772396137837,"M",0,0.25,1,"HIGH HIGH LOW",NA
23,3,192.024164063299,29,7,7.50105769012995,"M",0,0.25,1,"HIGH HIGH LOW",NA
23,4,59.1915769519544,22,0,0.501057612437294,"M",0,0.25,1,"HIGH HIGH LOW",NA
23,5,167.85753177929,28,6,6.49961646921708,"M",0,0.25,1,"HIGH HIGH LOW",NA
23,6,94.1897137774256,23,1,1.50046007048843,"M",0,0.25,1,"HIGH HIGH LOW",NA
23,7,121.051150334853,24,2,2.50000953184246,"M",0,0.25,1,"HIGH HIGH LOW",NA
23,8,97.0809887914261,23,1,1.50065743851274,"M",0,0.25,1,"HIGH HIGH LOW",NA
23,9,180.563029621072,27,5,5.50150274133105,"M",0,0.25,1,"HIGH HIGH LOW",NA
23,10,182.300363864948,30,8,8.50080937697997,"M",0,0.25,1,"HIGH HIGH LOW",NA
23,11,191.90747797251,28,6,6.49896558788738,"M",0,0.25,1,"HIGH HIGH LOW",NA
23,12,160.986598856763,26,4,4.49973380029701,"M",0,0.25,1,"HIGH HIGH LOW",NA
23,13,152.319203530181,25,3,3.49907670552907,"M",0,0.25,1,"HIGH HIGH LOW",NA
23,14,65.6676853681709,22,0,0.501292434434011,"M",0,0.25,1,"HIGH HIGH LOW",NA
24,1,61.3216264955076,23,0,0.500707653554869,"M",0,0.25,1,"HIGH HIGH LOW",NA
24,2,61.3884424528267,23,0,0.499053566045571,"M",0,0.25,1,"HIGH HIGH LOW",NA
24,3,100.263943802752,24,1,1.50031611399278,"M",0,0.25,1,"HIGH HIGH LOW",NA
24,4,61.792091358523,23,0,0.49905552660876,"M",0,0.25,1,"HIGH HIGH LOW",NA
24,5,139.760427706406,26,3,3.4991168881329,"M",0,0.25,1,"HIGH HIGH LOW",NA
24,6,137.116710237397,25,2,2.5003573802719,"M",0,0.25,1,"HIGH HIGH LOW",NA
24,7,224.350149150548,34,11,11.4997771455685,"M",0,0.25,1,"HIGH HIGH LOW",NA
24,8,183.47958911696,28,5,5.50143746932114,"M",0,0.25,1,"HIGH HIGH LOW",NA
24,9,149.996961581536,28,5,5.49956455204997,"M",0,0.25,1,"HIGH HIGH LOW",NA
24,10,61.1697010763313,23,0,0.500144830395561,"M",0,0.25,1,"HIGH HIGH LOW",NA
24,11,61.9194834720844,23,0,0.499134570401125,"M",0,0.25,1,"HIGH HIGH LOW",NA
24,12,182.688892260552,29,6,6.50020717609507,"M",0,0.25,1,"HIGH HIGH LOW",NA
25,1,174.782024308807,29,5,5.49906156307179,"M",0,0.25,1,"HIGH HIGH LOW",NA
25,2,179.829719751656,30,6,6.50042096297513,"M",0,0.25,1,"HIGH HIGH LOW",NA
25,3,129.692374211509,26,2,2.49956463207473,"M",0,0.25,1,"HIGH HIGH LOW",NA
25,4,131.181659488774,26,2,2.49934114750101,"M",0,0.25,1,"HIGH HIGH LOW",NA
25,5,144.844722203956,27,3,3.50171952019293,"M",0,0.25,1,"HIGH HIGH LOW",NA
25,6,181.856531859139,30,6,6.50124383190859,"M",0,0.25,1,"HIGH HIGH LOW",NA
25,7,162.136629714473,28,4,4.50093899432211,"M",0,0.25,1,"HIGH HIGH LOW",NA
25,8,62.1578300664172,24,0,0.498775110116315,"M",0,0.25,1,"HIGH HIGH LOW",NA
25,9,60.880141636461,24,0,0.500895624125172,"M",0,0.25,1,"HIGH HIGH LOW",NA
25,10,153.398061335886,27,3,3.49859828842291,"M",0,0.25,1,"HIGH HIGH LOW",NA
25,11,184.244636472355,29,5,5.49928418739645,"M",0,0.25,1,"HIGH HIGH LOW",NA
25,12,62.9473046694743,24,0,0.499682888915267,"M",0,0.25,1,"HIGH HIGH LOW",NA
25,13,126.128342343998,26,2,2.49927183733606,"M",0,0.25,1,"HIGH HIGH LOW",NA
26,1,63.4549032978653,25,0,0.500590810345032,"M",0,0.25,1,"HIGH HIGH LOW",NA
26,2,164.72113055315,29,4,4.4991825460799,"M",0,0.25,1,"HIGH HIGH LOW",NA
26,3,182.187565283582,30,5,5.5004495357509,"M",0,0.25,1,"HIGH HIGH LOW",NA
26,4,118.732480035075,27,2,2.50049109869037,"M",0,0.25,1,"HIGH HIGH LOW",NA
26,5,97.2766239967454,26,1,1.49858376263004,"M",0,0.25,1,"HIGH HIGH LOW",NA
26,6,62.2545845502136,25,0,0.501739203052272,"M",0,0.25,1,"HIGH HIGH LOW",NA
26,7,181.517438250764,32,7,7.50044802997504,"M",0,0.25,1,"HIGH HIGH LOW",NA
26,8,140.882632046536,29,4,4.50233046004009,"M",0,0.25,1,"HIGH HIGH LOW",NA
26,9,207.230114100632,32,7,7.50027650639217,"M",0,0.25,1,"HIGH HIGH LOW",NA
26,10,210.406491641497,34,9,9.50123537661431,"M",0,0.25,1,"HIGH HIGH LOW",NA
26,11,60.7525334665082,25,0,0.499568131785004,"M",0,0.25,1,"HIGH HIGH LOW",NA
26,12,127.611449786821,27,2,2.49879179946037,"M",0,0.25,1,"HIGH HIGH LOW",NA
27,1,126.59682134369,28,2,2.50043349223614,"M",0,0.25,1,"HIGH HIGH LOW",NA
27,2,63.1769671985001,26,0,0.499740524813243,"M",0,0.25,1,"HIGH HIGH LOW",NA
27,3,62.5950075421644,26,0,0.500226174046538,"M",0,0.25,1,"HIGH HIGH LOW",NA
27,4,188.572433221836,32,6,6.50037473161286,"M",0,0.25,1,"HIGH HIGH LOW",NA
27,5,90.5116267342645,27,1,1.49927384038029,"M",0,0.25,1,"HIGH HIGH LOW",NA
27,6,144.372631031689,29,3,3.49977043514855,"M",0,0.25,1,"HIGH HIGH LOW",NA
27,7,96.662324194175,27,1,1.49994074483408,"M",0,0.25,1,"HIGH HIGH LOW",NA
27,8,98.2606845644244,27,1,1.49995833268453,"M",0,0.25,1,"HIGH HIGH LOW",NA
27,9,118.456218076864,28,2,2.49972968310753,"M",0,0.25,1,"HIGH HIGH LOW",NA
27,10,201.033257874637,33,7,7.50003052137559,"M",0,0.25,1,"HIGH HIGH LOW",NA
27,11,152.734334520139,30,4,4.50158361469463,"M",0,0.25,1,"HIGH HIGH LOW",NA
28,1,142.033147761203,30,3,3.50010644295573,"M",0,0.25,1,"HIGH HIGH LOW",NA
28,2,122.108990113151,29,2,2.50090881989016,"M",0,0.25,1,"HIGH HIGH LOW",NA
28,3,181.300323696264,32,5,5.49858261720459,"M",0,0.25,1,"HIGH HIGH LOW",NA
28,4,146.143454044229,30,3,3.50094900030575,"M",0,0.25,1,"HIGH HIGH LOW",NA
28,5,61.7898852136836,27,0,0.500570575331404,"M",0,0.25,1,"HIGH HIGH LOW",NA
28,6,60.7650516789475,27,0,0.499487461407553,"M",0,0.25,1,"HIGH HIGH LOW",NA
28,7,62.2431403225725,27,0,0.501216098026619,"M",0,0.25,1,"HIGH HIGH LOW",NA
28,8,156.154702085509,31,4,4.49923219919674,"M",0,0.25,1,"HIGH HIGH LOW",NA
28,9,176.102697732862,33,6,6.50085004438988,"M",0,0.25,1,"HIGH HIGH LOW",NA
28,10,61.8069509253808,27,0,0.500380469351023,"M",0,0.25,1,"HIGH HIGH LOW",NA
28,11,123.32562379053,29,2,2.49944309431393,"M",0,0.25,1,"HIGH HIGH LOW",NA
28,12,189.230495288539,37,10,10.4986021252358,"M",0,0.25,1,"HIGH HIGH LOW",NA
29,1,171.646733882699,33,5,5.49957541205504,"M",0,0.25,1,"HIGH HIGH LOW",NA
29,2,217.146890012904,38,10,10.4999731123743,"M",0,0.25,1,"HIGH HIGH LOW",NA
29,3,177.750608112487,37,9,9.50076614542516,"M",0,0.25,1,"HIGH HIGH LOW",NA
29,4,100.522349009742,29,1,1.49961849089345,"M",0,0.25,1,"HIGH HIGH LOW",NA
29,5,97.1452297921114,29,1,1.49949726697415,"M",0,0.25,1,"HIGH HIGH LOW",NA
29,6,62.0150886606003,28,0,0.499899231025596,"M",0,0.25,1,"HIGH HIGH LOW",NA
29,7,165.646500861302,32,4,4.50002562649071,"M",0,0.25,1,"HIGH HIGH LOW",NA
29,8,64.0823048883806,28,0,0.499617752784864,"M",0,0.25,1,"HIGH HIGH LOW",NA
29,9,63.274359626069,28,0,0.500858201549869,"M",0,0.25,1,"HIGH HIGH LOW",NA
29,10,62.269185160265,28,0,0.500668021152547,"M",0,0.25,1,"HIGH HIGH LOW",NA
29,11,99.420170795253,29,1,1.49985788250743,"M",0,0.25,1,"HIGH HIGH LOW",NA
29,12,94.030937948019,29,1,1.50099816907,"M",0,0.25,1,"HIGH HIGH LOW",NA
30,1,63.0977177627716,29,0,0.500667307116104,"M",0,0.25,1,"HIGH HIGH LOW",NA
30,2,237.088948418943,36,7,7.50176876200579,"M",0,0.25,1,"HIGH HIGH LOW",NA
30,3,63.8319961282681,29,0,0.499923238990864,"M",0,0.25,1,"HIGH HIGH LOW",NA
30,4,149.594885309368,32,3,3.49948262626534,"M",0,0.25,1,"HIGH HIGH LOW",NA
30,5,202.689292296074,37,8,8.49981966848125,"M",0,0.25,1,"HIGH HIGH LOW",NA
30,6,149.091123944251,32,3,3.50116979254417,"M",0,0.25,1,"HIGH HIGH LOW",NA
30,7,127.731849408812,31,2,2.50116168516024,"M",0,0.25,1,"HIGH HIGH LOW",NA
30,8,62.1117916708945,29,0,0.501094807200092,"M",0,0.25,1,"HIGH HIGH LOW",NA
30,9,227.357472697548,37,8,8.49844563906089,"M",0,0.25,1,"HIGH HIGH LOW",NA
30,10,140.269950902677,32,3,3.49976752714508,"M",0,0.25,1,"HIGH HIGH LOW",NA
30,11,140.678289422801,32,3,3.50098253238397,"M",0,0.25,1,"HIGH HIGH LOW",NA
30,12,171.618146994853,33,4,4.50022410555845,"M",0,0.25,1,"HIGH HIGH LOW",NA
30,13,60.1204028699272,29,0,0.50007044283526,"M",0,0.25,1,"HIGH HIGH LOW",NA
31,1,206.921385925761,35,5,5.50115453160871,"M",0,0.25,1,"HIGH HIGH LOW",NA
31,2,62.8622147200676,30,0,0.499289649337478,"M",0,0.25,1,"HIGH HIGH LOW",NA
31,3,61.7851536443915,30,0,0.500938355166979,"M",0,0.25,1,"HIGH HIGH LOW",NA
31,4,116.109930473934,32,2,2.4999888114219,"M",0,0.25,1,"HIGH HIGH LOW",NA
31,5,172.927048967871,34,4,4.50033637486782,"M",0,0.25,1,"HIGH HIGH LOW",NA
31,6,63.0125004342543,30,0,0.501251855006859,"M",0,0.25,1,"HIGH HIGH LOW",NA
31,7,127.245668883534,32,2,2.49882375730606,"M",0,0.25,1,"HIGH HIGH LOW",NA
31,8,220.466120341064,38,8,8.49807516407989,"M",0,0.25,1,"HIGH HIGH LOW",NA
31,9,98.7322557939096,31,1,1.49876642032815,"M",0,0.25,1,"HIGH HIGH LOW",NA
31,10,160.634672636936,34,4,4.49967215163341,"M",0,0.25,1,"HIGH HIGH LOW",NA
31,11,63.8544177022323,30,0,0.500892719239121,"M",0,0.25,1,"HIGH HIGH LOW",NA
31,12,179.774386895677,42,12,12.5035117897388,"M",0,0.25,1,"HIGH HIGH LOW",NA
32,1,61.8181749252214,31,0,0.499904606138277,"M",0,0.25,1,"HIGH HIGH LOW",NA
32,2,61.7931253930818,31,0,0.50052216911757,"M",0,0.25,1,"HIGH HIGH LOW",NA
32,3,181.833970736069,40,9,9.4999886257667,"M",0,0.25,1,"HIGH HIGH LOW",NA
32,4,119.099730485516,33,2,2.5001292347186,"M",0,0.25,1,"HIGH HIGH LOW",NA
32,5,180.087167114421,36,5,5.50059246570732,"M",0,0.25,1,"HIGH HIGH LOW",NA
32,6,229.467124437487,44,13,13.5010228134032,"M",0,0.25,1,"HIGH HIGH LOW",NA
32,7,143.789043978098,34,3,3.49937441862027,"M",0,0.25,1,"HIGH HIGH LOW",NA
32,8,197.370327910453,37,6,6.50152842045263,"M",0,0.25,1,"HIGH HIGH LOW",NA
32,9,173.79895617148,35,4,4.49925832223656,"M",0,0.25,1,"HIGH HIGH LOW",NA
32,10,193.63643643239,37,6,6.50115377554294,"M",0,0.25,1,"HIGH HIGH LOW",NA
32,11,201.084572323379,41,10,10.502347788698,"M",0,0.25,1,"HIGH HIGH LOW",NA
32,12,60.9031160103479,31,0,0.500670373428807,"M",0,0.25,1,"HIGH HIGH LOW",NA
32,13,199.913645881371,37,6,6.49892796801052,"M",0,0.25,1,"HIGH HIGH LOW",NA
33,1,62.57579923969,32,0,0.499591506612154,"M",0,0.25,1,"HIGH HIGH LOW",NA
33,2,93.9699212223729,33,1,1.50058082733805,"M",0,0.25,1,"HIGH HIGH LOW",NA
33,3,96.2146738147308,33,1,1.49909625926844,"M",0,0.25,1,"HIGH HIGH LOW",NA
33,4,132.983986886161,34,2,2.50101334361158,"M",0,0.25,1,"HIGH HIGH LOW",NA
33,5,227.019911575029,40,8,8.50110957091607,"M",0,0.25,1,"HIGH HIGH LOW",NA
33,6,130.68598122813,34,2,2.49937501760593,"M",0,0.25,1,"HIGH HIGH LOW",NA
33,7,60.7687337529729,32,0,0.50221566914174,"M",0,0.25,1,"HIGH HIGH LOW",NA
33,8,126.802545395824,34,2,2.50088696206335,"M",0,0.25,1,"HIGH HIGH LOW",NA
33,9,151.966063191909,36,4,4.50165871469007,"M",0,0.25,1,"HIGH HIGH LOW",NA
33,10,118.784942368458,34,2,2.50043213772234,"M",0,0.25,1,"HIGH HIGH LOW",NA
33,11,181.273493597006,37,5,5.49845467755719,"M",0,0.25,1,"HIGH HIGH LOW",NA
34,1,63.5773680587657,33,0,0.499243391724284,"M",0,0.25,1,"HIGH HIGH LOW",NA
34,2,193.52235776183,40,7,7.50108807915837,"M",0,0.25,1,"HIGH HIGH LOW",NA
34,3,199.460518853553,39,6,6.50003327791876,"M",0,0.25,1,"HIGH HIGH LOW",NA
34,4,63.7884086119764,33,0,0.500349792757676,"M",0,0.25,1,"HIGH HIGH LOW",NA
34,5,61.9947716896153,33,0,0.499789310922121,"M",0,0.25,1,"HIGH HIGH LOW",NA
34,6,61.5357652558346,33,0,0.501404697511877,"M",0,0.25,1,"HIGH HIGH LOW",NA
34,7,138.628491707485,36,3,3.49911934266609,"M",0,0.25,1,"HIGH HIGH LOW",NA
34,8,63.8887982432918,33,0,0.50046111111071,"M",0,0.25,1,"HIGH HIGH LOW",NA
34,9,142.452579887088,36,3,3.49977447735224,"M",0,0.25,1,"HIGH HIGH LOW",NA
34,10,174.491015963401,39,6,6.50034472082524,"M",0,0.25,1,"HIGH HIGH LOW",NA
34,11,97.6082759965309,34,1,1.50150055552563,"M",0,0.25,1,"HIGH HIGH LOW",NA
34,12,209.969034659943,47,14,14.4980124611885,"M",0,0.25,1,"HIGH HIGH LOW",NA
35,1,206.603947678135,42,8,8.50012948530458,"M",0,0.25,1,"HIGH HIGH LOW",NA
35,2,150.54079569209,39,5,5.49921003202648,"M",0,0.25,1,"HIGH HIGH LOW",NA
35,3,213.370705636799,43,9,9.50060146211566,"M",0,0.25,1,"HIGH HIGH LOW",NA
35,4,213.794040251455,41,7,7.50145331920522,"M",0,0.25,1,"HIGH HIGH LOW",NA
35,5,62.9037790401225,34,0,0.498480275227376,"M",0,0.25,1,"HIGH HIGH LOW",NA
35,6,97.641792991413,35,1,1.50167370140118,"M",0,0.25,1,"HIGH HIGH LOW",NA
35,7,122.081142542105,36,2,2.49980944888498,"M",0,0.25,1,"HIGH HIGH LOW",NA
35,8,98.6204294881965,35,1,1.50027572614656,"M",0,0.25,1,"HIGH HIGH LOW",NA
35,9,96.364439756352,35,1,1.50062353978784,"M",0,0.25,1,"HIGH HIGH LOW",NA
35,10,196.384398290584,41,7,7.49947484175074,"M",0,0.25,1,"HIGH HIGH LOW",NA
35,11,98.0578163996815,35,1,1.49977309830483,"M",0,0.25,1,"HIGH HIGH LOW",NA
35,12,149.340628648207,37,3,3.49895340690821,"M",0,0.25,1,"HIGH HIGH LOW",NA
35,13,141.26786273584,37,3,3.49954969692375,"M",0,0.25,1,"HIGH HIGH LOW",NA
35,14,103.72170371724,35,1,1.49891652174053,"M",0,0.25,1,"HIGH HIGH LOW",NA
35,15,58.8578250508902,34,0,0.499600828127452,"M",0,0.25,1,"HIGH HIGH LOW",NA
36,1,154.063627829429,38,3,3.49952586869903,"M",0,0.25,1,"HIGH HIGH LOW",NA
36,2,124.323130478517,37,2,2.49923300382908,"M",0,0.25,1,"HIGH HIGH LOW",NA
36,3,138.28789227422,38,3,3.50011037627665,"M",0,0.25,1,"HIGH HIGH LOW",NA
36,4,99.4738511793097,36,1,1.50025200197776,"M",0,0.25,1,"HIGH HIGH LOW",NA
36,5,62.9780782749406,35,0,0.502073221589547,"M",0,0.25,1,"HIGH HIGH LOW",NA
36,6,94.6685545485986,36,1,1.50001001644398,"M",0,0.25,1,"HIGH HIGH LOW",NA
36,7,123.368205264656,37,2,2.49896312033277,"M",0,0.25,1,"HIGH HIGH LOW",NA
36,8,147.864227674659,38,3,3.50024234557371,"M",0,0.25,1,"HIGH HIGH LOW",NA
36,9,157.385506284713,39,4,4.50052800244159,"M",0,0.25,1,"HIGH HIGH LOW",NA
36,10,181.154117054993,42,7,7.49831084560898,"M",0,0.25,1,"HIGH HIGH LOW",NA
37,1,64.6026012787755,36,0,0.5007411449999,"M",0,0.25,1,"HIGH HIGH LOW",NA
37,2,209.047094718614,43,7,7.49947096764554,"M",0,0.25,1,"HIGH HIGH LOW",NA
37,3,63.9260386919041,36,0,0.499502302389962,"M",0,0.25,1,"HIGH HIGH LOW",NA
37,4,60.4685393502258,36,0,0.498331327983505,"M",0,0.25,1,"HIGH HIGH LOW",NA
37,5,158.551696389643,41,5,5.49969402248598,"M",0,0.25,1,"HIGH HIGH LOW",NA
37,6,62.9152177543863,36,0,0.501780598664037,"M",0,0.25,1,"HIGH HIGH LOW",NA
37,7,130.918912565481,39,3,3.50111719456448,"M",0,0.25,1,"HIGH HIGH LOW",NA
37,8,67.1521208409303,36,0,0.500569645722259,"M",0,0.25,1,"HIGH HIGH LOW",NA
37,9,141.662957600089,39,3,3.50041554201698,"M",0,0.25,1,"HIGH HIGH LOW",NA
37,10,188.337673004622,42,6,6.4998395691123,"M",0,0.25,1,"HIGH HIGH LOW",NA
37,11,97.8875029783493,37,1,1.49996648659449,"M",0,0.25,1,"HIGH HIGH LOW",NA
37,12,242.60275846936,49,13,13.4988026377371,"M",0,0.25,1,"HIGH HIGH LOW",NA
38,1,165.994692206618,42,5,5.50181248829191,"M",0,0.25,1,"HIGH HIGH LOW",NA
38,2,245.440665517264,51,14,14.5009528722991,"M",0.30676736808382,0.25,1,"HIGH HIGH LOW",NA
38,3,65.6680543269047,37,0,0.499927654834941,"M",0,0.25,1,"HIGH HIGH LOW",NA
38,4,113.024371392124,39,2,2.50066572071413,"M",0,0.25,1,"HIGH HIGH LOW",NA
38,5,122.375116323616,39,2,2.49964727739999,"M",0,0.25,1,"HIGH HIGH LOW",NA
38,6,95.3456797514249,38,1,1.50086270436804,"M",0,0.25,1,"HIGH HIGH LOW",NA
38,7,183.733590475054,42,5,5.49883194967196,"M",0,0.25,1,"HIGH HIGH LOW",NA
38,8,235.119842477712,50,13,13.5000473298841,"FISHED",0.352568710618652,0.25,1,"HIGH HIGH LOW",NA
38,9,197.821146675988,43,6,6.50176690798802,"M",0,0.25,1,"HIGH HIGH LOW",NA
38,10,189.161161182006,47,10,10.5005570494416,"M",0,0.25,1,"HIGH HIGH LOW",NA
38,11,101.196939225204,38,1,1.49954591827842,"M",0,0.25,1,"HIGH HIGH LOW",NA
38,12,231.204443226608,48,11,11.499904006646,"M",0,0.25,1,"HIGH HIGH LOW",NA
39,1,106.15699964783,39,1,1.49912061022467,"M",0,0.25,1,"HIGH HIGH LOW",NA
39,2,96.3581508258662,39,1,1.49942679980184,"M",0,0.25,1,"HIGH HIGH LOW",NA
39,3,64.6100015575453,38,0,0.501887921494596,"M",0,0.25,1,"HIGH HIGH LOW",NA
39,4,154.765814097643,42,4,4.49978484131169,"M",0,0.25,1,"HIGH HIGH LOW",NA
39,5,94.5349534262745,39,1,1.50092295427375,"M",0,0.25,1,"HIGH HIGH LOW",NA
39,6,124.453153672391,40,2,2.49970709029055,"M",0,0.25,1,"HIGH HIGH LOW",NA
39,7,196.180899103883,49,11,11.4991134874954,"M",0,0.25,1,"HIGH HIGH LOW",NA
39,8,98.160628952219,39,1,1.49997159432129,"M",0,0.25,1,"HIGH HIGH LOW",NA
39,9,63.3482263655557,38,0,0.501360889915841,"M",0,0.25,1,"HIGH HIGH LOW",NA
39,10,166.783556151919,42,4,4.50175369571095,"M",0,0.25,1,"HIGH HIGH LOW",NA
39,11,148.426081635153,41,3,3.50100348637018,"M",0,0.25,1,"HIGH HIGH LOW",NA
40,1,196.579098848433,48,9,9.49981535495573,"M",0,0.25,1,"HIGH HIGH LOW",NA
40,2,151.770499965028,42,3,3.4990857537226,"M",0,0.25,1,"HIGH HIGH LOW",NA
40,3,103.269450502111,40,1,1.50092784099231,"M",0,0.25,1,"HIGH HIGH LOW",NA
40,4,201.311091280474,46,7,7.50134756313728,"M",0,0.25,1,"HIGH HIGH LOW",NA
40,5,98.4542625561814,40,1,1.50148231746798,"M",0,0.25,1,"HIGH HIGH LOW",NA
40,6,158.827273608423,44,5,5.49985954721057,"M",0,0.25,1,"HIGH HIGH LOW",NA
40,7,97.8485619976977,40,1,1.50037405916384,"M",0,0.25,1,"HIGH HIGH LOW",NA
40,8,144.860901233106,42,3,3.49918569315108,"M",0,0.25,1,"HIGH HIGH LOW",NA
40,9,134.466944439159,42,3,3.49974591046984,"M",0,0.25,1,"HIGH HIGH LOW",NA
40,10,171.233016289578,44,5,5.50099873626313,"M",0,0.25,1,"HIGH HIGH LOW",NA
40,11,63.2652318639779,39,0,0.499690312086883,"M",0,0.25,1,"HIGH HIGH LOW",NA
40,12,203.786442821547,45,6,6.50140805169493,"M",0,0.25,1,"HIGH HIGH LOW",NA
40,13,97.2302316808581,40,1,1.49953927236677,"M",0,0.25,1,"HIGH HIGH LOW",NA
41,1,62.5680197887262,40,0,0.499694279993547,"M",0,0.25,1,"HIGH HIGH LOW",NA
41,2,200.401066596161,45,5,5.50054124541343,"M",0,0.25,1,"HIGH HIGH LOW",NA
41,3,127.671671994602,42,2,2.50206265709822,"M",0,0.25,1,"HIGH HIGH LOW",NA
41,4,166.799825048049,45,5,5.5010630451133,"M",0,0.25,1,"HIGH HIGH LOW",NA
41,5,94.5151535944439,41,1,1.50155919577934,"M",0,0.25,1,"HIGH HIGH LOW",NA
41,6,61.5669608155617,40,0,0.498564067762472,"M",0,0.25,1,"HIGH HIGH LOW",NA
41,7,95.7870204804433,41,1,1.50193378741829,"M",0,0.25,1,"HIGH HIGH LOW",NA
41,8,122.296386999795,42,2,2.49952740900182,"M",0,0.25,1,"HIGH HIGH LOW",NA
41,9,64.2210715528727,40,0,0.500697103168647,"M",0,0.25,1,"HIGH HIGH LOW",NA
41,10,99.5662656460317,41,1,1.50154873080445,"M",0,0.25,1,"HIGH HIGH LOW",NA
41,11,99.6642359640964,41,1,1.50227675290217,"M",0,0.25,1,"HIGH HIGH LOW",NA
42,1,157.328507378239,44,3,3.49888382084772,"M",0,0.25,1,"HIGH HIGH LOW",NA
42,2,153.694918454183,46,5,5.49903771816878,"M",0,0.25,1,"HIGH HIGH LOW",NA
42,3,62.4027885640648,41,0,0.499722547408693,"M",0,0.25,1,"HIGH HIGH LOW",NA
42,4,200.441308404067,50,9,9.50014967719483,"M",0.352568710618652,0.25,1,"HIGH HIGH LOW",NA
42,5,191.590071039447,47,6,6.49847142223403,"M",0,0.25,1,"HIGH HIGH LOW",NA
42,6,211.058210326054,49,8,8.4977320611702,"M",0,0.25,1,"HIGH HIGH LOW",NA
42,7,135.61847160173,43,2,2.49948252469002,"M",0,0.25,1,"HIGH HIGH LOW",NA
42,8,178.328886923128,48,7,7.49899659597725,"M",0,0.25,1,"HIGH HIGH LOW",NA
42,9,98.2460039918679,42,1,1.5001580397111,"M",0,0.25,1,"HIGH HIGH LOW",NA
42,10,63.1623653503537,41,0,0.498449386767629,"M",0,0.25,1,"HIGH HIGH LOW",NA
42,11,62.2976629323731,41,0,0.499639363636511,"M",0,0.25,1,"HIGH HIGH LOW",NA
42,12,210.0519381637,48,7,7.50130847175617,"M",0,0.25,1,"HIGH HIGH LOW",NA
43,1,190.38854568988,48,6,6.49871057129701,"M",0,0.25,1,"HIGH HIGH LOW",NA
43,2,135.008191225595,46,4,4.49981438397818,"M",0,0.25,1,"HIGH HIGH LOW",NA
43,3,163.268579672614,47,5,5.50011786379576,"M",0,0.25,1,"HIGH HIGH LOW",NA
43,4,153.703852377809,47,5,5.5000751819648,"M",0,0.25,1,"HIGH HIGH LOW",NA
43,5,61.3277062260059,42,0,0.498388531993753,"M",0,0.25,1,"HIGH HIGH LOW",NA
43,6,60.7342283549406,42,0,0.499382042333517,"M",0,0.25,1,"HIGH HIGH LOW",NA
43,7,62.2850727549821,42,0,0.499458734929395,"M",0,0.25,1,"HIGH HIGH LOW",NA
43,8,124.369803340803,44,2,2.50013999599163,"M",0,0.25,1,"HIGH HIGH LOW",NA
43,9,193.160087134307,49,7,7.50138365469142,"M",0,0.25,1,"HIGH HIGH LOW",NA
43,10,104.250596252105,43,1,1.50105514017371,"M",0,0.25,1,"HIGH HIGH LOW",NA
43,11,141.035034990206,45,3,3.49982978564101,"M",0,0.25,1,"HIGH HIGH LOW",NA
43,12,150.183927293369,45,3,3.50079748563503,"M",0,0.25,1,"HIGH HIGH LOW",NA
44,1,127.330024510621,45,2,2.49959561623004,"M",0,0.25,1,"HIGH HIGH LOW",NA
44,2,145.771200052386,46,3,3.50041530952107,"M",0,0.25,1,"HIGH HIGH LOW",NA
44,3,62.1829101640906,43,0,0.501255077148995,"M",0,0.25,1,"HIGH HIGH LOW",NA
44,4,159.938062026324,46,3,3.50138311158491,"M",0,0.25,1,"HIGH HIGH LOW",NA
44,5,103.078078144314,44,1,1.49932561980748,"M",0,0.25,1,"HIGH HIGH LOW",NA
44,6,161.429163286321,47,4,4.49901445011082,"M",0,0.25,1,"HIGH HIGH LOW",NA
44,7,60.5885537630564,43,0,0.499812376094935,"M",0,0.25,1,"HIGH HIGH LOW",NA
44,8,210.079331421417,48,5,5.5001763566962,"M",0,0.25,1,"HIGH HIGH LOW",NA
44,9,127.869861093463,45,2,2.49977543131883,"M",0,0.25,1,"HIGH HIGH LOW",NA
44,10,145.108509722702,46,3,3.49891953711238,"M",0,0.25,1,"HIGH HIGH LOW",NA
44,11,182.238573331818,48,5,5.49920534584544,"M",0,0.25,1,"HIGH HIGH LOW",NA
44,12,164.063306546184,48,5,5.50010343368346,"M",0,0.25,1,"HIGH HIGH LOW",NA
45,1,175.023694183451,49,5,5.49911596384687,"M",0,0.25,1,"HIGH HIGH LOW",NA
45,2,121.483470672545,46,2,2.49832868519211,"M",0,0.25,1,"HIGH HIGH LOW",NA
45,3,63.1306452574999,44,0,0.498824695063167,"M",0,0.25,1,"HIGH HIGH LOW",NA
45,4,182.737215082478,52,8,8.50069613196451,"M",0.35500894128345,0.25,1,"HIGH HIGH LOW",NA
45,5,190.814747670445,53,9,9.50026829262358,"M",0.3976604772266,0.25,1,"HIGH HIGH LOW",NA
45,6,64.4044093081099,44,0,0.499185949727824,"M",0,0.25,1,"HIGH HIGH LOW",NA
45,7,64.5330952198246,44,0,0.499741123360961,"M",0,0.25,1,"HIGH HIGH LOW",NA
45,8,146.380226478153,47,3,3.50157821704205,"M",0,0.25,1,"HIGH HIGH LOW",NA
45,9,147.68085596122,47,3,3.50091023726782,"M",0,0.25,1,"HIGH HIGH LOW",NA
45,10,116.122765521908,46,2,2.49924123054849,"M",0,0.25,1,"HIGH HIGH LOW",NA
45,11,156.094453613002,47,3,3.50139696563354,"M",0,0.25,1,"HIGH HIGH LOW",NA
46,1,88.9315275963272,46,1,1.50057302401694,"M",0,0.25,1,"HIGH HIGH LOW",NA
46,2,65.1468700989186,45,0,0.501988076392417,"M",0,0.25,1,"HIGH HIGH LOW",NA
46,3,93.5459334991519,46,1,1.50039502150748,"M",0,0.25,1,"HIGH HIGH LOW",NA
46,4,160.118555977048,50,5,5.49997263078018,"FISHED",0.352568710618652,0.25,1,"HIGH HIGH LOW",NA
46,5,245.380548449145,53,8,8.49913286156089,"FISHED",0.3976604772266,0.25,1,"HIGH HIGH LOW",NA
46,6,165.07642190596,50,5,5.50073755668884,"FISHED",0.352568710618652,0.25,1,"HIGH HIGH LOW",NA
46,7,62.525767965486,45,0,0.501025705839919,"M",0,0.25,1,"HIGH HIGH LOW",NA
46,8,60.3724681400371,45,0,0.500416068813746,"M",0,0.25,1,"HIGH HIGH LOW",NA
46,9,63.3898688457541,45,0,0.499527973595507,"M",0,0.25,1,"HIGH HIGH LOW",NA
46,10,94.568971834678,46,1,1.49949459949528,"M",0,0.25,1,"HIGH HIGH LOW",NA
46,11,169.291211055932,53,8,8.49958252161888,"FISHED",0.3976604772266,0.25,1,"HIGH HIGH LOW",NA
47,1,194.209292784264,55,9,9.49919763308855,"FISHED",0.35215281159617,0.25,1,"HIGH HIGH LOW",NA
47,2,172.089444723562,51,5,5.49954723380539,"M",0.30676736808382,0.25,1,"HIGH HIGH LOW",NA
47,3,103.155968200576,47,1,1.49965665154128,"M",0,0.25,1,"HIGH HIGH LOW",NA
47,4,104.808166304995,47,1,1.49950006167448,"M",0,0.25,1,"HIGH HIGH LOW",NA
47,5,142.878458562746,49,3,3.49873591692429,"M",0,0.25,1,"HIGH HIGH LOW",NA
47,6,160.5756548991,50,4,4.4980580863938,"FISHED",0.352568710618652,0.25,1,"HIGH HIGH LOW",NA
47,7,149.796473988969,49,3,3.49987791966977,"M",0,0.25,1,"HIGH HIGH LOW",NA
47,8,102.439907300982,47,1,1.4993581171761,"M",0,0.25,1,"HIGH HIGH LOW",NA
47,9,172.616112337311,51,5,5.4997187924495,"FISHED",0.30676736808382,0.25,1,"HIGH HIGH LOW",NA
47,10,122.863565153424,48,2,2.49953888904442,"M",0,0.25,1,"HIGH HIGH LOW",NA
47,11,116.119767119958,48,2,2.5015818700119,"M",0,0.25,1,"HIGH HIGH LOW",NA
47,12,116.00528291325,48,2,2.49975500916161,"M",0,0.25,1,"HIGH HIGH LOW",NA
47,13,189.528566058526,51,5,5.50157894875936,"FISHED",0.30676736808382,0.25,1,"HIGH HIGH LOW",NA
48,1,187.177360734581,51,4,4.49962466068005,"FISHED",0.30676736808382,0.25,1,"HIGH HIGH LOW",NA
48,2,103.316097154539,48,1,1.50122578643926,"M",0,0.25,1,"HIGH HIGH LOW",NA
48,3,143.992291282568,50,3,3.50132639967931,"M",0.352568710618652,0.25,1,"HIGH HIGH LOW",NA
48,4,97.8302953244533,48,1,1.50052107937818,"M",0,0.25,1,"HIGH HIGH LOW",NA
48,5,97.7510255009586,48,1,1.49972223387611,"M",0,0.25,1,"HIGH HIGH LOW",NA
48,6,193.833133423486,53,6,6.50194130504981,"FISHED",0.3976604772266,0.25,1,"HIGH HIGH LOW",NA
48,7,63.2451983273186,47,0,0.499124113803796,"M",0,0.25,1,"HIGH HIGH LOW",NA
48,8,152.662791548346,50,3,3.50202667953969,"M",0.352568710618652,0.25,1,"HIGH HIGH LOW",NA
48,9,62.9492873019824,47,0,0.499849366588198,"M",0,0.25,1,"HIGH HIGH LOW",NA
48,10,135.16560902055,49,2,2.49885949598528,"M",0,0.25,1,"HIGH HIGH LOW",NA
48,11,166.998515544979,51,4,4.49856479173546,"M",0.30676736808382,0.25,1,"HIGH HIGH LOW",NA
48,12,63.0265334687102,47,0,0.499674625898207,"M",0,0.25,1,"HIGH HIGH LOW",NA
49,1,204.916303220306,53,5,5.50117823578629,"M",0.3976604772266,0.25,1,"HIGH HIGH LOW",NA
49,2,159.380899142144,51,3,3.49984863481483,"FISHED",0.30676736808382,0.25,1,"HIGH HIGH LOW",NA
49,3,95.5733335759066,49,1,1.50112649252874,"M",0,0.25,1,"HIGH HIGH LOW",NA
49,4,122.085249932716,50,2,2.49962155385707,"FISHED",0.352568710618652,0.25,1,"HIGH HIGH LOW",NA
49,5,62.3474515269783,48,0,0.501775381651258,"M",0,0.25,1,"HIGH HIGH LOW",NA
49,6,64.4883781479905,48,0,0.501209632517004,"M",0,0.25,1,"HIGH HIGH LOW",NA
49,7,197.697184058944,54,6,6.49974411048054,"FISHED",0.399688929133117,0.25,1,"HIGH HIGH LOW",NA
49,8,102.31625476009,49,1,1.50153923099019,"M",0,0.25,1,"HIGH HIGH LOW",NA
49,9,97.2588304906205,49,1,1.50004638847916,"M",0,0.25,1,"HIGH HIGH LOW",NA
49,10,62.9257200733392,48,0,0.500326645760631,"M",0,0.25,1,"HIGH HIGH LOW",NA
50,1,102.312700344407,50,1,1.50048669230028,"FISHED",0.352568710618652,0.25,1,"HIGH HIGH LOW",NA
50,2,104.408973892016,50,1,1.50154745623979,"FISHED",0.352568710618652,0.25,1,"HIGH HIGH LOW",NA
50,3,97.258699618655,50,1,1.5001736263126,"M",0.352568710618652,0.25,1,"HIGH HIGH LOW",NA
50,4,180.480677092564,54,5,5.49996402782245,"M",0.399688929133117,0.25,1,"HIGH HIGH LOW",NA
50,5,100.253182679265,50,1,1.49966141770077,"M",0.352568710618652,0.25,1,"HIGH HIGH LOW",NA
50,6,153.49365870287,52,3,3.50240379496016,"FISHED",0.35500894128345,0.25,1,"HIGH HIGH LOW",NA
50,7,95.7896773742087,50,1,1.50085605691247,"M",0.352568710618652,0.25,1,"HIGH HIGH LOW",NA
50,8,158.002969021015,53,4,4.49860711705478,"M",0.3976604772266,0.25,1,"HIGH HIGH LOW",NA
50,9,95.7010409455488,50,1,1.49981631329923,"FISHED",0.352568710618652,0.25,1,"HIGH HIGH LOW",NA
50,10,61.147206030459,49,0,0.499811056806942,"M",0,0.25,1,"HIGH HIGH LOW",NA
50,11,183.640770283275,54,5,5.49885739063299,"M",0.399688929133117,0.25,1,"HIGH HIGH LOW",NA
50,12,60.2141424839877,49,0,0.500169404494828,"M",0,0.25,1,"HIGH HIGH LOW",NA
50,13,97.2244639963545,50,1,1.50128927390558,"M",0.352568710618652,0.25,1,"HIGH HIGH LOW",NA
51,1,60.3377732229719,50,0,0.499715358143917,"M",0.352568710618652,0.25,1,"HIGH HIGH LOW",NA
51,2,63.1636320838836,50,0,0.50018185342876,"FISHED",0.352568710618652,0.25,1,"HIGH HIGH LOW",NA
51,3,101.616022078621,51,1,1.4984826895949,"M",0.30676736808382,0.25,1,"HIGH HIGH LOW",NA
51,4,61.8519220633901,50,0,0.499420807721023,"FISHED",0.352568710618652,0.25,1,"HIGH HIGH LOW",NA
51,5,94.2674828350602,51,1,1.49822813448896,"FISHED",0.30676736808382,0.25,1,"HIGH HIGH LOW",NA
51,6,62.4039502661589,50,0,0.498927995023274,"M",0.352568710618652,0.25,1,"HIGH HIGH LOW",NA
51,7,64.7803756636416,50,0,0.50086641764752,"M",0.352568710618652,0.25,1,"HIGH HIGH LOW",NA
51,8,124.092041321565,52,2,2.50110722313829,"FISHED",0.35500894128345,0.25,1,"HIGH HIGH LOW",NA
51,9,62.242770365474,50,0,0.500399264207674,"FISHED",0.352568710618652,0.25,1,"HIGH HIGH LOW",NA
51,10,169.851316359965,55,5,5.50012815832925,"M",0.35215281159617,0.25,1,"HIGH HIGH LOW",NA
51,11,63.9904372150298,50,0,0.500256482698362,"M",0.352568710618652,0.25,1,"HIGH HIGH LOW",NA
51,12,94.7695676234505,51,1,1.49984703047129,"FISHED",0.30676736808382,0.25,1,"HIGH HIGH LOW",NA
52,1,117.600359584543,53,2,2.50016172313844,"M",0.3976604772266,0.25,1,"HIGH HIGH LOW",NA
52,2,104.873722015269,52,1,1.5002370104781,"FISHED",0.35500894128345,0.25,1,"HIGH HIGH LOW",NA
52,3,152.969904433156,56,5,5.50064764249002,"M",0.362582843424752,0.25,1,"HIGH HIGH LOW",NA
52,4,63.2110645733906,51,0,0.498534940911876,"FISHED",0.30676736808382,0.25,1,"HIGH HIGH LOW",NA
52,5,62.0468578470946,51,0,0.501053119295102,"M",0.30676736808382,0.25,1,"HIGH HIGH LOW",NA
52,6,61.5782872507524,51,0,0.499712875803901,"FISHED",0.30676736808382,0.25,1,"HIGH HIGH LOW",NA
52,7,61.4591967686549,51,0,0.500136603844641,"FISHED",0.30676736808382,0.25,1,"HIGH HIGH LOW",NA
52,8,100.056484511153,52,1,1.49969080703783,"FISHED",0.35500894128345,0.25,1,"HIGH HIGH LOW",NA
52,9,195.080578392992,56,5,5.50018571802264,"M",0.362582843424752,0.25,1,"HIGH HIGH LOW",NA
52,10,65.0839100921191,51,0,0.499386048695293,"FISHED",0.30676736808382,0.25,1,"HIGH HIGH LOW",NA
52,11,102.089788277893,52,1,1.49984936457717,"M",0.35500894128345,0.25,1,"HIGH HIGH LOW",NA
52,12,143.551840229643,54,3,3.49995177156602,"M",0.399688929133117,0.25,1,"HIGH HIGH LOW",NA
53,1,62.9421933068083,52,0,0.501468194403401,"FISHED",0.35500894128345,0.25,1,"HIGH HIGH LOW",NA
53,2,98.257247530594,53,1,1.50043035584486,"FISHED",0.3976604772266,0.25,1,"HIGH HIGH LOW",NA
53,3,154.653321143754,55,3,3.50081310829172,"FISHED",0.35215281159617,0.25,1,"HIGH HIGH LOW",NA
53,4,62.9049225249828,52,0,0.499584193681374,"FISHED",0.35500894128345,0.25,1,"HIGH HIGH LOW",NA
53,5,147.861554415251,56,4,4.50082221554383,"FISHED",0.362582843424752,0.25,1,"HIGH HIGH LOW",NA
53,6,62.5295368314787,52,0,0.49969824529039,"M",0.35500894128345,0.25,1,"HIGH HIGH LOW",NA
53,7,100.983052472481,53,1,1.49860639508333,"M",0.3976604772266,0.25,1,"HIGH HIGH LOW",NA
53,8,122.536352556671,54,2,2.49943453626304,"FISHED",0.399688929133117,0.25,1,"HIGH HIGH LOW",NA
53,9,63.2862255859195,52,0,0.500884760174083,"M",0.35500894128345,0.25,1,"HIGH HIGH LOW",NA
53,10,99.9705907135827,53,1,1.50127752775109,"M",0.3976604772266,0.25,1,"HIGH HIGH LOW",NA
53,11,63.223182314735,52,0,0.499930939215899,"M",0.35500894128345,0.25,1,"HIGH HIGH LOW",NA
53,12,197.204435006674,58,6,6.50039167653946,"FISHED",0.385222244774923,0.25,1,"HIGH HIGH LOW",NA
53,13,123.562202278921,54,2,2.49957605903014,"FISHED",0.399688929133117,0.25,1,"HIGH HIGH LOW",NA
54,1,154.835680993542,57,4,4.50090670020182,"M",0.312481521023437,0.25,1,"HIGH HIGH LOW",NA
54,2,99.9288518000766,54,1,1.4990344778283,"FISHED",0.399688929133117,0.25,1,"HIGH HIGH LOW",NA
54,3,59.3221625141027,53,0,0.501282160777129,"M",0.3976604772266,0.25,1,"HIGH HIGH LOW",NA
54,4,146.493131203451,56,3,3.50020964801963,"FISHED",0.362582843424752,0.25,1,"HIGH HIGH LOW",NA
54,5,63.9562403363309,53,0,0.500831905644363,"FISHED",0.3976604772266,0.25,1,"HIGH HIGH LOW",NA
54,6,107.713386961471,54,1,1.50131643415349,"M",0.399688929133117,0.25,1,"HIGH HIGH LOW",NA
54,7,127.989034187899,55,2,2.50032778352555,"FISHED",0.35215281159617,0.25,1,"HIGH HIGH LOW",NA
54,8,62.2523532270256,53,0,0.499154814495897,"FISHED",0.3976604772266,0.25,1,"HIGH HIGH LOW",NA
54,9,164.192409305412,56,3,3.49914152010765,"M",0.362582843424752,0.25,1,"HIGH HIGH LOW",NA
54,10,118.342612414438,55,2,2.50117120069624,"FISHED",0.35215281159617,0.25,1,"HIGH HIGH LOW",NA
54,11,168.992746641984,58,5,5.50188279972573,"FISHED",0.385222244774923,0.25,1,"HIGH HIGH LOW",NA
55,1,60.6812953415739,54,0,0.499682309187977,"FISHED",0.399688929133117,0.25,1,"HIGH HIGH LOW",NA
55,2,98.1839787206636,55,1,1.49806660947772,"M",0.35215281159617,0.25,1,"HIGH HIGH LOW",NA
55,3,62.2785940569565,54,0,0.502502519633135,"M",0.399688929133117,0.25,1,"HIGH HIGH LOW",NA
55,4,61.1318602848876,54,0,0.499774654324958,"FISHED",0.399688929133117,0.25,1,"HIGH HIGH LOW",NA
55,5,127.635035110627,56,2,2.50034964775824,"FISHED",0.362582843424752,0.25,1,"HIGH HIGH LOW",NA
55,6,150.863759362326,57,3,3.50093629521391,"M",0.312481521023437,0.25,1,"HIGH HIGH LOW",NA
55,7,63.2124101269846,54,0,0.499242393691461,"FISHED",0.399688929133117,0.25,1,"HIGH HIGH LOW",NA
55,8,61.3364339643636,54,0,0.499727645645126,"M",0.399688929133117,0.25,1,"HIGH HIGH LOW",NA
55,9,98.251725950943,55,1,1.50046737247418,"M",0.35215281159617,0.25,1,"HIGH HIGH LOW",NA
55,10,114.083287229747,56,2,2.50024517684955,"FISHED",0.362582843424752,0.25,1,"HIGH HIGH LOW",NA
55,11,172.957747146009,60,6,6.49929717182186,"M",0.366350131900981,0.25,1,"HIGH HIGH LOW",NA
56,1,62.6230402135316,55,0,0.498983311212116,"FISHED",0.35215281159617,0.25,1,"HIGH HIGH LOW",NA
56,2,127.000863598068,57,2,2.49961448548418,"FISHED",0.312481521023437,0.25,1,"HIGH HIGH LOW",NA
56,3,61.6153061700766,55,0,0.499310488255461,"FISHED",0.35215281159617,0.25,1,"HIGH HIGH LOW",NA
56,4,64.0723921450975,55,0,0.500144878093761,"FISHED",0.35215281159617,0.25,1,"HIGH HIGH LOW",NA
56,5,61.7381353063791,55,0,0.498334931860853,"M",0.35215281159617,0.25,1,"HIGH HIGH LOW",NA
56,6,59.3901147408477,55,0,0.501026972199421,"M",0.35215281159617,0.25,1,"HIGH HIGH LOW",NA
56,7,92.6522341653797,56,1,1.499700047677,"FISHED",0.362582843424752,0.25,1,"HIGH HIGH LOW",NA
56,8,64.3274218927738,55,0,0.501087898437948,"FISHED",0.35215281159617,0.25,1,"HIGH HIGH LOW",NA
56,9,63.0661726770399,55,0,0.499156141664161,"FISHED",0.35215281159617,0.25,1,"HIGH HIGH LOW",NA
56,10,99.7060227157452,56,1,1.49992826498474,"FISHED",0.362582843424752,0.25,1,"HIGH HIGH LOW",NA
57,1,104.842824266507,57,1,1.50051832841351,"M",0.312481521023437,0.25,1,"HIGH HIGH LOW",NA
57,2,98.6726624229914,57,1,1.50086593637706,"M",0.312481521023437,0.25,1,"HIGH HIGH LOW",NA
57,3,62.0033769804773,56,0,0.50036153247271,"FISHED",0.362582843424752,0.25,1,"HIGH HIGH LOW",NA
57,4,130.663612179454,58,2,2.49990012306355,"FISHED",0.385222244774923,0.25,1,"HIGH HIGH LOW",NA
57,5,176.476398418795,60,4,4.49974439142325,"FISHED",0.366350131900981,0.25,1,"HIGH HIGH LOW",NA
57,6,129.134440772528,58,2,2.49982322612653,"M",0.385222244774923,0.25,1,"HIGH HIGH LOW",NA
57,7,61.4429321905364,56,0,0.498387541865367,"M",0.362582843424752,0.25,1,"HIGH HIGH LOW",NA
57,8,129.844885313985,58,2,2.49912441725925,"FISHED",0.385222244774923,0.25,1,"HIGH HIGH LOW",NA
57,9,61.874627085654,56,0,0.501103745994241,"FISHED",0.362582843424752,0.25,1,"HIGH HIGH LOW",NA
58,1,179.814240753852,62,5,5.4992496075708,"FISHED",0.383609326020814,0.25,1,"HIGH HIGH LOW",NA
58,2,127.591379734396,59,2,2.50087150985125,"M",0.382828120514751,0.25,1,"HIGH HIGH LOW",NA
58,3,195.706108842895,61,4,4.50045012123081,"FISHED",0.331208593538031,0.25,1,"HIGH HIGH LOW",NA
58,4,62.6073058100066,57,0,0.500910272844622,"M",0.312481521023437,0.25,1,"HIGH HIGH LOW",NA
58,5,61.205884274356,57,0,0.50001921184864,"FISHED",0.312481521023437,0.25,1,"HIGH HIGH LOW",NA
58,6,120.543966540025,59,2,2.49950940462902,"FISHED",0.382828120514751,0.25,1,"HIGH HIGH LOW",NA
58,7,63.5823002577445,57,0,0.499067184008803,"FISHED",0.312481521023437,0.25,1,"HIGH HIGH LOW",NA
58,8,128.44782491277,59,2,2.49951481201239,"M",0.382828120514751,0.25,1,"HIGH HIGH LOW",NA
58,9,61.2167697594247,57,0,0.498869772580936,"M",0.312481521023437,0.25,1,"HIGH HIGH LOW",NA
58,10,149.397044745594,60,3,3.50086407903039,"M",0.366350131900981,0.25,1,"HIGH HIGH LOW",NA
58,11,63.2170879014201,57,0,0.499699189793419,"M",0.312481521023437,0.25,1,"HIGH HIGH LOW",NA
59,1,99.5508105615978,59,1,1.49960824660249,"M",0.382828120514751,0.25,1,"HIGH HIGH LOW",NA
59,2,199.628772134813,63,5,5.50084004809233,"FISHED",0.339919797005132,0.25,1,"HIGH HIGH LOW",NA
59,3,63.7303200096565,58,0,0.499140688991637,"M",0.385222244774923,0.25,1,"HIGH HIGH LOW",NA
59,4,95.9308050660918,59,1,1.49912289175075,"FISHED",0.382828120514751,0.25,1,"HIGH HIGH LOW",NA
59,5,61.2084352034698,58,0,0.499437133566771,"M",0.385222244774923,0.25,1,"HIGH HIGH LOW",NA
59,6,61.9103546086452,58,0,0.501020427746591,"FISHED",0.385222244774923,0.25,1,"HIGH HIGH LOW",NA
59,7,96.912825836299,59,1,1.49827408122516,"FISHED",0.382828120514751,0.25,1,"HIGH HIGH LOW",NA
59,8,64.236108251886,58,0,0.500614673131323,"FISHED",0.385222244774923,0.25,1,"HIGH HIGH LOW",NA
59,9,101.057960998947,59,1,1.50024240984755,"M",0.382828120514751,0.25,1,"HIGH HIGH LOW",NA
59,10,61.8171867925303,58,0,0.499073455457735,"M",0.385222244774923,0.25,1,"HIGH HIGH LOW",NA
60,1,62.2181106982729,59,0,0.501045595585474,"M",0.382828120514751,0.25,1,"HIGH HIGH LOW",NA
60,2,61.2085064011026,59,0,0.500260169223482,"M",0.382828120514751,0.25,1,"HIGH HIGH LOW",NA
60,3,63.9701993661141,59,0,0.498630589128999,"FISHED",0.382828120514751,0.25,1,"HIGH HIGH LOW",NA
60,4,161.095981105297,63,4,4.50136089086027,"FISHED",0.339919797005132,0.25,1,"HIGH HIGH LOW",NA
60,5,126.201882119709,61,2,2.49980010218095,"FISHED",0.331208593538031,0.25,1,"HIGH HIGH LOW",NA
60,6,133.932779004137,61,2,2.49904379160379,"FISHED",0.331208593538031,0.25,1,"HIGH HIGH LOW",NA
60,7,149.167954907884,62,3,3.50060295745585,"FISHED",0.383609326020814,0.25,1,"HIGH HIGH LOW",NA
60,8,62.4643719843247,59,0,0.499806752978222,"FISHED",0.382828120514751,0.25,1,"HIGH HIGH LOW",NA
60,9,120.654017449412,61,2,2.50096484401304,"M",0.331208593538031,0.25,1,"HIGH HIGH LOW",NA
60,10,99.6209176126797,60,1,1.4995322293416,"M",0.366350131900981,0.25,1,"HIGH HIGH LOW",NA
61,1,128.485784018518,62,2,2.4996613559091,"M",0.383609326020814,0.25,1,"HIGH HIGH LOW",NA
61,2,63.4873606204434,60,0,0.499490119696338,"FISHED",0.366350131900981,0.25,1,"HIGH HIGH LOW",NA
61,3,99.7624235251538,61,1,1.50204013979007,"FISHED",0.331208593538031,0.25,1,"HIGH HIGH LOW",NA
61,4,173.626229289209,64,4,4.49943296761075,"FISHED",0.327970458590426,0.25,1,"HIGH HIGH LOW",NA
61,5,61.8525612331811,60,0,0.499802731625334,"FISHED",0.366350131900981,0.25,1,"HIGH HIGH LOW",NA
61,6,170.537290787442,66,6,6.50010597405946,"FISHED",0.369842954329215,0.25,1,"HIGH HIGH LOW",NA
61,7,63.3371557833848,60,0,0.499004708249578,"M",0.366350131900981,0.25,1,"HIGH HIGH LOW",NA
61,8,62.4587948270094,60,0,0.498605743471228,"FISHED",0.366350131900981,0.25,1,"HIGH HIGH LOW",NA
61,9,62.4757368054441,60,0,0.49940385432021,"FISHED",0.366350131900981,0.25,1,"HIGH HIGH LOW",NA
61,10,59.4639222525704,60,0,0.498784816478044,"FISHED",0.366350131900981,0.25,1,"HIGH HIGH LOW",NA
62,1,95.5910697943432,62,1,1.50085637297025,"FISHED",0.383609326020814,0.25,1,"HIGH HIGH LOW",NA
62,2,63.2438527975643,61,0,0.498141738976524,"M",0.331208593538031,0.25,1,"HIGH HIGH LOW",NA
62,3,137.277233984092,64,3,3.50075229586335,"FISHED",0.327970458590426,0.25,1,"HIGH HIGH LOW",NA
62,4,98.5419659953401,62,1,1.49864066040033,"FISHED",0.383609326020814,0.25,1,"HIGH HIGH LOW",NA
62,5,61.0888732371399,61,0,0.499419466636672,"FISHED",0.331208593538031,0.25,1,"HIGH HIGH LOW",NA
62,6,97.3511334519788,62,1,1.49946238844316,"FISHED",0.383609326020814,0.25,1,"HIGH HIGH LOW",NA
62,7,94.038183835893,62,1,1.49852428428856,"FISHED",0.383609326020814,0.25,1,"HIGH HIGH LOW",NA
62,8,65.1430568347053,61,0,0.500186283267925,"M",0.331208593538031,0.25,1,"HIGH HIGH LOW",NA
63,1,123.291648029076,64,2,2.49838843955449,"M",0.327970458590426,0.25,1,"HIGH HIGH LOW",NA
63,2,99.1722985401631,63,1,1.50046913401906,"M",0.339919797005132,0.25,1,"HIGH HIGH LOW",NA
63,3,101.990899424867,63,1,1.49967486591438,"M",0.339919797005132,0.25,1,"HIGH HIGH LOW",NA
63,4,63.1334515396556,62,0,0.499681361303417,"FISHED",0.383609326020814,0.25,1,"HIGH HIGH LOW",NA
63,5,63.7300896547814,62,0,0.499061005386173,"M",0.383609326020814,0.25,1,"HIGH HIGH LOW",NA
63,6,188.352063232007,66,4,4.49998638638664,"FISHED",0.369842954329215,0.25,1,"HIGH HIGH LOW",NA
63,7,94.6526047691914,63,1,1.50010153619346,"M",0.339919797005132,0.25,1,"HIGH HIGH LOW",NA
63,8,61.7116996190284,62,0,0.500213844694465,"M",0.383609326020814,0.25,1,"HIGH HIGH LOW",NA
63,9,123.812395325045,64,2,2.49917157382717,"FISHED",0.327970458590426,0.25,1,"HIGH HIGH LOW",NA
64,1,144.238874982135,66,3,3.50035918943879,"FISHED",0.369842954329215,0.25,1,"HIGH HIGH LOW",NA
64,2,137.220692472633,65,2,2.49964483728059,"FISHED",0.342570091201924,0.25,1,"HIGH HIGH LOW",NA
64,3,149.801945804056,66,3,3.4974952847969,"FISHED",0.369842954329215,0.25,1,"HIGH HIGH LOW",NA
64,4,101.325432135438,64,1,1.49966809584087,"FISHED",0.327970458590426,0.25,1,"HIGH HIGH LOW",NA
64,5,128.057838717669,65,2,2.50028886996446,"FISHED",0.342570091201924,0.25,1,"HIGH HIGH LOW",NA
64,6,102.78943178616,64,1,1.50118460104289,"FISHED",0.327970458590426,0.25,1,"HIGH HIGH LOW",NA
64,7,62.118944842725,63,0,0.499180004321863,"FISHED",0.339919797005132,0.25,1,"HIGH HIGH LOW",NA
64,8,62.1668820521596,63,0,0.500545054706451,"FISHED",0.339919797005132,0.25,1,"HIGH HIGH LOW",NA
64,9,64.166007334042,63,0,0.500245911057093,"FISHED",0.339919797005132,0.25,1,"HIGH HIGH LOW",NA
65,1,127.694590040139,66,2,2.50061784293155,"M",0.369842954329215,0.25,1,"HIGH HIGH LOW",NA
65,2,59.4522809219816,64,0,0.500433190969469,"M",0.327970458590426,0.25,1,"HIGH HIGH LOW",NA
65,3,62.0432210470717,64,0,0.50011425078407,"FISHED",0.327970458590426,0.25,1,"HIGH HIGH LOW",NA
65,4,97.8499717106761,65,1,1.50213368705883,"M",0.342570091201924,0.25,1,"HIGH HIGH LOW",NA
65,5,62.3424683346376,64,0,0.498865212872967,"FISHED",0.327970458590426,0.25,1,"HIGH HIGH LOW",NA
65,6,62.9132882002136,64,0,0.500123958566792,"FISHED",0.327970458590426,0.25,1,"HIGH HIGH LOW",NA
65,7,124.759131353716,66,2,2.4997997636475,"FISHED",0.369842954329215,0.25,1,"HIGH HIGH LOW",NA
65,8,119.655787467455,66,2,2.50062560807967,"M",0.369842954329215,0.25,1,"HIGH HIGH LOW",NA
65,9,61.9916882095966,64,0,0.501568670765228,"M",0.327970458590426,0.25,1,"HIGH HIGH LOW",NA
66,1,103.639279574133,66,1,1.49883908548386,"M",0.369842954329215,0.25,1,"HIGH HIGH LOW",NA
66,2,205.406586265738,72,7,7.50058273143248,"FISHED",0.372871282952838,0.25,1,"HIGH HIGH LOW",NA
66,3,62.3840066810121,65,0,0.499358883879003,"FISHED",0.342570091201924,0.25,1,"HIGH HIGH LOW",NA
66,4,122.561526763148,67,2,2.50140052203265,"FISHED",0.356644081929699,0.25,1,"HIGH HIGH LOW",NA
66,5,61.5820063552934,65,0,0.498607344095308,"M",0.342570091201924,0.25,1,"HIGH HIGH LOW",NA
66,6,151.593336281348,68,3,3.49836736713397,"M",0.387234271038324,0.25,1,"HIGH HIGH LOW",NA
67,1,146.874911153529,69,3,3.50087625976003,"FISHED",0.352297115256079,0.25,1,"HIGH HIGH LOW",NA
67,2,94.4573945740026,67,1,1.50194203354227,"M",0.356644081929699,0.25,1,"HIGH HIGH LOW",NA
67,3,119.737945245011,68,2,2.50112843232325,"FISHED",0.387234271038324,0.25,1,"HIGH HIGH LOW",NA
67,4,96.6457129393001,67,1,1.49996467621568,"M",0.356644081929699,0.25,1,"HIGH HIGH LOW",NA
67,5,92.6693820731296,67,1,1.50117276155892,"M",0.356644081929699,0.25,1,"HIGH HIGH LOW",NA
67,6,121.011980213881,68,2,2.50141244074077,"FISHED",0.387234271038324,0.25,1,"HIGH HIGH LOW",NA
67,7,64.4770564716259,66,0,0.501027030232135,"FISHED",0.369842954329215,0.25,1,"HIGH HIGH LOW",NA
67,8,119.673423038386,68,2,2.49956153605772,"M",0.387234271038324,0.25,1,"HIGH HIGH LOW",NA
67,9,138.5162647861,68,2,2.50072809888835,"FISHED",0.387234271038324,0.25,1,"HIGH HIGH LOW",NA
68,1,62.3770674076174,67,0,0.500435620647781,"M",0.356644081929699,0.25,1,"HIGH HIGH LOW",NA
68,2,63.3322831166048,67,0,0.498845281314692,"M",0.356644081929699,0.25,1,"HIGH HIGH LOW",NA
68,3,98.2207331943597,68,1,1.49963262940501,"M",0.387234271038324,0.25,1,"HIGH HIGH LOW",NA
68,4,62.0897123252655,67,0,0.500607897874933,"FISHED",0.356644081929699,0.25,1,"HIGH HIGH LOW",NA
68,5,103.303991189031,68,1,1.49961484054629,"M",0.387234271038324,0.25,1,"HIGH HIGH LOW",NA
68,6,62.9807395060945,67,0,0.50121998100172,"FISHED",0.356644081929699,0.25,1,"HIGH HIGH LOW",NA
68,7,61.7406386460489,67,0,0.500639686651536,"FISHED",0.356644081929699,0.25,1,"HIGH HIGH LOW",NA
68,8,158.877122964969,71,4,4.50103926903201,"M",0.361975832819007,0.25,1,"HIGH HIGH LOW",NA
68,9,99.564768367956,68,1,1.50011294168773,"M",0.387234271038324,0.25,1,"HIGH HIGH LOW",NA
69,1,104.098976515612,69,1,1.50001757874259,"M",0.352297115256079,0.25,1,"HIGH HIGH LOW",NA
69,2,90.9874597719203,69,1,1.49913273267575,"M",0.352297115256079,0.25,1,"HIGH HIGH LOW",NA
70,1,63.2986558180876,69,0,0.497995109439872,"M",0.352297115256079,0.25,1,"HIGH HIGH LOW",NA
70,2,61.5476228502779,69,0,0.500390662627614,"FISHED",0.352297115256079,0.25,1,"HIGH HIGH LOW",NA
70,3,63.5724949017429,69,0,0.498984811769725,"FISHED",0.352297115256079,0.25,1,"HIGH HIGH LOW",NA
70,4,59.8876983894093,69,0,0.500194119086303,"M",0.352297115256079,0.25,1,"HIGH HIGH LOW",NA
70,5,62.283376070007,69,0,0.50026778339086,"FISHED",0.352297115256079,0.25,1,"HIGH HIGH LOW",NA
70,6,63.765530420218,69,0,0.501431276025819,"FISHED",0.352297115256079,0.25,1,"HIGH HIGH LOW",NA
70,7,107.091586980672,70,1,1.49980156638061,"M",0.356072197831236,0.25,1,"HIGH HIGH LOW",NA
70,8,167.737903844425,73,4,4.49904942482644,"M",0.339263524650596,0.25,1,"HIGH HIGH LOW",NA
71,1,171.995207498588,74,4,4.50031752954397,"FISHED",0.355123842554167,0.25,1,"HIGH HIGH LOW",NA
71,2,109.534084926637,71,1,1.50101308967175,"M",0.361975832819007,0.25,1,"HIGH HIGH LOW",NA
71,3,64.7144134256305,70,0,0.501784112349673,"FISHED",0.356072197831236,0.25,1,"HIGH HIGH LOW",NA
71,4,122.376332461166,72,2,2.4984516811512,"FISHED",0.372871282952838,0.25,1,"HIGH HIGH LOW",NA
71,5,62.2681435309961,70,0,0.499621867475118,"M",0.356072197831236,0.25,1,"HIGH HIGH LOW",NA
71,6,100.610492177898,71,1,1.50210160863119,"FISHED",0.361975832819007,0.25,1,"HIGH HIGH LOW",NA
71,7,161.092974798859,74,4,4.49966067650709,"M",0.355123842554167,0.25,1,"HIGH HIGH LOW",NA
71,8,157.546510664307,74,4,4.49788196254279,"FISHED",0.355123842554167,0.25,1,"HIGH HIGH LOW",NA
72,1,115.966987178552,73,2,2.50043791504417,"FISHED",0.339263524650596,0.25,1,"HIGH HIGH LOW",NA
72,2,116.974257885223,73,2,2.50046739726726,"M",0.339263524650596,0.25,1,"HIGH HIGH LOW",NA
72,3,100.891322360455,72,1,1.50072850202798,"FISHED",0.372871282952838,0.25,1,"HIGH HIGH LOW",NA
72,4,64.1237108375537,71,0,0.498423201359579,"M",0.361975832819007,0.25,1,"HIGH HIGH LOW",NA
72,5,98.5048834202165,72,1,1.50086813548885,"FISHED",0.372871282952838,0.25,1,"HIGH HIGH LOW",NA
72,6,157.177882758247,77,6,6.49945084868912,"FISHED",0.384436259814538,0.25,1,"HIGH HIGH LOW",NA
72,7,173.012319910602,75,4,4.49956182523996,"M",0.316150775994174,0.25,1,"HIGH HIGH LOW",NA
72,8,64.6775227830532,71,0,0.500100020776998,"FISHED",0.361975832819007,0.25,1,"HIGH HIGH LOW",NA
73,1,101.126208935899,73,1,1.49909308319103,"M",0.339263524650596,0.25,1,"HIGH HIGH LOW",NA
73,2,164.711429851683,77,5,5.49993328790059,"FISHED",0.384436259814538,0.25,1,"HIGH HIGH LOW",NA
73,3,61.2005048599185,72,0,0.500734762364433,"M",0.372871282952838,0.25,1,"HIGH HIGH LOW",NA
73,4,101.716987057096,73,1,1.5007716136624,"FISHED",0.339263524650596,0.25,1,"HIGH HIGH LOW",NA
73,5,124.239702577484,74,2,2.50019539058095,"M",0.355123842554167,0.25,1,"HIGH HIGH LOW",NA
73,6,220.771888820873,83,11,11.5012632012089,"M",0.355219810805283,0.25,1,"HIGH HIGH LOW",NA
73,7,103.079254288728,73,1,1.50121755385659,"M",0.339263524650596,0.25,1,"HIGH HIGH LOW",NA
73,8,61.3857969928295,72,0,0.49967583655287,"M",0.372871282952838,0.25,1,"HIGH HIGH LOW",NA
74,1,126.36915381945,75,2,2.50036023520194,"FISHED",0.316150775994174,0.25,1,"HIGH HIGH LOW",NA
74,2,157.58571326772,76,3,3.49985328978019,"FISHED",0.333125236467458,0.25,1,"HIGH HIGH LOW",NA
74,3,63.4956174730703,73,0,0.500344065687606,"FISHED",0.339263524650596,0.25,1,"HIGH HIGH LOW",NA
74,4,97.7168364935146,74,1,1.50093203489814,"M",0.355123842554167,0.25,1,"HIGH HIGH LOW",NA
74,5,99.3766309799688,74,1,1.50147179358323,"M",0.355123842554167,0.25,1,"HIGH HIGH LOW",NA
74,6,124.896775630806,75,2,2.50067763173225,"M",0.316150775994174,0.25,1,"HIGH HIGH LOW",NA
74,7,61.3864908250303,73,0,0.501776011684389,"M",0.339263524650596,0.25,1,"HIGH HIGH LOW",NA
74,8,62.6777851836356,73,0,0.500448683857827,"M",0.339263524650596,0.25,1,"HIGH HIGH LOW",NA
74,9,126.750273419085,75,2,2.50123971946418,"FISHED",0.316150775994174,0.25,1,"HIGH HIGH LOW",NA
74,10,206.824011039638,80,7,7.49988612548377,"FISHED",0.301212574192323,0.25,1,"HIGH HIGH LOW",NA
75,1,146.936949078689,77,3,3.50007490515812,"FISHED",0.384436259814538,0.25,1,"HIGH HIGH LOW",NA
75,2,61.3017995281505,74,0,0.499431250719909,"FISHED",0.355123842554167,0.25,1,"HIGH HIGH LOW",NA
75,3,91.0361589603621,75,1,1.49897473053821,"FISHED",0.316150775994174,0.25,1,"HIGH HIGH LOW",NA
75,4,127.660934883041,76,2,2.49954939120947,"FISHED",0.333125236467458,0.25,1,"HIGH HIGH LOW",NA
75,5,61.4780986361899,74,0,0.50054190823841,"FISHED",0.355123842554167,0.25,1,"HIGH HIGH LOW",NA
75,6,65.5507281444519,74,0,0.499036297636303,"FISHED",0.355123842554167,0.25,1,"HIGH HIGH LOW",NA
75,7,98.5353015503149,75,1,1.49954880144653,"FISHED",0.316150775994174,0.25,1,"HIGH HIGH LOW",NA
75,8,101.298642528348,75,1,1.50023246368293,"FISHED",0.316150775994174,0.25,1,"HIGH HIGH LOW",NA
75,9,119.601093642071,76,2,2.50005164146539,"M",0.333125236467458,0.25,1,"HIGH HIGH LOW",NA
75,10,64.3308623656933,74,0,0.501489219394579,"M",0.355123842554167,0.25,1,"HIGH HIGH LOW",NA
76,1,63.8655242089443,75,0,0.500643080852468,"M",0.316150775994174,0.25,1,"HIGH HIGH LOW",NA
76,2,63.807079464504,75,0,0.500785455127732,"FISHED",0.316150775994174,0.25,1,"HIGH HIGH LOW",NA
76,3,62.3689017870544,75,0,0.500933831603116,"FISHED",0.316150775994174,0.25,1,"HIGH HIGH LOW",NA
76,4,95.8996626602569,76,1,1.49941965988107,"M",0.333125236467458,0.25,1,"HIGH HIGH LOW",NA
76,5,65.7155927452401,75,0,0.498627432971284,"FISHED",0.316150775994174,0.25,1,"HIGH HIGH LOW",NA
76,6,63.4520475169765,75,0,0.498331239108805,"FISHED",0.316150775994174,0.25,1,"HIGH HIGH LOW",NA
76,7,130.037857296358,77,2,2.4996981999819,"FISHED",0.384436259814538,0.25,1,"HIGH HIGH LOW",NA
76,8,60.2940148946662,75,0,0.500769121370998,"M",0.316150775994174,0.25,1,"HIGH HIGH LOW",NA
76,9,64.1353229503583,75,0,0.499487737402192,"M",0.316150775994174,0.25,1,"HIGH HIGH LOW",NA
77,1,101.360537800269,77,1,1.49838507200392,"M",0.384436259814538,0.25,1,"HIGH HIGH LOW",NA
77,2,64.7370359592198,76,0,0.501374727620498,"M",0.333125236467458,0.25,1,"HIGH HIGH LOW",NA
77,3,206.290778098789,88,12,12.499468665236,"M",0.195004916377366,0.25,1,"HIGH HIGH LOW",NA
77,4,165.471804549862,81,5,5.4996709905084,"FISHED",0.393808433227241,0.25,1,"HIGH HIGH LOW",NA
77,5,61.8177689762907,76,0,0.501360339199207,"FISHED",0.333125236467458,0.25,1,"HIGH HIGH LOW",NA
77,6,64.5487311248527,76,0,0.500744449066036,"M",0.333125236467458,0.25,1,"HIGH HIGH LOW",NA
77,7,62.4302230603507,76,0,0.499640055437592,"M",0.333125236467458,0.25,1,"HIGH HIGH LOW",NA
77,8,64.5361108114549,76,0,0.4994905739395,"M",0.333125236467458,0.25,1,"HIGH HIGH LOW",NA
78,1,63.9340291360803,77,0,0.499733885524876,"M",0.384436259814538,0.25,1,"HIGH HIGH LOW",NA
78,2,100.609342281705,78,1,1.50117373905166,"M",0.357639874541201,0.25,1,"HIGH HIGH LOW",NA
78,3,62.8869178764691,77,0,0.499215193488015,"M",0.384436259814538,0.25,1,"HIGH HIGH LOW",NA
78,4,61.8683826523802,77,0,0.499754800749824,"M",0.384436259814538,0.25,1,"HIGH HIGH LOW",NA
78,5,62.3903069801186,77,0,0.497783614539038,"M",0.384436259814538,0.25,1,"HIGH HIGH LOW",NA
78,6,68.3893520931945,77,0,0.500115420219294,"FISHED",0.384436259814538,0.25,1,"HIGH HIGH LOW",NA
78,7,66.4984419713186,77,0,0.499391572210904,"FISHED",0.384436259814538,0.25,1,"HIGH HIGH LOW",NA
78,8,64.2492534109077,77,0,0.500029887040113,"FISHED",0.384436259814538,0.25,1,"HIGH HIGH LOW",NA
78,9,64.4954802872779,77,0,0.500369113129526,"FISHED",0.384436259814538,0.25,1,"HIGH HIGH LOW",NA
79,1,199.741343251958,87,9,9.49990355887986,"M",0.153786779823713,0.25,1,"HIGH HIGH LOW",NA
79,2,63.5730543188352,78,0,0.501756499867459,"FISHED",0.357639874541201,0.25,1,"HIGH HIGH LOW",NA
79,3,204.195609909687,83,5,5.49912499843922,"M",0.355219810805283,0.25,1,"HIGH HIGH LOW",NA
79,4,65.105197559375,78,0,0.499750015266427,"FISHED",0.357639874541201,0.25,1,"HIGH HIGH LOW",NA
79,5,60.9678716871231,78,0,0.499607116147446,"FISHED",0.357639874541201,0.25,1,"HIGH HIGH LOW",NA
79,6,61.2643744051579,78,0,0.49947552178514,"M",0.357639874541201,0.25,1,"HIGH HIGH LOW",NA
79,7,119.392126075144,80,2,2.50087398238381,"FISHED",0.301212574192323,0.25,1,"HIGH HIGH LOW",NA
79,8,62.4575744813258,78,0,0.500672736100638,"FISHED",0.357639874541201,0.25,1,"HIGH HIGH LOW",NA
79,9,166.628527974023,82,4,4.50160669149394,"FISHED",0.333349713636562,0.25,1,"HIGH HIGH LOW",NA
79,10,149.067391463729,81,3,3.49995802967852,"M",0.393808433227241,0.25,1,"HIGH HIGH LOW",NA
79,11,94.5278127203486,79,1,1.50068980049797,"FISHED",0.314115111785941,0.25,1,"HIGH HIGH LOW",NA
80,1,60.7271877066159,79,0,0.500089098609088,"M",0.314115111785941,0.25,1,"HIGH HIGH LOW",NA
80,2,210.446921565283,87,8,8.4994838749679,"M",0.153786779823713,0.25,1,"HIGH HIGH LOW",NA
80,3,63.1456275292495,79,0,0.498687153168023,"M",0.314115111785941,0.25,1,"HIGH HIGH LOW",NA
80,4,168.340815835659,83,4,4.49981015944815,"M",0.355219810805283,0.25,1,"HIGH HIGH LOW",NA
80,5,100.967467523064,80,1,1.50060805419888,"FISHED",0.301212574192323,0.25,1,"HIGH HIGH LOW",NA
80,6,103.997638976018,80,1,1.49996466079255,"M",0.301212574192323,0.25,1,"HIGH HIGH LOW",NA
80,7,114.786976911719,81,2,2.50084057613007,"FISHED",0.393808433227241,0.25,1,"HIGH HIGH LOW",NA
80,8,210.168376716522,84,5,5.49963723716349,"M",0.179728229506873,0.25,1,"HIGH HIGH LOW",NA
80,9,61.424502721426,79,0,0.499587731821954,"M",0.314115111785941,0.25,1,"HIGH HIGH LOW",NA
80,10,60.8969068297648,79,0,0.499650508236421,"FISHED",0.314115111785941,0.25,1,"HIGH HIGH LOW",NA
80,11,61.7004063592809,79,0,0.49846813252028,"M",0.314115111785941,0.25,1,"HIGH HIGH LOW",NA
80,12,103.926176837224,80,1,1.49970862323235,"FISHED",0.301212574192323,0.25,1,"HIGH HIGH LOW",NA
80,13,125.292535100047,81,2,2.5001407173237,"FISHED",0.393808433227241,0.25,1,"HIGH HIGH LOW",NA
81,1,98.9575988099624,81,1,1.50057870330826,"M",0.393808433227241,0.25,1,"HIGH HIGH LOW",NA
81,2,96.3188752589353,81,1,1.50028857440664,"M",0.393808433227241,0.25,1,"HIGH HIGH LOW",NA
81,3,167.763430954286,84,4,4.49919016559384,"FISHED",0.179728229506873,0.25,1,"HIGH HIGH LOW",NA
81,4,65.1209534310924,80,0,0.500079949084838,"FISHED",0.301212574192323,0.25,1,"HIGH HIGH LOW",NA
81,5,62.8547286681783,80,0,0.499082542680734,"M",0.301212574192323,0.25,1,"HIGH HIGH LOW",NA
81,6,64.3989279423974,80,0,0.49975397800569,"M",0.301212574192323,0.25,1,"HIGH HIGH LOW",NA
81,7,143.679393153643,83,3,3.49912114881817,"M",0.355219810805283,0.25,1,"HIGH HIGH LOW",NA
81,8,200.826752668331,88,8,8.49884637221014,"M",0.195004916377366,0.25,1,"HIGH HIGH LOW",NA
81,9,92.7050664447313,81,1,1.50128337416251,"FISHED",0.393808433227241,0.25,1,"HIGH HIGH LOW",NA
81,10,95.9987440530878,81,1,1.4987347617347,"M",0.393808433227241,0.25,1,"HIGH HIGH LOW",NA
81,11,195.846535295961,86,6,6.5019932423267,"FISHED",0.14828182477504,0.25,1,"HIGH HIGH LOW",NA
82,1,128.477849725274,83,2,2.49840093774263,"FISHED",0.355219810805283,0.25,1,"HIGH HIGH LOW",NA
82,2,93.9579151065951,82,1,1.49930939708787,"M",0.333349713636562,0.25,1,"HIGH HIGH LOW",NA
82,3,62.43101120271,81,0,0.499953323830501,"FISHED",0.393808433227241,0.25,1,"HIGH HIGH LOW",NA
82,4,143.440672622477,85,4,4.50007073838125,"M",0.114877690165304,0.25,1,"HIGH HIGH LOW",NA
82,5,166.417239175564,88,7,7.49895778389718,"M",0.195004916377366,0.25,1,"HIGH HIGH LOW",NA
82,6,199.089224162724,89,8,8.49912095057609,"M",0.195454137795605,0.25,1,"HIGH HIGH LOW",NA
82,7,64.2732805059443,81,0,0.499191755401933,"FISHED",0.393808433227241,0.25,1,"HIGH HIGH LOW",NA
82,8,187.901648321921,87,6,6.49916379247668,"FISHED",0.153786779823713,0.25,1,"HIGH HIGH LOW",NA
82,9,63.2023444469065,81,0,0.501122493153635,"FISHED",0.393808433227241,0.25,1,"HIGH HIGH LOW",NA
82,10,61.9177328232769,81,0,0.499127149809431,"M",0.393808433227241,0.25,1,"HIGH HIGH LOW",NA
82,11,99.0823474894327,82,1,1.49884644514013,"M",0.333349713636562,0.25,1,"HIGH HIGH LOW",NA
83,1,130.824300520158,84,2,2.50082390996441,"M",0.179728229506873,0.25,1,"HIGH HIGH LOW",NA
83,2,131.925009016595,84,2,2.49979619650803,"FISHED",0.179728229506873,0.25,1,"HIGH HIGH LOW",NA
83,3,63.2884074351541,82,0,0.500518338060505,"FISHED",0.333349713636562,0.25,1,"HIGH HIGH LOW",NA
83,4,103.053904874042,83,1,1.49975553270596,"M",0.355219810805283,0.25,1,"HIGH HIGH LOW",NA
83,5,103.147896334885,83,1,1.50020965657951,"M",0.355219810805283,0.25,1,"HIGH HIGH LOW",NA
83,6,153.86443893357,86,4,4.50010039460655,"FISHED",0.14828182477504,0.25,1,"HIGH HIGH LOW",NA
83,7,62.1105422038344,82,0,0.499968171029598,"FISHED",0.333349713636562,0.25,1,"HIGH HIGH LOW",NA
83,8,99.2279044677156,83,1,1.50095855006588,"M",0.355219810805283,0.25,1,"HIGH HIGH LOW",NA
83,9,97.7449388852896,83,1,1.49960786023289,"FISHED",0.355219810805283,0.25,1,"HIGH HIGH LOW",NA
83,10,150.43218416354,85,3,3.49974726490375,"M",0.114877690165304,0.25,1,"HIGH HIGH LOW",NA
84,1,149.553275660093,87,4,4.49906019479052,"M",0.153786779823713,0.25,1,"HIGH HIGH LOW",NA
84,2,60.4768461543015,83,0,0.499150888972289,"FISHED",0.355219810805283,0.25,1,"HIGH HIGH LOW",NA
84,3,63.6315285157527,83,0,0.500552089294759,"M",0.355219810805283,0.25,1,"HIGH HIGH LOW",NA
84,4,62.9258859870619,83,0,0.499568680609059,"FISHED",0.355219810805283,0.25,1,"HIGH HIGH LOW",NA
84,5,61.3226315185212,83,0,0.500124670988792,"FISHED",0.355219810805283,0.25,1,"HIGH HIGH LOW",NA
84,6,64.1110479555573,83,0,0.499012982546419,"FISHED",0.355219810805283,0.25,1,"HIGH HIGH LOW",NA
84,7,116.481464217101,85,2,2.49890889873093,"M",0.114877690165304,0.25,1,"HIGH HIGH LOW",NA
84,8,62.8846157414959,83,0,0.500039473482988,"FISHED",0.355219810805283,0.25,1,"HIGH HIGH LOW",NA
84,9,65.8567148223993,83,0,0.499099964496378,"FISHED",0.355219810805283,0.25,1,"HIGH HIGH LOW",NA
84,10,62.2880479596284,83,0,0.500532641511795,"M",0.355219810805283,0.25,1,"HIGH HIGH LOW",NA
85,1,185.517586758171,89,5,5.49867006424697,"FISHED",0.195454137795605,0.25,1,"HIGH HIGH LOW",NA
85,2,150.42897881214,88,4,4.50218144108829,"M",0.195004916377366,0.25,1,"HIGH HIGH LOW",NA
85,3,59.2656121452991,84,0,0.49930185829024,"M",0.179728229506873,0.25,1,"HIGH HIGH LOW",NA
85,4,64.8902838225451,84,0,0.499923353842198,"M",0.179728229506873,0.25,1,"HIGH HIGH LOW",NA
85,5,100.90590127636,85,1,1.49978816688688,"FISHED",0.114877690165304,0.25,1,"HIGH HIGH LOW",NA
85,6,95.6763464701266,85,1,1.49780743024195,"M",0.114877690165304,0.25,1,"HIGH HIGH LOW",NA
85,7,102.765919961852,85,1,1.50007136605102,"M",0.114877690165304,0.25,1,"HIGH HIGH LOW",NA
85,8,63.602102075483,84,0,0.499381593647363,"FISHED",0.179728229506873,0.25,1,"HIGH HIGH LOW",NA
85,9,128.198061403061,86,2,2.50227024217607,"M",0.14828182477504,0.25,1,"HIGH HIGH LOW",NA
85,10,62.9580083888716,84,0,0.498854345639773,"FISHED",0.179728229506873,0.25,1,"HIGH HIGH LOW",NA
85,11,194.401180739129,90,6,6.49809025462168,"M",0.147206588811241,0.25,1,"HIGH HIGH LOW",NA
85,12,181.69044007948,90,6,6.50006279503988,"M",0.147206588811241,0.25,1,"HIGH HIGH LOW",NA
85,13,171.115749819159,89,5,5.50231243567852,"M",0.195454137795605,0.25,1,"HIGH HIGH LOW",NA
85,14,60.8781096844087,84,0,0.499429816643228,"M",0.179728229506873,0.25,1,"HIGH HIGH LOW",NA
86,1,118.24029521416,87,2,2.49980916858267,"M",0.153786779823713,0.25,1,"HIGH HIGH LOW",NA
86,2,103.244713890816,86,1,1.50060887176648,"M",0.14828182477504,0.25,1,"HIGH HIGH LOW",NA
86,3,66.3682198300483,85,0,0.499746046449036,"M",0.114877690165304,0.25,1,"HIGH HIGH LOW",NA
86,4,61.7969774947631,85,0,0.500028868882343,"FISHED",0.114877690165304,0.25,1,"HIGH HIGH LOW",NA
86,5,126.446536947358,87,2,2.50060360835429,"FISHED",0.153786779823713,0.25,1,"HIGH HIGH LOW",NA
86,6,62.7961683866122,85,0,0.50058032614178,"M",0.114877690165304,0.25,1,"HIGH HIGH LOW",NA
86,7,162.179349571384,89,4,4.49897853294017,"M",0.195454137795605,0.25,1,"HIGH HIGH LOW",NA
86,8,125.790158330649,87,2,2.49811098188425,"FISHED",0.153786779823713,0.25,1,"HIGH HIGH LOW",NA
86,9,65.4708242579353,85,0,0.500241857453233,"M",0.114877690165304,0.25,1,"HIGH HIGH LOW",NA
86,10,142.264557136485,88,3,3.49930051231417,"FISHED",0.195004916377366,0.25,1,"HIGH HIGH LOW",NA
87,1,63.9143624747496,86,0,0.499196791334496,"FISHED",0.14828182477504,0.25,1,"HIGH HIGH LOW",NA
87,2,61.9776913687053,86,0,0.500559921144931,"FISHED",0.14828182477504,0.25,1,"HIGH HIGH LOW",NA
87,3,94.9252754432178,87,1,1.4997569895516,"M",0.153786779823713,0.25,1,"HIGH HIGH LOW",NA
87,4,201.310604775324,94,8,8.50024528192745,"M",0.108690679143183,0.25,1,"HIGH HIGH LOW",NA
87,5,149.046713219042,89,3,3.49947615390973,"FISHED",0.195454137795605,0.25,1,"HIGH HIGH LOW",NA
87,6,94.4546020014177,87,1,1.49935543971036,"FISHED",0.153786779823713,0.25,1,"HIGH HIGH LOW",NA
87,7,64.4555539939673,86,0,0.499197852380592,"M",0.14828182477504,0.25,1,"HIGH HIGH LOW",NA
87,8,61.4529132779567,86,0,0.499053624058898,"FISHED",0.14828182477504,0.25,1,"HIGH HIGH LOW",NA
87,9,151.716682942266,89,3,3.49966647816024,"M",0.195454137795605,0.25,1,"HIGH HIGH LOW",NA
87,10,63.2721913751164,86,0,0.498848752173817,"M",0.14828182477504,0.25,1,"HIGH HIGH LOW",NA
87,11,61.150078620078,86,0,0.501259503301162,"FISHED",0.14828182477504,0.25,1,"HIGH HIGH LOW",NA
87,12,62.2364658342772,86,0,0.50038216937934,"FISHED",0.14828182477504,0.25,1,"HIGH HIGH LOW",NA
87,13,156.33011866947,91,5,5.50098219057723,"FISHED",0.103275169385597,0.25,1,"HIGH HIGH LOW",NA
88,1,147.603549652772,90,3,3.50033428817577,"M",0.147206588811241,0.25,1,"HIGH HIGH LOW",NA
88,2,60.0132747566995,87,0,0.501171491425743,"FISHED",0.153786779823713,0.25,1,"HIGH HIGH LOW",NA
88,3,63.0823389288316,87,0,0.499461129178975,"M",0.153786779823713,0.25,1,"HIGH HIGH LOW",NA
88,4,203.090281697439,93,6,6.49954890194161,"M",0.165629002964124,0.25,1,"HIGH HIGH LOW",NA
88,5,95.3518752432035,88,1,1.50113405149162,"M",0.195004916377366,0.25,1,"HIGH HIGH LOW",NA
88,6,59.3371503059303,87,0,0.500056318994777,"M",0.153786779823713,0.25,1,"HIGH HIGH LOW",NA
88,7,176.245525840599,93,6,6.50125598392502,"M",0.165629002964124,0.25,1,"HIGH HIGH LOW",NA
88,8,62.1196383769123,87,0,0.499554198723949,"FISHED",0.153786779823713,0.25,1,"HIGH HIGH LOW",NA
88,9,124.051816687127,89,2,2.49944555520388,"M",0.195454137795605,0.25,1,"HIGH HIGH LOW",NA
88,10,98.3525113255786,88,1,1.49955504566044,"FISHED",0.195004916377366,0.25,1,"HIGH HIGH LOW",NA
89,1,140.414949060507,91,3,3.50035620451569,"M",0.103275169385597,0.25,1,"HIGH HIGH LOW",NA
89,2,63.6271306426148,88,0,0.499392896059738,"M",0.195004916377366,0.25,1,"HIGH HIGH LOW",NA
89,3,176.389692095182,93,5,5.49749475495729,"FISHED",0.165629002964124,0.25,1,"HIGH HIGH LOW",NA
89,4,64.4597645564714,88,0,0.500841562970835,"M",0.195004916377366,0.25,1,"HIGH HIGH LOW",NA
89,5,150.52787916833,91,3,3.49942739218807,"FISHED",0.103275169385597,0.25,1,"HIGH HIGH LOW",NA
89,6,172.296971139149,92,4,4.50033517550821,"M",0.115014320402406,0.25,1,"HIGH HIGH LOW",NA
89,7,182.143718133118,92,4,4.50036314257291,"M",0.115014320402406,0.25,1,"HIGH HIGH LOW",NA
89,8,159.071954816599,91,3,3.50057027450702,"M",0.103275169385597,0.25,1,"HIGH HIGH LOW",NA
89,9,64.3257682777821,88,0,0.500073126986508,"M",0.195004916377366,0.25,1,"HIGH HIGH LOW",NA
89,10,126.340571800515,90,2,2.50023809465853,"M",0.147206588811241,0.25,1,"HIGH HIGH LOW",NA
89,11,98.5935791885828,89,1,1.49939753085391,"M",0.195454137795605,0.25,1,"HIGH HIGH LOW",NA
90,1,60.1817841404286,89,0,0.500069455800034,"FISHED",0.195454137795605,0.25,1,"HIGH HIGH LOW",NA
90,2,124.09021398713,91,2,2.50168981689356,"M",0.103275169385597,0.25,1,"HIGH HIGH LOW",NA
90,3,62.0677991646102,89,0,0.501061259567793,"M",0.195454137795605,0.25,1,"HIGH HIGH LOW",NA
90,4,126.31669352882,91,2,2.50033440045004,"M",0.103275169385597,0.25,1,"HIGH HIGH LOW",NA
90,5,100.47877863196,90,1,1.50082089447388,"FISHED",0.147206588811241,0.25,1,"HIGH HIGH LOW",NA
90,6,158.060992961084,93,4,4.50035373988063,"M",0.165629002964124,0.25,1,"HIGH HIGH LOW",NA
90,7,61.2624442773908,89,0,0.499740707376737,"FISHED",0.195454137795605,0.25,1,"HIGH HIGH LOW",NA
90,8,96.7517558203244,90,1,1.50005488700531,"FISHED",0.147206588811241,0.25,1,"HIGH HIGH LOW",NA
90,9,135.564050488805,91,2,2.50039997437411,"M",0.103275169385597,0.25,1,"HIGH HIGH LOW",NA
90,10,60.3243066484223,89,0,0.498202834447077,"M",0.195454137795605,0.25,1,"HIGH HIGH LOW",NA
90,11,102.994410056398,90,1,1.50140191143549,"M",0.147206588811241,0.25,1,"HIGH HIGH LOW",NA
91,1,174.703167152158,95,5,5.50148142120529,"M",0.131709604943171,0.25,1,"HIGH HIGH LOW",NA
91,2,148.358254347253,94,4,4.50130235600016,"M",0.108690679143183,0.25,1,"HIGH HIGH LOW",NA
91,3,63.6847835887252,90,0,0.498708396129186,"M",0.147206588811241,0.25,1,"HIGH HIGH LOW",NA
91,4,134.398425923948,92,2,2.49946773659155,"M",0.115014320402406,0.25,1,"HIGH HIGH LOW",NA
91,5,153.631519004985,93,3,3.50159355972855,"M",0.165629002964124,0.25,1,"HIGH HIGH LOW",NA
91,6,107.018638568518,91,1,1.49997982873269,"M",0.103275169385597,0.25,1,"HIGH HIGH LOW",NA
91,7,232.922812322626,100,10,10.499265166311,"FISHED",0.111478407424875,0.25,1,"HIGH HIGH LOW",NA
91,8,138.462007470256,93,3,3.49980449504979,"FISHED",0.165629002964124,0.25,1,"HIGH HIGH LOW",NA
91,9,102.574548154184,91,1,1.49833022454517,"M",0.103275169385597,0.25,1,"HIGH HIGH LOW",NA
91,10,118.354995243639,92,2,2.49893714664637,"FISHED",0.115014320402406,0.25,1,"HIGH HIGH LOW",NA
91,11,143.660855662063,93,3,3.50230472132049,"M",0.165629002964124,0.25,1,"HIGH HIGH LOW",NA
91,12,124.697402090474,92,2,2.49755022093919,"M",0.115014320402406,0.25,1,"HIGH HIGH LOW",NA
92,1,139.340629423838,94,3,3.49892876427983,"FISHED",0.108690679143183,0.25,1,"HIGH HIGH LOW",NA
92,2,62.8001354443079,91,0,0.498098214389966,"FISHED",0.103275169385597,0.25,1,"HIGH HIGH LOW",NA
92,3,94.5081648084025,92,1,1.50193352745743,"M",0.115014320402406,0.25,1,"HIGH HIGH LOW",NA
92,4,119.264711007961,93,2,2.49936368538554,"M",0.165629002964124,0.25,1,"HIGH HIGH LOW",NA
92,5,185.181744397982,97,6,6.50062877626834,"M",0.169018777948804,0.25,1,"HIGH HIGH LOW",NA
92,6,60.9047876812563,91,0,0.499981122143392,"M",0.103275169385597,0.25,1,"HIGH HIGH LOW",NA
92,7,63.3710856230584,91,0,0.500653689503815,"FISHED",0.103275169385597,0.25,1,"HIGH HIGH LOW",NA
92,8,58.6144330841945,91,0,0.499964355814403,"M",0.103275169385597,0.25,1,"HIGH HIGH LOW",NA
92,9,99.5310916041634,92,1,1.50171636739262,"M",0.115014320402406,0.25,1,"HIGH HIGH LOW",NA
92,10,60.7539022491076,91,0,0.499812467064446,"M",0.103275169385597,0.25,1,"HIGH HIGH LOW",NA
92,11,130.019935823281,93,2,2.50129013312352,"FISHED",0.165629002964124,0.25,1,"HIGH HIGH LOW",NA
92,12,134.56574452678,93,2,2.49914902581475,"M",0.165629002964124,0.25,1,"HIGH HIGH LOW",NA
93,1,126.110705556589,94,2,2.50042496381941,"M",0.108690679143183,0.25,1,"HIGH HIGH LOW",NA
93,2,216.072060189698,100,8,8.50029487594336,"M",0.111478407424875,0.25,1,"HIGH HIGH LOW",NA
93,3,129.957295732037,94,2,2.50149302744474,"FISHED",0.108690679143183,0.25,1,"HIGH HIGH LOW",NA
93,4,124.58632771489,94,2,2.49860597899142,"M",0.108690679143183,0.25,1,"HIGH HIGH LOW",NA
93,5,65.902482176667,92,0,0.499739459783005,"FISHED",0.115014320402406,0.25,1,"HIGH HIGH LOW",NA
93,6,63.0990496853865,92,0,0.498925136322395,"M",0.115014320402406,0.25,1,"HIGH HIGH LOW",NA
93,7,148.465432129383,96,4,4.50037301919108,"FISHED",0.131852718116716,0.25,1,"HIGH HIGH LOW",NA
93,8,62.094487108242,92,0,0.500890026693454,"FISHED",0.115014320402406,0.25,1,"HIGH HIGH LOW",NA
93,9,122.414101695399,94,2,2.5006513393941,"M",0.108690679143183,0.25,1,"HIGH HIGH LOW",NA
93,10,96.7285856567105,93,1,1.5010821922315,"M",0.165629002964124,0.25,1,"HIGH HIGH LOW",NA
94,1,61.3205823885183,93,0,0.499484894096064,"FISHED",0.165629002964124,0.25,1,"HIGH HIGH LOW",NA
94,2,63.4109685889795,93,0,0.501604295872153,"FISHED",0.165629002964124,0.25,1,"HIGH HIGH LOW",NA
94,3,129.814155138327,95,2,2.5007792637197,"FISHED",0.131709604943171,0.25,1,"HIGH HIGH LOW",NA
94,4,95.8380798374875,94,1,1.49947420564358,"M",0.108690679143183,0.25,1,"HIGH HIGH LOW",NA
94,5,98.6577486606418,94,1,1.49918477307881,"M",0.108690679143183,0.25,1,"HIGH HIGH LOW",NA
94,6,124.544013969955,95,2,2.49890088810835,"FISHED",0.131709604943171,0.25,1,"HIGH HIGH LOW",NA
94,7,186.517039016564,99,6,6.49876290373367,"M",0.137034341157414,0.25,1,"HIGH HIGH LOW",NA
94,8,62.3198640989045,93,0,0.49787040959886,"M",0.165629002964124,0.25,1,"HIGH HIGH LOW",NA
94,9,94.1245510044866,94,1,1.49898440223654,"M",0.108690679143183,0.25,1,"HIGH HIGH LOW",NA
94,10,105.09872598684,94,1,1.49855952734371,"M",0.108690679143183,0.25,1,"HIGH HIGH LOW",NA
94,11,61.8088555670471,93,0,0.501985207709778,"FISHED",0.165629002964124,0.25,1,"HIGH HIGH LOW",NA
94,12,148.378840481808,96,3,3.49990732131872,"FISHED",0.131852718116716,0.25,1,"HIGH HIGH LOW",NA
95,1,63.4233064556833,94,0,0.500479271120481,"FISHED",0.108690679143183,0.25,1,"HIGH HIGH LOW",NA
95,2,170.904200426143,99,5,5.4989261172315,"M",0.137034341157414,0.25,1,"HIGH HIGH LOW",NA
95,3,97.4147333376597,95,1,1.50059063977572,"FISHED",0.131709604943171,0.25,1,"HIGH HIGH LOW",NA
95,4,131.835286900878,96,2,2.49986642416455,"FISHED",0.131852718116716,0.25,1,"HIGH HIGH LOW",NA
95,5,62.4780846116873,94,0,0.499450050943657,"M",0.108690679143183,0.25,1,"HIGH HIGH LOW",NA
95,6,62.9525272951065,94,0,0.499627599865455,"M",0.108690679143183,0.25,1,"HIGH HIGH LOW",NA
95,7,105.778226798333,95,1,1.49819751007708,"FISHED",0.131709604943171,0.25,1,"HIGH HIGH LOW",NA
95,8,61.2109903737839,94,0,0.501078804627607,"M",0.108690679143183,0.25,1,"HIGH HIGH LOW",NA
95,9,128.952446794563,96,2,2.49847471753177,"M",0.131852718116716,0.25,1,"HIGH HIGH LOW",NA
95,10,94.3526653805285,95,1,1.50048210988027,"FISHED",0.131709604943171,0.25,1,"HIGH HIGH LOW",NA
95,11,94.1563484521494,95,1,1.500051099427,"FISHED",0.131709604943171,0.25,1,"HIGH HIGH LOW",NA
95,12,178.353010690023,99,5,5.50034554460975,"FISHED",0.137034341157414,0.25,1,"HIGH HIGH LOW",NA
96,1,61.4704178955527,95,0,0.499179669067622,"M",0.131709604943171,0.25,1,"HIGH HIGH LOW",NA
96,2,63.5562398215732,95,0,0.500949277599498,"M",0.131709604943171,0.25,1,"HIGH HIGH LOW",NA
96,3,98.539279904962,96,1,1.50152079601323,"M",0.131852718116716,0.25,1,"HIGH HIGH LOW",NA
96,4,62.5033277952164,95,0,0.502579088667148,"M",0.131709604943171,0.25,1,"HIGH HIGH LOW",NA
96,5,64.5643119876677,95,0,0.500021211616069,"M",0.131709604943171,0.25,1,"HIGH HIGH LOW",NA
96,6,100.724125383543,96,1,1.5017861715426,"M",0.131852718116716,0.25,1,"HIGH HIGH LOW",NA
96,7,61.3088848021333,95,0,0.501051282421868,"FISHED",0.131709604943171,0.25,1,"HIGH HIGH LOW",NA
96,8,128.470549246636,97,2,2.49903194440837,"FISHED",0.169018777948804,0.25,1,"HIGH HIGH LOW",NA
96,9,63.3162218476391,95,0,0.500185216470473,"M",0.131709604943171,0.25,1,"HIGH HIGH LOW",NA
96,10,66.1703912546706,95,0,0.500155689751653,"M",0.131709604943171,0.25,1,"HIGH HIGH LOW",NA
96,11,100.403168697992,96,1,1.50027983994257,"M",0.131852718116716,0.25,1,"HIGH HIGH LOW",NA
97,1,63.188186902167,96,0,0.50077405646325,"M",0.131852718116716,0.25,1,"HIGH HIGH LOW",NA
97,2,140.633844603908,100,4,4.49865629019838,"M",0.111478407424875,0.25,1,"HIGH HIGH LOW",NA
97,3,166.587042831313,100,4,4.49833905694679,"FISHED",0.111478407424875,0.25,1,"HIGH HIGH LOW",NA
97,4,63.5328004756867,96,0,0.50036546435457,"M",0.131852718116716,0.25,1,"HIGH HIGH LOW",NA
97,5,62.045010917816,96,0,0.501298109953282,"FISHED",0.131852718116716,0.25,1,"HIGH HIGH LOW",NA
97,6,142.424248389277,99,3,3.50179146303111,"M",0.137034341157414,0.25,1,"HIGH HIGH LOW",NA
97,7,64.6374468684079,96,0,0.50011313478724,"M",0.131852718116716,0.25,1,"HIGH HIGH LOW",NA
97,8,62.3795731906767,96,0,0.500676280883886,"FISHED",0.131852718116716,0.25,1,"HIGH HIGH LOW",NA
97,9,100.081357431908,97,1,1.49837872022757,"M",0.169018777948804,0.25,1,"HIGH HIGH LOW",NA
97,10,143.867468284292,99,3,3.49907638058772,"FISHED",0.137034341157414,0.25,1,"HIGH HIGH LOW",NA
98,1,146.010503468357,100,3,3.49968593076009,"M",0.111478407424875,0.25,1,"HIGH HIGH LOW",NA
98,2,62.4735656377261,97,0,0.498989787721978,"FISHED",0.169018777948804,0.25,1,"HIGH HIGH LOW",NA
98,3,102.567884444568,98,1,1.50149010933007,"M",0.133154247282073,0.25,1,"HIGH HIGH LOW",NA
98,4,119.95567964451,99,2,2.49900346689231,"M",0.137034341157414,0.25,1,"HIGH HIGH LOW",NA
98,5,101.346175280721,98,1,1.49913429460281,"M",0.133154247282073,0.25,1,"HIGH HIGH LOW",NA
98,6,64.4868484773444,97,0,0.501197131616096,"M",0.169018777948804,0.25,1,"HIGH HIGH LOW",NA
98,7,93.6142187058655,98,1,1.50035477206061,"FISHED",0.133154247282073,0.25,1,"HIGH HIGH LOW",NA
98,8,118.565666457473,99,2,2.49935426443424,"FISHED",0.137034341157414,0.25,1,"HIGH HIGH LOW",NA
98,9,62.1892412288715,97,0,0.49964472605753,"M",0.169018777948804,0.25,1,"HIGH HIGH LOW",NA
98,10,99.3166941197628,98,1,1.5002422629237,"FISHED",0.133154247282073,0.25,1,"HIGH HIGH LOW",NA
98,11,63.0799771807016,97,0,0.500512568353375,"M",0.169018777948804,0.25,1,"HIGH HIGH LOW",NA
98,12,62.3991499581489,97,0,0.499502778344749,"M",0.169018777948804,0.25,1,"HIGH HIGH LOW",NA
99,1,135.506707873321,100,2,2.49973236499158,"FISHED",0.111478407424875,0.25,1,"HIGH HIGH LOW",NA
99,2,63.7818875874822,98,0,0.499688545438621,"M",0.133154247282073,0.25,1,"HIGH HIGH LOW",NA
99,3,61.6373478005143,98,0,0.503000148288217,"M",0.133154247282073,0.25,1,"HIGH HIGH LOW",NA
99,4,99.3977062676484,99,1,1.49916565783194,"M",0.137034341157414,0.25,1,"HIGH HIGH LOW",NA
99,5,60.1737729818329,98,0,0.50030525685388,"FISHED",0.133154247282073,0.25,1,"HIGH HIGH LOW",NA
99,6,61.8582513911496,98,0,0.499250250314827,"FISHED",0.133154247282073,0.25,1,"HIGH HIGH LOW",NA
99,7,106.181614917583,99,1,1.50042888779036,"M",0.137034341157414,0.25,1,"HIGH HIGH LOW",NA
99,8,61.3226244889635,98,0,0.499965029523273,"FISHED",0.133154247282073,0.25,1,"HIGH HIGH LOW",NA
99,9,62.5155006075031,98,0,0.498013256077809,"M",0.133154247282073,0.25,1,"HIGH HIGH LOW",NA
99,10,61.3733237441532,98,0,0.501037758006066,"FISHED",0.133154247282073,0.25,1,"HIGH HIGH LOW",NA
100,1,63.9248970362706,99,0,0.499687243648161,"M",0.137034341157414,0.25,1,"HIGH HIGH LOW",NA
100,2,60.6834769318779,99,0,0.499099307884558,"FISHED",0.137034341157414,0.25,1,"HIGH HIGH LOW",NA
100,3,62.7281453602978,99,0,0.501566361961188,"M",0.137034341157414,0.25,1,"HIGH HIGH LOW",NA
100,4,64.7566722675271,99,0,0.499569036841964,"M",0.137034341157414,0.25,1,"HIGH HIGH LOW",NA
100,5,62.7866691919253,99,0,0.500200196744929,"FISHED",0.137034341157414,0.25,1,"HIGH HIGH LOW",NA
100,6,92.2671466784491,100,1,1.50048659675319,"M",0.111478407424875,0.25,1,"HIGH HIGH LOW",NA
100,7,98.8502560558411,100,1,1.499555045288,"M",0.111478407424875,0.25,1,"HIGH HIGH LOW",NA
100,8,64.4916192370531,99,0,0.499037827614349,"M",0.137034341157414,0.25,1,"HIGH HIGH LOW",NA
100,9,61.7095808213368,99,0,0.500548532309939,"M",0.137034341157414,0.25,1,"HIGH HIGH LOW",NA
100,10,60.1326913295935,99,0,0.500623516813113,"FISHED",0.137034341157414,0.25,1,"HIGH HIGH LOW",NA
100,11,61.6150901078222,99,0,0.500713683134739,"M",0.137034341157414,0.25,1,"HIGH HIGH LOW",NA
100,12,61.6078674120641,99,0,0.500893688438197,"M",0.137034341157414,0.25,1,"HIGH HIGH LOW",NA
