"cohort","ind","fish_size","Year","Age","AgeE","dtype","FMORT","M","Sel","FSIM"
1,1,220.5814504289,11,11,11.4991442164935,"M",0,0.25,0.999430908276733,"MED LOW"
1,2,138.174677067826,3,3,3.49957297028297,"M",0,0.25,0.289861658414951,"MED LOW"
1,3,155.240935029677,3,3,3.49896827776837,"M",0,0.25,0.697774326695595,"MED LOW"
1,4,60.2415362790239,0,0,0.499650831299079,"M",0,0.25,0.000149391140602338,"MED LOW"
1,5,63.3762909860227,0,0,0.498495343860382,"M",0,0.25,0.000205365452788716,"MED LOW"
1,6,223.306176977668,8,8,8.49801164470962,"M",0,0.25,0.999568386202473,"MED LOW"
1,7,168.404570284673,4,4,4.50049473904186,"M",0,0.25,0.897822137033852,"MED LOW"
1,8,179.593921419781,7,7,7.50054229296161,"M",0,0.25,0.964747785988635,"MED LOW"
1,9,60.4983174035924,0,0,0.49954388860905,"M",0,0.25,0.000153336618160285,"MED LOW"
1,10,197.551559937653,10,10,10.500409974296,"M",0,0.25,0.994133539788743,"MED LOW"
1,11,196.904404897211,6,6,6.500053577744,"M",0,0.25,0.993737620173943,"MED LOW"
2,1,175.041432353511,6,5,5.5000749567148,"M",0,0.25,0.945169274977063,"MED LOW"
2,2,208.931586940189,10,9,9.5000565004902,"M",0,0.25,0.998145087894632,"MED LOW"
2,3,236.764820589715,12,11,11.4989622985032,"M",0,0.25,0.999889902679526,"MED LOW"
2,4,222.405210345063,10,9,9.49824827508134,"M",0,0.25,0.999527060656612,"MED LOW"
2,5,95.9345113842238,2,1,1.49766949813549,"M",0,0.25,0.00556985671756767,"MED LOW"
2,6,63.4855937780617,1,0,0.501483077803627,"M",0,0.25,0.000207656769323233,"MED LOW"
2,7,189.025440360263,8,7,7.49926735970828,"M",0,0.25,0.986169376877462,"MED LOW"
2,8,61.2835872691913,1,0,0.500815101355227,"M",0,0.25,0.000166060671837104,"MED LOW"
2,9,60.5100376494624,1,0,0.500808622462856,"M",0,0.25,0.000153519166931302,"MED LOW"
2,10,207.298512534805,12,11,11.501618303701,"M",0,0.25,0.997811289043747,"MED LOW"
2,11,64.6774440371079,1,0,0.499839521109708,"M",0,0.25,0.000234363012512526,"MED LOW"
2,12,216.716218501385,10,9,9.49802163550939,"M",0,0.25,0.999157634212971,"MED LOW"
2,13,65.125488563743,1,0,0.499688428405008,"M",0,0.25,0.000245267969951458,"MED LOW"
3,1,177.255660216104,10,8,8.50134827447547,"M",0,0.25,0.955719884566773,"MED LOW"
3,2,96.8282640672064,3,1,1.49849179310648,"M",0,0.25,0.00609570989019741,"MED LOW"
3,3,213.547915309924,14,12,12.5007054285111,"M",0,0.25,0.998838369244873,"MED LOW"
3,4,209.163700143814,11,9,9.50074030054888,"M",0,0.25,0.998188213253208,"MED LOW"
3,5,99.7472076880038,3,1,1.50155289161538,"M",0,0.25,0.00818130704119528,"MED LOW"
3,6,120.287692972432,4,2,2.49983131425295,"M",0,0.25,0.0622593863832893,"MED LOW"
3,7,146.41133886398,5,3,3.50045403637728,"M",0,0.25,0.485062405118927,"MED LOW"
3,8,61.9510554449131,2,0,0.500516884204726,"M",0,0.25,0.000177702570809713,"MED LOW"
3,9,202.648247104884,8,6,6.49843539067023,"M",0,0.25,0.99649515818653,"MED LOW"
3,10,103.181004468886,3,1,1.50107955698282,"M",0,0.25,0.0115546335325796,"MED LOW"
3,11,66.2562790418544,2,0,0.500749057458137,"M",0,0.25,0.000275099644377804,"MED LOW"
3,12,91.0372883335543,3,1,1.49865121577437,"M",0,0.25,0.00339507955970791,"MED LOW"
4,1,160.929942408396,6,3,3.49867471909289,"M",0,0.25,0.804449602551978,"MED LOW"
4,2,205.358962783839,14,11,11.4996500430472,"M",0,0.25,0.997336173575315,"MED LOW"
4,3,100.71278123623,4,1,1.50034782091145,"M",0,0.25,0.00901641272748997,"MED LOW"
4,4,64.0272387398925,3,0,0.498334324752119,"M",0,0.25,0.000219394028659107,"MED LOW"
4,5,131.000062234539,5,2,2.50025708200853,"M",0,0.25,0.164583585801538,"MED LOW"
4,6,124.314867106418,5,2,2.50019329188399,"M",0,0.25,0.0908520484797848,"MED LOW"
4,7,120.121830602229,5,2,2.50074747640778,"M",0,0.25,0.0612834083497413,"MED LOW"
4,8,204.871724836829,13,10,10.5009328077467,"M",0,0.25,0.997201456965864,"MED LOW"
4,9,130.569806709471,5,2,2.49985074829501,"M",0,0.25,0.158664766279014,"MED LOW"
4,10,105.304550317096,4,1,1.49942390411199,"M",0,0.25,0.0142951284038344,"MED LOW"
4,11,142.71286324181,6,3,3.50019700573813,"M",0,0.25,0.392865462205744,"MED LOW"
4,12,132.149344034842,5,2,2.49882015256928,"M",0,0.25,0.181261734074337,"MED LOW"
4,13,102.834092457103,4,1,1.50037604064116,"M",0,0.25,0.0111591937399207,"MED LOW"
5,1,191.49003534987,11,7,7.50093836935988,"M",0,0.25,0.989198169906684,"MED LOW"
5,2,227.759667022714,13,9,9.50134184298675,"M",0,0.25,0.999725345270867,"MED LOW"
5,3,63.7213877528622,4,0,0.498237559829664,"M",0,0.25,0.000212687140272041,"MED LOW"
5,4,148.653397936501,7,3,3.50045813442186,"M",0,0.25,0.541870072392068,"MED LOW"
5,5,120.989475660994,6,2,2.5012340208669,"M",0,0.25,0.0665514567718924,"MED LOW"
5,6,147.270251866745,7,3,3.49995072544848,"M",0,0.25,0.506859398338562,"MED LOW"
5,7,62.6242194533762,4,0,0.500992651324038,"M",0,0.25,0.000190270467853502,"MED LOW"
5,8,136.180206553397,7,3,3.50109508241262,"M",0,0.25,0.250009923411478,"MED LOW"
5,9,143.708213343351,7,3,3.50112741368395,"M",0,0.25,0.417213475628514,"MED LOW"
6,1,121.489524323227,7,2,2.49830915299403,"M",0,0.25,0.069775742434283,"MED LOW"
6,2,147.304271645292,9,4,4.49999354822014,"M",0,0.25,0.507722741763181,"MED LOW"
6,3,132.622790747404,7,2,2.50008652968055,"M",0,0.25,0.188505220406763,"MED LOW"
6,4,179.852900955241,12,7,7.49947306075206,"M",0,0.25,0.965631212376866,"MED LOW"
6,5,62.7731074996338,5,0,0.500468886308639,"M",0,0.25,0.000193168069091465,"MED LOW"
6,6,60.7772771228636,5,0,0.499237771473871,"M",0,0.25,0.000157741033851583,"MED LOW"
6,7,123.336076483138,7,2,2.49874911471045,"M",0,0.25,0.0829705058922467,"MED LOW"
6,8,177.634218595239,11,6,6.4998728462581,"M",0,0.25,0.957318275450879,"MED LOW"
6,9,161.474391678198,9,4,4.49839448776373,"M",0,0.25,0.812999532210148,"MED LOW"
6,10,239.83916245618,19,14,14.4996628256701,"M",0,0.25,0.999919420120514,"MED LOW"
6,11,208.299813333787,13,8,8.49941130880728,"M",0,0.25,0.998022447609454,"MED LOW"
6,12,128.41387525964,7,2,2.49906227566955,"M",0,0.25,0.131576227330368,"MED LOW"
7,1,98.0822202541291,7,1,1.50000584607073,"M",0,0.25,0.00691764272837088,"MED LOW"
7,2,61.5076670811665,6,0,0.499946792733308,"M",0,0.25,0.000169881434477794,"MED LOW"
7,3,119.468644883962,8,2,2.50022357587003,"M",0,0.25,0.0575773833711319,"MED LOW"
7,4,146.886100157832,9,3,3.49893217778622,"M",0,0.25,0.497108901746646,"MED LOW"
7,5,162.154254613213,12,6,6.50060747447295,"M",0,0.25,0.82326802792457,"MED LOW"
7,6,154.144710731185,10,4,4.50174611945074,"M",0,0.25,0.673799304155862,"MED LOW"
7,7,101.087052768927,7,1,1.49887453604956,"M",0,0.25,0.00936236631243974,"MED LOW"
7,8,118.889614762072,8,2,2.49802237896956,"M",0,0.25,0.0544690342801348,"MED LOW"
7,9,133.246069328501,9,3,3.49974677519412,"M",0,0.25,0.1983769786521,"MED LOW"
7,10,64.662454417745,6,0,0.499772271724095,"M",0,0.25,0.00023400668270273,"MED LOW"
7,11,177.097639326411,17,11,11.5010736960968,"M",0,0.25,0.955035916018102,"MED LOW"
7,12,163.672902443007,11,5,5.50069222793674,"M",0,0.25,0.844597209390304,"MED LOW"
7,13,110.223056335473,7,1,1.4988485661751,"M",0,0.25,0.0233381626125385,"MED LOW"
8,1,63.460353268189,7,0,0.501022149819962,"M",0,0.25,0.000207125392701033,"MED LOW"
8,2,65.3941924626996,7,0,0.499068707534942,"M",0,0.25,0.000252049810880951,"MED LOW"
8,3,159.475060216858,11,4,4.49829575891358,"M",0,0.25,0.780164033739032,"MED LOW"
8,4,61.4020517010159,7,0,0.499574078804356,"M",0,0.25,0.000168069768298169,"MED LOW"
8,5,118.046959293083,9,2,2.49893534751914,"M",0,0.25,0.0502269612410961,"MED LOW"
8,6,62.1771364076418,7,0,0.500211761294309,"M",0,0.25,0.000181828077923412,"MED LOW"
8,7,153.931664597262,11,4,4.50013129959943,"M",0,0.25,0.669027172085603,"MED LOW"
8,8,186.717852491442,16,9,9.50086189668317,"M",0,0.25,0.982581458989753,"MED LOW"
8,9,167.764997868753,12,5,5.49966972276551,"M",0,0.25,0.891709176418672,"MED LOW"
8,10,190.41892224082,13,6,6.50121667840924,"M",0,0.25,0.987972111214009,"MED LOW"
8,11,61.6823805199136,7,0,0.498111523824729,"M",0,0.25,0.00017292133499277,"MED LOW"
8,12,161.620545722822,11,4,4.49796551028784,"M",0,0.25,0.815245109207343,"MED LOW"
8,13,119.188248289114,9,2,2.49955701628177,"M",0,0.25,0.056051891246397,"MED LOW"
9,1,210.434102361907,18,10,10.5007614484065,"M",0,0.25,0.99840711660648,"MED LOW"
9,2,131.698054844131,10,2,2.49920372170455,"M",0,0.25,0.174560744458065,"MED LOW"
9,3,118.678024200617,10,2,2.49985503198337,"M",0,0.25,0.0533731298853078,"MED LOW"
9,4,62.2258658815615,8,0,0.499765047808328,"M",0,0.25,0.000182729758408171,"MED LOW"
9,5,64.8278833318481,8,0,0.500961998018618,"M",0,0.25,0.000237969401669148,"MED LOW"
9,6,132.082444754855,10,2,2.49955082621703,"M",0,0.25,0.180255876892808,"MED LOW"
9,7,179.119362581265,12,4,4.50103835884699,"M",0,0.25,0.963071899611039,"MED LOW"
9,8,170.398116945375,13,5,5.49921739370466,"M",0,0.25,0.914952829980249,"MED LOW"
9,9,97.7124340154137,9,1,1.49981437641931,"M",0,0.25,0.00666443201573504,"MED LOW"
9,10,203.36186363475,17,9,9.50011971551165,"M",0,0.25,0.996739321845748,"MED LOW"
9,11,170.267740846069,13,5,5.49995650518919,"M",0,0.25,0.91391709928232,"MED LOW"
10,1,96.7100275116964,10,1,1.50032013308676,"M",0,0.25,0.00602340751460249,"MED LOW"
10,2,61.7333806301772,9,0,0.501013033119893,"M",0,0.25,0.000173818916030303,"MED LOW"
10,3,157.799833435294,12,3,3.49939820077344,"M",0,0.25,0.749609888908095,"MED LOW"
10,4,94.6475299633719,10,1,1.50029404044361,"M",0,0.25,0.0048909254824728,"MED LOW"
10,5,60.9518804537921,9,0,0.499126370544159,"M",0,0.25,0.00016056193118923,"MED LOW"
10,6,62.1637656403658,9,0,0.501230489813967,"M",0,0.25,0.000181581446611621,"MED LOW"
10,7,154.278068075757,12,3,3.49902846583404,"M",0,0.25,0.676768299490868,"MED LOW"
10,8,60.7735027619336,9,0,0.501045949640456,"M",0,0.25,0.000157680605468503,"MED LOW"
10,9,62.6755266289256,9,0,0.50034329294044,"M",0,0.25,0.000191264047453228,"MED LOW"
10,10,95.3353141681218,10,1,1.50113735858222,"M",0,0.25,0.00524282367132055,"MED LOW"
10,11,137.259889797354,12,3,3.49976289938161,"M",0,0.25,0.271122178794981,"MED LOW"
10,12,63.1359724571202,9,0,0.499750915711285,"M",0,0.25,0.000200416144432199,"MED LOW"
10,13,63.3158319857258,9,0,0.501524015176708,"M",0,0.25,0.000204108925368286,"MED LOW"
11,1,62.6198152563747,10,0,0.500519841337418,"M",0,0.25,0.000190185420073583,"MED LOW"
11,2,64.5865455272891,10,0,0.499701845046849,"M",0,0.25,0.000232210493505694,"MED LOW"
11,3,60.7514148083051,10,0,0.499277865424739,"M",0,0.25,0.000157327436044679,"MED LOW"
11,4,98.9941118843021,11,1,1.50093252328028,"M",0,0.25,0.00758362069319204,"MED LOW"
11,5,183.063408390621,16,6,6.49869872394561,"M",0,0.25,0.974952229040739,"MED LOW"
11,6,96.6503218985038,11,1,1.50161295941248,"M",0,0.25,0.00598722170912361,"MED LOW"
11,7,135.66529774572,12,2,2.49878479941993,"M",0,0.25,0.240335818428806,"MED LOW"
11,8,135.48240728687,12,2,2.50114870523413,"M",0,0.25,0.236961902164556,"MED LOW"
11,9,61.5774161591071,10,0,0.500312925520781,"M",0,0.25,0.000171088562523611,"MED LOW"
11,10,213.351366850612,16,6,6.50035575584658,"M",0,0.25,0.998814982597987,"MED LOW"
11,11,105.950843921334,11,1,1.50073503427598,"M",0,0.25,0.0152498474677154,"MED LOW"
11,12,178.138923281904,17,7,7.50051484446595,"M",0,0.25,0.959363717590715,"MED LOW"
11,13,103.575053794664,11,1,1.49995497532272,"M",0,0.25,0.0120206228520992,"MED LOW"
11,14,151.817818064912,13,3,3.4994509295377,"M",0,0.25,0.619909596692304,"MED LOW"
11,15,121.08743049478,12,2,2.50094738596459,"M",0,0.25,0.0671719699841194,"MED LOW"
12,1,176.65724770858,16,5,5.50047427046223,"M",0,0.25,0.953076247104757,"MED LOW"
12,2,97.4820246498966,12,1,1.50083076263015,"M",0,0.25,0.00651133712241207,"MED LOW"
12,3,178.550151577429,17,6,6.49946795208482,"M",0,0.25,0.960960596923622,"MED LOW"
12,4,185.826726174395,17,6,6.49968255361157,"M",0,0.25,0.98096336551641,"MED LOW"
12,5,62.1511711483126,11,0,0.500574201901352,"M",0,0.25,0.00018134944004588,"MED LOW"
12,6,94.8627673630968,12,1,1.49933212579462,"M",0,0.25,0.00499844596028301,"MED LOW"
12,7,155.446039582853,15,4,4.50080667306092,"M",0,0.25,0.70214779072875,"MED LOW"
12,8,221.435676800728,22,11,11.499324229441,"M",0,0.25,0.999478161962869,"MED LOW"
12,9,192.983501354948,18,7,7.50089800950248,"M",0,0.25,0.990703840370237,"MED LOW"
12,10,154.944191707357,14,3,3.49944496346238,"M",0,0.25,0.691382950188118,"MED LOW"
12,11,156.476538086169,15,4,4.4987591350323,"M",0,0.25,0.723557155512494,"MED LOW"
12,12,142.684762032249,14,3,3.50015015227115,"M",0,0.25,0.392185123253484,"MED LOW"
13,1,124.030369407542,14,2,2.50254404253002,"M",0,0.25,0.0884941769838275,"MED LOW"
13,2,59.0483998034872,12,0,0.500446316516187,"M",0,0.25,0.000132349087122372,"MED LOW"
13,3,60.3149223733352,12,0,0.498997776621487,"M",0,0.25,0.000150508252793273,"MED LOW"
13,4,173.289501236614,18,6,6.4993023698865,"M",0,0.25,0.935186714138544,"MED LOW"
13,5,98.6494037696,13,1,1.49818522165474,"M",0,0.25,0.00732470277467532,"MED LOW"
13,6,62.041382317807,12,0,0.500181403255078,"M",0,0.25,0.000179339501740109,"MED LOW"
13,7,63.8291042514542,12,0,0.50098283075426,"M",0,0.25,0.000215025501854085,"MED LOW"
13,8,157.381848540739,17,5,5.50188143805817,"M",0,0.25,0.741560241448271,"MED LOW"
13,9,61.5291638307999,12,0,0.499696150019499,"M",0,0.25,0.000170252562175617,"MED LOW"
13,10,232.986329491071,26,14,14.501248299968,"M",0,0.25,0.999838427749677,"MED LOW"
13,11,171.021977455434,16,4,4.49911680831408,"M",0,0.25,0.919753939705918,"MED LOW"
13,12,98.4753092468663,13,1,1.50111548467316,"M",0,0.25,0.00719729089071995,"MED LOW"
14,1,124.167087069566,15,2,2.49963062555082,"M",0,0.25,0.0896202957902939,"MED LOW"
14,2,173.887356324102,19,6,6.50052240187152,"M",0,0.25,0.938770229885607,"MED LOW"
14,3,193.18317728562,22,9,9.49868081417181,"M",0,0.25,0.990888709253422,"MED LOW"
14,4,60.9945235360555,13,0,0.498419675282949,"M",0,0.25,0.000161258503495183,"MED LOW"
14,5,58.4602435753506,13,0,0.500321628019369,"M",0,0.25,0.000124677923798822,"MED LOW"
14,6,59.7487745551738,13,0,0.498629615207709,"M",0,0.25,0.000142101841123093,"MED LOW"
14,7,64.627964828068,13,0,0.499075124600007,"M",0,0.25,0.000233188859595483,"MED LOW"
14,8,99.0154804338992,14,1,1.50106197178068,"M",0,0.25,0.00759996679451084,"MED LOW"
14,9,147.242867856237,16,3,3.499591841833,"M",0,0.25,0.506164425421276,"MED LOW"
14,10,131.736774156876,15,2,2.50127234760944,"M",0,0.25,0.175127922398866,"MED LOW"
14,11,144.932100558864,16,3,3.49995051848321,"M",0,0.25,0.44770229034309,"MED LOW"
14,12,101.059015681505,14,1,1.49703376195541,"M",0,0.25,0.00933600108839945,"MED LOW"
15,1,63.7475608357745,14,0,0.50183468318219,"M",0,0.25,0.000213252969304378,"MED LOW"
15,2,129.46860853651,16,2,2.49805277811355,"M",0,0.25,0.144302655568327,"MED LOW"
15,3,134.504682833978,16,2,2.50100412979803,"M",0,0.25,0.219483422576707,"MED LOW"
15,4,63.2586300539727,14,0,0.498440417429343,"M",0,0.25,0.000202927167329498,"MED LOW"
15,5,123.755585206559,16,2,2.50226052400286,"M",0,0.25,0.086269407767398,"MED LOW"
15,6,63.4674328947736,14,0,0.500228607749917,"M",0,0.25,0.000207274299431019,"MED LOW"
15,7,134.422164228091,16,2,2.50015131460572,"M",0,0.25,0.218051504214388,"MED LOW"
15,8,62.5019476192977,14,0,0.498830137823031,"M",0,0.25,0.000187923388597533,"MED LOW"
15,9,123.18680873173,16,2,2.50032475368994,"M",0,0.25,0.0818246418231088,"MED LOW"
15,10,164.211168737543,18,4,4.49964282230678,"M",0,0.25,0.851636051612247,"MED LOW"
15,11,199.211061961211,20,6,6.50124328494203,"M",0,0.25,0.995038697442936,"MED LOW"
15,12,168.583345552958,18,4,4.5001853706355,"M",0,0.25,0.899475325959129,"MED LOW"
16,1,62.4179723311515,15,0,0.500616726224537,"M",0,0.25,0.000186328222754354,"MED LOW"
16,2,125.308810155771,17,2,2.50064465686784,"M",0,0.25,0.0995389307927211,"MED LOW"
16,3,203.468265083536,23,8,8.49959736739843,"M",0,0.25,0.996774244968647,"MED LOW"
16,4,125.533245382045,17,2,2.50418302882058,"M",0,0.25,0.101600110561611,"MED LOW"
16,5,101.153885200211,16,1,1.49983174403731,"M",0,0.25,0.00942551130391407,"MED LOW"
16,6,63.5466298715818,15,0,0.500958899095547,"M",0,0.25,0.000208947373350375,"MED LOW"
16,7,99.9792103681654,16,1,1.49813026497009,"M",0,0.25,0.00837467876849537,"MED LOW"
16,8,164.65157944096,19,4,4.50093108383953,"M",0,0.25,0.857197629286578,"MED LOW"
16,9,61.5073653870503,15,0,0.501243708240814,"M",0,0.25,0.000169876231680732,"MED LOW"
16,10,150.67954080826,18,3,3.49833468973653,"M",0,0.25,0.592326774365995,"MED LOW"
16,11,183.145915822105,19,4,4.50104918661093,"M",0,0.25,0.975155990946464,"MED LOW"
17,1,61.5941493835215,16,0,0.49824701373309,"M",0,0.25,0.000171379433049098,"MED LOW"
17,2,125.911941750452,18,2,2.49984764790554,"M",0,0.25,0.105163878688397,"MED LOW"
17,3,205.155702754217,22,6,6.49853765968604,"M",0,0.25,0.997280778775912,"MED LOW"
17,4,194.542125538945,28,12,12.4995071150383,"M",0,0.25,0.992053654765743,"MED LOW"
17,5,196.258224969827,23,7,7.50050732510431,"M",0,0.25,0.993315817523152,"MED LOW"
17,6,211.209513290427,23,7,7.50026968225393,"M",0,0.25,0.998527536104088,"MED LOW"
17,7,64.0823291028857,16,0,0.500145141436349,"M",0,0.25,0.000220624366383777,"MED LOW"
17,8,158.534722914575,19,3,3.50071616389315,"M",0,0.25,0.76335243304425,"MED LOW"
17,9,114.523885392757,18,2,2.49993561913234,"M",0,0.25,0.0356612776732339,"MED LOW"
17,10,62.3891082130465,16,0,0.501176272324313,"M",0,0.25,0.000185783062008079,"MED LOW"
17,11,142.017979927091,19,3,3.49936926915877,"M",0,0.25,0.376170088771576,"MED LOW"
17,12,144.990412207397,19,3,3.50013597128725,"M",0,0.25,0.449166676654939,"MED LOW"
18,1,95.1957823185494,18,1,1.50003714015781,"M",0,0.25,0.00516945349177342,"MED LOW"
18,2,60.9079715107877,17,0,0.49900226286078,"M",0,0.25,0.000159847824702689,"MED LOW"
18,3,93.4276449072302,18,1,1.49938258079001,"M",0,0.25,0.00432362271831531,"MED LOW"
18,4,169.436158477804,21,4,4.50089121339624,"M",0,0.25,0.907038252843552,"MED LOW"
18,5,64.8461541944925,17,0,0.499012564225086,"M",0,0.25,0.00023841115930748,"MED LOW"
18,6,118.825813091675,19,2,2.49999160782529,"M",0,0.25,0.0541363679049255,"MED LOW"
18,7,101.513230895951,18,1,1.50011897955671,"M",0,0.25,0.00977233098713003,"MED LOW"
18,8,189.431361213907,24,7,7.50026185300623,"M",0,0.25,0.986720391318151,"MED LOW"
18,9,162.613512897832,22,5,5.50048474271189,"M",0,0.25,0.829950586566834,"MED LOW"
19,1,123.135765281914,20,2,2.50152931566813,"M",0,0.25,0.0814361220180918,"MED LOW"
19,2,148.970085949434,22,4,4.49856676916668,"M",0,0.25,0.549840807097063,"MED LOW"
19,3,93.7594511688401,19,1,1.49922285338548,"M",0,0.25,0.00447110057859841,"MED LOW"
19,4,133.699710651141,20,2,2.50097150399421,"M",0,0.25,0.205803347687072,"MED LOW"
19,5,127.706292291395,20,2,2.50013350267665,"M",0,0.25,0.123582239062466,"MED LOW"
19,6,130.846954114245,20,2,2.49995535125728,"M",0,0.25,0.162457283560556,"MED LOW"
19,7,159.621564039233,21,3,3.50044513212537,"M",0,0.25,0.782704562364376,"MED LOW"
19,8,155.957243479855,24,6,6.49856898979923,"M",0,0.25,0.712887650889033,"MED LOW"
19,9,129.796937375389,20,2,2.50057264855526,"M",0,0.25,0.148467970414873,"MED LOW"
19,10,147.575726057644,21,3,3.49957824145985,"M",0,0.25,0.514609549219381,"MED LOW"
19,11,100.153917493102,19,1,1.49986355511046,"M",0,0.25,0.00852328033959093,"MED LOW"
19,12,108.626897013456,19,1,1.49836558230779,"M",0,0.25,0.0199160474968804,"MED LOW"
20,1,155.075657804113,22,3,3.49888368623472,"M",0,0.25,0.694223761887385,"MED LOW"
20,2,210.177374835822,28,9,9.49979561775561,"M",0,0.25,0.998365119161582,"MED LOW"
20,3,175.671788161096,25,6,6.49922102565943,"M",0,0.25,0.948393156588827,"MED LOW"
20,4,102.420790148277,20,1,1.5008733231465,"M",0,0.25,0.0107055129498636,"MED LOW"
20,5,94.3431206811757,20,1,1.49970966026414,"M",0,0.25,0.00474277786722842,"MED LOW"
20,6,129.822427026605,21,2,2.50151181707772,"M",0,0.25,0.148795459824381,"MED LOW"
20,7,176.507873761082,24,5,5.49992037688237,"M",0,0.25,0.952393301725629,"MED LOW"
20,8,202.054638898128,27,8,8.49978808469447,"M",0,0.25,0.996278234580984,"MED LOW"
20,9,62.7500180083706,19,0,0.500879941004748,"M",0,0.25,0.000192715836774558,"MED LOW"
20,10,97.9813228157328,20,1,1.49851915773352,"M",0,0.25,0.0068476204750756,"MED LOW"
20,11,99.0793662970999,20,1,1.49981815919177,"M",0,0.25,0.00764904578233126,"MED LOW"
21,1,183.345997779576,25,5,5.50001705656863,"M",0,0.25,0.975643431274711,"MED LOW"
21,2,65.5884607950337,20,0,0.500163634869122,"M",0,0.25,0.000257069437998658,"MED LOW"
21,3,130.980730846358,22,2,2.5008812457761,"M",0,0.25,0.164313891874869,"MED LOW"
21,4,63.7831887183171,20,0,0.497963559747695,"M",0,0.25,0.000214025618649565,"MED LOW"
21,5,99.1778515612874,21,1,1.50097324515285,"M",0,0.25,0.00772532182353373,"MED LOW"
21,6,169.198589259532,24,4,4.50182563230527,"M",0,0.25,0.904984309847896,"MED LOW"
21,7,115.958959551399,22,2,2.4978302227029,"M",0,0.25,0.0410254995681855,"MED LOW"
21,8,62.0055842284974,20,0,0.49846069114528,"M",0,0.25,0.000178688962141349,"MED LOW"
21,9,202.275091611443,27,7,7.50130877845432,"M",0,0.25,0.996360313960762,"MED LOW"
21,10,183.748201192798,24,4,4.50086663969119,"M",0,0.25,0.976595226720037,"MED LOW"
21,11,175.549843969837,24,4,4.50137841410104,"M",0,0.25,0.947783797084156,"MED LOW"
21,12,62.3783175381225,20,0,0.502063609369202,"M",0,0.25,0.000185579666762391,"MED LOW"
21,13,184.036082284621,27,7,7.4985291323571,"M",0,0.25,0.977254094161659,"MED LOW"
22,1,164.453452309319,25,4,4.49918952902348,"M",0,0.25,0.854717455977066,"MED LOW"
22,2,95.4896948914208,22,1,1.49990021602744,"M",0,0.25,0.00532520943007857,"MED LOW"
22,3,62.4047128573534,21,0,0.500302884288099,"M",0,0.25,0.000186077590842842,"MED LOW"
22,4,123.712964244411,23,2,2.50073706139348,"M",0,0.25,0.0859289013836763,"MED LOW"
22,5,101.51131704111,22,1,1.50009438388993,"M",0,0.25,0.00977045078123297,"MED LOW"
22,6,63.4819809312895,21,0,0.501049170989458,"M",0,0.25,0.000207580626253061,"MED LOW"
22,7,103.176958307845,22,1,1.50231920233708,"M",0,0.25,0.0115499424894382,"MED LOW"
22,8,204.542826894693,27,6,6.49985018668749,"M",0,0.25,0.997106700056038,"MED LOW"
22,9,124.391800963735,23,2,2.49904448092321,"M",0,0.25,0.0914993093539379,"MED LOW"
22,10,132.796208513577,23,2,2.49972596914157,"M",0,0.25,0.191213443817256,"MED LOW"
23,1,176.761139522542,27,5,5.49994260744224,"M",0,0.25,0.953545742807427,"MED LOW"
23,2,247.089748953269,33,11,11.5006800041819,"M",0,0.25,0.999961405040758,"MED LOW"
23,3,150.383790861861,25,3,3.50090232109425,"M",0,0.25,0.58505608183206,"MED LOW"
23,4,149.087278424557,26,4,4.49806407219849,"M",0,0.25,0.552784176542966,"MED LOW"
23,5,65.7927421971447,22,0,0.499719517940115,"M",0,0.25,0.000262455626079988,"MED LOW"
23,6,234.505462283721,36,14,14.499860862989,"M",0,0.25,0.999861518832486,"MED LOW"
23,7,174.874035542324,27,5,5.50037692009014,"M",0,0.25,0.944281765013578,"MED LOW"
23,8,148.311227895776,25,3,3.5003406604518,"M",0,0.25,0.533233949312041,"MED LOW"
23,9,63.2678992640464,22,0,0.497126519592426,"M",0,0.25,0.000203118198235382,"MED LOW"
23,10,139.506960353719,25,3,3.49971602423754,"M",0,0.25,0.318475611444435,"MED LOW"
23,11,193.71477991106,28,6,6.50027360292827,"M",0,0.25,0.991363318996196,"MED LOW"
23,12,66.3072391103395,22,0,0.501932368570748,"M",0,0.25,0.000276526330731752,"MED LOW"
24,1,202.332524144102,29,6,6.49754584735942,"M",0,0.25,0.996381399583701,"MED LOW"
24,2,61.0719001958633,23,0,0.500903012923317,"M",0,0.25,0.000162530171220303,"MED LOW"
24,3,123.423250553719,25,2,2.49975184078542,"M",0,0.25,0.0836464364540946,"MED LOW"
24,4,62.8325814399206,23,0,0.499695133481729,"M",0,0.25,0.000194337821945918,"MED LOW"
24,5,178.897201244751,29,6,6.50020873182142,"M",0,0.25,0.962261255352649,"MED LOW"
24,6,221.779145002324,33,10,10.5006248491629,"M",0,0.25,0.999496037426089,"MED LOW"
24,7,163.482308901613,28,5,5.49929685164937,"M",0,0.25,0.842040311882962,"MED LOW"
24,8,200.39121007402,36,13,13.4986952983908,"M",0,0.25,0.995596474479859,"MED LOW"
24,9,96.0141661335424,24,1,1.49798082895902,"M",0,0.25,0.0056148318309252,"MED LOW"
24,10,198.965220452513,33,10,10.5001382396149,"M",0,0.25,0.99491393827783,"MED LOW"
25,1,155.031140098756,28,4,4.50081607708396,"M",0,0.25,0.693263430266737,"MED LOW"
25,2,141.73301990442,27,3,3.4986396258518,"M",0,0.25,0.369405279041499,"MED LOW"
25,3,197.3958550132,33,9,9.49964251055504,"M",0,0.25,0.994040616495871,"MED LOW"
25,4,61.8807813639904,24,0,0.500573264826903,"M",0,0.25,0.000176439381715904,"MED LOW"
25,5,103.810406551639,25,1,1.49962481849214,"M",0,0.25,0.0123077483331158,"MED LOW"
25,6,155.621408567105,29,5,5.50009863348955,"M",0,0.25,0.705858140860352,"MED LOW"
25,7,126.482297573766,26,2,2.50035943983967,"M",0,0.25,0.110739351456568,"MED LOW"
25,8,221.96372661258,32,8,8.50069935444206,"M",0,0.25,0.999505389613766,"MED LOW"
25,9,60.0041028852958,24,0,0.500039665364285,"M",0,0.25,0.000145833323865831,"MED LOW"
25,10,205.131966850385,31,7,7.50151282376667,"M",0,0.25,0.997274235535211,"MED LOW"
25,11,150.943455588687,27,3,3.50112149305457,"M",0,0.25,0.598780980004303,"MED LOW"
25,12,196.709954849753,37,13,13.4998070254737,"M",0,0.25,0.993613551051378,"MED LOW"
26,1,61.8632869521111,25,0,0.499672029284679,"M",0,0.25,0.000176126314719296,"MED LOW"
26,2,97.6083436123203,26,1,1.50113119784427,"M",0,0.25,0.00659483158960393,"MED LOW"
26,3,167.633916367349,29,4,4.49961748966967,"M",0,0.25,0.890417289709931,"MED LOW"
26,4,128.867030051156,27,2,2.50093588189495,"M",0,0.25,0.136923191074185,"MED LOW"
26,5,63.5343318100443,25,0,0.497520708846077,"M",0,0.25,0.000208686688144976,"MED LOW"
26,6,94.2750427884804,26,1,1.49854600278755,"M",0,0.25,0.00471026218324435,"MED LOW"
26,7,199.995201457473,31,6,6.50121143563011,"M",0,0.25,0.995416639216934,"MED LOW"
26,8,129.535416953246,28,3,3.50057420667755,"M",0,0.25,0.145142265753805,"MED LOW"
26,9,182.77993218334,32,7,7.50067155907968,"M",0,0.25,0.974239669774418,"MED LOW"
26,10,168.055657163307,30,5,5.50051808971175,"M",0,0.25,0.894526137995957,"MED LOW"
26,11,94.5331942198519,26,1,1.50016472446584,"M",0,0.25,0.00483474901140877,"MED LOW"
26,12,169.44127565914,30,5,5.49909725682545,"M",0,0.25,0.907082052772225,"MED LOW"
26,13,61.661421917797,25,0,0.49875501640153,"M",0,0.25,0.000172553817085208,"MED LOW"
26,14,124.136603415206,27,2,2.50006174150659,"M",0,0.25,0.0893680935669962,"MED LOW"
27,1,97.6863849325102,27,1,1.50038969166764,"M",0,0.25,0.00664694605165859,"MED LOW"
27,2,106.718507931598,28,2,2.49838618822689,"M",0,0.25,0.0164656575763934,"MED LOW"
27,3,193.549262125867,35,9,9.50098410749477,"M",0,0.25,0.991218234919935,"MED LOW"
27,4,199.929726618456,32,6,6.4986339170335,"M",0,0.25,0.995386209422509,"MED LOW"
27,5,102.36528802299,27,1,1.50100683544804,"M",0,0.25,0.0106459946846517,"MED LOW"
27,6,183.54561374509,34,8,8.50015887895302,"M",0,0.25,0.976120439372897,"MED LOW"
27,7,62.5019653466415,26,0,0.499407600364452,"M",0,0.25,0.000187923726777467,"MED LOW"
27,8,155.350924805794,30,4,4.49935146758002,"M",0,0.25,0.700124179011899,"MED LOW"
27,9,187.079618139372,31,5,5.50065593889173,"M",0,0.25,0.983199096304405,"MED LOW"
27,10,93.3192319411289,27,1,1.50303795739275,"M",0,0.25,0.00427649414455205,"MED LOW"
27,11,99.8964815471335,27,1,1.49895585185939,"M",0,0.25,0.00830521075185542,"MED LOW"
27,12,62.5438353381907,26,0,0.501683507416732,"M",0,0.25,0.000188724170006517,"MED LOW"
28,1,181.385610334587,33,6,6.50040086989673,"M",0,0.25,0.970437857804966,"MED LOW"
28,2,200.125247145107,32,5,5.50110998455394,"M",0,0.25,0.995476487478898,"MED LOW"
28,3,99.6435573709773,28,1,1.49872021372432,"M",0,0.25,0.00809635297892854,"MED LOW"
28,4,129.242296006389,29,2,2.50198297134499,"M",0,0.25,0.141488464677432,"MED LOW"
28,5,64.0854429317875,27,0,0.501713035801324,"M",0,0.25,0.000220694113391189,"MED LOW"
28,6,153.651078727742,30,3,3.49986200896394,"M",0,0.25,0.662688865140751,"MED LOW"
28,7,125.577146055994,29,2,2.49997682098243,"M",0,0.25,0.102007688628627,"MED LOW"
28,8,123.397283605825,29,2,2.50109940908766,"M",0,0.25,0.0834445722729767,"MED LOW"
28,9,121.960112868561,29,2,2.50084898028941,"M",0,0.25,0.0729414743192307,"MED LOW"
28,10,103.57248340125,28,1,1.49969931491455,"M",0,0.25,0.0120175238369176,"MED LOW"
28,11,122.078152268942,29,2,2.49876551440745,"M",0,0.25,0.0737560595697761,"MED LOW"
28,12,121.584590076172,29,2,2.49863308518136,"M",0,0.25,0.0704048495742056,"MED LOW"
28,13,210.114766737616,35,8,8.50089472464689,"M",0,0.25,0.998354710685964,"MED LOW"
29,1,150.808644111882,31,3,3.49972108498519,"M",0,0.25,0.595488207337732,"MED LOW"
29,2,132.898991978,30,2,2.50032313458884,"M",0,0.25,0.192832559790625,"MED LOW"
29,3,223.613229337594,34,6,6.49922372638316,"M",0,0.25,0.999581628960488,"MED LOW"
29,4,63.0907017760645,28,0,0.498734784147827,"M",0,0.25,0.000199497240900981,"MED LOW"
29,5,157.193297895922,34,6,6.50066413491428,"M",0,0.25,0.737874388174226,"MED LOW"
29,6,160.644268684556,32,4,4.4991608919845,"M",0,0.25,0.799846466637374,"MED LOW"
29,7,104.270030071839,29,1,1.5001799365028,"M",0,0.25,0.0128881447547703,"MED LOW"
29,8,146.904319501423,31,3,3.50068747834962,"M",0,0.25,0.497571351948894,"MED LOW"
29,9,119.871102056735,30,2,2.49952079463748,"M",0,0.25,0.0598351733207245,"MED LOW"
29,10,180.161934470753,33,5,5.50123915201558,"M",0,0.25,0.966657458117282,"MED LOW"
29,11,155.502836367025,31,3,3.50013318274435,"M",0,0.25,0.703352411895561,"MED LOW"
29,12,135.055240572545,30,2,2.50026973331294,"M",0,0.25,0.229209560551098,"MED LOW"
29,13,62.2636085473848,28,0,0.501691419464604,"M",0,0.25,0.000183431212314494,"MED LOW"
29,14,63.9162787696901,28,0,0.500664608296727,"M",0,0.25,0.000216936733190498,"MED LOW"
30,1,62.1658519212669,29,0,0.500062369365167,"M",0,0.25,0.000181619907200439,"MED LOW"
30,2,220.246580516448,35,6,6.49845534086879,"M",0,0.25,0.999411237969564,"MED LOW"
30,3,165.779964105229,32,3,3.50183075945167,"M",0,0.25,0.870656337476224,"MED LOW"
30,4,216.617855855031,40,11,11.5019445964608,"FISHED",1.13410675582364,0.25,0.99914918655588,"MED LOW"
30,5,62.20889911835,29,0,0.502354321318377,"M",0,0.25,0.000182415302622593,"MED LOW"
30,6,183.539887042886,35,6,6.501522828164,"M",0,0.25,0.976106882512231,"MED LOW"
30,7,119.702623915679,31,2,2.50023128699096,"M",0,0.25,0.0588800918631483,"MED LOW"
30,8,161.007260604589,34,5,5.49958893817643,"M",0,0.25,0.805681585960142,"MED LOW"
30,9,147.772287466379,32,3,3.49972989162755,"M",0,0.25,0.519593007963839,"MED LOW"
30,10,62.7281566489064,29,0,0.499612034470673,"M",0,0.25,0.000192288634344576,"MED LOW"
30,11,63.5090412001062,29,0,0.500194914205581,"M",0,0.25,0.000208151617990239,"MED LOW"
30,12,151.144474231091,32,3,3.49938548478601,"M",0,0.25,0.603674266640596,"MED LOW"
31,1,273.877005311038,40,10,10.4999771487747,"M",1.13410675582364,0.25,0.999997456899828,"MED LOW"
31,2,60.3189441804333,30,0,0.499928967969308,"M",0,0.25,0.00015056971517536,"MED LOW"
31,3,64.3887672764497,30,0,0.498179862577692,"M",0,0.25,0.000227595056107701,"MED LOW"
31,4,91.9993109582498,31,1,1.50274678347303,"M",0,0.25,0.00374213141319558,"MED LOW"
31,5,63.7315480535622,30,0,0.500015951447495,"M",0,0.25,0.000212906614691005,"MED LOW"
31,6,156.174628375893,34,4,4.49975170107187,"M",0,0.25,0.717383932159041,"MED LOW"
31,7,165.618761555897,34,4,4.49951843853957,"M",0,0.25,0.86880194625546,"MED LOW"
31,8,65.5687180995841,30,0,0.500440187702402,"M",0,0.25,0.000256554784634215,"MED LOW"
31,9,155.182528730314,34,4,4.50154696225669,"M",0,0.25,0.696522284492692,"MED LOW"
31,10,208.90235539753,37,7,7.49981688640546,"M",0,0.25,0.998139584691396,"MED LOW"
31,11,201.321244932055,38,8,8.50090711158904,"M",0,0.25,0.995991674022818,"MED LOW"
31,12,63.5359075701254,30,0,0.501083382745967,"M",0,0.25,0.000208720071769584,"MED LOW"
32,1,125.117573903529,33,2,2.49992990257853,"M",0,0.25,0.0978120780285752,"MED LOW"
32,2,159.467666679313,35,4,4.50110859906346,"M",0,0.25,0.780035258358334,"MED LOW"
32,3,96.3834355917664,32,1,1.49984161193606,"M",0,0.25,0.00582809363850418,"MED LOW"
32,4,218.707293665413,38,7,7.50025974083738,"M",0,0.25,0.99931171021873,"MED LOW"
32,5,174.888216062193,36,5,5.49836165079514,"M",0,0.25,0.944357468847811,"MED LOW"
32,6,61.0295441668602,31,0,0.498641478103749,"M",0,0.25,0.000161832822524958,"MED LOW"
32,7,231.645819516295,38,7,7.50077126097529,"M",0,0.25,0.999814874491021,"MED LOW"
32,8,92.9844012444925,32,1,1.49926706947674,"M",0,0.25,0.00413414420306927,"MED LOW"
32,9,61.7158908602522,31,0,0.497236259807122,"M",0,0.25,0.00017351057963934,"MED LOW"
32,10,187.821767042552,37,6,6.50157145448269,"M",0,0.25,0.984399534716083,"MED LOW"
32,11,128.780000549424,33,2,2.50035358074954,"M",0,0.25,0.135882304035405,"MED LOW"
32,12,178.370869111043,38,7,7.49906282867672,"M",0,0.25,0.960271946988794,"MED LOW"
33,1,189.911074815823,40,8,8.50005627204708,"FISHED",1.13410675582364,0.25,0.987343705037645,"MED LOW"
33,2,63.0297707086577,32,0,0.50043902547661,"M",0,0.25,0.000198267109677787,"MED LOW"
33,3,186.642176730093,40,8,8.4996959035535,"M",1.13410675582364,0.25,0.982449465386927,"MED LOW"
33,4,61.5969634335827,32,0,0.500240108909794,"M",0,0.25,0.000171428397700709,"MED LOW"
33,5,63.6751828202887,32,0,0.499479652852177,"M",0,0.25,0.000211691909300087,"MED LOW"
33,6,185.865307111738,38,6,6.50017500835524,"M",0,0.25,0.981036378867917,"MED LOW"
33,7,193.501180261422,39,7,7.49958447932678,"M",0,0.25,0.991175637939995,"MED LOW"
33,8,193.499233888964,37,5,5.500884803066,"M",0,0.25,0.991173909291849,"MED LOW"
33,9,128.714988689101,34,2,2.49985662145885,"M",0,0.25,0.135109109421132,"MED LOW"
33,10,157.104615602481,36,4,4.49917434234294,"M",0,0.25,0.736129122203854,"MED LOW"
33,11,163.79790090655,35,3,3.49978699385198,"M",0,0.25,0.846255713976148,"MED LOW"
33,12,232.535766661814,40,8,8.5005683118452,"FISHED",1.13410675582364,0.25,0.999830865955078,"MED LOW"
34,1,106.804968900146,34,1,1.50196513246312,"M",0,0.25,0.0166084278720326,"MED LOW"
34,2,112.424296632725,35,2,2.49898255586337,"M",0,0.25,0.0290134414514775,"MED LOW"
34,3,192.088508135085,40,7,7.50016501492802,"FISHED",1.13410675582364,0.25,0.989828514841574,"MED LOW"
34,4,221.612601963763,41,8,8.49743253112127,"FISHED",1.16351636038014,0.25,0.999487447613237,"MED LOW"
34,5,123.300691535091,35,2,2.49992769689789,"M",0,0.25,0.082697558156921,"MED LOW"
34,6,176.26485122628,38,5,5.49916562084142,"M",0,0.25,0.951261974192893,"MED LOW"
34,7,137.568774346268,37,4,4.50293171392616,"M",0,0.25,0.277364028249628,"MED LOW"
34,8,63.6108499553297,33,0,0.50187107140238,"M",0,0.25,0.000210313961518915,"MED LOW"
34,9,95.4354778689642,34,1,1.49895524340058,"M",0,0.25,0.00529613066740659,"MED LOW"
34,10,92.6251759676944,34,1,1.49885792471335,"M",0,0.25,0.0039866665277014,"MED LOW"
34,11,62.1779452224623,33,0,0.499685948303005,"M",0,0.25,0.000181843007705222,"MED LOW"
34,12,128.650992894482,35,2,2.49931673617264,"M",0,0.25,0.134351628039598,"MED LOW"
35,1,97.6874907350468,35,1,1.49913471465869,"M",0,0.25,0.00664768741649603,"MED LOW"
35,2,61.2157921567501,34,0,0.499388468474996,"M",0,0.25,0.00016492172290359,"MED LOW"
35,3,143.451626341649,37,3,3.50009433994669,"M",0,0.25,0.410893041962342,"MED LOW"
35,4,63.0993672131158,34,0,0.500426515868853,"M",0,0.25,0.000199672805223709,"MED LOW"
35,5,128.567005703059,36,2,2.50115722111334,"M",0,0.25,0.133362967032241,"MED LOW"
35,6,121.352265966229,36,2,2.49932404049752,"M",0,0.25,0.0688765919518624,"MED LOW"
35,7,212.088272655857,40,6,6.49913374101772,"FISHED",1.13410675582364,0.25,0.998653053359304,"MED LOW"
35,8,102.224544676188,35,1,1.49986345336359,"M",0,0.25,0.0104965306641064,"MED LOW"
35,9,159.19435790729,40,6,6.49873009177805,"FISHED",1.13410675582364,0.25,0.775236980554072,"MED LOW"
35,10,146.555213751739,37,3,3.50042828194916,"M",0,0.25,0.488711866956842,"MED LOW"
35,11,154.810741409799,37,3,3.50158625406981,"M",0,0.25,0.688484380949136,"MED LOW"
35,12,121.886408780677,36,2,2.49982439098012,"M",0,0.25,0.07243705688603,"MED LOW"
35,13,215.194356702586,40,6,6.4992657181157,"FISHED",1.13410675582364,0.25,0.999017016977454,"MED LOW"
36,1,95.5282576493469,36,1,1.49984373926404,"M",0,0.25,0.00534598877568012,"MED LOW"
36,2,61.8877701134159,35,0,0.500362217289586,"M",0,0.25,0.000176564602656856,"MED LOW"
36,3,62.6900622729771,35,0,0.498592312736442,"M",0,0.25,0.000191546476590862,"MED LOW"
36,4,157.917559573803,40,5,5.49948141312766,"FISHED",1.13410675582364,0.25,0.751846708491959,"MED LOW"
36,5,164.663450593136,39,4,4.49935564978695,"M",0,0.25,0.857345107144552,"MED LOW"
36,6,181.81243405182,40,5,5.49911717812758,"M",1.13410675582364,0.25,0.971656076261662,"MED LOW"
36,7,103.089482513121,36,1,1.50043849765079,"M",0,0.25,0.0114489836910611,"MED LOW"
36,8,188.365910654634,41,6,6.49962341930572,"FISHED",1.16351636038014,0.25,0.985225667019664,"MED LOW"
36,9,168.009606198032,40,5,5.5007292505361,"FISHED",1.13410675582364,0.25,0.894084178713584,"MED LOW"
36,10,144.95283052952,38,3,3.49999106833765,"M",0,0.25,0.448222781617268,"MED LOW"
37,1,142.603084992118,39,3,3.49927006436736,"M",0,0.25,0.390210081053931,"MED LOW"
37,2,172.925720801876,40,4,4.49915744699636,"FISHED",1.13410675582364,0.25,0.932911650334126,"MED LOW"
37,3,166.354877251059,40,4,4.50170569406127,"FISHED",1.13410675582364,0.25,0.877088867544982,"MED LOW"
37,4,171.429445491478,40,4,4.49975574175223,"M",1.13410675582364,0.25,0.922754867188269,"MED LOW"
37,5,64.1082093444211,36,0,0.502188836552612,"M",0,0.25,0.000221204731100313,"MED LOW"
37,6,122.008412450448,38,2,2.49880535431125,"M",0,0.25,0.0732737811267438,"MED LOW"
37,7,60.2090866910345,36,0,0.501961841099695,"M",0,0.25,0.00014889982711735,"MED LOW"
37,8,64.7206606607856,36,0,0.500415648155238,"M",0,0.25,0.000235393387696678,"MED LOW"
37,9,170.919340148396,40,4,4.50059172593541,"FISHED",1.13410675582364,0.25,0.918981427905384,"MED LOW"
37,10,63.6038220793495,36,0,0.500902218795275,"M",0,0.25,0.00021016397558453,"MED LOW"
37,11,118.218686931689,38,2,2.5006293808322,"M",0,0.25,0.0510652809205965,"MED LOW"
37,12,102.631763791067,37,1,1.49993810500459,"M",0,0.25,0.0109347711702876,"MED LOW"
38,1,151.532896738329,40,3,3.50063685989027,"FISHED",1.13410675582364,0.25,0.613070110057828,"MED LOW"
38,2,150.611099956852,40,3,3.49814420205298,"FISHED",1.13410675582364,0.25,0.590647697836274,"MED LOW"
38,3,137.189110756439,39,2,2.49903042473008,"M",0,0.25,0.269704383898138,"MED LOW"
38,4,165.233036720858,41,4,4.50076311050919,"FISHED",1.16351636038014,0.25,0.864273048267221,"MED LOW"
38,5,177.755189203227,41,4,4.50020982942217,"FISHED",1.16351636038014,0.25,0.957817326191826,"MED LOW"
38,6,62.4130454329176,37,0,0.499074493359686,"M",0,0.25,0.000186235054644583,"MED LOW"
38,7,97.4331152745058,38,1,1.49979821235166,"M",0,0.25,0.0064792917074201,"MED LOW"
38,8,182.896061137484,42,5,5.500121228117,"FISHED",1.07431489710547,0.25,0.974533932756843,"MED LOW"
38,9,103.47970019139,38,1,1.49982089992009,"M",0,0.25,0.0119061859187563,"MED LOW"
38,10,154.355163113347,41,4,4.49898854345511,"FISHED",1.16351636038014,0.25,0.678478244785669,"MED LOW"
38,11,100.984276624663,38,1,1.50211830680947,"M",0,0.25,0.00926607756000212,"MED LOW"
39,1,151.546889351131,41,3,3.50092346148021,"M",1.16351636038014,0.25,0.613407068209856,"MED LOW"
39,2,145.051175755223,41,3,3.49939703275041,"M",1.16351636038014,0.25,0.450693575485891,"MED LOW"
39,3,145.065803952309,41,3,3.50004910353466,"FISHED",1.16351636038014,0.25,0.45106130046727,"MED LOW"
39,4,156.148881037835,41,3,3.49965068789546,"FISHED",1.16351636038014,0.25,0.716853619474423,"MED LOW"
39,5,164.16590457394,42,4,4.5005900886025,"M",1.07431489710547,0.25,0.851054426538474,"MED LOW"
39,6,121.867956494157,40,2,2.49860696234023,"M",1.13410675582364,0.25,0.0723112770392991,"MED LOW"
39,7,62.2831727150518,38,0,0.500222038402922,"M",0,0.25,0.000183795874521449,"MED LOW"
39,8,133.87073358803,40,2,2.49864076328137,"M",1.13410675582364,0.25,0.208656025573782,"MED LOW"
39,9,100.211054872173,39,1,1.4998148226146,"M",0,0.25,0.00857244499254562,"MED LOW"
39,10,115.364343348591,40,2,2.49952081696721,"M",1.13410675582364,0.25,0.0387150126946494,"MED LOW"
39,11,127.093934851947,40,2,2.50078208988986,"M",1.13410675582364,0.25,0.11700424851671,"MED LOW"
39,12,120.984300666571,40,2,2.50089423761718,"M",1.13410675582364,0.25,0.066518823284496,"MED LOW"
39,13,169.833476422405,43,5,5.50161642219722,"FISHED",1.11190561320732,0.25,0.910384371996775,"MED LOW"
39,14,63.5015541795119,38,0,0.500200628247051,"M",0,0.25,0.000207993479357341,"MED LOW"
39,15,95.4245532403097,39,1,1.50138516720546,"M",0,0.25,0.00529029049787061,"MED LOW"
40,1,174.717985054423,43,4,4.50025541051507,"FISHED",1.11190561320732,0.25,0.943442252012521,"MED LOW"
40,2,125.431131304012,41,2,2.49906019033053,"M",1.16351636038014,0.25,0.100657656933784,"MED LOW"
40,3,94.074965178317,40,1,1.5010294474123,"M",1.13410675582364,0.25,0.00461597882146685,"MED LOW"
40,4,159.28619293605,43,4,4.50065888076492,"M",1.11190561320732,0.25,0.77685750651844,"MED LOW"
40,5,62.6459497741148,39,0,0.501107030027034,"M",0,0.25,0.000190690650823128,"MED LOW"
40,6,93.049577988707,40,1,1.49960404101463,"M",1.13410675582364,0.25,0.00416147860278502,"MED LOW"
40,7,96.0356833930952,40,1,1.50065557598032,"M",1.13410675582364,0.25,0.00562704285436155,"MED LOW"
40,8,141.233595997281,41,2,2.4994801306682,"M",1.16351636038014,0.25,0.357673377772365,"MED LOW"
40,9,144.961459131071,42,3,3.49965554339902,"FISHED",1.07431489710547,0.25,0.448439463369985,"MED LOW"
40,10,98.0920202650961,40,1,1.49876620883495,"M",1.13410675582364,0.25,0.00692448164972913,"MED LOW"
40,11,150.263763645356,42,3,3.5016264408569,"M",1.07431489710547,0.25,0.582094551279507,"MED LOW"
40,12,143.762770204002,42,3,3.49913453858997,"M",1.07431489710547,0.25,0.418560947951518,"MED LOW"
41,1,165.121206986014,44,4,4.49941779505059,"FISHED",1.20489719207002,0.25,0.862935608483578,"MED LOW"
41,2,161.663645288868,44,4,4.50155945372864,"FISHED",1.20489719207002,0.25,0.815903315772298,"MED LOW"
41,3,128.09543483005,42,2,2.5004910103017,"M",1.07431489710547,0.25,0.127925647802678,"MED LOW"
41,4,65.3745272137541,40,0,0.499572345299467,"M",1.13410675582364,0.25,0.000251547181780932,"MED LOW"
41,5,99.1302931860541,41,1,1.49922550379811,"M",1.16351636038014,0.25,0.00768839447712269,"MED LOW"
41,6,62.3097723984223,40,0,0.499311284016835,"M",1.13410675582364,0.25,0.000184292836690572,"MED LOW"
41,7,125.421435786713,42,2,2.49834418347227,"M",1.07431489710547,0.25,0.100568577658589,"MED LOW"
41,8,163.803316489904,44,4,4.50060765590363,"FISHED",1.20489719207002,0.25,0.846327240598047,"MED LOW"
41,9,106.985236840471,41,1,1.50159226855109,"M",1.16351636038014,0.25,0.0169100237246183,"MED LOW"
41,10,120.32322241531,42,2,2.50051086030141,"M",1.07431489710547,0.25,0.0624703299985229,"MED LOW"
41,11,62.2690344534639,40,0,0.499028357411791,"M",1.13410675582364,0.25,0.000183532274802914,"MED LOW"
42,1,65.0458279065703,41,0,0.49925705489142,"M",1.16351636038014,0.25,0.000243292690819151,"MED LOW"
42,2,157.210902948956,45,4,4.50043664267242,"FISHED",1.19517741562781,0.25,0.738219968535794,"MED LOW"
42,3,121.095889934988,43,2,2.50176249554413,"M",1.11190561320732,0.25,0.0672258090250082,"MED LOW"
42,4,98.0024277585598,42,1,1.4998722287518,"M",1.07431489710547,0.25,0.0068622087293431,"MED LOW"
42,5,97.5946588097579,42,1,1.49907137923695,"M",1.07431489710547,0.25,0.00658573506460029,"MED LOW"
42,6,130.57352604533,43,2,2.4997582334308,"FISHED",1.11190561320732,0.25,0.158715183106003,"MED LOW"
42,7,176.471377122315,45,4,4.4998793574969,"M",1.19517741562781,0.25,0.952225007202883,"MED LOW"
42,8,140.099024092574,44,3,3.4997747410065,"FISHED",1.20489719207002,0.25,0.331663143128071,"MED LOW"
42,9,118.132039330171,43,2,2.49974476180974,"M",1.11190561320732,0.25,0.0506406530442703,"MED LOW"
42,10,140.166561427132,44,3,3.50102693744873,"M",1.20489719207002,0.25,0.333184885044961,"MED LOW"
42,11,61.2770963754819,41,0,0.500783096891041,"M",1.16351636038014,0.25,0.000165951286106739,"MED LOW"
43,1,139.077101323106,45,3,3.50007521495534,"FISHED",1.19517741562781,0.25,0.30907853756153,"MED LOW"
43,2,168.124980781709,46,4,4.50070556709595,"FISHED",1.20858998835938,0.25,0.89518838126714,"MED LOW"
43,3,140.066449269249,45,3,3.50236505163419,"FISHED",1.19517741562781,0.25,0.330930424676027,"MED LOW"
43,4,163.304245183291,45,3,3.49925615076528,"FISHED",1.19517741562781,0.25,0.839620725194629,"MED LOW"
43,5,145.793578924857,45,3,3.50048964294735,"FISHED",1.19517741562781,0.25,0.46941553087709,"MED LOW"
43,6,156.468269544952,45,3,3.50094562947475,"FISHED",1.19517741562781,0.25,0.723389200432859,"MED LOW"
43,7,127.97634108045,45,3,3.50092023545638,"M",1.19517741562781,0.25,0.126582728676501,"MED LOW"
43,8,125.071203588201,44,2,2.50008069685534,"M",1.20489719207002,0.25,0.0973973993283984,"MED LOW"
43,9,153.450413519751,45,3,3.49869842842874,"M",1.19517741562781,0.25,0.658119626579903,"MED LOW"
43,10,164.401609987254,46,4,4.50073653653697,"FISHED",1.20858998835938,0.25,0.854062615301212,"MED LOW"
43,11,123.578331063538,44,2,2.50080320489924,"M",1.20489719207002,0.25,0.0848612783925988,"MED LOW"
43,12,136.893896740483,44,2,2.49966096941598,"M",1.20489719207002,0.25,0.263841539333564,"MED LOW"
44,1,153.551000585173,46,3,3.50015483577451,"FISHED",1.20858998835938,0.25,0.660413773286357,"MED LOW"
44,2,154.802480642921,47,4,4.49974809547507,"FISHED",1.16405494299665,0.25,0.688304465903804,"MED LOW"
44,3,126.630426734584,45,2,2.50226343291117,"FISHED",1.19517741562781,0.25,0.112229117129005,"MED LOW"
44,4,161.03640127315,47,4,4.50053653665024,"FISHED",1.16405494299665,0.25,0.806144380834628,"MED LOW"
44,5,66.1049856981116,43,0,0.498593633707869,"M",1.11190561320732,0.25,0.000270907218674292,"MED LOW"
44,6,167.928582342775,48,5,5.50102308638535,"M",1.16720859808553,0.25,0.893302614791161,"MED LOW"
44,7,62.0439703713851,43,0,0.499712466025948,"M",1.11190561320732,0.25,0.000179386624739964,"MED LOW"
44,8,63.7351330351093,43,0,0.500218702227353,"M",1.11190561320732,0.25,0.000212984108529647,"MED LOW"
44,9,147.774330494763,48,5,5.49793346015218,"M",1.16720859808553,0.25,0.519644786505232,"MED LOW"
45,1,162.65143960196,48,4,4.50022813661536,"FISHED",1.16720859808553,0.25,0.830493368084927,"MED LOW"
45,2,98.9615642960723,45,1,1.49881870269414,"M",1.19517741562781,0.25,0.00755879008418648,"MED LOW"
45,3,126.16067342106,46,2,2.49958222421228,"FISHED",1.20858998835938,0.25,0.107564229169523,"MED LOW"
45,4,172.15126669772,48,4,4.50008625304246,"M",1.16720859808553,0.25,0.927819543475865,"MED LOW"
45,5,157.731980569504,48,4,4.4979686225351,"FISHED",1.16720859808553,0.25,0.748314587067399,"MED LOW"
45,6,192.684249465347,48,4,4.49916094110541,"FISHED",1.16720859808553,0.25,0.990419800828748,"MED LOW"
45,7,98.4150574966557,45,1,1.50137142024775,"M",1.19517741562781,0.25,0.00715370985183047,"MED LOW"
45,8,146.194224140733,47,3,3.50003608822352,"M",1.16405494299665,0.25,0.479558315617962,"MED LOW"
45,9,103.577324406847,45,1,1.49886736370189,"M",1.19517741562781,0.25,0.0120233610903535,"MED LOW"
46,1,169.411623795066,49,4,4.50107861852777,"FISHED",1.09296843546881,0.25,0.906827993529788,"MED LOW"
46,2,150.372506818271,48,3,3.49934325667629,"FISHED",1.16720859808553,0.25,0.584777919388176,"MED LOW"
46,3,125.594384397087,47,2,2.49934739993714,"M",1.16405494299665,0.25,0.102168126936748,"MED LOW"
46,4,175.409216514775,49,4,4.50078385457982,"FISHED",1.09296843546881,0.25,0.947072636916177,"MED LOW"
46,5,60.9397572858746,45,0,0.501275142510942,"M",1.19517741562781,0.25,0.000160364449717406,"MED LOW"
46,6,143.144902773802,48,3,3.50095348049307,"M",1.16720859808553,0.25,0.403376187404698,"MED LOW"
46,7,147.128356157621,48,3,3.50009219425751,"FISHED",1.16720859808553,0.25,0.503258030385403,"MED LOW"
46,8,175.488496722989,50,5,5.50054074363592,"FISHED",1.32258064516129,0.25,0.947474678019249,"MED LOW"
46,9,100.121407055219,46,1,1.50014775931502,"M",1.20858998835938,0.25,0.00849543116701342,"MED LOW"
47,1,62.5489582960967,46,0,0.499315508114624,"M",1.20858998835938,0.25,0.000188822341141698,"MED LOW"
47,2,148.431803533822,49,3,3.49810507586852,"FISHED",1.09296843546881,0.25,0.536279733295147,"MED LOW"
47,3,97.223232301228,47,1,1.5006401801107,"M",1.16405494299665,0.25,0.00634354591196429,"MED LOW"
47,4,99.8386911622628,47,1,1.49915909276101,"M",1.16405494299665,0.25,0.00825702302617216,"MED LOW"
47,5,126.80836259593,48,2,2.50063460299665,"M",1.16720859808553,0.25,0.114041774741526,"MED LOW"
47,6,95.2769301426054,47,1,1.49945972432039,"M",1.16405494299665,0.25,0.00521199833654471,"MED LOW"
47,7,149.75100797028,49,3,3.49870250731602,"M",1.09296843546881,0.25,0.56937861810027,"MED LOW"
47,8,137.135920680618,49,3,3.50146953023058,"FISHED",1.09296843546881,0.25,0.268642001143999,"MED LOW"
47,9,163.041573330908,50,4,4.50096723402317,"M",1.32258064516129,0.25,0.835996834433794,"MED LOW"
47,10,106.373833160257,47,1,1.50117388598078,"M",1.16405494299665,0.25,0.01590840560817,"MED LOW"
48,1,62.2031562292866,47,0,0.499358091632201,"M",1.16405494299665,0.25,0.000182308988621632,"MED LOW"
48,2,124.525790111668,49,2,2.49767564047734,"M",1.09296843546881,0.25,0.0926364934614454,"MED LOW"
48,3,158.458737019681,51,4,4.49999729113995,"FISHED",1.32258064516129,0.25,0.761955917393521,"MED LOW"
48,4,120.635239594259,49,2,2.49915591973827,"M",1.09296843546881,0.25,0.0643516681656146,"MED LOW"
48,5,156.854480899794,50,3,3.50125189423949,"M",1.32258064516129,0.25,0.731166482390564,"MED LOW"
48,6,62.6810525937388,47,0,0.501561538318598,"M",1.16405494299665,0.25,0.00019137136845982,"MED LOW"
48,7,125.377389716397,49,2,2.50088052435486,"M",1.09296843546881,0.25,0.100164777688702,"MED LOW"
49,1,122.947635271842,50,2,2.49928432156953,"FISHED",1.32258064516129,0.25,0.0800186399870223,"MED LOW"
49,2,155.694211660009,51,3,3.4980089622931,"FISHED",1.32258064516129,0.25,0.707390520324843,"MED LOW"
49,3,123.06690715728,50,2,2.49984474779831,"M",1.32258064516129,0.25,0.0809146687342864,"MED LOW"
49,4,148.629868699992,51,3,3.50033955729754,"FISHED",1.32258064516129,0.25,0.541276956636197,"MED LOW"
49,5,149.921420932614,51,3,3.50150012639027,"FISHED",1.32258064516129,0.25,0.573615751005317,"MED LOW"
49,6,145.934167777496,51,3,3.49983745495197,"M",1.32258064516129,0.25,0.472972251065867,"MED LOW"
49,7,151.755541834382,51,3,3.50005014281142,"FISHED",1.32258064516129,0.25,0.618418622593769,"MED LOW"
49,8,59.2691621092511,48,0,0.499059304654245,"M",1.16720859808553,0.25,0.000135348719204185,"MED LOW"
49,9,154.013279351522,52,4,4.49947610553302,"M",1.32258064516129,0.25,0.670859482223095,"MED LOW"
49,10,95.6957234194842,49,1,1.50067068071777,"M",1.09296843546881,0.25,0.00543716640771554,"MED LOW"
49,11,131.587474610632,50,2,2.50029099455685,"M",1.32258064516129,0.25,0.172948892087339,"MED LOW"
50,1,62.0337922983455,49,0,0.500335990074837,"M",1.09296843546881,0.25,0.000179201374846272,"MED LOW"
50,2,138.787776129627,52,3,3.50056734816198,"FISHED",1.32258064516129,0.25,0.302840781876942,"MED LOW"
50,3,124.004711236055,51,2,2.49947815520557,"FISHED",1.32258064516129,0.25,0.0882842642262246,"MED LOW"
50,4,61.4284900022318,49,0,0.500532533104912,"M",1.09296843546881,0.25,0.000168521455247088,"MED LOW"
50,5,165.938081619228,56,7,7.50078948348623,"FISHED",1.32258064516129,0.25,0.872453513268054,"MED LOW"
50,6,166.262400777037,53,4,4.49947559100847,"FISHED",1.32258064516129,0.25,0.876073068404619,"MED LOW"
50,7,61.5608444629343,49,0,0.499255575867667,"M",1.09296843546881,0.25,0.000170800986282297,"MED LOW"
50,8,158.430719338077,53,4,4.50042493161742,"FISHED",1.32258064516129,0.25,0.76143956350697,"MED LOW"
50,9,62.4814677812197,49,0,0.500444465275531,"M",1.09296843546881,0.25,0.000187533106157679,"MED LOW"
50,10,93.3096582153349,50,1,1.50176976819127,"M",1.32258064516129,0.25,0.00427235697870069,"MED LOW"
50,11,158.28360339685,52,3,3.50067292313828,"M",1.32258064516129,0.25,0.758715674888465,"MED LOW"
51,1,133.638392289874,52,2,2.49924899358211,"FISHED",1.32258064516129,0.25,0.204787614933836,"MED LOW"
51,2,61.1660184986055,50,0,0.499933030587555,"M",1.32258064516129,0.25,0.000164090507096661,"MED LOW"
51,3,135.717823503978,52,2,2.5006719489146,"M",1.32258064516129,0.25,0.241310848120611,"MED LOW"
51,4,63.2592090222668,50,0,0.500621327563991,"M",1.32258064516129,0.25,0.000202939094135504,"MED LOW"
51,5,103.760158171948,51,1,1.4992224005241,"M",1.32258064516129,0.25,0.0122458830934996,"MED LOW"
51,6,154.218109176918,54,4,4.50113357712373,"FISHED",1.32258064516129,0.25,0.675435151300506,"MED LOW"
51,7,126.857104896576,52,2,2.50145704822685,"M",1.32258064516129,0.25,0.114542751106755,"MED LOW"
51,8,111.458638056006,51,1,1.50186757386437,"M",1.32258064516129,0.25,0.0263752724817865,"MED LOW"
51,9,130.056810038207,52,2,2.50009284890382,"M",1.32258064516129,0.25,0.151834795194343,"MED LOW"
52,1,63.5404959327721,51,0,0.500339433755447,"M",1.32258064516129,0.25,0.000208817309984951,"MED LOW"
52,2,62.900777941064,51,0,0.500627621980924,"M",1.32258064516129,0.25,0.000195687851944343,"MED LOW"
52,3,145.006409968383,54,3,3.49931546378484,"FISHED",1.32258064516129,0.25,0.449568585221955,"MED LOW"
52,4,143.892618802785,54,3,3.50141080858586,"FISHED",1.32258064516129,0.25,0.421772869859383,"MED LOW"
52,5,137.039072980976,53,2,2.50063512352512,"M",1.32258064516129,0.25,0.266714443310166,"MED LOW"
52,6,63.7290325921201,51,0,0.498915408280641,"M",1.32258064516129,0.25,0.000212852256690806,"MED LOW"
52,7,101.081275043222,52,1,1.50193625093068,"M",1.32258064516129,0.25,0.00935692708850873,"MED LOW"
52,8,144.683124544498,54,3,3.50054438913079,"M",1.32258064516129,0.25,0.441460232948667,"MED LOW"
52,9,158.163785067645,55,4,4.50088511126424,"FISHED",1.32258064516129,0.25,0.756481590045291,"MED LOW"
53,1,132.333806256178,54,2,2.50037990317036,"M",1.32258064516129,0.25,0.184057821732071,"MED LOW"
53,2,153.242197593457,56,4,4.4991503621638,"FISHED",1.32258064516129,0.25,0.653347241707344,"MED LOW"
53,3,100.577088819509,53,1,1.50066532573385,"M",1.32258064516129,0.25,0.0088941410911779,"MED LOW"
53,4,130.18052254135,54,2,2.49892736234637,"M",1.32258064516129,0.25,0.153459474391673,"MED LOW"
53,5,62.173351728511,52,0,0.499678218160897,"M",1.32258064516129,0.25,0.000181758233427045,"MED LOW"
53,6,61.1161473473796,52,0,0.499768903729813,"M",1.32258064516129,0.25,0.000163261864160253,"MED LOW"
53,7,155.007462981486,56,4,4.49847911799231,"FISHED",1.32258064516129,0.25,0.692751985373525,"MED LOW"
53,8,127.538385278687,54,2,2.49974885389429,"FISHED",1.32258064516129,0.25,0.121747593660578,"MED LOW"
53,9,97.1815586782586,53,1,1.50000825577214,"M",1.32258064516129,0.25,0.00631693085977397,"MED LOW"
53,10,153.692340479433,55,3,3.50232358113103,"M",1.32258064516129,0.25,0.663624693144986,"MED LOW"
53,11,63.0555267340425,52,0,0.499761000893154,"M",1.32258064516129,0.25,0.000198786167474895,"MED LOW"
54,1,96.9987579060044,54,1,1.49987913434277,"M",1.32258064516129,0.25,0.00620148908637686,"MED LOW"
54,2,159.902589948557,57,4,4.50142717366451,"FISHED",1.32258064516129,0.25,0.787518284263576,"MED LOW"
54,3,143.977878090295,56,3,3.50046601262434,"M",1.32258064516129,0.25,0.423885458041155,"MED LOW"
54,4,96.0582747531248,54,1,1.4994239653274,"M",1.32258064516129,0.25,0.00563989184552788,"MED LOW"
54,5,61.8676853979895,53,0,0.500173470248994,"M",1.32258064516129,0.25,0.000176204973735002,"MED LOW"
54,6,125.040544164422,55,2,2.49866310601217,"M",1.32258064516129,0.25,0.0971240813551033,"MED LOW"
54,7,177.688457405063,59,6,6.50045106349755,"FISHED",1.32258064516129,0.25,0.957542725420782,"MED LOW"
54,8,132.513036185937,55,2,2.50053270216373,"FISHED",1.32258064516129,0.25,0.186806480590192,"MED LOW"
54,9,158.415891303273,56,3,3.50028703771318,"FISHED",1.32258064516129,0.25,0.761165978112822,"MED LOW"
55,1,92.4014678367838,55,1,1.49975574646921,"M",1.32258064516129,0.25,0.003897484485647,"MED LOW"
55,2,130.907656893475,56,2,2.49978182351272,"FISHED",1.32258064516129,0.25,0.163297637709527,"MED LOW"
55,3,149.8283453685,58,4,4.49936650098966,"M",1.32258064516129,0.25,0.571302826482961,"MED LOW"
55,4,62.956211941029,54,0,0.500160835338418,"M",1.32258064516129,0.25,0.000196792138850418,"MED LOW"
55,5,132.670092240277,56,2,2.49941924451024,"M",1.32258064516129,0.25,0.189240983286454,"MED LOW"
55,6,65.0445122716098,54,0,0.500751406450723,"M",1.32258064516129,0.25,0.000243260201967415,"MED LOW"
55,7,162.06257986808,58,4,4.50007404228864,"FISHED",1.32258064516129,0.25,0.82190966366381,"MED LOW"
55,8,93.117777160822,55,1,1.49980733200727,"M",1.32258064516129,0.25,0.00419027327773693,"MED LOW"
56,1,162.536388182521,60,5,5.49929049477521,"FISHED",1.32258064516129,0.25,0.828842568516325,"MED LOW"
56,2,64.2336686175049,55,0,0.498844832720946,"M",1.32258064516129,0.25,0.000224039864022094,"MED LOW"
56,3,59.9492532102138,55,0,0.501612442361234,"M",1.32258064516129,0.25,0.000145023550159377,"MED LOW"
56,4,160.086805158279,59,4,4.49981434326903,"FISHED",1.32258064516129,0.25,0.790631221901346,"MED LOW"
56,5,63.3531073748903,55,0,0.499010632914101,"M",1.32258064516129,0.25,0.000204882713103679,"MED LOW"
56,6,64.1210477957115,55,0,0.497952457792114,"M",1.32258064516129,0.25,0.000221493199663785,"MED LOW"
56,7,64.9621228092077,55,0,0.500560502652705,"M",1.32258064516129,0.25,0.000241234258606044,"MED LOW"
56,8,131.937906633052,57,2,2.49954004736504,"M",1.32258064516129,0.25,0.178097566693531,"MED LOW"
57,1,121.529361354509,58,2,2.50045695821234,"M",1.32258064516129,0.25,0.0700387325681158,"MED LOW"
57,2,60.3183205230113,56,0,0.499539026572875,"M",1.32258064516129,0.25,0.000150560182624258,"MED LOW"
57,3,64.3748490488958,56,0,0.499591099280781,"M",1.32258064516129,0.25,0.000227273730175252,"MED LOW"
57,4,61.4610369515418,56,0,0.501448713243051,"M",1.32258064516129,0.25,0.000169079172896265,"MED LOW"
57,5,141.439185065595,59,3,3.49962769917318,"FISHED",1.32258064516129,0.25,0.36248313853805,"MED LOW"
57,6,94.2931261286431,57,1,1.5022052081618,"M",1.32258064516129,0.25,0.00471887753102883,"MED LOW"
57,7,125.273923868381,58,2,2.49946433440126,"M",1.32258064516129,0.25,0.0992219001965706,"MED LOW"
57,8,130.388221380029,59,3,3.49969449580625,"FISHED",1.32258064516129,0.25,0.156219094562702,"MED LOW"
58,1,62.6563085549508,57,0,0.499690341474484,"M",1.32258064516129,0.25,0.000190891277232302,"MED LOW"
58,2,120.659659848621,59,2,2.50026316245437,"M",1.32258064516129,0.25,0.0645011183110736,"MED LOW"
58,3,157.693758790308,61,4,4.50044217982718,"FISHED",1.32258064516129,0.25,0.747582983391274,"MED LOW"
58,4,122.663621334853,59,2,2.50117112728432,"M",1.32258064516129,0.25,0.0779213591086061,"MED LOW"
58,5,100.823265721155,58,1,1.49930917611388,"M",1.32258064516129,0.25,0.00911719870464528,"MED LOW"
58,6,145.489094331566,62,5,5.49950893747373,"M",1.32258064516129,0.25,0.461723573378976,"MED LOW"
58,7,138.889201680739,60,3,3.49991012553302,"FISHED",1.32258064516129,0.25,0.305019379804425,"MED LOW"
59,1,102.276830897609,59,1,1.5006174443629,"M",1.32258064516129,0.25,0.0105518126891612,"MED LOW"
59,2,156.201305979465,62,4,4.50002963546436,"FISHED",1.32258064516129,0.25,0.71793276989071,"MED LOW"
59,3,151.641973906765,61,3,3.49889242756246,"FISHED",1.32258064516129,0.25,0.615693923219179,"MED LOW"
59,4,101.294300620054,59,1,1.4995520314087,"M",1.32258064516129,0.25,0.00955955677068942,"MED LOW"
59,5,205.308320396581,64,6,6.49945097996599,"M",1.32258064516129,0.25,0.997322478094753,"MED LOW"
59,6,65.5334460768637,58,0,0.498228684392263,"M",1.32258064516129,0.25,0.000255637874904518,"MED LOW"
59,7,61.8165799351237,58,0,0.502071667858835,"M",1.32258064516129,0.25,0.000175293198787992,"MED LOW"
59,8,62.6887100277534,58,0,0.501961010964462,"M",1.32258064516129,0.25,0.000191520184738373,"MED LOW"
60,1,128.9200318485,61,2,2.49842553724291,"M",1.32258064516129,0.25,0.13756038253627,"MED LOW"
60,2,163.602006384428,63,4,4.49921948312794,"FISHED",1.32258064516129,0.25,0.843650074508874,"MED LOW"
60,3,134.835290136639,61,2,2.49934557325995,"M",1.32258064516129,0.25,0.225287971441848,"MED LOW"
60,4,137.973726399788,62,3,3.49898919501988,"M",1.32258064516129,0.25,0.285679940712744,"MED LOW"
60,5,61.1970415212834,59,0,0.499606381455989,"M",1.32258064516129,0.25,0.000164608095804178,"MED LOW"
60,6,132.624020877082,61,2,2.50104227687979,"FISHED",1.32258064516129,0.25,0.188524326921125,"MED LOW"
60,7,100.304288221757,60,1,1.49922565407375,"M",1.32258064516129,0.25,0.00865327326810283,"MED LOW"
60,8,62.8945063649686,59,0,0.500390921942116,"M",1.32258064516129,0.25,0.000195563308200359,"MED LOW"
60,9,63.7132081009663,59,0,0.501016835905242,"M",1.32258064516129,0.25,0.000212510614555167,"MED LOW"
60,10,173.556883900492,64,5,5.49688876425415,"FISHED",1.32258064516129,0.25,0.936812910319449,"MED LOW"
61,1,103.13167560927,61,1,1.50001287612993,"M",1.32258064516129,0.25,0.0114975708177427,"MED LOW"
61,2,150.040761221375,63,3,3.49848965574124,"FISHED",1.32258064516129,0.25,0.576576634653306,"MED LOW"
61,3,137.118524456243,62,2,2.50072478615303,"M",1.32258064516129,0.25,0.26829511580688,"MED LOW"
61,4,64.1159727935107,60,0,0.498658511841996,"M",1.32258064516129,0.25,0.000221379123961316,"MED LOW"
61,5,61.8103935348786,60,0,0.499309802046513,"M",1.32258064516129,0.25,0.000175183147490816,"MED LOW"
61,6,61.3939353868159,60,0,0.501499702898356,"M",1.32258064516129,0.25,0.000167931347565624,"MED LOW"
61,7,135.44004490143,62,2,2.49996330949064,"FISHED",1.32258064516129,0.25,0.236185086490093,"MED LOW"
61,8,142.856353794511,63,3,3.50032806422635,"FISHED",1.32258064516129,0.25,0.39634584775769,"MED LOW"
61,9,138.923084187147,62,2,2.49995230249344,"M",1.32258064516129,0.25,0.305749124920425,"MED LOW"
62,1,141.756045343267,64,3,3.50184211738559,"M",1.32258064516129,0.25,0.369950030398677,"MED LOW"
62,2,177.296474423555,66,5,5.50075106826052,"FISHED",1.32258064516129,0.25,0.955894923754073,"MED LOW"
62,3,188.992860153495,67,6,6.49995885431262,"FISHED",1.32258064516129,0.25,0.98612418605309,"MED LOW"
62,4,149.405255184247,65,4,4.50073194731573,"FISHED",1.32258064516129,0.25,0.560751190571811,"MED LOW"
62,5,156.571778431979,65,4,4.49959366467075,"M",1.32258064516129,0.25,0.725487178588656,"MED LOW"
62,6,179.140410687187,65,4,4.49934656060011,"FISHED",1.32258064516129,0.25,0.963147827884313,"MED LOW"
62,7,177.92743135468,65,4,4.49800775222709,"FISHED",1.32258064516129,0.25,0.95851827537494,"MED LOW"
63,1,171.252633623878,65,3,3.49932352822923,"FISHED",1.32258064516129,0.25,0.921465518828913,"MED LOW"
63,2,101.256120070021,63,1,1.50002269510035,"FISHED",1.32258064516129,0.25,0.00952292251147242,"MED LOW"
63,3,129.81513105248,65,3,3.49783446314407,"FISHED",1.32258064516129,0.25,0.148701660769223,"MED LOW"
63,4,101.178180307649,63,1,1.5007527714179,"M",1.32258064516129,0.25,0.00944857033676725,"MED LOW"
63,5,154.520687528786,65,3,3.50036725407034,"FISHED",1.32258064516129,0.25,0.68213336779393,"MED LOW"
63,6,132.359120933066,65,3,3.50073195826672,"FISHED",1.32258064516129,0.25,0.18444413816721,"MED LOW"
63,7,165.123938818296,66,4,4.49803012696748,"FISHED",1.32258064516129,0.25,0.862968411811542,"MED LOW"
63,8,170.236848431615,66,4,4.50087889338206,"FISHED",1.32258064516129,0.25,0.913670015661704,"MED LOW"
64,1,104.553559487246,64,1,1.50050103304597,"M",1.32258064516129,0.25,0.0132595620463011,"MED LOW"
64,2,64.6224635168218,63,0,0.500347269795142,"M",1.32258064516129,0.25,0.000233058676059536,"MED LOW"
64,3,59.6132228450105,63,0,0.499702296759026,"M",1.32258064516129,0.25,0.000140159778427404,"MED LOW"
64,4,61.0484703483406,63,0,0.500494968084454,"M",1.32258064516129,0.25,0.00016214405226268,"MED LOW"
64,5,165.785721039444,67,4,4.50076592693118,"FISHED",1.32258064516129,0.25,0.870722147743294,"MED LOW"
64,6,62.8068689108469,63,0,0.501220300950008,"M",1.32258064516129,0.25,0.000193831232979842,"MED LOW"
64,7,172.03818443771,68,5,5.4996801764204,"M",1.32258064516129,0.25,0.92704683459491,"MED LOW"
64,8,170.089855270707,67,4,4.50039072879568,"FISHED",1.32258064516129,0.25,0.912485518045744,"MED LOW"
64,9,139.129121252518,66,3,3.50115435142162,"M",1.32258064516129,0.25,0.310207576708487,"MED LOW"
64,10,125.752930934218,65,2,2.4992299819489,"FISHED",1.32258064516129,0.25,0.103654242424494,"MED LOW"
65,1,101.146566586294,65,1,1.49797037486698,"M",1.32258064516129,0.25,0.0094185759736239,"MED LOW"
65,2,167.501943463383,69,5,5.49855840275135,"FISHED",1.32258064516129,0.25,0.88910298411253,"MED LOW"
65,3,97.7006952927295,65,1,1.50016340293487,"M",1.32258064516129,0.25,0.00665654651646337,"MED LOW"
65,4,167.20066809918,68,4,4.49845838230285,"M",1.32258064516129,0.25,0.886050833418901,"MED LOW"
65,5,135.211995044456,66,2,2.50045931238678,"M",1.32258064516129,0.25,0.232033530759974,"MED LOW"
65,6,150.381969776121,67,3,3.49992965747794,"FISHED",1.32258064516129,0.25,0.58501119399442,"MED LOW"
65,7,65.4588942069065,64,0,0.498077515213946,"M",1.32258064516129,0.25,0.000253710636428606,"MED LOW"
65,8,127.686461303407,66,2,2.49938628831603,"FISHED",1.32258064516129,0.25,0.123364324144318,"MED LOW"
65,9,65.3305412854512,64,0,0.499999075570043,"M",1.32258064516129,0.25,0.000250426558635264,"MED LOW"
65,10,104.482294978487,65,1,1.49956026104587,"M",1.32258064516129,0.25,0.0131652252277014,"MED LOW"
65,11,144.948071054681,67,3,3.50114042188678,"FISHED",1.32258064516129,0.25,0.448103269920345,"MED LOW"
66,1,98.603383618455,66,1,1.49851606611073,"M",1.32258064516129,0.25,0.00729080662112837,"MED LOW"
66,2,122.894335409803,68,3,3.49856284648988,"M",1.32258064516129,0.25,0.0796211613073773,"MED LOW"
66,3,180.988025529461,70,5,5.4998086052799,"FISHED",1.32258064516129,0.25,0.969257524530747,"MED LOW"
66,4,150.628749374408,68,3,3.4995708237282,"M",1.32258064516129,0.25,0.591080899418402,"MED LOW"
66,5,97.7591259916777,66,1,1.49999137655422,"M",1.32258064516129,0.25,0.00669588935877177,"MED LOW"
66,6,166.329626930384,69,4,4.50011838962915,"FISHED",1.32258064516129,0.25,0.876812220460639,"MED LOW"
66,7,135.226083581553,67,2,2.49852965863824,"FISHED",1.32258064516129,0.25,0.232288524720774,"MED LOW"
66,8,131.993273734751,67,2,2.5005857253923,"FISHED",1.32258064516129,0.25,0.178921932680234,"MED LOW"
66,9,63.3283486872792,65,0,0.500953834945343,"M",1.32258064516129,0.25,0.000204368429143037,"MED LOW"
66,10,100.600978844875,66,1,1.50115016696005,"M",1.32258064516129,0.25,0.00891554842936606,"MED LOW"
67,1,60.940333866193,66,0,0.5010496770713,"M",1.32258064516129,0.25,0.000160373836473422,"MED LOW"
67,2,61.040951451684,66,0,0.499902907962693,"M",1.32258064516129,0.25,0.000162020336918865,"MED LOW"
67,3,125.801467571106,68,2,2.50024161246669,"M",1.32258064516129,0.25,0.104113001962372,"MED LOW"
67,4,131.214464695002,68,2,2.49814903949553,"FISHED",1.32258064516129,0.25,0.167598599267161,"MED LOW"
67,5,62.8437243038404,66,0,0.499884185355556,"M",1.32258064516129,0.25,0.000194557769891561,"MED LOW"
67,6,146.732140037,69,3,3.50008338915711,"FISHED",1.32258064516129,0.25,0.493201304254739,"MED LOW"
67,7,130.861609276098,68,2,2.49774442624952,"M",1.32258064516129,0.25,0.162659846240454,"MED LOW"
67,8,152.638903268442,69,3,3.49858413385611,"M",1.32258064516129,0.25,0.639347045134993,"MED LOW"
67,9,98.7242181046561,67,1,1.5015294980473,"M",1.32258064516129,0.25,0.00738014145173177,"MED LOW"
68,1,64.1331845075419,67,0,0.500743120795005,"M",1.32258064516129,0.25,0.000221766246586659,"MED LOW"
68,2,126.972315614746,69,2,2.49961765680229,"M",1.32258064516129,0.25,0.115734515235899,"MED LOW"
68,3,178.478132637666,71,4,4.49945972039001,"FISHED",1.32258064516129,0.25,0.960685348764286,"MED LOW"
68,4,64.7386633138592,67,0,0.500445452811677,"M",1.32258064516129,0.25,0.000235823943925378,"MED LOW"
68,5,63.6041651908972,67,0,0.49862803371684,"M",1.32258064516129,0.25,0.000210171295641305,"MED LOW"
68,6,103.541202080974,68,1,1.50028582240906,"M",1.32258064516129,0.25,0.0119798724543799,"MED LOW"
68,7,144.808880361274,70,3,3.49902361823881,"FISHED",1.32258064516129,0.25,0.444610861191359,"MED LOW"
68,8,98.7772889129661,68,1,1.49930470941123,"M",1.32258064516129,0.25,0.00741972012153972,"MED LOW"
68,9,63.0916654763024,67,0,0.499766717241517,"M",1.32258064516129,0.25,0.000199516758123337,"MED LOW"
68,10,96.6404056232084,68,1,1.50067825300967,"M",1.32258064516129,0.25,0.00598123270723945,"MED LOW"
68,11,162.30457882725,70,3,3.50024926387291,"FISHED",1.32258064516129,0.25,0.8254777820861,"MED LOW"
69,1,152.47626694784,71,3,3.50184372288518,"M",1.32258064516129,0.25,0.635530777381875,"MED LOW"
69,2,62.2499037234326,68,0,0.499400907415867,"M",1.32258064516129,0.25,0.000183176195053727,"MED LOW"
69,3,140.369347819141,70,2,2.49887714214989,"FISHED",1.32258064516129,0.25,0.337774887366818,"MED LOW"
69,4,60.0010566262885,68,0,0.499554947215023,"M",1.32258064516129,0.25,0.000145788232054517,"MED LOW"
69,5,164.25911510604,72,4,4.49873044367168,"FISHED",1.32258064516129,0.25,0.852250094991026,"MED LOW"
69,6,61.3589860731411,68,0,0.499261583420478,"M",1.32258064516129,0.25,0.000167336600936351,"MED LOW"
69,7,61.873941670692,68,0,0.500366274947738,"M",1.32258064516129,0.25,0.000176316917460569,"MED LOW"
69,8,148.947393858951,71,3,3.50079090633572,"FISHED",1.32258064516129,0.25,0.549270469711122,"MED LOW"
69,9,120.783334292827,70,2,2.49852949510242,"M",1.32258064516129,0.25,0.0652629706099033,"MED LOW"
69,10,64.0977645006341,68,0,0.499026568172959,"M",1.32258064516129,0.25,0.00022097032188448,"MED LOW"
70,1,62.5095187667875,69,0,0.500662765003906,"M",1.32258064516129,0.25,0.000188067876788245,"MED LOW"
70,2,103.791434491224,70,1,1.49917332604249,"M",1.32258064516129,0.25,0.0122843539616717,"MED LOW"
70,3,64.3558610659213,69,0,0.501585586187736,"M",1.32258064516129,0.25,0.000226836091656532,"MED LOW"
70,4,98.8600143677559,70,1,1.50044826858861,"M",1.32258064516129,0.25,0.00748183489070061,"MED LOW"
70,5,104.597682482329,70,1,1.50006889963614,"M",1.32258064516129,0.25,0.0133183040776389,"MED LOW"
70,6,61.9570148240934,69,0,0.4993488635634,"M",1.32258064516129,0.25,0.000177810106705627,"MED LOW"
70,7,122.639292298347,71,2,2.49997988210265,"M",1.32258064516129,0.25,0.077744062198818,"MED LOW"
70,8,124.432658058101,71,2,2.498518778509,"M",1.32258064516129,0.25,0.0918447322076467,"MED LOW"
71,1,64.1652643284105,70,0,0.500295291099195,"M",1.32258064516129,0.25,0.000222489587075637,"MED LOW"
71,2,124.656392304077,72,2,2.50090945561746,"FISHED",1.32258064516129,0.25,0.0937571289436422,"MED LOW"
71,3,148.795242631474,73,3,3.50037135687479,"M",1.32258064516129,0.25,0.54544306552856,"MED LOW"
71,4,165.37663251441,74,4,4.50129499188296,"FISHED",1.32258064516129,0.25,0.86597424787114,"MED LOW"
71,5,91.937566192605,71,1,1.50056971181973,"M",1.32258064516129,0.25,0.0037188319959976,"MED LOW"
71,6,169.903410561693,75,5,5.50008912896174,"FISHED",1.32258064516129,0.25,0.910961984841362,"MED LOW"
71,7,117.94282145096,72,2,2.50060347007316,"M",1.32258064516129,0.25,0.0497249592870651,"MED LOW"
71,8,120.425317061459,72,2,2.4998027562082,"M",1.32258064516129,0.25,0.0630801990848534,"MED LOW"
71,9,126.068527577897,72,2,2.49952273961478,"M",1.32258064516129,0.25,0.106669420095492,"MED LOW"
71,10,156.914540776811,74,4,4.50191790203335,"FISHED",1.32258064516129,0.25,0.732363431176803,"MED LOW"
71,11,99.9737854240368,71,1,1.50158476497528,"M",1.32258064516129,0.25,0.00837010580222845,"MED LOW"
72,1,62.3350209397233,71,0,0.501262129918329,"M",1.32258064516129,0.25,0.000184765798248719,"MED LOW"
72,2,62.9333459623428,71,0,0.499038849865732,"M",1.32258064516129,0.25,0.000196335878441676,"MED LOW"
72,3,62.4903452698634,71,0,0.500465260105582,"M",1.32258064516129,0.25,0.000187702184058862,"MED LOW"
72,4,161.591849681961,76,5,5.5018446507041,"M",1.32258064516129,0.25,0.814805861544087,"MED LOW"
72,5,94.9858068334909,72,1,1.50038615440251,"M",1.32258064516129,0.25,0.00506096265659478,"MED LOW"
72,6,95.3349358721406,72,1,1.4995653825567,"M",1.32258064516129,0.25,0.00524262335775214,"MED LOW"
72,7,167.203274759938,75,4,4.50077671028094,"FISHED",1.32258064516129,0.25,0.886077552067773,"MED LOW"
72,8,154.340929455194,74,3,3.50139700849692,"FISHED",1.32258064516129,0.25,0.678162904584722,"MED LOW"
72,9,139.490160818671,73,2,2.50036859898362,"M",1.32258064516129,0.25,0.318105506530422,"MED LOW"
73,1,136.275196371182,75,3,3.50056438879617,"FISHED",1.32258064516129,0.25,0.251822679491143,"MED LOW"
73,2,126.300652929386,74,2,2.50049115406781,"M",1.32258064516129,0.25,0.108936170559423,"MED LOW"
73,3,61.5292169906849,72,0,0.498496930785023,"M",1.32258064516129,0.25,0.000170253480951264,"MED LOW"
73,4,143.664006601403,75,3,3.49968697792719,"FISHED",1.32258064516129,0.25,0.416122540759225,"MED LOW"
73,5,127.078330490299,74,2,2.49951872589177,"M",1.32258064516129,0.25,0.116840662087387,"MED LOW"
73,6,174.313562828644,77,5,5.49914706444306,"FISHED",1.32258064516129,0.25,0.941210912595832,"MED LOW"
73,7,164.626435455012,76,4,4.50129629910366,"FISHED",1.32258064516129,0.25,0.856884840595854,"MED LOW"
73,8,100.269052392271,73,1,1.50000211925381,"M",1.32258064516129,0.25,0.0086226372831577,"MED LOW"
73,9,130.624117271806,74,2,2.49909309898199,"FISHED",1.32258064516129,0.25,0.159402255263552,"MED LOW"
74,1,62.3908622216371,73,0,0.499760166720185,"M",1.32258064516129,0.25,0.000185816144663287,"MED LOW"
74,2,125.178399674919,75,2,2.49923106414677,"M",1.32258064516129,0.25,0.0983584146973835,"MED LOW"
74,3,148.494500358037,76,3,3.49925228172812,"FISHED",1.32258064516129,0.25,0.537862423123159,"MED LOW"
74,4,138.65244070851,75,2,2.49918736914296,"FISHED",1.32258064516129,0.25,0.299947567736466,"MED LOW"
74,5,147.686180569079,76,3,3.50020714543659,"FISHED",1.32258064516129,0.25,0.517410344639864,"MED LOW"
75,1,118.457698018939,76,2,2.49774862427188,"FISHED",1.32258064516129,0.25,0.0522541129285911,"MED LOW"
75,2,154.549006611075,77,3,3.50091017358937,"FISHED",1.32258064516129,0.25,0.682756485792985,"MED LOW"
75,3,158.559066978397,77,3,3.49965921371215,"FISHED",1.32258064516129,0.25,0.763798645769573,"MED LOW"
75,4,63.6544226859081,74,0,0.500423414361218,"M",1.32258064516129,0.25,0.000211246263723779,"MED LOW"
75,5,96.1977553335561,75,1,1.50037692853775,"M",1.32258064516129,0.25,0.00571987097377317,"MED LOW"
75,6,63.3617800233075,74,0,0.500002003400664,"M",1.32258064516129,0.25,0.000205063165965879,"MED LOW"
75,7,189.683764005962,78,4,4.49850575347985,"FISHED",1.32258064516129,0.25,0.987052034505583,"MED LOW"
76,1,133.428719780998,77,2,2.49964086721932,"FISHED",1.32258064516129,0.25,0.201342563330012,"MED LOW"
76,2,100.962760160443,76,1,1.4985413050725,"M",1.32258064516129,0.25,0.00924604377932042,"MED LOW"
76,3,142.827924488372,78,3,3.49973196970126,"M",1.32258064516129,0.25,0.395655444067527,"MED LOW"
76,4,158.753532559249,79,4,4.49829774567879,"M",1.32258064516129,0.25,0.767342193995669,"MED LOW"
76,5,102.677356343575,76,1,1.5002530602436,"M",1.32258064516129,0.25,0.0109849495525366,"MED LOW"
76,6,60.4919663051345,75,0,0.497869622714493,"M",1.32258064516129,0.25,0.000153237787268767,"MED LOW"
76,7,62.2667198035258,75,0,0.49969962822667,"M",1.32258064516129,0.25,0.000183489155513039,"MED LOW"
76,8,93.6392282392534,76,1,1.50115636872581,"M",1.32258064516129,0.25,0.00441709534842593,"MED LOW"
76,9,144.540596559432,78,3,3.50040060219075,"FISHED",1.32258064516129,0.25,0.437895105431552,"MED LOW"
77,1,63.3894634903538,76,0,0.49917812433485,"M",1.32258064516129,0.25,0.000205640243110602,"MED LOW"
77,2,122.564515294366,78,2,2.49946232144548,"M",1.32258064516129,0.25,0.0772014379990855,"MED LOW"
77,3,98.6090446223348,77,1,1.50053662755554,"M",1.32258064516129,0.25,0.00729496782153784,"MED LOW"
77,4,129.163927855992,78,2,2.49883638262848,"FISHED",1.32258064516129,0.25,0.140524697973195,"MED LOW"
77,5,64.1196021890847,76,0,0.501341877275066,"M",1.32258064516129,0.25,0.000221460699389483,"MED LOW"
77,6,99.0269028404578,77,1,1.50031028848357,"M",1.32258064516129,0.25,0.00760871882191558,"MED LOW"
77,7,106.890106855174,77,1,1.50089221366217,"M",1.32258064516129,0.25,0.0167502025255119,"MED LOW"
77,8,125.910489974947,78,2,2.49946588465309,"FISHED",1.32258064516129,0.25,0.105150008292682,"MED LOW"
77,9,62.3359657966956,76,0,0.499788162460313,"M",1.32258064516129,0.25,0.000184783521067196,"MED LOW"
78,1,127.773462039437,79,2,2.49888168562951,"M",1.32258064516129,0.25,0.124322798885518,"MED LOW"
78,2,172.110402386519,81,4,4.4998082670808,"FISHED",1.32258064516129,0.25,0.927541186033569,"MED LOW"
78,3,99.8756855633412,78,1,1.50002675311483,"M",1.32258064516129,0.25,0.00828783826830206,"MED LOW"
78,4,169.172174037701,82,5,5.49780233637688,"FISHED",1.32258064516129,0.25,0.904753440161966,"MED LOW"
78,5,157.380658396856,80,3,3.50269666536969,"FISHED",1.32258064516129,0.25,0.741537082306045,"MED LOW"
78,6,60.2514799624947,77,0,0.500273425315633,"M",1.32258064516129,0.25,0.000149542020366431,"MED LOW"
78,7,62.9685766809713,77,0,0.500034173206985,"M",1.32258064516129,0.25,0.000197039302358874,"MED LOW"
78,8,63.1415687975413,77,0,0.500740695184853,"M",1.32258064516129,0.25,0.000200530032357408,"MED LOW"
78,9,66.3804272541483,77,0,0.50014135355079,"M",1.32258064516129,0.25,0.000278588267728264,"MED LOW"
79,1,125.003318210234,80,2,2.49948328788809,"FISHED",1.32258064516129,0.25,0.096793145313281,"MED LOW"
79,2,149.843701445389,81,3,3.50031537776306,"M",1.32258064516129,0.25,0.571684641904054,"MED LOW"
79,3,97.4646056204173,79,1,1.5002301474127,"M",1.32258064516129,0.25,0.00649990616466479,"MED LOW"
79,4,122.382035668699,80,2,2.50077734385176,"M",1.32258064516129,0.25,0.0758918033684485,"MED LOW"
79,5,150.390501126219,81,3,3.49923795598003,"M",1.32258064516129,0.25,0.585221470560853,"MED LOW"
79,6,190.600482907279,83,5,5.50082428787352,"FISHED",1.32258064516129,0.25,0.988189210820024,"MED LOW"
79,7,129.50889106897,80,2,2.49951803145621,"FISHED",1.32258064516129,0.25,0.144808419083795,"MED LOW"
79,8,60.9408109025439,78,0,0.500409156778546,"M",1.32258064516129,0.25,0.000160381603064012,"MED LOW"
79,9,65.2193702224858,78,0,0.50187729890203,"M",1.32258064516129,0.25,0.000247616467424774,"MED LOW"
79,10,101.20146714111,79,1,1.49908820485104,"M",1.32258064516129,0.25,0.00947072483563993,"MED LOW"
80,1,97.423981890666,80,1,1.49844445643319,"M",1.32258064516129,0.25,0.00647332490052936,"MED LOW"
80,2,162.590202779345,83,4,4.50036479526647,"FISHED",1.32258064516129,0.25,0.82961630264542,"MED LOW"
80,3,128.354428530552,81,2,2.49900603807567,"M",1.32258064516129,0.25,0.13088808913438,"MED LOW"
80,4,93.8618407188928,80,1,1.49970302856111,"M",1.32258064516129,0.25,0.00451761285571147,"MED LOW"
80,5,166.945229751167,83,4,4.50047009727341,"FISHED",1.32258064516129,0.25,0.883405952798836,"MED LOW"
80,6,98.4298857114935,80,1,1.50123089955882,"FISHED",1.32258064516129,0.25,0.00716441096738769,"MED LOW"
80,7,136.486729439787,81,2,2.5004416910378,"M",1.32258064516129,0.25,0.255890731551422,"MED LOW"
80,8,128.156400954704,81,2,2.49974912292898,"M",1.32258064516129,0.25,0.128617804299494,"MED LOW"
81,1,159.931427495217,83,3,3.50046005724196,"FISHED",1.32258064516129,0.25,0.788007814272045,"MED LOW"
81,2,168.712905358296,84,4,4.50167105972596,"FISHED",1.32258064516129,0.25,0.900658515562818,"MED LOW"
81,3,135.216164771402,83,3,3.5019440060234,"M",1.32258064516129,0.25,0.232108979926979,"MED LOW"
81,4,144.841611332695,83,3,3.50063676283921,"FISHED",1.32258064516129,0.25,0.445431629264537,"MED LOW"
81,5,161.401907427883,83,3,3.49955649560928,"FISHED",1.32258064516129,0.25,0.811878079936616,"MED LOW"
81,6,96.5987693387523,81,1,1.5007096951301,"M",1.32258064516129,0.25,0.00595615111416164,"MED LOW"
82,1,61.1258800831961,81,0,0.498936946351441,"M",1.32258064516129,0.25,0.000163423250906954,"MED LOW"
82,2,145.959541419163,84,3,3.50185376928304,"M",1.32258064516129,0.25,0.473614475031002,"MED LOW"
82,3,97.7687242467451,82,1,1.4999833799155,"M",1.32258064516129,0.25,0.00670237415222747,"MED LOW"
82,4,62.1066876965471,81,0,0.500847956612707,"M",1.32258064516129,0.25,0.00018053236778048,"MED LOW"
82,5,63.5123439002231,81,0,0.50019926463881,"M",1.32258064516129,0.25,0.00020822141484825,"MED LOW"
82,6,168.863194227502,87,6,6.50132075234328,"FISHED",1.32258064516129,0.25,0.902015474588111,"MED LOW"
82,7,63.2592928037235,81,0,0.502056831451175,"M",1.32258064516129,0.25,0.000202940820100117,"MED LOW"
82,8,63.5059319450005,81,0,0.49820463808473,"M",1.32258064516129,0.25,0.000208085930634692,"MED LOW"
83,1,138.885689011148,84,2,2.49880131750075,"FISHED",1.32258064516129,0.25,0.30494378154695,"MED LOW"
83,2,66.5754167366887,82,0,0.49896233036652,"M",1.32258064516129,0.25,0.00028415706314401,"MED LOW"
83,3,61.8550387509517,82,0,0.497921982176689,"M",1.32258064516129,0.25,0.00017597890375748,"MED LOW"
83,4,65.602689052043,82,0,0.499859978930792,"M",1.32258064516129,0.25,0.000257440980606696,"MED LOW"
83,5,97.0077785379791,83,1,1.50023421980971,"M",1.32258064516129,0.25,0.00620713627482065,"MED LOW"
83,6,61.2958618857549,82,0,0.5019022822213,"M",1.32258064516129,0.25,0.000166267723023257,"MED LOW"
83,7,127.329917642946,84,2,2.49967880674011,"M",1.32258064516129,0.25,0.119502452457748,"MED LOW"
83,8,95.0639935299111,83,1,1.49984999068736,"M",1.32258064516129,0.25,0.00510109314729449,"MED LOW"
84,1,133.885416379171,86,3,3.49857106601526,"M",1.32258064516129,0.25,0.208902287912505,"MED LOW"
84,2,123.585081471705,85,2,2.49881099121002,"M",1.32258064516129,0.25,0.0849145204299743,"MED LOW"
84,3,130.192347078646,86,3,3.49887011442194,"M",1.32258064516129,0.25,0.153615505376014,"MED LOW"
84,4,104.735215343553,84,1,1.49762727659336,"M",1.32258064516129,0.25,0.0135030570735833,"MED LOW"
84,5,63.7598146383715,83,0,0.498619301683918,"M",1.32258064516129,0.25,0.000213518398066016,"MED LOW"
84,6,138.793700690537,85,2,2.49994656854447,"M",1.32258064516129,0.25,0.302967797914071,"MED LOW"
84,7,162.468655116555,87,4,4.49869195754221,"M",1.32258064516129,0.25,0.827864758121577,"MED LOW"
84,8,96.3851020695878,84,1,1.50043999997212,"M",1.32258064516129,0.25,0.005829074095207,"MED LOW"
84,9,151.939998731095,86,3,3.50004857833437,"M",1.32258064516129,0.25,0.622828174078693,"MED LOW"
85,1,63.3322720618408,84,0,0.499543811573968,"M",1.32258064516129,0.25,0.000204449838784488,"MED LOW"
85,2,63.749604001346,84,0,0.499680475136345,"M",1.32258064516129,0.25,0.000213297203243211,"MED LOW"
85,3,142.361919647273,87,3,3.50038698642395,"FISHED",1.32258064516129,0.25,0.384399620093114,"MED LOW"
85,4,147.948481663087,86,2,2.49978880846913,"FISHED",1.32258064516129,0.25,0.524056810797754,"MED LOW"
85,5,62.5929311079249,84,0,0.499191712674261,"M",1.32258064516129,0.25,0.000189667093955111,"MED LOW"
85,6,99.7443735463646,85,1,1.49945768531005,"M",1.32258064516129,0.25,0.00817897240276308,"MED LOW"
85,7,138.69150324038,87,3,3.49950872650028,"FISHED",1.32258064516129,0.25,0.30078102821762,"MED LOW"
85,8,98.792793982725,85,1,1.49944567782553,"M",1.32258064516129,0.25,0.00743132306742916,"MED LOW"
85,9,165.045385619336,88,4,4.50015526088614,"M",1.32258064516129,0.25,0.86202252147037,"MED LOW"
85,10,152.357587337452,87,3,3.50021266886025,"FISHED",1.32258064516129,0.25,0.632735128069568,"MED LOW"
85,11,64.9503862332048,84,0,0.501509395808451,"M",1.32258064516129,0.25,0.000240947034048631,"MED LOW"
85,12,126.914190908693,86,2,2.50026975588925,"M",1.32258064516129,0.25,0.115131919737094,"MED LOW"
86,1,102.288637656964,86,1,1.50081283879202,"M",1.32258064516129,0.25,0.0105643357428058,"MED LOW"
86,2,61.9040277898234,85,0,0.498972542139535,"M",1.32258064516129,0.25,0.000176856243505,"MED LOW"
86,3,167.559065043183,89,4,4.49977811449235,"FISHED",1.32258064516129,0.25,0.889673537812168,"MED LOW"
86,4,141.139527362824,88,3,3.49968822568934,"FISHED",1.32258064516129,0.25,0.355482093717153,"MED LOW"
86,5,100.810914076179,86,1,1.50115755906535,"M",1.32258064516129,0.25,0.00910587611573338,"MED LOW"
86,6,155.515839331359,88,3,3.50190292175297,"M",1.32258064516129,0.25,0.703627799312145,"MED LOW"
86,7,60.4451598224885,85,0,0.499195018589668,"M",1.32258064516129,0.25,0.000152511382572567,"MED LOW"
86,8,97.5853487034377,86,1,1.49899179718805,"M",1.32258064516129,0.25,0.0065795536011903,"MED LOW"
87,1,61.941990956511,86,0,0.499995404585483,"M",1.32258064516129,0.25,0.000177539128449936,"MED LOW"
87,2,155.789894205298,91,5,5.49967040841003,"FISHED",1.32258064516129,0.25,0.709397335489459,"MED LOW"
87,3,99.7578480536265,87,1,1.49875375019466,"M",1.32258064516129,0.25,0.00819007799586925,"MED LOW"
87,4,60.7755108591435,86,0,0.499414379879602,"M",1.32258064516129,0.25,0.000157712752682938,"MED LOW"
87,5,148.284040670275,89,3,3.50036993430174,"FISHED",1.32258064516129,0.25,0.53254683962689,"MED LOW"
87,6,146.245182319732,89,3,3.49891915618507,"M",1.32258064516129,0.25,0.480849763624786,"MED LOW"
88,1,169.767898167883,91,4,4.4991999719995,"FISHED",1.32258064516129,0.25,0.909839669116845,"MED LOW"
88,2,62.6974294417434,87,0,0.500613045496813,"M",1.32258064516129,0.25,0.000191689780661439,"MED LOW"
88,3,124.758375201658,89,2,2.49848005026859,"M",1.32258064516129,0.25,0.094640631098778,"MED LOW"
88,4,98.425175168443,88,1,1.50096715176803,"M",1.32258064516129,0.25,0.00716100977654969,"MED LOW"
88,5,97.3297197476736,88,1,1.49854129725183,"M",1.32258064516129,0.25,0.0064120617960897,"MED LOW"
88,6,180.664781472908,91,4,4.5000682734581,"M",1.32258064516129,0.25,0.968264376228332,"MED LOW"
88,7,97.1240225699259,88,1,1.50041946045883,"M",1.32258064516129,0.25,0.00628036741300896,"MED LOW"
88,8,174.744975057967,92,5,5.49993174734055,"M",1.32258064516129,0.25,0.94358829719338,"MED LOW"
88,9,61.4268872315227,87,0,0.501288545746226,"M",1.32258064516129,0.25,0.000168494038076164,"MED LOW"
89,1,159.864481629583,91,3,3.500545807603,"FISHED",1.32258064516129,0.25,0.786870113511186,"MED LOW"
89,2,137.896609819452,91,3,3.50131345537347,"M",1.32258064516129,0.25,0.28408481642702,"MED LOW"
89,3,151.749355064911,91,3,3.4995999248524,"FISHED",1.32258064516129,0.25,0.618270380849309,"MED LOW"
89,4,128.975231448338,91,3,3.49748623830239,"M",1.32258064516129,0.25,0.138226643713313,"MED LOW"
89,5,130.885824320345,90,2,2.50032547386886,"M",1.32258064516129,0.25,0.162994990844852,"MED LOW"
89,6,133.874009439015,90,2,2.50144687448296,"FISHED",1.32258064516129,0.25,0.208710950187503,"MED LOW"
89,7,178.531765991503,92,4,4.50041051339742,"FISHED",1.32258064516129,0.25,0.960890505557467,"MED LOW"
89,8,100.654412452943,89,1,1.50114319970835,"M",1.32258064516129,0.25,0.00896361413619723,"MED LOW"
89,9,100.795417860292,89,1,1.50102363570025,"M",1.32258064516129,0.25,0.00909169064282267,"MED LOW"
90,1,63.1901556276299,89,0,0.498766171413244,"M",1.32258064516129,0.25,0.000201521518568869,"MED LOW"
90,2,98.6764902896569,90,1,1.49896901729783,"M",1.32258064516129,0.25,0.0073447264391702,"MED LOW"
90,3,99.1663481328557,90,1,1.5014426777069,"M",1.32258064516129,0.25,0.00771637372693152,"MED LOW"
90,4,132.874048378693,91,2,2.49910055331945,"FISHED",1.32258064516129,0.25,0.19243867452679,"MED LOW"
90,5,151.821361354787,93,4,4.50010928828691,"FISHED",1.32258064516129,0.25,0.619994359975211,"MED LOW"
90,6,146.282240320131,92,3,3.49980830091521,"FISHED",1.32258064516129,0.25,0.481789097071966,"MED LOW"
90,7,159.63377076749,92,3,3.50003703014392,"FISHED",1.32258064516129,0.25,0.782915279626175,"MED LOW"
90,8,160.269079525974,95,6,6.5006086993964,"FISHED",1.32258064516129,0.25,0.793678233147239,"MED LOW"
91,1,176.363071881921,95,5,5.50212515812387,"FISHED",1.32258064516129,0.25,0.951722253901434,"MED LOW"
91,2,149.225091908398,93,3,3.50051789401412,"M",1.32258064516129,0.25,0.556240714346724,"MED LOW"
91,3,105.504516612347,91,1,1.49937991321047,"M",1.32258064516129,0.25,0.0145840534684252,"MED LOW"
91,4,154.376905031864,94,4,4.5000205714076,"M",1.32258064516129,0.25,0.678959613060021,"MED LOW"
91,5,63.6399876552244,90,0,0.499123769229042,"M",1.32258064516129,0.25,0.000210936948373775,"MED LOW"
91,6,143.027829999654,93,3,3.50008701548903,"M",1.32258064516129,0.25,0.400518809477564,"MED LOW"
92,1,128.574436678682,93,2,2.49971829902522,"M",1.32258064516129,0.25,0.133450192442507,"MED LOW"
92,2,170.100630464069,95,4,4.50001254571625,"M",1.32258064516129,0.25,0.912572843239053,"MED LOW"
92,3,146.146273849446,94,3,3.49815779468894,"FISHED",1.32258064516129,0.25,0.478343346516316,"MED LOW"
92,4,97.6589813489434,92,1,1.50109285975114,"M",1.32258064516129,0.25,0.00662860003911895,"MED LOW"
92,5,156.357374700334,94,3,3.50200932826355,"M",1.32258064516129,0.25,0.721130564682589,"MED LOW"
92,6,115.606433973879,93,2,2.50004945913788,"M",1.32258064516129,0.25,0.0396402312141349,"MED LOW"
92,7,121.176206761045,93,2,2.49866372080192,"M",1.32258064516129,0.25,0.0677389735796023,"MED LOW"
92,8,62.8697943866928,91,0,0.500571957140253,"M",1.32258064516129,0.25,0.000195073337625913,"MED LOW"
92,9,161.842076971662,94,3,3.50030213916036,"FISHED",1.32258064516129,0.25,0.818608961710335,"MED LOW"
92,10,151.216617089809,94,3,3.49968052376852,"FISHED",1.32258064516129,0.25,0.605425408082931,"MED LOW"
92,11,152.832484617065,94,3,3.50174076378398,"FISHED",1.32258064516129,0.25,0.643866566577988,"MED LOW"
93,1,61.3291766455118,92,0,0.499493680999188,"M",1.32258064516129,0.25,0.000166830986315371,"MED LOW"
93,2,62.5581868310401,92,0,0.500371418367739,"M",1.32258064516129,0.25,0.00018899931621144,"MED LOW"
93,3,103.151198049722,93,1,1.49981385133346,"M",1.32258064516129,0.25,0.0115201206380669,"MED LOW"
93,4,61.0870756879327,92,0,0.50016662006977,"M",1.32258064516129,0.25,0.000162780750559239,"MED LOW"
93,5,152.890324912781,95,3,3.50079191796654,"FISHED",1.32258064516129,0.25,0.645212041686028,"MED LOW"
93,6,100.383562748194,93,1,1.50192889456187,"M",1.32258064516129,0.25,0.00872259394881694,"MED LOW"
93,7,63.2466872756662,92,0,0.500144016169914,"M",1.32258064516129,0.25,0.000202681301140069,"MED LOW"
93,8,122.955559333613,94,2,2.49942720825947,"M",1.32258064516129,0.25,0.080077887394884,"MED LOW"
93,9,154.491109176038,96,4,4.50057234111468,"FISHED",1.32258064516129,0.25,0.681481844321923,"MED LOW"
93,10,151.845916782449,95,3,3.50170227866425,"FISHED",1.32258064516129,0.25,0.620581578452042,"MED LOW"
94,1,142.177933523242,96,3,3.49979219095725,"M",1.32258064516129,0.25,0.379988772830101,"MED LOW"
94,2,62.4302074676693,93,0,0.5038825450425,"M",1.32258064516129,0.25,0.000186559791942959,"MED LOW"
94,3,172.231728345461,98,5,5.50006512507059,"M",1.32258064516129,0.25,0.928364747407851,"MED LOW"
94,4,61.2281619254568,93,0,0.499430996067885,"M",1.32258064516129,0.25,0.000165128949280028,"MED LOW"
94,5,167.019283664291,99,6,6.49996630860247,"M",1.32258064516129,0.25,0.884178165708328,"MED LOW"
94,6,134.424252608836,95,2,2.49973695696798,"M",1.32258064516129,0.25,0.218087659969761,"MED LOW"
94,7,163.573961946817,97,4,4.49957607318638,"FISHED",1.32258064516129,0.25,0.843274119217324,"MED LOW"
94,8,165.857030453102,97,4,4.50120397944565,"FISHED",1.32258064516129,0.25,0.871534957900367,"MED LOW"
94,9,122.451140883209,95,2,2.49896858793017,"M",1.32258064516129,0.25,0.0763853470012117,"MED LOW"
95,1,139.615422088785,97,3,3.50140331204172,"M",1.32258064516129,0.25,0.320870599337581,"MED LOW"
95,2,63.2927543821833,94,0,0.500086484229897,"M",1.32258064516129,0.25,0.000203631329989047,"MED LOW"
95,3,63.9252028976918,94,0,0.502038117113023,"M",1.32258064516129,0.25,0.000217133343327848,"MED LOW"
95,4,155.396727840168,98,4,4.49880313474472,"FISHED",1.32258064516129,0.25,0.70109964146123,"MED LOW"
95,5,123.845821402289,96,2,2.50042173283217,"M",1.32258064516129,0.25,0.0869943553676672,"MED LOW"
95,6,62.4466701654314,94,0,0.500164160657097,"M",1.32258064516129,0.25,0.000186871828488127,"MED LOW"
95,7,65.4294383898439,94,0,0.500695638810099,"M",1.32258064516129,0.25,0.000252953184327637,"MED LOW"
95,8,125.83783370104,96,2,2.5002178309728,"M",1.32258064516129,0.25,0.104457903117786,"MED LOW"
95,9,99.6445466031629,95,1,1.50019343767311,"M",1.32258064516129,0.25,0.00809715962528544,"MED LOW"
96,1,62.0164831807836,95,0,0.500421775639538,"M",1.32258064516129,0.25,0.00017888677278598,"MED LOW"
96,2,140.830473951425,98,3,3.50026538221384,"FISHED",1.32258064516129,0.25,0.348325763814147,"MED LOW"
96,3,127.612120680713,97,2,2.50020171862747,"FISHED",1.32258064516129,0.25,0.122550361364865,"MED LOW"
96,4,62.3067210421964,95,0,0.500464721769318,"M",1.32258064516129,0.25,0.000184235760019681,"MED LOW"
96,5,62.604509279836,95,0,0.500311900304001,"M",1.32258064516129,0.25,0.000189890147619621,"MED LOW"
96,6,138.358213378936,98,3,3.50103725779423,"M",1.32258064516129,0.25,0.293712464680502,"MED LOW"
96,7,125.424165668427,97,2,2.49883657922097,"M",1.32258064516129,0.25,0.100593651844115,"MED LOW"
96,8,162.168073391881,99,4,4.49957091439194,"FISHED",1.32258064516129,0.25,0.823472076510037,"MED LOW"
96,9,144.760271843096,98,3,3.50043340762475,"FISHED",1.32258064516129,0.25,0.443392503506795,"MED LOW"
96,10,100.332362423042,96,1,1.50238991019932,"M",1.32258064516129,0.25,0.00867775974765637,"MED LOW"
97,1,61.9065532184116,96,0,0.502031106729154,"M",1.32258064516129,0.25,0.000176901589495786,"MED LOW"
97,2,60.6433459926884,96,0,0.497856061642714,"M",1.32258064516129,0.25,0.000155610866649514,"MED LOW"
97,3,128.54478402742,98,2,2.49945123071094,"M",1.32258064516129,0.25,0.133102414938758,"MED LOW"
97,4,131.333472499901,98,2,2.49935193146436,"M",1.32258064516129,0.25,0.169291087754971,"MED LOW"
97,5,130.484069600871,98,2,2.49926525590777,"M",1.32258064516129,0.25,0.157506171137679,"MED LOW"
97,6,96.4460983417653,97,1,1.50069964400234,"M",1.32258064516129,0.25,0.00586507374448107,"MED LOW"
97,7,100.0744772334,97,1,1.49969974762518,"M",1.32258064516129,0.25,0.00845538906419687,"MED LOW"
97,8,93.5954007745601,97,1,1.49919136348456,"M",1.32258064516129,0.25,0.00439756959931743,"MED LOW"
97,9,64.918113801208,96,0,0.499947573762754,"M",1.32258064516129,0.25,0.000240159005056282,"MED LOW"
97,10,121.742324682711,98,2,2.50002776946705,"M",1.32258064516129,0.25,0.0714602491469937,"MED LOW"
97,11,147.450500579644,100,4,4.50011495764852,"M",1.32258064516129,0.25,0.511433105575088,"MED LOW"
98,1,103.216233660311,98,1,1.49967363537261,"FISHED",1.32258064516129,0.25,0.011595557247151,"MED LOW"
98,2,122.284573193203,99,2,2.49934135175572,"M",1.32258064516129,0.25,0.0752007090384954,"MED LOW"
98,3,142.745764950651,100,3,3.49896007818235,"M",1.32258064516129,0.25,0.39366255128588,"MED LOW"
98,4,158.310204588838,100,3,3.49862382082269,"FISHED",1.32258064516129,0.25,0.759209769591588,"MED LOW"
98,5,61.7334863967399,97,0,0.500172526994143,"M",1.32258064516129,0.25,0.000173820782310398,"MED LOW"
98,6,62.7954248335606,97,0,0.499349130041056,"M",1.32258064516129,0.25,0.000193606186241945,"MED LOW"
98,7,146.161551781991,100,3,3.49836998833652,"FISHED",1.32258064516129,0.25,0.47873043311869,"MED LOW"
98,8,129.106545881533,99,2,2.50267098864383,"M",1.32258064516129,0.25,0.139822505336528,"MED LOW"
99,1,63.269830053655,98,0,0.501197583964292,"M",1.32258064516129,0.25,0.000203158012864923,"MED LOW"
99,2,124.782271293829,100,2,2.50057809368818,"M",1.32258064516129,0.25,0.0948487239668328,"MED LOW"
99,3,59.8539677007361,98,0,0.498825807035706,"M",1.32258064516129,0.25,0.000143627476088913,"MED LOW"
99,4,64.8340978345595,98,0,0.499594637690665,"M",1.32258064516129,0.25,0.000238119565609556,"MED LOW"
99,5,121.670829152812,100,2,2.49900931551351,"M",1.32258064516129,0.25,0.0709800762296144,"MED LOW"
99,6,65.7928937942037,98,0,0.500386791870651,"M",1.32258064516129,0.25,0.000262459664770423,"MED LOW"
99,7,62.6946687866857,98,0,0.500980666832163,"M",1.32258064516129,0.25,0.0001916360686313,"MED LOW"
99,8,99.6483841699625,99,1,1.49898784607897,"M",1.32258064516129,0.25,0.00810028963427222,"MED LOW"
99,9,94.5065242131625,99,1,1.50153732641455,"M",1.32258064516129,0.25,0.00482173789310242,"MED LOW"
99,10,61.7196692240733,98,0,0.499357956986712,"M",1.32258064516129,0.25,0.00017357714406837,"MED LOW"
100,1,62.7974799643277,99,0,0.500296292440893,"M",1.32258064516129,0.25,0.000193646580948267,"MED LOW"
100,2,62.0958060359293,99,0,0.499897176213778,"M",1.32258064516129,0.25,0.000180333054333636,"MED LOW"
100,3,62.3781852239569,99,0,0.500231602120402,"M",1.32258064516129,0.25,0.000185577174132646,"MED LOW"
100,4,100.484977678701,100,1,1.50140980471459,"M",1.32258064516129,0.25,0.00881207806991725,"MED LOW"
100,5,63.3453983961926,99,0,0.500478699109026,"M",1.32258064516129,0.25,0.000204722444722146,"MED LOW"
100,6,92.4841839326108,100,1,1.50045561835591,"M",1.32258064516129,0.25,0.0039302256185269,"MED LOW"
100,7,95.4234159742351,100,1,1.50068569167616,"M",1.32258064516129,0.25,0.00528968289794245,"MED LOW"
100,8,61.7529890462727,99,0,0.500451765857509,"M",1.32258064516129,0.25,0.000174165254596053,"MED LOW"
100,9,98.6664060292565,100,1,1.49874636799419,"FISHED",1.32258064516129,0.25,0.00733726532575205,"MED LOW"
