"cohort","uni_ind","ind","fish_size","Year","Age","AgeE","FMORT","M","Sel","FSIM","REG"
1,3,3,121.171994085912,2,2,2.50136652693956,0,0.25,0.0677119676970235,"LOW MED","R1"
1,14,14,135.633557759352,2,2,2.49981453433532,0,0.25,0.239747939621761,"LOW MED","R1"
1,1,1,144.546627113032,3,3,3.49851189617126,0,0.25,0.438045823632553,"LOW MED","R1"
1,2,2,150.156080625216,3,3,3.49891191229553,0,0.25,0.579432545412136,"LOW MED","R1"
1,5,5,154.05680060098,3,3,3.50106924536388,0,0.25,0.671834450203495,"LOW MED","R1"
1,12,12,150.010421612982,3,3,3.49895424859551,0,0.25,0.575824408369,"LOW MED","R1"
1,14,14,160.830043068051,3,3,3.49916030941866,0,0.25,0.802849071209185,"LOW MED","R1"
1,1,1,160.27992589332,4,4,4.49892523883158,0,0.25,0.793858509145454,"LOW MED","R1"
1,2,2,167.378015993338,4,4,4.50092324674707,0,0.25,0.887856261550799,"LOW MED","R1"
1,5,5,172.349976659083,4,4,4.49925897231569,0,0.25,0.929159097459132,"LOW MED","R1"
1,8,8,150.286161214603,4,4,4.4999494234405,0,0.25,0.582647641218342,"LOW MED","R1"
1,12,12,167.192925179958,4,4,4.50019021751799,0,0.25,0.88597143517718,"LOW MED","R1"
1,14,14,181.052523259676,4,4,4.49964022514885,0,0.25,0.969452057370911,"LOW MED","R1"
2,17,3,153.335455447815,4,3,3.49919456471067,0,0.25,0.655488629509435,"LOW MED","R1"
2,24,10,158.648189404622,4,3,3.49867745662274,0,0.25,0.765427245726499,"LOW MED","R1"
2,26,12,161.681170851512,4,3,3.50115022438546,0,0.25,0.816170442301949,"LOW MED","R1"
2,28,14,144.953344557519,4,3,3.49960416696811,0,0.25,0.448235689357063,"LOW MED","R1"
3,35,7,128.9671214857,4,2,2.4993514976945,0,0.25,0.138128586654803,"LOW MED","R1"
1,1,1,172.328246220317,5,5,5.49977734828111,0,0.25,0.929013732923656,"LOW MED","R1"
1,5,5,186.758841978856,5,5,5.50097232850044,0,0.25,0.982652545207133,"LOW MED","R1"
1,12,12,180.569353364977,5,5,5.5007973128603,0,0.25,0.967965292114633,"LOW MED","R1"
1,14,14,197.282910160483,5,5,5.49957746464853,0,0.25,0.99397229786605,"LOW MED","R1"
2,17,3,171.428320212081,5,4,4.50137480371976,0,0.25,0.922746723083095,"LOW MED","R1"
2,24,10,178.239676786723,5,4,4.49977322626568,0,0.25,0.959760655125666,"LOW MED","R1"
2,26,12,182.152229957818,5,4,4.49840235175254,0,0.25,0.972590928094967,"LOW MED","R1"
2,27,13,160.342163983533,5,4,4.49988526401267,0,0.25,0.794890705163667,"LOW MED","R1"
2,28,14,160.792502392986,5,4,4.49976618560131,0,0.25,0.802245066310675,"LOW MED","R1"
3,39,11,146.789403229245,5,3,3.50060191182728,0,0.25,0.494654605896292,"LOW MED","R1"
4,44,4,133.659220014536,5,2,2.50018941296113,0,0.25,0.205132206192737,"LOW MED","R1"
4,51,11,127.107120045158,5,2,2.50084045553987,0,0.25,0.117142628721938,"LOW MED","R1"
1,1,1,181.554666231091,6,6,6.49981189877696,0,0.25,0.970926324701802,"LOW MED","R1"
1,5,5,198.108177881158,6,6,6.50076197118181,0,0.25,0.994454099108804,"LOW MED","R1"
1,12,12,190.982785277941,6,6,6.49893013661707,0,0.25,0.988633764663782,"LOW MED","R1"
1,14,14,210.309277670982,6,6,6.49998674123772,0,0.25,0.998386833107936,"LOW MED","R1"
2,17,3,185.65008287351,6,5,5.50059811822894,0,0.25,0.980625537656465,"LOW MED","R1"
2,26,12,198.61978695603,6,5,5.50069752117842,0,0.25,0.994733347524954,"LOW MED","R1"
2,27,13,172.402152791092,6,5,5.50179143084782,0,0.25,0.92950700460503,"LOW MED","R1"
2,28,14,172.93707834712,6,5,5.49935108751755,0,0.25,0.932983787630375,"LOW MED","R1"
3,39,11,163.110496659661,6,4,4.49969311739429,0,0.25,0.836954041612732,"LOW MED","R1"
3,40,12,161.015790337427,6,4,4.50196230149441,0,0.25,0.805817136858438,"LOW MED","R1"
4,42,2,152.975260141561,6,3,3.49901946314323,0,0.25,0.647183636007369,"LOW MED","R1"
4,44,4,158.036093382204,6,3,3.49983253584769,0,0.25,0.754085308847231,"LOW MED","R1"
4,47,7,146.246379815348,6,3,3.50063564371696,0,0.25,0.480880115251068,"LOW MED","R1"
4,48,8,152.494195411924,6,3,3.49936626520132,0,0.25,0.635952316461189,"LOW MED","R1"
4,50,10,136.231523617496,6,3,3.50001683058931,0,0.25,0.25098816065885,"LOW MED","R1"
4,51,11,148.852125569584,6,3,3.49928730253012,0,0.25,0.546874624090138,"LOW MED","R1"
1,1,1,188.620118004021,7,7,7.50076982742117,0,0.25,0.985596695466702,"LOW MED","R1"
1,5,5,207.047634428547,7,7,7.49925379666061,0,0.25,0.99775494829744,"LOW MED","R1"
1,12,12,199.08955060468,7,7,7.49904916496085,0,0.25,0.994977418376598,"LOW MED","R1"
2,17,3,196.828994330223,7,6,6.50058010542957,0,0.25,0.993689791243073,"LOW MED","R1"
2,27,13,181.638914502035,7,6,6.50039853904564,0,0.25,0.971166818117449,"LOW MED","R1"
2,28,14,182.24885657661,7,6,6.4986366134421,0,0.25,0.972851251660577,"LOW MED","R1"
3,39,11,175.694818196845,7,5,5.49998437918831,0,0.25,0.948507481158101,"LOW MED","R1"
3,40,12,173.202408807231,7,5,5.49969947494378,0,0.25,0.934648668667595,"LOW MED","R1"
4,42,2,170.968476310376,7,4,4.50196122110615,0,0.25,0.919352099554538,"LOW MED","R1"
4,44,4,177.452179515021,7,4,4.50167142507616,0,0.25,0.956556649855071,"LOW MED","R1"
4,47,7,162.424248572544,7,4,4.49817610199143,0,0.25,0.82722129678533,"LOW MED","R1"
4,48,8,170.354713926719,7,4,4.49926192186184,0,0.25,0.914609290029045,"LOW MED","R1"
4,51,11,165.722531319924,7,4,4.49951374876117,0,0.25,0.869998233026338,"LOW MED","R1"
5,59,7,138.274621988625,7,3,3.49988367838063,0,0.25,0.291954914539778,"LOW MED","R1"
5,60,8,147.637643982217,7,3,3.49841212381195,0,0.25,0.516179726553119,"LOW MED","R1"
5,61,9,145.807293674321,7,3,3.49997789903842,0,0.25,0.469762365826177,"LOW MED","R1"
1,1,1,194.030733247777,8,8,8.50031205787853,0,0.25,0.991633701330036,"LOW MED","R1"
1,5,5,214.088917200559,8,8,8.50024466858525,0,0.25,0.99890038763629,"LOW MED","R1"
2,17,3,205.616095080819,8,7,7.50016999004935,0,0.25,0.997404640640556,"LOW MED","R1"
2,27,13,188.713362767795,8,7,7.49981083025296,0,0.25,0.985730476686421,"LOW MED","R1"
2,28,14,189.388604734361,8,7,7.50082866807427,0,0.25,0.986663387518644,"LOW MED","R1"
3,39,11,185.397914942563,8,6,6.49916918203478,0,0.25,0.980133066675656,"LOW MED","R1"
4,44,4,192.91701764381,8,5,5.50202722172425,0,0.25,0.990641465951404,"LOW MED","R1"
4,48,8,184.35994316877,8,5,5.49970420965251,0,0.25,0.977973663592088,"LOW MED","R1"
4,51,11,178.811081233667,8,5,5.50001562459234,0,0.25,0.961942435553885,"LOW MED","R1"
5,59,7,152.417030152041,8,4,4.49925162474573,0,0.25,0.634136508888463,"LOW MED","R1"
5,60,8,164.183620845466,8,4,4.49935625808112,0,0.25,0.851282296747422,"LOW MED","R1"
6,65,2,143.387650640177,8,3,3.5026759796807,0,0.25,0.409321631169584,"LOW MED","R1"
6,70,7,152.146570863716,8,3,3.49886537845369,0,0.25,0.627742348097772,"LOW MED","R1"
6,72,9,148.403525753563,8,3,3.50110203340378,0,0.25,0.535565660842971,"LOW MED","R1"
1,1,1,198.174099908086,9,9,9.50001546054561,0,0.25,0.994490891280481,"LOW MED","R1"
1,5,5,219.635077955701,9,9,9.49967942718627,0,0.25,0.999373548300303,"LOW MED","R1"
2,17,3,212.523130698742,9,8,8.5012258118576,0,0.25,0.998711155229633,"LOW MED","R1"
2,27,13,194.131692246365,9,8,8.50081807209652,0,0.25,0.991718316319332,"LOW MED","R1"
3,39,11,192.879453472756,9,7,7.49963244199348,0,0.25,0.990606040481066,"LOW MED","R1"
4,44,4,205.234701893541,9,6,6.50012730111011,0,0.25,0.997302443730219,"LOW MED","R1"
4,47,7,184.463963364799,9,6,6.50103081736567,0,0.25,0.978200024173721,"LOW MED","R1"
4,48,8,195.342068125551,9,6,6.5010669973302,0,0.25,0.992668998689647,"LOW MED","R1"
4,51,11,188.965557740026,9,6,6.50110059164265,0,0.25,0.986086203772403,"LOW MED","R1"
5,60,8,176.973986338516,9,5,5.49886209139069,0,0.25,0.954493694088987,"LOW MED","R1"
6,69,6,150.109143771023,9,4,4.49952869925071,0,0.25,0.578270773974787,"LOW MED","R1"
6,70,7,169.911477758433,9,4,4.49913575414528,0,0.25,0.911028398398954,"LOW MED","R1"
6,71,8,143.626108459999,9,4,4.49996960468186,0,0.25,0.415187942987335,"LOW MED","R1"
6,72,9,165.153760106041,9,4,4.5006589009255,0,0.25,0.863326070831941,"LOW MED","R1"
6,76,13,147.074531759235,9,4,4.50197356751271,0,0.25,0.501891837670894,"LOW MED","R1"
7,79,3,150.04688314423,9,3,3.50029036550881,0,0.25,0.576728375878569,"LOW MED","R1"
8,99,11,145.71069553661,9,2,2.50000275446142,0,0.25,0.467320117467988,"LOW MED","R1"
1,5,5,224.003585813977,10,10,10.5004800689591,0,0.25,0.999597879767767,"LOW MED","R1"
2,17,3,217.952355010756,10,9,9.50032248876641,0,0.25,0.999256918425633,"LOW MED","R1"
2,27,13,198.281598109757,10,9,9.49838708733398,0,0.25,0.994550367858929,"LOW MED","R1"
3,39,11,198.648067374647,10,8,8.50232619359998,0,0.25,0.994748369081237,"LOW MED","R1"
4,44,4,215.045690150421,10,7,7.49997006338749,0,0.25,0.999002081741595,"LOW MED","R1"
4,47,7,191.843321315625,10,7,7.49989541123279,0,0.25,0.989574796630334,"LOW MED","R1"
4,48,8,203.953642165642,10,7,7.49902204204064,0,0.25,0.996928885024385,"LOW MED","R1"
4,51,11,196.843695027788,10,7,7.49927875581848,0,0.25,0.993699143513861,"LOW MED","R1"
5,59,7,171.004178016421,10,6,6.49979230285286,0,0.25,0.919620453709107,"LOW MED","R1"
5,60,8,186.861190388051,10,6,6.50069355479227,0,0.25,0.982828801538573,"LOW MED","R1"
5,61,9,183.71037311335,10,6,6.50015089943768,0,0.25,0.976507277284548,"LOW MED","R1"
6,69,6,160.322135055702,10,5,5.50094443011739,0,0.25,0.794558951757321,"LOW MED","R1"
6,72,9,178.131731997297,10,5,5.50063130000835,0,0.25,0.959335243231065,"LOW MED","R1"
7,77,1,164.77956774846,10,4,4.50118134873849,0,0.25,0.858780968332952,"LOW MED","R1"
7,79,3,167.239253459402,10,4,4.4995177364558,0,0.25,0.886445781509181,"LOW MED","R1"
7,84,8,166.930847162653,10,4,4.49966207784193,0,0.25,0.883255458010025,"LOW MED","R1"
8,92,4,150.472656005337,10,3,3.50062671829874,0,0.25,0.587244784664465,"LOW MED","R1"
8,97,9,154.921916183677,10,3,3.50089916173947,0,0.25,0.690900159479813,"LOW MED","R1"
8,99,11,175.278546483301,10,3,3.49919349817824,0,0.25,0.9464036442651,"LOW MED","R1"
9,107,7,121.788225694123,10,2,2.49953495824001,0,0.25,0.0717701047028836,"LOW MED","R1"
1,5,5,227.444499583043,11,11,11.4993367293099,0,0.25,0.999716416802069,"LOW MED","R1"
2,17,3,222.219956665174,11,10,10.5006690742323,0,0.25,0.999518085164227,"LOW MED","R1"
4,44,4,222.860104664149,11,8,8.49972162372767,0,0.25,0.999548397672189,"LOW MED","R1"
4,47,7,197.523792140572,11,8,8.50093554076624,0,0.25,0.994117074399435,"LOW MED","R1"
4,51,11,202.95578235065,11,8,8.4997942526275,0,0.25,0.996602539109965,"LOW MED","R1"
5,59,7,176.98755288421,11,7,7.50026182563705,0,0.25,0.954553486576142,"LOW MED","R1"
5,60,8,194.504193550881,11,7,7.49988917406605,0,0.25,0.992023236390512,"LOW MED","R1"
5,61,9,191.007781862608,11,7,7.49967301202869,0,0.25,0.988662248523266,"LOW MED","R1"
6,69,6,167.942621313325,11,6,6.49830793574128,0,0.25,0.893438398831371,"LOW MED","R1"
6,71,8,159.428324080925,11,6,6.5003461078477,0,0.25,0.779349106240087,"LOW MED","R1"
7,77,1,177.68502791874,11,5,5.50078949913024,0,0.25,0.957528567055869,"LOW MED","R1"
7,79,3,180.624798972294,11,5,5.49905350189439,0,0.25,0.968139396016504,"LOW MED","R1"
8,94,6,170.249964420269,11,4,4.50112786775804,0,0.25,0.913774998276081,"LOW MED","R1"
8,95,7,153.898775240891,11,4,4.49951018246835,0,0.25,0.668287326936992,"LOW MED","R1"
8,97,9,173.456644310818,11,4,4.50096587188703,0,0.25,0.936207769653518,"LOW MED","R1"
8,99,11,199.903044754363,11,4,4.5020078226727,0,0.25,0.995373751282985,"LOW MED","R1"
9,107,7,141.497732778069,11,3,3.4979350668308,0,0.25,0.363857964940885,"LOW MED","R1"
9,112,12,142.328864535103,11,3,3.50044378217416,0,0.25,0.383605737727795,"LOW MED","R1"
1,5,5,230.15478143448,12,12,12.5014795801927,0,0.25,0.9997846224775,"LOW MED","R1"
2,17,3,225.57447341271,12,11,11.498777186472,0,0.25,0.999657142654053,"LOW MED","R1"
3,39,11,206.52545080439,12,10,10.4998100929384,0,0.25,0.997632996373482,"LOW MED","R1"
4,44,4,229.084255849893,12,9,9.50079773884296,0,0.25,0.999759898755493,"LOW MED","R1"
4,47,7,201.896496244111,12,9,9.49976510328001,0,0.25,0.99621822116159,"LOW MED","R1"
4,51,11,207.697716906719,12,9,9.49965260376261,0,0.25,0.997898045681507,"LOW MED","R1"
5,59,7,181.479353753102,12,8,8.50049653305325,0,0.25,0.97070969285208,"LOW MED","R1"
5,60,8,200.412385295925,12,8,8.50079956464177,0,0.25,0.995605890204062,"LOW MED","R1"
5,61,9,196.617667645351,12,8,8.49965907493979,0,0.25,0.993553815458294,"LOW MED","R1"
7,79,3,191.046446795899,12,6,6.50107667631712,0,0.25,0.988706168673524,"LOW MED","R1"
8,94,6,184.234148703147,12,5,5.49982259029865,0,0.25,0.977696848999409,"LOW MED","R1"
8,99,11,220.410653379513,12,5,5.49914231821124,0,0.25,0.999420959109471,"LOW MED","R1"
9,106,6,168.183264612357,12,4,4.50122941786386,0,0.25,0.895742318798841,"LOW MED","R1"
9,107,7,156.447897296566,12,4,4.49885132511042,0,0.25,0.722975119492491,"LOW MED","R1"
9,110,10,164.127831215694,12,4,4.49959422794142,0,0.25,0.850563744788471,"LOW MED","R1"
9,112,12,157.490684308096,12,4,4.50149872230011,0,0.25,0.743672367489803,"LOW MED","R1"
10,113,1,149.942209208227,12,3,3.49853016983646,0,0.25,0.5741319030017,"LOW MED","R1"
10,115,3,146.109957778397,12,3,3.49885390429879,0,0.25,0.477423336118981,"LOW MED","R1"
10,116,4,157.497617433744,12,3,3.49861714447134,0,0.25,0.743806531551117,"LOW MED","R1"
10,118,6,157.07204628678,12,3,3.50127127967564,0,0.25,0.735486290175342,"LOW MED","R1"
10,119,7,136.01759149361,12,3,3.49945685267392,0,0.25,0.24692688172266,"LOW MED","R1"
11,129,5,126.973813671653,12,2,2.50034918267658,0,0.25,0.115750082196473,"LOW MED","R1"
1,5,5,232.289571262772,13,13,13.5001467575696,0,0.25,0.999826585602904,"LOW MED","R1"
2,17,3,228.211266515894,13,12,12.499478014675,0,0.25,0.999737651147323,"LOW MED","R1"
3,39,11,209.169765497937,13,11,11.5001264439694,0,0.25,0.998189326642407,"LOW MED","R1"
4,44,4,234.04176839481,13,10,10.4994105206914,0,0.25,0.999854844205614,"LOW MED","R1"
4,47,7,205.26250969024,13,10,10.5002996464426,0,0.25,0.997310028787967,"LOW MED","R1"
4,51,11,211.376647220744,13,10,10.5015470266117,0,0.25,0.998552276404978,"LOW MED","R1"
5,59,7,184.851409740166,13,9,9.50026901095351,0,0.25,0.979023310676422,"LOW MED","R1"
5,60,8,204.979533699836,13,9,9.49992334809485,0,0.25,0.997231838689336,"LOW MED","R1"
5,61,9,200.930269498527,13,9,9.49918646825204,0,0.25,0.99583003328643,"LOW MED","R1"
7,79,3,199.160478701034,13,7,7.49995393026617,0,0.25,0.995013278839996,"LOW MED","R1"
8,94,6,195.197173595258,13,6,6.50053475506979,0,0.25,0.992561159752041,"LOW MED","R1"
8,99,11,237.489661726928,13,6,6.50168462928413,0,0.25,0.999897713502692,"LOW MED","R1"
9,106,6,181.755214346087,13,5,5.50135017350869,0,0.25,0.971495636072162,"LOW MED","R1"
9,107,7,167.787978922058,13,5,5.49989972098868,0,0.25,0.8919342851963,"LOW MED","R1"
9,110,10,176.907446599882,13,5,5.50119095231894,0,0.25,0.954199343976592,"LOW MED","R1"
9,112,12,169.021502587844,13,5,5.49918821730813,0,0.25,0.903426950015511,"LOW MED","R1"
10,115,3,162.251935623089,13,4,4.49984657810151,0,0.25,0.824706420261649,"LOW MED","R1"
10,116,4,176.75998649725,13,4,4.50058646192657,0,0.25,0.953540556795571,"LOW MED","R1"
10,118,6,176.213318654196,13,4,4.50016706003069,0,0.25,0.951018820940028,"LOW MED","R1"
11,129,5,148.666690465723,13,3,3.49982964714018,0,0.25,0.54220509291046,"LOW MED","R1"
11,131,7,147.218346083148,13,3,3.50097283548248,0,0.25,0.505542072314714,"LOW MED","R1"
11,134,10,137.78802058103,13,3,3.49904441022069,0,0.25,0.281847827006535,"LOW MED","R1"
12,136,2,119.20511102567,13,2,2.50080408166062,0,0.25,0.0561425482016654,"LOW MED","R1"
12,143,9,129.132998601612,13,2,2.49993819612249,0,0.25,0.140145845844548,"LOW MED","R1"
2,17,3,230.283898251629,14,13,13.4995100312013,0,0.25,0.999787426954161,"LOW MED","R1"
3,39,11,211.208655017869,14,12,12.49956215315,0,0.25,0.998527407973342,"LOW MED","R1"
4,44,4,237.990408120867,14,11,11.4995150903584,0,0.25,0.999902783468794,"LOW MED","R1"
4,47,7,207.853594348895,14,11,11.5000681031352,0,0.25,0.9979309823326,"LOW MED","R1"
5,60,8,208.510029229343,14,10,10.5010660842912,0,0.25,0.998064127836004,"LOW MED","R1"
7,79,3,205.477859106887,14,8,8.49957318216478,0,0.25,0.997368053378656,"LOW MED","R1"
8,99,11,251.713286307578,14,7,7.49988183523081,0,0.25,0.999975864171582,"LOW MED","R1"
9,107,7,176.389720469028,14,6,6.50022032948253,0,0.25,0.951846420622973,"LOW MED","R1"
9,110,10,186.785033329986,14,6,6.49677338914803,0,0.25,0.982697818376077,"LOW MED","R1"
9,112,12,177.790883321244,14,6,6.50062049199377,0,0.25,0.957963509423688,"LOW MED","R1"
10,113,1,180.465641464477,14,5,5.50189589675288,0,0.25,0.967637155230814,"LOW MED","R1"
10,116,4,192.079569751501,14,5,5.50021882401861,0,0.25,0.98981937368912,"LOW MED","R1"
10,118,6,191.418626365625,14,5,5.49890624712012,0,0.25,0.989120423689662,"LOW MED","R1"
11,128,4,174.470741402867,14,4,4.49992616474958,0,0.25,0.942087762389636,"LOW MED","R1"
11,129,5,165.487374085796,14,4,4.5003158715857,0,0.25,0.867273880115254,"LOW MED","R1"
11,131,7,163.652983677054,14,4,4.49962584642602,0,0.25,0.844331578812142,"LOW MED","R1"
11,134,10,151.810288751941,14,4,4.49882943541847,0,0.25,0.619729454698304,"LOW MED","R1"
13,148,2,128.81420989019,14,2,2.50063425510224,0,0.25,0.136290655609471,"LOW MED","R1"
13,150,4,129.941265689296,14,2,2.49953356089027,0,0.25,0.150330164879433,"LOW MED","R1"
13,151,5,136.327361858001,14,2,2.50098137927558,0,0.25,0.252821891005862,"LOW MED","R1"
2,17,3,231.913075113017,15,14,14.499583468134,0,0.25,0.999819829453764,"LOW MED","R1"
3,39,11,212.780733592567,15,13,13.5017624249731,0,0.25,0.998744386209561,"LOW MED","R1"
7,79,3,210.396412011147,15,9,9.4996831941855,0,0.25,0.998401019061931,"LOW MED","R1"
9,107,7,182.914361127219,15,7,7.49958602833455,0,0.25,0.974580004153545,"LOW MED","R1"
9,112,12,184.460144477011,15,7,7.50007472179473,0,0.25,0.978191754170721,"LOW MED","R1"
10,113,1,190.863713576328,15,6,6.50034460533521,0,0.25,0.988497107298819,"LOW MED","R1"
10,116,4,204.26341018723,15,6,6.49988422108262,0,0.25,0.997023689969865,"LOW MED","R1"
10,118,6,203.497310486583,15,6,6.49972322719987,0,0.25,0.996783713313429,"LOW MED","R1"
11,129,5,178.530153064928,15,5,5.49948902532865,0,0.25,0.960884350841129,"LOW MED","R1"
11,134,10,162.320280758043,15,5,5.49908446956495,0,0.25,0.825707337925674,"LOW MED","R1"
12,142,8,155.445650872427,15,4,4.50086468111507,0,0.25,0.702139536745666,"LOW MED","R1"
13,151,5,161.814760741121,15,3,3.49841059860843,0,0.25,0.81819676804859,"LOW MED","R1"
13,158,12,155.739444990784,15,3,3.50036167335648,0,0.25,0.708340242410084,"LOW MED","R1"
14,160,1,131.260913671268,15,2,2.5011300285636,0,0.25,0.168257567433557,"LOW MED","R1"
10,113,1,198.956896005222,16,7,7.49902497438175,0,0.25,0.99490965960787,"LOW MED","R1"
10,116,4,213.953358360079,16,7,7.500283675609,0,0.25,0.998885165355041,"LOW MED","R1"
10,118,6,213.092289612472,16,7,7.49961963688571,0,0.25,0.998783435864371,"LOW MED","R1"
11,134,10,170.197746131119,16,6,6.49913821604318,0,0.25,0.913356346968338,"LOW MED","R1"
12,142,8,166.603820921509,16,5,5.50015249219729,0,0.25,0.879787835966798,"LOW MED","R1"
13,148,2,168.746205188652,16,4,4.50066665768221,0,0.25,0.90096061440624,"LOW MED","R1"
13,150,4,170.755005675783,16,4,4.49895522095896,0,0.25,0.917730416858426,"LOW MED","R1"
13,151,5,182.32495946051,16,4,4.50005902676036,0,0.25,0.973054588418916,"LOW MED","R1"
13,152,6,162.638580133716,16,4,4.49796003877231,0,0.25,0.830309486679279,"LOW MED","R1"
13,155,9,178.646590996486,16,4,4.49980336567611,0,0.25,0.961326283164514,"LOW MED","R1"
13,158,12,174.503755230815,16,4,4.50021351487709,0,0.25,0.942270369908701,"LOW MED","R1"
13,159,13,161.826614451024,16,4,4.49914304048697,0,0.25,0.818375726361014,"LOW MED","R1"
14,163,4,139.442947756936,16,3,3.49923135832462,0,0.25,0.31706660173353,"LOW MED","R1"
14,166,7,148.892974472803,16,3,3.50054467518086,0,0.25,0.547902181441568,"LOW MED","R1"
14,171,12,152.612323042671,16,3,3.4986873352035,0,0.25,0.638724526333947,"LOW MED","R1"
10,113,1,205.256102350664,17,8,8.49867114212527,0,0.25,0.997308282963268,"LOW MED","R1"
10,116,4,221.659885385592,17,8,8.50129544842956,0,0.25,0.999489901124558,"LOW MED","R1"
12,142,8,175.046096265226,17,6,6.49983525463732,0,0.25,0.945193810590218,"LOW MED","R1"
13,148,2,182.429878842242,17,5,5.5025908182137,0,0.25,0.973332492658646,"LOW MED","R1"
13,150,4,184.840790500076,17,5,5.5017438368625,0,0.25,0.979001156668849,"LOW MED","R1"
13,151,5,198.829909747431,17,5,5.50041702370027,0,0.25,0.994843944412185,"LOW MED","R1"
13,152,6,175.132784386254,17,5,5.49989898839857,0,0.25,0.945647975317929,"LOW MED","R1"
13,155,9,194.363538226867,17,5,5.49908709807985,0,0.25,0.99190943062543,"LOW MED","R1"
13,159,13,174.166471172206,17,5,5.4992773918431,0,0.25,0.940379073535125,"LOW MED","R1"
14,160,1,173.119711355912,17,4,4.49981009516099,0,0.25,0.934133932340993,"LOW MED","R1"
14,163,4,153.875752573405,17,4,4.50035625536939,0,0.25,0.66776893746919,"LOW MED","R1"
14,165,6,160.239778620584,17,4,4.49830745259139,0,0.25,0.793190643582147,"LOW MED","R1"
14,166,7,165.774342358902,17,4,4.50054724793208,0,0.25,0.870592045081049,"LOW MED","R1"
14,171,12,170.505384761404,17,4,4.4992298519827,0,0.25,0.915796494926253,"LOW MED","R1"
10,113,1,210.158994498604,18,9,9.49944229307471,0,0.25,0.998362070301353,"LOW MED","R1"
10,116,4,227.788974802332,18,9,9.49790080354355,0,0.25,0.999726161119544,"LOW MED","R1"
12,142,8,181.433524729359,18,7,7.50054338847635,0,0.25,0.970577103105655,"LOW MED","R1"
13,150,4,195.896068557688,18,6,6.49905454478398,0,0.25,0.993067197115219,"LOW MED","R1"
13,151,5,212.111759801678,18,6,6.49941920932315,0,0.25,0.99865625729281,"LOW MED","R1"
13,152,6,184.75550832332,18,6,6.49921316358838,0,0.25,0.978822407625152,"LOW MED","R1"
13,155,9,206.914000992655,18,6,6.50096399967851,0,0.25,0.997724349368511,"LOW MED","R1"
13,159,13,183.651751608437,18,6,6.5002183895048,0,0.25,0.976370346040277,"LOW MED","R1"
14,160,1,187.685696717395,18,5,5.49968957989687,0,0.25,0.98418594214036,"LOW MED","R1"
14,163,4,164.751766301642,18,5,5.49909848697964,0,0.25,0.858438289433233,"LOW MED","R1"
14,165,6,172.280574881932,18,5,5.49946274517368,0,0.25,0.928693872667267,"LOW MED","R1"
14,166,7,178.872986738098,18,5,5.49894251274174,0,0.25,0.962171872487822,"LOW MED","R1"
14,171,12,184.54091041062,18,5,5.50004419700547,0,0.25,0.97836600521846,"LOW MED","R1"
15,175,2,164.734261377809,18,4,4.50069040619921,0,0.25,0.858222168759425,"LOW MED","R1"
15,179,6,172.998876107458,18,4,4.49857942777916,0,0.25,0.933375035137488,"LOW MED","R1"
15,180,7,171.753454179686,18,4,4.49963361218535,0,0.25,0.925067367027929,"LOW MED","R1"
15,183,10,153.664505114278,18,4,4.49928301713499,0,0.25,0.662993519701162,"LOW MED","R1"
15,185,12,176.361341150796,18,4,4.50046982151154,0,0.25,0.9517141792116,"LOW MED","R1"
15,186,13,146.181049090217,18,4,4.50107227734973,0,0.25,0.479224460214877,"LOW MED","R1"
16,190,4,148.679499653562,18,3,3.49951707353907,0,0.25,0.54252789534797,"LOW MED","R1"
16,195,9,149.034074019335,18,3,3.50018824968626,0,0.25,0.551448357246801,"LOW MED","R1"
10,113,1,213.975086573715,19,10,10.5002284963454,0,0.25,0.998887619367176,"LOW MED","R1"
10,116,4,232.663509979336,19,10,10.4997220921572,0,0.25,0.99983304510896,"LOW MED","R1"
12,142,8,186.266255329028,19,8,8.4999575875913,0,0.25,0.981779086670413,"LOW MED","R1"
13,150,4,204.572842656944,19,7,7.49905734717062,0,0.25,0.997115478777109,"LOW MED","R1"
13,151,5,222.799919280916,19,7,7.50089782440111,0,0.25,0.999545630845226,"LOW MED","R1"
13,152,6,192.166689867767,19,7,7.50013290600289,0,0.25,0.989908124642967,"LOW MED","R1"
13,159,13,190.942804250847,19,7,7.50051979519609,0,0.25,0.988588058761137,"LOW MED","R1"
14,160,1,199.178419635045,19,6,6.49937799537831,0,0.25,0.995022309136696,"LOW MED","R1"
14,165,6,181.500327205036,19,6,6.49969893104771,0,0.25,0.970770178522462,"LOW MED","R1"
14,166,7,189.036528326096,19,6,6.50097618417948,0,0.25,0.986184723471988,"LOW MED","R1"
14,171,12,195.550539916539,19,6,6.49823335003511,0,0.25,0.992821438406022,"LOW MED","R1"
15,175,2,177.630954775591,19,5,5.50180590819572,0,0.25,0.957304733075781,"LOW MED","R1"
15,179,6,187.540144661038,19,5,5.49997622057632,0,0.25,0.983954280484479,"LOW MED","R1"
15,180,7,186.041093238118,19,5,5.49971232837184,0,0.25,0.981365587622446,"LOW MED","R1"
15,185,12,191.597553026861,19,5,5.50080518554656,0,0.25,0.989314193864989,"LOW MED","R1"
15,186,13,155.723733205812,19,5,5.49880169450337,0,0.25,0.708010562270259,"LOW MED","R1"
16,195,9,165.953332125963,19,4,4.50039232105073,0,0.25,0.872625719614487,"LOW MED","R1"
18,209,1,127.724661201529,19,2,2.50018578424131,0,0.25,0.123784382687719,"LOW MED","R1"
18,215,7,130.753448671539,19,2,2.49970511992664,0,0.25,0.161169642403183,"LOW MED","R1"
18,216,8,127.171218389191,19,2,2.5002767166104,0,0.25,0.117817372378112,"LOW MED","R1"
10,113,1,216.945284221616,20,11,11.4998528704459,0,0.25,0.999176983602619,"LOW MED","R1"
10,116,4,236.540283766801,20,11,11.4981943805041,0,0.25,0.999887364163916,"LOW MED","R1"
12,142,8,189.922700983195,20,9,9.50044650175805,0,0.25,0.987358447372205,"LOW MED","R1"
13,150,4,211.382839508872,20,8,8.500420836894,0,0.25,0.998553185011926,"LOW MED","R1"
13,151,5,231.400886208493,20,8,8.50134018397415,0,0.25,0.999810213829161,"LOW MED","R1"
13,152,6,197.874596718674,20,8,8.49962497725874,0,0.25,0.994321755956478,"LOW MED","R1"
13,159,13,196.547219322367,20,8,8.49878693571766,0,0.25,0.993507842400881,"LOW MED","R1"
14,160,1,208.246304627649,20,7,7.50058329569659,0,0.25,0.998011696014246,"LOW MED","R1"
14,165,6,188.559979328896,20,7,7.50044597383146,0,0.25,0.98550975778215,"LOW MED","R1"
14,166,7,196.922655670313,20,7,7.498218108308,0,0.25,0.993749141425956,"LOW MED","R1"
14,171,12,204.186621306508,20,7,7.49916976900528,0,0.25,0.99700046417814,"LOW MED","R1"
15,175,2,187.613351544869,20,6,6.50012295030943,0,0.25,0.984071211353467,"LOW MED","R1"
15,179,6,199.010294744355,20,6,6.50033581467373,0,0.25,0.994937043880705,"LOW MED","R1"
15,180,7,197.279968450203,20,6,6.5010667301593,0,0.25,0.993970508106867,"LOW MED","R1"
15,186,13,162.768631584333,20,6,6.50114296402016,0,0.25,0.832161827782914,"LOW MED","R1"
17,198,1,161.048412865044,20,4,4.50095180604499,0,0.25,0.806334898030554,"LOW MED","R1"
18,209,1,149.711895152335,20,3,3.49894943714781,0,0.25,0.568404661707144,"LOW MED","R1"
18,213,5,154.305315603944,20,3,3.500268131161,0,0.25,0.677373184772968,"LOW MED","R1"
19,224,3,125.55674504554,20,2,2.50027443164828,0,0.25,0.101818103734662,"LOW MED","R1"
13,150,4,216.72768963321,21,9,9.49908482338948,0,0.25,0.999158613912959,"LOW MED","R1"
13,152,6,202.270683958371,21,9,9.50023993730091,0,0.25,0.996358690698166,"LOW MED","R1"
13,159,13,200.855166313611,21,9,9.50074100256272,0,0.25,0.995798248174206,"LOW MED","R1"
14,160,1,215.400965783954,21,8,8.49899123055371,0,0.25,0.999037403093249,"LOW MED","R1"
14,165,6,193.965622166504,21,8,8.50049414168852,0,0.25,0.99157867680058,"LOW MED","R1"
14,171,12,210.960863957821,21,8,8.50186118497625,0,0.25,0.998489945973627,"LOW MED","R1"
15,175,2,195.340002259573,21,7,7.50100131439333,0,0.25,0.992667472110449,"LOW MED","R1"
15,179,6,208.057947117259,21,7,7.50002331156294,0,0.25,0.997973382792839,"LOW MED","R1"
15,180,7,206.120639432737,21,7,7.50025467361779,0,0.25,0.997533926980729,"LOW MED","R1"
15,186,13,167.969536545923,21,7,7.49979933607841,0,0.25,0.893698295724093,"LOW MED","R1"
16,195,9,189.281769071117,21,6,6.50059900592472,0,0.25,0.986519894828715,"LOW MED","R1"
17,198,1,173.24117945078,21,5,5.50126565312268,0,0.25,0.934888699706978,"LOW MED","R1"
17,201,4,149.483401256441,21,5,5.49882813133346,0,0.25,0.562704544525625,"LOW MED","R1"
18,209,1,166.813712480408,21,4,4.49926855694662,0,0.25,0.882023511375605,"LOW MED","R1"
18,213,5,172.667733539809,21,4,4.5008566308634,0,0.25,0.931253521603367,"LOW MED","R1"
18,216,8,165.835652671275,21,4,4.4997509816965,0,0.25,0.871291744681719,"LOW MED","R1"
18,220,12,147.24804431295,21,4,4.49817878030499,0,0.25,0.506295799511286,"LOW MED","R1"
19,224,3,146.699009945802,21,3,3.50122580688083,0,0.25,0.492360535516095,"LOW MED","R1"
19,231,10,155.129803394994,21,3,3.5010301966861,0,0.25,0.695389514244493,"LOW MED","R1"
20,234,1,129.024549098705,21,2,2.4999167088438,0,0.25,0.138824199287327,"LOW MED","R1"
13,152,6,205.656440510436,22,10,10.5004597986791,0,0.25,0.997415223016494,"LOW MED","R1"
13,159,13,204.166556894526,22,10,10.4986528107245,0,0.25,0.996994365717873,"LOW MED","R1"
14,160,1,221.046072256223,22,9,9.49909366471469,0,0.25,0.99945711707657,"LOW MED","R1"
15,175,2,201.320643246592,22,8,8.50214935075129,0,0.25,0.995991430126087,"LOW MED","R1"
15,180,7,213.074846321464,22,8,8.50051935260143,0,0.25,0.998781281976811,"LOW MED","R1"
16,195,9,197.195536390055,22,7,7.50058069263899,0,0.25,0.993918913244204,"LOW MED","R1"
17,201,4,155.782764279137,22,6,6.50005619290633,0,0.25,0.70924807510468,"LOW MED","R1"
18,209,1,180.115620149975,22,5,5.50091584967667,0,0.25,0.966505562781895,"LOW MED","R1"
18,216,8,178.946246935463,22,5,5.50050860950451,0,0.25,0.962441676068219,"LOW MED","R1"
18,220,12,156.970657659439,22,5,5.5004577405708,0,0.25,0.733478738188009,"LOW MED","R1"
19,222,1,160.127016882667,22,4,4.50089251593397,0,0.25,0.791306258798167,"LOW MED","R1"
19,224,3,162.996221644049,22,4,4.49701141529775,0,0.25,0.835364529542699,"LOW MED","R1"
19,233,12,167.69630659223,22,4,4.50132867090642,0,0.25,0.891033859917652,"LOW MED","R1"
20,234,1,151.525641592726,22,3,3.4988096829445,0,0.25,0.612895355194595,"LOW MED","R1"
20,239,6,146.366424207569,22,3,3.50064910183222,0,0.25,0.483923429250724,"LOW MED","R1"
21,254,9,127.149860135373,22,2,2.49893206011389,0,0.25,0.117592167299334,"LOW MED","R1"
13,159,13,206.711924235782,23,11,11.5007814860783,0,0.25,0.997677286380533,"LOW MED","R1"
14,160,1,225.500123452648,23,10,10.5015016573207,0,0.25,0.999654545552306,"LOW MED","R1"
15,180,7,218.545131727036,23,9,9.49879850675669,0,0.25,0.999300291930794,"LOW MED","R1"
16,195,9,203.338584700243,23,8,8.49979435490311,0,0.25,0.996731631122626,"LOW MED","R1"
17,201,4,160.363327763285,23,7,7.50146893364666,0,0.25,0.795240823839633,"LOW MED","R1"
18,209,1,190.461932723389,23,6,6.49946587321525,0,0.25,0.988023894284652,"LOW MED","R1"
18,220,12,164.169448907485,23,6,6.50042491392295,0,0.25,0.851100037498654,"LOW MED","R1"
19,222,1,172.146692025955,23,5,5.49965522546735,0,0.25,0.927788431045301,"LOW MED","R1"
19,224,3,175.558693564178,23,5,5.49976730264378,0,0.25,0.947828246674407,"LOW MED","R1"
20,234,1,169.120346907494,23,4,4.49939714964321,0,0.25,0.904299010956594,"LOW MED","R1"
20,237,4,170.559808899668,23,4,4.50108008522476,0,0.25,0.916221630522796,"LOW MED","R1"
20,239,6,162.575905352274,23,4,4.50006581007502,0,0.25,0.829411008982038,"LOW MED","R1"
20,240,7,157.26710819272,23,4,4.49787911237864,0,0.25,0.739321286003666,"LOW MED","R1"
21,246,1,150.80225240048,23,3,3.49949678421637,0,0.25,0.595331873507395,"LOW MED","R1"
21,249,4,155.455694316364,23,3,3.49852173959841,0,0.25,0.702352759701822,"LOW MED","R1"
21,253,8,132.784702857043,23,3,3.49894136020775,0,0.25,0.191032846359886,"LOW MED","R1"
21,257,12,153.363441802834,23,3,3.50072476891301,0,0.25,0.656130027346097,"LOW MED","R1"
22,258,1,123.420316531428,23,2,2.50191484927224,0,0.25,0.0836236054705857,"LOW MED","R1"
14,160,1,229.014418915068,24,11,11.5008188735444,0,0.25,0.999758190630095,"LOW MED","R1"
15,180,7,222.848141818225,24,10,10.4993494056721,0,0.25,0.999547849063593,"LOW MED","R1"
16,195,9,208.107115416452,24,9,9.50010519634726,0,0.25,0.997983454456798,"LOW MED","R1"
17,201,4,163.694071166502,24,8,8.50115695900506,0,0.25,0.844879103485878,"LOW MED","R1"
18,220,12,169.499558579251,24,7,7.49931673533096,0,0.25,0.907579613213387,"LOW MED","R1"
19,224,3,185.242294886055,24,6,6.50078743196529,0,0.25,0.979823050636967,"LOW MED","R1"
20,234,1,182.878507992153,24,5,5.50022881286245,0,0.25,0.974489665186279,"LOW MED","R1"
20,237,4,184.606285376554,24,5,5.50059419979871,0,0.25,0.978506052833524,"LOW MED","R1"
20,240,7,168.756906284475,24,5,5.50044059281642,0,0.25,0.901057521898814,"LOW MED","R1"
21,246,1,168.199611320482,24,4,4.50143926906076,0,0.25,0.895897214998646,"LOW MED","R1"
21,252,7,175.217796863711,24,4,4.50050436222374,0,0.25,0.946089914401077,"LOW MED","R1"
21,254,9,165.797955851067,24,4,4.49919235725558,0,0.25,0.870861915036741,"LOW MED","R1"
21,257,12,171.464059487187,24,4,4.49987321150117,0,0.25,0.923004998779288,"LOW MED","R1"
22,266,9,144.109981515273,24,3,3.50007441035216,0,0.25,0.427164244076435,"LOW MED","R1"
14,160,1,231.787236750458,25,12,12.4979900335311,0,0.25,0.999817513128595,"LOW MED","R1"
15,180,7,226.232955310044,25,11,11.5046198349701,0,0.25,0.999679308564853,"LOW MED","R1"
16,195,9,211.808679207465,25,10,10.4990361970654,0,0.25,0.998614322365088,"LOW MED","R1"
17,201,4,166.116011536167,25,9,9.50035316843383,0,0.25,0.874450339106631,"LOW MED","R1"
18,220,12,173.446064059703,25,8,8.50061048142189,0,0.25,0.936143583097197,"LOW MED","R1"
20,234,1,193.63668740153,25,6,6.50118877360443,0,0.25,0.99129516572786,"LOW MED","R1"
20,240,7,177.490196778251,25,6,6.50031403044012,0,0.25,0.956716773029691,"LOW MED","R1"
21,246,1,181.77479934699,25,5,5.50052185924825,0,0.25,0.97155065007291,"LOW MED","R1"
21,252,7,190.216002829517,25,5,5.50133012431762,0,0.25,0.987724804982042,"LOW MED","R1"
21,254,9,178.901202097144,25,5,5.49964798683057,0,0.25,0.962276004128974,"LOW MED","R1"
21,255,10,185.692522203697,25,5,5.49896739064599,0,0.25,0.980707234781874,"LOW MED","R1"
22,258,1,159.270212868323,25,4,4.49823761144808,0,0.25,0.776576120925322,"LOW MED","R1"
22,263,6,160.157525847949,25,4,4.49922511358341,0,0.25,0.79181734481923,"LOW MED","R1"
23,271,1,159.465535565582,25,3,3.50005540083085,0,0.25,0.779998130080204,"LOW MED","R1"
23,279,9,142.800420517185,25,3,3.49724816820151,0,0.25,0.39498790772698,"LOW MED","R1"
15,180,7,228.89550132588,26,12,12.500122596851,0,0.25,0.999755254049343,"LOW MED","R1"
20,234,1,202.049034334538,26,7,7.49977304107906,0,0.25,0.996276124016368,"LOW MED","R1"
21,246,1,192.36754108454,26,6,6.50112454155493,0,0.25,0.990109828192123,"LOW MED","R1"
21,252,7,202.10443308979,26,6,6.49889845994506,0,0.25,0.996296933808399,"LOW MED","R1"
21,254,9,189.068876645095,26,6,6.4994494326507,0,0.25,0.986229400142611,"LOW MED","R1"
21,255,10,196.877934733374,26,6,6.50162294337266,0,0.25,0.993720872722091,"LOW MED","R1"
22,258,1,171.129968459911,26,5,5.50183508832256,0,0.25,0.920559483142983,"LOW MED","R1"
23,271,1,179.292346581474,26,4,4.49737695337301,0,0.25,0.963691479346186,"LOW MED","R1"
23,275,5,167.308080577159,26,4,4.49949564884781,0,0.25,0.887147312040758,"LOW MED","R1"
23,276,6,174.27558922306,26,4,4.49987161087186,0,0.25,0.940997210421261,"LOW MED","R1"
23,278,8,139.032171502083,26,4,4.49981475545096,0,0.25,0.308105212414564,"LOW MED","R1"
23,280,10,163.083672561766,26,4,4.50178857522748,0,0.25,0.83658204430166,"LOW MED","R1"
24,284,3,137.079593285994,26,3,3.50164171639126,0,0.25,0.267519846489484,"LOW MED","R1"
24,295,14,156.363447052574,26,3,3.50021768558731,0,0.25,0.721254534829868,"LOW MED","R1"
20,234,1,208.627060060676,27,8,8.50069157703845,0,0.25,0.998086950809387,"LOW MED","R1"
21,252,7,211.527878425558,27,7,7.50006727397564,0,0.25,0.998574304757193,"LOW MED","R1"
21,254,9,196.95864714712,27,7,7.49830891186667,0,0.25,0.99377180024598,"LOW MED","R1"
21,255,10,205.670841491123,27,7,7.49878878445497,0,0.25,0.9974189898799,"LOW MED","R1"
22,258,1,180.1894863188,27,6,6.50062103727079,0,0.25,0.966747503148384,"LOW MED","R1"
23,275,5,180.707176449359,27,5,5.4990975181976,0,0.25,0.968396379528179,"LOW MED","R1"
23,279,9,169.722748455944,27,5,5.50097626055773,0,0.25,0.909462916867286,"LOW MED","R1"
23,280,10,175.662863690963,27,5,5.49925894249159,0,0.25,0.948348789680339,"LOW MED","R1"
24,288,7,162.769547441407,27,4,4.49944412123718,0,0.25,0.832174815038346,"LOW MED","R1"
24,291,10,177.790141738193,27,4,4.49660287578661,0,0.25,0.95796047724529,"LOW MED","R1"
24,295,14,175.303851578951,27,4,4.50089429917515,0,0.25,0.946533818833438,"LOW MED","R1"
25,299,4,153.975549646371,27,3,3.49845965245108,0,0.25,0.670013064592086,"LOW MED","R1"
25,300,5,144.094124080224,27,3,3.50184614904083,0,0.25,0.426770320936516,"LOW MED","R1"
25,301,6,152.573417851694,27,3,3.50231640652886,0,0.25,0.637812511989124,"LOW MED","R1"
26,315,7,138.252788342421,27,2,2.49999834116269,0,0.25,0.291496870639254,"LOW MED","R1"
17,201,4,170.088874917968,28,12,12.5003689076386,0,0.25,0.912477569079276,"LOW MED","R1"
20,234,1,213.770740272431,28,9,9.50040410027997,0,0.25,0.998864325350988,"LOW MED","R1"
21,252,7,218.997436647467,28,8,8.50022482771954,0,0.25,0.999331677382967,"LOW MED","R1"
21,254,9,203.080841389378,28,8,8.50037680170766,0,0.25,0.996645261978081,"LOW MED","R1"
21,255,10,212.582987918028,28,8,8.50042442735951,0,0.25,0.998718954356261,"LOW MED","R1"
22,258,1,187.109937857761,28,7,7.49955288705524,0,0.25,0.983249872243341,"LOW MED","R1"
23,279,9,178.58812255164,28,6,6.49909553139175,0,0.25,0.96110497238924,"LOW MED","R1"
23,280,10,185.361382322179,28,6,6.4986763965091,0,0.25,0.980060710617512,"LOW MED","R1"
24,284,3,161.283221853685,28,5,5.50020458421396,0,0.25,0.810030672414693,"LOW MED","R1"
24,288,7,175.288731040942,28,5,5.49940633157446,0,0.25,0.946456071617852,"LOW MED","R1"
24,291,10,193.326126866577,28,5,5.49994372649785,0,0.25,0.991018816470476,"LOW MED","R1"
24,295,14,190.319908635796,28,5,5.50134207477229,0,0.25,0.987852060270858,"LOW MED","R1"
25,296,1,164.989234363722,28,4,4.49978177256929,0,0.25,0.861343025383887,"LOW MED","R1"
25,299,4,172.246113068044,28,4,4.49962979984721,0,0.25,0.928461816236134,"LOW MED","R1"
25,304,9,174.299791476239,28,4,4.49998839815512,0,0.25,0.941133496233485,"LOW MED","R1"
26,314,6,148.859636096307,28,3,3.50122328827294,0,0.25,0.547063582213764,"LOW MED","R1"
26,315,7,164.555367542468,28,3,3.50092292965298,0,0.25,0.85599767609769,"LOW MED","R1"
26,317,9,156.454960377561,28,3,3.50116886159082,0,0.25,0.723118725106132,"LOW MED","R1"
26,318,10,130.97595370784,28,3,3.49974105087818,0,0.25,0.164247300321526,"LOW MED","R1"
27,322,2,129.28182346496,28,2,2.49832603437079,0,0.25,0.141976661962035,"LOW MED","R1"
27,323,3,138.342441095858,28,2,2.50138450193629,0,0.25,0.293380371845585,"LOW MED","R1"
27,324,4,136.143314000021,28,2,2.5001178763329,0,0.25,0.249308227341412,"LOW MED","R1"
27,327,7,141.758021279187,28,2,2.49950072172587,0,0.25,0.369996793877196,"LOW MED","R1"
17,201,4,170.765974468408,29,13,13.5004606500415,0,0.25,0.917814462610578,"LOW MED","R1"
20,234,1,217.792835536618,29,10,10.4989316404771,0,0.25,0.999244794356462,"LOW MED","R1"
21,252,7,224.918232921279,29,9,9.50110077694145,0,0.25,0.999633528595455,"LOW MED","R1"
21,254,9,207.831456420615,29,9,9.50100454339447,0,0.25,0.997926336191479,"LOW MED","R1"
21,255,10,218.016659574431,29,9,9.50079938126032,0,0.25,0.99926175062819,"LOW MED","R1"
22,258,1,192.396383587997,29,8,8.50151207685763,0,0.25,0.990138463478604,"LOW MED","R1"
23,279,9,185.340367207868,29,7,7.49946560026516,0,0.25,0.980018971439781,"LOW MED","R1"
23,280,10,192.838911097596,29,7,7.49976205086637,0,0.25,0.990567657319819,"LOW MED","R1"
24,288,7,184.933724079125,29,6,6.49958910283905,0,0.25,0.979194261934745,"LOW MED","R1"
24,291,10,205.709442097925,29,6,6.49842143967653,0,0.25,0.997429059652165,"LOW MED","R1"
24,295,14,202.224721398398,29,6,6.50015168638787,0,0.25,0.99634172044156,"LOW MED","R1"
25,296,1,177.935300940111,29,5,5.49975960636346,0,0.25,0.958550033475002,"LOW MED","R1"
25,299,4,186.633837301038,29,5,5.50054972472891,0,0.25,0.98243485980485,"LOW MED","R1"
25,304,9,189.108171021803,29,5,5.49966645871717,0,0.25,0.986283478504545,"LOW MED","R1"
26,312,4,151.517017490287,29,4,4.49818477944044,0,0.25,0.612687588425814,"LOW MED","R1"
26,314,6,165.732057113691,29,4,4.49841284843038,0,0.25,0.870107582813297,"LOW MED","R1"
26,315,7,185.8758919639,29,4,4.49978643044494,0,0.25,0.981056362353313,"LOW MED","R1"
26,317,9,175.421252550366,29,4,4.5006930710837,0,0.25,0.947133859873893,"LOW MED","R1"
27,323,3,164.683257421735,29,3,3.4994271642338,0,0.25,0.857590888942473,"LOW MED","R1"
27,325,5,150.46961476845,29,3,3.50011618567013,0,0.25,0.587169937001533,"LOW MED","R1"
27,326,6,147.462968964926,29,3,3.49980418588007,0,0.25,0.511749421679186,"LOW MED","R1"
27,330,10,150.218511996629,29,3,3.49852985737786,0,0.25,0.580976469395135,"LOW MED","R1"
27,331,11,142.775511969967,29,3,3.50101868904664,0,0.25,0.394383701414036,"LOW MED","R1"
28,339,6,127.296260176774,29,2,2.49992156957395,0,0.25,0.119143343543181,"LOW MED","R1"
20,234,1,220.937908645405,30,11,11.5000145933997,0,0.25,0.999451125509892,"LOW MED","R1"
21,254,9,211.517772516117,30,10,10.4990010872424,0,0.25,0.998572843222116,"LOW MED","R1"
21,255,10,222.288095080292,30,10,10.5000293388065,0,0.25,0.999521406077776,"LOW MED","R1"
22,258,1,196.434632870055,30,9,9.50077124530042,0,0.25,0.99343369375127,"LOW MED","R1"
23,280,10,198.604063355717,30,8,8.4998673402621,0,0.25,0.994724977226317,"LOW MED","R1"
24,288,7,192.364391579685,30,7,7.50011104300546,0,0.25,0.990106696333732,"LOW MED","R1"
24,291,10,215.57984908221,30,7,7.49909907732689,0,0.25,0.999054712019704,"LOW MED","R1"
24,295,14,211.662922543751,30,7,7.49978351538038,0,0.25,0.998593692255497,"LOW MED","R1"
25,296,1,187.961942793795,30,6,6.50051314349525,0,0.25,0.984616602465083,"LOW MED","R1"
26,312,4,161.97551966676,30,5,5.5004117100132,0,0.25,0.820612115826803,"LOW MED","R1"
26,315,7,203.158028371423,30,5,5.50068615288365,0,0.25,0.996671363062145,"LOW MED","R1"
26,317,9,190.461678754649,30,5,5.50221934621204,0,0.25,0.988023589162767,"LOW MED","R1"
27,323,3,186.041937950857,30,4,4.50166670364088,0,0.25,0.981367155969606,"LOW MED","R1"
27,326,6,163.962521275814,30,4,4.49906270249949,0,0.25,0.848417797553492,"LOW MED","R1"
28,336,3,147.113885694924,30,3,3.50007883867141,0,0.25,0.502890739164538,"LOW MED","R1"
28,337,4,146.214813717213,30,3,3.49920205510534,0,0.25,0.480080091348713,"LOW MED","R1"
28,339,6,149.115325598668,30,3,3.50014879568821,0,0.25,0.553488060175285,"LOW MED","R1"
28,345,12,147.878172168597,30,3,3.49880693712347,0,0.25,0.522275971351531,"LOW MED","R1"
29,350,5,136.017902842375,30,2,2.50072383259718,0,0.25,0.246932760143853,"LOW MED","R1"
21,255,10,225.645891140574,31,11,11.4989009908075,0,0.25,0.999659618950124,"LOW MED","R1"
23,280,10,203.04897845502,31,9,9.50073687030876,0,0.25,0.996634428010981,"LOW MED","R1"
24,288,7,198.089104836116,31,8,8.49920490550402,0,0.25,0.994443408625171,"LOW MED","R1"
24,291,10,223.447284596473,31,8,8.499455153644,0,0.25,0.999574523231382,"LOW MED","R1"
25,296,1,195.727509753368,31,7,7.50155709264049,0,0.25,0.992948370666301,"LOW MED","R1"
26,312,4,169.808350055841,31,6,6.49968981162717,0,0.25,0.910176020087616,"LOW MED","R1"
26,315,7,217.166700620965,31,6,6.50015832528428,0,0.25,0.999195264633079,"LOW MED","R1"
26,317,9,202.388860849359,31,6,6.50026655796613,0,0.25,0.996401964631293,"LOW MED","R1"
27,323,3,203.360810240209,31,5,5.5013059429316,0,0.25,0.996738974222972,"LOW MED","R1"
28,337,4,162.384374583185,31,4,4.49974401398588,0,0.25,0.826641893054184,"LOW MED","R1"
28,338,5,161.074812199067,31,4,4.49944980629,0,0.25,0.806753120773229,"LOW MED","R1"
28,339,6,166.056420223454,31,4,4.50176427220495,0,0.25,0.873784572619696,"LOW MED","R1"
28,345,12,164.488173466346,31,4,4.49936151785322,0,0.25,0.855154667467304,"LOW MED","R1"
29,346,1,148.703421008711,31,3,3.4999074848688,0,0.25,0.543130638048868,"LOW MED","R1"
29,350,5,161.375359454848,31,3,3.49931779529205,0,0.25,0.811466047760726,"LOW MED","R1"
29,355,10,154.481288245105,31,3,3.50027619362147,0,0.25,0.681265361090384,"LOW MED","R1"
29,356,11,151.578792820816,31,3,3.50002051873325,0,0.25,0.614174933920125,"LOW MED","R1"
21,255,10,228.285470824493,32,12,12.4986681694418,0,0.25,0.999739619780345,"LOW MED","R1"
24,288,7,202.499521782627,32,9,9.49951244216811,0,0.25,0.996442021670132,"LOW MED","R1"
24,291,10,229.718205508815,32,9,9.50022013479829,0,0.25,0.999774862970366,"LOW MED","R1"
25,296,1,201.741889351604,32,8,8.5002694599072,0,0.25,0.996158617740733,"LOW MED","R1"
26,312,4,175.67469983221,32,7,7.49897878396586,0,0.25,0.948407623806547,"LOW MED","R1"
26,317,9,211.847214674455,32,7,7.5002525381123,0,0.25,0.998619725902988,"LOW MED","R1"
27,323,3,217.40396880358,32,6,6.50033393602954,0,0.25,0.999214404335262,"LOW MED","R1"
28,337,4,174.830160565175,32,5,5.50051076898458,0,0.25,0.944046920679909,"LOW MED","R1"
28,338,5,173.272555122288,32,5,5.49936608179006,0,0.25,0.935082347363685,"LOW MED","R1"
28,339,6,179.210085677794,32,5,5.49995949759198,0,0.25,0.963398101520954,"LOW MED","R1"
28,345,12,177.337297170358,32,5,5.49891923736826,0,0.25,0.956069339232719,"LOW MED","R1"
29,353,8,153.51828253383,32,4,4.49846529328728,0,0.25,0.659668373488289,"LOW MED","R1"
29,354,9,164.361350219907,32,4,4.50088033206749,0,0.25,0.85355239175994,"LOW MED","R1"
29,355,10,172.892807763622,32,4,4.50029366771145,0,0.25,0.932702196413216,"LOW MED","R1"
29,356,11,169.188038147302,32,4,4.50063582728658,0,0.25,0.904892153002821,"LOW MED","R1"
30,360,3,152.264610149427,32,3,3.50043379622141,0,0.25,0.630538666506281,"LOW MED","R1"
30,363,6,146.131921486601,32,3,3.50105280964404,0,0.25,0.477979734127429,"LOW MED","R1"
30,365,8,157.735596572385,32,3,3.49987839876824,0,0.25,0.748383728120304,"LOW MED","R1"
31,372,5,139.908919707705,32,2,2.50116425975201,0,0.25,0.327398653533337,"LOW MED","R1"
31,377,10,122.850119800802,32,2,2.49889969981363,0,0.25,0.0792927971526192,"LOW MED","R1"
24,288,7,205.897382386425,33,10,10.5002520725667,0,0.25,0.997477530715959,"LOW MED","R1"
24,291,10,234.716587639506,33,10,10.4995808914167,0,0.25,0.999864455334715,"LOW MED","R1"
25,296,1,206.399986067528,33,9,9.49980312588648,0,0.25,0.997602723621189,"LOW MED","R1"
26,317,9,219.347767308793,33,8,8.4991777970227,0,0.25,0.999355016673633,"LOW MED","R1"
27,323,3,228.790986338044,33,7,7.49842045727993,0,0.25,0.999752643706565,"LOW MED","R1"
28,338,5,182.631527287787,33,6,6.50004295526774,0,0.25,0.973858800210215,"LOW MED","R1"
28,339,6,189.423057077621,33,6,6.49926883058321,0,0.25,0.986709338916909,"LOW MED","R1"
28,345,12,187.277090491346,33,6,6.49985586371435,0,0.25,0.98352710347774,"LOW MED","R1"
29,346,1,178.585786389863,33,5,5.500843282175,0,0.25,0.9610961045077,"LOW MED","R1"
29,350,5,198.139075644912,33,5,5.49928884896551,0,0.25,0.994471373985639,"LOW MED","R1"
29,355,10,187.412395915804,33,5,5.49971992826619,0,0.25,0.983748206136172,"LOW MED","R1"
30,358,1,157.788218936781,33,4,4.49916500828093,0,0.25,0.749388484987474,"LOW MED","R1"
30,360,3,170.061956756001,33,4,4.49939457986448,0,0.25,0.912259054142362,"LOW MED","R1"
30,365,8,177.065832908865,33,4,4.49849007910703,0,0.25,0.954897034948852,"LOW MED","R1"
31,370,3,156.20402389628,33,3,3.5005008780862,0,0.25,0.717988649197718,"LOW MED","R1"
31,371,4,143.651756671578,33,3,3.49836533944096,0,0.25,0.415820381608281,"LOW MED","R1"
31,372,5,166.921853310831,33,3,3.49923872844095,0,0.25,0.883161263586345,"LOW MED","R1"
24,288,7,208.515152275955,34,11,11.5009546672309,0,0.25,0.998065132580143,"LOW MED","R1"
24,291,10,238.700663387493,34,11,11.49861792887,0,0.25,0.999909546706063,"LOW MED","R1"
27,323,3,238.0242487658,34,8,8.49816804378667,0,0.25,0.999903116891635,"LOW MED","R1"
28,338,5,189.8123934977,34,7,7.49926667955608,0,0.25,0.98721788882811,"LOW MED","R1"
28,339,6,197.352769535016,34,7,7.49944696992823,0,0.25,0.99401464602236,"LOW MED","R1"
28,345,12,194.966291213502,34,7,7.49949672583673,0,0.25,0.992386061601002,"LOW MED","R1"
29,350,5,211.306555093815,34,6,6.49879020965967,0,0.25,0.998541951833426,"LOW MED","R1"
30,358,1,169.373733147176,34,5,5.49934350818951,0,0.25,0.906502436800394,"LOW MED","R1"
30,365,8,192.449520293553,34,5,5.50086803110972,0,0.25,0.990191003681498,"LOW MED","R1"
31,372,5,188.953342458642,34,4,4.50203902633294,0,0.25,0.986069177075607,"LOW MED","R1"
31,374,7,170.345584080655,34,4,4.5008792837318,0,0.25,0.914536866253267,"LOW MED","R1"
31,378,11,165.887566236019,34,4,4.49975677559187,0,0.25,0.871881681237124,"LOW MED","R1"
32,386,6,175.470754186315,34,3,3.49950505522777,0,0.25,0.947384954414075,"LOW MED","R1"
32,388,8,151.556932360358,34,3,3.50164278077939,0,0.25,0.613648848475835,"LOW MED","R1"
32,393,13,152.336969564397,34,3,3.50030004491472,0,0.25,0.632248532460569,"LOW MED","R1"
27,323,3,245.511120091129,35,9,9.50234000184106,0,0.25,0.999954695928263,"LOW MED","R1"
28,338,5,195.322062573838,35,8,8.49954146737756,0,0.25,0.992654202239934,"LOW MED","R1"
28,339,6,203.509678939269,35,8,8.49974771953023,0,0.25,0.996787736819929,"LOW MED","R1"
28,345,12,200.914484081936,35,8,8.50036563867316,0,0.25,0.995823372529478,"LOW MED","R1"
29,350,5,221.890192890305,35,7,7.49906849340425,0,0.25,0.999501684853459,"LOW MED","R1"
30,358,1,178.191267989627,35,6,6.50137955657327,0,0.25,0.959570405273885,"LOW MED","R1"
30,365,8,204.692404106782,35,6,6.50119737127658,0,0.25,0.997150184147533,"LOW MED","R1"
31,372,5,206.922013362789,35,5,5.49914120090917,0,0.25,0.997726195683886,"LOW MED","R1"
31,374,7,184.348978489604,35,5,5.50191406964959,0,0.25,0.977949669682,"LOW MED","R1"
31,378,11,179.008282825342,35,5,5.50101906861132,0,0.25,0.962668695803486,"LOW MED","R1"
31,379,12,164.661795889946,35,5,5.5008131936142,0,0.25,0.857324558031416,"LOW MED","R1"
32,385,5,144.145420433279,35,4,4.49989284442551,0,0.25,0.428044934736529,"LOW MED","R1"
32,386,6,200.156388310485,35,4,4.49912486782867,0,0.25,0.995490703106024,"LOW MED","R1"
32,388,8,169.160196893756,35,4,4.49710012681032,0,0.25,0.904648594338895,"LOW MED","R1"
32,389,9,175.864261277042,35,4,4.50047025812753,0,0.25,0.949341286103605,"LOW MED","R1"
32,392,12,156.531600218762,35,4,4.50044090599149,0,0.25,0.724673998714474,"LOW MED","R1"
32,393,13,170.154215372079,35,4,4.49760494192815,0,0.25,0.913005941193071,"LOW MED","R1"
33,403,10,147.212189899444,35,3,3.50066624072399,0,0.25,0.505385827983112,"LOW MED","R1"
33,404,11,144.302567739978,35,3,3.50070537164716,0,0.25,0.431955616205513,"LOW MED","R1"
33,405,12,164.447063276534,35,3,3.50105828975668,0,0.25,0.854636885559268,"LOW MED","R1"
34,408,2,125.881225482813,35,2,2.50002972451028,0,0.25,0.104870756763235,"LOW MED","R1"
27,323,3,251.581914967873,36,10,10.5016890851682,0,0.25,0.999975540088469,"LOW MED","R1"
28,339,6,208.290121309135,36,9,9.49989798787805,0,0.25,0.998020504486712,"LOW MED","R1"
29,350,5,230.397013762285,36,8,8.50001176916717,0,0.25,0.999789853855474,"LOW MED","R1"
30,358,1,184.902141524105,36,7,7.49988929631796,0,0.25,0.979128832783021,"LOW MED","R1"
31,372,5,221.577088736739,36,6,6.5001206884672,0,0.25,0.999485597097806,"LOW MED","R1"
31,374,7,195.32943799968,36,6,6.49884842472066,0,0.25,0.992659660678199,"LOW MED","R1"
31,378,11,189.191649678221,36,6,6.49900413769241,0,0.25,0.986397670810709,"LOW MED","R1"
32,382,2,165.528326673825,36,5,5.49948402132937,0,0.25,0.867751778139845,"LOW MED","R1"
32,386,6,220.724496171729,36,5,5.49721838859195,0,0.25,0.99943910930156,"LOW MED","R1"
32,388,8,182.926302640318,36,5,5.50271146550318,0,0.25,0.974610023899681,"LOW MED","R1"
32,391,11,164.773089647259,36,5,5.50003728492159,0,0.25,0.858701181649625,"LOW MED","R1"
33,402,9,161.20124645491,36,4,4.50261321152546,0,0.25,0.808746590731245,"LOW MED","R1"
33,403,10,163.645195359491,36,4,4.49915561381457,0,0.25,0.844227615523051,"LOW MED","R1"
33,404,11,159.972500244265,36,4,4.50012418071962,0,0.25,0.788703618049458,"LOW MED","R1"
34,408,2,147.148999972622,36,3,3.49963719963522,0,0.25,0.503782008276751,"LOW MED","R1"
34,409,3,158.271748503937,36,3,3.49968842847365,0,0.25,0.758495257642672,"LOW MED","R1"
34,410,4,156.553700426778,36,3,3.49930501169637,0,0.25,0.725121476783055,"LOW MED","R1"
34,413,7,147.879593113778,36,3,3.5001085786439,0,0.25,0.522311967631348,"LOW MED","R1"
34,415,9,152.824949049991,36,3,3.49934036389064,0,0.25,0.643691107070082,"LOW MED","R1"
35,430,12,129.454586120539,36,2,2.49960599750617,0,0.25,0.144126943349612,"LOW MED","R1"
27,323,3,256.504471912428,37,11,11.5005160010586,0,0.25,0.999985161187426,"LOW MED","R1"
28,339,6,212.001825956895,37,10,10.5002829735258,0,0.25,0.998641195121134,"LOW MED","R1"
29,350,5,237.234549469711,37,9,9.50047425619765,0,0.25,0.999895029732504,"LOW MED","R1"
30,358,1,190.009671508441,37,8,8.49887016369159,0,0.25,0.987468192213842,"LOW MED","R1"
31,372,5,233.529627428212,37,7,7.50177040696762,0,0.25,0.999847097761583,"LOW MED","R1"
31,378,11,197.095254618876,37,7,7.49895659341882,0,0.25,0.993857062558348,"LOW MED","R1"
32,382,2,173.827015281972,37,6,6.49954331848022,0,0.25,0.938417122366118,"LOW MED","R1"
32,386,6,237.861874894262,37,6,6.49958621472833,0,0.25,0.999901506576608,"LOW MED","R1"
32,388,8,193.691673294492,37,6,6.50063360701887,0,0.25,0.991343208565338,"LOW MED","R1"
32,391,11,172.971658900374,37,6,6.50064991053791,0,0.25,0.933202982458951,"LOW MED","R1"
33,402,9,173.422835665941,37,5,5.49837103526143,0,0.25,0.936002453695258,"LOW MED","R1"
33,403,10,176.33198680834,37,5,5.50103447851918,0,0.25,0.951577031730375,"LOW MED","R1"
33,404,11,171.963261397468,37,5,5.50040640792982,0,0.25,0.926530683550738,"LOW MED","R1"
34,408,2,163.565256743397,37,4,4.50089228612888,0,0.25,0.843157270288696,"LOW MED","R1"
34,409,3,177.755279497829,37,4,4.50079155228238,0,0.25,0.957817696600645,"LOW MED","R1"
34,410,4,175.547942473442,37,4,4.50164441570131,0,0.25,0.94777424161138,"LOW MED","R1"
34,413,7,164.489972978509,37,4,4.50082953006036,0,0.25,0.855177297247771,"LOW MED","R1"
34,415,9,170.776655278634,37,4,4.50019346482265,0,0.25,0.917896226638779,"LOW MED","R1"
34,416,10,155.897897354158,37,4,4.50112131157143,0,0.25,0.711652767249655,"LOW MED","R1"
34,417,11,163.906699929964,37,4,4.50096649371646,0,0.25,0.847687465874301,"LOW MED","R1"
34,418,12,162.573462077197,37,4,4.49997668932991,0,0.25,0.829375906873065,"LOW MED","R1"
35,423,5,148.324544845152,37,3,3.5011137407104,0,0.25,0.533570466135673,"LOW MED","R1"
35,426,8,153.568431902627,37,3,3.49877767531566,0,0.25,0.66081057868028,"LOW MED","R1"
35,430,12,152.126862163502,37,3,3.4995434865413,0,0.25,0.627274614583308,"LOW MED","R1"
35,431,13,146.286927062973,37,3,3.50085015399737,0,0.25,0.481907904324947,"LOW MED","R1"
27,323,3,260.495970120548,38,12,12.4984256092293,0,0.25,0.999990105442521,"LOW MED","R1"
28,339,6,214.883724811915,38,11,11.4982990425873,0,0.25,0.998985552358696,"LOW MED","R1"
29,350,5,242.730362212672,38,10,10.5000362108982,0,0.25,0.999939917471345,"LOW MED","R1"
30,358,1,193.896924398377,38,9,9.49866995206491,0,0.25,0.991520232172823,"LOW MED","R1"
31,372,5,243.278003163289,38,8,8.5008266703996,0,0.25,0.999943166891275,"LOW MED","R1"
31,378,11,203.229470537876,38,8,8.49987740268168,0,0.25,0.996695341112367,"LOW MED","R1"
32,382,2,180.091198003776,38,7,7.49967170054999,0,0.25,0.966425197610544,"LOW MED","R1"
32,385,5,165.065379137592,38,7,7.49876391936949,0,0.25,0.862263790404205,"LOW MED","R1"
32,386,6,252.140764885545,38,7,7.49928302189431,0,0.25,0.999976889304912,"LOW MED","R1"
33,402,9,182.802985743502,38,6,6.4997149067889,0,0.25,0.974298348109397,"LOW MED","R1"
33,403,10,186.126584495167,38,6,6.50082544752939,0,0.25,0.981523661183078,"LOW MED","R1"
33,404,11,181.138690391424,38,6,6.49740939514349,0,0.25,0.96971008825751,"LOW MED","R1"
34,408,2,176.236704171672,38,5,5.50127924479936,0,0.25,0.95112930633024,"LOW MED","R1"
34,410,4,190.614686173973,38,5,5.50056125530488,0,0.25,0.988206030050079,"LOW MED","R1"
34,415,9,184.866802967039,38,5,5.50096455440198,0,0.25,0.979055383640595,"LOW MED","R1"
34,417,11,176.643746784957,38,5,5.49851791228835,0,0.25,0.953014905071332,"LOW MED","R1"
35,423,5,165.053662345211,38,4,4.50115190168713,0,0.25,0.862122442711294,"LOW MED","R1"
35,431,13,162.475470333564,38,4,4.5012684626147,0,0.25,0.827963344043929,"LOW MED","R1"
36,438,7,161.790041502227,38,3,3.49920499508966,0,0.25,0.817823134592455,"LOW MED","R1"
37,444,2,126.589325415121,38,2,2.49986064561663,0,0.25,0.111814006430856,"LOW MED","R1"
27,323,3,263.732511236248,39,13,13.5003275609395,0,0.25,0.999992876679993,"LOW MED","R1"
28,339,6,217.121333080552,39,12,12.5007822567752,0,0.25,0.999191552254476,"LOW MED","R1"
29,350,5,247.147736980148,39,11,11.4983133893579,0,0.25,0.999961631598523,"LOW MED","R1"
31,372,5,251.228684765353,39,9,9.50122794833577,0,0.25,0.999974646952929,"LOW MED","R1"
31,378,11,207.990412566667,39,9,9.49919855010552,0,0.25,0.997959467094038,"LOW MED","R1"
32,382,2,184.819654152091,39,8,8.49853417495025,0,0.25,0.978956993565465,"LOW MED","R1"
32,386,6,264.037957722572,39,8,8.50034592669364,0,0.25,0.999993094201514,"LOW MED","R1"
33,402,9,190.002312603396,39,7,7.5004434396405,0,0.25,0.987458942830328,"LOW MED","R1"
33,403,10,193.688318621055,39,7,7.5018625493079,0,0.25,0.991340285029084,"LOW MED","R1"
33,404,11,188.159804076157,39,7,7.50096047909918,0,0.25,0.984917946538967,"LOW MED","R1"
34,408,2,186.017592846207,39,6,6.50078098941241,0,0.25,0.981321903351965,"LOW MED","R1"
34,416,10,175.652011397395,39,6,6.49933976486392,0,0.25,0.948294790241231,"LOW MED","R1"
35,423,5,178.012218649089,39,5,5.50061226705424,0,0.25,0.958859216181092,"LOW MED","R1"
35,431,13,174.93859717168,39,5,5.50084859366648,0,0.25,0.944625650212683,"LOW MED","R1"
36,434,3,169.451100350355,39,4,4.50107484652316,0,0.25,0.907166094175422,"LOW MED","R1"
36,441,10,158.365894327702,39,4,4.50078164618855,0,0.25,0.760241920449572,"LOW MED","R1"
36,442,11,156.719924729017,39,4,4.50039257958253,0,0.25,0.72847262357117,"LOW MED","R1"
37,444,2,148.13216926908,39,3,3.49992540504554,0,0.25,0.528706356370052,"LOW MED","R1"
37,445,3,140.00172508778,39,3,3.50111147017869,0,0.25,0.329476990774223,"LOW MED","R1"
37,446,4,143.363598725277,39,3,3.50207501721151,0,0.25,0.408731330050724,"LOW MED","R1"
37,449,7,147.731186267556,39,3,3.49881152895579,0,0.25,0.518551250673388,"LOW MED","R1"
37,450,8,154.386891310566,39,3,3.50029686524618,0,0.25,0.679180582909989,"LOW MED","R1"
28,339,6,218.858691334868,40,13,13.4996399798815,1.33170841746271,0.25,0.999322202428094,"LOW MED","R1"
29,350,5,250.698294604464,40,12,12.5008298393458,1.33170841746271,0.25,0.99997324425291,"LOW MED","R1"
30,358,1,199.107124760927,40,11,11.5005125317113,1.33170841746271,0.25,0.994986327515947,"LOW MED","R1"
31,372,5,257.713184302024,40,10,10.5019073991493,1.33170841746271,0.25,0.999986874925441,"LOW MED","R1"
32,386,6,273.950716871766,40,9,9.50079261379814,1.33170841746271,0.25,0.999997475861577,"LOW MED","R1"
33,402,9,195.527843304613,40,8,8.49888939918011,1.33170841746271,0.25,0.992804995920179,"LOW MED","R1"
33,403,10,199.526212613121,40,8,8.49892895557123,1.33170841746271,0.25,0.995194185330672,"LOW MED","R1"
34,408,2,193.567305205837,40,7,7.50030040672928,1.33170841746271,0.25,0.991234167113328,"LOW MED","R1"
34,416,10,182.101138148824,40,7,7.49908931219014,1.33170841746271,0.25,0.972452301865265,"LOW MED","R1"
35,419,1,169.023447854445,40,6,6.49998541506542,1.33170841746271,0.25,0.903444180523261,"LOW MED","R1"
35,423,5,188.050057254754,40,6,6.50084661559218,1.33170841746271,0.25,0.984751526531592,"LOW MED","R1"
35,431,13,184.533625457219,40,6,6.50085412400938,1.33170841746271,0.25,0.97835034408877,"LOW MED","R1"
36,434,3,183.275265811834,40,5,5.50022540912162,1.33170841746271,0.25,0.975472188721895,"LOW MED","R1"
36,441,10,170.057949330889,40,5,5.50081898009446,1.33170841746271,0.25,0.912226480725347,"LOW MED","R1"
36,442,11,168.109618965026,40,5,5.50249187745221,1.33170841746271,0.25,0.895041948357997,"LOW MED","R1"
37,445,3,154.574385466474,40,4,4.49960337239097,1.33170841746271,0.25,0.683314352529844,"LOW MED","R1"
37,448,6,150.469991701132,40,4,4.50069649972866,1.33170841746271,0.25,0.587179213883569,"LOW MED","R1"
37,450,8,172.772063903483,40,4,4.50067224164005,1.33170841746271,0.25,0.931928593741689,"LOW MED","R1"
38,457,3,140.903868476323,40,3,3.50230605379936,1.33170841746271,0.25,0.350019218214548,"LOW MED","R1"
38,460,6,135.616181426704,40,3,3.5011081894046,1.33170841746271,0.25,0.239426517548798,"LOW MED","R1"
38,462,8,149.974577681164,40,3,3.4997389932289,1.33170841746271,0.25,0.574935257765393,"LOW MED","R1"
38,463,9,154.617270357528,40,3,3.50097785892361,1.33170841746271,0.25,0.684255831447753,"LOW MED","R1"
39,465,1,124.901648138417,40,2,2.50069465622332,1.33170841746271,0.25,0.0958944307118898,"LOW MED","R1"
39,469,5,126.562491910893,40,2,2.49956475576413,1.33170841746271,0.25,0.111543720932312,"LOW MED","R1"
30,358,1,200.82083900196,41,12,12.4987166514713,1.55224110164166,0.25,0.995783639971449,"LOW MED","R1"
32,386,6,282.210042856976,41,10,10.4993243733523,1.55224110164166,0.25,0.999998908762683,"LOW MED","R1"
37,445,3,165.575543124003,41,5,5.50004326710058,1.55224110164166,0.25,0.868300961574823,"LOW MED","R1"
37,449,7,177.115248359556,41,5,5.49955163540663,1.55224110164166,0.25,0.955112629594953,"LOW MED","R1"
38,456,2,156.531238071312,41,4,4.50026204744772,1.55224110164166,0.25,0.724666662306305,"LOW MED","R1"
38,460,6,149.108050364955,41,4,4.49951109880902,1.55224110164166,0.25,0.553305498344342,"LOW MED","R1"
38,462,8,167.147384143399,41,4,4.49946081029523,1.55224110164166,0.25,0.885503467509723,"LOW MED","R1"
38,463,9,173.066773577905,41,4,4.50122927182333,1.55224110164166,0.25,0.933802454361417,"LOW MED","R1"
38,464,10,142.30387962421,41,4,4.49807242315205,1.55224110164166,0.25,0.383006088055322,"LOW MED","R1"
39,465,1,145.791553549915,41,3,3.50032431015234,1.55224110164166,0.25,0.469364313274275,"LOW MED","R1"
39,470,6,147.811942111306,41,3,3.49918357922507,1.55224110164166,0.25,0.520597939323391,"LOW MED","R1"
40,481,2,121.98704689251,41,2,2.50053273077325,1.55224110164166,0.25,0.0731266119557777,"LOW MED","R1"
40,492,13,134.448320364438,41,2,2.49855293548964,1.55224110164166,0.25,0.218504652604335,"LOW MED","R1"
38,462,8,180.51485272554,42,5,5.49867203651909,1.49711901803563,0.25,0.967793259149495,"LOW MED","R1"
38,463,9,187.621928169907,42,5,5.49887722628348,1.49711901803563,0.25,0.984084855526014,"LOW MED","R1"
38,464,10,151.206324921956,42,5,5.50023385665553,1.49711901803563,0.25,0.605175748069974,"LOW MED","R1"
39,468,4,157.016139781067,42,4,4.50038472329785,1.49711901803563,0.25,0.734380508426246,"LOW MED","R1"
40,481,2,141.770993173017,42,3,3.50169333055718,1.49711901803563,0.25,0.370303853683165,"LOW MED","R1"
40,485,6,147.252868003451,42,3,3.4979290439162,1.49711901803563,0.25,0.506418219911188,"LOW MED","R1"
40,487,8,155.03153734675,42,3,3.50114064174488,1.49711901803563,0.25,0.69327200709544,"LOW MED","R1"
40,488,9,160.598690449604,42,3,3.50033776242568,1.49711901803563,0.25,0.799104585686423,"LOW MED","R1"
40,492,13,159.151310657189,42,3,3.49709014781143,1.49711901803563,0.25,0.774474495419596,"LOW MED","R1"
38,463,9,199.104759044349,43,6,6.5006058213016,1.48172849903278,0.25,0.994985129143037,"LOW MED","R1"
39,465,1,174.194177230121,43,5,5.50147650400815,1.48172849903278,0.25,0.94053659618598,"LOW MED","R1"
40,488,9,180.753837733561,43,4,4.50031373391342,1.48172849903278,0.25,0.968541052619522,"LOW MED","R1"
40,490,11,158.461978485165,43,4,4.50005051550139,1.48172849903278,0.25,0.762015606592937,"LOW MED","R1"
41,493,1,148.011873177359,43,3,3.50036980134432,1.48172849903278,0.25,0.525661904660254,"LOW MED","R1"
41,494,2,148.862095334928,43,3,3.49966275865112,1.48172849903278,0.25,0.54712545150933,"LOW MED","R1"
41,496,4,142.023888300764,43,3,3.50191548338125,1.48172849903278,0.25,0.376310873393286,"LOW MED","R1"
41,501,9,148.672253993329,43,3,3.49917977831058,1.48172849903278,0.25,0.542345302911326,"LOW MED","R1"
40,480,1,151.089671782768,44,5,5.50078688706208,1.42898868588053,0.25,0.602342252185074,"LOW MED","R1"
41,499,7,167.509818587748,44,4,4.50107701493086,1.42898868588053,0.25,0.889181797281435,"LOW MED","R1"
41,504,12,158.868939895801,44,4,4.50099211575299,1.42898868588053,0.25,0.769427555666146,"LOW MED","R1"
42,507,3,155.356400450409,44,3,3.50059962590614,1.42898868588053,0.25,0.700240888996605,"LOW MED","R1"
42,514,10,144.672697101615,44,3,3.49879380706739,1.42898868588053,0.25,0.441199196524489,"LOW MED","R1"
43,524,8,128.482427495338,44,2,2.5010862039515,1.42898868588053,0.25,0.132373576715271,"LOW MED","R1"
42,514,10,160.438774066285,45,4,4.49916417118864,1.34167532315749,0.25,0.796485342310371,"LOW MED","R1"
42,516,12,155.297082904983,45,4,4.49941355233209,1.34167532315749,0.25,0.698975190268722,"LOW MED","R1"
42,516,12,166.428405123668,46,5,5.49875070409355,1.35285588020408,0.25,0.877891410867835,"LOW MED","R1"
43,517,1,151.329626877683,46,4,4.49988264571208,1.35285588020408,0.25,0.608163074863139,"LOW MED","R1"
43,526,10,159.449487865906,46,4,4.50084508660676,1.35285588020408,0.25,0.779718402451076,"LOW MED","R1"
44,530,4,142.007965292954,46,3,3.49822775313633,1.35285588020408,0.25,0.375931508029137,"LOW MED","R1"
44,537,11,155.749817629015,46,3,3.50015711578471,1.35285588020408,0.25,0.708557771276856,"LOW MED","R1"
45,544,7,134.246615210638,46,2,2.50028547428134,1.35285588020408,0.25,0.215027713627362,"LOW MED","R1"
43,526,10,171.342621672806,47,5,5.50032023908252,1.55376595888924,0.25,0.922124171842061,"LOW MED","R1"
44,531,5,147.674629721348,47,4,4.49975575462476,1.55376595888924,0.25,0.517117497927411,"LOW MED","R1"
45,539,2,146.69946302732,47,3,3.49932818263089,1.55376595888924,0.25,0.492372033446431,"LOW MED","R1"
45,547,10,149.470496051577,47,3,3.50114117893197,1.55376595888924,0.25,0.562382095943256,"LOW MED","R1"
45,549,12,144.138702854582,47,3,3.49994177676419,1.55376595888924,0.25,0.427877961346031,"LOW MED","R1"
46,555,5,135.517984201739,47,2,2.49856688204215,1.55376595888924,0.25,0.237615649546489,"LOW MED","R1"
46,559,9,155.75206028762,48,3,3.50129759186599,1.56124426539005,0.25,0.708604790434757,"LOW MED","R1"
47,560,1,125.488916264622,48,2,2.5004645370774,1.56124426539005,0.25,0.101190020983198,"LOW MED","R1"
47,570,11,126.737920488593,48,2,2.49900762018163,1.56124426539005,0.25,0.113321140197114,"LOW MED","R1"
46,559,9,174.519923221288,49,4,4.5001510274568,1.56154109317703,0.25,0.942359601702821,"LOW MED","R1"
47,565,6,156.18155045299,49,3,3.49842731220579,1.56154109317703,0.25,0.717526402060112,"LOW MED","R1"
47,566,7,146.624451674196,49,3,3.50254845932644,1.56154109317703,0.25,0.490468576101274,"LOW MED","R1"
47,567,8,150.746512863053,49,3,3.49990318160463,1.56154109317703,0.25,0.593967732490143,"LOW MED","R1"
47,570,11,148.338692109541,49,3,3.49955771285591,1.56154109317703,0.25,0.533927931393249,"LOW MED","R1"
47,564,5,153.831818160888,50,4,4.49776717114211,0.955246459945177,0.25,0.666778561144936,"LOW MED","R1"
47,567,8,168.128707635294,50,4,4.49984850656004,0.955246459945177,0.25,0.895223879424737,"LOW MED","R1"
47,569,10,171.139331088519,50,4,4.49982044205361,0.955246459945177,0.25,0.920628973197193,"LOW MED","R1"
48,578,8,158.445477032751,50,3,3.49808149946648,0.955246459945177,0.25,0.761711637332761,"LOW MED","R1"
48,580,10,157.704129840775,50,3,3.50026846080429,0.955246459945177,0.25,0.747781635004861,"LOW MED","R1"
47,569,10,185.302658076294,51,5,5.4993359809783,0.8595554740282,0.25,0.979943860744039,"LOW MED","R1"
48,578,8,177.978796831978,51,4,4.50118412213298,0.8595554740282,0.25,0.958725144093037,"LOW MED","R1"
49,586,5,148.288989525473,51,3,3.50042146567761,0.8595554740282,0.25,0.532671922574716,"LOW MED","R1"
49,588,7,163.872635966073,51,3,3.50069403673538,0.8595554740282,0.25,0.847240377605988,"LOW MED","R1"
50,596,5,132.161486685945,51,2,2.501154641996,0.8595554740282,0.25,0.181444771515866,"LOW MED","R1"
48,578,8,193.554561749629,52,5,5.5000882027795,0.932667578446161,0.25,0.991222917507536,"LOW MED","R1"
50,597,6,152.9978786631,52,3,3.49967104228372,0.932667578446161,0.25,0.647707837267312,"LOW MED","R1"
51,603,3,132.874551099374,52,2,2.50054737174326,0.932667578446161,0.25,0.192446606952235,"LOW MED","R1"
50,592,1,177.561324193911,53,4,4.50074353479489,0.725076502470695,0.25,0.95701483917934,"LOW MED","R1"
51,606,6,148.570738260635,53,3,3.49938819601803,0.725076502470695,0.25,0.539785907023973,"LOW MED","R1"
51,608,8,156.625000944529,53,3,3.49935206404149,0.725076502470695,0.25,0.726562064552921,"LOW MED","R1"
52,610,2,138.112971286283,53,2,2.50107608636855,0.725076502470695,0.25,0.28857373113821,"LOW MED","R1"
50,592,1,193.04912296219,54,5,5.49931169693254,0.771925622583546,0.25,0.990765002086812,"LOW MED","R1"
51,601,1,165.883725192891,54,4,4.49914680307424,0.771925622583546,0.25,0.871838111442488,"LOW MED","R1"
51,605,5,174.765874307677,54,4,4.49923880930548,0.771925622583546,0.25,0.943701141135833,"LOW MED","R1"
51,605,5,189.670493112924,55,5,5.49826741304862,0.86186327057519,0.25,0.987034802678367,"LOW MED","R1"
52,616,8,159.842525272279,55,4,4.50105531778249,0.86186327057519,0.25,0.786496011622697,"LOW MED","R1"
52,620,12,156.710227724654,55,4,4.50102858437148,0.86186327057519,0.25,0.728277833561799,"LOW MED","R1"
53,622,2,152.235496448103,55,3,3.49801122121476,0.86186327057519,0.25,0.629849776320937,"LOW MED","R1"
53,623,3,151.001308107098,55,3,3.5014257028015,0.86186327057519,0.25,0.600191317893921,"LOW MED","R1"
53,627,7,139.830088369842,55,3,3.50009972205634,0.86186327057519,0.25,0.325638558147561,"LOW MED","R1"
53,630,10,154.112448767102,55,3,3.50003503820593,0.86186327057519,0.25,0.673078930649524,"LOW MED","R1"
51,605,5,201.473086395592,56,6,6.4987694359438,0.739738161064821,0.25,0.996052753722814,"LOW MED","R1"
52,616,8,171.808990002979,56,5,5.49978662775987,0.739738161064821,0.25,0.925457292225125,"LOW MED","R1"
52,620,12,168.098151663252,56,5,5.49741838659284,0.739738161064821,0.25,0.894932521305267,"LOW MED","R1"
53,622,2,170.024839491031,56,4,4.49953682527133,0.739738161064821,0.25,0.911956936720712,"LOW MED","R1"
53,623,3,168.452869999865,56,4,4.49923489469246,0.739738161064821,0.25,0.898271139721449,"LOW MED","R1"
54,631,1,156.554952758835,56,3,3.50017287071521,0.739738161064821,0.25,0.725146820085325,"LOW MED","R1"
52,616,8,180.962906733782,57,6,6.49938309673692,0.750437126314089,0.25,0.969181439149509,"LOW MED","R1"
52,620,12,176.74190022842,57,6,6.49944608944775,0.750437126314089,0.25,0.953459137292829,"LOW MED","R1"
53,622,2,183.963843739099,57,5,5.50104233849738,0.750437126314089,0.25,0.977090485901555,"LOW MED","R1"
54,637,7,154.314549463594,57,4,4.50117231290646,0.750437126314089,0.25,0.677578038582544,"LOW MED","R1"
54,639,9,149.945183254544,57,4,4.50193521528256,0.750437126314089,0.25,0.574205732403678,"LOW MED","R1"
55,642,1,161.85630294237,57,3,3.49938123625871,0.750437126314089,0.25,0.818823339061895,"LOW MED","R1"
55,646,5,150.502016967458,57,3,3.5000463702108,0.750437126314089,0.25,0.587967177318657,"LOW MED","R1"
55,647,6,152.983576836317,57,3,3.50163567585276,0.750437126314089,0.25,0.647376422930418,"LOW MED","R1"
55,651,10,141.483244656272,57,3,3.50007842143367,0.750437126314089,0.25,0.363517544535547,"LOW MED","R1"
55,646,5,167.817766866771,58,4,4.50157541438828,0.862532556905284,0.25,0.892225458167118,"LOW MED","R1"
55,651,10,156.429731828894,58,4,4.50017911853096,0.862532556905284,0.25,0.722605570698271,"LOW MED","R1"
56,655,3,148.055450641742,58,3,3.5004665697655,0.862532556905284,0.25,0.526764994820573,"LOW MED","R1"
56,656,4,144.909172832382,58,3,3.49840162308827,0.862532556905284,0.25,0.447126750962199,"LOW MED","R1"
57,670,8,126.271250357241,58,2,2.50069584936901,0.862532556905284,0.25,0.108646727085862,"LOW MED","R1"
57,671,9,123.500898200947,58,2,2.50001891254168,0.862532556905284,0.25,0.0842527105410173,"LOW MED","R1"
56,653,1,169.723588652721,59,4,4.50027523654117,0.882175761689018,0.25,0.909469940825122,"LOW MED","R1"
56,655,3,164.712712772875,59,4,4.50181361144911,0.882175761689018,0.25,0.857955745514137,"LOW MED","R1"
56,656,4,160.736818010636,59,4,4.49914831241681,0.882175761689018,0.25,0.801346574841274,"LOW MED","R1"
56,661,9,162.867799936267,59,4,4.50133727035246,0.882175761689018,0.25,0.833563422556937,"LOW MED","R1"
57,671,9,143.855847662681,59,3,3.49910326489112,0.882175761689018,0.25,0.420862618289746,"LOW MED","R1"
58,677,4,128.958008866451,59,2,2.50023800533415,0.882175761689018,0.25,0.138018476235766,"LOW MED","R1"
58,682,9,125.041405350487,59,2,2.50086666714198,0.882175761689018,0.25,0.097131749173997,"LOW MED","R1"
56,656,4,172.870919806731,60,5,5.49821784373387,0.872237094866231,0.25,0.932562568798554,"LOW MED","R1"
57,665,3,160.047567940056,60,4,4.5004451449518,0.872237094866231,0.25,0.789970998056897,"LOW MED","R1"
57,671,9,159.410100882698,60,4,4.49883975931753,0.872237094866231,0.25,0.77903076617717,"LOW MED","R1"
58,676,3,148.807227998952,60,3,3.49936771047448,0.872237094866231,0.25,0.545744761532394,"LOW MED","R1"
58,677,4,151.432666485508,60,3,3.49918775729356,0.872237094866231,0.25,0.610653302477615,"LOW MED","R1"
58,678,5,151.218388281368,60,3,3.50146351733563,0.872237094866231,0.25,0.60546836683123,"LOW MED","R1"
56,656,4,182.173404461891,61,6,6.50079499783289,0.955102485642881,0.25,0.972648181478387,"LOW MED","R1"
57,671,9,171.295897685448,61,5,5.49962486686611,0.955102485642881,0.25,0.921782816819176,"LOW MED","R1"
58,674,1,174.029249614591,61,4,4.50197553549763,0.955102485642881,0.25,0.939593124550296,"LOW MED","R1"
58,676,3,165.665588871669,61,4,4.49998523783904,0.955102485642881,0.25,0.869342937619295,"LOW MED","R1"
58,677,4,169.001950732105,61,4,4.50089090359397,0.955102485642881,0.25,0.903253613787967,"LOW MED","R1"
59,685,1,147.465792213934,61,3,3.50180061867571,0.955102485642881,0.25,0.511821044662373,"LOW MED","R1"
59,686,2,139.354093101704,61,3,3.50208580799087,0.955102485642881,0.25,0.315116332785873,"LOW MED","R1"
59,687,3,146.924133585332,61,3,3.50082341085075,0.955102485642881,0.25,0.498074285137658,"LOW MED","R1"
59,688,4,154.098843020904,61,3,3.50014361433832,0.955102485642881,0.25,0.67277488442577,"LOW MED","R1"
59,689,5,150.237399249638,61,3,3.50157943570662,0.955102485642881,0.25,0.581443239191133,"LOW MED","R1"
59,694,10,161.03045767327,61,3,3.49888215403487,0.955102485642881,0.25,0.806050056102525,"LOW MED","R1"
59,695,11,142.255649219266,61,3,3.50003855469699,0.955102485642881,0.25,0.381849543373964,"LOW MED","R1"
61,708,3,102.784728538813,61,1,1.50081470160426,0.955102485642881,0.25,0.0111040228844862,"LOW MED","R1"
57,671,9,180.378440166783,62,6,6.50043887206138,0.734075414776442,0.25,0.967358744642851,"LOW MED","R1"
58,674,1,188.781896935667,62,5,5.49763069132282,0.734075414776442,0.25,0.985828023300651,"LOW MED","R1"
58,676,3,178.743048711675,62,5,5.49988011490379,0.734075414776442,0.25,0.961688748989674,"LOW MED","R1"
59,686,2,153.764716217243,62,4,4.50117877373046,0.734075414776442,0.25,0.665263094800415,"LOW MED","R1"
59,687,3,163.280852246784,62,4,4.50031099707388,0.734075414776442,0.25,0.839300636041494,"LOW MED","R1"
59,695,11,157.398768893543,62,4,4.50058474211865,0.734075414776442,0.25,0.741889350206974,"LOW MED","R1"
60,699,4,150.504421207507,62,3,3.50113793746486,0.734075414776442,0.25,0.588026314137132,"LOW MED","R1"
61,710,5,124.629914449239,62,2,2.4998911003216,0.734075414776442,0.25,0.0935289571516599,"LOW MED","R1"
58,674,1,200.445286802278,63,6,6.50114286813207,0.946293067892871,0.25,0.995620480358044,"LOW MED","R1"
58,676,3,188.887567337075,63,6,6.50087426647804,0.946293067892871,0.25,0.98597714042184,"LOW MED","R1"
59,685,1,176.714568421876,63,5,5.5011451278634,0.946293067892871,0.25,0.95333583930628,"LOW MED","R1"
59,686,2,164.620902576302,63,5,5.5016127480004,0.946293067892871,0.25,0.856815935573837,"LOW MED","R1"
61,706,1,142.67470227874,63,3,3.49904635403188,0.946293067892871,0.25,0.391941675102161,"LOW MED","R1"
61,708,3,157.404835537429,63,3,3.50074915149325,0.946293067892871,0.25,0.742007282680521,"LOW MED","R1"
61,711,6,148.798324972594,63,3,3.49891797336684,0.946293067892871,0.25,0.545520657501119,"LOW MED","R1"
58,676,3,196.756928772715,64,7,7.49955105468889,0.827444806246196,0.25,0.993643744748529,"LOW MED","R1"
59,686,2,172.799367956854,64,6,6.49996296550015,0.827444806246196,0.25,0.932104248147842,"LOW MED","R1"
61,708,3,176.640774066297,64,4,4.49940206792546,0.827444806246196,0.25,0.953001388157222,"LOW MED","R1"
62,723,8,146.56270875848,64,3,3.49967578134542,0.827444806246196,0.25,0.488902018080272,"LOW MED","R1"
63,727,1,122.134744786209,64,2,2.50167511005494,0.827444806246196,0.25,0.0741495647316004,"LOW MED","R1"
61,713,8,164.317230633603,65,5,5.50013506010418,0.941322718606354,0.25,0.852991555485573,"LOW MED","R1"
62,723,8,162.823940240774,65,4,4.50095982120915,0.941322718606354,0.25,0.832944690713471,"LOW MED","R1"
63,732,6,158.99380013814,65,3,3.49950128806608,0.941322718606354,0.25,0.771668944558147,"LOW MED","R1"
61,713,8,172.455652346575,66,6,6.49903722581982,0.748727255876102,0.25,0.929862096081572,"LOW MED","R1"
64,739,2,141.26859197841,66,3,3.50076953456588,0.748727255876102,0.25,0.358490119043738,"LOW MED","R1"
64,744,7,149.925791285521,66,3,3.49900107122515,0.748727255876102,0.25,0.573724275830807,"LOW MED","R1"
64,748,11,150.348906995717,66,3,3.49870232390985,0.748727255876102,0.25,0.584195986733557,"LOW MED","R1"
65,753,4,126.076469824993,66,2,2.49926146936338,0.748727255876102,0.25,0.106746286724878,"LOW MED","R1"
66,762,3,95.7643903798904,66,1,1.49958170636929,0.748727255876102,0.25,0.00547499807898376,"LOW MED","R1"
61,713,8,178.582616640299,67,7,7.49918078611367,0.771851355391356,0.25,0.961084069292324,"LOW MED","R1"
63,727,1,168.494557227051,67,5,5.49934481572458,0.771851355391356,0.25,0.898657263958928,"LOW MED","R1"
63,732,6,194.409647259203,67,5,5.49937297701148,0.771851355391356,0.25,0.991946914277179,"LOW MED","R1"
65,758,9,165.94839386947,67,3,3.49936585219579,0.771851355391356,0.25,0.872569979341026,"LOW MED","R1"
66,768,9,133.071101040329,67,2,2.49984992052381,0.771851355391356,0.25,0.19556706405619,"LOW MED","R1"
61,713,8,183.195266706927,68,8,8.50154520973,0.797280047339741,0.25,0.975277095814244,"LOW MED","R1"
63,727,1,177.192134540327,68,6,6.49969761534136,0.797280047339741,0.25,0.955446124476546,"LOW MED","R1"
63,732,6,206.967563103728,68,6,6.50158673970505,0.797280047339741,0.25,0.997736663488793,"LOW MED","R1"
65,753,4,163.908050607097,68,4,4.50032754200461,0.797280047339741,0.25,0.847705171317623,"LOW MED","R1"
66,763,4,138.044083728056,68,3,3.50119902066253,0.797280047339741,0.25,0.287139931313593,"LOW MED","R1"
66,765,6,151.420923996016,68,3,3.49956251522236,0.797280047339741,0.25,0.610369802392851,"LOW MED","R1"
66,768,9,157.206189880502,68,3,3.49853542403246,0.797280047339741,0.25,0.738127481658948,"LOW MED","R1"
67,770,1,122.781415129081,68,2,2.49928069779036,0.797280047339741,0.25,0.0787850217322763,"LOW MED","R1"
61,713,8,186.667873958604,69,9,9.49860505977828,0.924767175224001,0.25,0.982494396258519,"LOW MED","R1"
63,727,1,183.799404896044,69,7,7.49950824015109,0.924767175224001,0.25,0.976713762443536,"LOW MED","R1"
65,753,4,176.645357271905,69,5,5.49902520037022,0.924767175224001,0.25,0.953022226391535,"LOW MED","R1"
66,763,4,152.129513533284,69,4,4.49865283822942,0.924767175224001,0.25,0.627337551674239,"LOW MED","R1"
66,765,6,168.986998823605,69,4,4.50064766919225,0.924767175224001,0.25,0.903120870822598,"LOW MED","R1"
67,770,1,142.864058025544,69,3,3.5010312944725,0.924767175224001,0.25,0.396533015738793,"LOW MED","R1"
67,773,4,157.405150248052,69,3,3.49811570262717,0.924767175224001,0.25,0.742013399535987,"LOW MED","R1"
67,775,6,151.619738826192,69,3,3.49907064691103,0.924767175224001,0.25,0.615159606640088,"LOW MED","R1"
67,778,9,128.391786639455,69,3,3.50047457890204,0.924767175224001,0.25,0.131320178141667,"LOW MED","R1"
67,780,11,135.032948037233,69,3,3.50148951937806,0.924767175224001,0.25,0.228809922544642,"LOW MED","R1"
61,713,8,189.282206489842,70,10,10.4981147946627,0.809516313603358,0.25,0.986520485426313,"LOW MED","R1"
65,753,4,186.485106052141,70,6,6.49967489282865,0.809516313603358,0.25,0.982172359755802,"LOW MED","R1"
66,765,6,182.71859043157,70,5,5.49949194189304,0.809516313603358,0.25,0.974082900404445,"LOW MED","R1"
68,782,2,161.811198646454,70,3,3.49817677347576,0.809516313603358,0.25,0.818142963455131,"LOW MED","R1"
68,790,10,137.500799117989,70,3,3.49935786798373,0.809516313603358,0.25,0.275982828733919,"LOW MED","R1"
61,713,8,191.250391800919,71,11,11.499247262717,0.856700039220244,0.25,0.988935064562763,"LOW MED","R1"
68,785,5,157.703292545546,71,4,4.50028365080196,0.856700039220244,0.25,0.747765600932986,"LOW MED","R1"
69,796,6,155.249735498319,71,3,3.50152246146281,0.856700039220244,0.25,0.697962726275778,"LOW MED","R1"
61,713,8,192.732128868585,72,12,12.5002216112834,0.772618812531768,0.25,0.990465817174429,"LOW MED","R1"
69,797,7,140.116963568873,72,4,4.49948728522986,0.772618812531768,0.25,0.332067011651681,"LOW MED","R1"
70,804,2,149.012069213036,72,3,3.5004237583135,0.772618812531768,0.25,0.550895657644724,"LOW MED","R1"
70,806,4,151.089325805679,72,3,3.4998099414172,0.772618812531768,0.25,0.602333838112791,"LOW MED","R1"
70,807,5,154.315670923872,72,3,3.50022637434902,0.772618812531768,0.25,0.677602913612427,"LOW MED","R1"
70,810,8,144.420422183183,72,3,3.50072040193406,0.772618812531768,0.25,0.434894080961443,"LOW MED","R1"
70,806,4,168.564879431728,73,4,4.50172993269787,0.728670609297418,0.25,0.899305670654512,"LOW MED","R1"
70,807,5,172.68097665651,73,4,4.50217905816229,0.728670609297418,0.25,0.931339553862202,"LOW MED","R1"
70,809,7,158.738633163047,73,4,4.50040922131714,0.728670609297418,0.25,0.767072012544113,"LOW MED","R1"
70,810,8,160.120939107213,73,4,4.49849181311871,0.728670609297418,0.25,0.791204333662119,"LOW MED","R1"
70,811,9,152.739967927108,73,4,4.49991247285699,0.728670609297418,0.25,0.641709729337436,"LOW MED","R1"
70,812,10,151.763537713145,73,4,4.49907030864903,0.728670609297418,0.25,0.618610179898532,"LOW MED","R1"
71,816,3,143.62103786774,73,3,3.50086956386133,0.728670609297418,0.25,0.415062944335645,"LOW MED","R1"
71,820,7,140.158681839894,73,3,3.49848204139847,0.728670609297418,0.25,0.333007163215033,"LOW MED","R1"
71,822,9,143.457271734376,73,3,3.50057964437275,0.728670609297418,0.25,0.411031795424899,"LOW MED","R1"
72,831,8,122.143835605527,73,2,2.50006463183685,0.728670609297418,0.25,0.0742129557511083,"LOW MED","R1"
70,806,4,182.212520197723,74,5,5.50069587402422,0.765883547524295,0.25,0.972753640325223,"LOW MED","R1"
71,817,4,154.420527001905,74,4,4.50010659058785,0.765883547524295,0.25,0.679924260562168,"LOW MED","R1"
71,822,9,158.908645785004,74,4,4.50035640975299,0.765883547524295,0.25,0.770141990420392,"LOW MED","R1"
72,828,5,152.179132464766,74,3,3.50102251036813,0.765883547524295,0.25,0.628514586870839,"LOW MED","R1"
72,831,8,141.986574734343,74,3,3.50200401500368,0.765883547524295,0.25,0.375422117938988,"LOW MED","R1"
71,816,3,170.945471458574,75,5,5.50013861533106,0.800351764142965,0.25,0.919178749357793,"LOW MED","R1"
71,822,9,170.701216742796,75,5,5.50033281322143,0.800351764142965,0.25,0.917317138423649,"LOW MED","R1"
72,826,3,155.560957090018,75,4,4.49940319680296,0.800351764142965,0.25,0.704582191446344,"LOW MED","R1"
73,836,2,154.773133195849,75,3,3.49994557778372,0.800351764142965,0.25,0.687664834935094,"LOW MED","R1"
73,838,4,143.179451982718,75,3,3.5036731726184,0.800351764142965,0.25,0.404220688638876,"LOW MED","R1"
72,826,3,166.73998519793,76,5,5.49984642749334,0.950044141993067,0.25,0.881242333168488,"LOW MED","R1"
74,845,1,138.21617235599,76,3,3.50002185386565,0.950044141993067,0.25,0.290729661170621,"LOW MED","R1"
74,854,10,144.730010104541,76,3,3.49969127511283,0.950044141993067,0.25,0.442634345089099,"LOW MED","R1"
74,845,1,152.344124372952,77,4,4.50017329654505,0.828517116863596,0.25,0.63241742212868,"LOW MED","R1"
76,867,2,137.793783962292,77,2,2.50129369497707,0.828517116863596,0.25,0.281966286129208,"LOW MED","R1"
76,869,4,126.881651497058,77,2,2.50114120185196,0.828517116863596,0.25,0.114795767295386,"LOW MED","R1"
76,867,2,163.900986739283,78,3,3.49894288276731,0.760344270400988,0.25,0.847612555447371,"LOW MED","R1"
76,867,2,185.026752672847,79,4,4.50006193719884,0.751671290930351,0.25,0.979385823565351,"LOW MED","R1"
76,868,3,159.482510202905,79,4,4.4993279008235,0.751671290930351,0.25,0.780293737522549,"LOW MED","R1"
77,878,2,163.995723763529,79,3,3.50008315336589,0.751671290930351,0.25,0.848850832505712,"LOW MED","R1"
77,883,7,145.184468291602,79,3,3.50033131508988,0.751671290930351,0.25,0.45404623694501,"LOW MED","R1"
77,887,11,148.477058483277,79,3,3.50102527255528,0.751671290930351,0.25,0.537422203681547,"LOW MED","R1"
76,867,2,202.121574745211,80,5,5.49940511324102,0.772143128769285,0.25,0.996303349337971,"LOW MED","R1"
76,868,3,171.381797039909,80,5,5.50003595448795,0.772143128769285,0.25,0.922409326563814,"LOW MED","R1"
77,878,2,185.149636151071,80,4,4.50069085448869,0.772143128769285,0.25,0.979636216703791,"LOW MED","R1"
78,894,7,149.907426797864,80,3,3.5000861890507,0.772143128769285,0.25,0.573268200288462,"LOW MED","R1"
79,897,2,130.382975434414,80,2,2.49911172032648,0.772143128769285,0.25,0.156148898520309,"LOW MED","R1"
76,867,2,215.954585231304,81,6,6.50069023590427,0.841860581288106,0.25,0.999089970459802,"LOW MED","R1"
77,878,2,202.271508643532,81,5,5.49989176488278,0.841860581288106,0.25,0.99635899447033,"LOW MED","R1"
79,896,1,167.388736446635,81,3,3.50158799368742,0.841860581288106,0.25,0.887964592375798,"LOW MED","R1"
79,899,4,162.383959900476,81,3,3.50089144708483,0.841860581288106,0.25,0.826635859294248,"LOW MED","R1"
79,900,5,140.391218919242,81,3,3.50065453210591,0.841860581288106,0.25,0.338271782213718,"LOW MED","R1"
80,904,3,128.238081913572,81,2,2.49774875961865,0.841860581288106,0.25,0.129550140060295,"LOW MED","R1"
80,911,10,131.649925575608,81,2,2.49967637203479,0.841860581288106,0.25,0.173857745719508,"LOW MED","R1"
76,867,2,227.148160589876,82,7,7.50098197730597,0.857997402527115,0.25,0.999707757222091,"LOW MED","R1"
79,896,1,189.56171714369,82,4,4.50133944062238,0.857997402527115,0.25,0.986892704982928,"LOW MED","R1"
80,904,3,150.427631803203,82,3,3.50030057452233,0.857997402527115,0.25,0.586136286923398,"LOW MED","R1"
80,907,6,156.092683552958,82,3,3.50085568101655,0.857997402527115,0.25,0.715694042833441,"LOW MED","R1"
80,911,10,155.205243069807,82,3,3.50207489655381,0.857997402527115,0.25,0.697009554312137,"LOW MED","R1"
76,867,2,236.205923499402,83,8,8.49856025724304,0.895089468313732,0.25,0.999883475164685,"LOW MED","R1"
80,907,6,174.956586970866,83,4,4.49963576061252,0.895089468313732,0.25,0.944721115738489,"LOW MED","R1"
80,910,9,170.837321264574,83,4,4.4992598303603,0.895089468313732,0.25,0.918359234846614,"LOW MED","R1"
81,913,2,148.912292267102,83,3,3.50019465030955,0.895089468313732,0.25,0.548387980420471,"LOW MED","R1"
82,924,3,126.544126263745,83,2,2.49932930501402,0.895089468313732,0.25,0.111359058994286,"LOW MED","R1"
80,907,6,189.900667219697,84,5,5.49956361328151,0.902462615956263,0.25,0.987330493492572,"LOW MED","R1"
80,910,9,184.939697770201,84,5,5.50016026289686,0.902462615956263,0.25,0.979206614953115,"LOW MED","R1"
81,913,2,165.798845372923,84,4,4.4993459858497,0.902462615956263,0.25,0.870872071681844,"LOW MED","R1"
82,930,9,156.801735458376,84,3,3.50013655197358,0.902462615956263,0.25,0.730112517549538,"LOW MED","R1"
82,931,10,140.169563530891,84,3,3.50067077733626,0.902462615956263,0.25,0.333252609117398,"LOW MED","R1"
83,939,8,124.117478875241,84,2,2.49973109641977,0.902462615956263,0.25,0.0892101962932423,"LOW MED","R1"
82,922,1,155.912164568282,85,4,4.50081658883801,0.810475873736769,0.25,0.711949930062915,"LOW MED","R1"
82,925,4,163.385971020776,85,4,4.49962060129429,0.810475873736769,0.25,0.840734944507864,"LOW MED","R1"
82,930,9,175.866269534797,85,4,4.49746711641989,0.810475873736769,0.25,0.94935109140056,"LOW MED","R1"
82,931,10,154.78435392424,85,4,4.49938343618261,0.810475873736769,0.25,0.68790947659832,"LOW MED","R1"
83,937,6,165.656201090038,85,3,3.5008220775288,0.810475873736769,0.25,0.86923463363239,"LOW MED","R1"
83,938,7,161.961740596965,85,3,3.5002962731178,0.810475873736769,0.25,0.820406076432033,"LOW MED","R1"
82,922,1,167.154836501897,86,5,5.50136262046989,0.817450894423037,0.25,0.885580160243089,"LOW MED","R1"
82,927,6,167.205239301003,86,5,5.50025813408684,0.817450894423037,0.25,0.886097685289193,"LOW MED","R1"
83,934,3,173.747125481808,86,4,4.49929186844113,0.817450894423037,0.25,0.937946690655827,"LOW MED","R1"
83,938,7,182.515040664702,86,4,4.50037633253151,0.817450894423037,0.25,0.973556012779518,"LOW MED","R1"
83,939,8,160.482156445753,86,4,4.49895954735138,0.817450894423037,0.25,0.7971983987723,"LOW MED","R1"
84,945,4,150.010017634271,86,3,3.50121209429677,0.817450894423037,0.25,0.575814389928244,"LOW MED","R1"
84,949,8,143.475899929737,86,3,3.50207922896727,0.817450894423037,0.25,0.411489742794164,"LOW MED","R1"
84,950,9,157.576595277933,86,3,3.49968922333323,0.817450894423037,0.25,0.745331592921531,"LOW MED","R1"
85,963,9,135.569741018173,86,2,2.49887272223715,0.817450894423037,0.25,0.238568927081099,"LOW MED","R1"
83,935,4,174.944850267777,87,5,5.49973445182239,0.940369450247305,0.25,0.944658850775301,"LOW MED","R1"
83,938,7,199.061184892978,87,5,5.5007453163754,0.940369450247305,0.25,0.994963005265841,"LOW MED","R1"
84,944,3,159.486210260929,87,4,4.50018285081983,0.940369450247305,0.25,0.780358134861118,"LOW MED","R1"
84,949,8,158.932075229235,87,4,4.49962214479381,0.940369450247305,0.25,0.770562831172307,"LOW MED","R1"
85,957,3,150.892843832759,87,3,3.49831213235001,0.940369450247305,0.25,0.597545814862849,"LOW MED","R1"
85,963,9,160.73954323909,87,3,3.49970337807581,0.940369450247305,0.25,0.801390618937624,"LOW MED","R1"
84,949,8,170.728994319941,88,5,5.49931109019231,0.821557709232418,0.25,0.91753079821059,"LOW MED","R1"
85,957,3,168.314861330197,88,4,4.49995731026722,0.821557709232418,0.25,0.896983525184389,"LOW MED","R1"
85,963,9,180.93567234439,88,4,4.50129470192442,0.821557709232418,0.25,0.969098739594225,"LOW MED","R1"
84,949,8,179.732987697084,89,6,6.50064999370182,0.827630731079209,0.25,0.965224852388908,"LOW MED","R1"
85,957,3,181.912890564251,89,5,5.50046249456322,0.827630731079209,0.25,0.971935631221302,"LOW MED","R1"
86,966,3,164.634311292851,89,4,4.50000961850714,0.827630731079209,0.25,0.856982876572187,"LOW MED","R1"
87,976,3,148.930485664721,89,3,3.49909784482112,0.827630731079209,0.25,0.54884541906457,"LOW MED","R1"
87,979,6,145.084574922526,89,3,3.50099481977286,0.827630731079209,0.25,0.451533245125856,"LOW MED","R1"
87,980,7,154.327117862223,89,3,3.50025524843532,0.827630731079209,0.25,0.677856759769043,"LOW MED","R1"
87,982,9,151.932171432839,89,3,3.49982804835032,0.827630731079209,0.25,0.622641464624187,"LOW MED","R1"
87,983,10,143.319543949345,89,3,3.49917961886204,0.827630731079209,0.25,0.407650786271373,"LOW MED","R1"
88,986,2,123.978747532092,89,2,2.50227711180145,0.827630731079209,0.25,0.0880723097436721,"LOW MED","R1"
84,949,8,186.605281735239,90,7,7.4992026546922,0.750862666266651,0.25,0.982384757431804,"LOW MED","R1"
85,957,3,192.526265225217,90,6,6.4994223672612,0.750862666266651,0.25,0.990266398230074,"LOW MED","R1"
86,967,4,164.314289057879,90,5,5.49895016337786,0.750862666266651,0.25,0.852954099830875,"LOW MED","R1"
87,978,5,159.226760255277,90,4,4.50028059514979,0.750862666266651,0.25,0.775809706574811,"LOW MED","R1"
87,982,9,169.638225582764,90,4,4.50023118743328,0.750862666266651,0.25,0.908753802311142,"LOW MED","R1"
87,983,10,158.735441225909,90,4,4.50068135923941,0.750862666266651,0.25,0.767014102447487,"LOW MED","R1"
88,985,1,150.595195777207,90,3,3.50086404544601,0.750862666266651,0.25,0.590257212196847,"LOW MED","R1"
88,990,6,160.377203843011,90,3,3.50116906795425,0.750862666266651,0.25,0.795470138967099,"LOW MED","R1"
88,995,11,160.131887761757,90,3,3.49976247753096,0.750862666266651,0.25,0.791387917667756,"LOW MED","R1"
84,949,8,191.850557177883,91,8,8.49952331608473,0.945658438561964,0.25,0.989582373185947,"LOW MED","R1"
86,967,4,172.452323345105,91,6,6.49730280267809,0.945658438561964,0.25,0.929840048905219,"LOW MED","R1"
87,982,9,183.499797716829,91,5,5.50068607059133,0.945658438561964,0.25,0.97601176831277,"LOW MED","R1"
88,986,2,160.240682886754,91,4,4.49882095153179,0.945658438561964,0.25,0.793205703996442,"LOW MED","R1"
88,990,6,180.467984075746,91,4,4.50013048377911,0.945658438561964,0.25,0.967644602819948,"LOW MED","R1"
88,992,8,167.530412213166,91,4,4.50095054311285,0.945658438561964,0.25,0.889387663750044,"LOW MED","R1"
88,995,11,180.151483681004,91,4,4.49825973191597,0.945658438561964,0.25,0.966623241265907,"LOW MED","R1"
89,1003,8,158.599039036614,91,3,3.49819231320893,0.945658438561964,0.25,0.76453004926204,"LOW MED","R1"
90,1008,4,129.296849997374,91,2,2.5007765332236,0.945658438561964,0.25,0.14216262070407,"LOW MED","R1"
90,1012,8,135.715541837554,91,2,2.4982553121077,0.945658438561964,0.25,0.241268437814763,"LOW MED","R1"
86,967,4,178.57895637492,92,7,7.50066122209342,0.748595178045827,0.25,0.961070167194039,"LOW MED","R1"
87,982,9,194.351632936631,92,6,6.50005830055333,0.748595178045827,0.25,0.991899724320927,"LOW MED","R1"
88,992,8,180.973322948223,92,5,5.49843541822581,0.748595178045827,0.25,0.969213012191868,"LOW MED","R1"
90,1008,4,151.906268148606,92,3,3.49979598676495,0.748595178045827,0.25,0.622023318056774,"LOW MED","R1"
91,1018,4,123.191736175589,92,2,2.49953176765632,0.748595178045827,0.25,0.0818622365427921,"LOW MED","R1"
86,967,4,183.191327244497,93,8,8.49845026717902,0.946927649434034,0.25,0.975267449717865,"LOW MED","R1"
90,1008,4,169.605217844437,93,4,4.49917661924187,0.946927649434034,0.25,0.90847552597488,"LOW MED","R1"
91,1017,3,154.269624372629,93,3,3.49993087188404,0.946927649434034,0.25,0.676580732131473,"LOW MED","R1"
91,1021,7,142.454611057422,93,3,3.50117564536977,0.946927649434034,0.25,0.386629058156295,"LOW MED","R1"
92,1026,2,136.895691044909,94,3,3.49921201056531,0.900689255070997,0.25,0.263876925527441,"LOW MED","R1"
92,1033,9,144.713658830756,94,3,3.49948932993089,0.900689255070997,0.25,0.442224801620045,"LOW MED","R1"
91,1020,6,175.215603033842,95,5,5.50045983491408,0.839038409768517,0.25,0.946078552445332,"LOW MED","R1"
92,1031,7,158.82580315714,95,4,4.50017907349399,0.839038409768517,0.25,0.768649628216334,"LOW MED","R1"
93,1045,10,160.324989827186,95,3,3.5009859826373,0.839038409768517,0.25,0.79460626167331,"LOW MED","R1"
94,1053,6,133.03211459821,95,2,2.50031751696124,0.839038409768517,0.25,0.194945078757119,"LOW MED","R1"
94,1054,7,120.581744346585,95,2,2.49967321021566,0.839038409768517,0.25,0.0640254074901864,"LOW MED","R1"
92,1031,7,170.603005855116,96,5,5.50069460711175,0.946354995945261,0.25,0.91655767546685,"LOW MED","R1"
93,1045,10,180.400609413861,96,4,4.49914225284672,0.946354995945261,0.25,0.967429743786189,"LOW MED","R1"
94,1051,4,146.222064083666,96,3,3.4993505625558,0.946354995945261,0.25,0.480263838667628,"LOW MED","R1"
94,1054,7,154.375000584812,97,4,4.49944200635563,0.940231802159919,0.25,0.678917463591534,"LOW MED","R1"
95,1063,6,149.874088541571,97,3,3.50123330806492,0.940231802159919,0.25,0.572439938535956,"LOW MED","R1"
95,1066,9,152.418490394175,97,3,3.49851837447562,0.940231802159919,0.25,0.634170906051894,"LOW MED","R1"
95,1067,10,171.809932776243,98,4,4.49778297472327,0.778547353826244,0.25,0.925463895443772,"LOW MED","R1"
96,1070,3,146.298809169912,98,3,3.49949550299165,0.778547353826244,0.25,0.482209120618325,"LOW MED","R1"
96,1071,4,149.648174550542,98,3,3.4992678527062,0.778547353826244,0.25,0.566816811489247,"LOW MED","R1"
96,1072,5,160.503871848628,98,3,3.50113386363271,0.778547353826244,0.25,0.797554624749925,"LOW MED","R1"
97,1082,5,146.768345809341,99,3,3.49944247577412,0.827264856303144,0.25,0.494120170815055,"LOW MED","R1"
97,1085,8,137.580886732965,99,3,3.50058158381424,0.827264856303144,0.25,0.277610588391217,"LOW MED","R1"
