"cohort","uni_ind","ind","fish_size","Year","Age","AgeE","FMORT","M","Sel","FSIM"
1,5,5,124.490741242241,2,2,2.50072806448381,0,0.25,0.0923378091466269,"LOW MED"
1,8,8,131.44848339498,2,2,2.49956667574358,0,0.25,0.170939637129696,"LOW MED"
1,9,9,148.323139215391,3,3,3.49910603272967,0,0.25,0.533534947570885,"LOW MED"
1,10,10,161.543172166675,3,3,3.49896076841103,0,0.25,0.814058914704484,"LOW MED"
1,11,11,149.215808048014,3,3,3.50205490518223,0,0.25,0.556008030421839,"LOW MED"
1,13,13,144.898768390595,3,3,3.50042696561077,0,0.25,0.446865621857995,"LOW MED"
2,16,3,130.799285892365,3,2,2.49842912184282,0,0.25,0.161799822693604,"LOW MED"
1,5,5,161.13260002504,4,4,4.50013129022578,0,0.25,0.807666207154873,"LOW MED"
1,9,9,165.051881007335,4,4,4.49982560099641,0,0.25,0.862100942544063,"LOW MED"
1,10,10,181.97383514087,4,4,4.49928317693047,0,0.25,0.972103923665612,"LOW MED"
1,11,11,166.183925302608,4,4,4.49991870334437,0,0.25,0.875205416471112,"LOW MED"
1,12,12,153.137991165424,4,4,4.49988869889169,0,0.25,0.650947088671698,"LOW MED"
1,13,13,160.723702376307,4,4,4.49971169775882,0,0.25,0.80113450224545,"LOW MED"
2,17,4,155.30974018919,4,3,3.50076139775431,0,0.25,0.699245522634965,"LOW MED"
2,18,5,156.92044352235,4,3,3.49758803395969,0,0.25,0.732480885832924,"LOW MED"
2,19,6,141.89058212065,4,3,3.49769063548524,0,0.25,0.373139577883014,"LOW MED"
2,20,7,154.42480510052,4,3,3.4991671089428,0,0.25,0.680018782953428,"LOW MED"
2,24,11,136.009521569732,4,3,3.49951719293835,0,0.25,0.246774550318019,"LOW MED"
3,33,8,134.956594458556,4,2,2.49901538467813,0,0.25,0.227444849194966,"LOW MED"
3,34,9,126.696084479788,4,2,2.50044537268905,0,0.25,0.112895033165734,"LOW MED"
1,5,5,173.341239396999,5,5,5.49982755625239,0,0.25,0.935504390731646,"LOW MED"
1,9,9,178.010091913789,5,5,5.49972745609028,0,0.25,0.958850697184582,"LOW MED"
1,11,11,179.362496453549,5,5,5.49918625278757,0,0.25,0.963939875138438,"LOW MED"
1,12,12,163.882585886093,5,5,5.50012389371623,0,0.25,0.847371081044391,"LOW MED"
2,16,3,172.290960289193,5,4,4.50139940444414,0,0.25,0.928763668775802,"LOW MED"
2,17,4,173.953219449427,5,4,4.49997484260983,0,0.25,0.939153491032674,"LOW MED"
2,19,6,156.940618102739,5,4,4.4998364147687,0,0.25,0.73288207876017,"LOW MED"
3,28,3,162.247493181433,5,3,3.50142222703786,0,0.25,0.824641204092775,"LOW MED"
3,33,8,159.870675835101,5,3,3.50040724590946,0,0.25,0.786975566577972,"LOW MED"
3,36,11,161.78745229398,5,3,3.50023575883168,0,0.25,0.817783963972575,"LOW MED"
4,45,6,134.112210646468,5,2,2.50070467108383,0,0.25,0.212733282665749,"LOW MED"
1,12,12,171.963858652278,6,6,6.49792237114896,0,0.25,0.926534811352091,"LOW MED"
2,16,3,186.687811278747,6,5,5.49880657854921,0,0.25,0.98252917824642,"LOW MED"
2,17,4,188.69022168088,6,5,5.50053169676256,0,0.25,0.985697390120904,"LOW MED"
2,19,6,168.37063734337,6,5,5.49900148531833,0,0.25,0.897505640892967,"LOW MED"
3,28,3,182.884705208637,6,4,4.49912188729309,0,0.25,0.974505302601469,"LOW MED"
3,36,11,182.289647369033,6,4,4.49997081926709,0,0.25,0.97296042401242,"LOW MED"
1,12,12,178.041981766206,7,7,7.50047481840058,0,0.25,0.958978260386652,"LOW MED"
2,16,3,198.026193165286,7,6,6.49888420604854,0,0.25,0.994408001013602,"LOW MED"
2,17,4,200.339293816952,7,6,6.49977591746748,0,0.25,0.995573304437897,"LOW MED"
2,19,6,177.051370066978,7,6,6.50085259649804,0,0.25,0.954833748611644,"LOW MED"
3,28,3,199.511095004998,7,5,5.49893092504423,0,0.25,0.995186838625119,"LOW MED"
4,43,4,159.957882970251,7,4,4.50004835730768,0,0.25,0.788456182049661,"LOW MED"
4,51,12,162.921461762945,7,4,4.49919391023729,0,0.25,0.834317937420076,"LOW MED"
5,56,5,123.474838913913,7,3,3.50066979869694,0,0.25,0.0840487956719172,"LOW MED"
5,57,6,160.522833968877,7,3,3.50127897697836,0,0.25,0.797865303032874,"LOW MED"
5,60,9,160.740708384096,7,3,3.49940366203418,0,0.25,0.801409447322457,"LOW MED"
5,61,10,139.189953026574,7,3,3.4999980369223,0,0.25,0.311530741311215,"LOW MED"
2,16,3,206.955847566674,8,7,7.50085793238588,0,0.25,0.997733975738135,"LOW MED"
2,17,4,209.547467874344,8,7,7.49918552863906,0,0.25,0.998257330903371,"LOW MED"
2,19,6,183.644107929645,8,7,7.50232745490208,0,0.25,0.976352434229244,"LOW MED"
3,28,3,212.906161998357,8,6,6.49999431878157,0,0.25,0.998760255420996,"LOW MED"
4,43,4,171.945910544565,8,5,5.50135933887605,0,0.25,0.926410673522918,"LOW MED"
4,50,11,155.507732441672,8,5,5.498430335853,0,0.25,0.70345612233749,"LOW MED"
5,54,3,161.178621735175,8,4,4.5003748446215,0,0.25,0.808391027084389,"LOW MED"
5,57,6,180.655925911193,8,4,4.499283942207,0,0.25,0.968236735815393,"LOW MED"
6,74,10,159.834671048636,8,3,3.50124471081094,0,0.25,0.78636207185182,"LOW MED"
6,75,11,144.306666337402,8,3,3.49820034725506,0,0.25,0.432057727436081,"LOW MED"
6,76,12,140.521906745075,8,3,3.5022951529882,0,0.25,0.341248322206141,"LOW MED"
7,88,11,127.880933043784,8,2,2.50071052129658,0,0.25,0.125515606297623,"LOW MED"
2,16,3,213.988484897658,9,8,8.49749452524903,0,0.25,0.998889129900722,"LOW MED"
2,17,4,216.826199474665,9,8,8.49926382049469,0,0.25,0.99916698048389,"LOW MED"
2,19,6,188.651080717511,9,8,8.49916477905044,0,0.25,0.98564125515252,"LOW MED"
3,28,3,223.697910655412,9,7,7.50200510038549,0,0.25,0.999585209165797,"LOW MED"
4,43,4,181.118918857983,9,6,6.4990506184408,0,0.25,0.969651068912164,"LOW MED"
4,50,11,162.526138335975,9,6,6.4998556264558,0,0.25,0.828694882850796,"LOW MED"
5,55,4,159.093860219421,9,5,5.49932822586439,0,0.25,0.773454036962243,"LOW MED"
5,57,6,196.801162028342,9,5,5.49872336267871,0,0.25,0.993672047131353,"LOW MED"
5,58,7,150.064902251446,9,5,5.50173587111981,0,0.25,0.577174922926701,"LOW MED"
6,74,10,179.768174510446,9,4,4.50032023317285,0,0.25,0.965344570619353,"LOW MED"
6,76,12,155.225323793892,9,4,4.50032857691416,0,0.25,0.697439959042103,"LOW MED"
7,82,5,159.655704246543,9,3,3.50014230843775,0,0.25,0.783293532637195,"LOW MED"
7,85,8,149.741722699628,9,3,3.49940368833737,0,0.25,0.56914745194664,"LOW MED"
7,88,11,149.929657510526,9,3,3.49948010745864,0,0.25,0.573820276207937,"LOW MED"
8,91,2,130.671847682764,9,2,2.50175592302587,0,0.25,0.160052682925531,"LOW MED"
2,19,6,192.453715832186,10,9,9.50061698057288,0,0.25,0.990195140296945,"LOW MED"
3,28,3,232.392293381143,10,8,8.49904632776527,0,0.25,0.999828384541522,"LOW MED"
4,43,4,188.137928532128,10,7,7.49743336500301,0,0.25,0.984884917816521,"LOW MED"
4,50,11,167.704839523245,10,7,7.49798416506368,0,0.25,0.891117949353281,"LOW MED"
5,55,4,166.558439526717,10,6,6.5000418523012,0,0.25,0.879299668700853,"LOW MED"
5,56,5,147.249406148278,10,6,6.50139423371362,0,0.25,0.506330361595518,"LOW MED"
5,57,6,209.748435602878,10,6,6.4993592585307,0,0.25,0.998292469168229,"LOW MED"
6,76,12,166.343689276466,10,5,5.50096773602617,0,0.25,0.876966356040161,"LOW MED"
7,78,1,168.676872822495,10,4,4.49959317920682,0,0.25,0.900330702118081,"LOW MED"
7,82,5,179.537448205751,10,4,4.49970617187368,0,0.25,0.964552259809635,"LOW MED"
7,83,6,167.046502363464,10,4,4.50145323632729,0,0.25,0.884460875614186,"LOW MED"
7,88,11,167.090314934181,10,4,4.50042169593294,0,0.25,0.884914679457511,"LOW MED"
8,91,2,153.831861639693,10,3,3.49782373047414,0,0.25,0.66677954198096,"LOW MED"
8,97,8,158.408994292238,10,3,3.50073645390888,0,0.25,0.761038651127076,"LOW MED"
8,99,10,156.804212214817,10,3,3.49950371936227,0,0.25,0.730162066591912,"LOW MED"
9,105,3,125.368641280356,10,2,2.49797967704588,0,0.25,0.10008474659362,"LOW MED"
9,106,4,126.127310544885,10,2,2.49967982256201,0,0.25,0.107239489364375,"LOW MED"
2,19,6,195.341695141841,11,10,10.4992718470934,0,0.25,0.992668723095314,"LOW MED"
4,43,4,193.508739843143,11,8,8.4993796884747,0,0.25,0.991182348712953,"LOW MED"
4,50,11,171.52606992669,11,8,8.50188293633493,0,0.25,0.923451250000171,"LOW MED"
5,55,4,172.112585214556,11,7,7.50097469956314,0,0.25,0.92755607989663,"LOW MED"
5,56,5,151.126937866115,11,7,7.5001371924903,0,0.25,0.603248198430618,"LOW MED"
5,57,6,220.131182054994,11,7,7.49988524061129,0,0.25,0.999404303195479,"LOW MED"
6,76,12,174.751126173189,11,6,6.50056952060948,0,0.25,0.943621531748113,"LOW MED"
7,81,4,174.135664554105,11,5,5.50112434279306,0,0.25,0.940203463820267,"LOW MED"
7,83,6,180.394133652265,11,5,5.5009596471101,0,0.25,0.967409019980969,"LOW MED"
7,88,11,180.446559811577,11,5,5.50029387683006,0,0.25,0.967576429424133,"LOW MED"
8,90,1,159.686385871249,11,4,4.49920339663316,0,0.25,0.783821851207259,"LOW MED"
8,91,2,172.062466839939,11,4,4.49889566880533,0,0.25,0.927213399995418,"LOW MED"
8,92,3,159.244425982552,11,4,4.50028339686563,0,0.25,0.776121518833918,"LOW MED"
9,104,2,146.488465407471,11,3,3.50150173529604,0,0.25,0.487018586988851,"LOW MED"
9,113,11,149.924145569612,11,3,3.50040813375951,0,0.25,0.573683410162626,"LOW MED"
2,19,6,197.535022726918,12,11,11.5010232270145,0,0.25,0.994123739292871,"LOW MED"
4,43,4,197.618381441841,12,9,9.49789245829392,0,0.25,0.99417297520946,"LOW MED"
4,50,11,174.34565755459,12,9,9.49996206861416,0,0.25,0.94139096443453,"LOW MED"
5,56,5,153.891030154366,12,8,8.49806067545332,0,0.25,0.668112980298389,"LOW MED"
5,57,6,228.457369284167,12,8,8.50032698323709,0,0.25,0.999744123682839,"LOW MED"
6,76,12,181.108624969495,12,7,7.50210214182302,0,0.25,0.969620296886129,"LOW MED"
7,78,1,193.025088252722,12,6,6.49941941479958,0,0.25,0.990742647270315,"LOW MED"
7,81,4,183.616578679206,12,6,6.50103705267531,0,0.25,0.976287813723979,"LOW MED"
7,88,11,190.841807081013,12,6,6.498976484915,0,0.25,0.98847178915376,"LOW MED"
8,91,2,186.412845323531,12,5,5.49954191464388,0,0.25,0.982043438182383,"LOW MED"
8,92,3,171.099384066989,12,5,5.50006575164937,0,0.25,0.920332096192473,"LOW MED"
8,99,10,191.003073681507,12,5,5.49996464751145,0,0.25,0.988656888902544,"LOW MED"
9,105,3,162.666725520213,12,4,4.49920557116514,0,0.25,0.830711739688578,"LOW MED"
9,109,7,163.638258089418,12,4,4.50137219766056,0,0.25,0.844134964871361,"LOW MED"
9,112,10,172.640852984986,12,4,4.49966157411898,0,0.25,0.931078588352263,"LOW MED"
9,113,11,167.083312512396,12,4,4.50047579393449,0,0.25,0.884842253706565,"LOW MED"
10,125,10,138.338054484429,12,3,3.49895944568257,0,0.25,0.293288048718385,"LOW MED"
10,126,11,142.696857962654,12,3,3.5004962162106,0,0.25,0.392477918306946,"LOW MED"
11,135,8,122.081581786819,12,2,2.49893158559345,0,0.25,0.0737798512534319,"LOW MED"
2,19,6,199.200784624648,13,12,12.5010306317792,0,0.25,0.995033543433817,"LOW MED"
4,43,4,200.76300021389,13,10,10.4999824131408,0,0.25,0.995758911831061,"LOW MED"
4,50,11,176.426158741914,13,10,10.4991930138528,0,0.25,0.952015710859012,"LOW MED"
5,56,5,155.861408924661,13,9,9.49878447774961,0,0.25,0.71089194388988,"LOW MED"
5,57,6,235.134349608687,13,9,9.49796929373301,0,0.25,0.999870083688977,"LOW MED"
6,76,12,185.916010554607,13,8,8.50054332426918,0,0.25,0.981131916237693,"LOW MED"
7,78,1,201.366531356376,13,7,7.49766658425274,0,0.25,0.996009988783594,"LOW MED"
7,81,4,190.903818950465,13,7,7.49997895289729,0,0.25,0.988543316236372,"LOW MED"
7,88,11,198.932491759579,13,7,7.50130602485266,0,0.25,0.994897095458266,"LOW MED"
8,91,2,197.708869803265,13,6,6.50171541557712,0,0.25,0.994225958110689,"LOW MED"
8,92,3,180.154661032985,13,6,6.50202022646808,0,0.25,0.966633647795067,"LOW MED"
9,105,3,175.166295974117,13,5,5.50036908910326,0,0.25,0.945822592244763,"LOW MED"
9,109,7,176.323717604559,13,5,5.49964899628373,0,0.25,0.951538330187597,"LOW MED"
9,112,10,187.10900090416,13,5,5.49906225083553,0,0.25,0.983248305403402,"LOW MED"
9,113,11,180.438180535355,13,5,5.50078429670512,0,0.25,0.967549728274731,"LOW MED"
10,125,10,152.496158957377,13,4,4.49958324244626,0,0.25,0.635998471229217,"LOW MED"
10,126,11,157.95282900139,13,4,4.49946064359182,0,0.25,0.752514222454639,"LOW MED"
11,128,1,141.521849101481,13,3,3.50072168403726,0,0.25,0.36442491684931,"LOW MED"
11,139,12,153.315907546732,13,3,3.50024433360191,0,0.25,0.655040289682684,"LOW MED"
4,43,4,203.169202064838,14,11,11.5003292924179,0,0.25,0.996675124683093,"LOW MED"
5,57,6,240.488789165104,14,10,10.5007534650896,0,0.25,0.999924563142439,"LOW MED"
6,76,12,189.551238323328,14,9,9.50207979726566,0,0.25,0.986878935267609,"LOW MED"
7,78,1,207.882504187823,14,8,8.50084561813449,0,0.25,0.997937034073676,"LOW MED"
7,81,4,196.504952983571,14,8,8.49917126329437,0,0.25,0.993480104115131,"LOW MED"
7,88,11,205.229521245393,14,8,8.49836082988495,0,0.25,0.9973010282635,"LOW MED"
8,91,2,206.600633124535,14,7,7.5016327724717,0,0.25,0.99765095368447,"LOW MED"
8,92,3,187.071432931025,14,7,7.50188567505988,0,0.25,0.983185362754141,"LOW MED"
9,109,7,186.117125179616,14,6,6.49974810160358,0,0.25,0.981506235820427,"LOW MED"
9,112,10,198.512408738736,14,6,6.49789116758203,0,0.25,0.994675921786776,"LOW MED"
9,113,11,190.83218745337,14,6,6.50217193170953,0,0.25,0.988460653999813,"LOW MED"
10,126,11,169.568655705841,14,5,5.50025763551163,0,0.25,0.908166393114935,"LOW MED"
11,129,2,151.933840160685,14,4,4.50063134119162,0,0.25,0.622681272890601,"LOW MED"
11,133,6,146.287940239529,14,4,4.5014061276205,0,0.25,0.481933588257239,"LOW MED"
12,140,1,141.334672033282,14,3,3.49978132772141,0,0.25,0.360034542509342,"LOW MED"
12,141,2,158.271300767429,14,3,3.50131566913823,0,0.25,0.758486930218153,"LOW MED"
12,144,5,161.595866230091,14,3,3.50115824487858,0,0.25,0.814867391012034,"LOW MED"
12,146,7,159.489214582404,14,3,3.49810362797068,0,0.25,0.780410413335487,"LOW MED"
4,43,4,205.010381478689,15,12,12.5003152297002,0,0.25,0.997240471253416,"LOW MED"
6,76,12,192.30010893013,15,10,10.4988877173597,0,0.25,0.990042558900736,"LOW MED"
7,78,1,212.972498978,15,9,9.4990621419117,0,0.25,0.99876856723079,"LOW MED"
8,91,2,213.599861490527,15,8,8.5009862161488,0,0.25,0.998844472750866,"LOW MED"
8,92,3,192.354731682591,15,8,8.49939396831069,0,0.25,0.990097084435247,"LOW MED"
9,112,10,207.500270279005,15,7,7.50035007397161,0,0.25,0.997855573387958,"LOW MED"
9,113,11,198.921775431776,15,7,7.49949782201034,0,0.25,0.994891568578278,"LOW MED"
12,141,2,177.754703518575,15,4,4.49878205849017,0,0.25,0.957815333750512,"LOW MED"
12,144,5,182.041950031593,15,4,4.49974898606783,0,0.25,0.97229085626844,"LOW MED"
12,146,7,179.322861897069,15,4,4.49856569561792,0,0.25,0.963799733649849,"LOW MED"
12,149,10,195.877935587877,15,4,4.49993823784755,0,0.25,0.993054510221925,"LOW MED"
12,152,13,159.383334799113,15,4,4.50133687301639,0,0.25,0.778562594655008,"LOW MED"
12,153,14,146.15444986203,15,4,4.50105769985986,0,0.25,0.478550493389913,"LOW MED"
13,154,1,150.181341337281,15,3,3.5006001167608,0,0.25,0.580057430253266,"LOW MED"
13,161,8,148.59627076801,15,3,3.50057749262567,0,0.25,0.540429830780363,"LOW MED"
13,164,11,165.797648480267,15,3,3.50144986238131,0,0.25,0.870858405289556,"LOW MED"
14,176,11,126.46660869065,15,2,2.49964478095378,0,0.25,0.110582583124007,"LOW MED"
4,43,4,206.4192165823,16,13,13.5009214361826,0,0.25,0.997607388596161,"LOW MED"
5,56,5,158.980985869609,16,12,12.4988692051856,0,0.25,0.77143962142916,"LOW MED"
9,113,11,205.21784913815,16,8,8.49984010143481,0,0.25,0.997297836472769,"LOW MED"
11,133,6,162.908810004617,16,6,6.50026766283275,0,0.25,0.83414029404721,"LOW MED"
12,140,1,167.546338435827,16,5,5.49918877839407,0,0.25,0.889546642306022,"LOW MED"
12,141,2,193.283221308436,16,5,5.49872035440899,0,0.25,0.990979960043531,"LOW MED"
12,146,7,195.183372877823,16,5,5.50152085849282,0,0.25,0.992550806697313,"LOW MED"
12,152,13,171.264146826343,16,5,5.50059223644252,0,0.25,0.921550071280847,"LOW MED"
12,153,14,155.692669036176,16,5,5.50023851475413,0,0.25,0.707358099330434,"LOW MED"
13,154,1,167.41011930207,16,4,4.50021894470452,0,0.25,0.888180394337655,"LOW MED"
13,161,8,165.398089779101,16,4,4.49940668656245,0,0.25,0.866226901678172,"LOW MED"
13,164,11,187.490096264994,16,4,4.50101208876435,0,0.25,0.983873854340261,"LOW MED"
14,167,2,147.521136117952,16,3,3.49979020736948,0,0.25,0.513224962056773,"LOW MED"
14,170,5,142.359301877726,16,3,3.50031531888317,0,0.25,0.384336726782713,"LOW MED"
14,174,9,158.41555669796,16,3,3.50077098261368,0,0.25,0.761159801977445,"LOW MED"
14,176,11,147.961666512167,16,3,3.49881358240266,0,0.25,0.524390697527583,"LOW MED"
15,186,10,132.609985961282,16,2,2.49955747002516,0,0.25,0.188306423282438,"LOW MED"
12,140,1,176.115422546931,17,6,6.49891650049346,0,0.25,0.950553731970404,"LOW MED"
12,141,2,205.659645890423,17,6,6.49922952571625,0,0.25,0.99741606192162,"LOW MED"
12,146,7,207.866658235259,17,6,6.50033879191502,0,0.25,0.997933719206935,"LOW MED"
12,152,13,180.34228134287,17,6,6.50032015281483,0,0.25,0.967242621551175,"LOW MED"
12,153,14,162.733754376949,17,6,6.49954257913799,0,0.25,0.831666656469666,"LOW MED"
13,154,1,180.829315730078,17,5,5.49906177751414,0,0.25,0.968773716207992,"LOW MED"
13,161,8,178.423509937902,17,5,5.49971661606244,0,0.25,0.960475346865888,"LOW MED"
14,169,4,161.582953682808,17,4,4.49999808062765,0,0.25,0.814669527552165,"LOW MED"
14,170,5,157.528898858185,17,4,4.49955211921577,0,0.25,0.74441129090264,"LOW MED"
14,173,8,157.669513138173,17,4,4.49973170055082,0,0.25,0.747118167441681,"LOW MED"
14,174,9,177.940297559666,17,4,4.4987867427221,0,0.25,0.958570185504338,"LOW MED"
12,140,1,182.611934640784,18,7,7.50023056111766,0,0.25,0.973808109471807,"LOW MED"
12,146,7,218.009189434496,18,7,7.50072550472112,0,0.25,0.99926119089622,"LOW MED"
12,152,13,187.278888547097,18,7,7.50079810234702,0,0.25,0.983530060984056,"LOW MED"
13,154,1,191.281295153196,18,6,6.49830868004317,0,0.25,0.988969346132908,"LOW MED"
14,169,4,173.876666972779,18,5,5.50098515086559,0,0.25,0.938707815504461,"LOW MED"
14,173,8,169.233191050375,18,5,5.50104268316483,0,0.25,0.905285972535879,"LOW MED"
14,174,9,193.507940770086,18,5,5.50095288830275,0,0.25,0.991181639600954,"LOW MED"
15,178,2,151.922505145183,18,4,4.5012194595399,0,0.25,0.622410838375734,"LOW MED"
15,179,3,173.419637631689,18,4,4.49882585046844,0,0.25,0.93598300056628,"LOW MED"
15,180,4,158.80082126676,18,4,4.49872686997312,0,0.25,0.768198266949531,"LOW MED"
15,187,11,161.20284120914,18,4,4.50091565014034,0,0.25,0.808771634417828,"LOW MED"
16,193,4,164.546567509479,18,3,3.49895851277526,0,0.25,0.855887504643859,"LOW MED"
16,198,9,154.940528089595,18,3,3.49965675155442,0,0.25,0.691303575101793,"LOW MED"
12,146,7,226.119938047999,19,8,8.49862739747581,0,0.25,0.999675608665354,"LOW MED"
12,152,13,192.579153642105,19,8,8.49940647862026,0,0.25,0.990318021778133,"LOW MED"
12,153,14,171.768395986002,19,8,8.50125884110103,0,0.25,0.925172459586363,"LOW MED"
13,154,1,199.422160699607,19,7,7.50059088863297,0,0.25,0.995143392383126,"LOW MED"
14,169,4,183.32091045012,19,6,6.50037797363639,0,0.25,0.975582828504423,"LOW MED"
14,173,8,178.031496950652,19,6,6.49836252683342,0,0.25,0.958936361700948,"LOW MED"
14,174,9,205.920475043575,19,6,6.4996831367248,0,0.25,0.997483423235162,"LOW MED"
15,179,3,188.047055833601,19,5,5.50004638136503,0,0.25,0.984746949871193,"LOW MED"
15,180,4,170.573391378021,19,5,5.50055286519455,0,0.25,0.916327425913343,"LOW MED"
15,187,11,173.424731339449,19,5,5.4983057746874,0,0.25,0.936013982173036,"LOW MED"
16,191,2,160.709531027248,19,4,4.49803552182457,0,0.25,0.80090516807251,"LOW MED"
16,193,4,185.864467549736,19,4,4.49997647655794,0,0.25,0.981034792947005,"LOW MED"
16,198,9,173.480468672967,19,4,4.49876507186234,0,0.25,0.9363520833826,"LOW MED"
16,199,10,139.680229949095,19,4,4.49831048025609,0,0.25,0.322306172505239,"LOW MED"
17,204,4,141.071629999108,19,3,3.49930712969393,0,0.25,0.353904206310284,"LOW MED"
17,206,6,148.678980044235,19,3,3.50057987560051,0,0.25,0.542514801443647,"LOW MED"
17,208,8,143.725545998361,19,3,3.49965222271832,0,0.25,0.417641433133212,"LOW MED"
17,210,10,148.078881316557,19,3,3.49978449765512,0,0.25,0.527357995606883,"LOW MED"
12,146,7,232.605916920452,20,9,9.4986250873772,0,0.25,0.999832066134608,"LOW MED"
12,152,13,196.629088898673,20,9,9.50027990960283,0,0.25,0.993561238192569,"LOW MED"
13,154,1,205.762939719717,20,8,8.50138425104935,0,0.25,0.997442950864457,"LOW MED"
14,169,4,190.57614186438,20,7,7.49928275958954,0,0.25,0.988160331507902,"LOW MED"
14,174,9,215.817349285106,20,7,7.50122295492956,0,0.25,0.999077213235108,"LOW MED"
15,179,3,199.595909210729,20,6,6.5009289787394,0,0.25,0.995227911729892,"LOW MED"
15,180,4,179.555881779226,20,6,6.49928237711404,0,0.25,0.964616196602547,"LOW MED"
15,187,11,182.805148705712,20,6,6.49975875933367,0,0.25,0.974303846825016,"LOW MED"
16,191,2,172.838501717884,20,5,5.49884378011316,0,0.25,0.932355273547783,"LOW MED"
16,198,9,188.120361113947,20,5,5.49820434538326,0,0.25,0.984858342150607,"LOW MED"
17,201,1,163.977034617682,20,4,4.50222670267406,0,0.25,0.848607209327892,"LOW MED"
17,203,3,172.79919705561,20,4,4.50015867604785,0,0.25,0.932103150001726,"LOW MED"
17,204,4,155.913816635491,20,4,4.49799406346089,0,0.25,0.711984328148087,"LOW MED"
17,206,6,165.502956888845,20,4,4.49908197434968,0,0.25,0.867455896476436,"LOW MED"
17,208,8,159.246131584443,20,4,4.50030547973422,0,0.25,0.776151607541859,"LOW MED"
17,210,10,164.742394446492,20,4,4.49888110705021,0,0.25,0.858322616132578,"LOW MED"
12,146,7,237.792604850081,21,10,10.5000807040826,0,0.25,0.999900811484587,"LOW MED"
12,152,13,199.723646489356,21,10,10.4985678083433,0,0.25,0.995289113883064,"LOW MED"
13,154,1,210.701662556088,21,9,9.499429286632,0,0.25,0.998449740251209,"LOW MED"
14,174,9,223.708414686785,21,8,8.49870570431274,0,0.25,0.999585651120916,"LOW MED"
15,179,3,208.714129014481,21,7,7.5001833118048,0,0.25,0.998103756310907,"LOW MED"
15,180,4,186.409536762394,21,7,7.49969114508979,0,0.25,0.982037513460958,"LOW MED"
15,187,11,190.004708595966,21,7,7.50112506830048,0,0.25,0.98746195508525,"LOW MED"
16,191,2,182.136434079912,21,6,6.50072684168929,0,0.25,0.972548142056903,"LOW MED"
16,199,10,154.308334267436,21,6,6.49957544843472,0,0.25,0.677440161529415,"LOW MED"
17,201,1,176.727613989876,21,5,5.49951981310193,0,0.25,0.953394728575983,"LOW MED"
17,204,4,167.156788349015,21,5,5.50010444655722,0,0.25,0.885600239442201,"LOW MED"
17,206,6,178.548766602892,21,5,5.50111664902019,0,0.25,0.96095532118526,"LOW MED"
17,208,8,171.101406958613,21,5,5.50120601269226,0,0.25,0.920347154204577,"LOW MED"
19,224,1,148.581040539571,21,3,3.50031936524711,0,0.25,0.540045744151847,"LOW MED"
19,226,3,150.16695119115,21,3,3.49921605684928,0,0.25,0.579701486492121,"LOW MED"
19,231,8,150.948060115076,21,3,3.4999328250878,0,0.25,0.598893290145358,"LOW MED"
12,152,13,202.088199519315,22,11,11.500815152482,0,0.25,0.996290847917177,"LOW MED"
13,154,1,214.548348141112,22,10,10.4993810231112,0,0.25,0.998950450817562,"LOW MED"
15,179,3,215.913279412751,22,8,8.49999142408036,0,0.25,0.999086149387732,"LOW MED"
15,187,11,195.530439551157,22,8,8.49977351506236,0,0.25,0.992806878654651,"LOW MED"
16,199,10,158.763106098668,22,7,7.49896003504023,0,0.25,0.767515682587323,"LOW MED"
17,201,1,186.579230800272,22,6,6.50105945181702,0,0.25,0.982338927169665,"LOW MED"
17,204,4,175.673351039398,22,6,6.50117570898524,0,0.25,0.948400922537731,"LOW MED"
17,208,8,180.156964393473,22,6,6.50031862625371,0,0.25,0.96664118985046,"LOW MED"
18,220,8,158.064077675027,22,5,5.49943492810163,0,0.25,0.754611823109737,"LOW MED"
18,222,10,180.695077301329,22,5,5.499657726707,0,0.25,0.968358761220205,"LOW MED"
19,224,1,165.378780823411,22,4,4.49940910627399,0,0.25,0.865999561818341,"LOW MED"
19,225,2,164.775309471256,22,4,4.50069338281961,0,0.25,0.858728526061169,"LOW MED"
19,229,6,161.846632284294,22,4,4.49974989572968,0,0.25,0.81867762918393,"LOW MED"
20,240,7,166.981843980191,22,3,3.49898940990254,0,0.25,0.883788312474676,"LOW MED"
15,179,3,221.59725803713,23,9,9.49830256797733,0,0.25,0.999486648893034,"LOW MED"
15,187,11,199.771490817427,23,9,9.498907787426,0,0.25,0.99531183566432,"LOW MED"
17,204,4,182.124656077545,23,7,7.50145222104997,0,0.25,0.972516196939778,"LOW MED"
17,208,8,187.073979635034,23,7,7.50185576558899,0,0.25,0.983189636923041,"LOW MED"
18,220,8,165.399157519261,23,6,6.50023634680786,0,0.25,0.866239463520795,"LOW MED"
18,222,10,191.127143327271,23,6,6.50214122652854,0,0.25,0.988797292102451,"LOW MED"
19,224,1,178.400448307649,23,5,5.49871719230738,0,0.25,0.960386361791739,"LOW MED"
19,225,2,177.679945548247,23,5,5.50052361269027,0,0.25,0.957507576590234,"LOW MED"
19,226,3,180.807423820021,23,5,5.50002812820218,0,0.25,0.968706405611325,"LOW MED"
19,229,6,174.190283476936,23,5,5.50035256050862,0,0.25,0.940514481840878,"LOW MED"
20,234,1,153.672224951593,23,4,4.50020644772333,0,0.25,0.663168627198736,"LOW MED"
20,240,7,189.031491073891,23,4,4.50168198948649,0,0.25,0.98617775361121,"LOW MED"
21,245,2,155.871470148998,23,3,3.49925507031025,0,0.25,0.711101850246081,"LOW MED"
21,252,9,165.735382990225,23,3,3.50063793523389,0,0.25,0.870145743234258,"LOW MED"
22,257,2,119.683914994424,23,2,2.49951692787068,0,0.25,0.0587749192030461,"LOW MED"
15,179,3,226.084956059131,24,10,10.4997983274764,0,0.25,0.999674454817917,"LOW MED"
15,187,11,203.026538156682,24,10,10.4995956340775,0,0.25,0.996626776988664,"LOW MED"
17,204,4,187.01152631009,24,8,8.49993987891427,0,0.25,0.983084511988446,"LOW MED"
18,220,8,170.844007798466,24,7,7.49904997507015,0,0.25,0.918410121269808,"LOW MED"
18,222,10,199.250390761417,24,7,7.50122900251673,0,0.25,0.995058371445168,"LOW MED"
19,224,1,188.494890846042,24,6,6.5001788924182,0,0.25,0.985415081894345,"LOW MED"
19,226,3,191.256154500826,24,6,6.49948223352587,0,0.25,0.988941465196685,"LOW MED"
20,240,7,207.017751770299,24,5,5.50074390944518,0,0.25,0.997748141699985,"LOW MED"
21,247,4,166.374761387152,24,4,4.49848736992167,0,0.25,0.87730634560832,"LOW MED"
21,248,5,164.194351588738,24,4,4.49921547610798,0,0.25,0.851420177742446,"LOW MED"
21,252,9,187.409121015244,24,4,4.49836561951308,0,0.25,0.983742889244712,"LOW MED"
22,261,6,138.296759961154,24,3,3.4985997418437,0,0.25,0.292419774413751,"LOW MED"
15,179,3,229.628149105334,25,11,11.4995024277372,0,0.25,0.999772795427914,"LOW MED"
15,187,11,205.524818067857,25,11,11.4987713529768,0,0.25,0.997380539458034,"LOW MED"
18,220,8,174.885735385966,25,8,8.5015846300987,0,0.25,0.944344232549427,"LOW MED"
19,224,1,196.320138287221,25,7,7.50010305843179,0,0.25,0.993357425649354,"LOW MED"
19,226,3,199.394145451462,25,7,7.50006810898231,0,0.25,0.995129625693592,"LOW MED"
21,244,1,161.451505077437,25,5,5.49890237978516,0,0.25,0.812645995402334,"LOW MED"
21,248,5,176.986785270742,25,5,5.50068907505948,0,0.25,0.954550105434451,"LOW MED"
21,252,9,205.031798924559,25,5,5.5011405526297,0,0.25,0.997246449000613,"LOW MED"
22,256,1,178.222611221201,25,4,4.50069453591314,0,0.25,0.959693684386811,"LOW MED"
22,264,9,168.797108768655,25,4,4.50147864302785,0,0.25,0.901420835589865,"LOW MED"
22,266,11,162.991655859729,25,4,4.50029717411437,0,0.25,0.835300763875493,"LOW MED"
23,269,3,167.394789054401,25,3,3.50068670730653,0,0.25,0.888025713944706,"LOW MED"
23,272,6,143.712391156616,25,3,3.49791079620863,0,0.25,0.417316617892055,"LOW MED"
15,179,3,232.425622754655,26,12,12.4989197798388,0,0.25,0.999828964209364,"LOW MED"
15,187,11,207.442271752575,26,12,12.4988943485667,0,0.25,0.997842935507479,"LOW MED"
18,220,8,177.885921075911,26,9,9.49885952219197,0,0.25,0.958350372996163,"LOW MED"
19,226,3,205.732417413463,26,8,8.49794478824756,0,0.25,0.997435034628844,"LOW MED"
21,244,1,169.216729117432,26,6,6.50107634401858,0,0.25,0.905142562456967,"LOW MED"
21,251,8,163.319690394026,26,6,6.49944426150788,0,0.25,0.839831781565517,"LOW MED"
22,256,1,193.849855293107,26,5,5.49966647819414,0,0.25,0.991479956150567,"LOW MED"
22,261,6,163.066421208387,26,5,5.49983782799134,0,0.25,0.836342441415113,"LOW MED"
22,266,11,175.55325515932,26,5,5.49949981518258,0,0.25,0.947800934984726,"LOW MED"
23,268,2,159.724995310634,26,4,4.50022108541317,0,0.25,0.78448535548589,"LOW MED"
23,269,3,189.569606672965,26,4,4.49963820161032,0,0.25,0.986903062825151,"LOW MED"
23,274,8,161.865323469558,26,4,4.50044614277574,0,0.25,0.818959171068895,"LOW MED"
24,279,4,152.713663757276,26,3,3.50105953632796,0,0.25,0.641095448540947,"LOW MED"
24,281,6,143.546507238083,26,3,3.49885214942448,0,0.25,0.413226907764942,"LOW MED"
24,282,7,145.482438581892,26,3,3.50209639699117,0,0.25,0.461555624272032,"LOW MED"
25,290,3,129.959960986342,26,2,2.50112896888968,0,0.25,0.150572782023629,"LOW MED"
26,307,3,96.555455298484,26,1,1.49954866465537,0,0.25,0.00593016979235334,"LOW MED"
15,179,3,234.63432510776,27,13,13.4986828165322,0,0.25,0.999863318637906,"LOW MED"
18,220,8,180.112967302873,27,10,10.4974818286636,0,0.25,0.966496842141167,"LOW MED"
19,226,3,210.668978747578,27,9,9.499464783417,0,0.25,0.998444595238474,"LOW MED"
21,244,1,175.025608645405,27,7,7.50059681965377,0,0.25,0.945085953484677,"LOW MED"
21,251,8,168.571231352045,27,7,7.49928003162517,0,0.25,0.899364056840479,"LOW MED"
22,256,1,206.317424261237,27,6,6.50062092621575,0,0.25,0.997582592300566,"LOW MED"
22,261,6,171.040908060098,27,6,6.49931270274622,0,0.25,0.919895686760605,"LOW MED"
22,266,11,185.236077993281,27,6,6.5001572765522,0,0.25,0.979810567819076,"LOW MED"
23,268,2,171.669509813952,27,5,5.50008933375355,0,0.25,0.924474422478196,"LOW MED"
23,274,8,174.2125181521,27,5,5.50051727963478,0,0.25,0.940640658847243,"LOW MED"
24,279,4,170.634665455478,27,4,4.49928853259842,0,0.25,0.916803188567344,"LOW MED"
24,281,6,159.020887168297,27,4,4.50007379200504,0,0.25,0.772153158538571,"LOW MED"
24,282,7,161.459795117152,27,4,4.50000926563859,0,0.25,0.812774113727748,"LOW MED"
24,283,8,160.246515992826,27,4,4.50104490081465,0,0.25,0.793302833998236,"LOW MED"
24,285,10,161.663971775924,27,4,4.49958534187987,0,0.25,0.815908294869966,"LOW MED"
24,286,11,153.079611608158,27,4,4.49932429488676,0,0.25,0.649599088997998,"LOW MED"
25,289,2,148.467994763237,27,3,3.50015651513642,0,0.25,0.537193419308346,"LOW MED"
25,290,3,152.834161805512,27,3,3.50148725712348,0,0.25,0.64390561328406,"LOW MED"
25,292,5,153.544183509874,27,3,3.49984261896047,0,0.25,0.660258528491961,"LOW MED"
25,294,7,151.881857016139,27,3,3.50081811228222,0,0.25,0.621440416378064,"LOW MED"
25,299,12,158.241212262262,27,3,3.49901128848564,0,0.25,0.757926867508056,"LOW MED"
18,220,8,181.766109944559,28,11,11.4985109293732,0,0.25,0.971526254391474,"LOW MED"
19,226,3,214.513818153582,28,10,10.5005370276151,0,0.25,0.998946768615265,"LOW MED"
21,244,1,179.371018539145,28,8,8.49945531304103,0,0.25,0.963969939590482,"LOW MED"
22,261,6,177.027895608388,28,7,7.49929039236396,0,0.25,0.954730849220858,"LOW MED"
22,266,11,192.699861528943,28,7,7.50046763302173,0,0.25,0.99043482951969,"LOW MED"
23,268,2,180.803997589401,28,6,6.50075449393647,0,0.25,0.968695858352914,"LOW MED"
24,279,4,184.696210433345,28,5,5.49827465704751,0,0.25,0.978697244391319,"LOW MED"
24,285,10,173.973018985976,28,5,5.49990160331155,0,0.25,0.939268266334686,"LOW MED"
24,286,11,163.813839284121,28,5,5.50079924111614,0,0.25,0.846466143122605,"LOW MED"
25,289,2,165.23547499453,28,4,4.49931005815926,0,0.25,0.864302086147457,"LOW MED"
25,290,3,170.788410978715,28,4,4.50001651216253,0,0.25,0.917986133562602,"LOW MED"
25,292,5,171.69490743914,28,4,4.50021981142549,0,0.25,0.924654272822158,"LOW MED"
25,294,7,169.574112694171,28,4,4.50038740661063,0,0.25,0.908212591462203,"LOW MED"
25,296,9,141.063723739359,28,4,4.5010048408839,0,0.25,0.353720676200756,"LOW MED"
25,299,12,177.715997796746,28,4,4.50062135959241,0,0.25,0.957656260321083,"LOW MED"
26,306,2,142.524626797611,28,3,3.50204570349996,0,0.25,0.38831625696261,"LOW MED"
26,313,9,151.590875248036,28,3,3.49904396556521,0,0.25,0.614465590658433,"LOW MED"
26,315,11,154.899136671099,28,3,3.49980700553506,0,0.25,0.690406014187738,"LOW MED"
19,226,3,217.508370243072,29,11,11.5000364922678,0,0.25,0.999222681329521,"LOW MED"
21,244,1,182.621660432075,29,9,9.50012920927644,0,0.25,0.973833284302331,"LOW MED"
22,261,6,181.522732777214,29,8,8.49801779097328,0,0.25,0.970834660469538,"LOW MED"
22,266,11,198.453149141707,29,8,8.50017466589589,0,0.25,0.994643963571924,"LOW MED"
23,268,2,187.789536172544,29,7,7.50177817817215,0,0.25,0.984349199245181,"LOW MED"
24,285,10,183.430896740523,29,6,6.49971315673808,0,0.25,0.975847433311161,"LOW MED"
25,290,3,184.880927955453,29,5,5.50056308810776,0,0.25,0.979084771908033,"LOW MED"
25,292,5,185.97067385058,29,5,5.50128466198382,0,0.25,0.981234386134584,"LOW MED"
25,296,9,149.765899260787,29,5,5.50120881730449,0,0.25,0.569749288583771,"LOW MED"
25,299,12,193.236361603842,29,5,5.50117910962122,0,0.25,0.990937332303714,"LOW MED"
26,307,3,158.544821609519,29,4,4.49978744194657,0,0.25,0.763537606895203,"LOW MED"
26,311,7,135.394326596355,29,4,4.49937935558593,0,0.25,0.235348707727433,"LOW MED"
26,313,9,169.20342659653,29,4,4.49948512812357,0,0.25,0.905026533996102,"LOW MED"
26,315,11,173.427486063385,29,4,4.4992602535975,0,0.25,0.936030731489952,"LOW MED"
27,319,3,144.058693685952,29,3,3.49863218261864,0,0.25,0.42589051160651,"LOW MED"
27,324,8,155.811929394648,29,3,3.50083952367245,0,0.25,0.709858341831309,"LOW MED"
27,325,9,150.847533289538,29,3,3.49895940093989,0,0.25,0.596438972794976,"LOW MED"
28,330,1,120.707964763714,29,2,2.49960900248965,0,0.25,0.0647976930345938,"LOW MED"
22,261,6,184.897311563507,30,9,9.49929415333315,0,0.25,0.97911880888194,"LOW MED"
22,266,11,202.887939914649,30,9,9.49961222038312,0,0.25,0.996579136253768,"LOW MED"
23,268,2,193.131680198148,30,8,8.50023744733538,0,0.25,0.990841382452916,"LOW MED"
24,285,10,190.698027176655,30,7,7.49936323599815,0,0.25,0.988304245044497,"LOW MED"
25,292,5,197.198738771198,30,6,6.50083784772614,0,0.25,0.993920878142113,"LOW MED"
25,299,12,205.605262523345,30,6,6.50019286192246,0,0.25,0.997401791971101,"LOW MED"
26,313,9,182.978153187948,30,5,5.50012724788016,0,0.25,0.974739970913376,"LOW MED"
26,315,11,188.056513420442,30,5,5.4999310718741,0,0.25,0.984761366512692,"LOW MED"
27,319,3,159.665425517067,30,4,4.4998540837023,0,0.25,0.783461027907515,"LOW MED"
27,324,8,174.596656685684,30,4,4.49927929985749,0,0.25,0.942781333779523,"LOW MED"
27,325,9,168.257215474936,30,4,4.50024717833482,0,0.25,0.896441433408371,"LOW MED"
27,328,12,174.859034806138,30,4,4.50006991958053,0,0.25,0.944201576903815,"LOW MED"
28,333,4,155.423136523104,30,3,3.50044414806822,0,0.25,0.701661236300927,"LOW MED"
28,335,6,145.096341719485,30,3,3.49947153314659,0,0.25,0.451829133537304,"LOW MED"
28,336,7,155.769998390786,30,3,3.50012155463982,0,0.25,0.708980716534493,"LOW MED"
30,367,13,95.5648671536682,30,1,1.49747006213752,0,0.25,0.00536579023698392,"LOW MED"
22,266,11,206.306397416431,31,10,10.4989778768989,0,0.25,0.997579890852975,"LOW MED"
23,268,2,197.217049200213,31,9,9.49942292094984,0,0.25,0.993932100833243,"LOW MED"
24,285,10,196.281857518549,31,8,8.50198122258407,0,0.25,0.993331729963715,"LOW MED"
25,292,5,206.029749186204,31,7,7.50138253416042,0,0.25,0.997511120884033,"LOW MED"
25,299,12,215.462615859775,31,7,7.49887976801621,0,0.25,0.999043403883882,"LOW MED"
26,311,7,148.800666944874,31,6,6.49912672343351,0,0.25,0.545579610643183,"LOW MED"
27,319,3,171.598821791322,31,5,5.49841783953427,0,0.25,0.923971776075794,"LOW MED"
27,324,8,189.466301608875,31,5,5.50039711929301,0,0.25,0.986766796027372,"LOW MED"
27,325,9,181.843817759336,31,5,5.50149064587573,0,0.25,0.971743701409867,"LOW MED"
27,328,12,189.782924028638,31,5,5.49968756192677,0,0.25,0.987180077169,"LOW MED"
28,331,2,160.641168153478,31,4,4.500126453035,0,0.25,0.799796064200557,"LOW MED"
28,333,4,174.098468022154,31,4,4.50090270773156,0,0.25,0.939990783658912,"LOW MED"
28,335,6,160.972795862664,31,4,4.49862648127092,0,0.25,0.805133155784861,"LOW MED"
29,344,2,153.96312456141,31,3,3.4992865580029,0,0.25,0.669734082039018,"LOW MED"
29,351,9,154.921050025654,31,3,3.50035723162154,0,0.25,0.690881378291905,"LOW MED"
29,353,11,145.296497047184,31,3,3.50228769151516,0,0.25,0.456867297434171,"LOW MED"
30,361,7,119.327836499472,31,2,2.50052173705028,0,0.25,0.0568065064816612,"LOW MED"
22,266,11,208.941437554693,32,11,11.501592020432,0,0.25,0.998146938733179,"LOW MED"
25,299,12,223.318399929159,32,8,8.4998781222498,0,0.25,0.999568921283134,"LOW MED"
27,319,3,180.723470576183,32,6,6.50016501491208,0,0.25,0.968446972377783,"LOW MED"
27,324,8,201.236839275787,32,6,6.50246110310445,0,0.25,0.995957314894998,"LOW MED"
27,325,9,192.446869536426,32,6,6.49897920496076,0,0.25,0.990188389261583,"LOW MED"
27,328,12,201.60318489992,32,6,6.50014915206734,0,0.25,0.996104349093628,"LOW MED"
28,331,2,172.757288183781,32,5,5.49942649337902,0,0.25,0.931833361942319,"LOW MED"
28,333,4,188.86536534449,32,5,5.49669355387271,0,0.25,0.985945938898982,"LOW MED"
28,336,7,189.401458686637,32,5,5.50108840580528,0,0.25,0.986680549995976,"LOW MED"
28,337,8,158.819205234828,32,5,5.49857257056974,0,0.25,0.768530479729384,"LOW MED"
29,344,2,172.230231123337,32,4,4.49915938206,0,0.25,0.928354637096862,"LOW MED"
29,348,6,159.389030048963,32,4,4.49942991731742,0,0.25,0.778662270952596,"LOW MED"
29,350,8,160.444913428266,32,4,4.49879645415917,0,0.25,0.796586365485242,"LOW MED"
29,351,9,173.455535592456,32,4,4.49944971336808,0,0.25,0.936201046281322,"LOW MED"
29,352,10,160.673302451051,32,4,4.49961635088494,0,0.25,0.800317979789443,"LOW MED"
29,353,11,161.225223059659,32,4,4.49965622658982,0,0.25,0.809122850149654,"LOW MED"
30,360,6,147.3416434852,32,3,3.49841169132522,0,0.25,0.50867109948068,"LOW MED"
30,367,13,140.967589719657,32,3,3.49878791747328,0,0.25,0.351492552550041,"LOW MED"
31,380,13,127.870750331197,32,2,2.4970161096508,0,0.25,0.125402170615771,"LOW MED"
27,319,3,187.700463004288,33,7,7.50067759082814,0,0.25,0.984209259593567,"LOW MED"
27,324,8,210.554180589842,33,7,7.50019480910071,0,0.25,0.998426388488755,"LOW MED"
27,325,9,200.721543706932,33,7,7.4991402926668,0,0.25,0.99574109890222,"LOW MED"
28,331,2,182.043820842445,33,6,6.50005075314655,0,0.25,0.972295973261025,"LOW MED"
28,333,4,200.541798319163,33,6,6.49999574694146,0,0.25,0.995663000670924,"LOW MED"
28,338,9,159.830117536748,33,6,6.49992249540549,0,0.25,0.786284391811049,"LOW MED"
29,344,2,186.61472389379,33,5,5.50075326673651,0,0.25,0.982401339750749,"LOW MED"
29,349,7,162.43065355329,33,5,5.50147321786189,0,0.25,0.82731422377835,"LOW MED"
29,350,8,172.524177380256,33,5,5.50075310327188,0,0.25,0.93031450010944,"LOW MED"
29,351,9,188.090314574996,33,5,5.50056065165107,0,0.25,0.984812781623793,"LOW MED"
29,352,10,172.795462204163,33,5,5.49978998101844,0,0.25,0.932079147160205,"LOW MED"
29,353,11,173.451336857466,33,5,5.4991978531472,0,0.25,0.936175578772577,"LOW MED"
29,354,12,158.034214606634,33,5,5.49832355553105,0,0.25,0.75404993311253,"LOW MED"
30,360,6,163.80898543922,33,4,4.50135772423409,0,0.25,0.846402084387512,"LOW MED"
30,361,7,152.232716939734,33,4,4.50127137863869,0,0.25,0.629783979720634,"LOW MED"
30,363,9,162.107957997535,33,4,4.49911306824235,0,0.25,0.822583060663638,"LOW MED"
30,365,11,152.523475728659,33,4,4.50044049331776,0,0.25,0.636640314724726,"LOW MED"
30,367,13,155.78346666599,33,4,4.49966179286333,0,0.25,0.709262781126911,"LOW MED"
31,380,13,149.91546568296,33,3,3.50051413014955,0,0.25,0.57346785853175,"LOW MED"
27,324,8,217.929616752511,34,8,8.49973552360926,0,0.25,0.999255202193286,"LOW MED"
27,325,9,207.17914045054,34,8,8.50008169842673,0,0.25,0.99778465929413,"LOW MED"
28,331,2,189.161585325196,34,7,7.50035752916419,0,0.25,0.986356653546134,"LOW MED"
28,333,4,209.774549386361,34,7,7.50059835957931,0,0.25,0.998296982809671,"LOW MED"
28,338,9,164.765200244265,34,7,7.49893804294931,0,0.25,0.858603961995369,"LOW MED"
29,344,2,197.941839743352,34,6,6.50093183862287,0,0.25,0.994360173348626,"LOW MED"
29,349,7,170.322434512962,34,6,6.50202790643005,0,0.25,0.914352979420369,"LOW MED"
29,350,8,181.778026011707,34,6,6.49963047934347,0,0.25,0.971559703835534,"LOW MED"
29,351,9,199.645895931483,34,6,6.5006953655483,0,0.25,0.995251955308083,"LOW MED"
30,360,6,176.527242929196,34,5,5.50123129296472,0,0.25,0.95248238856976,"LOW MED"
30,361,7,162.817085420183,34,5,5.49909009228089,0,0.25,0.832847823293812,"LOW MED"
30,363,9,174.501194513439,34,5,5.5016996775132,0,0.25,0.942256225315629,"LOW MED"
30,367,13,167.002796962611,34,5,5.49974000099261,0,0.25,0.884006632645165,"LOW MED"
31,372,5,169.48088034962,34,4,4.50154958302529,0,0.25,0.90742041856176,"LOW MED"
31,380,13,167.072285622078,34,4,4.50088692138688,0,0.25,0.884728122675102,"LOW MED"
32,383,3,149.510161971247,34,3,3.50118424574583,0,0.25,0.563373016807294,"LOW MED"
32,387,7,138.924806122139,34,3,3.50077236648598,0,0.25,0.305786237207506,"LOW MED"
32,388,8,150.739966342796,34,3,3.50045731579772,0,0.25,0.593807420654222,"LOW MED"
32,390,10,150.232131119428,34,3,3.50055570068391,0,0.25,0.581313059973611,"LOW MED"
27,324,8,223.767876483058,35,9,9.50279340383767,0,0.25,0.999588144105121,"LOW MED"
27,325,9,212.218680962199,35,9,9.50025138815673,0,0.25,0.998670746728252,"LOW MED"
28,333,4,217.075040251488,35,8,8.49761554976674,0,0.25,0.999187746520947,"LOW MED"
28,338,9,168.385788401445,35,8,8.49863482860725,0,0.25,0.897647063585768,"LOW MED"
29,344,2,206.861414143148,35,7,7.49982115785749,0,0.25,0.997712194437315,"LOW MED"
29,349,7,176.238951942204,35,7,7.49975591785498,0,0.25,0.951139913508987,"LOW MED"
29,351,9,208.770151285505,35,7,7.50053265604431,0,0.25,0.998114491389195,"LOW MED"
30,360,6,186.349961983247,35,6,6.49918000253118,0,0.25,0.981930502480334,"LOW MED"
30,361,7,170.759086778965,35,6,6.50035917582525,0,0.25,0.917761696472459,"LOW MED"
30,363,9,184.033977891325,35,6,6.5009854769029,0,0.25,0.977249344239503,"LOW MED"
30,365,11,171.145770924055,35,6,6.50200103430249,0,0.25,0.920676737839658,"LOW MED"
30,367,13,175.498640493212,35,6,6.49964374689915,0,0.25,0.947525909883083,"LOW MED"
31,374,7,155.397674417405,35,5,5.50149183273686,0,0.25,0.701119781411967,"LOW MED"
31,380,13,180.424985610549,35,5,5.49901432676879,0,0.25,0.967507638638943,"LOW MED"
32,383,3,166.557552585793,35,4,4.50101321062542,0,0.25,0.879290110867361,"LOW MED"
32,386,6,158.383047361134,35,4,4.50011699209083,0,0.25,0.760559223068677,"LOW MED"
32,387,7,153.228484796692,35,4,4.50113555643299,0,0.25,0.653031841491985,"LOW MED"
32,390,10,167.474670718913,35,4,4.49957275424722,0,0.25,0.888829662963581,"LOW MED"
32,392,12,166.891356646447,35,4,4.49898847509688,0,0.25,0.8828413748276,"LOW MED"
33,398,6,141.354840961054,35,3,3.49984472923311,0,0.25,0.360506510362107,"LOW MED"
33,404,12,144.287680605949,35,3,3.50047048082757,0,0.25,0.431584771309398,"LOW MED"
34,417,13,122.168890718102,35,2,2.49975823693589,0,0.25,0.0743879251816828,"LOW MED"
27,325,9,216.151563360562,36,10,10.5012403271394,0,0.25,0.999107973873102,"LOW MED"
28,333,4,222.847660620421,36,9,9.50052798480998,0,0.25,0.999547826982233,"LOW MED"
29,344,2,213.885162158983,36,8,8.50121613873099,0,0.25,0.998877428012558,"LOW MED"
29,349,7,180.674601977273,36,8,8.50032759457888,0,0.25,0.968295001262571,"LOW MED"
30,360,6,193.936363633856,36,7,7.49954857286106,0,0.25,0.991553834090423,"LOW MED"
30,361,7,176.71838285784,36,7,7.50030077820934,0,0.25,0.953353065448135,"LOW MED"
30,363,9,191.366522446016,36,7,7.49952101767399,0,0.25,0.989063346798191,"LOW MED"
30,365,11,177.143078512528,36,7,7.50072546808069,0,0.25,0.955233617087492,"LOW MED"
30,367,13,181.932122295436,36,7,7.50060988243299,0,0.25,0.971988843953362,"LOW MED"
31,380,13,190.817039476871,36,6,6.50085700976834,0,0.25,0.988443097979713,"LOW MED"
32,382,2,180.340872682863,36,5,5.50087473072772,0,0.25,0.967238089609292,"LOW MED"
32,386,6,170.078272888054,36,5,5.50018395245851,0,0.25,0.912391563230319,"LOW MED"
32,388,8,181.679876181098,36,5,5.49887877666114,0,0.25,0.971283048027825,"LOW MED"
32,390,10,180.906590282191,36,5,5.50146689388123,0,0.25,0.969010192229174,"LOW MED"
32,392,12,180.208506800842,36,5,5.5001633363004,0,0.25,0.966809528891585,"LOW MED"
33,397,5,156.32007650233,36,4,4.5016600134451,0,0.25,0.720368361866208,"LOW MED"
33,398,6,156.268755233642,36,4,4.50040624489658,0,0.25,0.719317511499528,"LOW MED"
33,404,12,159.953751699343,36,4,4.50042689231345,0,0.25,0.788386210953019,"LOW MED"
34,408,4,148.378736626466,36,3,3.50069113044974,0,0.25,0.534939564035416,"LOW MED"
34,417,13,142.021032458704,36,3,3.49870178217515,0,0.25,0.37624282182985,"LOW MED"
28,333,4,227.412168204835,37,10,10.4980979523918,0,0.25,0.99971548462436,"LOW MED"
29,349,7,184.000036486494,37,9,9.49984187713838,0,0.25,0.977172599589241,"LOW MED"
30,360,6,199.795585473314,37,8,8.50028603579776,0,0.25,0.995323237141983,"LOW MED"
30,361,7,181.189952195513,37,8,8.50216312069257,0,0.25,0.969862590756351,"LOW MED"
30,363,9,197.006660012896,37,8,8.49735875632669,0,0.25,0.99380190024023,"LOW MED"
30,365,11,181.646590437169,37,8,8.50047292691121,0,0.25,0.971188633498087,"LOW MED"
30,367,13,186.803879637772,37,8,8.49935750516948,0,0.25,0.982730323409448,"LOW MED"
32,382,2,190.720480606459,37,6,6.49890389746463,0,0.25,0.988330567281239,"LOW MED"
32,386,6,178.99250596294,37,6,6.50076691316696,0,0.25,0.962611085905488,"LOW MED"
32,390,10,191.370040988709,37,6,6.49799970176679,0,0.25,0.989067210468478,"LOW MED"
32,392,12,190.568543162344,37,6,6.49915818131704,0,0.25,0.988151301783235,"LOW MED"
33,398,6,167.576220356409,37,5,5.49920300005797,0,0.25,0.889844389311515,"LOW MED"
33,404,12,171.94100673677,37,5,5.50031968163828,0,0.25,0.926376722834627,"LOW MED"
34,408,4,165.122341885009,37,4,4.49990451202286,0,0.25,0.862949236939122,"LOW MED"
34,411,7,172.944806876873,37,4,4.49995029058567,0,0.25,0.933032834112854,"LOW MED"
34,413,9,148.997361551158,37,4,4.50052244403105,0,0.25,0.550526171864557,"LOW MED"
34,416,12,167.211132635065,37,4,4.49989398853063,0,0.25,0.886158063388446,"LOW MED"
35,420,2,149.424728707657,37,3,3.500423478916,0,0.25,0.561238132970117,"LOW MED"
35,423,5,153.904670461577,37,3,3.50077645450135,0,0.25,0.668420001040122,"LOW MED"
35,427,9,152.225324438897,37,3,3.5000764918068,0,0.25,0.629608960781372,"LOW MED"
35,428,10,151.944310472579,37,3,3.5007019673342,0,0.25,0.622931009187014,"LOW MED"
36,438,7,125.237017565976,37,2,2.49863496739594,0,0.25,0.098887490995589,"LOW MED"
36,442,11,134.690645047846,37,2,2.50022705581143,0,0.25,0.222735092850227,"LOW MED"
29,349,7,186.493135488373,38,10,10.4997879066747,0,0.25,0.982186628983765,"LOW MED"
30,363,9,201.345010981793,38,9,9.49852012704745,0,0.25,0.996001295918031,"LOW MED"
30,365,11,185.028377906995,38,9,9.49937512766268,0,0.25,0.979389154805535,"LOW MED"
32,382,2,198.797338523135,38,7,7.49913622888709,0,0.25,0.994826953288978,"LOW MED"
32,390,10,199.52105768978,38,7,7.49904278553685,0,0.25,0.995191681446783,"LOW MED"
33,398,6,176.149339737792,38,6,6.50016429322143,0,0.25,0.950715339235866,"LOW MED"
34,410,6,160.830887221651,38,5,5.50162525124899,0,0.25,0.802862637074502,"LOW MED"
34,411,7,187.475021812571,38,5,5.5004938013245,0,0.25,0.983849552577738,"LOW MED"
34,412,8,175.749889194438,38,5,5.5008206882274,0,0.25,0.948779891443754,"LOW MED"
34,413,9,159.018434198893,38,5,5.50002504187446,0,0.25,0.772109338516461,"LOW MED"
34,416,12,180.591143674521,38,5,5.5013902695466,0,0.25,0.968033824986021,"LOW MED"
34,417,13,168.564270178183,38,5,5.49924181218261,0,0.25,0.899300068879033,"LOW MED"
34,418,14,150.296455602968,38,5,5.50066471425643,0,0.25,0.582901783204486,"LOW MED"
35,423,5,172.155518124252,38,4,4.49987034585161,0,0.25,0.927848446426329,"LOW MED"
35,427,9,170.011871509653,38,4,4.5002798018252,0,0.25,0.911851161977003,"LOW MED"
36,437,6,157.162325499851,38,3,3.50222707248258,0,0.25,0.737265698558392,"LOW MED"
36,441,10,148.955823461602,38,3,3.49908723929949,0,0.25,0.549482352454473,"LOW MED"
36,442,11,159.494174228496,38,3,3.49960282784779,0,0.25,0.780496697026639,"LOW MED"
37,446,3,131.728227156799,38,2,2.49895245350908,0,0.25,0.175002597368367,"LOW MED"
29,349,7,188.362227366723,39,11,11.5009364423509,0,0.25,0.985220222461544,"LOW MED"
30,363,9,204.682037589061,39,10,10.4988271974988,0,0.25,0.997147191592823,"LOW MED"
30,365,11,187.567837484862,39,10,10.4990973491847,0,0.25,0.983998612254518,"LOW MED"
32,382,2,205.082319062514,39,8,8.50012785786224,0,0.25,0.997260498390485,"LOW MED"
32,390,10,205.870690819867,39,8,8.49951443970667,0,0.25,0.997470702719707,"LOW MED"
33,398,6,182.649326704761,39,7,7.50027656157534,0,0.25,0.973904768672173,"LOW MED"
34,410,6,168.516410107853,39,6,6.49859634486124,0,0.25,0.898859154427768,"LOW MED"
34,411,7,198.93507906143,39,6,6.4986203772473,0,0.25,0.99489842895147,"LOW MED"
34,412,8,185.460878355041,39,6,6.49902272251673,0,0.25,0.980257167948088,"LOW MED"
34,416,12,191.007804103991,39,6,6.49935374155677,0,0.25,0.9886622738361,"LOW MED"
34,418,14,156.690617201046,39,6,6.50008176530537,0,0.25,0.727883636657619,"LOW MED"
35,423,5,186.524813678287,39,5,5.49845437745204,0,0.25,0.982242815441898,"LOW MED"
35,424,6,160.752069736908,39,5,5.49999682180391,0,0.25,0.801592972911947,"LOW MED"
36,437,6,176.329258124891,39,4,4.49885582363467,0,0.25,0.951564264184983,"LOW MED"
36,438,7,162.436328844424,39,4,4.49973937875605,0,0.25,0.827396530982289,"LOW MED"
36,439,8,148.967315183339,39,4,4.49849663421052,0,0.25,0.549771174337992,"LOW MED"
36,440,9,184.494111238033,39,4,4.4981141797754,0,0.25,0.978265203421511,"LOW MED"
36,441,10,165.854063734664,39,4,4.50169260571902,0,0.25,0.871501229226265,"LOW MED"
36,442,11,179.329253562076,39,4,4.50026827330148,0,0.25,0.963822368958485,"LOW MED"
36,443,12,172.97943455807,39,4,4.49903789620846,0,0.25,0.933252178069608,"LOW MED"
37,444,1,161.257028753883,39,3,3.50158635960569,0,0.25,0.80962109652851,"LOW MED"
37,446,3,155.315322087649,39,3,3.49830195360706,0,0.25,0.699364696009795,"LOW MED"
37,447,4,152.146999547843,39,3,3.5002262692629,0,0.25,0.62775251912014,"LOW MED"
38,467,12,125.404673840139,39,2,2.49569523253906,0,0.25,0.100414739474327,"LOW MED"
29,349,7,189.763497210834,40,12,12.5013659854911,1.55862196064776,0.25,0.987155090669894,"LOW MED"
30,363,9,207.248853104322,40,11,11.500414513487,1.55862196064776,0.25,0.997800249944434,"LOW MED"
30,365,11,189.474774276474,40,11,11.5007152931954,1.55862196064776,0.25,0.986778024544795,"LOW MED"
32,382,2,209.972956088431,40,9,9.49910347787733,1.55862196064776,0.25,0.998330889657396,"LOW MED"
32,390,10,210.817048110657,40,9,9.49985419346573,1.55862196064776,0.25,0.998467768479407,"LOW MED"
33,398,6,187.577501467206,40,8,8.49995759537302,1.55862196064776,0.25,0.984014054362672,"LOW MED"
34,410,6,174.2576258371,40,7,7.49921527883023,1.55862196064776,0.25,0.940895865270212,"LOW MED"
34,411,7,207.97368673023,40,7,7.50024426101794,1.55862196064776,0.25,0.997956005977524,"LOW MED"
34,412,8,192.949330088195,40,7,7.5005214676434,1.55862196064776,0.25,0.990671832805323,"LOW MED"
34,416,12,199.117424804819,40,7,7.49899631518897,1.55862196064776,0.25,0.994991541766731,"LOW MED"
34,418,14,161.349527992243,40,7,7.49849021775217,1.55862196064776,0.25,0.811064471390466,"LOW MED"
35,419,1,166.998545078217,40,6,6.50065278883797,1.55862196064776,0.25,0.883962358856916,"LOW MED"
35,424,6,168.427499331637,40,6,6.50004002933229,1.55862196064776,0.25,0.898035508066429,"LOW MED"
36,437,6,191.558769273935,40,5,5.50023531439062,1.55862196064776,0.25,0.989272484557703,"LOW MED"
36,438,7,174.892003388117,40,5,5.49807052238431,1.55862196064776,0.25,0.944377671404339,"LOW MED"
36,439,8,158.983225191455,40,5,5.49962520105885,1.55862196064776,0.25,0.771479707838873,"LOW MED"
36,440,9,201.471905245005,40,5,5.49786433976867,1.55862196064776,0.25,0.996052282189664,"LOW MED"
36,441,10,178.96824745159,40,5,5.49923945518687,1.55862196064776,0.25,0.962522338160887,"LOW MED"
36,442,11,195.191124237977,40,5,5.49971990097924,1.55862196064776,0.25,0.992556623390086,"LOW MED"
36,443,12,187.516728144436,40,5,5.49923711657895,1.55862196064776,0.25,0.983916700139991,"LOW MED"
37,444,1,181.60404342596,40,4,4.50040230163252,1.55862196064776,0.25,0.971067510868389,"LOW MED"
37,446,3,173.960368688813,40,4,4.49948758044248,1.55862196064776,0.25,0.939194957611419,"LOW MED"
37,447,4,169.912024205446,40,4,4.49929679252486,1.55862196064776,0.25,0.911032895431557,"LOW MED"
38,459,4,145.590003644963,40,3,3.49935342058395,1.55862196064776,0.25,0.464270930110494,"LOW MED"
38,462,7,142.175480992413,40,3,3.50048020422857,1.55862196064776,0.25,0.379930108194935,"LOW MED"
38,465,10,140.700378898891,40,3,3.49983281484637,1.55862196064776,0.25,0.345333458009009,"LOW MED"
38,467,12,146.488233948182,40,3,3.50001372546965,1.55862196064776,0.25,0.487012715797853,"LOW MED"
39,469,2,132.393421090633,40,2,2.49789346552871,1.55862196064776,0.25,0.184968578804445,"LOW MED"
30,365,11,190.906735611435,41,12,12.5003001306855,1.32570254505136,0.25,0.988546669612821,"LOW MED"
34,410,6,178.54641119859,41,8,8.49986796663079,1.32570254505136,0.25,0.960946347249608,"LOW MED"
34,411,7,215.102484328394,41,8,8.50077372465709,1.32570254505136,0.25,0.999007813932766,"LOW MED"
35,419,1,172.594469013789,41,7,7.49873159832332,1.32570254505136,0.25,0.930775761230478,"LOW MED"
36,439,8,166.433838602786,41,6,6.50021482998534,1.32570254505136,0.25,0.87795053694093,"LOW MED"
36,441,10,189.145745923748,41,6,6.50029881410544,1.32570254505136,0.25,0.986334994569056,"LOW MED"
36,442,11,207.875668479403,41,6,6.50040733193885,1.32570254505136,0.25,0.997935604740805,"LOW MED"
36,443,12,198.983248625074,41,6,6.49979355853782,1.32570254505136,0.25,0.994923192289285,"LOW MED"
37,444,1,197.953180372073,41,5,5.49993857874475,1.32570254505136,0.25,0.994366626977399,"LOW MED"
38,461,6,156.355780360884,41,4,4.49982584558307,1.32570254505136,0.25,0.721098009831079,"LOW MED"
38,465,10,155.448782532639,41,4,4.50074393063136,1.32570254505136,0.25,0.702206031527867,"LOW MED"
39,468,1,150.473180060535,41,3,3.50130258945559,1.32570254505136,0.25,0.58725768174213,"LOW MED"
39,469,2,156.251254878032,41,3,3.4999375247024,1.32570254505136,0.25,0.718958625475017,"LOW MED"
39,475,8,146.916611620018,41,3,3.49990027632375,1.32570254505136,0.25,0.497883357502419,"LOW MED"
39,479,12,153.612296314463,41,3,3.50000876758794,1.32570254505136,0.25,0.661808105339116,"LOW MED"
40,489,10,131.059995310914,41,2,2.50041242876781,1.32570254505136,0.25,0.165421976861595,"LOW MED"
36,439,8,171.976184746085,42,7,7.50018103885933,1.56368418495593,0.25,0.92661995290046,"LOW MED"
38,462,7,168.79362384898,42,5,5.49983279938241,1.56368418495593,0.25,0.901389389131334,"LOW MED"
39,468,1,167.781100804541,42,4,4.50083583075274,1.56368418495593,0.25,0.891866954390922,"LOW MED"
40,482,3,142.776576483144,42,3,3.49953063713109,1.56368418495593,0.25,0.394409516707861,"LOW MED"
40,484,5,150.884186454716,42,3,3.49982209368631,1.56368418495593,0.25,0.597334409591946,"LOW MED"
40,487,8,149.011779624053,42,3,3.50045594905131,1.56368418495593,0.25,0.550888383132987,"LOW MED"
41,494,2,134.342147160172,42,2,2.50059245429202,1.56368418495593,0.25,0.216669439525474,"LOW MED"
41,502,10,127.710780053771,42,2,2.50126757390585,1.56368418495593,0.25,0.12363159917381,"LOW MED"
36,439,8,176.099013173262,43,8,8.50100800139266,1.41036347232904,0.25,0.950475365049298,"LOW MED"
39,468,1,181.273493902207,43,5,5.49874252920748,1.41036347232904,0.25,0.970109532215195,"LOW MED"
40,487,8,165.925048317003,43,4,4.50064491446726,1.41036347232904,0.25,0.872306185753482,"LOW MED"
40,488,9,152.173862185644,43,4,4.49945912150713,1.41036347232904,0.25,0.62838964006434,"LOW MED"
41,494,2,159.001144849187,43,3,3.4996562811646,1.41036347232904,0.25,0.771800311862015,"LOW MED"
41,495,3,154.697598417791,43,3,3.50021987356483,1.41036347232904,0.25,0.686015257938361,"LOW MED"
41,494,2,178.694097230188,44,4,4.49792254864543,1.44989452295886,0.25,0.961505210108661,"LOW MED"
41,497,5,138.50654664464,44,4,4.49987261908002,1.44989452295886,0.25,0.296846401082384,"LOW MED"
41,502,10,166.789151985309,44,4,4.50118350593143,1.44989452295886,0.25,0.881763776058219,"LOW MED"
41,504,12,163.826163557076,44,4,4.50049151111326,1.44989452295886,0.25,0.846628694750023,"LOW MED"
42,505,1,138.931309717485,44,3,3.50115875239454,1.44989452295886,0.25,0.305926429749287,"LOW MED"
42,508,4,136.765143684032,44,3,3.50122992233929,1.44989452295886,0.25,0.261310308623212,"LOW MED"
43,518,2,132.365825906567,44,2,2.49995839789256,1.44989452295886,0.25,0.184546564939276,"LOW MED"
43,519,3,118.503798405916,44,2,2.49975088141164,1.44989452295886,0.25,0.0524864036459549,"LOW MED"
41,494,2,194.421110078449,45,5,5.5008484975584,1.50476785543437,0.25,0.991956206040178,"LOW MED"
41,504,12,176.547723267052,45,5,5.49972939616162,1.50476785543437,0.25,0.952576413851098,"LOW MED"
42,508,4,150.53642202721,45,4,4.4998330645107,1.50476785543437,0.25,0.588813191996809,"LOW MED"
43,521,5,145.944094270569,45,3,3.50138177336265,1.50476785543437,0.25,0.473223486760247,"LOW MED"
44,531,3,134.93422640544,45,2,2.49953792373696,1.50476785543437,0.25,0.227046036095429,"LOW MED"
43,528,12,158.311834557633,46,4,4.49893828142497,1.34340001170221,0.25,0.759240022412061,"LOW MED"
44,530,2,143.006741219343,46,3,3.49876577687146,1.34340001170221,0.25,0.400004810995605,"LOW MED"
45,544,5,119.155582151689,46,2,2.49798956686106,1.34340001170221,0.25,0.0558766641189911,"LOW MED"
44,530,2,158.342204401525,47,4,4.50068652954425,1.3824665934157,0.25,0.759803223051732,"LOW MED"
44,535,7,158.269901912862,47,4,4.503066739686,1.3824665934157,0.25,0.758460911744884,"LOW MED"
46,552,3,127.172187414328,47,2,2.50093401131688,1.3824665934157,0.25,0.117827598801468,"LOW MED"
46,553,4,155.425241655881,48,3,3.50042027344246,1.5656505475919,0.25,0.701705976972953,"LOW MED"
46,559,10,149.091603298365,48,3,3.50042432857128,1.5656505475919,0.25,0.552892729258399,"LOW MED"
47,560,1,119.406790004619,48,2,2.4996546751751,1.5656505475919,0.25,0.0572375471261953,"LOW MED"
47,561,2,135.694861976823,48,2,2.50090286810348,1.5656505475919,0.25,0.240884284304487,"LOW MED"
46,553,4,174.101164704484,49,4,4.499773678282,1.56606257216913,0.25,0.940006226371261,"LOW MED"
46,553,4,188.868617320394,50,5,5.49970959563757,1.2774716947586,0.25,0.985950513330585,"LOW MED"
48,572,2,146.63363164872,50,3,3.50134174834032,1.2774716947586,0.25,0.490701509639728,"LOW MED"
48,576,6,151.031758433724,50,3,3.50190275999111,1.2774716947586,0.25,0.600932975736021,"LOW MED"
48,576,6,168.491618734103,51,4,4.49928843045555,1.24986976362985,0.25,0.898630089082206,"LOW MED"
48,576,6,182.124713623339,52,5,5.50062561628762,1.25644734897841,0.25,0.972516353107264,"LOW MED"
49,581,2,160.358990045994,52,4,4.50043287468347,1.25644734897841,0.25,0.795169099870994,"LOW MED"
50,589,1,163.893225537807,52,3,3.49950864221807,1.25644734897841,0.25,0.847510743430054,"LOW MED"
50,590,2,143.012887779742,52,3,3.50138030694124,1.25644734897841,0.25,0.400154598914061,"LOW MED"
51,603,7,132.228088146118,52,2,2.50039611228258,1.25644734897841,0.25,0.182451275819289,"LOW MED"
51,603,7,156.018499836806,53,3,3.49980740817039,1.26521519433805,0.25,0.7141589643391,"LOW MED"
51,597,1,166.882453980629,54,4,4.49993336683566,1.29232186152746,0.25,0.882747848934793,"LOW MED"
52,610,7,149.342373653897,54,3,3.50050127087197,1.29232186152746,0.25,0.559178021260898,"LOW MED"
52,604,1,158.362464452043,55,4,4.49933211288452,1.26073489494184,0.25,0.760178438923629,"LOW MED"
52,609,6,158.35755243308,55,4,4.50066877941351,1.26073489494184,0.25,0.760087505254217,"LOW MED"
53,614,2,144.425200361673,55,3,3.49851181043728,1.26073489494184,0.25,0.435013313280658,"LOW MED"
52,609,6,170.048065686911,56,5,5.50007290327477,1.28686629777392,0.25,0.912146097117033,"LOW MED"
54,624,3,150.31094552548,56,3,3.50002009486897,1.28686629777392,0.25,0.583259427495393,"LOW MED"
54,626,5,146.090111059605,56,3,3.50098838173008,1.28686629777392,0.25,0.476920615118465,"LOW MED"
55,641,9,118.029550086247,56,2,2.50026563268818,1.28686629777392,0.25,0.0501427063660558,"LOW MED"
54,622,1,178.187259635816,57,4,4.50023490014458,1.27039870383337,0.25,0.95955461360343,"LOW MED"
54,625,4,165.706852187356,57,4,4.49988609496824,1.27039870383337,0.25,0.869818076496504,"LOW MED"
55,634,2,144.124166358819,57,3,3.49877768615728,1.27039870383337,0.25,0.427516695773749,"LOW MED"
56,643,2,130.277943398777,57,2,2.49906630147842,1.27039870383337,0.25,0.154748868346728,"LOW MED"
56,645,4,123.383333392827,57,2,2.50104184106966,1.27039870383337,0.25,0.0833363077937419,"LOW MED"
55,637,5,165.530364171559,58,4,4.50132249834179,1.25337894408306,0.25,0.867775516680039,"LOW MED"
55,641,9,150.027608243525,58,4,4.49958395790476,1.25337894408306,0.25,0.576250569146879,"LOW MED"
56,649,8,143.898376552155,58,3,3.50122881543249,1.25337894408306,0.25,0.42191544843489,"LOW MED"
55,641,9,160.22646585389,59,5,5.49950945029496,1.30272644136151,0.25,0.792968827655517,"LOW MED"
56,643,2,171.357010337651,59,4,4.49905621297713,1.30272644136151,0.25,0.922229017228079,"LOW MED"
57,655,5,148.208068188585,59,3,3.50147537677562,1.30272644136151,0.25,0.530626121312608,"LOW MED"
58,661,1,132.486026178897,59,2,2.49992065406988,1.30272644136151,0.25,0.186390242348409,"LOW MED"
58,668,8,128.989283890469,59,2,2.50105816268857,1.30272644136151,0.25,0.138396689292549,"LOW MED"
55,641,9,167.834752249694,60,6,6.50220460539325,1.27212190564886,0.25,0.892391178930681,"LOW MED"
58,661,1,156.381661591603,60,3,3.50057859664911,1.27212190564886,0.25,0.721626190977024,"LOW MED"
58,663,3,138.458162615732,60,3,3.49801172053061,1.27212190564886,0.25,0.295822036631441,"LOW MED"
58,664,4,158.557818799764,60,3,3.49871487224131,1.27212190564886,0.25,0.763775781512721,"LOW MED"
58,666,6,156.343950560622,60,3,3.50098780269731,1.27212190564886,0.25,0.720856384101668,"LOW MED"
58,668,8,151.476364587236,60,3,3.50185865963367,1.27212190564886,0.25,0.611707651654976,"LOW MED"
59,674,4,125.978705438445,60,2,2.50091190490548,1.27212190564886,0.25,0.10580349163655,"LOW MED"
59,676,6,131.513534879707,60,2,2.49805815703778,1.27212190564886,0.25,0.171877704520447,"LOW MED"
59,679,9,134.690618646959,60,2,2.50119357963076,1.27212190564886,0.25,0.222734628783461,"LOW MED"
60,684,4,131.741408855603,61,2,2.4985944742068,1.24952596946427,0.25,0.175195910741989,"LOW MED"
59,674,4,163.736366643089,62,4,4.50009739585988,1.25876191473095,0.25,0.845441082324301,"LOW MED"
60,683,3,149.429111360757,62,3,3.49838259988934,1.25876191473095,0.25,0.561347706552963,"LOW MED"
60,684,4,155.333855271385,62,3,3.50112016955018,1.25876191473095,0.25,0.699760185779387,"LOW MED"
60,686,6,142.93560780738,62,3,3.49962532259259,1.25876191473095,0.25,0.398272699822506,"LOW MED"
61,698,8,147.920507693817,63,3,3.49771998410347,1.30778215803658,0.25,0.523348340702437,"LOW MED"
62,705,5,130.318160665907,63,2,2.50002926136338,1.30778215803658,0.25,0.155283731213281,"LOW MED"
62,706,6,146.926458151262,64,3,3.50177834206169,1.3081455021709,0.25,0.498133288965979,"LOW MED"
62,710,10,142.112415723333,64,3,3.50005919967733,1.3081455021709,0.25,0.378422793555727,"LOW MED"
62,710,10,157.218982583797,65,4,4.50147615886734,1.24777926878698,0.25,0.738378470157794,"LOW MED"
63,721,11,149.885685967854,65,3,3.50096720427558,1.24777926878698,0.25,0.572728113431826,"LOW MED"
64,725,4,123.594611372813,65,2,2.49897516514105,1.24777926878698,0.25,0.0849897365641039,"LOW MED"
64,730,9,117.838723858989,65,2,2.50107114670255,1.24777926878698,0.25,0.0492279058986692,"LOW MED"
64,724,3,137.383027528391,66,3,3.49954196255073,1.28260695336654,0.25,0.273599910892167,"LOW MED"
64,725,4,143.985152458982,66,3,3.49773433311714,1.28260695336654,0.25,0.424065835232476,"LOW MED"
66,743,4,101.190251385875,66,1,1.50031637499869,1.28260695336654,0.25,0.00946004803721505,"LOW MED"
65,733,2,139.305273412033,67,3,3.50146089712681,1.24834509294273,0.25,0.314047552110982,"LOW MED"
65,734,3,140.466978876417,67,3,3.50161347711466,1.24834509294273,0.25,0.339995746138732,"LOW MED"
65,739,8,153.014013509826,67,3,3.4997250181372,1.24834509294273,0.25,0.64808155728871,"LOW MED"
65,734,3,155.15656332819,68,4,4.50081368411076,1.2622941093135,0.25,0.695964731374802,"LOW MED"
65,739,8,171.017938870788,68,4,4.49924892461414,1.2622941093135,0.25,0.919723670301381,"LOW MED"
66,744,5,151.568917989959,68,3,3.5008484978857,1.2622941093135,0.25,0.613937322978898,"LOW MED"
65,734,3,166.262520173853,69,5,5.50023137390691,1.29482100433491,0.25,0.876074384542393,"LOW MED"
66,746,7,159.356098040597,69,4,4.50040905791012,1.29482100433491,0.25,0.778085462257826,"LOW MED"
67,753,6,151.199526911027,69,3,3.50154129439713,1.29482100433491,0.25,0.605010816699771,"LOW MED"
67,755,8,150.576252591723,69,3,3.49937794302627,1.29482100433491,0.25,0.589791963187723,"LOW MED"
68,758,3,122.147086272473,69,2,2.50036055290862,1.29482100433491,0.25,0.0742356350119129,"LOW MED"
65,734,3,174.659100612372,70,6,6.49999495297881,1.26471562581911,0.25,0.943122388878522,"LOW MED"
67,750,3,156.246919083697,70,4,4.49905833520604,1.26471562581911,0.25,0.718869666606537,"LOW MED"
67,753,6,168.705140134966,70,4,4.49841980083619,1.26471562581911,0.25,0.900587951024652,"LOW MED"
67,755,8,167.912164715082,70,4,4.50086532055647,1.26471562581911,0.25,0.893143631287721,"LOW MED"
68,757,2,153.738773617334,70,3,3.4986153475918,1.26471562581911,0.25,0.664676276124069,"LOW MED"
68,757,2,171.943513119571,71,4,4.49988953500427,1.25990399035031,0.25,0.926394077155332,"LOW MED"
69,763,2,154.986180780994,71,3,3.49988913193079,1.25990399035031,0.25,0.692291867918072,"LOW MED"
70,779,10,155.302851586794,73,4,4.50060858354765,1.3098624117971,0.25,0.699098414062075,"LOW MED"
71,781,1,155.579797529357,73,3,3.50118678559321,1.3098624117971,0.25,0.704980201333777,"LOW MED"
72,793,3,123.635784406731,73,2,2.50001985059549,1.3098624117971,0.25,0.0853153957707479,"LOW MED"
70,779,10,166.435215700092,74,5,5.50089279822361,1.24827037007669,0.25,0.877965518332679,"LOW MED"
72,794,4,152.719761086276,74,3,3.50072511824489,1.24827037007669,0.25,0.641237880648971,"LOW MED"
72,795,5,150.325952829238,74,3,3.49987436564383,1.24827037007669,0.25,0.583629749575853,"LOW MED"
70,779,10,174.854902468432,75,6,6.49924774066182,1.2672738975465,0.25,0.94417946796209,"LOW MED"
72,799,9,161.42661989465,75,4,4.49955596913307,1.2672738975465,0.25,0.812261002476328,"LOW MED"
73,806,6,142.332763076808,75,3,3.49995800328155,1.2672738975465,0.25,0.38369933656006,"LOW MED"
74,813,5,129.828854482346,75,2,2.50047114231818,1.2672738975465,0.25,0.148878133415072,"LOW MED"
72,799,9,173.690769791641,76,5,5.50154418711045,1.24780891031732,0.25,0.937612823334677,"LOW MED"
72,800,10,169.669730641467,76,5,5.50150897709004,1.24780891031732,0.25,0.90901869991219,"LOW MED"
73,806,6,157.49557888421,76,4,4.4983710831673,1.24780891031732,0.25,0.743767088020238,"LOW MED"
74,809,1,151.38186828369,76,3,3.50168573369308,1.24780891031732,0.25,0.60942634059814,"LOW MED"
74,816,8,152.770934212159,76,3,3.50074490520535,1.24780891031732,0.25,0.642432288635052,"LOW MED"
73,806,6,169.027295953915,77,5,5.50013933068955,1.27637133348875,0.25,0.903478257587409,"LOW MED"
75,817,1,140.408021758651,77,3,3.5008678364641,1.27637133348875,0.25,0.338653772572832,"LOW MED"
75,819,3,155.168873625451,77,3,3.50114466843165,1.27637133348875,0.25,0.696229141377441,"LOW MED"
75,817,1,155.082765623276,78,4,4.4994374973383,1.27641500950898,0.25,0.694376935251378,"LOW MED"
75,819,3,173.772818700832,78,4,4.5003328261658,1.27641500950898,0.25,0.938098350306742,"LOW MED"
75,822,6,168.297364380995,78,4,4.49904938598958,1.27641500950898,0.25,0.896819252891264,"LOW MED"
76,826,4,154.964693989414,78,3,3.50065340128902,1.27641500950898,0.25,0.691826939181266,"LOW MED"
77,837,5,134.430947240793,78,2,2.50100754327913,1.27641500950898,0.25,0.21820359205252,"LOW MED"
75,817,1,166.175412063938,79,5,5.50061119537227,1.28977890211372,0.25,0.87511097865251,"LOW MED"
75,822,6,181.891924783701,79,5,5.49915796970912,1.28977890211372,0.25,0.971877508661766,"LOW MED"
76,824,2,161.904518713752,79,4,4.49804857777453,1.28977890211372,0.25,0.819548455858257,"LOW MED"
76,825,3,161.363876644868,79,4,4.50059055169163,1.28977890211372,0.25,0.811287616744477,"LOW MED"
77,841,9,163.037247293481,79,3,3.50140548629064,1.28977890211372,0.25,0.835936604028164,"LOW MED"
75,817,1,174.560349218046,80,6,6.49896502262816,1.29966279413743,0.25,0.942582148062348,"LOW MED"
76,825,3,173.616170853373,80,5,5.50006661697943,1.29966279413743,0.25,0.937168298647744,"LOW MED"
78,849,8,140.783348309434,80,3,3.49996393241955,1.29966279413743,0.25,0.347240433091904,"LOW MED"
79,856,4,136.052624955921,80,2,2.50028312412225,1.29966279413743,0.25,0.247588921071433,"LOW MED"
76,825,3,183.023599742369,81,6,6.49895267794379,1.30599616917963,0.25,0.974853335407538,"LOW MED"
78,851,10,154.87407208705,81,4,4.49802785889523,1.30599616917963,0.25,0.689861796815478,"LOW MED"
79,856,4,161.424646566119,81,3,3.50066931066027,1.30599616917963,0.25,0.812230447551241,"LOW MED"
79,860,8,148.86103900539,81,3,3.49752764877145,1.30599616917963,0.25,0.547098876647738,"LOW MED"
79,860,8,165.733836471465,82,4,4.50063253415999,1.25369380309345,0.25,0.870127999983704,"LOW MED"
80,868,6,149.800953573803,82,3,3.5003113854172,1.25369380309345,0.25,0.570621542949489,"LOW MED"
80,870,8,132.233960179725,82,3,3.49922766317753,1.25369380309345,0.25,0.182540223752142,"LOW MED"
80,864,2,166.745553641007,83,4,4.50036633969068,1.30077074474205,0.25,0.881301489569115,"LOW MED"
80,868,6,166.926823639554,83,4,4.49944927107118,1.30077074474205,0.25,0.883213326990341,"LOW MED"
80,872,10,156.207852983474,83,4,4.49697309050729,1.30077074474205,0.25,0.718067362326179,"LOW MED"
81,879,5,140.223621944309,83,3,3.49959800353748,1.30077074474205,0.25,0.334473282025762,"LOW MED"
82,887,3,113.368426548121,83,2,2.50121303620639,1.30077074474205,0.25,0.0318393943795443,"LOW MED"
82,889,5,132.841181553552,83,2,2.50070696000828,1.30077074474205,0.25,0.19192060950239,"LOW MED"
82,893,9,120.633718167583,83,2,2.49833385435967,1.30077074474205,0.25,0.0643423678257777,"LOW MED"
80,864,2,180.034087559725,84,5,5.49915993478101,1.273001436557,0.25,0.96623653894036,"LOW MED"
81,876,2,166.318174708254,84,4,4.49850264022685,1.273001436557,0.25,0.876686571522652,"LOW MED"
82,889,5,156.882042767317,84,3,3.50047253179714,1.273001436557,0.25,0.731716190004788,"LOW MED"
83,903,10,126.077306237705,84,2,2.4988234144055,1.273001436557,0.25,0.106754384529535,"LOW MED"
82,887,3,142.219750904422,85,4,4.50078764227764,1.25524477391073,0.25,0.380989584607801,"LOW MED"
82,888,4,158.934945812676,85,4,4.49936711393937,1.25524477391073,0.25,0.770614355498176,"LOW MED"
82,889,5,175.969360688628,85,4,4.50204672424138,1.25524477391073,0.25,0.949852026068381,"LOW MED"
83,899,6,149.919636933002,85,3,3.49939115293258,1.25524477391073,0.25,0.57357144859785,"LOW MED"
83,903,10,147.421089230255,85,3,3.49857207317089,1.25524477391073,0.25,0.510686919932756,"LOW MED"
84,907,3,126.153413602901,85,2,2.5001782210476,1.25524477391073,0.25,0.107493491701034,"LOW MED"
84,910,6,132.131202240712,85,2,2.50082883286137,1.25524477391073,0.25,0.180988533890161,"LOW MED"
84,912,8,132.341681847842,85,2,2.50062707753539,1.25524477391073,0.25,0.18417794056994,"LOW MED"
82,887,3,151.108540994231,86,5,5.49960664185094,1.27386604110232,0.25,0.602801054723451,"LOW MED"
82,888,4,170.73239768969,86,5,5.50082086556674,1.27386604110232,0.25,0.917556941695459,"LOW MED"
83,899,6,167.077584741755,86,4,4.50057484368403,1.27386604110232,0.25,0.884782982142679,"LOW MED"
84,908,4,156.124383170361,86,3,3.49939484991197,1.27386604110232,0.25,0.716348483347961,"LOW MED"
85,920,7,125.654966665221,86,2,2.49931034362944,1.27386604110232,0.25,0.102733744942661,"LOW MED"
85,918,5,158.501472911855,87,3,3.50060230508764,1.27647640285877,0.25,0.762742040446162,"LOW MED"
86,927,5,131.975703471509,87,2,2.49912228163776,1.27647640285877,0.25,0.178660004600811,"LOW MED"
86,930,8,130.582882301693,87,2,2.50021499430353,1.27647640285877,0.25,0.158842067728221,"LOW MED"
86,924,2,155.368304590762,88,3,3.50138729003904,1.28082587887876,0.25,0.700494528742272,"LOW MED"
86,926,4,158.975847996224,88,3,3.50082103058791,1.28082587887876,0.25,0.771347628947323,"LOW MED"
87,933,2,141.47666228611,89,3,3.49876095110512,1.24956475461086,0.25,0.363362926893257,"LOW MED"
88,950,9,124.465549448964,89,2,2.50139018657687,1.24956475461086,0.25,0.0921236608565163,"LOW MED"
87,932,1,154.597196411934,90,4,4.49996633887641,1.26434106365092,0.25,0.68381532311812,"LOW MED"
87,933,2,156.421478872871,90,4,4.50242078770818,1.26434106365092,0.25,0.722437576561975,"LOW MED"
88,945,4,149.755480669434,90,3,3.49915147998616,1.26434106365092,0.25,0.569489959660263,"LOW MED"
88,949,8,152.374302038878,90,3,3.50081448442062,1.26434106365092,0.25,0.633129409748721,"LOW MED"
89,954,2,139.635582297409,90,2,2.49975601286351,1.26434106365092,0.25,0.321316811246738,"LOW MED"
89,955,3,123.364311002414,90,2,2.5000628317603,1.26434106365092,0.25,0.0831888850641354,"LOW MED"
87,933,2,167.756747704363,91,5,5.49928745131074,1.25960545614866,0.25,0.891628262254301,"LOW MED"
88,944,3,168.639642760555,91,4,4.49954745811423,1.25960545614866,0.25,0.899990983800791,"LOW MED"
88,949,8,170.201818413641,91,4,4.49971516818119,1.25960545614866,0.25,0.91338906184154,"LOW MED"
89,953,1,164.479449828354,91,3,3.49940839082859,1.25960545614866,0.25,0.855044921648983,"LOW MED"
90,968,8,129.968336456786,91,2,2.50064218031579,1.25960545614866,0.25,0.150681578657945,"LOW MED"
90,969,9,142.123898771017,91,2,2.49914785998118,1.25960545614866,0.25,0.37869707448458,"LOW MED"
88,949,8,184.176334684579,92,5,5.49935050455273,1.26423787961673,0.25,0.977568489973104,"LOW MED"
90,963,3,148.031074380594,92,3,3.50079410576756,1.26423787961673,0.25,0.526147982307765,"LOW MED"
90,968,8,152.845890568125,92,3,3.49887900315269,1.26423787961673,0.25,0.644178617670966,"LOW MED"
90,969,9,170.100094246505,92,3,3.49943309050654,1.26423787961673,0.25,0.912568499444799,"LOW MED"
88,949,8,195.130586578196,93,6,6.49943102658905,1.29707819119379,0.25,0.992511075220379,"LOW MED"
90,963,3,164.681834380889,93,4,4.5005365415359,1.29707819119379,0.25,0.857573242291392,"LOW MED"
92,983,7,131.989208047407,93,2,2.50067867431821,1.29707819119379,0.25,0.178861296894955,"LOW MED"
90,963,3,177.568386614486,94,5,5.50121220262129,1.26529103277094,0.25,0.957044327704172,"LOW MED"
92,980,4,152.619316030067,94,3,3.49891327636004,1.26529103277094,0.25,0.638888349979271,"LOW MED"
92,982,6,152.322994057948,94,3,3.50097024163116,1.26529103277094,0.25,0.631918546249458,"LOW MED"
92,983,7,155.682357687173,94,3,3.50046546535365,1.26529103277094,0.25,0.707141333842251,"LOW MED"
92,986,10,158.119683769885,94,3,3.49934426521318,1.26529103277094,0.25,0.755655771905103,"LOW MED"
92,980,4,170.514305103418,95,4,4.49988302400489,1.2857796532042,0.25,0.915866310395961,"LOW MED"
92,983,7,174.430594919925,95,4,4.50032637046473,1.2857796532042,0.25,0.941864971983254,"LOW MED"
92,986,10,177.559681545858,95,4,4.49931598595062,1.2857796532042,0.25,0.957007977673858,"LOW MED"
94,1003,3,132.33555046546,95,2,2.499379881429,1.2857796532042,0.25,0.184084419250236,"LOW MED"
94,1010,10,147.771351042895,96,3,3.50092209653361,1.27475345037781,0.25,0.519569275092567,"LOW MED"
94,1012,12,147.376791156049,96,3,3.50092567411657,1.27475345037781,0.25,0.509562959274607,"LOW MED"
94,1002,2,161.384891047572,97,4,4.5004369091518,1.25636223272613,0.25,0.811614060481141,"LOW MED"
94,1010,10,164.352904447996,97,4,4.49928484157416,1.25636223272613,0.25,0.853445168739304,"LOW MED"
95,1016,4,146.311320467204,97,3,3.50064889958275,1.25636223272613,0.25,0.482526301117154,"LOW MED"
95,1018,6,140.574260219825,97,3,3.49741048121416,1.25636223272613,0.25,0.342444258220579,"LOW MED"
95,1019,7,135.058093939482,97,3,3.50090098261501,1.25636223272613,0.25,0.229260748214061,"LOW MED"
94,1012,12,176.58026950701,98,5,5.49955988146833,1.27389697352409,0.25,0.952725470099251,"LOW MED"
95,1014,2,162.165735576688,98,4,4.49936611292206,1.27389697352409,0.25,0.823437569258363,"LOW MED"
96,1026,4,144.296054627721,98,3,3.50009240806392,1.27389697352409,0.25,0.431793362373684,"LOW MED"
96,1028,6,149.329249612972,98,3,3.49913053476269,1.27389697352409,0.25,0.558849533152149,"LOW MED"
97,1035,3,139.842722916487,98,2,2.50081849514895,1.27389697352409,0.25,0.325920324979368,"LOW MED"
95,1019,7,158.336480360863,99,5,5.4986655846601,1.29781883541338,0.25,0.759697141187028,"LOW MED"
96,1024,2,162.889962154776,99,4,4.50060020434611,1.29781883541338,0.25,0.833875368387765,"LOW MED"
