"cohort","uni_ind","ind","fish_size","Year","Age","AgeE","FMORT","M","Sel","FSIM"
1,3,3,105.900652631684,1,1,1.50146262194865,0,0.25,0.0151735074921228,"HIGH LOW"
1,2,2,153.277017327078,3,3,3.49981245157271,0,0.25,0.654147504993686,"HIGH LOW"
1,6,6,157.500613322016,3,3,3.49976432411255,0,0.25,0.743864491234526,"HIGH LOW"
1,8,8,135.675342157865,3,3,3.50058062422221,0,0.25,0.240522063256383,"HIGH LOW"
1,10,10,155.703367467094,3,3,3.49920725149839,0,0.25,0.707582902605723,"HIGH LOW"
2,15,3,142.234372131068,3,2,2.49997309132555,0,0.25,0.381339752308973,"HIGH LOW"
1,2,2,171.353698127994,4,4,4.49994268798221,0,0.25,0.922204893722605,"HIGH LOW"
1,8,8,149.181532835771,4,4,4.49965358741289,0,0.25,0.555148769401307,"HIGH LOW"
1,10,10,174.457519307746,4,4,4.49954896016681,0,0.25,0.942014475834792,"HIGH LOW"
2,15,3,170.259004902882,4,3,3.50007697873507,0,0.25,0.913847292518716,"HIGH LOW"
2,17,5,146.593518212984,4,3,3.50144543788729,0,0.25,0.489683698599464,"HIGH LOW"
2,20,8,141.133751102298,4,3,3.49928544993503,0,0.25,0.355347734572536,"HIGH LOW"
2,22,10,137.245770693559,4,3,3.50087045842295,0,0.25,0.270838981613498,"HIGH LOW"
1,2,2,185.560361091848,5,5,5.50020722935151,0,0.25,0.980451702363314,"HIGH LOW"
1,6,6,192.084225444243,5,5,5.49946560920571,0,0.25,0.989824136011215,"HIGH LOW"
2,14,2,168.212699209627,5,4,4.50020495914235,0,0.25,0.896021085023007,"HIGH LOW"
2,15,3,193.310662661484,5,4,4.50080897101608,0,0.25,0.991004830825632,"HIGH LOW"
2,17,5,162.862879458509,5,4,4.49771764147135,0,0.25,0.833494100469969,"HIGH LOW"
2,18,6,156.182915382902,5,4,4.50065392376453,0,0.25,0.717554489849947,"HIGH LOW"
2,19,7,172.705939970222,5,4,4.49959038694005,0,0.25,0.931501453803497,"HIGH LOW"
2,20,8,155.991657202142,5,4,4.50034143337571,0,0.25,0.713602288389528,"HIGH LOW"
2,21,9,152.516157431531,5,4,4.49874987028109,0,0.25,0.636468409311783,"HIGH LOW"
2,24,12,153.990300369441,5,4,4.4992329606662,0,0.25,0.670344109748581,"HIGH LOW"
3,25,1,142.582052732727,5,3,3.49925285236116,0,0.25,0.389702076926035,"HIGH LOW"
3,26,2,149.949010592601,5,3,3.50126410035081,0,0.25,0.574300739531634,"HIGH LOW"
3,30,6,157.960369915565,5,3,3.50088258059129,0,0.25,0.75265678634525,"HIGH LOW"
3,32,8,143.531909219868,5,3,3.49930923334536,0,0.25,0.412867571281356,"HIGH LOW"
1,6,6,204.268808098741,6,6,6.49946515406693,0,0.25,0.99702531587675,"HIGH LOW"
2,14,2,181.790480211743,6,5,5.4989424945435,0,0.25,0.971594623097817,"HIGH LOW"
2,15,3,212.271800519967,6,5,5.4991545953855,0,0.25,0.998677887112071,"HIGH LOW"
2,18,6,167.474767244493,6,5,5.50035079279365,0,0.25,0.888830631359144,"HIGH LOW"
2,21,9,163.15057013826,6,5,5.50173557225835,0,0.25,0.837508511099552,"HIGH LOW"
3,26,2,167.114901739783,6,4,4.49966884541694,0,0.25,0.885168665977343,"HIGH LOW"
3,27,3,159.725698124818,6,4,4.50140778875513,0,0.25,0.78449741966813,"HIGH LOW"
3,28,4,139.796246585019,6,4,4.50024633452345,0,0.25,0.324884463542792,"HIGH LOW"
3,30,6,177.35480624049,6,4,4.49976170287207,0,0.25,0.956143945048559,"HIGH LOW"
3,32,8,159.002524544591,6,4,4.49990135222037,0,0.25,0.771824983116786,"HIGH LOW"
3,33,9,176.268074685308,6,4,4.49846650098043,0,0.25,0.951277145767056,"HIGH LOW"
5,48,1,132.686049578469,6,2,2.49874407159875,0,0.25,0.189489691778876,"HIGH LOW"
1,6,6,213.959426987188,7,7,7.50009107474109,0,0.25,0.99888585129727,"HIGH LOW"
2,14,2,192.38556395873,7,6,6.50207507930989,0,0.25,0.990127731215288,"HIGH LOW"
2,15,3,227.868281807923,7,6,6.49859895198947,0,0.25,0.999728356682468,"HIGH LOW"
2,18,6,176.03419005982,7,6,6.50037206007289,0,0.25,0.950164634064644,"HIGH LOW"
2,21,9,171.136035104667,7,6,6.50040801021492,0,0.25,0.920604516522556,"HIGH LOW"
2,24,12,173.100390516939,7,6,6.49996183086177,0,0.25,0.934013131125355,"HIGH LOW"
3,26,2,180.475981528602,7,5,5.50038665712981,0,0.25,0.96767001570412,"HIGH LOW"
3,27,3,171.670343831712,7,5,5.50117942202893,0,0.25,0.924480334733829,"HIGH LOW"
3,28,4,148.296015031769,7,5,5.49823773982105,0,0.25,0.532849486087498,"HIGH LOW"
3,33,9,191.484811039103,7,5,5.49890736114563,0,0.25,0.98919250063972,"HIGH LOW"
4,38,3,157.098902863815,7,4,4.50248806794158,0,0.25,0.736016440383979,"HIGH LOW"
4,40,5,154.292866369619,7,4,4.49987585945813,0,0.25,0.677096889798855,"HIGH LOW"
4,47,12,187.07472751263,7,4,4.49798107926269,0,0.25,0.983190891893594,"HIGH LOW"
5,48,1,156.663427253169,7,3,3.50113330776202,0,0.25,0.727336491476377,"HIGH LOW"
5,50,3,162.214969496684,7,3,3.50116621111718,0,0.25,0.824163166202002,"HIGH LOW"
5,51,4,139.161970625429,7,3,3.50018318021708,0,0.25,0.310921706353011,"HIGH LOW"
5,52,5,152.224000849309,7,3,3.5005847258524,0,0.25,0.629577620936805,"HIGH LOW"
5,53,6,148.25651686195,7,3,3.49907856169108,0,0.25,0.531851097633327,"HIGH LOW"
5,54,7,146.732057095564,7,3,3.49810779525078,0,0.25,0.493199199333787,"HIGH LOW"
5,58,11,137.297367649372,7,3,3.49729260803841,0,0.25,0.271874800803554,"HIGH LOW"
2,14,2,200.653174077656,8,7,7.5011844835154,0,0.25,0.995711559130223,"HIGH LOW"
2,15,3,240.697165305373,8,7,7.4998257905815,0,0.25,0.999926142272836,"HIGH LOW"
2,18,6,182.522383478363,8,7,7.50043725973371,0,0.25,0.973575199538856,"HIGH LOW"
2,21,9,177.132384173324,8,7,7.50155185452315,0,0.25,0.955187161837468,"HIGH LOW"
2,24,12,179.291679405781,8,7,7.50079850352937,0,0.25,0.963689109037046,"HIGH LOW"
3,26,2,190.875584531591,8,6,6.49887444566981,0,0.25,0.988510804032755,"HIGH LOW"
3,27,3,180.804947723439,8,6,6.50080232430729,0,0.25,0.968698783576346,"HIGH LOW"
4,38,3,168.557885042657,8,5,5.49983567060304,0,0.25,0.899241344165953,"HIGH LOW"
4,47,12,204.622879819164,8,5,5.49749349247529,0,0.25,0.997130054162632,"HIGH LOW"
5,50,3,182.842623141199,8,4,4.49906451393712,0,0.25,0.974398933271483,"HIGH LOW"
5,51,4,153.52468631089,8,4,4.49908165343012,0,0.25,0.65981433005461,"HIGH LOW"
5,52,5,170.010184120716,8,4,4.49945294319533,0,0.25,0.911837390169312,"HIGH LOW"
5,53,6,164.967455714222,8,4,4.49823078934755,0,0.25,0.861078723452312,"HIGH LOW"
5,58,11,151.19897802151,8,4,4.50037375060414,0,0.25,0.604997498657744,"HIGH LOW"
6,60,2,146.640715052287,8,3,3.49758262589095,0,0.25,0.490881247354166,"HIGH LOW"
6,61,3,149.005173582296,8,3,3.50013015167185,0,0.25,0.550722432625243,"HIGH LOW"
6,63,5,154.56635422586,8,3,3.50023015110342,0,0.25,0.683137870284266,"HIGH LOW"
6,64,6,130.756293020209,8,3,3.50061793098829,0,0.25,0.161208689367036,"HIGH LOW"
6,67,9,146.644558273235,8,3,3.49865655772266,0,0.25,0.49097876809431,"HIGH LOW"
7,72,3,123.27121491326,8,2,2.50065367791776,0,0.25,0.0824708092911565,"HIGH LOW"
2,14,2,207.104598031527,9,8,8.50181220963549,0,0.25,0.997767866514372,"HIGH LOW"
2,18,6,187.440548493069,9,8,8.50072277241612,0,0.25,0.983793842136978,"HIGH LOW"
2,24,12,183.958578065338,9,8,8.49992862511018,0,0.25,0.977078515190423,"HIGH LOW"
3,26,2,198.970120626665,9,7,7.50061153005148,0,0.25,0.994916455237657,"HIGH LOW"
3,27,3,187.790587172803,9,7,7.50096312895871,0,0.25,0.984350843127379,"HIGH LOW"
4,38,3,177.264076642271,9,6,6.49815709259124,0,0.25,0.955756034085824,"HIGH LOW"
4,47,12,218.881540943091,9,6,6.5000680263628,0,0.25,0.999323772016807,"HIGH LOW"
5,48,1,190.78476963033,9,5,5.49957331453096,0,0.25,0.98840561019677,"HIGH LOW"
5,51,4,164.338069757978,9,5,5.49945221576634,0,0.25,0.853256678016169,"HIGH LOW"
5,52,5,183.946249532261,9,5,5.50033232431757,0,0.25,0.977050464242043,"HIGH LOW"
5,53,6,177.909301639054,9,5,5.50077336956817,0,0.25,0.958445023399835,"HIGH LOW"
5,58,11,161.601777271665,9,5,5.49979171976312,0,0.25,0.814957913474624,"HIGH LOW"
6,60,2,162.922533849591,9,4,4.50013318646268,0,0.25,0.834332983581457,"HIGH LOW"
6,62,4,150.403494122555,9,4,4.50002242312576,0,0.25,0.585541655949418,"HIGH LOW"
6,68,10,151.719550191214,9,4,4.49948601765566,0,0.25,0.617555915321756,"HIGH LOW"
7,70,1,142.653633989732,9,3,3.5000802983201,0,0.25,0.391431992311252,"HIGH LOW"
7,75,6,143.252012125923,9,3,3.49919959080102,0,0.25,0.405996150056962,"HIGH LOW"
8,82,2,123.506338934102,9,2,2.50051620738274,0,0.25,0.0842953411220696,"HIGH LOW"
8,83,3,127.432530311146,9,2,2.50077033055003,0,0.25,0.120603057821019,"HIGH LOW"
8,90,10,132.11757784318,9,2,2.49994218060471,0,0.25,0.180783572889458,"HIGH LOW"
2,18,6,191.16860429405,10,9,9.49949357231917,0,0.25,0.988843827230708,"HIGH LOW"
3,26,2,205.270506764061,10,8,8.50022365555277,0,0.25,0.997312206187517,"HIGH LOW"
3,27,3,193.132817563407,10,8,8.49999617968914,0,0.25,0.990842430338734,"HIGH LOW"
4,47,12,230.467342883689,10,7,7.50106400686389,0,0.25,0.999791348785609,"HIGH LOW"
5,48,1,202.76300369137,10,6,6.49991372804204,0,0.25,0.99653561724689,"HIGH LOW"
5,52,5,194.865619708046,10,6,6.49952633254304,0,0.25,0.992308438925064,"HIGH LOW"
5,58,11,169.386359729531,10,6,6.49941897593828,0,0.25,0.90661103767328,"HIGH LOW"
6,60,2,175.470925875452,10,5,5.49956960774419,0,0.25,0.947385823335337,"HIGH LOW"
6,67,9,175.476711685719,10,5,5.50106159631034,0,0.25,0.947415097483856,"HIGH LOW"
6,68,10,162.213598368319,10,5,5.49999761762065,0,0.25,0.82414299065444,"HIGH LOW"
7,74,5,175.205416320372,10,4,4.50074376489655,0,0.25,0.946025765349521,"HIGH LOW"
8,81,1,159.636382992784,10,3,3.49973687967601,0,0.25,0.782960353680847,"HIGH LOW"
8,85,5,149.347130236517,10,3,3.50163660908184,0,0.25,0.55929706334386,"HIGH LOW"
9,97,5,130.248232207707,10,2,2.49888835448499,0,0.25,0.154354696634741,"HIGH LOW"
2,18,6,193.994536326356,11,10,10.5006224347876,0,0.25,0.991603155934346,"HIGH LOW"
3,26,2,210.17441540244,11,9,9.50004450981675,0,0.25,0.998364628645029,"HIGH LOW"
3,27,3,197.218259669769,11,9,9.49971827702377,0,0.25,0.993932842019128,"HIGH LOW"
5,48,1,212.267369987196,11,7,7.49989174714913,0,0.25,0.998677293022521,"HIGH LOW"
5,58,11,175.211688334465,11,7,7.49949666911638,0,0.25,0.946058272409428,"HIGH LOW"
6,67,9,185.148580750955,11,6,6.50006558112507,0,0.25,0.979634078902581,"HIGH LOW"
7,74,5,190.201054877886,11,5,5.49852419734059,0,0.25,0.987706389965443,"HIGH LOW"
7,75,6,170.395245905479,11,5,5.50129891109116,0,0.25,0.914930144138824,"HIGH LOW"
8,81,1,179.512542613847,11,4,4.50096707979422,0,0.25,0.964465698067302,"HIGH LOW"
8,83,3,166.297151475289,11,4,4.50073812687518,0,0.25,0.876455626843284,"HIGH LOW"
8,85,5,166.350593443984,11,4,4.49928292398776,0,0.25,0.877041971036281,"HIGH LOW"
8,91,11,156.839955202419,11,4,4.49971172794621,0,0.25,0.730876488230166,"HIGH LOW"
8,92,12,179.175336015418,11,4,4.49920211492665,0,0.25,0.963273485254416,"HIGH LOW"
9,96,4,145.487511769928,11,3,3.50005055625421,0,0.25,0.461683638724503,"HIGH LOW"
9,97,5,153.237976426209,11,3,3.50059138229229,0,0.25,0.653250167382303,"HIGH LOW"
9,102,10,156.307386225442,11,3,3.49863752895113,0,0.25,0.720108740837445,"HIGH LOW"
9,104,12,141.449249833855,11,3,3.49957241582931,0,0.25,0.362719321640299,"HIGH LOW"
2,18,6,196.136642635257,12,11,11.5008209282887,0,0.25,0.993233354742908,"HIGH LOW"
3,26,2,213.991375094929,12,10,10.499409722224,0,0.25,0.998889455474211,"HIGH LOW"
3,27,3,200.342579660495,12,10,10.4997214791678,0,0.25,0.995574774489357,"HIGH LOW"
5,48,1,219.80879706442,12,8,8.50068527087189,0,0.25,0.999384494110511,"HIGH LOW"
6,64,6,163.575796230074,12,7,7.49949645925316,0,0.25,0.843298731544979,"HIGH LOW"
6,67,9,192.602773579548,12,7,7.50113452543431,0,0.25,0.990340989160645,"HIGH LOW"
7,74,5,202.087129202885,12,6,6.50037570023953,0,0.25,0.996290446310471,"HIGH LOW"
8,81,1,195.413426758587,12,5,5.50055754290699,0,0.25,0.992721536200821,"HIGH LOW"
8,85,5,179.561752915862,12,5,5.50125587221896,0,0.25,0.964636537285553,"HIGH LOW"
8,91,11,168.251573055776,12,5,5.49934345568382,0,0.25,0.896388237712708,"HIGH LOW"
8,92,12,195.00447859933,12,5,5.5004099700045,0,0.25,0.992415302157726,"HIGH LOW"
9,100,8,163.550501764485,12,4,4.5009505926533,0,0.25,0.842959053983679,"HIGH LOW"
9,102,10,175.231939932819,12,4,4.49930997080467,0,0.25,0.946163107894194,"HIGH LOW"
11,118,2,128.088348782527,12,2,2.49985472979846,0,0.25,0.127845405478575,"HIGH LOW"
12,140,11,100.221332795546,12,1,1.50012728493655,0,0.25,0.0085813185622073,"HIGH LOW"
2,18,6,197.760396988218,13,12,12.5016306107441,0,0.25,0.99425591409133,"HIGH LOW"
5,48,1,225.792691265346,13,9,9.5000359306095,0,0.25,0.999664653007287,"HIGH LOW"
8,81,1,208.134099232786,13,6,6.50082449202238,0,0.25,0.997988960592564,"HIGH LOW"
8,85,5,189.826410912992,13,6,6.49906826947401,0,0.25,0.987235835626774,"HIGH LOW"
8,91,11,176.916135992601,13,6,6.49969669352565,0,0.25,0.954237885668455,"HIGH LOW"
8,92,12,207.658726066616,13,6,6.49874964341376,0,0.25,0.997889725497891,"HIGH LOW"
9,100,8,176.219117953939,13,5,5.49840346090202,0,0.25,0.951046241930133,"HIGH LOW"
9,102,10,190.233079055173,13,5,5.4998395761351,0,0.25,0.987745808575736,"HIGH LOW"
9,104,12,167.716119273485,13,5,5.50090609852965,0,0.25,0.891229020431807,"HIGH LOW"
10,105,1,168.627718196536,13,4,4.49988451433194,0,0.25,0.89988195664013,"HIGH LOW"
10,107,3,151.066470647709,13,4,4.50042973837016,0,0.25,0.601777872876769,"HIGH LOW"
10,112,8,172.574303652041,13,4,4.4996950953146,0,0.25,0.930643723852791,"HIGH LOW"
11,121,5,148.350990578986,13,3,3.5001146470859,0,0.25,0.534238654026869,"HIGH LOW"
11,124,8,145.499413351385,13,3,3.49845646781116,0,0.25,0.461983977464007,"HIGH LOW"
11,128,12,146.733179204545,13,3,3.49922005336019,0,0.25,0.493227676684913,"HIGH LOW"
12,132,3,135.081657296749,13,2,2.49926783239426,0,0.25,0.22968376743373,"HIGH LOW"
12,139,10,116.94057682034,13,2,2.49966603329362,0,0.25,0.0451310022392191,"HIGH LOW"
2,18,6,198.991231418707,14,13,13.4993719042205,0,0.25,0.99492728457106,"HIGH LOW"
5,48,1,230.540730256006,14,10,10.5004369090874,0,0.25,0.999792897387769,"HIGH LOW"
8,81,1,218.310609338948,14,7,7.49899491037124,0,0.25,0.999283442884286,"HIGH LOW"
8,85,5,197.801729356638,14,7,7.49974035569747,0,0.25,0.994279831463047,"HIGH LOW"
8,91,11,183.494927172865,14,7,7.49919735606842,0,0.25,0.976000187539693,"HIGH LOW"
9,102,10,202.124200951512,14,6,6.50001132539717,0,0.25,0.996304331257571,"HIGH LOW"
9,104,12,176.308142830131,14,6,6.49954279898679,0,0.25,0.951465357370865,"HIGH LOW"
10,105,1,182.287841265913,14,5,5.50160445389169,0,0.25,0.972955599206785,"HIGH LOW"
10,106,2,161.660458991163,14,5,5.50087755149878,0,0.25,0.815854717597522,"HIGH LOW"
10,107,3,161.446103560836,14,5,5.49922292926956,0,0.25,0.812562481434679,"HIGH LOW"
10,112,8,187.028878519666,14,5,5.49907784246972,0,0.25,0.983113784847788,"HIGH LOW"
11,118,2,167.457737965217,14,4,4.50033396031832,0,0.25,0.888659670400065,"HIGH LOW"
11,120,4,157.533395214724,14,4,4.50041434905259,0,0.25,0.744498141228968,"HIGH LOW"
11,128,12,163.039416472066,14,4,4.50018516742428,0,0.25,0.835966807215426,"HIGH LOW"
12,132,3,160.047802384355,14,3,3.49923035780971,0,0.25,0.789974947461747,"HIGH LOW"
12,135,6,154.391949671316,14,3,3.4998785412754,0,0.25,0.679292480386523,"HIGH LOW"
12,136,7,146.176703189752,14,3,3.50056117147371,0,0.25,0.479114339276849,"HIGH LOW"
13,143,3,122.632453965269,14,2,2.49988392925181,0,0.25,0.0776942946586179,"HIGH LOW"
14,156,5,97.8694948159269,14,1,1.50074170425065,0,0.25,0.0067708346472349,"HIGH LOW"
8,81,1,226.451795125381,15,8,8.50115928451483,0,0.25,0.999686353323083,"HIGH LOW"
8,85,5,203.998302520143,15,8,8.49952040178223,0,0.25,0.996942736905005,"HIGH LOW"
9,102,10,211.550070467172,15,7,7.49826804774695,0,0.25,0.998577508968235,"HIGH LOW"
10,105,1,192.957334391094,15,6,6.50193470673514,0,0.25,0.990679340058119,"HIGH LOW"
10,107,3,169.210632200951,15,6,6.49971851196508,0,0.25,0.905089399136072,"HIGH LOW"
10,112,8,198.419903192931,15,6,6.50105442263457,0,0.25,0.994625950831288,"HIGH LOW"
11,118,2,180.8863195307,15,5,5.49889391638675,0,0.25,0.968948327814906,"HIGH LOW"
11,121,5,178.052233026516,15,5,5.50145867356816,0,0.25,0.959019186188456,"HIGH LOW"
11,124,8,173.755682681276,15,5,5.49879012723348,0,0.25,0.93799723983096,"HIGH LOW"
12,132,3,180.043025039729,15,4,4.49889351176977,0,0.25,0.966266130395775,"HIGH LOW"
12,134,5,170.091753068282,15,4,4.4981399115757,0,0.25,0.912500904049586,"HIGH LOW"
12,135,6,172.778533659199,15,4,4.50050227321057,0,0.25,0.931970253484345,"HIGH LOW"
12,136,7,162.336236341329,15,4,4.50044400598106,0,0.25,0.825940357982421,"HIGH LOW"
12,139,10,148.188209272069,15,4,4.50271546710558,0,0.25,0.53012390094097,"HIGH LOW"
12,140,11,169.039778209826,15,4,4.50078098257565,0,0.25,0.90358872099187,"HIGH LOW"
14,160,9,120.233388035429,15,2,2.50033066670861,0,0.25,0.0619382545196121,"HIGH LOW"
8,81,1,232.964725915778,16,9,9.49978730389955,0,0.25,0.999838073015506,"HIGH LOW"
8,85,5,208.812846195356,16,9,9.50088028689451,0,0.25,0.998122631908483,"HIGH LOW"
9,102,10,219.021780613681,16,8,8.49923568381802,0,0.25,0.999333326136783,"HIGH LOW"
10,105,1,201.290940389379,16,7,7.50004101614543,0,0.25,0.995979371505593,"HIGH LOW"
10,107,3,175.018920943699,16,7,7.49916320008128,0,0.25,0.945050702807339,"HIGH LOW"
10,112,8,207.396676587874,16,7,7.49870443285275,0,0.25,0.997832948164475,"HIGH LOW"
11,124,8,183.182819552618,16,6,6.50019195717775,0,0.25,0.975246605421089,"HIGH LOW"
12,132,3,196.057068362598,16,5,5.50044271040913,0,0.25,0.993178837523444,"HIGH LOW"
12,134,5,184.04417909479,16,5,5.4991774391857,0,0.25,0.977272360810039,"HIGH LOW"
12,135,6,187.274780728438,16,5,5.49819364710647,0,0.25,0.983523303530966,"HIGH LOW"
12,136,7,174.772863335014,16,5,5.49875996544791,0,0.25,0.943738830484752,"HIGH LOW"
13,147,7,159.764330910622,16,4,4.49884724735822,0,0.25,0.785159818640896,"HIGH LOW"
14,153,2,154.953953579564,16,3,3.50141584195071,0,0.25,0.691594393450471,"HIGH LOW"
14,160,9,139.365205373684,16,3,3.5013230989194,0,0.25,0.315359881421838,"HIGH LOW"
14,163,12,149.185071120913,16,3,3.50044885317561,0,0.25,0.555237487649556,"HIGH LOW"
15,169,5,120.508104311504,16,2,2.50093604953954,0,0.25,0.0635788066175093,"HIGH LOW"
15,176,12,131.795342302457,16,2,2.5002884506674,0,0.25,0.175988612013802,"HIGH LOW"
15,177,13,133.543326408113,16,2,2.49987863903676,0,0.25,0.203220225358788,"HIGH LOW"
8,85,5,212.553596153261,17,10,10.5004043665809,0,0.25,0.998715130649029,"HIGH LOW"
9,102,10,224.944465244601,17,9,9.50011931153157,0,0.25,0.999634503011483,"HIGH LOW"
10,112,8,214.47088307022,17,8,8.50110744550242,0,0.25,0.998942172107851,"HIGH LOW"
11,124,8,190.423124873628,17,7,7.50058523216501,0,0.25,0.987977180767041,"HIGH LOW"
12,132,3,208.882611141829,17,6,6.50078228107898,0,0.25,0.998135858370315,"HIGH LOW"
12,134,5,194.978389367355,17,6,6.49906978838438,0,0.25,0.992395337393636,"HIGH LOW"
12,139,10,165.406602212161,17,6,6.49900600681024,0,0.25,0.866327021773101,"HIGH LOW"
13,143,3,169.512231975841,17,5,5.49991870542416,0,0.25,0.9076874885914,"HIGH LOW"
13,147,7,171.716189744456,17,5,5.49951223937753,0,0.25,0.924804677983463,"HIGH LOW"
14,153,2,173.497654521612,17,4,4.50066511413031,0,0.25,0.936455995994422,"HIGH LOW"
14,155,4,152.971760290416,17,4,4.50061738174736,0,0.25,0.647102492627804,"HIGH LOW"
14,156,5,162.256532722378,17,4,4.50134713605055,0,0.25,0.824773886734549,"HIGH LOW"
14,159,8,153.045863003544,17,4,4.49964141821895,0,0.25,0.648818732102951,"HIGH LOW"
14,160,9,153.778601694633,17,4,4.50071820251747,0,0.25,0.665576973003119,"HIGH LOW"
14,163,12,166.144920242181,17,4,4.49847306356538,0,0.25,0.874772228403307,"HIGH LOW"
15,175,11,142.749658249594,17,3,3.50135491913126,0,0.25,0.393756909357628,"HIGH LOW"
15,176,12,155.409690248634,17,3,3.49999766886282,0,0.25,0.701375369830794,"HIGH LOW"
15,177,13,157.872468189411,17,3,3.49927768043508,0,0.25,0.75099154776189,"HIGH LOW"
16,189,12,121.414638145226,17,2,2.49969042112432,0,0.25,0.0692838411668391,"HIGH LOW"
8,85,5,215.460041954055,18,11,11.5011463780306,0,0.25,0.999043154098622,"HIGH LOW"
9,102,10,229.639266374395,18,10,10.4999120284134,0,0.25,0.999773051685119,"HIGH LOW"
11,124,8,195.983882276101,18,8,8.50177748025462,0,0.25,0.993128311931542,"HIGH LOW"
12,132,3,219.154504645886,18,7,7.50065939089584,0,0.25,0.999342243960007,"HIGH LOW"
12,134,5,203.547290149019,18,7,7.50057359989367,0,0.25,0.996799941095857,"HIGH LOW"
12,139,10,170.852150881899,18,7,7.50021066638644,0,0.25,0.91847205341982,"HIGH LOW"
13,143,3,178.348735892946,18,6,6.49961293538706,0,0.25,0.960186126713081,"HIGH LOW"
14,153,2,188.141072037919,18,5,5.50077030937156,0,0.25,0.984889668407234,"HIGH LOW"
14,155,4,163.686848165895,18,5,5.49914477094218,0,0.25,0.84478296507827,"HIGH LOW"
14,156,5,174.678001864364,18,5,5.4991162393149,0,0.25,0.943225246206604,"HIGH LOW"
14,157,6,159.143498923433,18,5,5.50071908850673,0,0.25,0.774335931771315,"HIGH LOW"
14,159,8,163.774099758206,18,5,5.49991434737093,0,0.25,0.845941035955817,"HIGH LOW"
14,160,9,164.637266599893,18,5,5.50087903271843,0,0.25,0.8570196488753,"HIGH LOW"
15,166,2,169.095541290715,18,4,4.50077215281108,0,0.25,0.904080825755006,"HIGH LOW"
15,172,8,175.691434095341,18,4,4.49990629238525,0,0.25,0.948490696992085,"HIGH LOW"
15,175,11,158.019160309312,18,4,4.50179606929126,0,0.25,0.753766349786698,"HIGH LOW"
15,176,12,174.081243498178,18,4,4.50114367347962,0,0.25,0.939892058569212,"HIGH LOW"
15,177,13,177.241786514886,18,4,4.49908132067881,0,0.25,0.955660233931515,"HIGH LOW"
16,178,1,153.632012927002,18,3,3.50124700322803,0,0.25,0.662256015939166,"HIGH LOW"
16,186,9,129.819877828991,18,3,3.49990708411937,0,0.25,0.148762681088813,"HIGH LOW"
16,189,12,140.984621277006,18,3,3.50078339370567,0,0.25,0.351886829558959,"HIGH LOW"
17,190,1,129.327434724673,18,2,2.49908497004056,0,0.25,0.142541745395702,"HIGH LOW"
17,202,13,131.832725576207,18,2,2.50027764473223,0,0.25,0.176539716038683,"HIGH LOW"
8,85,5,217.718259500808,19,12,12.4979340165838,0,0.25,0.999239058692044,"HIGH LOW"
11,124,8,200.254699806327,19,9,9.50078894410156,0,0.25,0.995535290145561,"HIGH LOW"
12,132,3,227.381197112232,19,8,8.50053099884081,0,0.25,0.999714588793804,"HIGH LOW"
12,134,5,210.262549758598,19,8,8.50093659284532,0,0.25,0.998379173855339,"HIGH LOW"
13,143,3,185.076010110231,19,7,7.50002699368289,0,0.25,0.979486552743763,"HIGH LOW"
14,153,2,199.704549966464,19,6,6.49929727518753,0,0.25,0.995280014166919,"HIGH LOW"
14,155,4,171.742448156593,19,6,6.49949485132887,0,0.25,0.924989869896482,"HIGH LOW"
14,156,5,184.235922756449,19,6,6.49870310217321,0,0.25,0.977700776391819,"HIGH LOW"
14,159,8,171.841138700575,19,6,6.50033440579701,0,0.25,0.925682159572842,"HIGH LOW"
14,160,9,172.817892518945,19,6,6.49893197246895,0,0.25,0.93222318232042,"HIGH LOW"
14,163,12,189.544376404356,19,6,6.50025934304136,0,0.25,0.986869910616349,"HIGH LOW"
15,166,2,182.848758089286,19,5,5.4993776591444,0,0.25,0.974414467224399,"HIGH LOW"
15,169,5,165.191607686673,19,5,5.50039313302093,0,0.25,0.863778860760512,"HIGH LOW"
15,172,8,190.788010879983,19,5,5.49907544957249,0,0.25,0.988409380969348,"HIGH LOW"
15,175,11,169.647212239097,19,5,5.50010148090088,0,0.25,0.908829433640865,"HIGH LOW"
15,176,12,188.844594218053,19,5,5.50049767677003,0,0.25,0.985916686283971,"HIGH LOW"
15,177,13,192.662408243597,19,5,5.49904208196373,0,0.25,0.990398736494516,"HIGH LOW"
16,178,1,171.807108100747,19,4,4.49813207599801,0,0.25,0.925444109704187,"HIGH LOW"
16,182,5,149.398549867597,19,4,4.49898934738897,0,0.25,0.560583494613583,"HIGH LOW"
16,187,10,174.525563146799,19,4,4.49988022433478,0,0.25,0.942390698205807,"HIGH LOW"
17,190,1,151.949034712592,19,3,3.49877641750742,0,0.25,0.623043669685142,"HIGH LOW"
17,191,2,137.361175859327,19,3,3.50154843445668,0,0.25,0.273159190906929,"HIGH LOW"
17,196,7,139.642250712716,19,3,3.50101722161655,0,0.25,0.321464477164002,"HIGH LOW"
17,198,9,145.159377035846,19,3,3.50021978598665,0,0.25,0.45341479732689,"HIGH LOW"
17,202,13,155.462259676215,19,3,3.50168002003216,0,0.25,0.70249209516187,"HIGH LOW"
18,203,1,129.230182218346,19,2,2.50114333642585,0,0.25,0.141339130165829,"HIGH LOW"
18,210,8,128.014221883756,19,2,2.50064187123562,0,0.25,0.127008565898586,"HIGH LOW"
18,213,11,134.529170774158,19,2,2.50081300870271,0,0.25,0.219909652026652,"HIGH LOW"
8,85,5,219.472823954433,20,13,13.4998486811769,0,0.25,0.999363149263834,"HIGH LOW"
11,124,8,203.534807362966,20,10,10.4992025097779,0,0.25,0.996795895751055,"HIGH LOW"
12,132,3,233.969901415786,20,9,9.49996134993235,0,0.25,0.999853781310847,"HIGH LOW"
13,143,3,190.197517305735,20,8,8.49952536356174,0,0.25,0.987702027889303,"HIGH LOW"
14,156,5,191.590435393813,20,7,7.49965404506525,0,0.25,0.989306551368186,"HIGH LOW"
14,159,8,177.907104505201,20,7,7.50031743515773,0,0.25,0.958436137616067,"HIGH LOW"
14,163,12,197.487792790545,20,7,7.50132141388554,0,0.25,0.99409565956652,"HIGH LOW"
15,166,2,193.602462428183,20,6,6.50014329669624,0,0.25,0.991265128986998,"HIGH LOW"
15,169,5,173.445586033733,20,6,6.50053268955655,0,0.25,0.93614068166614,"HIGH LOW"
15,175,11,178.502222124355,20,6,6.50061886240542,0,0.25,0.960777622564927,"HIGH LOW"
15,176,12,200.517780779721,20,6,6.49955854232966,0,0.25,0.995652457777123,"HIGH LOW"
15,177,13,204.939328396603,20,6,6.49896607128788,0,0.25,0.997220547043652,"HIGH LOW"
16,178,1,186.105631570905,20,5,5.49902014356714,0,0.25,0.981485041309545,"HIGH LOW"
16,182,5,159.488676964056,20,5,5.49810434950556,0,0.25,0.780401058846107,"HIGH LOW"
16,187,10,189.380525660586,20,5,5.49987239985449,0,0.25,0.98665258925164,"HIGH LOW"
17,190,1,169.659714624836,20,4,4.50055169334441,0,0.25,0.908934559390783,"HIGH LOW"
17,191,2,151.278450050892,20,4,4.50094783334623,0,0.25,0.606924145635986,"HIGH LOW"
17,196,7,154.12486708118,20,4,4.50078160305095,0,0.25,0.673356314571478,"HIGH LOW"
17,198,9,161.052284750976,20,4,4.49904257730585,0,0.25,0.806396280115617,"HIGH LOW"
17,199,10,153.515490644018,20,4,4.50055035119754,0,0.25,0.659604730515004,"HIGH LOW"
17,202,13,174.148586300247,20,4,4.49941350407895,0,0.25,0.940277181698859,"HIGH LOW"
18,213,11,159.265684918318,20,3,3.49919815154759,0,0.25,0.776496344417681,"HIGH LOW"
19,217,2,134.11373767948,20,2,2.49878460408912,0,0.25,0.212759250137156,"HIGH LOW"
19,227,12,133.383911533184,20,2,2.50141084127114,0,0.25,0.200611982596169,"HIGH LOW"
14,155,4,182.351693658426,21,8,8.49901253867592,0,0.25,0.973125666579483,"HIGH LOW"
14,156,5,197.249496265298,21,8,8.50012769273936,0,0.25,0.993951937492843,"HIGH LOW"
14,159,8,182.468374310114,21,8,8.50076344545485,0,0.25,0.973433756532489,"HIGH LOW"
14,160,9,183.624042057159,21,8,8.50107741552841,0,0.25,0.976305349812319,"HIGH LOW"
15,166,2,202.010833989695,21,7,7.50037930882822,0,0.25,0.996261706747948,"HIGH LOW"
15,169,5,179.671451624991,21,7,7.49801234110188,0,0.25,0.965014525602676,"HIGH LOW"
15,175,11,185.245501268748,21,7,7.49988531994314,0,0.25,0.979829485735986,"HIGH LOW"
15,176,12,209.747615326702,21,7,7.49965428516142,0,0.25,0.998292327194159,"HIGH LOW"
15,177,13,214.713432910342,21,7,7.49968670984899,0,0.25,0.998967878164105,"HIGH LOW"
16,182,5,167.003199600998,21,6,6.49940530869478,0,0.25,0.884010824455263,"HIGH LOW"
16,187,10,201.137609613171,21,6,6.50019442588257,0,0.25,0.995916546037807,"HIGH LOW"
17,190,1,183.525585435099,21,5,5.50004068355947,0,0.25,0.97607299342343,"HIGH LOW"
17,191,2,161.695155188368,21,5,5.49990461805237,0,0.25,0.816383377595186,"HIGH LOW"
17,198,9,173.245781137183,21,5,5.49835601464365,0,0.25,0.934917134470154,"HIGH LOW"
17,199,10,164.327235878176,21,5,5.50015387477977,0,0.25,0.853118895103156,"HIGH LOW"
17,202,13,188.925805403349,21,5,5.5008677340441,0,0.25,0.986030718203985,"HIGH LOW"
18,208,6,163.636068732552,21,4,4.50060533349157,0,0.25,0.844105715608105,"HIGH LOW"
18,213,11,179.034839859507,21,4,4.49972765127847,0,0.25,0.962765477319419,"HIGH LOW"
19,217,2,158.678214220868,21,3,3.50060404327436,0,0.25,0.765974154384286,"HIGH LOW"
19,218,3,148.561866115846,21,3,3.50010306901089,0,0.25,0.539562122436533,"HIGH LOW"
19,222,7,158.880371799617,21,3,3.4995011481726,0,0.25,0.769633411139461,"HIGH LOW"
19,227,12,157.647466126025,21,3,3.49887607327098,0,0.25,0.746695010613698,"HIGH LOW"
20,229,1,131.576149861294,21,2,2.49970026821533,0,0.25,0.172784485219378,"HIGH LOW"
20,240,12,124.06758957635,21,2,2.49900606377147,0,0.25,0.0887994809324378,"HIGH LOW"
14,155,4,185.774673643061,22,9,9.5005397060505,0,0.25,0.980864420551287,"HIGH LOW"
14,159,8,185.898196188988,22,9,9.50158258557927,0,0.25,0.981098403638876,"HIGH LOW"
14,160,9,187.122018190019,22,9,9.49910914774913,0,0.25,0.983270060929917,"HIGH LOW"
15,166,2,208.585378917503,22,8,8.5009961913993,0,0.25,0.998078853244037,"HIGH LOW"
15,169,5,184.367538860818,22,8,8.49985306859148,0,0.25,0.977990270212402,"HIGH LOW"
15,175,11,190.38065235366,22,8,8.49983947088656,0,0.25,0.98792584973399,"HIGH LOW"
15,176,12,217.045523683996,22,8,8.50186033513392,0,0.25,0.999185310623719,"HIGH LOW"
15,177,13,222.49495448537,22,8,8.5005425861435,0,0.25,0.999531348465265,"HIGH LOW"
16,182,5,172.599566219702,22,7,7.49998014103291,0,0.25,0.930809099509108,"HIGH LOW"
17,190,1,194.381316230279,22,6,6.50000269943656,0,0.25,0.991923903442964,"HIGH LOW"
17,191,2,169.491778609562,22,6,6.49911224681602,0,0.25,0.907513334388145,"HIGH LOW"
17,199,10,172.466975417415,22,6,6.49971026597734,0,0.25,0.929937038118294,"HIGH LOW"
17,202,13,200.61168721493,22,6,6.50162877634359,0,0.25,0.995693534960425,"HIGH LOW"
18,208,6,176.32110791165,22,5,5.50153507111098,0,0.25,0.951526110204962,"HIGH LOW"
18,213,11,194.834134974861,22,5,5.49984003545824,0,0.25,0.992284001839811,"HIGH LOW"
19,217,2,178.278323734332,22,4,4.50054665878832,0,0.25,0.959911924237845,"HIGH LOW"
19,218,3,165.354472041538,22,4,4.49900236816332,0,0.25,0.865712890715302,"HIGH LOW"
19,222,7,178.538578704156,22,4,4.50020663134692,0,0.25,0.960916491728151,"HIGH LOW"
19,225,10,163.670475648482,22,4,4.50074151420579,0,0.25,0.844564866196963,"HIGH LOW"
19,226,11,159.334908111712,22,4,4.49969750898386,0,0.25,0.777713750020219,"HIGH LOW"
20,229,1,155.101544392239,22,3,3.50065383737922,0,0.25,0.694781410580556,"HIGH LOW"
20,237,9,159.050117315883,22,3,3.50104634991181,0,0.25,0.772674870840916,"HIGH LOW"
21,243,3,126.132679396196,22,2,2.49853327269246,0,0.25,0.107291689138919,"HIGH LOW"
21,252,12,119.406018438843,22,2,2.49982176465042,0,0.25,0.0572333199948326,"HIGH LOW"
14,155,4,188.34806901348,23,10,10.4984277344776,0,0.25,0.985199275478635,"HIGH LOW"
14,159,8,188.477231989093,23,10,10.5013596911855,0,0.25,0.985389290882951,"HIGH LOW"
15,169,5,187.909734721495,23,9,9.50041628021508,0,0.25,0.984536105836039,"HIGH LOW"
16,182,5,176.767405062448,23,8,8.49897947565836,0,0.25,0.953573913972661,"HIGH LOW"
17,190,1,202.880377898313,23,7,7.50106896443413,0,0.25,0.996576517737165,"HIGH LOW"
17,191,2,175.327341387778,23,7,7.49960103202006,0,0.25,0.94665438817042,"HIGH LOW"
17,199,10,178.595066519425,23,7,7.49998678899008,0,0.25,0.96113131968117,"HIGH LOW"
17,202,13,209.852927583736,23,7,7.50004645910375,0,0.25,0.998310458703748,"HIGH LOW"
19,218,3,178.371415852681,23,5,5.50057679108695,0,0.25,0.960274064701961,"HIGH LOW"
19,222,7,194.232651188294,23,5,5.49841596672029,0,0.25,0.991802082558395,"HIGH LOW"
19,226,11,171.206703891163,23,5,5.49906957335282,0,0.25,0.921127382698253,"HIGH LOW"
20,232,4,179.132029123513,23,4,4.50081398926408,0,0.25,0.963117610502691,"HIGH LOW"
20,237,9,178.757166563479,23,4,4.50147171838199,0,0.25,0.961741526227315,"HIGH LOW"
20,238,10,150.440960723605,23,4,4.49998915147648,0,0.25,0.586464536976201,"HIGH LOW"
20,240,12,160.395302556175,23,4,4.5004596805731,0,0.25,0.795768950255943,"HIGH LOW"
21,241,1,150.099703370085,23,3,3.499900069037,0,0.25,0.57803700197488,"HIGH LOW"
21,247,7,155.721233360229,23,3,3.5007845475579,0,0.25,0.707958087862077,"HIGH LOW"
22,262,9,135.765700967489,23,2,2.49962630225582,0,0.25,0.242201939074758,"HIGH LOW"
14,155,4,190.282746914672,24,11,11.4998378965795,0,0.25,0.98780669802424,"HIGH LOW"
14,159,8,190.416523851213,24,11,11.4995740723021,0,0.25,0.987969217137617,"HIGH LOW"
15,169,5,190.581565734275,24,10,10.500180808726,0,0.25,0.988166772667137,"HIGH LOW"
17,190,1,209.534379420634,24,8,8.49975879393226,0,0.25,0.998255017571545,"HIGH LOW"
17,199,10,183.20866630029,24,8,8.49900389501098,0,0.25,0.975309878376494,"HIGH LOW"
17,202,13,217.16093607903,24,8,8.50147145788598,0,0.25,0.999194793872906,"HIGH LOW"
19,222,7,206.761968451737,24,6,6.49914648461766,0,0.25,0.997689031202354,"HIGH LOW"
20,232,4,194.951968722411,24,5,5.50023803630253,0,0.25,0.992375065869238,"HIGH LOW"
20,238,10,160.711566303834,24,5,5.49863453634331,0,0.25,0.80093811706007,"HIGH LOW"
20,240,12,172.465258028556,24,5,5.49923006273729,0,0.25,0.929925676301071,"HIGH LOW"
21,241,1,167.306371790692,24,4,4.49820166052989,0,0.25,0.887129940866536,"HIGH LOW"
21,247,7,174.480415414933,24,4,4.49991288488904,0,0.25,0.942141327785091,"HIGH LOW"
21,252,12,152.365929176115,24,4,4.49958356702155,0,0.25,0.632931925233808,"HIGH LOW"
22,262,9,161.017478472219,24,3,3.49868243612051,0,0.25,0.805843955471574,"HIGH LOW"
22,265,12,142.623168573189,24,3,3.50026552430032,0,0.25,0.390695393610843,"HIGH LOW"
23,271,5,119.423685639297,24,2,2.50017826500577,0,0.25,0.0573301857820414,"HIGH LOW"
23,272,6,138.012471338275,24,2,2.49911128653946,0,0.25,0.286483388908111,"HIGH LOW"
15,169,5,192.596892170653,25,11,11.4994117689377,0,0.25,0.990335275288565,"HIGH LOW"
17,190,1,214.743864654231,25,9,9.4980489956156,0,0.25,0.998971059023727,"HIGH LOW"
17,199,10,186.682064881297,25,9,9.49905173105804,0,0.25,0.982519160240542,"HIGH LOW"
17,202,13,222.940137358932,25,9,9.50053505979433,0,0.25,0.99955205084539,"HIGH LOW"
19,222,7,216.764712560805,25,7,7.49940585364094,0,0.25,0.999161768121809,"HIGH LOW"
20,232,4,207.59769867639,25,6,6.49953743349326,0,0.25,0.99787663695322,"HIGH LOW"
20,238,10,168.381811578977,25,6,6.49920509590549,0,0.25,0.897609959954473,"HIGH LOW"
20,240,12,181.710854390477,25,6,6.50008515500867,0,0.25,0.971370647477297,"HIGH LOW"
21,247,7,189.326057350261,25,5,5.50118200962636,0,0.25,0.986579562993818,"HIGH LOW"
21,252,12,162.973803683025,25,5,5.50016072256461,0,0.25,0.835051250341236,"HIGH LOW"
21,253,13,162.876620493811,25,5,5.500301257022,0,0.25,0.833687633047566,"HIGH LOW"
22,259,6,174.643480951796,25,4,4.49912096521705,0,0.25,0.943037257283393,"HIGH LOW"
22,265,12,157.860264629899,25,4,4.50121962184194,0,0.25,0.750759768140168,"HIGH LOW"
23,267,1,148.772340843016,25,3,3.49984310584829,0,0.25,0.54486648845559,"HIGH LOW"
23,268,2,152.403992626258,25,3,3.49875257616039,0,0.25,0.633829339007568,"HIGH LOW"
23,269,3,148.032100998346,25,3,3.50246886406539,0,0.25,0.526173969705269,"HIGH LOW"
23,274,8,145.337278416684,25,3,3.50156919582652,0,0.25,0.457894933508714,"HIGH LOW"
17,190,1,218.822423444462,26,10,10.5010468434578,0,0.25,0.999319703629947,"HIGH LOW"
17,199,10,189.297050635496,26,10,10.4994674621366,0,0.25,0.986540512694326,"HIGH LOW"
20,240,12,188.792989223796,26,7,7.50053417389436,0,0.25,0.985843749351857,"HIGH LOW"
21,247,7,201.074601813942,26,6,6.49972052867391,0,0.25,0.99589044678918,"HIGH LOW"
22,259,6,189.522799754431,26,5,5.5002086870553,0,0.25,0.986841493535833,"HIGH LOW"
22,261,8,168.955047700476,26,5,5.50112732982011,0,0.25,0.902836663845697,"HIGH LOW"
23,267,1,165.621345090409,26,4,4.50030085754913,0,0.25,0.868831843075062,"HIGH LOW"
23,268,2,170.239679121513,26,4,4.50004126448537,0,0.25,0.913692682777149,"HIGH LOW"
23,269,3,164.68313481554,26,4,4.50080799864043,0,0.25,0.857589368616062,"HIGH LOW"
23,271,5,152.396038515026,26,4,4.50020757654067,0,0.25,0.633641883147976,"HIGH LOW"
23,272,6,185.431110137846,26,4,4.50346053980574,0,0.25,0.980198589563646,"HIGH LOW"
23,275,9,150.303708369503,26,4,4.49935378130801,0,0.25,0.583080808930527,"HIGH LOW"
24,279,2,168.045737856381,26,3,3.50029713906936,0,0.25,0.894431078319379,"HIGH LOW"
24,282,5,154.664135651021,26,3,3.50167321926766,0,0.25,0.68528296833575,"HIGH LOW"
24,283,6,140.272356808774,26,3,3.50197484390638,0,0.25,0.335575649065215,"HIGH LOW"
24,284,7,148.913972202256,26,3,3.49945148966601,0,0.25,0.54843022265784,"HIGH LOW"
24,287,10,150.009045928007,26,3,3.5009336354006,0,0.25,0.575790291914004,"HIGH LOW"
25,289,1,126.41333798505,26,2,2.50156035630472,0,0.25,0.110051734683405,"HIGH LOW"
25,293,5,137.996182075585,26,2,2.49914175831967,0,0.25,0.286145436079469,"HIGH LOW"
25,294,6,134.734327957888,26,2,2.49966484996186,0,0.25,0.22350388247301,"HIGH LOW"
26,306,5,94.6053036413908,26,1,1.49940065250704,0,0.25,0.00487010321675902,"HIGH LOW"
17,190,1,222.015568459652,27,11,11.4977860375647,0,0.25,0.999507984940536,"HIGH LOW"
20,240,12,194.217910649513,27,8,8.50158065136328,0,0.25,0.991789904833068,"HIGH LOW"
21,247,7,210.372165207723,27,7,7.49940334484693,0,0.25,0.998397084101833,"HIGH LOW"
22,259,6,201.302202899863,27,6,6.50066658546546,0,0.25,0.995983948050917,"HIGH LOW"
22,261,8,177.715357445587,27,6,6.50259277671263,0,0.25,0.957653623779981,"HIGH LOW"
23,267,1,178.690191045697,27,5,5.5000958376131,0,0.25,0.961490527933535,"HIGH LOW"
23,268,2,184.221797795416,27,5,5.50041521157122,0,0.25,0.977669487867566,"HIGH LOW"
23,272,6,202.615016196485,27,5,5.50034510883641,0,0.25,0.996483354488042,"HIGH LOW"
23,274,8,173.512488275116,27,5,5.50205604619087,0,0.25,0.936545559709304,"HIGH LOW"
23,275,9,160.550463776572,27,5,5.50081209004709,0,0.25,0.798317356533684,"HIGH LOW"
24,279,2,190.418508333668,27,4,4.49893669333117,0,0.25,0.987971611811769,"HIGH LOW"
24,280,3,158.821567843001,27,4,4.50109713176252,0,0.25,0.768573149783498,"HIGH LOW"
24,282,5,173.126737902414,27,4,4.50080655587456,0,0.25,0.934177813982157,"HIGH LOW"
24,283,6,154.912977687751,27,4,4.4988646689741,0,0.25,0.690706312830033,"HIGH LOW"
24,284,7,165.800976265189,27,4,4.50062359029048,0,0.25,0.870896399645159,"HIGH LOW"
25,289,1,147.887667177777,27,3,3.50034598220998,0,0.25,0.52251650050395,"HIGH LOW"
25,293,5,164.189455662569,27,3,3.49846398615949,0,0.25,0.851357282317255,"HIGH LOW"
25,294,6,159.556000443867,27,3,3.50078862681904,0,0.25,0.781570251050541,"HIGH LOW"
25,297,9,152.561880882198,27,3,3.5016861106842,0,0.25,0.637541871451852,"HIGH LOW"
25,299,11,142.540307654446,27,3,3.50002844021079,0,0.25,0.38869449395343,"HIGH LOW"
21,247,7,217.730071144804,28,8,8.49997863077115,0,0.25,0.999239970021645,"HIGH LOW"
22,259,6,210.627518144675,28,7,7.4992868516821,0,0.25,0.998438044064378,"HIGH LOW"
22,261,8,184.376783402096,28,7,7.49883666657882,0,0.25,0.978010465234671,"HIGH LOW"
23,267,1,188.826976109983,28,6,6.50110348161975,0,0.25,0.985891827124356,"HIGH LOW"
23,272,6,216.531530813145,28,6,6.49949807944814,0,0.25,0.999141703009963,"HIGH LOW"
23,274,8,182.905283281713,28,6,6.4997123338674,0,0.25,0.974557160251005,"HIGH LOW"
23,275,9,168.200105284737,28,6,6.49694654677483,0,0.25,0.895901892479248,"HIGH LOW"
24,279,2,208.718240843417,28,5,5.50199981723514,0,0.25,0.998104546296423,"HIGH LOW"
24,280,3,170.59798509359,28,5,5.49852818636947,0,0.25,0.916518680139588,"HIGH LOW"
24,282,5,187.694161132762,28,5,5.50108301612987,0,0.25,0.984199312444996,"HIGH LOW"
24,284,7,178.904811192443,28,5,5.49836930200179,0,0.25,0.962289303977311,"HIGH LOW"
24,285,8,166.984947980633,28,5,5.49912879511909,0,0.25,0.883820677195613,"HIGH LOW"
25,289,1,164.500198202535,28,4,4.49836506125319,0,0.25,0.855305828888487,"HIGH LOW"
25,290,2,175.919606955227,28,4,4.4966664933725,0,0.25,0.949610854169592,"HIGH LOW"
25,293,5,185.400978081005,28,4,4.49965593658196,0,0.25,0.980139121788091,"HIGH LOW"
25,294,6,179.408935014264,28,4,4.49913870416774,0,0.25,0.964103410134931,"HIGH LOW"
25,297,9,170.441042904037,28,4,4.50063770029477,0,0.25,0.915291360422093,"HIGH LOW"
25,299,11,157.756192381644,28,4,4.5006969837098,0,0.25,0.748777297050676,"HIGH LOW"
25,300,12,158.299519649477,28,4,4.50018485737663,0,0.25,0.759011388911705,"HIGH LOW"
26,304,3,154.362553888054,28,3,3.49997453056189,0,0.25,0.678641919892585,"HIGH LOW"
22,259,6,218.010023297225,29,8,8.50144059042948,0,0.25,0.999261253397949,"HIGH LOW"
22,261,8,189.442197418857,29,8,8.49831604903396,0,0.25,0.986734800144409,"HIGH LOW"
23,267,1,196.689522794754,29,7,7.50087881914431,0,0.25,0.993600373389695,"HIGH LOW"
23,272,6,227.80192407617,29,7,7.50160040730013,0,0.25,0.999726520819871,"HIGH LOW"
24,279,2,223.686445620215,29,6,6.49990761719237,0,0.25,0.999584726238766,"HIGH LOW"
24,282,5,199.188197384129,29,6,6.50072303407649,0,0.25,0.995027223766121,"HIGH LOW"
24,284,7,189.073014454598,29,6,6.49999038091652,0,0.25,0.986235104636824,"HIGH LOW"
24,285,8,175.47839154614,29,6,6.49955983497122,0,0.25,0.947423594099863,"HIGH LOW"
24,288,11,168.559823164609,29,6,6.49967611825904,0,0.25,0.899259172475775,"HIGH LOW"
25,289,1,177.351644437326,29,5,5.5012130174578,0,0.25,0.956130481615106,"HIGH LOW"
25,290,2,191.063678162156,29,5,5.5005752811645,0,0.25,0.988725687852048,"HIGH LOW"
25,293,5,202.57823856407,29,5,5.49846437193103,0,0.25,0.996470244799863,"HIGH LOW"
25,294,6,195.287760717049,29,5,5.50072960569119,0,0.25,0.992628762978317,"HIGH LOW"
25,297,9,184.463627218105,29,5,5.50026532502042,0,0.25,0.978199296353405,"HIGH LOW"
25,299,11,169.335813305327,29,5,5.49841349992268,0,0.25,0.906175608208384,"HIGH LOW"
25,300,12,169.97930991783,29,5,5.49920757187826,0,0.25,0.911585063689551,"HIGH LOW"
26,304,3,172.74093648564,29,4,4.49938627674588,0,0.25,0.931727828785883,"HIGH LOW"
26,305,4,165.864642727473,29,4,4.50047505537291,0,0.25,0.871621467450734,"HIGH LOW"
26,308,7,142.282902288241,29,4,4.50103454776202,0,0.25,0.382502896804795,"HIGH LOW"
27,324,11,151.729103766565,29,3,3.49939058508117,0,0.25,0.617784983717588,"HIGH LOW"
28,337,11,130.787499249305,29,2,2.49896214312092,0,0.25,0.161637587641543,"HIGH LOW"
22,261,8,193.293988210906,30,9,9.49905755047837,0,0.25,0.990989726467911,"HIGH LOW"
23,267,1,202.78806784411,30,8,8.50056070720416,0,0.25,0.996544391852837,"HIGH LOW"
23,272,6,236.929336205006,30,8,8.49843958494304,0,0.25,0.999891726236369,"HIGH LOW"
24,282,5,208.257259719911,30,7,7.49975178049197,0,0.25,0.998013901978467,"HIGH LOW"
24,284,7,196.963251026904,30,7,7.4986823263474,0,0.25,0.993774692773511,"HIGH LOW"
24,285,8,181.90980921143,30,7,7.49913725640689,0,0.25,0.97192709623368,"HIGH LOW"
24,288,11,174.305221873396,30,7,7.49891204224547,0,0.25,0.941164034895004,"HIGH LOW"
25,289,1,187.293517236816,30,6,6.49879988308785,0,0.25,0.983554103380208,"HIGH LOW"
25,290,2,203.086064184807,30,6,6.49900682695645,0,0.25,0.996647034503293,"HIGH LOW"
25,293,5,216.488521469865,30,6,6.49986370356192,0,0.25,0.999137950006123,"HIGH LOW"
25,294,6,207.988004341252,30,6,6.50023117974645,0,0.25,0.997958969114979,"HIGH LOW"
25,297,9,195.461506794618,30,6,6.49999406989528,0,0.25,0.99275672401552,"HIGH LOW"
25,299,11,178.148157979344,30,6,6.49834480507856,0,0.25,0.95940025497434,"HIGH LOW"
25,300,12,178.879929798071,30,6,6.50043373327665,0,0.25,0.962197522140437,"HIGH LOW"
26,304,3,187.229507896061,30,5,5.49965146080538,0,0.25,0.983448647896755,"HIGH LOW"
26,305,4,178.980889148876,30,5,5.50112782356175,0,0.25,0.962568611990544,"HIGH LOW"
26,308,7,151.181941740676,30,5,5.50104404069735,0,0.25,0.604584059554131,"HIGH LOW"
26,311,10,170.041701625075,30,5,5.50144848250926,0,0.25,0.91209430304301,"HIGH LOW"
27,317,4,151.880451400298,30,4,4.50118009107694,0,0.25,0.621406841652615,"HIGH LOW"
27,318,5,162.43246666703,30,4,4.5007507429889,0,0.25,0.827340522249321,"HIGH LOW"
27,324,11,169.379497606481,30,4,4.50029782571102,0,0.25,0.906552030793775,"HIGH LOW"
28,330,4,141.535636044493,30,3,3.49921272154292,0,0.25,0.364749204062772,"HIGH LOW"
28,335,9,153.939612887081,30,3,3.49833902190912,0,0.25,0.669205843506935,"HIGH LOW"
28,338,12,167.545085065538,30,3,3.49824888016479,0,0.25,0.889534138186024,"HIGH LOW"
22,261,8,196.222927929678,31,10,10.5003583391294,0,0.25,0.993291980801821,"HIGH LOW"
23,272,6,244.321239062818,31,9,9.49890436177848,0,0.25,0.999948878633255,"HIGH LOW"
24,284,7,203.085850227755,31,8,8.49935479932773,0,0.25,0.996646961908359,"HIGH LOW"
24,288,11,178.597505449493,31,8,8.49885921906327,0,0.25,0.961140569577001,"HIGH LOW"
25,289,1,194.984545386913,31,7,7.49882084875394,0,0.25,0.99240005297848,"HIGH LOW"
25,290,2,212.630245779219,31,7,7.50100893418499,0,0.25,0.998725078532529,"HIGH LOW"
25,293,5,227.753179807557,31,7,7.50135071858909,0,0.25,0.999725164356273,"HIGH LOW"
25,294,6,218.145946189926,31,7,7.50118772640902,0,0.25,0.999271371121298,"HIGH LOW"
25,297,9,204.087117628573,31,7,7.49889693678933,0,0.25,0.996970099021049,"HIGH LOW"
25,299,11,184.854544929788,31,7,7.50196272212539,0,0.25,0.979029846978731,"HIGH LOW"
25,300,12,185.662674387861,31,7,7.49905122326374,0,0.25,0.980649812059174,"HIGH LOW"
26,304,3,198.651552268043,31,6,6.50122165327464,0,0.25,0.994750217181234,"HIGH LOW"
26,305,4,189.160240467136,31,6,6.49840386225747,0,0.25,0.986354815887927,"HIGH LOW"
26,308,7,157.680146343933,31,6,6.49917410693508,0,0.25,0.747322087436935,"HIGH LOW"
26,311,10,178.95090285217,31,6,6.50082197879473,0,0.25,0.962458760299758,"HIGH LOW"
27,314,1,152.509706802522,31,5,5.50128024452506,0,0.25,0.636316856346392,"HIGH LOW"
27,317,4,162.40277966674,31,5,5.50108492563347,0,0.25,0.826909525511768,"HIGH LOW"
27,318,5,174.887405988776,31,5,5.49926790175829,0,0.25,0.944353146814489,"HIGH LOW"
27,324,11,183.189361858695,31,5,5.50098711922541,0,0.25,0.975262635938354,"HIGH LOW"
28,327,1,172.098465550453,31,4,4.5016457000129,0,0.25,0.92745968872674,"HIGH LOW"
28,330,4,156.495423070405,31,4,4.49946303473028,0,0.25,0.72394052110028,"HIGH LOW"
28,335,9,172.200178931761,31,4,4.50093342175316,0,0.25,0.928151424617289,"HIGH LOW"
28,338,12,189.765538106212,31,4,4.49935857347453,0,0.25,0.987157717898687,"HIGH LOW"
29,343,5,153.987715969373,31,3,3.50018845742329,0,0.25,0.670286121184834,"HIGH LOW"
29,348,10,158.518179614397,31,3,3.50080732806641,0,0.25,0.763048872097897,"HIGH LOW"
29,349,11,139.392804481993,31,3,3.49860214634682,0,0.25,0.315965212367845,"HIGH LOW"
30,355,6,140.141043689773,31,2,2.50100305980051,0,0.25,0.332609511953426,"HIGH LOW"
22,261,8,198.450122587785,32,11,11.4990587483651,0,0.25,0.994642326264751,"HIGH LOW"
23,272,6,250.307626780177,32,10,10.5003365767371,0,0.25,0.999972161675636,"HIGH LOW"
24,284,7,207.836813095692,32,9,9.50075793148897,0,0.25,0.997927461363931,"HIGH LOW"
24,288,11,181.804192962658,32,9,9.4994738049506,0,0.25,0.971633022960763,"HIGH LOW"
25,289,1,200.934321168456,32,8,8.5001565721879,0,0.25,0.995831741207695,"HIGH LOW"
25,290,2,220.207061407622,32,8,8.49977123968809,0,0.25,0.999408872233525,"HIGH LOW"
25,293,5,236.87539021293,32,8,8.49925555414002,0,0.25,0.999891131629927,"HIGH LOW"
25,299,11,189.958252012616,32,8,8.5000432961048,0,0.25,0.987403422065626,"HIGH LOW"
26,304,3,207.656104472665,32,7,7.49954199348946,0,0.25,0.997889164903115,"HIGH LOW"
26,311,10,185.741075815467,32,7,7.50103608230349,0,0.25,0.98080028794081,"HIGH LOW"
27,314,1,159.165479657288,32,6,6.50014846567498,0,0.25,0.774725669615036,"HIGH LOW"
27,318,5,184.475139527865,32,6,6.49940474686494,0,0.25,0.978224209131076,"HIGH LOW"
27,324,11,193.994353089728,32,6,6.50008469681082,0,0.25,0.991603001026002,"HIGH LOW"
28,327,1,186.456161117892,32,5,5.50053149939268,0,0.25,0.982120828084281,"HIGH LOW"
28,330,4,167.844165152746,32,5,5.50055211140493,0,0.25,0.892482920976251,"HIGH LOW"
28,338,12,207.91739484349,32,5,5.50127577834478,0,0.25,0.997944314268985,"HIGH LOW"
29,349,11,153.813089573161,32,4,4.50045165958943,0,0.25,0.666355929730068,"HIGH LOW"
30,351,2,155.396669333891,32,3,3.49914788172691,0,0.25,0.701098396620694,"HIGH LOW"
30,356,7,135.600616877527,32,3,3.49891755697116,0,0.25,0.239138860086364,"HIGH LOW"
30,358,9,155.186010761578,32,3,3.50033664387164,0,0.25,0.696597009999832,"HIGH LOW"
30,360,11,145.883094976361,32,3,3.49965733541534,0,0.25,0.471679837388227,"HIGH LOW"
30,361,12,144.490411769822,32,3,3.50037394903491,0,0.25,0.436641312616129,"HIGH LOW"
31,368,7,140.811021666387,32,2,2.49932423415055,0,0.25,0.347877574894912,"HIGH LOW"
22,261,8,200.143703378577,33,12,12.5024769915386,0,0.25,0.995484917938807,"HIGH LOW"
23,272,6,255.155747567462,33,11,11.500848214599,0,0.25,0.999982983503899,"HIGH LOW"
24,284,7,211.52342517531,33,10,10.5010857081827,0,0.25,0.998573660904295,"HIGH LOW"
24,288,11,184.199851270128,33,10,10.4988372040715,0,0.25,0.977620788491512,"HIGH LOW"
25,290,2,226.222049125419,33,9,9.50019239592037,0,0.25,0.999678953370713,"HIGH LOW"
25,293,5,244.262629149549,33,9,9.4988173129769,0,0.25,0.999948573528763,"HIGH LOW"
25,299,11,193.842284678755,33,9,9.500403940032,0,0.25,0.991473460456963,"HIGH LOW"
26,304,3,214.754830214323,33,8,8.4990002013208,0,0.25,0.998972202790579,"HIGH LOW"
26,311,10,190.916225382331,33,8,8.49920614548769,0,0.25,0.988557573587541,"HIGH LOW"
27,314,1,164.041419859241,33,7,7.50006918668471,0,0.25,0.849445148833367,"HIGH LOW"
27,318,5,191.855716184396,33,7,7.49975007144663,0,0.25,0.989587771771827,"HIGH LOW"
28,327,1,197.758853313846,33,6,6.50062228125298,0,0.25,0.994255018905895,"HIGH LOW"
28,338,12,222.745621001057,33,6,6.50129502216886,0,0.25,0.999543120122824,"HIGH LOW"
29,339,1,178.255178857664,33,5,5.49975138083537,0,0.25,0.959821397794978,"HIGH LOW"
29,346,8,172.885445384637,33,5,5.49910632092496,0,0.25,0.932655260302877,"HIGH LOW"
29,349,11,164.677911691728,33,5,5.49971997973477,0,0.25,0.857524588900474,"HIGH LOW"
30,351,2,174.064564184597,33,4,4.50151588184613,0,0.25,0.939796313566765,"HIGH LOW"
30,353,4,157.231811093143,33,4,4.50070106327304,0,0.25,0.738630005130493,"HIGH LOW"
30,358,9,173.79476334419,33,4,4.49878790930264,0,0.25,0.938227609007217,"HIGH LOW"
30,361,12,160.209104676114,33,4,4.49750951271187,0,0.25,0.792679293484973,"HIGH LOW"
31,365,4,138.392779548325,33,3,3.50055193327812,0,0.25,0.294441038940256,"HIGH LOW"
31,368,7,168.214446951241,33,3,3.49841673713787,0,0.25,0.896037616618808,"HIGH LOW"
31,369,8,163.569149670578,33,3,3.50082621842071,0,0.25,0.843209533358379,"HIGH LOW"
22,261,8,201.431518920206,34,13,13.4992216303499,0,0.25,0.996036125558665,"HIGH LOW"
25,290,2,230.997152416783,34,10,10.5008777560456,0,0.25,0.999802274020032,"HIGH LOW"
25,299,11,196.798118449545,34,10,10.5002269096757,0,0.25,0.993670103733696,"HIGH LOW"
26,304,3,220.351100413014,34,9,9.50001553793263,0,0.25,0.999417449346596,"HIGH LOW"
26,311,10,194.860480290736,34,9,9.49950472135012,0,0.25,0.992304455183162,"HIGH LOW"
27,314,1,167.613475782994,34,8,8.50005149938666,0,0.25,0.890214621622204,"HIGH LOW"
28,327,1,206.656579991252,34,7,7.50131818866344,0,0.25,0.997664228344476,"HIGH LOW"
28,338,12,234.858778027487,34,7,7.50130673969978,0,0.25,0.999866397866058,"HIGH LOW"
30,351,2,188.824480934284,34,5,5.50071167612217,0,0.25,0.985888302935343,"HIGH LOW"
30,358,9,188.499183703385,34,5,5.50043404431841,0,0.25,0.985421344893223,"HIGH LOW"
30,361,12,172.244153763008,34,5,5.49941016264965,0,0.25,0.928448601892683,"HIGH LOW"
31,369,8,184.59645858908,34,4,4.50020554681456,0,0.25,0.978485058447741,"HIGH LOW"
33,388,6,123.224185780047,34,2,2.49954203291428,0,0.25,0.0821102091689114,"HIGH LOW"
22,261,8,202.410786563223,35,14,14.5001589684216,0,0.25,0.996409936836404,"HIGH LOW"
25,299,11,199.047572568895,35,11,11.4988276455834,0,0.25,0.994956074002536,"HIGH LOW"
26,304,3,224.762911951664,35,10,10.4999026000367,0,0.25,0.999627705660131,"HIGH LOW"
26,311,10,197.866605346926,35,10,10.5015251469205,0,0.25,0.994317173048993,"HIGH LOW"
27,314,1,170.230321559181,35,9,9.50049723927054,0,0.25,0.913617730341094,"HIGH LOW"
28,327,1,213.661065175247,35,8,8.49937672969165,0,0.25,0.998851622891973,"HIGH LOW"
28,338,12,244.753998911483,35,8,8.49907711587213,0,0.25,0.9999510761207,"HIGH LOW"
30,351,2,200.494524300177,35,6,6.49947200514463,0,0.25,0.995642224646989,"HIGH LOW"
30,361,12,181.458813492505,35,6,6.50012630099931,0,0.25,0.970650338825662,"HIGH LOW"
31,366,5,170.815188341604,35,5,5.49951196681518,0,0.25,0.918190590687683,"HIGH LOW"
31,369,8,201.596711509174,35,5,5.50128243053438,0,0.25,0.996101797785756,"HIGH LOW"
32,376,5,168.204476701416,35,4,4.50187445489201,0,0.25,0.895943278506583,"HIGH LOW"
32,379,8,164.253494254433,35,4,4.50187673907593,0,0.25,0.85217821827084,"HIGH LOW"
33,389,7,147.239279613788,35,3,3.49943742238842,0,0.25,0.506073358364377,"HIGH LOW"
33,394,12,143.489282637228,35,3,3.50008250131675,0,0.25,0.411818832095601,"HIGH LOW"
25,299,11,200.759456330787,36,12,12.5018574981409,0,0.25,0.995757392008368,"HIGH LOW"
26,304,3,228.240957214224,36,11,11.5012086668332,0,0.25,0.999738440618162,"HIGH LOW"
26,311,10,200.157732077654,36,11,11.4996582987205,0,0.25,0.995491315520244,"HIGH LOW"
27,314,1,172.1473917178,36,10,10.4996833371051,0,0.25,0.927793190463951,"HIGH LOW"
28,338,12,252.837390890091,36,9,9.49957545928683,0,0.25,0.999978467423292,"HIGH LOW"
30,361,12,188.514036393332,36,7,7.49973599146052,0,0.25,0.985442993563222,"HIGH LOW"
31,366,5,179.831103571074,36,6,6.49905781837443,0,0.25,0.965557687883021,"HIGH LOW"
31,369,8,215.34115215383,36,6,6.50071298421174,0,0.25,0.999031545114504,"HIGH LOW"
32,376,5,181.780628631643,36,5,5.4988280287294,0,0.25,0.971567004540607,"HIGH LOW"
32,379,8,177.057329578076,36,5,5.50142323522885,0,0.25,0.954859836413156,"HIGH LOW"
33,383,1,140.217785612249,36,4,4.499668268536,0,0.25,0.334341386862049,"HIGH LOW"
33,388,6,158.929946928745,36,4,4.50345395732857,0,0.25,0.770524624894627,"HIGH LOW"
33,389,7,163.679467682374,36,4,4.50063611171474,0,0.25,0.844684680335096,"HIGH LOW"
33,390,8,174.417604327302,36,4,4.49971908952748,0,0.25,0.941792709451065,"HIGH LOW"
33,394,12,158.948907632532,36,4,4.49996513349609,0,0.25,0.770864841394383,"HIGH LOW"
34,399,4,145.406255370743,36,3,3.4989472921213,0,0.25,0.459633871856131,"HIGH LOW"
34,401,6,145.667455282171,36,3,3.49971998638607,0,0.25,0.466227393244005,"HIGH LOW"
34,404,9,146.78753404035,36,3,3.50040486289894,0,0.25,0.494607165568631,"HIGH LOW"
36,419,2,105.460872794071,36,1,1.49992103165669,0,0.25,0.0145205070236951,"HIGH LOW"
25,299,11,202.062237298408,37,13,13.5001968443288,0,0.25,0.996281094080973,"HIGH LOW"
26,304,3,230.982869179965,37,12,12.5011192113075,0,0.25,0.99980198712444,"HIGH LOW"
26,311,10,201.903920808375,37,12,12.500295585466,0,0.25,0.99622106015049,"HIGH LOW"
28,338,12,259.440702392264,37,10,10.500879542423,0,0.25,0.999988986436266,"HIGH LOW"
30,361,12,193.915882108916,37,8,8.50002486193304,0,0.25,0.991536400503007,"HIGH LOW"
31,369,8,226.453319103487,37,7,7.50070441708715,0,0.25,0.99968640183564,"HIGH LOW"
32,376,5,192.374240971311,37,6,6.4993179445656,0,0.25,0.99011648727538,"HIGH LOW"
32,379,8,186.956585893064,37,6,6.49928987142965,0,0.25,0.982991499199539,"HIGH LOW"
33,389,7,176.372840260915,37,5,5.50195248952711,0,0.25,0.951767804040498,"HIGH LOW"
33,390,8,189.250283597003,37,5,5.50189052576268,0,0.25,0.986477316408689,"HIGH LOW"
34,396,1,156.708523375055,37,4,4.49968338288535,0,0.25,0.72824358813693,"HIGH LOW"
34,401,6,161.693267993864,37,4,4.50003450526423,0,0.25,0.816354653014413,"HIGH LOW"
34,403,8,179.133209565604,37,4,4.50083671723144,0,0.25,0.963121867697418,"HIGH LOW"
34,404,9,163.108133472436,37,4,4.50052904576764,0,0.25,0.836921296276735,"HIGH LOW"
35,412,6,150.960343911821,37,3,3.5000462656834,0,0.25,0.59919285643322,"HIGH LOW"
35,413,7,151.247040136977,37,3,3.4985672526001,0,0.25,0.606163066461786,"HIGH LOW"
35,414,8,153.650991592712,37,3,3.50104741129514,0,0.25,0.662686887541371,"HIGH LOW"
37,432,3,97.7462113369812,37,1,1.50098918087389,0,0.25,0.00668717376525619,"HIGH LOW"
28,338,12,264.834938241535,38,11,11.499705893124,0,0.25,0.999993630999002,"HIGH LOW"
32,376,5,200.640546694755,38,7,7.50035500878159,0,0.25,0.995706081068418,"HIGH LOW"
32,379,8,194.610173518398,38,7,7.50180768682018,0,0.25,0.992107935626411,"HIGH LOW"
33,390,8,200.986953120503,38,6,6.4999317527223,0,0.25,0.995853864229179,"HIGH LOW"
34,396,1,168.096136178785,38,5,5.49950664305014,0,0.25,0.894913278086572,"HIGH LOW"
34,401,6,174.007862156316,38,5,5.50123242394159,0,0.25,0.939469755978646,"HIGH LOW"
34,403,8,194.953399983622,38,5,5.49955933694841,0,0.25,0.992376165392262,"HIGH LOW"
34,404,9,175.692002984631,38,5,5.50088818531455,0,0.25,0.948493518880368,"HIGH LOW"
35,408,2,165.14517190569,38,4,4.50217696035065,0,0.25,0.863223149630272,"HIGH LOW"
35,412,6,168.40074496088,38,4,4.49935906912592,0,0.25,0.897786501194695,"HIGH LOW"
35,413,7,168.76562081372,38,4,4.50034887188814,0,0.25,0.901136376979056,"HIGH LOW"
36,418,1,159.141548952687,38,3,3.49930720503254,0,0.25,0.77430133400429,"HIGH LOW"
36,425,8,154.132458769589,38,3,3.49962632498632,0,0.25,0.673525827992975,"HIGH LOW"
28,338,12,269.241481895881,39,12,12.4992928656522,0,0.25,0.999995928391758,"HIGH LOW"
32,376,5,207.09083089645,39,8,8.50003954601118,0,0.25,0.997764751213334,"HIGH LOW"
32,379,8,200.52752747659,39,8,8.50097147178238,0,0.25,0.995656739322919,"HIGH LOW"
34,396,1,176.739611467311,39,6,6.49927503516303,0,0.25,0.953448824238514,"HIGH LOW"
34,403,8,207.599362064341,39,6,6.50132624986726,0,0.25,0.997876994771649,"HIGH LOW"
35,408,2,178.121477447628,39,5,5.49986161806559,0,0.25,0.959294606623793,"HIGH LOW"
35,410,4,163.585627727479,39,5,5.50122026639051,0,0.25,0.843430596487946,"HIGH LOW"
35,412,6,182.015806842334,39,5,5.50030033898623,0,0.25,0.972219253969032,"HIGH LOW"
35,413,7,182.453155317574,39,5,5.50001141313719,0,0.25,0.973393767144491,"HIGH LOW"
36,418,1,178.874929204856,39,4,4.5014992248172,0,0.25,0.962179050200521,"HIGH LOW"
36,425,8,172.446702350707,39,4,4.49925761464217,0,0.25,0.929802807867113,"HIGH LOW"
37,439,10,155.917113271521,39,3,3.50017550216994,0,0.25,0.712052960881759,"HIGH LOW"
37,441,12,160.669574198988,39,3,3.49841835955782,0,0.25,0.800257479043127,"HIGH LOW"
38,444,3,127.76215080687,39,2,2.50118246168214,0,0.25,0.124197824235061,"HIGH LOW"
38,448,7,121.386506432388,39,2,2.49857470104127,0,0.25,0.0690998844321425,"HIGH LOW"
28,338,12,272.841181189763,40,13,13.4986402261636,0.637158456534393,0.25,0.999997174873106,"HIGH LOW"
32,376,5,212.124054645317,40,9,9.49860658082758,0.637158456534393,0.25,0.998657931423679,"HIGH LOW"
32,379,8,205.102516302828,40,9,9.50090507107418,0.637158456534393,0.25,0.997266095115711,"HIGH LOW"
34,396,1,183.300219590454,40,7,7.50033252567017,0.637158456534393,0.25,0.975532735560259,"HIGH LOW"
34,403,8,217.707986089803,40,7,7.50073258406166,0.637158456534393,0.25,0.999238265157269,"HIGH LOW"
35,410,4,171.627967255876,40,6,6.50206960053574,0.637158456534393,0.25,0.924179393712438,"HIGH LOW"
35,412,6,192.644571026963,40,6,6.49930049115452,0.637158456534393,0.25,0.990381499724759,"HIGH LOW"
36,418,1,194.640283485422,40,5,5.50030335529019,0.637158456534393,0.25,0.992131836356401,"HIGH LOW"
36,425,8,186.875268654788,40,5,5.50007499515096,0.637158456534393,0.25,0.98285290794816,"HIGH LOW"
36,429,12,176.746754785092,40,5,5.49861272642996,0.637158456534393,0.25,0.953481004513333,"HIGH LOW"
37,430,1,160.353727669446,40,4,4.49884170759911,0.637158456534393,0.25,0.795082061663743,"HIGH LOW"
37,439,10,174.73148608362,40,4,4.50248553920482,0.637158456534393,0.25,0.943515351593342,"HIGH LOW"
37,441,12,180.84534079361,40,4,4.49967535943135,0.637158456534393,0.25,0.968822899291584,"HIGH LOW"
38,445,4,160.136135668551,40,3,3.50059905209313,0.637158456534393,0.25,0.79145911337844,"HIGH LOW"
38,447,6,155.044245505763,40,3,3.49839519756159,0.637158456534393,0.25,0.693546313487901,"HIGH LOW"
38,448,7,140.94600161239,40,3,3.49924918589806,0.637158456534393,0.25,0.350993083359406,"HIGH LOW"
38,449,8,153.457413679049,40,3,3.49945140066856,0.637158456534393,0.25,0.658279524447948,"HIGH LOW"
38,450,9,141.208419534084,40,3,3.49980614983448,0.637158456534393,0.25,0.357086316262959,"HIGH LOW"
38,453,12,172.231618200963,40,3,3.49793985871864,0.637158456534393,0.25,0.928364003678561,"HIGH LOW"
39,466,12,141.027451109799,40,2,2.49971468462274,0.637158456534393,0.25,0.352879223096414,"HIGH LOW"
32,379,8,208.639658564063,41,10,10.498953945557,0.587389548576503,0.25,0.998089391660892,"HIGH LOW"
35,410,4,177.672843911306,41,7,7.49908486385612,0.587389548576503,0.25,0.957478229839883,"HIGH LOW"
35,412,6,200.942045476664,41,7,7.49989608110641,0.587389548576503,0.25,0.995834995345373,"HIGH LOW"
38,448,7,155.756422065132,41,4,4.5007184180457,0.587389548576503,0.25,0.708696225848566,"HIGH LOW"
39,456,2,146.259257727991,41,3,3.49882311157491,0.587389548576503,0.25,0.481206526648319,"HIGH LOW"
39,466,12,168.52493417737,41,3,3.49828142776819,0.587389548576503,0.25,0.898937808253136,"HIGH LOW"
40,469,3,119.904206549641,41,2,2.50168884948459,0.587389548576503,0.25,0.0600245361116995,"HIGH LOW"
32,379,8,211.374392101433,42,11,11.499268146729,0.547301159739119,0.25,0.998551945365248,"HIGH LOW"
35,412,6,207.4195701491,42,8,8.50007170780969,0.547301159739119,0.25,0.997837968613859,"HIGH LOW"
38,448,7,166.970850247883,42,5,5.50034593750642,0.547301159739119,0.25,0.883673620290576,"HIGH LOW"
39,456,2,162.440516388953,42,4,4.49960384179438,0.547301159739119,0.25,0.827457241894497,"HIGH LOW"
39,457,3,151.856786890661,42,4,4.49978326695504,0.547301159739119,0.25,0.620841413591519,"HIGH LOW"
39,464,10,181.1739130566,42,4,4.50023984553125,0.547301159739119,0.25,0.969814954889557,"HIGH LOW"
39,465,11,170.666066608699,42,4,4.50004642141325,0.547301159739119,0.25,0.917046048489877,"HIGH LOW"
39,466,12,191.043927067888,42,4,4.4993497735212,0.547301159739119,0.25,0.988703311602312,"HIGH LOW"
40,472,6,148.051021285432,42,3,3.50077096744135,0.547301159739119,0.25,0.526652884868421,"HIGH LOW"
40,478,12,162.093080994719,42,3,3.49911534151482,0.547301159739119,0.25,0.822362510982549,"HIGH LOW"
41,483,5,131.075795977727,42,2,2.49846163629244,0.547301159739119,0.25,0.165643578622133,"HIGH LOW"
32,379,8,213.488745149198,43,12,12.5007112851341,0.543838203817676,0.25,0.99883137770572,"HIGH LOW"
39,456,2,174.896988115807,43,5,5.50027809708358,0.543838203817676,0.25,0.944404250683726,"HIGH LOW"
39,457,3,162.374953608088,43,5,5.49812073509337,0.543838203817676,0.25,0.82650477404578,"HIGH LOW"
39,464,10,197.43040327123,43,5,5.49684184275146,0.543838203817676,0.25,0.994061360078376,"HIGH LOW"
39,465,11,184.733934797046,43,5,5.49914957139804,0.543838203817676,0.25,0.978776954709479,"HIGH LOW"
40,472,6,164.707101842515,43,4,4.49961738684772,0.543838203817676,0.25,0.857886304419526,"HIGH LOW"
40,474,8,155.533800150357,43,4,4.50037694995648,0.543838203817676,0.25,0.704007944757428,"HIGH LOW"
40,477,11,161.421415186433,43,4,4.50046671154639,0.543838203817676,0.25,0.812180404765799,"HIGH LOW"
41,481,3,161.716246145508,43,3,3.50283690417891,0.543838203817676,0.25,0.816704161591261,"HIGH LOW"
41,490,12,145.299800228304,43,3,3.50038869498258,0.543838203817676,0.25,0.45695051964554,"HIGH LOW"
39,456,2,184.486086907996,44,6,6.49949465514032,0.81289006759276,0.25,0.9782478735731,"HIGH LOW"
39,457,3,170.259508589594,44,6,6.49892698546597,0.81289006759276,0.25,0.913851318747249,"HIGH LOW"
39,465,11,195.772936858198,44,6,6.50101233643673,0.81289006759276,0.25,0.992980592383947,"HIGH LOW"
41,481,3,182.197578485511,44,4,4.50010206359467,0.81289006759276,0.25,0.972713403122416,"HIGH LOW"
41,486,8,176.09184008884,44,4,4.50013336439961,0.81289006759276,0.25,0.95044107128656,"HIGH LOW"
41,491,13,152.463064663762,44,4,4.50114889824952,0.81289006759276,0.25,0.6352202285331,"HIGH LOW"
42,492,1,155.229392834067,44,3,3.50036798022541,0.81289006759276,0.25,0.69752713154279,"HIGH LOW"
42,498,7,156.224318730356,44,3,3.50146144934344,0.81289006759276,0.25,0.718405690477805,"HIGH LOW"
42,500,9,148.882046360686,44,3,3.49996033109344,0.81289006759276,0.25,0.547627323567871,"HIGH LOW"
43,510,6,119.728723678995,44,2,2.50112686045915,0.81289006759276,0.25,0.0590271070776888,"HIGH LOW"
38,454,13,170.649398371659,45,8,8.49928227545625,0.570812816565139,0.25,0.916917214938692,"HIGH LOW"
39,456,2,191.867857417549,45,7,7.5007151240268,0.570812816565139,0.25,0.989600465911532,"HIGH LOW"
41,481,3,198.674949034946,45,5,5.5014864000993,0.570812816565139,0.25,0.994762608155664,"HIGH LOW"
41,489,11,154.734965947528,45,5,5.49962218108449,0.570812816565139,0.25,0.686831904908725,"HIGH LOW"
41,491,13,163.088094814526,45,5,5.50043388648167,0.570812816565139,0.25,0.836643419201852,"HIGH LOW"
43,507,3,148.686852636067,45,3,3.49937361589854,0.570812816565139,0.25,0.542713180652201,"HIGH LOW"
43,509,5,148.828978867295,45,3,3.49881137014371,0.570812816565139,0.25,0.546292189059492,"HIGH LOW"
44,524,8,122.650374968233,45,2,2.49989994819301,0.570812816565139,0.25,0.0778247808697395,"HIGH LOW"
41,481,3,211.931105212498,46,6,6.49947416532758,0.731885927053457,0.25,0.998631416584818,"HIGH LOW"
41,491,13,171.065408516654,46,6,6.50018591298836,0.731885927053457,0.25,0.920078799939431,"HIGH LOW"
43,507,3,165.512939244991,46,4,4.49970790600379,0.731885927053457,0.25,0.867572385146163,"HIGH LOW"
43,509,5,165.693174454859,46,4,4.49999708013791,0.731885927053457,0.25,0.869660743138846,"HIGH LOW"
43,514,10,167.410775459685,46,4,4.49996015184793,0.731885927053457,0.25,0.888187010720715,"HIGH LOW"
43,507,3,178.560690621633,47,5,5.50078398169114,0.566265879689658,0.25,0.961000720564055,"HIGH LOW"
43,514,10,180.830101188867,47,5,5.49975715225666,0.566265879689658,0.25,0.968776128636092,"HIGH LOW"
44,521,5,162.436124157428,47,4,4.50047489974368,0.566265879689658,0.25,0.827393563002201,"HIGH LOW"
44,529,13,169.955394390581,47,4,4.50116034078403,0.566265879689658,0.25,0.911389160547513,"HIGH LOW"
45,531,2,145.770129371009,47,3,3.49966880502478,0.566265879689658,0.25,0.468822579196864,"HIGH LOW"
45,532,3,156.265321232652,47,3,3.50004852610049,0.566265879689658,0.25,0.719247111260394,"HIGH LOW"
45,536,7,160.087502036304,47,3,3.50082359735975,0.566265879689658,0.25,0.790642934095922,"HIGH LOW"
45,539,10,146.213553128717,47,3,3.50245024460901,0.566265879689658,0.25,0.480048144580096,"HIGH LOW"
46,548,9,132.920267474108,47,2,2.49930400317026,0.566265879689658,0.25,0.193169006551077,"HIGH LOW"
44,521,5,174.891759735452,48,5,5.50028415319784,0.590668659935465,0.25,0.944376371907048,"HIGH LOW"
45,531,2,161.822861645358,48,4,4.49875744714454,0.590668659935465,0.25,0.818319084182463,"HIGH LOW"
45,536,7,180.094230501456,48,4,4.49952305147911,0.590668659935465,0.25,0.96643518666497,"HIGH LOW"
46,540,1,151.915535205918,48,3,3.49906127030848,0.590668659935465,0.25,0.622244509433463,"HIGH LOW"
46,548,9,156.99352160586,48,3,3.49880328575899,0.590668659935465,0.25,0.733932303281049,"HIGH LOW"
47,555,7,129.466201393142,48,2,2.49917587087727,0.590668659935465,0.25,0.144272479457213,"HIGH LOW"
45,531,2,174.162007065628,49,5,5.50082522876609,0.556336188510977,0.25,0.940353656348425,"HIGH LOW"
47,553,5,139.678227516016,49,3,3.50167223920785,0.556336188510977,0.25,0.322261765750784,"HIGH LOW"
47,555,7,152.1431092543,49,3,3.50066302102534,0.556336188510977,0.25,0.627660213302364,"HIGH LOW"
47,553,5,154.169843997496,50,4,4.4998418736097,1.51093671788826,0.25,0.674359933891411,"HIGH LOW"
47,556,8,161.666676839429,50,4,4.49829459498162,1.51093671788826,0.25,0.815949544486153,"HIGH LOW"
47,557,9,163.95448033418,50,4,4.4993107509398,1.51093671788826,0.25,0.848312772482538,"HIGH LOW"
47,558,10,169.984511147365,50,4,4.49967891798049,1.51093671788826,0.25,0.911627617555734,"HIGH LOW"
47,559,11,148.091926921813,50,4,4.50134181701083,1.51093671788826,0.25,0.527688130054889,"HIGH LOW"
48,565,6,146.011567417935,50,3,3.49916878090729,1.51093671788826,0.25,0.474931558858434,"HIGH LOW"
48,568,9,148.238718138311,50,3,3.49979140366979,1.51093671788826,0.25,0.531401118505098,"HIGH LOW"
49,574,6,130.676300081455,50,2,2.49771992399651,1.51093671788826,0.25,0.160113465676456,"HIGH LOW"
48,568,9,164.944902251583,51,4,4.50049094580874,1.41669649024491,0.25,0.860804573318598,"HIGH LOW"
49,571,3,146.950688753466,51,3,3.50156039689607,1.41669649024491,0.25,0.498748330576651,"HIGH LOW"
49,572,4,140.214751661313,51,3,3.49894689925417,1.41669649024491,0.25,0.334272832886676,"HIGH LOW"
49,575,7,156.187997164032,51,3,3.49994854828304,1.41669649024491,0.25,0.717659048826046,"HIGH LOW"
49,576,8,143.056598085438,51,3,3.4998044505381,1.41669649024491,0.25,0.401220329235729,"HIGH LOW"
50,589,11,121.621901415325,51,2,2.50119450153296,1.41669649024491,0.25,0.0706531907110562,"HIGH LOW"
50,581,3,161.554613306793,52,3,3.50042282333222,1.3295621465062,0.25,0.814234685452702,"HIGH LOW"
50,583,5,134.805686766137,52,3,3.50149341858842,1.3295621465062,0.25,0.224763809785485,"HIGH LOW"
50,579,1,150.360249537877,53,4,4.50026991791485,1.49197091419132,0.25,0.584475704500261,"HIGH LOW"
50,583,5,148.102063933652,53,4,4.50047503829787,1.49197091419132,0.25,0.527944642408226,"HIGH LOW"
51,591,2,158.812159999812,53,3,3.50068685852722,1.49197091419132,0.25,0.768403206118938,"HIGH LOW"
51,592,3,147.263055315233,53,3,3.49922216482773,1.49197091419132,0.25,0.506676761062755,"HIGH LOW"
51,596,7,154.205927367127,53,3,3.50040958092933,1.49197091419132,0.25,0.675163947540198,"HIGH LOW"
51,591,2,178.450755094023,54,4,4.50135279553535,1.51292055229178,0.25,0.960580227432043,"HIGH LOW"
52,601,2,148.465734020674,54,3,3.50129401956528,1.51292055229178,0.25,0.537136351711212,"HIGH LOW"
52,602,3,139.491661895636,54,3,3.50014158295928,1.51292055229178,0.25,0.318138566917219,"HIGH LOW"
52,604,5,150.016543423166,54,3,3.50024679126098,1.51292055229178,0.25,0.575976218125163,"HIGH LOW"
52,601,2,165.232609351458,55,4,4.50114535339064,1.26498095448635,0.25,0.864267958101594,"HIGH LOW"
53,619,9,159.708938227127,55,3,3.49878832681265,1.26498095448635,0.25,0.784209593606622,"HIGH LOW"
52,606,7,164.997478270896,56,5,5.49997896502204,1.27953989313398,0.25,0.861442961888613,"HIGH LOW"
53,619,9,179.606071819826,56,4,4.49942681898918,1.27953989313398,0.25,0.964789718062671,"HIGH LOW"
54,623,3,137.327560761537,56,3,3.49997800075055,1.27953989313398,0.25,0.272482083549293,"HIGH LOW"
54,629,9,154.865672118533,56,3,3.50071997824352,1.27953989313398,0.25,0.689679293867534,"HIGH LOW"
55,630,1,127.285421238654,56,2,2.5009407542276,1.27953989313398,0.25,0.119027896108164,"HIGH LOW"
55,633,4,128.291632257317,56,2,2.49942547570222,1.27953989313398,0.25,0.130164500189857,"HIGH LOW"
55,634,5,139.858491264404,56,2,2.49897817492484,1.27953989313398,0.25,0.326272156215212,"HIGH LOW"
54,623,3,151.236582001374,57,4,4.4998273151991,1.37526308431256,0.25,0.605909545624246,"HIGH LOW"
54,628,8,158.930906994482,57,4,4.4995780908334,1.37526308431256,0.25,0.770541860109016,"HIGH LOW"
55,633,4,150.502332407096,57,3,3.50079310911754,1.37526308431256,0.25,0.587974936296261,"HIGH LOW"
55,637,8,152.483761062476,57,3,3.50097414160555,1.37526308431256,0.25,0.635707006446148,"HIGH LOW"
55,637,8,170.341406291763,58,4,4.50041776284729,1.31246369000327,0.25,0.914503706793385,"HIGH LOW"
57,650,5,131.027205174561,58,2,2.50186123716816,1.31246369000327,0.25,0.164962859154345,"HIGH LOW"
57,651,6,129.324584494014,58,2,2.50175870339011,1.31246369000327,0.25,0.142506378682605,"HIGH LOW"
56,639,2,155.871752006143,59,4,4.50103650028332,1.41287599936424,0.25,0.711107729301488,"HIGH LOW"
57,647,2,148.055801492315,59,3,3.50070308676927,1.41287599936424,0.25,0.526773874966564,"HIGH LOW"
57,647,2,164.713157217902,60,4,4.49836165254577,1.40745253623369,0.25,0.857961244772903,"HIGH LOW"
58,659,5,146.629125008749,60,3,3.50162074844507,1.40745253623369,0.25,0.490587157221725,"HIGH LOW"
58,662,8,141.173764413762,60,3,3.49928770451604,1.40745253623369,0.25,0.356278934254621,"HIGH LOW"
58,663,9,153.684692582838,60,3,3.50079444208293,1.40745253623369,0.25,0.663451333354374,"HIGH LOW"
59,668,4,137.3499616189,60,2,2.49944244978941,1.40745253623369,0.25,0.272933186274523,"HIGH LOW"
59,670,6,119.059475431344,60,2,2.4985832971437,1.40745253623369,0.25,0.0553641143519603,"HIGH LOW"
59,668,4,163.26887155637,61,3,3.49991925214722,1.41903200936803,0.25,0.839136502496957,"HIGH LOW"
59,670,6,151.775828010803,62,4,4.49944843764722,1.43093223725833,0.25,0.618904546673503,"HIGH LOW"
60,676,4,147.374098179701,62,3,3.50072231377546,1.43093223725833,0.25,0.509494628027534,"HIGH LOW"
60,677,5,159.185896918072,63,4,4.49882157480089,1.33228775210085,0.25,0.775087257832121,"HIGH LOW"
61,684,3,141.414384293413,63,3,3.4996698322769,1.33228775210085,0.25,0.36190143908099,"HIGH LOW"
61,686,5,143.396652903877,63,3,3.50082145650157,1.33228775210085,0.25,0.409542639182763,"HIGH LOW"
61,688,7,147.045244470877,63,3,3.50125408132935,1.33228775210085,0.25,0.501148442666963,"HIGH LOW"
63,700,5,95.1035779525739,63,1,1.50024385698574,1.33228775210085,0.25,0.0051215309965002,"HIGH LOW"
62,689,1,150.333824068372,64,3,3.49965073022986,1.46561792175391,0.25,0.583823943541989,"HIGH LOW"
62,692,4,140.455003605077,64,3,3.49968583523278,1.46561792175391,0.25,0.339722957922605,"HIGH LOW"
63,696,1,154.454421372374,65,3,3.49972590745227,1.37290483115911,0.25,0.680672733621641,"HIGH LOW"
63,700,5,139.94887851067,65,3,3.49972764595707,1.37290483115911,0.25,0.328292690100567,"HIGH LOW"
63,700,5,154.508285249537,66,4,4.50022391506207,1.25496510338534,0.25,0.681860268951162,"HIGH LOW"
65,712,3,124.130468462583,66,2,2.49929848984237,1.25496510338534,0.25,0.0893174143325327,"HIGH LOW"
64,705,4,168.886285652222,67,4,4.50079991124727,1.47654180914741,0.25,0.902222497030134,"HIGH LOW"
65,714,5,147.910945985692,67,3,3.50070425610571,1.47654180914741,0.25,0.523106158728858,"HIGH LOW"
66,723,7,129.472558766617,67,2,2.4987321344236,1.47654180914741,0.25,0.144352187289402,"HIGH LOW"
66,723,7,152.152001937072,68,3,3.5005640631879,1.52979060107473,0.25,0.627871198176529,"HIGH LOW"
67,725,2,128.55016829712,68,2,2.49971423370583,1.52979060107473,0.25,0.13316550663459,"HIGH LOW"
66,718,2,156.244084342553,69,4,4.50168161106438,1.42583713231427,0.25,0.71881149605387,"HIGH LOW"
67,725,2,150.863108662341,69,3,3.49946443318497,1.42583713231427,0.25,0.596819558019864,"HIGH LOW"
67,728,5,155.275799161286,69,3,3.50081250454035,1.42583713231427,0.25,0.698520303564742,"HIGH LOW"
68,732,4,141.641187497429,69,2,2.50000334331263,1.42583713231427,0.25,0.367235965574241,"HIGH LOW"
68,735,7,149.335783527859,70,3,3.50029150443893,1.4543202967154,0.25,0.559013080195854,"HIGH LOW"
68,735,7,166.336191393417,71,4,4.50045538637271,1.19502335177738,0.25,0.876884193346114,"HIGH LOW"
69,738,2,152.225776881414,71,3,3.5003347671577,1.19502335177738,0.25,0.629619673427416,"HIGH LOW"
69,740,4,153.61775041102,71,3,3.5000908982644,1.19502335177738,0.25,0.661932037418188,"HIGH LOW"
69,741,5,141.663181377454,71,3,3.50005641672153,1.19502335177738,0.25,0.367755030880194,"HIGH LOW"
69,744,8,144.587569299585,71,3,3.50220872940587,1.19502335177738,0.25,0.43906936942657,"HIGH LOW"
69,738,2,170.012448310446,72,4,4.5001555673577,1.41656086243162,0.25,0.911855869153487,"HIGH LOW"
69,740,4,171.788886958671,72,4,4.49884003862376,1.41656086243162,0.25,0.925316361692525,"HIGH LOW"
69,744,8,160.331509606088,72,4,4.49836131078735,1.41656086243162,0.25,0.794714278622637,"HIGH LOW"
70,746,1,150.227026143702,72,3,3.50056206408571,1.41656086243162,0.25,0.581186901614768,"HIGH LOW"
71,754,1,129.84574854712,72,2,2.49982352506129,1.41656086243162,0.25,0.149095615214133,"HIGH LOW"
69,742,6,179.310643726094,73,5,5.49956536631568,1.38825425173169,0.25,0.963756426538231,"HIGH LOW"
71,754,1,152.674244296464,73,3,3.49913747115611,1.38825425173169,0.25,0.640174020041236,"HIGH LOW"
71,755,2,143.000777161042,73,3,3.50025132611967,1.38825425173169,0.25,0.399859488410844,"HIGH LOW"
71,760,7,167.182943928327,73,3,3.49864927082673,1.38825425173169,0.25,0.88586901328049,"HIGH LOW"
69,742,6,189.538382164853,74,6,6.49842313454686,1.49606459958854,0.25,0.986862022107171,"HIGH LOW"
71,754,1,170.584375563336,74,4,4.49982830760727,1.49606459958854,0.25,0.916412894118076,"HIGH LOW"
71,755,2,158.334708628883,74,4,4.49961255168116,1.49606459958854,0.25,0.759664299738624,"HIGH LOW"
71,760,7,189.293508395341,74,4,4.50109463455227,1.49606459958854,0.25,0.986535736279902,"HIGH LOW"
73,774,8,140.015975057655,74,2,2.50031832292352,1.49606459958854,0.25,0.329796706772708,"HIGH LOW"
71,760,7,207.33880049378,75,5,5.50084755062413,1.46063657214099,0.25,0.997820204274469,"HIGH LOW"
72,764,3,149.767985006493,75,4,4.49925627807215,1.46063657214099,0.25,0.569801200240673,"HIGH LOW"
72,766,5,159.642218808171,75,4,4.50025475323042,1.46063657214099,0.25,0.783061026476501,"HIGH LOW"
73,769,3,144.849627914554,75,3,3.49913782886346,1.46063657214099,0.25,0.445632700157465,"HIGH LOW"
73,770,4,151.242076430323,75,3,3.49892631797536,1.46063657214099,0.25,0.606042745911774,"HIGH LOW"
73,774,8,167.075118555408,75,3,3.50051058156733,1.46063657214099,0.25,0.884757453619944,"HIGH LOW"
74,776,2,152.784753459733,76,3,3.49951758623945,1.39210484561971,0.25,0.64275453480042,"HIGH LOW"
74,777,3,140.487074486081,76,3,3.50090140172162,1.39210484561971,0.25,0.340453748397202,"HIGH LOW"
75,787,2,120.679100767526,76,2,2.50142452894564,1.39210484561971,0.25,0.0646203262599711,"HIGH LOW"
75,788,3,139.339000803193,77,3,3.5002609397676,1.35198488313638,0.25,0.314785716255693,"HIGH LOW"
76,800,6,130.80565276454,77,2,2.49979857864776,1.35198488313638,0.25,0.161887512967166,"HIGH LOW"
75,786,1,147.736441865893,78,4,4.50155838918496,1.33351554090659,0.25,0.518684469059036,"HIGH LOW"
75,786,1,157.541949991874,79,5,5.49897155227639,1.50764120775847,0.25,0.744663329305152,"HIGH LOW"
77,806,3,159.336093788424,79,3,3.4995764255908,1.50764120775847,0.25,0.777734560816951,"HIGH LOW"
77,807,4,160.466372558723,79,3,3.498278236698,1.50764120775847,0.25,0.796939181984193,"HIGH LOW"
77,811,8,152.736205356622,79,3,3.49934468241011,1.50764120775847,0.25,0.64162189054623,"HIGH LOW"
75,786,1,164.811793485145,80,6,6.50154605298825,1.42882390033994,0.25,0.859177313112507,"HIGH LOW"
77,807,4,180.583055330818,80,4,4.50140041362167,1.42882390033994,0.25,0.968008402834778,"HIGH LOW"
78,815,2,160.81296080486,80,3,3.5017647873723,1.42882390033994,0.25,0.802574401495013,"HIGH LOW"
75,786,1,170.201684935708,81,7,7.4996660249978,1.52613355898816,0.25,0.913387989717549,"HIGH LOW"
79,822,3,149.99299212945,81,3,3.49815181683756,1.52613355898816,0.25,0.575392110605483,"HIGH LOW"
79,823,4,153.859236210866,81,3,3.5016305092745,1.52613355898816,0.25,0.667396796473296,"HIGH LOW"
80,826,2,164.433575808697,82,3,3.49951844885315,1.50422924074326,0.25,0.854466676868632,"HIGH LOW"
81,832,1,145.74627882476,83,3,3.49972667651337,1.5029988733403,0.25,0.468219578219111,"HIGH LOW"
81,834,3,156.590149776362,83,3,3.499966613888,1.5029988733403,0.25,0.72585850438665,"HIGH LOW"
81,837,6,156.595728491112,83,3,3.5009488010035,1.5029988733403,0.25,0.725971200748423,"HIGH LOW"
81,838,7,142.942898029081,83,3,3.50135698493823,1.5029988733403,0.25,0.398450101708633,"HIGH LOW"
81,840,9,147.970549504233,83,3,3.50093655062961,1.5029988733403,0.25,0.524615633839944,"HIGH LOW"
81,834,3,175.594714061371,84,4,4.50005165998234,1.51090650769073,0.25,0.948008801103379,"HIGH LOW"
83,856,7,125.436769674605,84,2,2.49981719039135,1.51090650769073,0.25,0.100709492676023,"HIGH LOW"
81,834,3,190.671179001437,85,5,5.49976540295553,1.45477316704486,0.25,0.988272693802522,"HIGH LOW"
82,842,2,164.778450445697,85,4,4.49926484277319,1.45477316704486,0.25,0.858767209907023,"HIGH LOW"
84,866,9,134.243714735976,85,2,2.50149023020411,1.45477316704486,0.25,0.214978010244392,"HIGH LOW"
83,855,6,172.997105065445,86,4,4.49936642161093,1.42158782047215,0.25,0.933363852082968,"HIGH LOW"
84,858,1,160.213259789211,86,3,3.50130413207092,1.42158782047215,0.25,0.792748615946573,"HIGH LOW"
84,860,3,140.680851409292,86,3,3.50134261059146,1.42158782047215,0.25,0.344885356424515,"HIGH LOW"
84,866,9,158.861958749477,86,3,3.4995606781226,1.42158782047215,0.25,0.769301782101657,"HIGH LOW"
84,858,1,180.256455167708,87,4,4.49972669309409,1.23738334311341,0.25,0.966965392963034,"HIGH LOW"
85,870,4,151.906855085295,87,3,3.49897765350512,1.23738334311341,0.25,0.622037328901956,"HIGH LOW"
85,874,8,144.628904508228,87,3,3.49791462862662,1.23738334311341,0.25,0.440103266782348,"HIGH LOW"
86,883,8,131.167442836785,87,2,2.50127067490256,1.23738334311341,0.25,0.166933604775553,"HIGH LOW"
85,869,3,155.63986078876,88,4,4.49888566772818,1.382370186836,0.25,0.706246970974839,"HIGH LOW"
86,881,6,157.49180689952,88,3,3.50096631746242,1.382370186836,0.25,0.743694094065822,"HIGH LOW"
86,883,8,154.527380059412,88,3,3.50007841462187,1.382370186836,0.25,0.682280685653594,"HIGH LOW"
85,874,8,172.451350531869,89,5,5.49933343636703,1.51222266920972,0.25,0.929833604987368,"HIGH LOW"
87,885,1,139.44103664654,89,3,3.5004292765156,1.51222266920972,0.25,0.3170245867915,"HIGH LOW"
87,888,4,144.598196734726,89,3,3.49818343816869,1.51222266920972,0.25,0.439335138126701,"HIGH LOW"
88,897,3,158.272074974734,90,3,3.49934368463258,1.40668773860884,0.25,0.758501329530097,"HIGH LOW"
89,909,4,140.234778953795,90,2,2.50122948664533,1.40668773860884,0.25,0.334725491086475,"HIGH LOW"
90,920,8,97.2656985503544,90,1,1.50015548256592,1.40668773860884,0.25,0.0063707817984117,"HIGH LOW"
88,897,3,177.755699478129,91,4,4.49879036137193,1.48861192999677,0.25,0.957819419413682,"HIGH LOW"
89,909,4,167.388477846479,91,3,3.49999141268235,1.48861192999677,0.25,0.887961980282323,"HIGH LOW"
90,921,9,128.009914011517,91,2,2.498354386928,1.48861192999677,0.25,0.126960077312887,"HIGH LOW"
89,906,1,164.076018602609,92,4,4.4973750661062,1.47037955336165,0.25,0.849893854689011,"HIGH LOW"
89,911,6,136.950162347964,92,4,4.50058825042325,1.47037955336165,0.25,0.264952624069956,"HIGH LOW"
90,915,3,150.2561709718,92,3,3.50120305081321,1.47037955336165,0.25,0.581907009375598,"HIGH LOW"
90,920,8,144.75626886267,92,3,3.50032307780575,1.47037955336165,0.25,0.443292200159461,"HIGH LOW"
90,913,1,163.844399685967,93,4,4.50031200828106,1.26832174547589,0.25,0.846868962535194,"HIGH LOW"
90,915,3,167.505225982809,93,4,4.49896773903477,1.26832174547589,0.25,0.88913584107965,"HIGH LOW"
91,924,1,159.955414540828,93,3,3.50133082123182,1.26832174547589,0.25,0.78841437643898,"HIGH LOW"
92,933,2,143.055358857225,93,2,2.50042838569684,1.26832174547589,0.25,0.401190101860893,"HIGH LOW"
92,939,8,124.713007893885,93,2,2.49980619145276,1.26832174547589,0.25,0.0942466863853993,"HIGH LOW"
90,913,1,176.569465437364,94,5,5.50013155978075,1.46684951813245,0.25,0.952676038732239,"HIGH LOW"
90,915,3,180.943169954035,94,5,5.50093881683739,1.46684951813245,0.25,0.9691215281356,"HIGH LOW"
92,932,1,144.662796243146,94,3,3.50173280050008,1.46684951813245,0.25,0.440951372479803,"HIGH LOW"
92,937,6,150.592526106955,94,3,3.50098964764849,1.46684951813245,0.25,0.590191654237681,"HIGH LOW"
92,940,9,153.192203822646,94,3,3.49999368481257,1.46684951813245,0.25,0.652196715738196,"HIGH LOW"
93,943,3,120.293428531296,94,2,2.49887451727143,1.46684951813245,0.25,0.0622933941861181,"HIGH LOW"
92,939,8,161.520438656914,95,4,4.50018591631703,1.21097833003996,0.25,0.81370927802007,"HIGH LOW"
94,951,3,120.717602446421,95,2,2.49891707942203,1.21097833003996,0.25,0.0648570166010537,"HIGH LOW"
92,939,8,173.802326105492,96,5,5.50212153969656,1.52517510341688,0.25,0.938272096859236,"HIGH LOW"
93,943,3,153.881325359779,96,4,4.50126999513434,1.52517510341688,0.25,0.667894454358686,"HIGH LOW"
94,953,5,144.316882956639,96,3,3.50081258747793,1.52517510341688,0.25,0.432312286350683,"HIGH LOW"
94,949,1,152.226693570093,97,4,4.49958882584596,1.3393816488623,0.25,0.629641377807641,"HIGH LOW"
96,978,9,123.228790979553,97,2,2.501050395805,1.3393816488623,0.25,0.0821454564455718,"HIGH LOW"
94,949,1,162.809999777303,98,5,5.49933316911139,1.49940169188212,0.25,0.832747646875283,"HIGH LOW"
95,962,5,150.446746867897,98,4,4.49941214312931,1.49940169188212,0.25,0.58660700790718,"HIGH LOW"
96,970,1,152.032293012579,98,3,3.5003162725065,1.49940169188212,0.25,0.625026965762017,"HIGH LOW"
96,976,7,140.08658289017,98,3,3.49770563507477,1.49940169188212,0.25,0.331383201719426,"HIGH LOW"
96,976,7,154.680536835921,99,4,4.50076400772997,1.52669413290029,0.25,0.685642002595493,"HIGH LOW"
97,979,1,152.308259130101,99,3,3.49900932866494,1.52669413290029,0.25,0.631570494956911,"HIGH LOW"
97,980,2,144.576440808366,99,3,3.49828060350023,1.52669413290029,0.25,0.438791107876405,"HIGH LOW"
98,993,8,126.708705826809,99,2,2.50034252986855,1.52669413290029,0.25,0.113023436277,"HIGH LOW"
