"cohort","ind","fish_size","Year","Age","AgeE","dtype","FMORT","M","Sel","FSIM","REG"
1,1,60.4373964446031,0,0,0.502122820976003,"M",0,0.25,1,"HIGH MED HIGH",NA
1,2,170.504639323467,5,5,5.50127769974842,"M",0,0.25,1,"HIGH MED HIGH",NA
1,3,168.863689066681,6,6,6.49712154370939,"M",0,0.25,1,"HIGH MED HIGH",NA
1,4,62.7093197181521,0,0,0.49931529738431,"M",0,0.25,1,"HIGH MED HIGH",NA
1,5,103.73778361721,1,1,1.50130011351057,"M",0,0.25,1,"HIGH MED HIGH",NA
1,6,220.970818227237,10,10,10.5001479714512,"M",0,0.25,1,"HIGH MED HIGH",NA
1,7,122.947176925343,2,2,2.50010710450596,"M",0,0.25,1,"HIGH MED HIGH",NA
1,8,63.5941583915341,0,0,0.502205348934106,"M",0,0.25,1,"HIGH MED HIGH",NA
1,9,197.451079558206,5,5,5.50024709779858,"M",0,0.25,1,"HIGH MED HIGH",NA
1,10,62.3148988370885,0,0,0.498482937256835,"M",0,0.25,1,"HIGH MED HIGH",NA
1,11,180.420653468423,5,5,5.50203540488415,"M",0,0.25,1,"HIGH MED HIGH",NA
1,12,175.666410132313,4,4,4.49801417786981,"M",0,0.25,1,"HIGH MED HIGH",NA
1,13,62.6398907559648,0,0,0.499534283242148,"M",0,0.25,1,"HIGH MED HIGH",NA
2,1,96.5613298286348,2,1,1.49914523297973,"M",0,0.25,1,"HIGH MED HIGH",NA
2,2,161.323344789182,5,4,4.50010077518698,"M",0,0.25,1,"HIGH MED HIGH",NA
2,3,188.121674367068,6,5,5.4992824502235,"M",0,0.25,1,"HIGH MED HIGH",NA
2,4,61.1733148953962,1,0,0.498996214513866,"M",0,0.25,1,"HIGH MED HIGH",NA
2,5,178.027102238027,6,5,5.50081730328199,"M",0,0.25,1,"HIGH MED HIGH",NA
2,6,99.1641108481975,2,1,1.49936832182009,"M",0,0.25,1,"HIGH MED HIGH",NA
2,7,102.383336902523,2,1,1.49992102697542,"M",0,0.25,1,"HIGH MED HIGH",NA
2,8,181.1028497747,6,5,5.49744662763055,"M",0,0.25,1,"HIGH MED HIGH",NA
2,9,130.155481117393,3,2,2.49912657882811,"M",0,0.25,1,"HIGH MED HIGH",NA
2,10,165.301113064704,6,5,5.4997502911435,"M",0,0.25,1,"HIGH MED HIGH",NA
2,11,62.3329273147093,1,0,0.501078067267052,"M",0,0.25,1,"HIGH MED HIGH",NA
2,12,151.816278155765,4,3,3.50152602820584,"M",0,0.25,1,"HIGH MED HIGH",NA
2,13,175.607749708534,5,4,4.4991403059707,"M",0,0.25,1,"HIGH MED HIGH",NA
3,1,167.897794040385,6,4,4.49973013938365,"M",0,0.25,1,"HIGH MED HIGH",NA
3,2,62.4990817312313,2,0,0.499552741713309,"M",0,0.25,1,"HIGH MED HIGH",NA
3,3,95.5877521065839,3,1,1.50050511799104,"M",0,0.25,1,"HIGH MED HIGH",NA
3,4,130.948866023898,4,2,2.49991161012016,"M",0,0.25,1,"HIGH MED HIGH",NA
3,5,62.1928585347865,2,0,0.498551610217146,"M",0,0.25,1,"HIGH MED HIGH",NA
3,6,152.517147004984,6,4,4.5006332099553,"M",0,0.25,1,"HIGH MED HIGH",NA
3,7,217.708204556023,12,10,10.4994260608433,"M",0,0.25,1,"HIGH MED HIGH",NA
3,8,63.8656762322505,2,0,0.501494662124327,"M",0,0.25,1,"HIGH MED HIGH",NA
3,9,60.9005217180831,2,0,0.499760801437235,"M",0,0.25,1,"HIGH MED HIGH",NA
3,10,207.620710502808,9,7,7.50162082029643,"M",0,0.25,1,"HIGH MED HIGH",NA
3,11,204.611276641672,14,12,12.4999349822986,"M",0,0.25,1,"HIGH MED HIGH",NA
3,12,177.609246162904,6,4,4.50095857531447,"M",0,0.25,1,"HIGH MED HIGH",NA
4,1,202.746981228989,13,10,10.5014547247628,"M",0,0.25,1,"HIGH MED HIGH",NA
4,2,163.155758076614,7,4,4.49878219586535,"M",0,0.25,1,"HIGH MED HIGH",NA
4,3,94.4600611214779,4,1,1.50079071215692,"M",0,0.25,1,"HIGH MED HIGH",NA
4,4,184.389588386292,8,5,5.4999703290845,"M",0,0.25,1,"HIGH MED HIGH",NA
4,5,178.959532660622,7,4,4.50049268785152,"M",0,0.25,1,"HIGH MED HIGH",NA
4,6,172.475146627939,7,4,4.49967525124888,"M",0,0.25,1,"HIGH MED HIGH",NA
4,7,208.275309779147,8,5,5.49997470049223,"M",0,0.25,1,"HIGH MED HIGH",NA
4,8,193.968674562859,12,9,9.50395349165533,"M",0,0.25,1,"HIGH MED HIGH",NA
4,9,194.725517634023,9,6,6.50052546099622,"M",0,0.25,1,"HIGH MED HIGH",NA
4,10,166.806869427995,7,4,4.50143014976523,"M",0,0.25,1,"HIGH MED HIGH",NA
4,11,132.05356579002,5,2,2.50014956370618,"M",0,0.25,1,"HIGH MED HIGH",NA
4,12,168.282316266382,8,5,5.50010142170159,"M",0,0.25,1,"HIGH MED HIGH",NA
5,1,98.8264299820628,5,1,1.50226889905468,"M",0,0.25,1,"HIGH MED HIGH",NA
5,2,178.073722828857,12,8,8.5006643255873,"M",0,0.25,1,"HIGH MED HIGH",NA
5,3,133.209769593638,7,3,3.50010536461058,"M",0,0.25,1,"HIGH MED HIGH",NA
5,4,62.9526046987274,4,0,0.500340442053325,"M",0,0.25,1,"HIGH MED HIGH",NA
5,5,208.293836547505,12,8,8.50117265392014,"M",0,0.25,1,"HIGH MED HIGH",NA
5,6,216.620993740697,13,9,9.50059969732494,"M",0,0.25,1,"HIGH MED HIGH",NA
5,7,242.852895368311,17,13,13.4993485456863,"M",0,0.25,1,"HIGH MED HIGH",NA
5,8,154.412808347396,8,4,4.50069789339845,"M",0,0.25,1,"HIGH MED HIGH",NA
5,9,120.881063415197,6,2,2.50002528992439,"M",0,0.25,1,"HIGH MED HIGH",NA
5,10,193.887636779802,11,7,7.49831677956145,"M",0,0.25,1,"HIGH MED HIGH",NA
6,1,166.957432866614,9,4,4.49964812863752,"M",0,0.25,1,"HIGH MED HIGH",NA
6,2,191.664536603399,11,6,6.50004199561177,"M",0,0.25,1,"HIGH MED HIGH",NA
6,3,223.723569319468,12,7,7.5006813187852,"M",0,0.25,1,"HIGH MED HIGH",NA
6,4,175.289230374498,9,4,4.50014482716361,"M",0,0.25,1,"HIGH MED HIGH",NA
6,5,100.291864431511,6,1,1.49969239273177,"M",0,0.25,1,"HIGH MED HIGH",NA
6,6,149.890552572696,9,4,4.49895928694304,"M",0,0.25,1,"HIGH MED HIGH",NA
6,7,96.7614339817421,6,1,1.49917282326819,"M",0,0.25,1,"HIGH MED HIGH",NA
6,8,195.276553177044,13,8,8.4991730365603,"M",0,0.25,1,"HIGH MED HIGH",NA
6,9,98.8058507525542,6,1,1.50194830555679,"M",0,0.25,1,"HIGH MED HIGH",NA
6,10,64.1339936173741,5,0,0.50053391671734,"M",0,0.25,1,"HIGH MED HIGH",NA
6,11,95.2997307372778,6,1,1.50034547563658,"M",0,0.25,1,"HIGH MED HIGH",NA
6,12,106.597492500772,6,1,1.49979092233852,"M",0,0.25,1,"HIGH MED HIGH",NA
7,1,63.6679594200168,6,0,0.500378802988119,"M",0,0.25,1,"HIGH MED HIGH",NA
7,2,179.426707071895,12,6,6.49986526428254,"M",0,0.25,1,"HIGH MED HIGH",NA
7,3,177.775643855722,12,6,6.49957890560671,"M",0,0.25,1,"HIGH MED HIGH",NA
7,4,211.577808269366,14,8,8.49966095497896,"M",0,0.25,1,"HIGH MED HIGH",NA
7,5,101.379790481476,7,1,1.49933569239862,"M",0,0.25,1,"HIGH MED HIGH",NA
7,6,62.9427390687295,6,0,0.499816666615965,"M",0,0.25,1,"HIGH MED HIGH",NA
7,7,102.609913267513,7,1,1.50019252030611,"M",0,0.25,1,"HIGH MED HIGH",NA
7,8,96.0282160123093,7,1,1.5031670962955,"M",0,0.25,1,"HIGH MED HIGH",NA
7,9,201.603982737424,11,5,5.49827147301363,"M",0,0.25,1,"HIGH MED HIGH",NA
7,10,93.0922285889318,7,1,1.49935235051537,"M",0,0.25,1,"HIGH MED HIGH",NA
7,11,161.85706007188,10,4,4.50039639947222,"M",0,0.25,1,"HIGH MED HIGH",NA
7,12,65.4260911552446,6,0,0.500812879421659,"M",0,0.25,1,"HIGH MED HIGH",NA
8,1,61.5216705250312,7,0,0.498600857777093,"M",0,0.25,1,"HIGH MED HIGH",NA
8,2,132.578413956669,9,2,2.49938521788354,"M",0,0.25,1,"HIGH MED HIGH",NA
8,3,132.220192124329,10,3,3.49897043513141,"M",0,0.25,1,"HIGH MED HIGH",NA
8,4,200.382085428084,12,5,5.49961220034571,"M",0,0.25,1,"HIGH MED HIGH",NA
8,5,167.605350356024,12,5,5.50036844571714,"M",0,0.25,1,"HIGH MED HIGH",NA
8,6,152.645757236542,10,3,3.50078711327513,"M",0,0.25,1,"HIGH MED HIGH",NA
8,7,96.0458235811886,8,1,1.49957402549436,"M",0,0.25,1,"HIGH MED HIGH",NA
8,8,99.3629577015836,8,1,1.50080396451141,"M",0,0.25,1,"HIGH MED HIGH",NA
8,9,101.495488105645,8,1,1.49816413101644,"M",0,0.25,1,"HIGH MED HIGH",NA
8,10,139.545517185279,10,3,3.4995427125177,"M",0,0.25,1,"HIGH MED HIGH",NA
8,11,136.870658918266,10,3,3.49988556947334,"M",0,0.25,1,"HIGH MED HIGH",NA
8,12,176.057328294982,13,6,6.49956194512233,"M",0,0.25,1,"HIGH MED HIGH",NA
9,1,63.7629831812661,8,0,0.50117024127768,"M",0,0.25,1,"HIGH MED HIGH",NA
9,2,157.336257851874,12,4,4.50121819826355,"M",0,0.25,1,"HIGH MED HIGH",NA
9,3,99.8727624260171,9,1,1.49895870304928,"M",0,0.25,1,"HIGH MED HIGH",NA
9,4,65.1327779516006,8,0,0.500253630723572,"M",0,0.25,1,"HIGH MED HIGH",NA
9,5,207.473488867475,15,7,7.5002780748376,"M",0,0.25,1,"HIGH MED HIGH",NA
9,6,99.9599876803174,9,1,1.50062470279486,"M",0,0.25,1,"HIGH MED HIGH",NA
9,7,144.935281232805,12,4,4.49943467401197,"M",0,0.25,1,"HIGH MED HIGH",NA
9,8,63.667669286287,8,0,0.498584664336394,"M",0,0.25,1,"HIGH MED HIGH",NA
9,9,62.7115613897192,8,0,0.499561018122054,"M",0,0.25,1,"HIGH MED HIGH",NA
9,10,62.9232092479635,8,0,0.501135106694231,"M",0,0.25,1,"HIGH MED HIGH",NA
9,11,219.968514412149,20,12,12.5008910186782,"M",0,0.25,1,"HIGH MED HIGH",NA
9,12,59.9604007829549,8,0,0.496881622585667,"M",0,0.25,1,"HIGH MED HIGH",NA
9,13,193.744560631356,15,7,7.49930611882031,"M",0,0.25,1,"HIGH MED HIGH",NA
10,1,64.9068068911387,9,0,0.498787876513006,"M",0,0.25,1,"HIGH MED HIGH",NA
10,2,63.771858245693,9,0,0.498632993589781,"M",0,0.25,1,"HIGH MED HIGH",NA
10,3,126.094472744741,11,2,2.49952880821615,"M",0,0.25,1,"HIGH MED HIGH",NA
10,4,98.9677175368721,10,1,1.49926082470165,"M",0,0.25,1,"HIGH MED HIGH",NA
10,5,152.557159876391,12,3,3.49963141312176,"M",0,0.25,1,"HIGH MED HIGH",NA
10,6,63.4492392342973,9,0,0.498741939246946,"M",0,0.25,1,"HIGH MED HIGH",NA
10,7,63.2144530709447,9,0,0.501236333481826,"M",0,0.25,1,"HIGH MED HIGH",NA
10,8,62.0481785607034,9,0,0.500621137273054,"M",0,0.25,1,"HIGH MED HIGH",NA
10,9,102.353531292628,10,1,1.49914103595201,"M",0,0.25,1,"HIGH MED HIGH",NA
10,10,129.447156863951,11,2,2.4987578971712,"M",0,0.25,1,"HIGH MED HIGH",NA
10,11,234.475027024065,22,13,13.5004679551796,"M",0,0.25,1,"HIGH MED HIGH",NA
11,1,102.511637359353,11,1,1.49907380485103,"M",0,0.25,1,"HIGH MED HIGH",NA
11,2,193.403472092963,17,7,7.5018999363724,"M",0,0.25,1,"HIGH MED HIGH",NA
11,3,134.561816667213,12,2,2.49839840703348,"M",0,0.25,1,"HIGH MED HIGH",NA
11,4,62.8381421461394,10,0,0.499743745243209,"M",0,0.25,1,"HIGH MED HIGH",NA
11,5,116.857340532244,12,2,2.50067746676924,"M",0,0.25,1,"HIGH MED HIGH",NA
11,6,160.958650278242,14,4,4.50018132189748,"M",0,0.25,1,"HIGH MED HIGH",NA
11,7,128.96951771469,12,2,2.50013108402274,"M",0,0.25,1,"HIGH MED HIGH",NA
11,8,137.3750028532,12,2,2.49997834424098,"M",0,0.25,1,"HIGH MED HIGH",NA
11,9,178.699615347757,18,8,8.50121885547998,"M",0,0.25,1,"HIGH MED HIGH",NA
11,10,124.536110399135,12,2,2.5003053027546,"M",0,0.25,1,"HIGH MED HIGH",NA
11,11,65.186004271213,10,0,0.500634466773984,"M",0,0.25,1,"HIGH MED HIGH",NA
11,12,218.005957637093,24,14,14.4993791654889,"M",0,0.25,1,"HIGH MED HIGH",NA
11,13,200.086432320028,17,7,7.50018994231793,"M",0,0.25,1,"HIGH MED HIGH",NA
11,14,139.848558834074,13,3,3.4991981118241,"M",0,0.25,1,"HIGH MED HIGH",NA
12,1,61.7143710741002,11,0,0.500374594253866,"M",0,0.25,1,"HIGH MED HIGH",NA
12,2,154.425847215568,14,3,3.50100869000668,"M",0,0.25,1,"HIGH MED HIGH",NA
12,3,118.081489092941,13,2,2.50013161430496,"M",0,0.25,1,"HIGH MED HIGH",NA
12,4,206.38833187429,23,12,12.5008580842761,"M",0,0.25,1,"HIGH MED HIGH",NA
12,5,105.806132130478,12,1,1.49993934325642,"M",0,0.25,1,"HIGH MED HIGH",NA
12,6,175.688658123014,17,6,6.50047553655459,"M",0,0.25,1,"HIGH MED HIGH",NA
12,7,62.6729445016743,11,0,0.499219352734735,"M",0,0.25,1,"HIGH MED HIGH",NA
12,8,125.022151425198,13,2,2.50028993896362,"M",0,0.25,1,"HIGH MED HIGH",NA
12,9,62.8776651993402,11,0,0.502556674849629,"M",0,0.25,1,"HIGH MED HIGH",NA
12,10,100.080100238437,12,1,1.49979343936147,"M",0,0.25,1,"HIGH MED HIGH",NA
12,11,101.821646614969,12,1,1.49949351779565,"M",0,0.25,1,"HIGH MED HIGH",NA
12,12,63.3439246151541,11,0,0.500759848604546,"M",0,0.25,1,"HIGH MED HIGH",NA
13,1,95.8470592314602,13,1,1.49931886406048,"M",0,0.25,1,"HIGH MED HIGH",NA
13,2,122.983172342388,14,2,2.49996375110215,"M",0,0.25,1,"HIGH MED HIGH",NA
13,3,173.741230657785,17,5,5.50054689691197,"M",0,0.25,1,"HIGH MED HIGH",NA
13,4,141.078781394707,15,3,3.49789091106297,"M",0,0.25,1,"HIGH MED HIGH",NA
13,5,60.5971539569713,12,0,0.50044663678056,"M",0,0.25,1,"HIGH MED HIGH",NA
13,6,118.942519489713,14,2,2.49920731359763,"M",0,0.25,1,"HIGH MED HIGH",NA
13,7,190.153593003781,20,8,8.50142796697942,"M",0,0.25,1,"HIGH MED HIGH",NA
13,8,120.418085973248,14,2,2.49939979578337,"M",0,0.25,1,"HIGH MED HIGH",NA
13,9,152.156676822759,16,4,4.50043085679828,"M",0,0.25,1,"HIGH MED HIGH",NA
13,10,60.9721192723568,12,0,0.500939227542118,"M",0,0.25,1,"HIGH MED HIGH",NA
13,11,214.740966665517,22,10,10.4997091607684,"M",0,0.25,1,"HIGH MED HIGH",NA
13,12,126.72709372082,14,2,2.49903323763934,"M",0,0.25,1,"HIGH MED HIGH",NA
13,13,61.0347347841918,12,0,0.500864132994383,"M",0,0.25,1,"HIGH MED HIGH",NA
13,14,166.344157254101,17,5,5.49875855358644,"M",0,0.25,1,"HIGH MED HIGH",NA
14,1,128.549403487317,15,2,2.49984849507035,"M",0,0.25,1,"HIGH MED HIGH",NA
14,2,65.124603545035,13,0,0.499802853386158,"M",0,0.25,1,"HIGH MED HIGH",NA
14,3,117.265307940264,15,2,2.49960594415291,"M",0,0.25,1,"HIGH MED HIGH",NA
14,4,150.5630034665,16,3,3.50256002357881,"M",0,0.25,1,"HIGH MED HIGH",NA
14,5,62.4391062064239,13,0,0.501544803711069,"M",0,0.25,1,"HIGH MED HIGH",NA
14,6,62.7217223524445,13,0,0.499646331037301,"M",0,0.25,1,"HIGH MED HIGH",NA
14,7,102.000776976903,14,1,1.50050183735479,"M",0,0.25,1,"HIGH MED HIGH",NA
14,8,62.7205609402067,13,0,0.502886067403502,"M",0,0.25,1,"HIGH MED HIGH",NA
14,9,63.470865602262,13,0,0.49908697489299,"M",0,0.25,1,"HIGH MED HIGH",NA
14,10,172.663544376679,17,4,4.50084697112157,"M",0,0.25,1,"HIGH MED HIGH",NA
14,11,129.798438482272,15,2,2.49980734785423,"M",0,0.25,1,"HIGH MED HIGH",NA
14,12,66.0374569611769,13,0,0.499604971266058,"M",0,0.25,1,"HIGH MED HIGH",NA
14,13,94.3611638831009,14,1,1.50044327182336,"M",0,0.25,1,"HIGH MED HIGH",NA
14,14,240.582204866115,27,14,14.4992237098731,"M",0,0.25,1,"HIGH MED HIGH",NA
15,1,151.481801268127,17,3,3.5008727552906,"M",0,0.25,1,"HIGH MED HIGH",NA
15,2,174.097137888411,20,6,6.50035654402782,"M",0,0.25,1,"HIGH MED HIGH",NA
15,3,128.863444149096,16,2,2.50023496638069,"M",0,0.25,1,"HIGH MED HIGH",NA
15,4,61.790550410285,14,0,0.499186153399937,"M",0,0.25,1,"HIGH MED HIGH",NA
15,5,173.034851949873,23,9,9.49982772874828,"M",0,0.25,1,"HIGH MED HIGH",NA
15,6,220.06913376823,28,14,14.4992064360022,"M",0,0.25,1,"HIGH MED HIGH",NA
15,7,175.757856375519,18,4,4.49933990578366,"M",0,0.25,1,"HIGH MED HIGH",NA
15,8,63.0705159532994,14,0,0.499818163888369,"M",0,0.25,1,"HIGH MED HIGH",NA
15,9,91.4439056948806,15,1,1.50097566051501,"M",0,0.25,1,"HIGH MED HIGH",NA
15,10,128.975164082787,16,2,2.49956859080792,"M",0,0.25,1,"HIGH MED HIGH",NA
15,11,126.603754883415,16,2,2.49754596968211,"M",0,0.25,1,"HIGH MED HIGH",NA
15,12,214.183663353343,24,10,10.499605052801,"M",0,0.25,1,"HIGH MED HIGH",NA
15,13,131.65923814826,16,2,2.49901807444215,"M",0,0.25,1,"HIGH MED HIGH",NA
16,1,122.320505158936,17,2,2.50053314942739,"M",0,0.25,1,"HIGH MED HIGH",NA
16,2,132.162716293688,17,2,2.50066003063395,"M",0,0.25,1,"HIGH MED HIGH",NA
16,3,206.294509756263,24,9,9.49933969400263,"M",0,0.25,1,"HIGH MED HIGH",NA
16,4,144.127879327556,18,3,3.49939518334709,"M",0,0.25,1,"HIGH MED HIGH",NA
16,5,152.370686581109,19,4,4.50121437426013,"M",0,0.25,1,"HIGH MED HIGH",NA
16,6,200.044822111873,22,7,7.50017837686803,"M",0,0.25,1,"HIGH MED HIGH",NA
16,7,67.4147347688175,15,0,0.49973139213533,"M",0,0.25,1,"HIGH MED HIGH",NA
16,8,61.7345489546534,15,0,0.499845567597854,"M",0,0.25,1,"HIGH MED HIGH",NA
16,9,164.070158445938,19,4,4.50008251661769,"M",0,0.25,1,"HIGH MED HIGH",NA
16,10,168.036524608596,21,6,6.50107985112987,"M",0,0.25,1,"HIGH MED HIGH",NA
16,11,190.375817683695,22,7,7.50086785001443,"M",0,0.25,1,"HIGH MED HIGH",NA
16,12,172.708201268043,20,5,5.5004210108199,"M",0,0.25,1,"HIGH MED HIGH",NA
16,13,98.4660408525544,16,1,1.49936175848625,"M",0,0.25,1,"HIGH MED HIGH",NA
16,14,198.679308858525,25,10,10.5007912805026,"M",0,0.25,1,"HIGH MED HIGH",NA
17,1,125.140430088388,18,2,2.50118416465354,"M",0,0.25,1,"HIGH MED HIGH",NA
17,2,93.9641937168578,17,1,1.50079876010228,"M",0,0.25,1,"HIGH MED HIGH",NA
17,3,119.753144764815,18,2,2.50103315040029,"M",0,0.25,1,"HIGH MED HIGH",NA
17,4,154.848037544144,20,4,4.50070301191158,"M",0,0.25,1,"HIGH MED HIGH",NA
17,5,104.020300652522,17,1,1.50163542902803,"M",0,0.25,1,"HIGH MED HIGH",NA
17,6,148.484011607917,20,4,4.49964513900216,"M",0,0.25,1,"HIGH MED HIGH",NA
17,7,233.143360844795,28,12,12.4999960534229,"M",0,0.25,1,"HIGH MED HIGH",NA
17,8,160.107929647928,20,4,4.50090021336686,"M",0,0.25,1,"HIGH MED HIGH",NA
17,9,188.509684328939,24,8,8.5007593175293,"M",0,0.25,1,"HIGH MED HIGH",NA
17,10,100.468865986946,17,1,1.49950450218233,"M",0,0.25,1,"HIGH MED HIGH",NA
17,11,153.293792229474,19,3,3.49968473864713,"M",0,0.25,1,"HIGH MED HIGH",NA
17,12,100.290361610438,17,1,1.50005341051449,"M",0,0.25,1,"HIGH MED HIGH",NA
17,13,144.429414361625,19,3,3.49907893164388,"M",0,0.25,1,"HIGH MED HIGH",NA
18,1,61.3740128784277,17,0,0.500981048317516,"M",0,0.25,1,"HIGH MED HIGH",NA
18,2,101.272861656876,18,1,1.49828997287805,"M",0,0.25,1,"HIGH MED HIGH",NA
18,3,127.129793504337,20,3,3.50199069417879,"M",0,0.25,1,"HIGH MED HIGH",NA
18,4,62.5073749005082,17,0,0.500653732878253,"M",0,0.25,1,"HIGH MED HIGH",NA
18,5,62.144295417647,17,0,0.499810281003322,"M",0,0.25,1,"HIGH MED HIGH",NA
18,6,191.288039188321,22,5,5.50061423441225,"M",0,0.25,1,"HIGH MED HIGH",NA
18,7,186.138714527698,27,10,10.4996489072291,"M",0,0.25,1,"HIGH MED HIGH",NA
18,8,130.948160955509,19,2,2.49997676677659,"M",0,0.25,1,"HIGH MED HIGH",NA
18,9,101.670139533375,18,1,1.49925024982268,"M",0,0.25,1,"HIGH MED HIGH",NA
18,10,127.097760063961,19,2,2.50148884532337,"M",0,0.25,1,"HIGH MED HIGH",NA
19,1,183.421410164749,32,14,14.500243336771,"M",0,0.25,1,"HIGH MED HIGH",NA
19,2,168.980971026224,24,6,6.50101887899267,"M",0,0.25,1,"HIGH MED HIGH",NA
19,3,128.533046319843,20,2,2.49892676655663,"M",0,0.25,1,"HIGH MED HIGH",NA
19,4,90.6247273460815,19,1,1.5003757191974,"M",0,0.25,1,"HIGH MED HIGH",NA
19,5,102.831026265209,19,1,1.50003592587568,"M",0,0.25,1,"HIGH MED HIGH",NA
19,6,180.175389348738,23,5,5.49816753510505,"M",0,0.25,1,"HIGH MED HIGH",NA
19,7,248.397937214127,31,13,13.5007827853133,"M",0,0.25,1,"HIGH MED HIGH",NA
19,8,62.7925874869831,18,0,0.501097594860864,"M",0,0.25,1,"HIGH MED HIGH",NA
19,9,98.4468065742342,19,1,1.49896372238753,"M",0,0.25,1,"HIGH MED HIGH",NA
19,10,180.546420146019,23,5,5.49882330884055,"M",0,0.25,1,"HIGH MED HIGH",NA
19,11,164.685488026913,22,4,4.49999503592186,"M",0,0.25,1,"HIGH MED HIGH",NA
19,12,60.496336370203,18,0,0.502108611448315,"M",0,0.25,1,"HIGH MED HIGH",NA
20,1,147.78412047228,22,3,3.49947831956342,"M",0,0.25,1,"HIGH MED HIGH",NA
20,2,174.024483986667,23,4,4.49959261334137,"M",0,0.25,1,"HIGH MED HIGH",NA
20,3,152.070669727876,23,4,4.49989927885477,"M",0,0.25,1,"HIGH MED HIGH",NA
20,4,120.166939935466,21,2,2.50074129639665,"M",0,0.25,1,"HIGH MED HIGH",NA
20,5,62.6130342477475,19,0,0.498784348657358,"M",0,0.25,1,"HIGH MED HIGH",NA
20,6,231.215318776265,27,8,8.50147905128561,"M",0,0.25,1,"HIGH MED HIGH",NA
20,7,172.662306058532,24,5,5.5005122723052,"M",0,0.25,1,"HIGH MED HIGH",NA
20,8,102.530587412368,20,1,1.50229223025319,"M",0,0.25,1,"HIGH MED HIGH",NA
20,9,177.962570095502,26,7,7.49964384079228,"M",0,0.25,1,"HIGH MED HIGH",NA
20,10,183.107689569023,25,6,6.50032987299067,"M",0,0.25,1,"HIGH MED HIGH",NA
20,11,62.1255404070811,19,0,0.500474770385277,"M",0,0.25,1,"HIGH MED HIGH",NA
21,1,220.568500492974,32,12,12.499091723425,"M",0,0.25,1,"HIGH MED HIGH",NA
21,2,105.593318365986,21,1,1.49906345094028,"M",0,0.25,1,"HIGH MED HIGH",NA
21,3,190.321980135192,29,9,9.49765289596007,"M",0,0.25,1,"HIGH MED HIGH",NA
21,4,123.588720510399,22,2,2.50089251308708,"M",0,0.25,1,"HIGH MED HIGH",NA
21,5,176.544778743773,27,7,7.49930961453037,"M",0,0.25,1,"HIGH MED HIGH",NA
21,6,147.690207547088,24,4,4.4998115176468,"M",0,0.25,1,"HIGH MED HIGH",NA
21,7,63.7864906150204,20,0,0.499648806300848,"M",0,0.25,1,"HIGH MED HIGH",NA
21,8,206.820981918263,31,11,11.5007894640956,"M",0,0.25,1,"HIGH MED HIGH",NA
21,9,197.597115070428,30,10,10.4993868202927,"M",0,0.25,1,"HIGH MED HIGH",NA
21,10,63.817501224508,20,0,0.501060717219373,"M",0,0.25,1,"HIGH MED HIGH",NA
21,11,140.025995826161,23,3,3.49914496723343,"M",0,0.25,1,"HIGH MED HIGH",NA
21,12,98.3335729277405,21,1,1.49966074987163,"M",0,0.25,1,"HIGH MED HIGH",NA
21,13,239.738306028701,33,13,13.5003733009343,"M",0,0.25,1,"HIGH MED HIGH",NA
22,1,61.8498553488516,21,0,0.500206082048946,"M",0,0.25,1,"HIGH MED HIGH",NA
22,2,133.358649349493,24,3,3.50005883420883,"M",0,0.25,1,"HIGH MED HIGH",NA
22,3,61.9350069269547,21,0,0.499231769215241,"M",0,0.25,1,"HIGH MED HIGH",NA
22,4,133.696158233884,24,3,3.49968035349743,"M",0,0.25,1,"HIGH MED HIGH",NA
22,5,155.408240775562,24,3,3.50137506716734,"M",0,0.25,1,"HIGH MED HIGH",NA
22,6,95.5996888738727,22,1,1.50115307202726,"M",0,0.25,1,"HIGH MED HIGH",NA
22,7,193.836646723046,29,8,8.50005981569231,"M",0,0.25,1,"HIGH MED HIGH",NA
22,8,123.679711685698,23,2,2.50089988208299,"M",0,0.25,1,"HIGH MED HIGH",NA
22,9,207.092336210653,29,8,8.50041711893795,"M",0,0.25,1,"HIGH MED HIGH",NA
22,10,62.2809983881062,21,0,0.500585207570079,"M",0,0.25,1,"HIGH MED HIGH",NA
22,11,197.685821930455,27,6,6.50072991078403,"M",0,0.25,1,"HIGH MED HIGH",NA
23,1,156.926078857445,25,3,3.49900392053259,"M",0,0.25,1,"HIGH MED HIGH",NA
23,2,223.627038241513,32,10,10.5006745322023,"M",0,0.25,1,"HIGH MED HIGH",NA
23,3,93.8827804970143,23,1,1.49984345487966,"M",0,0.25,1,"HIGH MED HIGH",NA
23,4,118.614855072871,24,2,2.4989350769952,"M",0,0.25,1,"HIGH MED HIGH",NA
23,5,98.7226756224613,23,1,1.49846407798783,"M",0,0.25,1,"HIGH MED HIGH",NA
23,6,64.8649223817344,22,0,0.499019676872459,"M",0,0.25,1,"HIGH MED HIGH",NA
23,7,96.7288349427347,23,1,1.50054563836617,"M",0,0.25,1,"HIGH MED HIGH",NA
23,8,64.0966914929987,22,0,0.500948871771398,"M",0,0.25,1,"HIGH MED HIGH",NA
23,9,61.716076295512,22,0,0.499407710942734,"M",0,0.25,1,"HIGH MED HIGH",NA
23,10,64.6809295914565,22,0,0.499713762405182,"M",0,0.25,1,"HIGH MED HIGH",NA
23,11,62.6489150965889,22,0,0.500423382280754,"M",0,0.25,1,"HIGH MED HIGH",NA
23,12,116.532454763776,24,2,2.50137960764041,"M",0,0.25,1,"HIGH MED HIGH",NA
24,1,62.7132907209907,23,0,0.500075542376677,"M",0,0.25,1,"HIGH MED HIGH",NA
24,2,219.23850597207,33,10,10.4997048168313,"M",0,0.25,1,"HIGH MED HIGH",NA
24,3,175.160797991273,28,5,5.5004990977676,"M",0,0.25,1,"HIGH MED HIGH",NA
24,4,156.549690503088,27,4,4.49932909494868,"M",0,0.25,1,"HIGH MED HIGH",NA
24,5,98.9162515434484,24,1,1.50057354752472,"M",0,0.25,1,"HIGH MED HIGH",NA
24,6,175.357910108281,27,4,4.50034786958171,"M",0,0.25,1,"HIGH MED HIGH",NA
24,7,64.6909127350369,23,0,0.499893195532027,"M",0,0.25,1,"HIGH MED HIGH",NA
24,8,164.102222863282,27,4,4.49976907874649,"M",0,0.25,1,"HIGH MED HIGH",NA
24,9,95.6620047481039,24,1,1.49850895873645,"M",0,0.25,1,"HIGH MED HIGH",NA
24,10,243.68884145747,35,12,12.4997550100992,"M",0,0.25,1,"HIGH MED HIGH",NA
24,11,165.355598265611,27,4,4.49998547967375,"M",0,0.25,1,"HIGH MED HIGH",NA
25,1,168.030205875276,28,4,4.50014258268159,"M",0,0.25,1,"HIGH MED HIGH",NA
25,2,191.717363398463,32,8,8.49807229590799,"M",0,0.25,1,"HIGH MED HIGH",NA
25,3,259.258347343676,33,9,9.50130225001043,"M",0,0.25,1,"HIGH MED HIGH",NA
25,4,96.3221790013515,25,1,1.50029024622476,"M",0,0.25,1,"HIGH MED HIGH",NA
25,5,130.017777695081,26,2,2.50078884922638,"M",0,0.25,1,"HIGH MED HIGH",NA
25,6,193.477715506573,30,6,6.5015495936026,"M",0,0.25,1,"HIGH MED HIGH",NA
25,7,117.293421545816,26,2,2.49986452642728,"M",0,0.25,1,"HIGH MED HIGH",NA
25,8,159.749660181239,27,3,3.50097097179244,"M",0,0.25,1,"HIGH MED HIGH",NA
25,9,122.290189543353,26,2,2.50004807277043,"M",0,0.25,1,"HIGH MED HIGH",NA
26,1,96.9941199630927,26,1,1.50064550188316,"M",0,0.25,1,"HIGH MED HIGH",NA
26,2,188.305328165296,32,7,7.50049473564512,"M",0,0.25,1,"HIGH MED HIGH",NA
26,3,64.3128440400228,25,0,0.499734138502127,"M",0,0.25,1,"HIGH MED HIGH",NA
26,4,182.410429637757,32,7,7.50019654710422,"M",0,0.25,1,"HIGH MED HIGH",NA
26,5,152.487706259091,28,3,3.50309846941002,"M",0,0.25,1,"HIGH MED HIGH",NA
26,6,166.739630841173,29,4,4.49934301867128,"M",0,0.25,1,"HIGH MED HIGH",NA
26,7,144.955022723543,28,3,3.5004307627516,"M",0,0.25,1,"HIGH MED HIGH",NA
26,8,177.611670829365,29,4,4.50088200333699,"M",0,0.25,1,"HIGH MED HIGH",NA
26,9,132.124599574312,27,2,2.50183614236171,"M",0,0.25,1,"HIGH MED HIGH",NA
26,10,165.816345500693,29,4,4.50039961517105,"M",0,0.25,1,"HIGH MED HIGH",NA
26,11,97.4244451380491,26,1,1.49863624390892,"M",0,0.25,1,"HIGH MED HIGH",NA
26,12,95.8641291481229,26,1,1.49985543149456,"M",0,0.25,1,"HIGH MED HIGH",NA
26,13,201.154046375717,34,9,9.501986164804,"M",0,0.25,1,"HIGH MED HIGH",NA
27,1,101.204909221468,27,1,1.50018080757816,"M",0,0.25,1,"HIGH MED HIGH",NA
27,2,132.315815444442,29,3,3.50060266341634,"M",0,0.25,1,"HIGH MED HIGH",NA
27,3,95.8107037258665,27,1,1.50136061436636,"M",0,0.25,1,"HIGH MED HIGH",NA
27,4,188.958177584236,33,7,7.49951094566465,"M",0,0.25,1,"HIGH MED HIGH",NA
27,5,181.434527804269,31,5,5.49943009513242,"M",0,0.25,1,"HIGH MED HIGH",NA
27,6,187.997463826551,35,9,9.50103711160078,"M",0,0.25,1,"HIGH MED HIGH",NA
27,7,61.6692536499797,26,0,0.499576742380914,"M",0,0.25,1,"HIGH MED HIGH",NA
27,8,102.767418178393,27,1,1.5010783778526,"M",0,0.25,1,"HIGH MED HIGH",NA
27,9,62.5719119635058,26,0,0.501107357668251,"M",0,0.25,1,"HIGH MED HIGH",NA
27,10,61.7486972480042,26,0,0.497930660602319,"M",0,0.25,1,"HIGH MED HIGH",NA
27,11,95.6305540621349,27,1,1.50083987001967,"M",0,0.25,1,"HIGH MED HIGH",NA
27,12,94.5223012209083,27,1,1.49929682708764,"M",0,0.25,1,"HIGH MED HIGH",NA
27,13,121.681606820829,28,2,2.49968743132158,"M",0,0.25,1,"HIGH MED HIGH",NA
28,1,60.950243851645,27,0,0.500723501105321,"M",0,0.25,1,"HIGH MED HIGH",NA
28,2,96.2915323144494,28,1,1.5005518806741,"M",0,0.25,1,"HIGH MED HIGH",NA
28,3,174.718873647185,31,4,4.49945103319368,"M",0,0.25,1,"HIGH MED HIGH",NA
28,4,63.5076002076523,27,0,0.501500387539481,"M",0,0.25,1,"HIGH MED HIGH",NA
28,5,119.781760232196,29,2,2.50047165851692,"M",0,0.25,1,"HIGH MED HIGH",NA
28,6,152.462260422295,31,4,4.49828648505381,"M",0,0.25,1,"HIGH MED HIGH",NA
28,7,62.9843684776919,27,0,0.50020045393088,"M",0,0.25,1,"HIGH MED HIGH",NA
28,8,62.0546794215418,27,0,0.500077426730838,"M",0,0.25,1,"HIGH MED HIGH",NA
28,9,63.3880494362185,27,0,0.499507385928999,"M",0,0.25,1,"HIGH MED HIGH",NA
28,10,62.9750692908589,27,0,0.500150737219843,"M",0,0.25,1,"HIGH MED HIGH",NA
28,11,63.36452604213,27,0,0.499985434491713,"M",0,0.25,1,"HIGH MED HIGH",NA
28,12,62.4672197759041,27,0,0.502104313888999,"M",0,0.25,1,"HIGH MED HIGH",NA
29,1,191.419430396166,37,9,9.49969518246613,"M",0,0.25,1,"HIGH MED HIGH",NA
29,2,154.35202328645,31,3,3.49843275589232,"M",0,0.25,1,"HIGH MED HIGH",NA
29,3,192.720802119195,34,6,6.50042502918108,"M",0,0.25,1,"HIGH MED HIGH",NA
29,4,100.248044196106,29,1,1.49796694211117,"M",0,0.25,1,"HIGH MED HIGH",NA
29,5,60.4544030660403,28,0,0.499192041818446,"M",0,0.25,1,"HIGH MED HIGH",NA
29,6,122.606259173118,30,2,2.49895922657329,"M",0,0.25,1,"HIGH MED HIGH",NA
29,7,101.160355817391,29,1,1.5008341201907,"M",0,0.25,1,"HIGH MED HIGH",NA
29,8,62.9478125676144,28,0,0.500656834694193,"M",0,0.25,1,"HIGH MED HIGH",NA
29,9,62.3281282085187,28,0,0.50225952720383,"M",0,0.25,1,"HIGH MED HIGH",NA
29,10,65.4457773920522,28,0,0.500408212089419,"M",0,0.25,1,"HIGH MED HIGH",NA
29,11,102.881971971112,29,1,1.49884704402202,"M",0,0.25,1,"HIGH MED HIGH",NA
29,12,194.000498486728,39,11,11.5003708203631,"M",0,0.25,1,"HIGH MED HIGH",NA
29,13,59.9593141181198,28,0,0.49976134180185,"M",0,0.25,1,"HIGH MED HIGH",NA
30,1,60.1395354891955,29,0,0.500002642516015,"M",0,0.25,1,"HIGH MED HIGH",NA
30,2,61.7727755712484,29,0,0.499145999856072,"M",0,0.25,1,"HIGH MED HIGH",NA
30,3,146.781381985981,32,3,3.49933059077122,"M",0,0.25,1,"HIGH MED HIGH",NA
30,4,241.068133639437,36,7,7.49887167657614,"M",0,0.25,1,"HIGH MED HIGH",NA
30,5,66.6283338587922,29,0,0.49996178247876,"M",0,0.25,1,"HIGH MED HIGH",NA
30,6,201.006579334219,37,8,8.4995470926604,"M",0,0.25,1,"HIGH MED HIGH",NA
30,7,140.580846057778,31,2,2.4997687266848,"M",0,0.25,1,"HIGH MED HIGH",NA
30,8,205.848440878215,38,9,9.50011231177639,"M",0,0.25,1,"HIGH MED HIGH",NA
30,9,94.236294399849,30,1,1.50011808490451,"M",0,0.25,1,"HIGH MED HIGH",NA
30,10,236.436507151546,38,9,9.49945737998167,"M",0,0.25,1,"HIGH MED HIGH",NA
31,1,132.797798667075,33,3,3.50066896004014,"M",0,0.25,1,"HIGH MED HIGH",NA
31,2,61.1079286030363,30,0,0.500564649012178,"M",0,0.25,1,"HIGH MED HIGH",NA
31,3,146.041347107358,33,3,3.4983228914085,"M",0,0.25,1,"HIGH MED HIGH",NA
31,4,64.7916297422063,30,0,0.500324613386575,"M",0,0.25,1,"HIGH MED HIGH",NA
31,5,94.0759333858541,31,1,1.499786614553,"M",0,0.25,1,"HIGH MED HIGH",NA
31,6,64.1873370142637,30,0,0.49978334185495,"M",0,0.25,1,"HIGH MED HIGH",NA
31,7,62.2830001789831,30,0,0.500815511449469,"M",0,0.25,1,"HIGH MED HIGH",NA
31,8,146.267153478808,33,3,3.4990168666656,"M",0,0.25,1,"HIGH MED HIGH",NA
31,9,219.735466194513,39,9,9.50044534040425,"M",0,0.25,1,"HIGH MED HIGH",NA
31,10,175.746217545319,36,6,6.5001665814646,"M",0,0.25,1,"HIGH MED HIGH",NA
31,11,92.0303592627504,31,1,1.50073063270095,"M",0,0.25,1,"HIGH MED HIGH",NA
31,12,184.57613075459,35,5,5.50008706526833,"M",0,0.25,1,"HIGH MED HIGH",NA
31,13,214.720155325255,40,10,10.500055599414,"M",0,0.25,1,"HIGH MED HIGH",NA
31,14,121.457616499932,32,2,2.50091855524157,"M",0,0.25,1,"HIGH MED HIGH",NA
31,15,63.3962957187097,30,0,0.501702738815172,"M",0,0.25,1,"HIGH MED HIGH",NA
32,1,147.575056706369,34,3,3.49804304111187,"M",0,0.25,1,"HIGH MED HIGH",NA
32,2,162.362658387187,35,4,4.50027345018946,"M",0,0.25,1,"HIGH MED HIGH",NA
32,3,91.54820518116,32,1,1.50110956971422,"M",0,0.25,1,"HIGH MED HIGH",NA
32,4,97.035866208523,32,1,1.49900654452435,"M",0,0.25,1,"HIGH MED HIGH",NA
32,5,180.448176076453,38,7,7.49794282658976,"M",0,0.25,1,"HIGH MED HIGH",NA
32,6,158.12053535742,34,3,3.50064850039044,"M",0,0.25,1,"HIGH MED HIGH",NA
32,7,180.739787817066,35,4,4.50106462110866,"M",0,0.25,1,"HIGH MED HIGH",NA
32,8,62.6784747375684,31,0,0.500531174067294,"M",0,0.25,1,"HIGH MED HIGH",NA
32,9,201.630299651653,37,6,6.50031434530444,"M",0,0.25,1,"HIGH MED HIGH",NA
32,10,66.1741465004947,31,0,0.498782462349433,"M",0,0.25,1,"HIGH MED HIGH",NA
32,11,64.1400627691755,31,0,0.500152456803576,"M",0,0.25,1,"HIGH MED HIGH",NA
32,12,65.7868776461837,31,0,0.499337180488958,"M",0,0.25,1,"HIGH MED HIGH",NA
32,13,103.117103611609,32,1,1.50211230310372,"M",0,0.25,1,"HIGH MED HIGH",NA
32,14,216.830562136602,44,13,13.4992580839557,"M",0,0.25,1,"HIGH MED HIGH",NA
33,1,61.8337874406527,32,0,0.501724255014352,"M",0,0.25,1,"HIGH MED HIGH",NA
33,2,178.437895844406,36,4,4.5006939014281,"M",0,0.25,1,"HIGH MED HIGH",NA
33,3,199.387429962591,40,8,8.49888522339762,"M",0,0.25,1,"HIGH MED HIGH",NA
33,4,63.5344712482661,32,0,0.49841958048893,"M",0,0.25,1,"HIGH MED HIGH",NA
33,5,193.801150770805,38,6,6.50022439540377,"M",0,0.25,1,"HIGH MED HIGH",NA
33,6,104.999627816978,33,1,1.49984395277718,"M",0,0.25,1,"HIGH MED HIGH",NA
33,7,65.104240784676,32,0,0.499850789338462,"M",0,0.25,1,"HIGH MED HIGH",NA
33,8,184.726828687234,38,6,6.50114532116573,"M",0,0.25,1,"HIGH MED HIGH",NA
33,9,163.572797621805,36,4,4.49933653777438,"M",0,0.25,1,"HIGH MED HIGH",NA
33,10,181.904574059583,37,5,5.50060189676114,"M",0,0.25,1,"HIGH MED HIGH",NA
33,11,130.599546166622,34,2,2.49970415469048,"M",0,0.25,1,"HIGH MED HIGH",NA
33,12,186.626595525622,37,5,5.49966212290705,"M",0,0.25,1,"HIGH MED HIGH",NA
34,1,64.1592575277453,33,0,0.499609344656596,"M",0,0.25,1,"HIGH MED HIGH",NA
34,2,130.129579254876,35,2,2.49935405550778,"M",0,0.25,1,"HIGH MED HIGH",NA
34,3,121.896315347788,35,2,2.49941188094119,"M",0,0.25,1,"HIGH MED HIGH",NA
34,4,64.0605220269299,33,0,0.500059992898831,"M",0,0.25,1,"HIGH MED HIGH",NA
34,5,61.2874672327968,33,0,0.500001422370077,"M",0,0.25,1,"HIGH MED HIGH",NA
34,6,99.1508809330301,34,1,1.50051077735665,"M",0,0.25,1,"HIGH MED HIGH",NA
34,7,168.130559040492,36,3,3.49904918630149,"M",0,0.25,1,"HIGH MED HIGH",NA
34,8,61.3914655536986,33,0,0.500178803620572,"M",0,0.25,1,"HIGH MED HIGH",NA
34,9,63.0740141115164,33,0,0.501126978761261,"M",0,0.25,1,"HIGH MED HIGH",NA
34,10,64.2985058274889,33,0,0.499261272237337,"M",0,0.25,1,"HIGH MED HIGH",NA
34,11,135.123672572821,35,2,2.50099204906715,"M",0,0.25,1,"HIGH MED HIGH",NA
34,12,215.406723174087,44,11,11.5018121123816,"M",0,0.25,1,"HIGH MED HIGH",NA
35,1,101.384491806275,35,1,1.5003938615232,"M",0,0.25,1,"HIGH MED HIGH",NA
35,2,174.93881113125,39,5,5.50097993771962,"M",0,0.25,1,"HIGH MED HIGH",NA
35,3,173.973109148919,40,6,6.49911145651597,"M",0,0.25,1,"HIGH MED HIGH",NA
35,4,65.4456960865064,34,0,0.500076604728493,"M",0,0.25,1,"HIGH MED HIGH",NA
35,5,95.5125291091871,35,1,1.49975154097878,"M",0,0.25,1,"HIGH MED HIGH",NA
35,6,62.8437021735882,34,0,0.496895313141764,"M",0,0.25,1,"HIGH MED HIGH",NA
35,7,63.1791124915169,34,0,0.499968016057127,"M",0,0.25,1,"HIGH MED HIGH",NA
35,8,64.0777190993709,34,0,0.500065274146926,"M",0,0.25,1,"HIGH MED HIGH",NA
35,9,118.356594733784,36,2,2.50074575656358,"M",0,0.25,1,"HIGH MED HIGH",NA
35,10,125.782266278219,36,2,2.50116982777252,"M",0,0.25,1,"HIGH MED HIGH",NA
35,11,205.181516282018,46,12,12.4990334280481,"M",0,0.25,1,"HIGH MED HIGH",NA
35,12,124.699573815945,36,2,2.50089405227504,"M",0,0.25,1,"HIGH MED HIGH",NA
35,13,193.871689056733,40,6,6.50056611242785,"M",0,0.25,1,"HIGH MED HIGH",NA
35,14,101.670268273308,35,1,1.50099517249395,"M",0,0.25,1,"HIGH MED HIGH",NA
36,1,228.001618163405,48,13,13.4997778219013,"M",0,0.25,1,"HIGH MED HIGH",NA
36,2,62.0827533600388,35,0,0.498591118641775,"M",0,0.25,1,"HIGH MED HIGH",NA
36,3,62.3959028784789,35,0,0.498911574333905,"M",0,0.25,1,"HIGH MED HIGH",NA
36,4,97.9888223766908,36,1,1.50000879355784,"M",0,0.25,1,"HIGH MED HIGH",NA
36,5,172.465550767003,43,8,8.50043878057851,"M",0,0.25,1,"HIGH MED HIGH",NA
36,6,61.6914641196558,35,0,0.498824717206261,"M",0,0.25,1,"HIGH MED HIGH",NA
36,7,212.953995196241,48,13,13.4985090406042,"M",0,0.25,1,"HIGH MED HIGH",NA
36,8,206.058988659486,43,8,8.49928450321897,"M",0,0.25,1,"HIGH MED HIGH",NA
36,9,168.340536230462,42,7,7.49971770755773,"M",0,0.25,1,"HIGH MED HIGH",NA
36,10,62.6231057365132,35,0,0.499968452532444,"M",0,0.25,1,"HIGH MED HIGH",NA
36,11,117.739117199673,37,2,2.49990651674182,"M",0,0.25,1,"HIGH MED HIGH",NA
36,12,97.4506240870267,36,1,1.50018582958407,"M",0,0.25,1,"HIGH MED HIGH",NA
37,1,170.425737877882,41,5,5.50005488816744,"M",0,0.25,1,"HIGH MED HIGH",NA
37,2,125.847349647538,38,2,2.50124956433098,"M",0,0.25,1,"HIGH MED HIGH",NA
37,3,61.9551705960816,36,0,0.498390265433083,"M",0,0.25,1,"HIGH MED HIGH",NA
37,4,116.409720515931,38,2,2.49878613209372,"M",0,0.25,1,"HIGH MED HIGH",NA
37,5,173.866095360194,49,13,13.5004585557919,"M",0,0.25,1,"HIGH MED HIGH",NA
37,6,153.644298769256,40,4,4.50023361138873,"M",0,0.25,1,"HIGH MED HIGH",NA
37,7,104.844720913184,37,1,1.50056781847939,"M",0,0.25,1,"HIGH MED HIGH",NA
37,8,158.769176192395,40,4,4.49950032413776,"M",0,0.25,1,"HIGH MED HIGH",NA
37,9,61.3665620210519,36,0,0.500177497242327,"M",0,0.25,1,"HIGH MED HIGH",NA
37,10,160.99865825505,40,4,4.4995898974629,"M",0,0.25,1,"HIGH MED HIGH",NA
37,11,60.3518758798879,36,0,0.501143306246185,"M",0,0.25,1,"HIGH MED HIGH",NA
38,1,130.932242607245,39,2,2.50203261518465,"M",0,0.25,1,"HIGH MED HIGH",NA
38,2,147.007829104122,42,5,5.4995785248641,"M",0,0.25,1,"HIGH MED HIGH",NA
38,3,182.529064434543,43,6,6.50096247291442,"M",0,0.25,1,"HIGH MED HIGH",NA
38,4,144.437532035748,40,3,3.49992510590599,"M",0,0.25,1,"HIGH MED HIGH",NA
38,5,60.7022584490853,37,0,0.499888535701361,"M",0,0.25,1,"HIGH MED HIGH",NA
38,6,217.317082372561,46,9,9.49927002077792,"M",0,0.25,1,"HIGH MED HIGH",NA
38,7,125.466369049072,39,2,2.49966238623832,"M",0,0.25,1,"HIGH MED HIGH",NA
38,8,165.725342653535,42,5,5.49891917532724,"M",0,0.25,1,"HIGH MED HIGH",NA
38,9,120.334739103775,39,2,2.50077233764665,"M",0,0.25,1,"HIGH MED HIGH",NA
38,10,189.633819827536,45,8,8.500754728458,"M",0,0.25,1,"HIGH MED HIGH",NA
38,11,175.096995809487,42,5,5.50042525536963,"M",0,0.25,1,"HIGH MED HIGH",NA
38,12,63.1403617793127,37,0,0.499421791089458,"M",0,0.25,1,"HIGH MED HIGH",NA
38,13,124.853224015042,39,2,2.50101704215631,"M",0,0.25,1,"HIGH MED HIGH",NA
39,1,159.935519025113,42,4,4.49960032843539,"M",0,0.25,1,"HIGH MED HIGH",NA
39,2,192.031858225085,43,5,5.49967876228556,"M",0,0.25,1,"HIGH MED HIGH",NA
39,3,140.845682611228,41,3,3.50213098247228,"M",0,0.25,1,"HIGH MED HIGH",NA
39,4,95.7459427339411,39,1,1.50116079847012,"M",0,0.25,1,"HIGH MED HIGH",NA
39,5,147.529503048642,41,3,3.50094750894083,"M",0,0.25,1,"HIGH MED HIGH",NA
39,6,171.401160235721,46,8,8.50010106573363,"M",0,0.25,1,"HIGH MED HIGH",NA
39,7,212.383398924446,45,7,7.49981254702258,"M",0,0.25,1,"HIGH MED HIGH",NA
39,8,151.100771648762,41,3,3.5010267755837,"M",0,0.25,1,"HIGH MED HIGH",NA
39,9,61.828962038769,38,0,0.499634111730807,"M",0,0.25,1,"HIGH MED HIGH",NA
39,10,202.32160196457,44,6,6.50071196742376,"M",0,0.25,1,"HIGH MED HIGH",NA
39,11,126.128223542043,40,2,2.49846612651133,"M",0,0.25,1,"HIGH MED HIGH",NA
39,12,98.3041781322434,39,1,1.49934652735334,"M",0,0.25,1,"HIGH MED HIGH",NA
39,13,154.541245872498,41,3,3.50165341864703,"M",0,0.25,1,"HIGH MED HIGH",NA
40,1,115.769490533901,41,2,2.50051660081647,"M",0,0.25,1,"HIGH MED HIGH",NA
40,2,63.9648946364866,39,0,0.499141956021464,"M",0,0.25,1,"HIGH MED HIGH",NA
40,3,63.2953878634707,39,0,0.499430485050283,"M",0,0.25,1,"HIGH MED HIGH",NA
40,4,174.639930796779,44,5,5.50120759893222,"M",0,0.25,1,"HIGH MED HIGH",NA
40,5,156.908704235194,44,5,5.49923584341585,"M",0,0.25,1,"HIGH MED HIGH",NA
40,6,190.57647723189,45,6,6.49974878328007,"M",0,0.25,1,"HIGH MED HIGH",NA
40,7,196.439386384568,45,6,6.50086025355921,"M",0,0.25,1,"HIGH MED HIGH",NA
40,8,60.5076751926354,39,0,0.499508691150652,"M",0,0.25,1,"HIGH MED HIGH",NA
40,9,190.371370203838,46,7,7.49802158913488,"M",0,0.25,1,"HIGH MED HIGH",NA
40,10,59.3352872615933,39,0,0.500865522819743,"M",0,0.25,1,"HIGH MED HIGH",NA
41,1,144.560687666072,43,3,3.50182678769957,"M",0,0.25,1,"HIGH MED HIGH",NA
41,2,191.256302681961,45,5,5.50137908362806,"M",0,0.25,1,"HIGH MED HIGH",NA
41,3,113.693134078907,42,2,2.49927456133157,"M",0,0.25,1,"HIGH MED HIGH",NA
41,4,61.9921486324071,40,0,0.499823889818061,"M",0,0.25,1,"HIGH MED HIGH",NA
41,5,101.629965255185,41,1,1.4998690526042,"M",0,0.25,1,"HIGH MED HIGH",NA
41,6,217.011480813479,48,8,8.49829846629303,"M",0,0.25,1,"HIGH MED HIGH",NA
41,7,60.4546874469575,40,0,0.499773290078061,"M",0,0.25,1,"HIGH MED HIGH",NA
41,8,199.014593125644,50,10,10.5006817505677,"FISHED",0.360725473286584,0.25,1,"HIGH MED HIGH",NA
41,9,180.805586955219,45,5,5.49898159577428,"M",0,0.25,1,"HIGH MED HIGH",NA
41,10,60.3153628807954,40,0,0.49986299280305,"M",0,0.25,1,"HIGH MED HIGH",NA
41,11,63.0171986632431,40,0,0.498080663236557,"M",0,0.25,1,"HIGH MED HIGH",NA
41,12,149.173040184976,45,5,5.4985407894262,"M",0,0.25,1,"HIGH MED HIGH",NA
42,1,62.0316789184841,41,0,0.499819275793284,"M",0,0.25,1,"HIGH MED HIGH",NA
42,2,191.078451330498,45,4,4.49886326548703,"M",0,0.25,1,"HIGH MED HIGH",NA
42,3,56.7784949258271,41,0,0.499018107751411,"M",0,0.25,1,"HIGH MED HIGH",NA
42,4,157.902456057539,44,3,3.49958392571295,"M",0,0.25,1,"HIGH MED HIGH",NA
42,5,174.545794739269,46,5,5.49937079158924,"M",0,0.25,1,"HIGH MED HIGH",NA
42,6,202.969555449899,50,9,9.49976906922751,"M",0.360725473286584,0.25,1,"HIGH MED HIGH",NA
42,7,168.261648283056,45,4,4.49981843607308,"M",0,0.25,1,"HIGH MED HIGH",NA
42,8,62.3880431083789,41,0,0.499139329446873,"M",0,0.25,1,"HIGH MED HIGH",NA
42,9,63.465312545022,41,0,0.499633361432382,"M",0,0.25,1,"HIGH MED HIGH",NA
42,10,153.425830880901,44,3,3.49742103890204,"M",0,0.25,1,"HIGH MED HIGH",NA
42,11,240.000140908387,50,9,9.49935118383901,"FISHED",0.360725473286584,0.25,1,"HIGH MED HIGH",NA
42,12,209.249931760774,51,10,10.4993541622407,"FISHED",0.308270232914947,0.25,1,"HIGH MED HIGH",NA
42,13,97.5612980350774,42,1,1.49929976133386,"M",0,0.25,1,"HIGH MED HIGH",NA
43,1,145.336315373509,45,3,3.4999862238108,"M",0,0.25,1,"HIGH MED HIGH",NA
43,2,196.867679894763,51,9,9.49986435491342,"FISHED",0.308270232914947,0.25,1,"HIGH MED HIGH",NA
43,3,61.7091668971723,42,0,0.500045374161725,"M",0,0.25,1,"HIGH MED HIGH",NA
43,4,160.081083735372,46,4,4.50037203849109,"M",0,0.25,1,"HIGH MED HIGH",NA
43,5,161.611571274971,46,4,4.49810555593398,"M",0,0.25,1,"HIGH MED HIGH",NA
43,6,138.082069580967,45,3,3.49906725452752,"M",0,0.25,1,"HIGH MED HIGH",NA
43,7,128.416291509347,44,2,2.50089942429228,"M",0,0.25,1,"HIGH MED HIGH",NA
43,8,98.7091608288495,43,1,1.4988109842399,"M",0,0.25,1,"HIGH MED HIGH",NA
43,9,125.891991682328,44,2,2.49896215082111,"M",0,0.25,1,"HIGH MED HIGH",NA
43,10,61.4621262977484,42,0,0.499921017757276,"M",0,0.25,1,"HIGH MED HIGH",NA
43,11,183.310517114846,47,5,5.49936377486994,"M",0,0.25,1,"HIGH MED HIGH",NA
43,12,96.7099494274984,43,1,1.49960325863791,"M",0,0.25,1,"HIGH MED HIGH",NA
43,13,204.652483716252,51,9,9.5004925963305,"FISHED",0.308270232914947,0.25,1,"HIGH MED HIGH",NA
44,1,61.8758902135093,43,0,0.501832144770088,"M",0,0.25,1,"HIGH MED HIGH",NA
44,2,65.8099518273395,43,0,0.499216368129526,"M",0,0.25,1,"HIGH MED HIGH",NA
44,3,171.847470195893,47,4,4.49752256513122,"M",0,0.25,1,"HIGH MED HIGH",NA
44,4,155.587212436052,47,4,4.50019448807747,"M",0,0.25,1,"HIGH MED HIGH",NA
44,5,63.3468662992468,43,0,0.499363827939017,"M",0,0.25,1,"HIGH MED HIGH",NA
44,6,123.503617289518,45,2,2.49907153426899,"M",0,0.25,1,"HIGH MED HIGH",NA
44,7,62.6249578341011,43,0,0.498059726841885,"M",0,0.25,1,"HIGH MED HIGH",NA
44,8,164.460056786952,47,4,4.49710575545558,"M",0,0.25,1,"HIGH MED HIGH",NA
44,9,181.738518804789,48,5,5.49964895135122,"M",0,0.25,1,"HIGH MED HIGH",NA
44,10,128.076989036698,45,2,2.50165997773484,"M",0,0.25,1,"HIGH MED HIGH",NA
44,11,103.216277848293,44,1,1.49894727745938,"M",0,0.25,1,"HIGH MED HIGH",NA
44,12,127.158375606571,45,2,2.50047120666736,"M",0,0.25,1,"HIGH MED HIGH",NA
44,13,175.595076945508,48,5,5.50042782565247,"M",0,0.25,1,"HIGH MED HIGH",NA
45,1,217.432598594136,52,8,8.50037147542086,"FISHED",0.323938693059608,0.25,1,"HIGH MED HIGH",NA
45,2,124.750745380606,46,2,2.50126781321582,"M",0,0.25,1,"HIGH MED HIGH",NA
45,3,152.041711239601,48,4,4.49971157150038,"M",0,0.25,1,"HIGH MED HIGH",NA
45,4,160.967604988304,50,6,6.49981469453679,"M",0.360725473286584,0.25,1,"HIGH MED HIGH",NA
45,5,59.3876342649356,44,0,0.499285699593708,"M",0,0.25,1,"HIGH MED HIGH",NA
45,6,103.809535593376,45,1,1.49950657737404,"M",0,0.25,1,"HIGH MED HIGH",NA
45,7,194.061135022637,50,6,6.50008274989861,"FISHED",0.360725473286584,0.25,1,"HIGH MED HIGH",NA
45,8,63.4211162666747,44,0,0.499966060154973,"M",0,0.25,1,"HIGH MED HIGH",NA
45,9,202.413419292473,50,6,6.50015408707423,"FISHED",0.360725473286584,0.25,1,"HIGH MED HIGH",NA
45,10,95.1439985775597,45,1,1.49949512549508,"M",0,0.25,1,"HIGH MED HIGH",NA
45,11,146.707708121339,48,4,4.49881042258149,"M",0,0.25,1,"HIGH MED HIGH",NA
45,12,229.629765801292,51,7,7.50083472635306,"FISHED",0.308270232914947,0.25,1,"HIGH MED HIGH",NA
46,1,130.785134921902,48,3,3.49961753431,"M",0,0.25,1,"HIGH MED HIGH",NA
46,2,137.587833373996,48,3,3.49805636579075,"M",0,0.25,1,"HIGH MED HIGH",NA
46,3,93.5848410463909,46,1,1.50028439717816,"M",0,0.25,1,"HIGH MED HIGH",NA
46,4,63.5172499455773,45,0,0.500458565553827,"M",0,0.25,1,"HIGH MED HIGH",NA
46,5,142.97332421417,48,3,3.4999468906033,"M",0,0.25,1,"HIGH MED HIGH",NA
46,6,104.16125790671,46,1,1.50087270138323,"M",0,0.25,1,"HIGH MED HIGH",NA
46,7,143.295976912513,48,3,3.49798543763512,"M",0,0.25,1,"HIGH MED HIGH",NA
46,8,180.123034454358,50,5,5.49935416355826,"M",0.360725473286584,0.25,1,"HIGH MED HIGH",NA
46,9,187.093848775531,50,5,5.50070526868135,"M",0.360725473286584,0.25,1,"HIGH MED HIGH",NA
46,10,130.832957024972,47,2,2.50170830660329,"M",0,0.25,1,"HIGH MED HIGH",NA
46,11,148.796690292071,48,3,3.49975253953507,"M",0,0.25,1,"HIGH MED HIGH",NA
46,12,132.090213717407,47,2,2.50038753459071,"M",0,0.25,1,"HIGH MED HIGH",NA
46,13,62.3404501142284,45,0,0.498768868018527,"M",0,0.25,1,"HIGH MED HIGH",NA
47,1,186.174667028242,52,6,6.50043857890534,"FISHED",0.323938693059608,0.25,1,"HIGH MED HIGH",NA
47,2,61.9254700378491,46,0,0.500249206585899,"M",0,0.25,1,"HIGH MED HIGH",NA
47,3,151.232440382749,50,4,4.50127667715436,"FISHED",0.360725473286584,0.25,1,"HIGH MED HIGH",NA
47,4,164.742997168762,50,4,4.49959960207865,"M",0.360725473286584,0.25,1,"HIGH MED HIGH",NA
47,5,160.061202305099,49,3,3.49995086813541,"M",0,0.25,1,"HIGH MED HIGH",NA
47,6,163.457397517544,49,3,3.49936576250722,"M",0,0.25,1,"HIGH MED HIGH",NA
47,7,170.010193947932,52,6,6.49854266017524,"FISHED",0.323938693059608,0.25,1,"HIGH MED HIGH",NA
47,8,154.04192037631,50,4,4.49950024531907,"M",0.360725473286584,0.25,1,"HIGH MED HIGH",NA
47,9,165.099632482281,50,4,4.50032563988833,"M",0.360725473286584,0.25,1,"HIGH MED HIGH",NA
47,10,125.81406954955,48,2,2.50085106452165,"M",0,0.25,1,"HIGH MED HIGH",NA
47,11,96.48576487732,47,1,1.50139626344277,"M",0,0.25,1,"HIGH MED HIGH",NA
47,12,183.975359003257,50,4,4.49972088427898,"FISHED",0.360725473286584,0.25,1,"HIGH MED HIGH",NA
47,13,166.974524922438,51,5,5.49859431078989,"M",0.308270232914947,0.25,1,"HIGH MED HIGH",NA
47,14,152.345800966555,50,4,4.49999217918943,"M",0.360725473286584,0.25,1,"HIGH MED HIGH",NA
47,15,152.874395255165,49,3,3.49919114171455,"M",0,0.25,1,"HIGH MED HIGH",NA
48,1,166.78240942087,51,4,4.4991722933388,"FISHED",0.308270232914947,0.25,1,"HIGH MED HIGH",NA
48,2,146.023495573626,50,3,3.50133894575291,"FISHED",0.360725473286584,0.25,1,"HIGH MED HIGH",NA
48,3,146.369321226143,50,3,3.49989245174126,"FISHED",0.360725473286584,0.25,1,"HIGH MED HIGH",NA
48,4,62.446728310554,47,0,0.500041157719453,"M",0,0.25,1,"HIGH MED HIGH",NA
48,5,175.214647215949,51,4,4.50070713389276,"FISHED",0.308270232914947,0.25,1,"HIGH MED HIGH",NA
48,6,220.234214683737,56,9,9.50043604310508,"M",0.307402145210654,0.25,1,"HIGH MED HIGH",NA
48,7,108.964424567949,48,1,1.49929441304017,"M",0,0.25,1,"HIGH MED HIGH",NA
48,8,150.258780794628,50,3,3.50001590769694,"M",0.360725473286584,0.25,1,"HIGH MED HIGH",NA
48,9,128.206412824348,49,2,2.50063830447067,"M",0,0.25,1,"HIGH MED HIGH",NA
48,10,60.2554246875751,47,0,0.499694253252192,"M",0,0.25,1,"HIGH MED HIGH",NA
48,11,96.5568046764571,48,1,1.50099193570327,"M",0,0.25,1,"HIGH MED HIGH",NA
48,12,190.142042251944,54,7,7.49993905507475,"FISHED",0.329613713757135,0.25,1,"HIGH MED HIGH",NA
48,13,124.875582472663,49,2,2.4997000677048,"M",0,0.25,1,"HIGH MED HIGH",NA
49,1,96.8076808602609,49,1,1.49940095156086,"M",0,0.25,1,"HIGH MED HIGH",NA
49,2,157.750496291261,51,3,3.5013825199539,"M",0.308270232914947,0.25,1,"HIGH MED HIGH",NA
49,3,117.26341639515,50,2,2.50135789322164,"FISHED",0.360725473286584,0.25,1,"HIGH MED HIGH",NA
49,4,215.795674517264,57,9,9.49803056969927,"M",0.370105277537368,0.25,1,"HIGH MED HIGH",NA
49,5,169.216848988943,52,4,4.49954554271416,"M",0.323938693059608,0.25,1,"HIGH MED HIGH",NA
49,6,154.437231578116,51,3,3.50081428441584,"FISHED",0.308270232914947,0.25,1,"HIGH MED HIGH",NA
49,7,61.4243987906052,48,0,0.50007148026357,"M",0,0.25,1,"HIGH MED HIGH",NA
49,8,178.967270911461,54,6,6.5003351808061,"M",0.329613713757135,0.25,1,"HIGH MED HIGH",NA
49,9,141.462339048033,51,3,3.4987024989343,"M",0.308270232914947,0.25,1,"HIGH MED HIGH",NA
49,10,128.711272624881,50,2,2.49892222216866,"FISHED",0.360725473286584,0.25,1,"HIGH MED HIGH",NA
49,11,185.578756747812,52,4,4.50131588607693,"FISHED",0.323938693059608,0.25,1,"HIGH MED HIGH",NA
49,12,123.264754298032,50,2,2.50107614877133,"FISHED",0.360725473286584,0.25,1,"HIGH MED HIGH",NA
49,13,148.181662178884,51,3,3.49997660946019,"FISHED",0.308270232914947,0.25,1,"HIGH MED HIGH",NA
49,14,59.394593219417,48,0,0.501548155031684,"M",0,0.25,1,"HIGH MED HIGH",NA
50,1,91.5499545102766,50,1,1.4984710240773,"M",0.360725473286584,0.25,1,"HIGH MED HIGH",NA
50,2,134.377944915499,51,2,2.50049919215929,"FISHED",0.308270232914947,0.25,1,"HIGH MED HIGH",NA
50,3,103.613598948492,50,1,1.49905258431745,"M",0.360725473286584,0.25,1,"HIGH MED HIGH",NA
50,4,159.963551461099,52,3,3.4990244929052,"M",0.323938693059608,0.25,1,"HIGH MED HIGH",NA
50,5,148.505763340061,52,3,3.50131948479579,"M",0.323938693059608,0.25,1,"HIGH MED HIGH",NA
50,6,168.772429815233,53,4,4.50059355405545,"FISHED",0.346353809884749,0.25,1,"HIGH MED HIGH",NA
50,7,169.095312537,54,5,5.49982772237255,"M",0.329613713757135,0.25,1,"HIGH MED HIGH",NA
50,8,64.3239704884071,49,0,0.500111928623966,"M",0,0.25,1,"HIGH MED HIGH",NA
50,9,100.054377131255,50,1,1.50009024997396,"FISHED",0.360725473286584,0.25,1,"HIGH MED HIGH",NA
50,10,161.536772340442,53,4,4.49890985895774,"M",0.346353809884749,0.25,1,"HIGH MED HIGH",NA
50,11,179.214317452599,55,6,6.49994004340003,"FISHED",0.392832786217332,0.25,1,"HIGH MED HIGH",NA
50,12,134.221129730492,51,2,2.49956990609749,"M",0.308270232914947,0.25,1,"HIGH MED HIGH",NA
51,1,97.9800125508493,51,1,1.50108035177496,"M",0.308270232914947,0.25,1,"HIGH MED HIGH",NA
51,2,103.838574878029,51,1,1.5007524578568,"FISHED",0.308270232914947,0.25,1,"HIGH MED HIGH",NA
51,3,97.7418019969525,51,1,1.50017260487633,"M",0.308270232914947,0.25,1,"HIGH MED HIGH",NA
51,4,125.966648932909,52,2,2.50078803996509,"M",0.323938693059608,0.25,1,"HIGH MED HIGH",NA
51,5,101.823121746103,51,1,1.4987903521162,"M",0.308270232914947,0.25,1,"HIGH MED HIGH",NA
51,6,161.358022638558,54,4,4.50126668281039,"FISHED",0.329613713757135,0.25,1,"HIGH MED HIGH",NA
51,7,151.054209466461,54,4,4.49905091013592,"FISHED",0.329613713757135,0.25,1,"HIGH MED HIGH",NA
51,8,62.0861028203775,50,0,0.500442543207191,"M",0.360725473286584,0.25,1,"HIGH MED HIGH",NA
51,9,60.39548498651,50,0,0.500661569212446,"M",0.360725473286584,0.25,1,"HIGH MED HIGH",NA
51,10,62.6710110680735,50,0,0.500761850751135,"FISHED",0.360725473286584,0.25,1,"HIGH MED HIGH",NA
51,11,206.46705105926,58,8,8.5006617322364,"FISHED",0.32582932736259,0.25,1,"HIGH MED HIGH",NA
51,12,152.269376784582,52,2,2.50107467437864,"M",0.323938693059608,0.25,1,"HIGH MED HIGH",NA
52,1,149.282932150798,54,3,3.50000502231318,"FISHED",0.329613713757135,0.25,1,"HIGH MED HIGH",NA
52,2,120.367281761709,53,2,2.50148744759113,"FISHED",0.346353809884749,0.25,1,"HIGH MED HIGH",NA
52,3,95.710946699925,52,1,1.49968575777954,"FISHED",0.323938693059608,0.25,1,"HIGH MED HIGH",NA
52,4,61.919301068786,51,0,0.499052202231125,"FISHED",0.308270232914947,0.25,1,"HIGH MED HIGH",NA
52,5,184.389719390533,58,7,7.49907354026091,"FISHED",0.32582932736259,0.25,1,"HIGH MED HIGH",NA
52,6,62.6960190393873,51,0,0.502481159221597,"FISHED",0.308270232914947,0.25,1,"HIGH MED HIGH",NA
52,7,95.0088741362659,52,1,1.49979933905391,"FISHED",0.323938693059608,0.25,1,"HIGH MED HIGH",NA
52,8,132.883386941423,53,2,2.49972270493676,"FISHED",0.346353809884749,0.25,1,"HIGH MED HIGH",NA
52,9,110.223702066946,52,1,1.50062299228085,"FISHED",0.323938693059608,0.25,1,"HIGH MED HIGH",NA
52,10,121.660036705367,53,2,2.50139966043486,"FISHED",0.346353809884749,0.25,1,"HIGH MED HIGH",NA
52,11,100.896058080228,52,1,1.50046495317714,"M",0.323938693059608,0.25,1,"HIGH MED HIGH",NA
52,12,114.640641850143,53,2,2.5005762200039,"FISHED",0.346353809884749,0.25,1,"HIGH MED HIGH",NA
53,1,185.561458891457,57,5,5.49822841657105,"M",0.370105277537368,0.25,1,"HIGH MED HIGH",NA
53,2,102.061638421715,53,1,1.49919731485114,"FISHED",0.346353809884749,0.25,1,"HIGH MED HIGH",NA
53,3,62.2538807456198,52,0,0.500710821095069,"FISHED",0.323938693059608,0.25,1,"HIGH MED HIGH",NA
53,4,64.5133986496664,52,0,0.500443171530983,"FISHED",0.323938693059608,0.25,1,"HIGH MED HIGH",NA
53,5,61.4277347251904,52,0,0.500180802257211,"M",0.323938693059608,0.25,1,"HIGH MED HIGH",NA
53,6,133.594884698181,54,2,2.4996052563323,"M",0.329613713757135,0.25,1,"HIGH MED HIGH",NA
53,7,60.5870016203358,52,0,0.498080640582764,"M",0.323938693059608,0.25,1,"HIGH MED HIGH",NA
53,8,162.221392649234,55,3,3.50027674790133,"M",0.392832786217332,0.25,1,"HIGH MED HIGH",NA
53,9,63.7851258174589,52,0,0.498070059346108,"FISHED",0.323938693059608,0.25,1,"HIGH MED HIGH",NA
53,10,105.682821436944,53,1,1.49973074229806,"FISHED",0.346353809884749,0.25,1,"HIGH MED HIGH",NA
54,1,134.035000246973,55,2,2.50024932477567,"M",0.392832786217332,0.25,1,"HIGH MED HIGH",NA
54,2,97.1834060772859,54,1,1.50084475290981,"FISHED",0.329613713757135,0.25,1,"HIGH MED HIGH",NA
54,3,135.476291674894,56,3,3.49947464966059,"M",0.307402145210654,0.25,1,"HIGH MED HIGH",NA
54,4,130.390336888572,55,2,2.4993826032042,"FISHED",0.392832786217332,0.25,1,"HIGH MED HIGH",NA
54,5,63.4299447708247,53,0,0.501069627337621,"M",0.346353809884749,0.25,1,"HIGH MED HIGH",NA
54,6,64.311007401866,53,0,0.499803178462417,"M",0.346353809884749,0.25,1,"HIGH MED HIGH",NA
54,7,183.903424959891,59,6,6.50062010556196,"M",0.303513086284511,0.25,1,"HIGH MED HIGH",NA
54,8,98.29700613741,54,1,1.50223926738621,"FISHED",0.329613713757135,0.25,1,"HIGH MED HIGH",NA
54,9,63.7633179821964,53,0,0.499509518882371,"M",0.346353809884749,0.25,1,"HIGH MED HIGH",NA
54,10,61.4179703033901,53,0,0.499609124045849,"FISHED",0.346353809884749,0.25,1,"HIGH MED HIGH",NA
54,11,62.8840552171306,53,0,0.499479032728488,"FISHED",0.346353809884749,0.25,1,"HIGH MED HIGH",NA
55,1,131.051333305902,56,2,2.50068421131799,"FISHED",0.307402145210654,0.25,1,"HIGH MED HIGH",NA
55,2,59.7533615616301,54,0,0.500564576242646,"FISHED",0.329613713757135,0.25,1,"HIGH MED HIGH",NA
55,3,93.7614424303458,55,1,1.49974156822789,"M",0.392832786217332,0.25,1,"HIGH MED HIGH",NA
55,4,65.8303543367725,54,0,0.498591742629957,"M",0.329613713757135,0.25,1,"HIGH MED HIGH",NA
55,5,62.659557443674,54,0,0.499924247293954,"FISHED",0.329613713757135,0.25,1,"HIGH MED HIGH",NA
55,6,98.8609353741201,55,1,1.50141044405773,"FISHED",0.392832786217332,0.25,1,"HIGH MED HIGH",NA
55,7,153.195899816655,57,3,3.49992923864409,"FISHED",0.370105277537368,0.25,1,"HIGH MED HIGH",NA
55,8,99.1268418189349,55,1,1.50162574554221,"M",0.392832786217332,0.25,1,"HIGH MED HIGH",NA
55,9,96.2865453313416,55,1,1.49991238732332,"FISHED",0.392832786217332,0.25,1,"HIGH MED HIGH",NA
55,10,91.5948500140891,55,1,1.49898477709228,"M",0.392832786217332,0.25,1,"HIGH MED HIGH",NA
55,11,147.50915325857,57,3,3.49896071912385,"M",0.370105277537368,0.25,1,"HIGH MED HIGH",NA
56,1,148.231362741519,58,3,3.49869096229096,"M",0.32582932736259,0.25,1,"HIGH MED HIGH",NA
56,2,58.3159476916308,55,0,0.5002781494803,"FISHED",0.392832786217332,0.25,1,"HIGH MED HIGH",NA
56,3,100.440724169319,56,1,1.50061470262064,"M",0.307402145210654,0.25,1,"HIGH MED HIGH",NA
56,4,62.2892264394732,55,0,0.500147874410614,"FISHED",0.392832786217332,0.25,1,"HIGH MED HIGH",NA
56,5,61.1071429133341,55,0,0.499505986472763,"FISHED",0.392832786217332,0.25,1,"HIGH MED HIGH",NA
56,6,62.8316041646109,55,0,0.500823960377627,"FISHED",0.392832786217332,0.25,1,"HIGH MED HIGH",NA
56,7,97.5307751049315,56,1,1.50071103371901,"FISHED",0.307402145210654,0.25,1,"HIGH MED HIGH",NA
56,8,64.2516062202434,55,0,0.499579397738579,"FISHED",0.392832786217332,0.25,1,"HIGH MED HIGH",NA
56,9,120.627982990304,57,2,2.49997563437402,"M",0.370105277537368,0.25,1,"HIGH MED HIGH",NA
56,10,61.443962696229,55,0,0.498113374874665,"M",0.392832786217332,0.25,1,"HIGH MED HIGH",NA
57,1,63.9593656804082,56,0,0.498095679801173,"M",0.307402145210654,0.25,1,"HIGH MED HIGH",NA
57,2,62.9946937716649,56,0,0.499761199423197,"FISHED",0.307402145210654,0.25,1,"HIGH MED HIGH",NA
57,3,196.737329464648,61,5,5.49797311512939,"FISHED",0.375434548128396,0.25,1,"HIGH MED HIGH",NA
57,4,98.205866811673,57,1,1.49839439272055,"M",0.370105277537368,0.25,1,"HIGH MED HIGH",NA
57,5,62.6709163571401,56,0,0.500896404551064,"M",0.307402145210654,0.25,1,"HIGH MED HIGH",NA
57,6,62.534837859971,56,0,0.499992093345738,"M",0.307402145210654,0.25,1,"HIGH MED HIGH",NA
57,7,64.6299810619133,56,0,0.502152330760264,"M",0.307402145210654,0.25,1,"HIGH MED HIGH",NA
57,8,61.6279952665029,56,0,0.500050451082337,"FISHED",0.307402145210654,0.25,1,"HIGH MED HIGH",NA
57,9,63.119380526187,56,0,0.501285556198848,"FISHED",0.307402145210654,0.25,1,"HIGH MED HIGH",NA
57,10,124.183207249623,58,2,2.50093170084028,"M",0.32582932736259,0.25,1,"HIGH MED HIGH",NA
57,11,103.220242535953,57,1,1.49953164618855,"FISHED",0.370105277537368,0.25,1,"HIGH MED HIGH",NA
58,1,62.3507129912935,57,0,0.499468773935989,"FISHED",0.370105277537368,0.25,1,"HIGH MED HIGH",NA
58,2,61.3005602552454,57,0,0.498757825812544,"FISHED",0.370105277537368,0.25,1,"HIGH MED HIGH",NA
58,3,101.57436346179,58,1,1.50033210582032,"M",0.32582932736259,0.25,1,"HIGH MED HIGH",NA
58,4,176.621921895336,61,4,4.50001380649777,"FISHED",0.375434548128396,0.25,1,"HIGH MED HIGH",NA
58,5,220.392918915086,66,9,9.50083284679582,"M",0.308204932161607,0.25,1,"HIGH MED HIGH",NA
58,6,125.13702452288,59,2,2.50026535953112,"FISHED",0.303513086284511,0.25,1,"HIGH MED HIGH",NA
58,7,61.3930082501747,57,0,0.499495535078067,"M",0.370105277537368,0.25,1,"HIGH MED HIGH",NA
58,8,126.927864083979,59,2,2.50061133454068,"FISHED",0.303513086284511,0.25,1,"HIGH MED HIGH",NA
58,9,170.805484548641,61,4,4.49943764379213,"FISHED",0.375434548128396,0.25,1,"HIGH MED HIGH",NA
58,10,97.9108173354934,58,1,1.50089917512322,"FISHED",0.32582932736259,0.25,1,"HIGH MED HIGH",NA
59,1,93.3060056664876,59,1,1.49750897691943,"M",0.303513086284511,0.25,1,"HIGH MED HIGH",NA
59,2,65.5053336593001,58,0,0.499747320131563,"FISHED",0.32582932736259,0.25,1,"HIGH MED HIGH",NA
59,3,148.335432761113,61,3,3.50015289854549,"M",0.375434548128396,0.25,1,"HIGH MED HIGH",NA
59,4,129.747936604127,60,2,2.49934335368035,"M",0.393891440704465,0.25,1,"HIGH MED HIGH",NA
59,5,128.945837676233,60,2,2.49957050861494,"FISHED",0.393891440704465,0.25,1,"HIGH MED HIGH",NA
59,6,126.42867497924,60,2,2.50194859949732,"FISHED",0.393891440704465,0.25,1,"HIGH MED HIGH",NA
59,7,124.252582634897,60,2,2.50152602345852,"FISHED",0.393891440704465,0.25,1,"HIGH MED HIGH",NA
59,8,61.3417302243608,58,0,0.500264435502071,"M",0.32582932736259,0.25,1,"HIGH MED HIGH",NA
59,9,101.343980613917,59,1,1.49896113819614,"FISHED",0.303513086284511,0.25,1,"HIGH MED HIGH",NA
60,1,143.4993974261,62,3,3.4991353740568,"FISHED",0.304479011637159,0.25,1,"HIGH MED HIGH",NA
60,2,102.584327432281,60,1,1.50019489589156,"FISHED",0.393891440704465,0.25,1,"HIGH MED HIGH",NA
60,3,171.978837454379,63,4,4.49935446926381,"FISHED",0.318065117532387,0.25,1,"HIGH MED HIGH",NA
60,4,129.753484540569,61,2,2.50030904301374,"FISHED",0.375434548128396,0.25,1,"HIGH MED HIGH",NA
60,5,97.3065505921752,60,1,1.49960181742339,"FISHED",0.393891440704465,0.25,1,"HIGH MED HIGH",NA
60,6,65.6670987508713,59,0,0.500905821576414,"M",0.303513086284511,0.25,1,"HIGH MED HIGH",NA
60,7,96.6570533387752,60,1,1.50002153018713,"FISHED",0.393891440704465,0.25,1,"HIGH MED HIGH",NA
60,8,61.8892573441447,59,0,0.498065839097428,"M",0.303513086284511,0.25,1,"HIGH MED HIGH",NA
60,9,63.8082502133773,59,0,0.499967196684423,"FISHED",0.303513086284511,0.25,1,"HIGH MED HIGH",NA
60,10,176.67108070471,64,5,5.49966361165487,"M",0.345301114302129,0.25,1,"HIGH MED HIGH",NA
61,1,132.858102320518,62,2,2.49830281460607,"FISHED",0.304479011637159,0.25,1,"HIGH MED HIGH",NA
61,2,104.381934981561,61,1,1.50096400936216,"M",0.375434548128396,0.25,1,"HIGH MED HIGH",NA
61,3,162.242703779296,64,4,4.49897344232716,"FISHED",0.345301114302129,0.25,1,"HIGH MED HIGH",NA
61,4,125.454389636963,62,2,2.49829171324308,"FISHED",0.304479011637159,0.25,1,"HIGH MED HIGH",NA
61,5,63.2061482111922,60,0,0.498760766981277,"M",0.393891440704465,0.25,1,"HIGH MED HIGH",NA
61,6,60.6050097327009,60,0,0.497366164430943,"FISHED",0.393891440704465,0.25,1,"HIGH MED HIGH",NA
61,7,62.4118883733401,60,0,0.500898618451333,"M",0.393891440704465,0.25,1,"HIGH MED HIGH",NA
61,8,123.188181042136,62,2,2.50096920426754,"FISHED",0.304479011637159,0.25,1,"HIGH MED HIGH",NA
62,1,64.6044770753667,61,0,0.500875932868196,"M",0.375434548128396,0.25,1,"HIGH MED HIGH",NA
62,2,61.2516076012858,61,0,0.500424957060602,"FISHED",0.375434548128396,0.25,1,"HIGH MED HIGH",NA
62,3,158.458700056033,64,3,3.50008185919557,"M",0.345301114302129,0.25,1,"HIGH MED HIGH",NA
62,4,61.2066837653593,61,0,0.502304992126678,"FISHED",0.375434548128396,0.25,1,"HIGH MED HIGH",NA
62,5,129.358924966936,63,2,2.50036638555945,"M",0.318065117532387,0.25,1,"HIGH MED HIGH",NA
62,6,102.170956986129,62,1,1.50116824326761,"M",0.304479011637159,0.25,1,"HIGH MED HIGH",NA
62,7,60.4201569274327,61,0,0.498355228737624,"M",0.375434548128396,0.25,1,"HIGH MED HIGH",NA
63,1,100.083321085083,63,1,1.50002999537748,"M",0.318065117532387,0.25,1,"HIGH MED HIGH",NA
63,2,95.2582841492538,63,1,1.50131222575488,"M",0.318065117532387,0.25,1,"HIGH MED HIGH",NA
63,3,175.143403448668,67,5,5.50131099979548,"M",0.212250947859138,0.25,1,"HIGH MED HIGH",NA
63,4,64.1498594911817,62,0,0.50060227488834,"M",0.304479011637159,0.25,1,"HIGH MED HIGH",NA
63,5,61.1558962004033,62,0,0.499368472771416,"M",0.304479011637159,0.25,1,"HIGH MED HIGH",NA
63,6,64.769107794447,62,0,0.500970267261481,"FISHED",0.304479011637159,0.25,1,"HIGH MED HIGH",NA
63,7,160.162923349734,66,4,4.50206928613517,"FISHED",0.308204932161607,0.25,1,"HIGH MED HIGH",NA
63,8,62.8844886160563,62,0,0.499040920789664,"M",0.304479011637159,0.25,1,"HIGH MED HIGH",NA
63,9,192.076405673341,67,5,5.49938534537007,"M",0.212250947859138,0.25,1,"HIGH MED HIGH",NA
63,10,100.952154280637,63,1,1.50029116634313,"M",0.318065117532387,0.25,1,"HIGH MED HIGH",NA
64,1,125.386661380086,65,2,2.50134504710843,"FISHED",0.337208089022897,0.25,1,"HIGH MED HIGH",NA
64,2,60.7003513534701,63,0,0.498467690904296,"FISHED",0.318065117532387,0.25,1,"HIGH MED HIGH",NA
64,3,61.2125548003963,63,0,0.500221696683309,"M",0.318065117532387,0.25,1,"HIGH MED HIGH",NA
64,4,60.8779939776242,63,0,0.500108356398823,"M",0.318065117532387,0.25,1,"HIGH MED HIGH",NA
64,5,61.7461546527063,63,0,0.501182562592335,"M",0.318065117532387,0.25,1,"HIGH MED HIGH",NA
64,6,60.2583730806136,63,0,0.499330262452573,"M",0.318065117532387,0.25,1,"HIGH MED HIGH",NA
64,7,140.867796697554,65,2,2.50112542422224,"FISHED",0.337208089022897,0.25,1,"HIGH MED HIGH",NA
64,8,64.5116710499194,63,0,0.499903371947635,"M",0.318065117532387,0.25,1,"HIGH MED HIGH",NA
65,1,124.523422304192,66,2,2.49973549727602,"M",0.308204932161607,0.25,1,"HIGH MED HIGH",NA
65,2,61.2937822771041,64,0,0.499690396335504,"FISHED",0.345301114302129,0.25,1,"HIGH MED HIGH",NA
65,3,65.0597467017825,64,0,0.49913333431687,"M",0.345301114302129,0.25,1,"HIGH MED HIGH",NA
65,4,64.9647713580547,64,0,0.499971371516241,"FISHED",0.345301114302129,0.25,1,"HIGH MED HIGH",NA
65,5,187.384142907697,72,8,8.49919885335853,"FISHED",0.28749523726292,0.25,1,"HIGH MED HIGH",NA
65,6,99.4169876445274,65,1,1.49903680752369,"M",0.337208089022897,0.25,1,"HIGH MED HIGH",NA
65,7,63.4233578517973,64,0,0.499917477242675,"M",0.345301114302129,0.25,1,"HIGH MED HIGH",NA
65,8,63.152473347088,64,0,0.501596229212361,"M",0.345301114302129,0.25,1,"HIGH MED HIGH",NA
65,9,119.79183195116,66,2,2.49968782168643,"FISHED",0.308204932161607,0.25,1,"HIGH MED HIGH",NA
65,10,59.4901444619885,64,0,0.499929081751826,"FISHED",0.345301114302129,0.25,1,"HIGH MED HIGH",NA
66,1,61.3920494750046,65,0,0.501687406239147,"M",0.337208089022897,0.25,1,"HIGH MED HIGH",NA
66,2,190.858700429035,70,5,5.50120903616525,"FISHED",0.229511560848914,0.25,1,"HIGH MED HIGH",NA
66,3,62.3122655295031,65,0,0.501193044782099,"FISHED",0.337208089022897,0.25,1,"HIGH MED HIGH",NA
66,4,193.092752397448,70,5,5.49985098288744,"FISHED",0.229511560848914,0.25,1,"HIGH MED HIGH",NA
66,5,159.765308302459,69,4,4.50024984567145,"M",0.267031998489983,0.25,1,"HIGH MED HIGH",NA
66,6,62.7728537100716,65,0,0.501372334404871,"FISHED",0.337208089022897,0.25,1,"HIGH MED HIGH",NA
66,7,151.705016262072,68,3,3.50018245929942,"M",0.206881564017385,0.25,1,"HIGH MED HIGH",NA
66,8,62.2907754273646,65,0,0.499859130776674,"FISHED",0.337208089022897,0.25,1,"HIGH MED HIGH",NA
67,1,97.2378656404021,67,1,1.50061733087087,"M",0.212250947859138,0.25,1,"HIGH MED HIGH",NA
67,2,118.654786558853,68,2,2.50050022157992,"M",0.206881564017385,0.25,1,"HIGH MED HIGH",NA
67,3,65.7771836208511,66,0,0.499710029537167,"FISHED",0.308204932161607,0.25,1,"HIGH MED HIGH",NA
67,4,61.2494895780202,66,0,0.501217395681677,"M",0.308204932161607,0.25,1,"HIGH MED HIGH",NA
67,5,92.5497803088545,67,1,1.50052597398762,"M",0.212250947859138,0.25,1,"HIGH MED HIGH",NA
67,6,155.243868584459,69,3,3.49934290834427,"M",0.267031998489983,0.25,1,"HIGH MED HIGH",NA
67,7,99.8796034923093,67,1,1.49957331155198,"FISHED",0.212250947859138,0.25,1,"HIGH MED HIGH",NA
67,8,61.5232627746799,66,0,0.500800415272003,"M",0.308204932161607,0.25,1,"HIGH MED HIGH",NA
68,1,61.7479795921655,67,0,0.500205855505854,"M",0.212250947859138,0.25,1,"HIGH MED HIGH",NA
68,2,157.953229477607,73,6,6.49886363878897,"M",0.235012365365401,0.25,1,"HIGH MED HIGH",NA
68,3,136.428276913812,70,3,3.50038927531432,"FISHED",0.229511560848914,0.25,1,"HIGH MED HIGH",NA
68,4,61.4196763820277,67,0,0.499704010642329,"FISHED",0.212250947859138,0.25,1,"HIGH MED HIGH",NA
68,5,192.197788422542,73,6,6.50155447245748,"M",0.235012365365401,0.25,1,"HIGH MED HIGH",NA
68,6,129.06905872307,69,2,2.49939400215619,"FISHED",0.267031998489983,0.25,1,"HIGH MED HIGH",NA
68,7,103.648991159692,68,1,1.49863193302741,"FISHED",0.206881564017385,0.25,1,"HIGH MED HIGH",NA
68,8,164.759887400945,73,6,6.49994542159528,"M",0.235012365365401,0.25,1,"HIGH MED HIGH",NA
68,9,100.720427079376,68,1,1.5003862136727,"M",0.206881564017385,0.25,1,"HIGH MED HIGH",NA
69,1,138.142331115851,71,3,3.50014454573873,"M",0.226273320964538,0.25,1,"HIGH MED HIGH",NA
69,2,153.347840827331,71,3,3.50095149762049,"M",0.226273320964538,0.25,1,"HIGH MED HIGH",NA
69,3,194.367244715498,73,5,5.50111117121457,"M",0.235012365365401,0.25,1,"HIGH MED HIGH",NA
69,4,175.105439114671,72,4,4.49911118894461,"FISHED",0.28749523726292,0.25,1,"HIGH MED HIGH",NA
69,5,62.5614437832554,68,0,0.499805596835427,"M",0.206881564017385,0.25,1,"HIGH MED HIGH",NA
69,6,176.600020912147,74,6,6.49838435548842,"FISHED",0.224754657712765,0.25,1,"HIGH MED HIGH",NA
69,7,65.8892661931224,68,0,0.499695660761675,"M",0.206881564017385,0.25,1,"HIGH MED HIGH",NA
69,8,95.5379367313006,69,1,1.49964116881297,"FISHED",0.267031998489983,0.25,1,"HIGH MED HIGH",NA
69,9,62.0767024862226,68,0,0.500544690865233,"FISHED",0.206881564017385,0.25,1,"HIGH MED HIGH",NA
70,1,91.6631365179624,70,1,1.50224626206203,"M",0.229511560848914,0.25,1,"HIGH MED HIGH",NA
70,2,225.908404795883,76,7,7.49856319046441,"FISHED",0.298980259965174,0.25,1,"HIGH MED HIGH",NA
70,3,146.58975527643,72,3,3.49969972735619,"M",0.28749523726292,0.25,1,"HIGH MED HIGH",NA
70,4,138.159380779059,72,3,3.50045562226417,"FISHED",0.28749523726292,0.25,1,"HIGH MED HIGH",NA
70,5,107.003672577618,70,1,1.49992512566507,"FISHED",0.229511560848914,0.25,1,"HIGH MED HIGH",NA
70,6,62.303661651679,69,0,0.500434087324327,"M",0.267031998489983,0.25,1,"HIGH MED HIGH",NA
70,7,103.679022057857,70,1,1.49980808903397,"M",0.229511560848914,0.25,1,"HIGH MED HIGH",NA
70,8,111.608517637737,70,1,1.50045111097637,"FISHED",0.229511560848914,0.25,1,"HIGH MED HIGH",NA
71,1,130.052227748276,73,3,3.50052213044926,"M",0.235012365365401,0.25,1,"HIGH MED HIGH",NA
71,2,63.1210428269128,70,0,0.500551893401871,"M",0.229511560848914,0.25,1,"HIGH MED HIGH",NA
71,3,64.1569999158576,70,0,0.499921380534537,"M",0.229511560848914,0.25,1,"HIGH MED HIGH",NA
71,4,61.4192828287511,70,0,0.50224344360318,"M",0.229511560848914,0.25,1,"HIGH MED HIGH",NA
71,5,127.414459545485,72,2,2.50143913766848,"FISHED",0.28749523726292,0.25,1,"HIGH MED HIGH",NA
71,6,94.274633884517,71,1,1.50077172792889,"FISHED",0.226273320964538,0.25,1,"HIGH MED HIGH",NA
71,7,100.117415069066,71,1,1.50112647143411,"FISHED",0.226273320964538,0.25,1,"HIGH MED HIGH",NA
71,8,98.9230203577816,71,1,1.49985282268756,"M",0.226273320964538,0.25,1,"HIGH MED HIGH",NA
71,9,62.9657603011214,70,0,0.501377973589202,"FISHED",0.229511560848914,0.25,1,"HIGH MED HIGH",NA
71,10,179.929334646567,75,5,5.50017276988323,"M",0.210482353717089,0.25,1,"HIGH MED HIGH",NA
72,1,140.902203310446,74,3,3.50029755695785,"M",0.224754657712765,0.25,1,"HIGH MED HIGH",NA
72,2,160.085626685127,76,5,5.49943361255743,"M",0.298980259965174,0.25,1,"HIGH MED HIGH",NA
72,3,63.3216162630076,71,0,0.498897761858283,"M",0.226273320964538,0.25,1,"HIGH MED HIGH",NA
72,4,118.477303117062,73,2,2.50194835755598,"M",0.235012365365401,0.25,1,"HIGH MED HIGH",NA
72,5,62.0162047974829,71,0,0.500161170295062,"M",0.226273320964538,0.25,1,"HIGH MED HIGH",NA
72,6,64.904330664032,71,0,0.500336346659156,"M",0.226273320964538,0.25,1,"HIGH MED HIGH",NA
72,7,100.246769112047,72,1,1.49998045909909,"M",0.28749523726292,0.25,1,"HIGH MED HIGH",NA
72,8,61.612814908452,71,0,0.500707702046489,"M",0.226273320964538,0.25,1,"HIGH MED HIGH",NA
72,9,62.3743797877823,71,0,0.500185051176952,"M",0.226273320964538,0.25,1,"HIGH MED HIGH",NA
73,1,61.8526671315239,72,0,0.501501270238337,"FISHED",0.28749523726292,0.25,1,"HIGH MED HIGH",NA
73,2,61.2288919857768,72,0,0.500163873289484,"FISHED",0.28749523726292,0.25,1,"HIGH MED HIGH",NA
73,3,59.3767916554463,72,0,0.499776484756492,"M",0.28749523726292,0.25,1,"HIGH MED HIGH",NA
73,4,126.328013770201,74,2,2.50049023596693,"FISHED",0.224754657712765,0.25,1,"HIGH MED HIGH",NA
73,5,126.37746987236,74,2,2.50042111146159,"M",0.224754657712765,0.25,1,"HIGH MED HIGH",NA
73,6,96.6995963251626,73,1,1.4999540383371,"M",0.235012365365401,0.25,1,"HIGH MED HIGH",NA
73,7,155.008659180363,76,4,4.50089408333289,"FISHED",0.298980259965174,0.25,1,"HIGH MED HIGH",NA
73,8,197.253064113933,77,5,5.50159042334636,"M",0.207035876647569,0.25,1,"HIGH MED HIGH",NA
74,1,142.972995901713,76,3,3.50084467176475,"FISHED",0.298980259965174,0.25,1,"HIGH MED HIGH",NA
74,2,63.5536868346881,73,0,0.500425553386953,"M",0.235012365365401,0.25,1,"HIGH MED HIGH",NA
74,3,142.87752501354,75,2,2.49767259000782,"FISHED",0.210482353717089,0.25,1,"HIGH MED HIGH",NA
74,4,101.534480321171,74,1,1.50153806399408,"FISHED",0.224754657712765,0.25,1,"HIGH MED HIGH",NA
74,5,63.9678514329818,73,0,0.499839672773422,"FISHED",0.235012365365401,0.25,1,"HIGH MED HIGH",NA
74,6,192.463082742259,78,5,5.49976744635836,"M",0.236946196272038,0.25,1,"HIGH MED HIGH",NA
74,7,166.848223576842,77,4,4.50082421332461,"M",0.207035876647569,0.25,1,"HIGH MED HIGH",NA
74,8,140.132229619553,76,3,3.49988590644858,"FISHED",0.298980259965174,0.25,1,"HIGH MED HIGH",NA
74,9,63.7027972223294,73,0,0.500750118013243,"M",0.235012365365401,0.25,1,"HIGH MED HIGH",NA
74,10,107.277488428557,74,1,1.49838390201342,"FISHED",0.224754657712765,0.25,1,"HIGH MED HIGH",NA
75,1,61.8272665344622,74,0,0.499930664089053,"M",0.224754657712765,0.25,1,"HIGH MED HIGH",NA
75,2,63.559479451008,74,0,0.499749582108216,"FISHED",0.224754657712765,0.25,1,"HIGH MED HIGH",NA
75,3,63.6085903628973,74,0,0.500646521523429,"M",0.224754657712765,0.25,1,"HIGH MED HIGH",NA
75,4,141.640268969174,76,2,2.50059111027058,"FISHED",0.298980259965174,0.25,1,"HIGH MED HIGH",NA
75,5,124.58531371755,76,2,2.49853626607212,"M",0.298980259965174,0.25,1,"HIGH MED HIGH",NA
75,6,62.1600696632096,74,0,0.500069203336765,"M",0.224754657712765,0.25,1,"HIGH MED HIGH",NA
75,7,62.3439100953583,74,0,0.500805880783963,"FISHED",0.224754657712765,0.25,1,"HIGH MED HIGH",NA
75,8,61.0649545957237,74,0,0.49996225400955,"M",0.224754657712765,0.25,1,"HIGH MED HIGH",NA
75,9,134.182769558144,76,2,2.49755845018941,"M",0.298980259965174,0.25,1,"HIGH MED HIGH",NA
75,10,122.579259885968,76,2,2.49973708014687,"FISHED",0.298980259965174,0.25,1,"HIGH MED HIGH",NA
76,1,61.7723564970579,75,0,0.49884225412853,"M",0.210482353717089,0.25,1,"HIGH MED HIGH",NA
76,2,163.175857191781,80,5,5.50181565867388,"FISHED",0.281741884863004,0.25,1,"HIGH MED HIGH",NA
76,3,155.339532539735,78,3,3.50061436428861,"M",0.236946196272038,0.25,1,"HIGH MED HIGH",NA
76,4,95.9955049600027,76,1,1.49820068489256,"FISHED",0.298980259965174,0.25,1,"HIGH MED HIGH",NA
76,5,60.1070873878786,75,0,0.500704551270193,"FISHED",0.210482353717089,0.25,1,"HIGH MED HIGH",NA
76,6,63.372722449685,75,0,0.498517179232772,"M",0.210482353717089,0.25,1,"HIGH MED HIGH",NA
76,7,61.2619221617058,75,0,0.4985879746837,"FISHED",0.210482353717089,0.25,1,"HIGH MED HIGH",NA
76,8,90.0031237806482,76,1,1.50003050446308,"M",0.298980259965174,0.25,1,"HIGH MED HIGH",NA
76,9,62.5123825906563,75,0,0.499134639313139,"M",0.210482353717089,0.25,1,"HIGH MED HIGH",NA
76,10,152.623670410966,78,3,3.50063470382788,"FISHED",0.236946196272038,0.25,1,"HIGH MED HIGH",NA
77,1,63.1116689544016,76,0,0.499461668251978,"M",0.298980259965174,0.25,1,"HIGH MED HIGH",NA
77,2,154.414587944829,79,3,3.49927056045358,"FISHED",0.270544563164003,0.25,1,"HIGH MED HIGH",NA
77,3,120.548733897737,78,2,2.50027332810251,"M",0.236946196272038,0.25,1,"HIGH MED HIGH",NA
77,4,63.533874566426,76,0,0.497416712258508,"FISHED",0.298980259965174,0.25,1,"HIGH MED HIGH",NA
77,5,61.6627252259281,76,0,0.49919865649582,"M",0.298980259965174,0.25,1,"HIGH MED HIGH",NA
77,6,61.3707957305789,76,0,0.500154059843439,"M",0.298980259965174,0.25,1,"HIGH MED HIGH",NA
77,7,134.948234564839,78,2,2.50089759743908,"FISHED",0.236946196272038,0.25,1,"HIGH MED HIGH",NA
77,8,63.0335370878733,76,0,0.500803118295573,"FISHED",0.298980259965174,0.25,1,"HIGH MED HIGH",NA
77,9,119.105803606459,78,2,2.49854741447025,"FISHED",0.236946196272038,0.25,1,"HIGH MED HIGH",NA
78,1,92.2970160324399,78,1,1.50097567242416,"M",0.236946196272038,0.25,1,"HIGH MED HIGH",NA
78,2,65.0045940871913,77,0,0.499443089369558,"M",0.207035876647569,0.25,1,"HIGH MED HIGH",NA
78,3,128.236646236131,79,2,2.50039747818955,"FISHED",0.270544563164003,0.25,1,"HIGH MED HIGH",NA
78,4,112.766025380881,79,2,2.49935280761973,"M",0.270544563164003,0.25,1,"HIGH MED HIGH",NA
78,5,131.164416445582,79,2,2.49835327472283,"M",0.270544563164003,0.25,1,"HIGH MED HIGH",NA
78,6,63.4877037340254,77,0,0.499913096035306,"FISHED",0.207035876647569,0.25,1,"HIGH MED HIGH",NA
78,7,123.893724468926,79,2,2.49852475744638,"FISHED",0.270544563164003,0.25,1,"HIGH MED HIGH",NA
78,8,95.384685411322,78,1,1.49901790749021,"M",0.236946196272038,0.25,1,"HIGH MED HIGH",NA
78,9,160.035379547759,80,3,3.50034958058658,"FISHED",0.281741884863004,0.25,1,"HIGH MED HIGH",NA
78,10,62.1295066951856,77,0,0.499571915646177,"M",0.207035876647569,0.25,1,"HIGH MED HIGH",NA
78,11,99.6103200479563,78,1,1.50027295513639,"M",0.236946196272038,0.25,1,"HIGH MED HIGH",NA
79,1,156.850520177473,81,3,3.49902099728929,"M",0.290498876664788,0.25,1,"HIGH MED HIGH",NA
79,2,165.711349918561,82,4,4.50015185926444,"FISHED",0.263352058152668,0.25,1,"HIGH MED HIGH",NA
79,3,100.437737117397,79,1,1.50041835511977,"M",0.270544563164003,0.25,1,"HIGH MED HIGH",NA
79,4,64.7108305741109,78,0,0.500655188033337,"FISHED",0.236946196272038,0.25,1,"HIGH MED HIGH",NA
79,5,60.313820496484,78,0,0.500037196775272,"M",0.236946196272038,0.25,1,"HIGH MED HIGH",NA
79,6,100.75609757349,79,1,1.49893857991598,"FISHED",0.270544563164003,0.25,1,"HIGH MED HIGH",NA
79,7,97.6069688025008,79,1,1.49894581968086,"M",0.270544563164003,0.25,1,"HIGH MED HIGH",NA
79,8,95.3375828766408,79,1,1.50101596712766,"M",0.270544563164003,0.25,1,"HIGH MED HIGH",NA
79,9,60.8427584961858,78,0,0.50087792961509,"M",0.236946196272038,0.25,1,"HIGH MED HIGH",NA
80,1,61.3987112220816,79,0,0.502781614306679,"FISHED",0.270544563164003,0.25,1,"HIGH MED HIGH",NA
80,2,103.681621663639,80,1,1.50060813475661,"M",0.281741884863004,0.25,1,"HIGH MED HIGH",NA
80,3,62.745911739829,79,0,0.500458254370556,"M",0.270544563164003,0.25,1,"HIGH MED HIGH",NA
80,4,96.015173604369,80,1,1.50014604121997,"M",0.281741884863004,0.25,1,"HIGH MED HIGH",NA
80,5,129.594176372344,81,2,2.50008158457863,"M",0.290498876664788,0.25,1,"HIGH MED HIGH",NA
80,6,146.497142418182,82,3,3.49881306700031,"M",0.263352058152668,0.25,1,"HIGH MED HIGH",NA
80,7,194.277033088609,89,10,10.5007022676003,"M",0.358229196583852,0.25,1,"HIGH MED HIGH",NA
80,8,125.858924615447,81,2,2.50030635876944,"M",0.290498876664788,0.25,1,"HIGH MED HIGH",NA
81,1,100.050648413851,81,1,1.49926199311709,"FISHED",0.290498876664788,0.25,1,"HIGH MED HIGH",NA
81,2,90.6622696901642,81,1,1.49921090800287,"FISHED",0.290498876664788,0.25,1,"HIGH MED HIGH",NA
81,3,148.700112015575,83,3,3.5013135248586,"FISHED",0.28594699210953,0.25,1,"HIGH MED HIGH",NA
81,4,59.4462121282408,80,0,0.49980981237174,"FISHED",0.281741884863004,0.25,1,"HIGH MED HIGH",NA
81,5,96.8933768721777,81,1,1.49952284279879,"FISHED",0.290498876664788,0.25,1,"HIGH MED HIGH",NA
81,6,61.8776616641477,80,0,0.502369497028694,"M",0.281741884863004,0.25,1,"HIGH MED HIGH",NA
82,1,63.6005079745988,81,0,0.500956329920604,"FISHED",0.290498876664788,0.25,1,"HIGH MED HIGH",NA
82,2,193.883311823348,85,4,4.50160216072275,"FISHED",0.356814117729664,0.25,1,"HIGH MED HIGH",NA
82,3,139.443818311096,84,3,3.50147228059829,"FISHED",0.316035038954578,0.25,1,"HIGH MED HIGH",NA
82,4,63.116223885077,81,0,0.499551755363612,"FISHED",0.290498876664788,0.25,1,"HIGH MED HIGH",NA
82,5,137.202105642325,83,2,2.4996497976393,"FISHED",0.28594699210953,0.25,1,"HIGH MED HIGH",NA
82,6,205.40401153291,88,7,7.50052875498301,"M",0.392990289372392,0.25,1,"HIGH MED HIGH",NA
83,1,62.2045580376336,82,0,0.499281078951025,"M",0.263352058152668,0.25,1,"HIGH MED HIGH",NA
83,2,61.2510293241823,82,0,0.49840007175212,"FISHED",0.263352058152668,0.25,1,"HIGH MED HIGH",NA
83,3,98.4188657768519,83,1,1.50082834688725,"M",0.28594699210953,0.25,1,"HIGH MED HIGH",NA
83,4,61.0554262828933,82,0,0.500488269969366,"M",0.263352058152668,0.25,1,"HIGH MED HIGH",NA
83,5,119.793651980956,84,2,2.49898751608544,"M",0.316035038954578,0.25,1,"HIGH MED HIGH",NA
83,6,97.2510244507745,83,1,1.50115455920975,"M",0.28594699210953,0.25,1,"HIGH MED HIGH",NA
84,1,126.241051929516,85,2,2.49849290196864,"FISHED",0.356814117729664,0.25,1,"HIGH MED HIGH",NA
84,2,61.3586864703901,83,0,0.500060000970574,"FISHED",0.28594699210953,0.25,1,"HIGH MED HIGH",NA
84,3,64.1898125972299,83,0,0.499851112196461,"M",0.28594699210953,0.25,1,"HIGH MED HIGH",NA
84,4,64.4597071401664,83,0,0.499912467094602,"M",0.28594699210953,0.25,1,"HIGH MED HIGH",NA
84,5,100.942500561402,84,1,1.50046675261119,"FISHED",0.316035038954578,0.25,1,"HIGH MED HIGH",NA
84,6,61.4415815504005,83,0,0.498991658457171,"FISHED",0.28594699210953,0.25,1,"HIGH MED HIGH",NA
85,1,122.332617618423,86,2,2.50108474723255,"M",0.351220763009042,0.25,1,"HIGH MED HIGH",NA
85,2,59.8167846977058,84,0,0.499935843253283,"FISHED",0.316035038954578,0.25,1,"HIGH MED HIGH",NA
85,3,104.92956701258,85,1,1.49963586567964,"M",0.356814117729664,0.25,1,"HIGH MED HIGH",NA
85,4,62.151631046719,84,0,0.50091002204363,"M",0.316035038954578,0.25,1,"HIGH MED HIGH",NA
85,5,98.9593267005623,85,1,1.50154100510414,"FISHED",0.356814117729664,0.25,1,"HIGH MED HIGH",NA
85,6,173.822219560972,90,6,6.50043064249765,"M",0.351398856402375,0.25,1,"HIGH MED HIGH",NA
86,1,168.806999564924,89,4,4.50076054553562,"FISHED",0.358229196583852,0.25,1,"HIGH MED HIGH",NA
86,2,120.29028608999,87,2,2.49954682200622,"M",0.334993110457435,0.25,1,"HIGH MED HIGH",NA
86,3,61.3034091112778,85,0,0.500592364934894,"M",0.356814117729664,0.25,1,"HIGH MED HIGH",NA
86,4,103.305740124254,86,1,1.49842006010293,"M",0.351220763009042,0.25,1,"HIGH MED HIGH",NA
86,5,62.4379798756514,85,0,0.501510137909928,"M",0.356814117729664,0.25,1,"HIGH MED HIGH",NA
86,6,64.2499298179044,85,0,0.501153112032985,"FISHED",0.356814117729664,0.25,1,"HIGH MED HIGH",NA
86,7,64.4403458163564,85,0,0.501212777476332,"FISHED",0.356814117729664,0.25,1,"HIGH MED HIGH",NA
87,1,122.594216325903,88,2,2.50032224431257,"M",0.392990289372392,0.25,1,"HIGH MED HIGH",NA
87,2,61.5248450784287,86,0,0.500268825872256,"FISHED",0.351220763009042,0.25,1,"HIGH MED HIGH",NA
87,3,175.959557915085,90,4,4.50090863361551,"M",0.351398856402375,0.25,1,"HIGH MED HIGH",NA
87,4,62.3863427540876,86,0,0.499716705034114,"FISHED",0.351220763009042,0.25,1,"HIGH MED HIGH",NA
87,5,132.358261902578,88,2,2.49995283510655,"FISHED",0.392990289372392,0.25,1,"HIGH MED HIGH",NA
87,6,63.6109651869192,86,0,0.500643074395632,"M",0.351220763009042,0.25,1,"HIGH MED HIGH",NA
87,7,127.827591759807,88,2,2.50038738149976,"FISHED",0.392990289372392,0.25,1,"HIGH MED HIGH",NA
87,8,170.173800650495,91,5,5.49978876007467,"FISHED",0.368689435580745,0.25,1,"HIGH MED HIGH",NA
87,9,64.13240551964,86,0,0.500788701391465,"M",0.351220763009042,0.25,1,"HIGH MED HIGH",NA
88,1,62.0422851270008,87,0,0.498772849446522,"FISHED",0.334993110457435,0.25,1,"HIGH MED HIGH",NA
88,2,61.5908871266032,87,0,0.500190564546043,"FISHED",0.334993110457435,0.25,1,"HIGH MED HIGH",NA
88,3,99.7451296347186,88,1,1.50017411214225,"M",0.392990289372392,0.25,1,"HIGH MED HIGH",NA
88,4,62.2390735830825,87,0,0.498610162521356,"M",0.334993110457435,0.25,1,"HIGH MED HIGH",NA
88,5,61.9015339124316,87,0,0.499506531140056,"FISHED",0.334993110457435,0.25,1,"HIGH MED HIGH",NA
88,6,120.189696904482,89,2,2.50010253614111,"M",0.358229196583852,0.25,1,"HIGH MED HIGH",NA
88,7,150.936440744931,90,3,3.49939263410192,"FISHED",0.351398856402375,0.25,1,"HIGH MED HIGH",NA
88,8,97.2623453507934,88,1,1.5007712137002,"FISHED",0.392990289372392,0.25,1,"HIGH MED HIGH",NA
89,1,61.4258497773684,88,0,0.50000536611774,"FISHED",0.392990289372392,0.25,1,"HIGH MED HIGH",NA
89,2,62.6025495570813,88,0,0.500968833077593,"FISHED",0.392990289372392,0.25,1,"HIGH MED HIGH",NA
89,3,98.5532572095735,89,1,1.49966439674041,"M",0.358229196583852,0.25,1,"HIGH MED HIGH",NA
89,4,203.320497787673,92,4,4.50047356404216,"M",0.343698302120902,0.25,1,"HIGH MED HIGH",NA
89,5,63.2703940874755,88,0,0.500961467180619,"M",0.392990289372392,0.25,1,"HIGH MED HIGH",NA
89,6,118.834259066212,90,2,2.50094958069157,"FISHED",0.351398856402375,0.25,1,"HIGH MED HIGH",NA
89,7,60.044563788684,88,0,0.498340260049361,"M",0.392990289372392,0.25,1,"HIGH MED HIGH",NA
90,1,66.184067432228,89,0,0.500504759683658,"M",0.358229196583852,0.25,1,"HIGH MED HIGH",NA
90,2,62.4635288198598,89,0,0.4972487114428,"FISHED",0.358229196583852,0.25,1,"HIGH MED HIGH",NA
90,3,60.5163310347619,89,0,0.49920493941123,"M",0.358229196583852,0.25,1,"HIGH MED HIGH",NA
90,4,132.572730588585,91,2,2.50010386575249,"FISHED",0.368689435580745,0.25,1,"HIGH MED HIGH",NA
90,5,101.213035118278,90,1,1.49973589992568,"M",0.351398856402375,0.25,1,"HIGH MED HIGH",NA
90,6,191.681809012013,93,4,4.50073646576433,"M",0.330208484199829,0.25,1,"HIGH MED HIGH",NA
90,7,61.1041073566824,89,0,0.501340417000274,"M",0.358229196583852,0.25,1,"HIGH MED HIGH",NA
90,8,95.9662489378809,90,1,1.49791775759692,"M",0.351398856402375,0.25,1,"HIGH MED HIGH",NA
90,9,97.1778506334313,90,1,1.50018587094148,"M",0.351398856402375,0.25,1,"HIGH MED HIGH",NA
91,1,62.8219097412532,90,0,0.500131303502079,"M",0.351398856402375,0.25,1,"HIGH MED HIGH",NA
91,2,120.14170081971,92,2,2.50135370961388,"M",0.343698302120902,0.25,1,"HIGH MED HIGH",NA
91,3,104.19682015599,91,1,1.49921625179206,"FISHED",0.368689435580745,0.25,1,"HIGH MED HIGH",NA
91,4,97.7213230583265,91,1,1.49942951271984,"M",0.368689435580745,0.25,1,"HIGH MED HIGH",NA
91,5,64.0307102894052,90,0,0.499161780158759,"M",0.351398856402375,0.25,1,"HIGH MED HIGH",NA
91,6,99.7064811960749,91,1,1.50016842091602,"FISHED",0.368689435580745,0.25,1,"HIGH MED HIGH",NA
91,7,60.9818117553076,90,0,0.498935182890868,"FISHED",0.351398856402375,0.25,1,"HIGH MED HIGH",NA
91,8,62.7415459462332,90,0,0.499135826951234,"FISHED",0.351398856402375,0.25,1,"HIGH MED HIGH",NA
91,9,96.8575747338795,91,1,1.50014451146617,"M",0.368689435580745,0.25,1,"HIGH MED HIGH",NA
91,10,61.1391021177797,90,0,0.500765268995141,"FISHED",0.351398856402375,0.25,1,"HIGH MED HIGH",NA
92,1,93.8450645028237,92,1,1.49906977529202,"FISHED",0.343698302120902,0.25,1,"HIGH MED HIGH",NA
92,2,100.143339108413,92,1,1.49938826974285,"FISHED",0.343698302120902,0.25,1,"HIGH MED HIGH",NA
92,3,102.879064129382,92,1,1.49919928251244,"FISHED",0.343698302120902,0.25,1,"HIGH MED HIGH",NA
92,4,96.056487236069,92,1,1.50091574602488,"M",0.343698302120902,0.25,1,"HIGH MED HIGH",NA
92,5,115.707339357538,93,2,2.5005082625008,"FISHED",0.330208484199829,0.25,1,"HIGH MED HIGH",NA
92,6,64.0003597638038,91,0,0.49904175348469,"M",0.368689435580745,0.25,1,"HIGH MED HIGH",NA
92,7,128.139332580776,93,2,2.50028670546019,"M",0.330208484199829,0.25,1,"HIGH MED HIGH",NA
92,8,62.9255021031913,91,0,0.501916564548378,"M",0.368689435580745,0.25,1,"HIGH MED HIGH",NA
93,1,64.1257193723978,92,0,0.501129066837199,"M",0.343698302120902,0.25,1,"HIGH MED HIGH",NA
93,2,108.536035117905,93,1,1.500145051285,"FISHED",0.330208484199829,0.25,1,"HIGH MED HIGH",NA
93,3,63.5200930071282,92,0,0.500159121357792,"M",0.343698302120902,0.25,1,"HIGH MED HIGH",NA
93,4,93.5594065800633,93,1,1.50066180290037,"FISHED",0.330208484199829,0.25,1,"HIGH MED HIGH",NA
93,5,102.540450800334,93,1,1.49928288710725,"FISHED",0.330208484199829,0.25,1,"HIGH MED HIGH",NA
93,6,120.600537905087,94,2,2.49940894234262,"FISHED",0.396901131304912,0.25,1,"HIGH MED HIGH",NA
93,7,62.5937758180281,92,0,0.501559987448359,"M",0.343698302120902,0.25,1,"HIGH MED HIGH",NA
93,8,98.7033478094431,93,1,1.50184325779526,"FISHED",0.330208484199829,0.25,1,"HIGH MED HIGH",NA
94,1,61.9814641987781,93,0,0.501188285683748,"M",0.330208484199829,0.25,1,"HIGH MED HIGH",NA
94,2,59.1012551442161,93,0,0.500297761064984,"M",0.330208484199829,0.25,1,"HIGH MED HIGH",NA
94,3,97.8637293786677,94,1,1.49934966047156,"FISHED",0.396901131304912,0.25,1,"HIGH MED HIGH",NA
94,4,63.8782039251482,93,0,0.501048952515463,"FISHED",0.330208484199829,0.25,1,"HIGH MED HIGH",NA
94,5,61.9379018980121,93,0,0.499574603857219,"FISHED",0.330208484199829,0.25,1,"HIGH MED HIGH",NA
94,6,61.9438320494219,93,0,0.498661818682655,"FISHED",0.330208484199829,0.25,1,"HIGH MED HIGH",NA
94,7,93.9447017198573,94,1,1.50054547420151,"M",0.396901131304912,0.25,1,"HIGH MED HIGH",NA
95,1,61.5962650562049,94,0,0.499760714595493,"FISHED",0.396901131304912,0.25,1,"HIGH MED HIGH",NA
95,2,63.6446695962759,94,0,0.499710197537992,"FISHED",0.396901131304912,0.25,1,"HIGH MED HIGH",NA
95,3,63.8332127406404,94,0,0.499308342550966,"FISHED",0.396901131304912,0.25,1,"HIGH MED HIGH",NA
95,4,63.416235358111,94,0,0.50221407761581,"M",0.396901131304912,0.25,1,"HIGH MED HIGH",NA
95,5,63.6474670455467,94,0,0.502024412796176,"FISHED",0.396901131304912,0.25,1,"HIGH MED HIGH",NA
95,6,60.3676852974088,94,0,0.500578761217039,"FISHED",0.396901131304912,0.25,1,"HIGH MED HIGH",NA
95,7,95.793952770459,95,1,1.49918049398685,"M",0.384468409884721,0.25,1,"HIGH MED HIGH",NA
96,1,152.923203220333,99,4,4.50116111596402,"FISHED",0.32194782984443,0.25,1,"HIGH MED HIGH",NA
97,1,124.389588370234,98,2,2.50016671361812,"FISHED",0.354196881852113,0.25,1,"HIGH MED HIGH",NA
98,1,146.730868939656,100,3,3.49919841092221,"M",0.337585756881163,0.25,1,"HIGH MED HIGH",NA
99,1,95.51846992843,99,1,1.50094386108887,"FISHED",0.32194782984443,0.25,1,"HIGH MED HIGH",NA
100,1,60.3649201430977,99,0,0.497756185023102,"FISHED",0.32194782984443,0.25,1,"HIGH MED HIGH",NA
100,2,62.5807015203415,99,0,0.499983572766708,"M",0.32194782984443,0.25,1,"HIGH MED HIGH",NA
