"cohort","ind","fish_size","Year","Age","AgeE","dtype","FMORT","M","Sel","FSIM","REG"
1,1,64.0852124479201,0,0,0.502736860049119,"M",0,0.25,1,"MED MED MED",NA
1,2,62.2446261855167,0,0,0.498830421659311,"M",0,0.25,1,"MED MED MED",NA
1,3,92.8076248041998,1,1,1.50065415200681,"M",0,0.25,1,"MED MED MED",NA
1,4,176.237889998523,4,4,4.50148018114403,"M",0,0.25,1,"MED MED MED",NA
1,5,219.950044709207,8,8,8.50085255566021,"M",0,0.25,1,"MED MED MED",NA
1,6,94.6856935439534,1,1,1.50116317330575,"M",0,0.25,1,"MED MED MED",NA
1,7,63.6868212447081,0,0,0.500181821094751,"M",0,0.25,1,"MED MED MED",NA
1,8,135.000024534454,2,2,2.49940903134351,"M",0,0.25,1,"MED MED MED",NA
1,9,112.462976121441,2,2,2.49960569070269,"M",0,0.25,1,"MED MED MED",NA
1,10,168.205751292271,4,4,4.50058796182454,"M",0,0.25,1,"MED MED MED",NA
1,11,164.839629423248,4,4,4.49901178795676,"M",0,0.25,1,"MED MED MED",NA
1,12,132.559894067349,2,2,2.49970110603068,"M",0,0.25,1,"MED MED MED",NA
2,1,165.670642622685,6,5,5.49907755894905,"M",0,0.25,1,"MED MED MED",NA
2,2,62.7111702285386,1,0,0.499900184375888,"M",0,0.25,1,"MED MED MED",NA
2,3,61.0976392246853,1,0,0.498536739598944,"M",0,0.25,1,"MED MED MED",NA
2,4,123.482995760484,3,2,2.49872007706177,"M",0,0.25,1,"MED MED MED",NA
2,5,157.269656032388,4,3,3.49993826857694,"M",0,0.25,1,"MED MED MED",NA
2,6,130.946621818701,3,2,2.49856029057013,"M",0,0.25,1,"MED MED MED",NA
2,7,199.060536713855,9,8,8.50025736880396,"M",0,0.25,1,"MED MED MED",NA
2,8,62.8130003590056,1,0,0.499040729181848,"M",0,0.25,1,"MED MED MED",NA
2,9,207.521769230982,9,8,8.50048408607289,"M",0,0.25,1,"MED MED MED",NA
2,10,97.2006548786083,2,1,1.50044737804863,"M",0,0.25,1,"MED MED MED",NA
2,11,134.281303435296,4,3,3.50171291005708,"M",0,0.25,1,"MED MED MED",NA
3,1,188.79022486518,9,7,7.50064808014995,"M",0,0.25,1,"MED MED MED",NA
3,2,155.815299803281,5,3,3.50020103575553,"M",0,0.25,1,"MED MED MED",NA
3,3,59.1631004739397,2,0,0.49938913339858,"M",0,0.25,1,"MED MED MED",NA
3,4,167.850708218228,6,4,4.4990999994891,"M",0,0.25,1,"MED MED MED",NA
3,5,164.812667468991,7,5,5.49950618843034,"M",0,0.25,1,"MED MED MED",NA
3,6,161.822399049235,6,4,4.49993294986993,"M",0,0.25,1,"MED MED MED",NA
3,7,213.019688658757,9,7,7.49986867493086,"M",0,0.25,1,"MED MED MED",NA
3,8,64.6855001030138,2,0,0.500234822569418,"M",0,0.25,1,"MED MED MED",NA
3,9,198.676735366808,8,6,6.50097090664131,"M",0,0.25,1,"MED MED MED",NA
3,10,128.500681094505,4,2,2.50033471535364,"M",0,0.25,1,"MED MED MED",NA
3,11,62.4322260986973,2,0,0.498784120144892,"M",0,0.25,1,"MED MED MED",NA
3,12,153.009780674141,5,3,3.497963595186,"M",0,0.25,1,"MED MED MED",NA
4,1,118.660280099999,5,2,2.49994491924704,"M",0,0.25,1,"MED MED MED",NA
4,2,169.623136039126,9,6,6.49973869852011,"M",0,0.25,1,"MED MED MED",NA
4,3,141.960659765693,7,4,4.50039688299458,"M",0,0.25,1,"MED MED MED",NA
4,4,149.974411518748,6,3,3.49968045569664,"M",0,0.25,1,"MED MED MED",NA
4,5,96.9264800482556,4,1,1.49930515950329,"M",0,0.25,1,"MED MED MED",NA
4,6,173.847392716918,11,8,8.49969586277102,"M",0,0.25,1,"MED MED MED",NA
4,7,61.2774115602452,3,0,0.499426653235474,"M",0,0.25,1,"MED MED MED",NA
4,8,124.208396541692,5,2,2.50019396051618,"M",0,0.25,1,"MED MED MED",NA
4,9,139.809513427512,6,3,3.5013106300722,"M",0,0.25,1,"MED MED MED",NA
4,10,91.6920421218653,4,1,1.49939332676556,"M",0,0.25,1,"MED MED MED",NA
4,11,61.5060301100043,3,0,0.499422004905635,"M",0,0.25,1,"MED MED MED",NA
5,1,138.96173031457,6,2,2.50015996722216,"M",0,0.25,1,"MED MED MED",NA
5,2,162.139860446305,9,5,5.50033030341426,"M",0,0.25,1,"MED MED MED",NA
5,3,60.5683484283888,4,0,0.499214900310605,"M",0,0.25,1,"MED MED MED",NA
5,4,65.4362253608601,4,0,0.501392689673871,"M",0,0.25,1,"MED MED MED",NA
5,5,159.521559434847,9,5,5.49847103691984,"M",0,0.25,1,"MED MED MED",NA
5,6,130.66027729373,7,3,3.49991489414385,"M",0,0.25,1,"MED MED MED",NA
5,7,209.552682281353,13,9,9.49987348433907,"M",0,0.25,1,"MED MED MED",NA
5,8,196.271728922386,10,6,6.49990381695931,"M",0,0.25,1,"MED MED MED",NA
5,9,63.7080100957337,4,0,0.499379305333645,"M",0,0.25,1,"MED MED MED",NA
5,10,63.8586972935341,4,0,0.502060398522507,"M",0,0.25,1,"MED MED MED",NA
6,1,147.068457864784,8,3,3.50065640741707,"M",0,0.25,1,"MED MED MED",NA
6,2,64.1302494794974,5,0,0.499467480452026,"M",0,0.25,1,"MED MED MED",NA
6,3,196.826335987896,10,5,5.49951818112371,"M",0,0.25,1,"MED MED MED",NA
6,4,125.290084390771,7,2,2.50108847824756,"M",0,0.25,1,"MED MED MED",NA
6,5,173.6204468833,9,4,4.50058299735232,"M",0,0.25,1,"MED MED MED",NA
6,6,196.426345561968,10,5,5.50065642976552,"M",0,0.25,1,"MED MED MED",NA
6,7,98.5845499329093,6,1,1.4990213210089,"M",0,0.25,1,"MED MED MED",NA
6,8,140.993345469987,7,2,2.50054970059345,"M",0,0.25,1,"MED MED MED",NA
6,9,62.4366234681135,5,0,0.497456064923748,"M",0,0.25,1,"MED MED MED",NA
6,10,194.819242214181,11,6,6.50018528254667,"M",0,0.25,1,"MED MED MED",NA
6,11,186.305978231201,11,6,6.49715152279311,"M",0,0.25,1,"MED MED MED",NA
6,12,152.937978817135,8,3,3.49935858310244,"M",0,0.25,1,"MED MED MED",NA
6,13,96.5574067249555,6,1,1.49770880848762,"M",0,0.25,1,"MED MED MED",NA
7,1,98.1838730488094,7,1,1.50053708565121,"M",0,0.25,1,"MED MED MED",NA
7,2,131.64017820638,8,2,2.50023905700627,"M",0,0.25,1,"MED MED MED",NA
7,3,167.221330414013,10,4,4.498203204174,"M",0,0.25,1,"MED MED MED",NA
7,4,64.2736776775035,6,0,0.501080163456775,"M",0,0.25,1,"MED MED MED",NA
7,5,166.94224124556,12,6,6.50184278177819,"M",0,0.25,1,"MED MED MED",NA
7,6,124.136100016968,8,2,2.50111433835027,"M",0,0.25,1,"MED MED MED",NA
7,7,67.3418514189053,6,0,0.499596138400101,"M",0,0.25,1,"MED MED MED",NA
7,8,181.165006287481,18,12,12.4999585162672,"M",0,0.25,1,"MED MED MED",NA
7,9,147.258055398155,9,3,3.50158709599457,"M",0,0.25,1,"MED MED MED",NA
7,10,198.305800959189,13,7,7.4999957434542,"M",0,0.25,1,"MED MED MED",NA
7,11,267.910490058749,15,9,9.49918734570943,"M",0,0.25,1,"MED MED MED",NA
7,12,147.472167750857,9,3,3.49908393710431,"M",0,0.25,1,"MED MED MED",NA
8,1,89.7466946020856,8,1,1.50026405697547,"M",0,0.25,1,"MED MED MED",NA
8,2,61.9680047485593,7,0,0.499679262988638,"M",0,0.25,1,"MED MED MED",NA
8,3,129.025299018376,9,2,2.4988943475098,"M",0,0.25,1,"MED MED MED",NA
8,4,144.215144738642,10,3,3.50168657721923,"M",0,0.25,1,"MED MED MED",NA
8,5,61.7439804909334,7,0,0.499565702427315,"M",0,0.25,1,"MED MED MED",NA
8,6,91.7412359697127,8,1,1.50154630894688,"M",0,0.25,1,"MED MED MED",NA
8,7,63.1542073419616,7,0,0.500529952780793,"M",0,0.25,1,"MED MED MED",NA
8,8,97.8524808414732,8,1,1.49822054026229,"M",0,0.25,1,"MED MED MED",NA
8,9,130.392051973026,9,2,2.4993785702045,"M",0,0.25,1,"MED MED MED",NA
8,10,188.418699066443,14,7,7.50033159400245,"M",0,0.25,1,"MED MED MED",NA
8,11,62.2740006656993,7,0,0.49920423134813,"M",0,0.25,1,"MED MED MED",NA
8,12,175.237736575998,12,5,5.49921270551375,"M",0,0.25,1,"MED MED MED",NA
9,1,209.321467470088,19,11,11.4994957985645,"M",0,0.25,1,"MED MED MED",NA
9,2,195.702355531059,14,6,6.49911063040501,"M",0,0.25,1,"MED MED MED",NA
9,3,222.765731995196,15,7,7.50029067396509,"M",0,0.25,1,"MED MED MED",NA
9,4,139.847419513081,11,3,3.50021076599193,"M",0,0.25,1,"MED MED MED",NA
9,5,60.5378210864373,8,0,0.500440944465017,"M",0,0.25,1,"MED MED MED",NA
9,6,120.577282924152,10,2,2.50028513660847,"M",0,0.25,1,"MED MED MED",NA
9,7,179.62926916563,14,6,6.49908141051897,"M",0,0.25,1,"MED MED MED",NA
9,8,60.5342980243224,8,0,0.499976410229406,"M",0,0.25,1,"MED MED MED",NA
9,9,198.028885422506,14,6,6.49935886272954,"M",0,0.25,1,"MED MED MED",NA
9,10,137.592758459376,10,2,2.49879929781529,"M",0,0.25,1,"MED MED MED",NA
9,11,62.2586683973501,8,0,0.500295147979933,"M",0,0.25,1,"MED MED MED",NA
9,12,182.466822973293,14,6,6.50107282391668,"M",0,0.25,1,"MED MED MED",NA
10,1,63.3414068380926,9,0,0.500511268465748,"M",0,0.25,1,"MED MED MED",NA
10,2,205.686970987749,22,13,13.5000679165875,"M",0,0.25,1,"MED MED MED",NA
10,3,126.340308249625,11,2,2.50085232841509,"M",0,0.25,1,"MED MED MED",NA
10,4,103.068724539872,10,1,1.50039960096341,"M",0,0.25,1,"MED MED MED",NA
10,5,62.8578997248819,9,0,0.501126958587969,"M",0,0.25,1,"MED MED MED",NA
10,6,151.714682553986,12,3,3.49938936191336,"M",0,0.25,1,"MED MED MED",NA
10,7,171.909681224698,14,5,5.49999672021476,"M",0,0.25,1,"MED MED MED",NA
10,8,121.103334597534,11,2,2.500268771521,"M",0,0.25,1,"MED MED MED",NA
10,9,100.355762860202,10,1,1.50053125589276,"M",0,0.25,1,"MED MED MED",NA
10,10,61.0178671046375,9,0,0.502182839750313,"M",0,0.25,1,"MED MED MED",NA
10,11,179.709609261099,14,5,5.4989528540496,"M",0,0.25,1,"MED MED MED",NA
10,12,185.700218797551,14,5,5.50004354409948,"M",0,0.25,1,"MED MED MED",NA
10,13,148.133116992015,13,4,4.50135892327843,"M",0,0.25,1,"MED MED MED",NA
11,1,65.5944864075016,10,0,0.500711319500446,"M",0,0.25,1,"MED MED MED",NA
11,2,117.019155307758,12,2,2.50091014489508,"M",0,0.25,1,"MED MED MED",NA
11,3,194.17302108893,17,7,7.49928719651584,"M",0,0.25,1,"MED MED MED",NA
11,4,193.787937882527,16,6,6.5021645294179,"M",0,0.25,1,"MED MED MED",NA
11,5,163.861910275619,15,5,5.49979651990906,"M",0,0.25,1,"MED MED MED",NA
11,6,63.1961965296641,10,0,0.498936385915064,"M",0,0.25,1,"MED MED MED",NA
11,7,156.373978209444,13,3,3.50186717605699,"M",0,0.25,1,"MED MED MED",NA
11,8,64.5947108373297,10,0,0.500604556475837,"M",0,0.25,1,"MED MED MED",NA
11,9,124.049853025188,12,2,2.50007021881293,"M",0,0.25,1,"MED MED MED",NA
11,10,103.722592541367,11,1,1.4989123077978,"M",0,0.25,1,"MED MED MED",NA
11,11,210.391438960995,19,9,9.49933904660944,"M",0,0.25,1,"MED MED MED",NA
12,1,59.6985930428807,11,0,0.49944529811106,"M",0,0.25,1,"MED MED MED",NA
12,2,147.192460746256,14,3,3.50004883744972,"M",0,0.25,1,"MED MED MED",NA
12,3,107.889585613216,12,1,1.49984042147867,"M",0,0.25,1,"MED MED MED",NA
12,4,162.933983269667,15,4,4.49972294156843,"M",0,0.25,1,"MED MED MED",NA
12,5,186.096138072279,19,8,8.49926483589801,"M",0,0.25,1,"MED MED MED",NA
12,6,102.587857183441,12,1,1.50017116230926,"M",0,0.25,1,"MED MED MED",NA
12,7,131.625819136077,13,2,2.49948334130049,"M",0,0.25,1,"MED MED MED",NA
12,8,99.8063939854213,12,1,1.49982230991915,"M",0,0.25,1,"MED MED MED",NA
12,9,99.5319067977425,12,1,1.50059254148268,"M",0,0.25,1,"MED MED MED",NA
12,10,128.932839376956,13,2,2.49988709660559,"M",0,0.25,1,"MED MED MED",NA
12,11,61.4862702072306,11,0,0.500518728890092,"M",0,0.25,1,"MED MED MED",NA
12,12,266.752815126201,21,10,10.4996695289766,"M",0,0.25,1,"MED MED MED",NA
12,13,204.223091588244,21,10,10.5003124174223,"M",0,0.25,1,"MED MED MED",NA
13,1,124.225855259862,14,2,2.50005998972639,"M",0,0.25,1,"MED MED MED",NA
13,2,63.4303597142911,12,0,0.500164678503138,"M",0,0.25,1,"MED MED MED",NA
13,3,183.286329176478,16,4,4.49933646955259,"M",0,0.25,1,"MED MED MED",NA
13,4,62.2593193155424,12,0,0.499268287905656,"M",0,0.25,1,"MED MED MED",NA
13,5,205.305187359426,22,10,10.498684963671,"M",0,0.25,1,"MED MED MED",NA
13,6,60.452055689307,12,0,0.498259378139493,"M",0,0.25,1,"MED MED MED",NA
13,7,181.497031059021,17,5,5.5008017085741,"M",0,0.25,1,"MED MED MED",NA
13,8,61.4331540341388,12,0,0.498857208301373,"M",0,0.25,1,"MED MED MED",NA
13,9,146.937849231866,16,4,4.49932754682338,"M",0,0.25,1,"MED MED MED",NA
13,10,167.820565524053,17,5,5.49873474606501,"M",0,0.25,1,"MED MED MED",NA
13,11,156.264788430786,15,3,3.50082823101721,"M",0,0.25,1,"MED MED MED",NA
13,12,61.8808126639261,12,0,0.499826001996938,"M",0,0.25,1,"MED MED MED",NA
13,13,167.066715201562,17,5,5.50051728800182,"M",0,0.25,1,"MED MED MED",NA
14,1,103.839790611992,14,1,1.50106455681321,"M",0,0.25,1,"MED MED MED",NA
14,2,225.844128769698,21,8,8.502065682673,"M",0,0.25,1,"MED MED MED",NA
14,3,216.563435883497,25,12,12.4988659548513,"M",0,0.25,1,"MED MED MED",NA
14,4,115.943316621206,15,2,2.50047280822789,"M",0,0.25,1,"MED MED MED",NA
14,5,181.436956429201,18,5,5.50082645671419,"M",0,0.25,1,"MED MED MED",NA
14,6,132.720773983007,15,2,2.50052028121357,"M",0,0.25,1,"MED MED MED",NA
14,7,194.702632949921,21,8,8.49799655212903,"M",0,0.25,1,"MED MED MED",NA
14,8,186.576824617949,18,5,5.49920077042484,"M",0,0.25,1,"MED MED MED",NA
14,9,141.587268109192,16,3,3.50025990901343,"M",0,0.25,1,"MED MED MED",NA
14,10,61.3817332792105,13,0,0.500008964492694,"M",0,0.25,1,"MED MED MED",NA
14,11,135.254960954456,15,2,2.49994156138562,"M",0,0.25,1,"MED MED MED",NA
14,12,64.0700161369618,13,0,0.498549815373657,"M",0,0.25,1,"MED MED MED",NA
14,13,92.1265048910409,14,1,1.49937624830716,"M",0,0.25,1,"MED MED MED",NA
15,1,134.527505254045,16,2,2.50018723800673,"M",0,0.25,1,"MED MED MED",NA
15,2,127.963217734114,16,2,2.49978913692144,"M",0,0.25,1,"MED MED MED",NA
15,3,99.3986649052853,15,1,1.50044320415861,"M",0,0.25,1,"MED MED MED",NA
15,4,167.944212967799,19,5,5.49815949987065,"M",0,0.25,1,"MED MED MED",NA
15,5,225.447873883,27,13,13.4985559817588,"M",0,0.25,1,"MED MED MED",NA
15,6,127.539124156027,16,2,2.49883302052146,"M",0,0.25,1,"MED MED MED",NA
15,7,61.1957457871347,14,0,0.49993381641762,"M",0,0.25,1,"MED MED MED",NA
15,8,62.6691993587257,14,0,0.49922469868574,"M",0,0.25,1,"MED MED MED",NA
15,9,98.8689464661132,15,1,1.50031854045712,"M",0,0.25,1,"MED MED MED",NA
15,10,183.435336391254,18,4,4.50058450894252,"M",0,0.25,1,"MED MED MED",NA
15,11,138.839333579799,17,3,3.49946533509216,"M",0,0.25,1,"MED MED MED",NA
15,12,147.148101021258,18,4,4.50022570434119,"M",0,0.25,1,"MED MED MED",NA
16,1,139.904003823163,18,3,3.49757069674649,"M",0,0.25,1,"MED MED MED",NA
16,2,126.970377980804,17,2,2.50037845387115,"M",0,0.25,1,"MED MED MED",NA
16,3,63.2586882039747,15,0,0.499652709828192,"M",0,0.25,1,"MED MED MED",NA
16,4,100.963228443655,16,1,1.49933824110887,"M",0,0.25,1,"MED MED MED",NA
16,5,62.9317710383412,15,0,0.498555023246573,"M",0,0.25,1,"MED MED MED",NA
16,6,173.910411607166,19,4,4.49891508572922,"M",0,0.25,1,"MED MED MED",NA
16,7,174.239432164791,19,4,4.50092728380649,"M",0,0.25,1,"MED MED MED",NA
16,8,99.1049016419456,16,1,1.50073867064413,"M",0,0.25,1,"MED MED MED",NA
16,9,122.542076545181,17,2,2.49960921765048,"M",0,0.25,1,"MED MED MED",NA
16,10,132.110383342061,17,2,2.50061527718001,"M",0,0.25,1,"MED MED MED",NA
16,11,189.583193730364,22,7,7.49772730218455,"M",0,0.25,1,"MED MED MED",NA
17,1,62.9278154177597,16,0,0.499360652669421,"M",0,0.25,1,"MED MED MED",NA
17,2,63.0655347226337,16,0,0.500438385394696,"M",0,0.25,1,"MED MED MED",NA
17,3,206.345471293343,24,8,8.50068546163229,"M",0,0.25,1,"MED MED MED",NA
17,4,182.897125282006,21,5,5.500676043372,"M",0,0.25,1,"MED MED MED",NA
17,5,61.5680597497072,16,0,0.501153599230292,"M",0,0.25,1,"MED MED MED",NA
17,6,180.871542986595,24,8,8.50107749677325,"M",0,0.25,1,"MED MED MED",NA
17,7,200.837823648687,24,8,8.49893537532489,"M",0,0.25,1,"MED MED MED",NA
17,8,61.409339425608,16,0,0.500543757023566,"M",0,0.25,1,"MED MED MED",NA
17,9,62.2785309076461,16,0,0.501602901380458,"M",0,0.25,1,"MED MED MED",NA
17,10,63.2907377395355,16,0,0.499273990412128,"M",0,0.25,1,"MED MED MED",NA
17,11,63.3781265763531,16,0,0.500918055002842,"M",0,0.25,1,"MED MED MED",NA
18,1,62.2522872054788,17,0,0.500381976758377,"M",0,0.25,1,"MED MED MED",NA
18,2,193.609011076046,24,7,7.49995278561708,"M",0,0.25,1,"MED MED MED",NA
18,3,98.080383432202,18,1,1.50102181134576,"M",0,0.25,1,"MED MED MED",NA
18,4,174.162135490744,23,6,6.49924649612625,"M",0,0.25,1,"MED MED MED",NA
18,5,203.955648209926,26,9,9.49871659464761,"M",0,0.25,1,"MED MED MED",NA
18,6,143.57176648131,20,3,3.49927175732165,"M",0,0.25,1,"MED MED MED",NA
18,7,161.766875792696,21,4,4.50092642824061,"M",0,0.25,1,"MED MED MED",NA
18,8,205.335494380458,23,6,6.49997373965131,"M",0,0.25,1,"MED MED MED",NA
18,9,191.959145551373,22,5,5.49958829320102,"M",0,0.25,1,"MED MED MED",NA
18,10,156.766735008438,21,4,4.50008838733301,"M",0,0.25,1,"MED MED MED",NA
18,11,152.94195907164,21,4,4.50031339170198,"M",0,0.25,1,"MED MED MED",NA
19,1,65.3958310291394,18,0,0.501133806799084,"M",0,0.25,1,"MED MED MED",NA
19,2,127.332577030365,20,2,2.50077096700699,"M",0,0.25,1,"MED MED MED",NA
19,3,171.406716066346,22,4,4.50024456631625,"M",0,0.25,1,"MED MED MED",NA
19,4,163.583975606389,23,5,5.50029772606215,"M",0,0.25,1,"MED MED MED",NA
19,5,94.2724336610579,19,1,1.49934201150497,"M",0,0.25,1,"MED MED MED",NA
19,6,99.2057605062757,19,1,1.50099238468453,"M",0,0.25,1,"MED MED MED",NA
19,7,145.35818493737,21,3,3.50059052725217,"M",0,0.25,1,"MED MED MED",NA
19,8,121.384612211941,20,2,2.50144584000673,"M",0,0.25,1,"MED MED MED",NA
19,9,61.264279781827,18,0,0.499331462489061,"M",0,0.25,1,"MED MED MED",NA
19,10,96.0701526749511,19,1,1.50113170562456,"M",0,0.25,1,"MED MED MED",NA
19,11,96.2891728501356,19,1,1.50000005189999,"M",0,0.25,1,"MED MED MED",NA
19,12,155.970791061823,21,3,3.50253292593638,"M",0,0.25,1,"MED MED MED",NA
19,13,119.805794076159,20,2,2.49923909719359,"M",0,0.25,1,"MED MED MED",NA
19,14,124.810451631484,20,2,2.50109320803495,"M",0,0.25,1,"MED MED MED",NA
20,1,58.9921887549754,19,0,0.500551111879051,"M",0,0.25,1,"MED MED MED",NA
20,2,210.054773256823,26,7,7.49962943316024,"M",0,0.25,1,"MED MED MED",NA
20,3,207.174406077997,25,6,6.49951590139051,"M",0,0.25,1,"MED MED MED",NA
20,4,144.143088087648,22,3,3.50004427040481,"M",0,0.25,1,"MED MED MED",NA
20,5,63.9760684998857,19,0,0.500965967288216,"M",0,0.25,1,"MED MED MED",NA
20,6,117.444322549194,21,2,2.49987791642053,"M",0,0.25,1,"MED MED MED",NA
20,7,193.638730272384,25,6,6.49973364461601,"M",0,0.25,1,"MED MED MED",NA
20,8,164.410023961874,24,5,5.50057970161286,"M",0,0.25,1,"MED MED MED",NA
20,9,158.815301942008,23,4,4.49832780726474,"M",0,0.25,1,"MED MED MED",NA
20,10,94.755181506188,20,1,1.49881383778434,"M",0,0.25,1,"MED MED MED",NA
20,11,166.724546162646,24,5,5.50047870155353,"M",0,0.25,1,"MED MED MED",NA
20,12,114.651298689305,21,2,2.49948721580981,"M",0,0.25,1,"MED MED MED",NA
21,1,123.567932374881,22,2,2.50032422767015,"M",0,0.25,1,"MED MED MED",NA
21,2,125.832259897897,22,2,2.50160217504486,"M",0,0.25,1,"MED MED MED",NA
21,3,163.15320284978,25,5,5.49904630532919,"M",0,0.25,1,"MED MED MED",NA
21,4,120.064532107646,22,2,2.49944319758209,"M",0,0.25,1,"MED MED MED",NA
21,5,62.6619856479857,20,0,0.498640498394055,"M",0,0.25,1,"MED MED MED",NA
21,6,144.421445239893,24,4,4.49850950191448,"M",0,0.25,1,"MED MED MED",NA
21,7,132.921036599993,22,2,2.50038372559135,"M",0,0.25,1,"MED MED MED",NA
21,8,128.803508392003,22,2,2.49992361871639,"M",0,0.25,1,"MED MED MED",NA
21,9,63.7032853906018,20,0,0.499189787589798,"M",0,0.25,1,"MED MED MED",NA
21,10,91.587430179979,21,1,1.50169120803745,"M",0,0.25,1,"MED MED MED",NA
21,11,60.3223404811055,20,0,0.498128375826683,"M",0,0.25,1,"MED MED MED",NA
21,12,62.411480715688,20,0,0.500728401399117,"M",0,0.25,1,"MED MED MED",NA
22,1,146.423121715419,25,4,4.50135667218788,"M",0,0.25,1,"MED MED MED",NA
22,2,63.722265227931,21,0,0.500698609360966,"M",0,0.25,1,"MED MED MED",NA
22,3,131.805629140948,23,2,2.50055274338384,"M",0,0.25,1,"MED MED MED",NA
22,4,184.189667462404,30,9,9.49883868517849,"M",0,0.25,1,"MED MED MED",NA
22,5,243.674317351168,30,9,9.49913273918758,"M",0,0.25,1,"MED MED MED",NA
22,6,145.071076186899,24,3,3.49895894621017,"M",0,0.25,1,"MED MED MED",NA
22,7,60.4135810882148,21,0,0.501312362786405,"M",0,0.25,1,"MED MED MED",NA
22,8,188.631653232326,27,6,6.49919207271799,"M",0,0.25,1,"MED MED MED",NA
22,9,66.3698372969906,21,0,0.500741986130827,"M",0,0.25,1,"MED MED MED",NA
22,10,208.41396753288,30,9,9.49989105593445,"M",0,0.25,1,"MED MED MED",NA
22,11,94.6209235882243,22,1,1.49867494834666,"M",0,0.25,1,"MED MED MED",NA
22,12,156.418124095617,25,4,4.49853405852532,"M",0,0.25,1,"MED MED MED",NA
22,13,199.98868049441,28,7,7.49989157808769,"M",0,0.25,1,"MED MED MED",NA
23,1,98.6971200466785,23,1,1.49918791018071,"M",0,0.25,1,"MED MED MED",NA
23,2,197.565209100321,29,7,7.5009404549023,"M",0,0.25,1,"MED MED MED",NA
23,3,100.372953705827,23,1,1.49929588042262,"M",0,0.25,1,"MED MED MED",NA
23,4,204.274256853853,26,4,4.50040615830197,"M",0,0.25,1,"MED MED MED",NA
23,5,92.2588196589607,23,1,1.50095197082344,"M",0,0.25,1,"MED MED MED",NA
23,6,127.474682519389,24,2,2.50049675682502,"M",0,0.25,1,"MED MED MED",NA
23,7,65.4660868793589,22,0,0.498938257151055,"M",0,0.25,1,"MED MED MED",NA
23,8,119.574269253273,24,2,2.49914665406103,"M",0,0.25,1,"MED MED MED",NA
23,9,117.376281699289,24,2,2.50048707495512,"M",0,0.25,1,"MED MED MED",NA
23,10,124.630526694186,24,2,2.49905791044233,"M",0,0.25,1,"MED MED MED",NA
23,11,225.205959221106,34,12,12.4990108499358,"M",0,0.25,1,"MED MED MED",NA
23,12,60.6811162465772,22,0,0.499052966884422,"M",0,0.25,1,"MED MED MED",NA
23,13,168.265435777188,27,5,5.49861254064531,"M",0,0.25,1,"MED MED MED",NA
24,1,129.107931713126,25,2,2.49880404566948,"M",0,0.25,1,"MED MED MED",NA
24,2,132.957199700892,25,2,2.50072221644454,"M",0,0.25,1,"MED MED MED",NA
24,3,199.200355003395,31,8,8.50047335518147,"M",0,0.25,1,"MED MED MED",NA
24,4,154.934815695025,27,4,4.49966238142878,"M",0,0.25,1,"MED MED MED",NA
24,5,175.81287300365,28,5,5.50148069869912,"M",0,0.25,1,"MED MED MED",NA
24,6,57.91530661267,23,0,0.500774409845356,"M",0,0.25,1,"MED MED MED",NA
24,7,96.9216541725323,24,1,1.49859369961327,"M",0,0.25,1,"MED MED MED",NA
24,8,116.778911671601,25,2,2.49910048540766,"M",0,0.25,1,"MED MED MED",NA
24,9,131.273007864254,25,2,2.50096958900665,"M",0,0.25,1,"MED MED MED",NA
24,10,64.3568330001956,23,0,0.498757584758493,"M",0,0.25,1,"MED MED MED",NA
24,11,218.365422542372,34,11,11.4994030505003,"M",0,0.25,1,"MED MED MED",NA
24,12,131.757921627831,25,2,2.5014678149254,"M",0,0.25,1,"MED MED MED",NA
25,1,67.0796781661871,24,0,0.4993570352517,"M",0,0.25,1,"MED MED MED",NA
25,2,63.7999916803708,24,0,0.499169066768201,"M",0,0.25,1,"MED MED MED",NA
25,3,226.037086794474,38,14,14.4999180580648,"M",0,0.25,1,"MED MED MED",NA
25,4,215.639102881022,33,9,9.4997183931182,"M",0,0.25,1,"MED MED MED",NA
25,5,211.40362577061,35,11,11.4991912004196,"M",0,0.25,1,"MED MED MED",NA
25,6,218.25515321163,34,10,10.500652641622,"M",0,0.25,1,"MED MED MED",NA
25,7,100.132766623464,25,1,1.50071673370153,"M",0,0.25,1,"MED MED MED",NA
25,8,147.841613043867,28,4,4.50107682413676,"M",0,0.25,1,"MED MED MED",NA
25,9,94.3843182315595,25,1,1.50038054596723,"M",0,0.25,1,"MED MED MED",NA
25,10,60.9168886144009,24,0,0.50006247194411,"M",0,0.25,1,"MED MED MED",NA
25,11,150.945383745905,27,3,3.50130573389571,"M",0,0.25,1,"MED MED MED",NA
25,12,163.669230901904,28,4,4.50051965905707,"M",0,0.25,1,"MED MED MED",NA
25,13,202.238672429664,38,14,14.5014344531472,"M",0,0.25,1,"MED MED MED",NA
26,1,60.0962649831467,25,0,0.499067145038095,"M",0,0.25,1,"MED MED MED",NA
26,2,63.7065478633609,25,0,0.500424742534654,"M",0,0.25,1,"MED MED MED",NA
26,3,200.227960023269,35,10,10.5007587736188,"M",0,0.25,1,"MED MED MED",NA
26,4,121.545557836885,27,2,2.49962941729584,"M",0,0.25,1,"MED MED MED",NA
26,5,189.239885576188,31,6,6.50290387765179,"M",0,0.25,1,"MED MED MED",NA
26,6,194.660195181083,31,6,6.49851684668905,"M",0,0.25,1,"MED MED MED",NA
26,7,99.2365098043161,26,1,1.4995133454415,"M",0,0.25,1,"MED MED MED",NA
26,8,96.1453615497866,26,1,1.50100529948625,"M",0,0.25,1,"MED MED MED",NA
26,9,62.6298157193964,25,0,0.501401081042429,"M",0,0.25,1,"MED MED MED",NA
26,10,180.03088469407,30,5,5.4989066546733,"M",0,0.25,1,"MED MED MED",NA
26,11,101.967666535466,26,1,1.49994365894503,"M",0,0.25,1,"MED MED MED",NA
27,1,174.830657467018,32,6,6.49830440623173,"M",0,0.25,1,"MED MED MED",NA
27,2,213.764710616495,39,13,13.50165704969,"M",0,0.25,1,"MED MED MED",NA
27,3,192.242187195825,39,13,13.4991231983978,"M",0,0.25,1,"MED MED MED",NA
27,4,204.199485087075,33,7,7.50107808785618,"M",0,0.25,1,"MED MED MED",NA
27,5,126.938526824261,28,2,2.50073466318575,"M",0,0.25,1,"MED MED MED",NA
27,6,155.680859467974,29,3,3.50070794218971,"M",0,0.25,1,"MED MED MED",NA
27,7,141.778840995594,29,3,3.49942067793264,"M",0,0.25,1,"MED MED MED",NA
27,8,97.0704584168319,27,1,1.49918406069863,"M",0,0.25,1,"MED MED MED",NA
27,9,201.846149256996,32,6,6.50108830799994,"M",0,0.25,1,"MED MED MED",NA
27,10,100.460984216999,27,1,1.50167485206449,"M",0,0.25,1,"MED MED MED",NA
27,11,127.258101038595,28,2,2.50018438697886,"M",0,0.25,1,"MED MED MED",NA
27,12,196.659902682945,33,7,7.49976359920515,"M",0,0.25,1,"MED MED MED",NA
28,1,152.517423657522,32,5,5.50007922798684,"M",0,0.25,1,"MED MED MED",NA
28,2,206.547012326655,32,5,5.49909945193243,"M",0,0.25,1,"MED MED MED",NA
28,3,202.414745152178,32,5,5.50051611326103,"M",0,0.25,1,"MED MED MED",NA
28,4,129.877646620539,29,2,2.49962024533357,"M",0,0.25,1,"MED MED MED",NA
28,5,63.2911595700104,27,0,0.501257283827386,"M",0,0.25,1,"MED MED MED",NA
28,6,210.013944343062,36,9,9.49918564103038,"M",0,0.25,1,"MED MED MED",NA
28,7,164.58463521733,32,5,5.49873639645085,"M",0,0.25,1,"MED MED MED",NA
28,8,127.006372976888,29,2,2.50018857147425,"M",0,0.25,1,"MED MED MED",NA
28,9,125.371345815519,29,2,2.49810230213946,"M",0,0.25,1,"MED MED MED",NA
28,10,149.858252114403,30,3,3.49908812310764,"M",0,0.25,1,"MED MED MED",NA
28,11,172.692367487314,33,6,6.50105571416739,"M",0,0.25,1,"MED MED MED",NA
28,12,63.3185195626385,27,0,0.501404586564014,"M",0,0.25,1,"MED MED MED",NA
28,13,134.739493296598,30,3,3.50142038855839,"M",0,0.25,1,"MED MED MED",NA
28,14,215.626060850247,36,9,9.50101933131885,"M",0,0.25,1,"MED MED MED",NA
28,15,62.71484682093,27,0,0.500323269273337,"M",0,0.25,1,"MED MED MED",NA
29,1,164.213518608156,35,7,7.50012851189284,"M",0,0.25,1,"MED MED MED",NA
29,2,138.043733223373,31,3,3.50119548998107,"M",0,0.25,1,"MED MED MED",NA
29,3,62.5977400841664,28,0,0.498854922890372,"M",0,0.25,1,"MED MED MED",NA
29,4,145.837066812543,31,3,3.50012977635682,"M",0,0.25,1,"MED MED MED",NA
29,5,144.430252996692,31,3,3.50044140675956,"M",0,0.25,1,"MED MED MED",NA
29,6,189.261807656652,33,5,5.5000675044488,"M",0,0.25,1,"MED MED MED",NA
29,7,162.928211127034,32,4,4.49941882821535,"M",0,0.25,1,"MED MED MED",NA
29,8,95.3333672656174,29,1,1.49944187730938,"M",0,0.25,1,"MED MED MED",NA
29,9,63.6492549844892,28,0,0.500543361277198,"M",0,0.25,1,"MED MED MED",NA
29,10,147.865373597012,31,3,3.49992991817282,"M",0,0.25,1,"MED MED MED",NA
29,11,65.0580690699784,28,0,0.500186804020555,"M",0,0.25,1,"MED MED MED",NA
29,12,160.343290105618,32,4,4.50167109050833,"M",0,0.25,1,"MED MED MED",NA
30,1,100.050048587429,30,1,1.49771830491699,"M",0,0.25,1,"MED MED MED",NA
30,2,99.8954374254939,30,1,1.49774001942031,"M",0,0.25,1,"MED MED MED",NA
30,3,171.799479190473,40,11,11.4998376201424,"M",0,0.25,1,"MED MED MED",NA
30,4,94.3914956215283,30,1,1.50003104505806,"M",0,0.25,1,"MED MED MED",NA
30,5,169.944942712593,35,6,6.50026931199351,"M",0,0.25,1,"MED MED MED",NA
30,6,173.492786293435,33,4,4.50142945273941,"M",0,0.25,1,"MED MED MED",NA
30,7,63.433482193324,29,0,0.501012882216085,"M",0,0.25,1,"MED MED MED",NA
30,8,147.082164566166,32,3,3.50102001615625,"M",0,0.25,1,"MED MED MED",NA
30,9,62.7721615428862,29,0,0.502097132865668,"M",0,0.25,1,"MED MED MED",NA
30,10,164.995365461219,34,5,5.49903416307354,"M",0,0.25,1,"MED MED MED",NA
30,11,60.405077644656,29,0,0.499417385807156,"M",0,0.25,1,"MED MED MED",NA
30,12,64.6779874588092,29,0,0.499867204668482,"M",0,0.25,1,"MED MED MED",NA
31,1,63.8331116488408,30,0,0.500949077798451,"M",0,0.25,1,"MED MED MED",NA
31,2,128.757456238969,32,2,2.50081005768331,"M",0,0.25,1,"MED MED MED",NA
31,3,62.1743827183312,30,0,0.500973826030734,"M",0,0.25,1,"MED MED MED",NA
31,4,195.911168768938,37,7,7.50119571952848,"M",0,0.25,1,"MED MED MED",NA
31,5,179.119759585571,34,4,4.49831475367852,"M",0,0.25,1,"MED MED MED",NA
31,6,145.48907999913,33,3,3.50076484158276,"M",0,0.25,1,"MED MED MED",NA
31,7,61.6836325592616,30,0,0.499132356592725,"M",0,0.25,1,"MED MED MED",NA
31,8,63.5900169899186,30,0,0.499628315662167,"M",0,0.25,1,"MED MED MED",NA
31,9,174.525246502627,41,11,11.4991905370381,"M",0,0.25,1,"MED MED MED",NA
31,10,61.0409429862316,30,0,0.500194407362933,"M",0,0.25,1,"MED MED MED",NA
31,11,98.3795830095808,31,1,1.50172608849862,"M",0,0.25,1,"MED MED MED",NA
31,12,171.598536256679,34,4,4.50115323167076,"M",0,0.25,1,"MED MED MED",NA
32,1,213.715800806462,41,10,10.4999203786098,"M",0,0.25,1,"MED MED MED",NA
32,2,61.7201608048764,31,0,0.499209662174817,"M",0,0.25,1,"MED MED MED",NA
32,3,173.498518344611,37,6,6.50050079383528,"M",0,0.25,1,"MED MED MED",NA
32,4,60.4944290114569,31,0,0.501546162549329,"M",0,0.25,1,"MED MED MED",NA
32,5,163.017498091468,35,4,4.4997644280971,"M",0,0.25,1,"MED MED MED",NA
32,6,62.1393689397305,31,0,0.498959762786542,"M",0,0.25,1,"MED MED MED",NA
32,7,98.3669742405961,32,1,1.49887550392465,"M",0,0.25,1,"MED MED MED",NA
32,8,63.1343172625486,31,0,0.50106362241356,"M",0,0.25,1,"MED MED MED",NA
32,9,217.987957059262,38,7,7.50126461484213,"M",0,0.25,1,"MED MED MED",NA
32,10,122.543494550305,33,2,2.50017196045983,"M",0,0.25,1,"MED MED MED",NA
32,11,168.316834044449,41,10,10.5021645536321,"M",0,0.25,1,"MED MED MED",NA
32,12,61.9910000016903,31,0,0.500038295266968,"M",0,0.25,1,"MED MED MED",NA
33,1,195.9935192481,39,7,7.49971636913977,"M",0,0.25,1,"MED MED MED",NA
33,2,169.775417521351,38,6,6.50036367054814,"M",0,0.25,1,"MED MED MED",NA
33,3,96.0399708862834,33,1,1.50055582657794,"M",0,0.25,1,"MED MED MED",NA
33,4,183.361620453418,38,6,6.50022407992444,"M",0,0.25,1,"MED MED MED",NA
33,5,61.231993355498,32,0,0.499050324566827,"M",0,0.25,1,"MED MED MED",NA
33,6,180.4241332285,37,5,5.49858753220957,"M",0,0.25,1,"MED MED MED",NA
33,7,170.689981670369,36,4,4.4992251367724,"M",0,0.25,1,"MED MED MED",NA
33,8,107.120710421466,33,1,1.49974478883078,"M",0,0.25,1,"MED MED MED",NA
33,9,62.6748925322956,32,0,0.500637789400634,"M",0,0.25,1,"MED MED MED",NA
33,10,61.8059460710329,32,0,0.499610615034424,"M",0,0.25,1,"MED MED MED",NA
33,11,131.632371285917,34,2,2.49932231475032,"M",0,0.25,1,"MED MED MED",NA
33,12,150.80765434351,35,3,3.50013073075792,"M",0,0.25,1,"MED MED MED",NA
34,1,98.7825220354245,34,1,1.50015968449252,"M",0,0.25,1,"MED MED MED",NA
34,2,63.778059219116,33,0,0.501222769642195,"M",0,0.25,1,"MED MED MED",NA
34,3,213.012873098771,46,13,13.5000372094005,"M",0,0.25,1,"MED MED MED",NA
34,4,63.2439348379006,33,0,0.501663296787774,"M",0,0.25,1,"MED MED MED",NA
34,5,96.5962485904429,34,1,1.5025654425641,"M",0,0.25,1,"MED MED MED",NA
34,6,199.676020741504,38,5,5.50057166610893,"M",0,0.25,1,"MED MED MED",NA
34,7,102.420274632969,34,1,1.50101005951393,"M",0,0.25,1,"MED MED MED",NA
34,8,130.771700321051,35,2,2.49930728053815,"M",0,0.25,1,"MED MED MED",NA
34,9,61.8260952616915,33,0,0.500897038517577,"M",0,0.25,1,"MED MED MED",NA
34,10,104.295082451734,34,1,1.49987251158243,"M",0,0.25,1,"MED MED MED",NA
35,1,255.285769050418,46,12,12.5004139735396,"M",0,0.25,1,"MED MED MED",NA
35,2,214.006185973617,44,10,10.5012991350785,"M",0,0.25,1,"MED MED MED",NA
35,3,98.0796014465503,35,1,1.49998569848611,"M",0,0.25,1,"MED MED MED",NA
35,4,61.9765619581531,34,0,0.500234311342635,"M",0,0.25,1,"MED MED MED",NA
35,5,62.056688418966,34,0,0.499642393963677,"M",0,0.25,1,"MED MED MED",NA
35,6,179.826928215884,40,6,6.49957648267575,"M",0,0.25,1,"MED MED MED",NA
35,7,193.115800224618,41,7,7.49886066214151,"M",0,0.25,1,"MED MED MED",NA
35,8,190.320307953159,42,8,8.49980066845158,"M",0,0.25,1,"MED MED MED",NA
35,9,62.5418903470726,34,0,0.499340848425707,"M",0,0.25,1,"MED MED MED",NA
35,10,190.382338275735,43,9,9.50083922729758,"M",0,0.25,1,"MED MED MED",NA
36,1,204.750611226888,45,10,10.5002607552199,"M",0,0.25,1,"MED MED MED",NA
36,2,60.6129707521575,35,0,0.499837335543144,"M",0,0.25,1,"MED MED MED",NA
36,3,154.580249967936,38,3,3.49815663156704,"M",0,0.25,1,"MED MED MED",NA
36,4,149.94895974745,38,3,3.49837910949948,"M",0,0.25,1,"MED MED MED",NA
36,5,129.327595387331,37,2,2.50061694151391,"M",0,0.25,1,"MED MED MED",NA
36,6,61.1927740217349,35,0,0.500835513993612,"M",0,0.25,1,"MED MED MED",NA
36,7,127.597438161367,37,2,2.49928873574206,"M",0,0.25,1,"MED MED MED",NA
36,8,186.21826354748,43,8,8.50022416317031,"M",0,0.25,1,"MED MED MED",NA
36,9,206.233469422743,44,9,9.50208826719063,"M",0,0.25,1,"MED MED MED",NA
36,10,64.3841806297593,35,0,0.498720286489998,"M",0,0.25,1,"MED MED MED",NA
36,11,65.3470177573638,35,0,0.499888207658061,"M",0,0.25,1,"MED MED MED",NA
36,12,103.153356821173,36,1,1.50070875330215,"M",0,0.25,1,"MED MED MED",NA
37,1,61.5763065182079,36,0,0.500523246979791,"M",0,0.25,1,"MED MED MED",NA
37,2,179.385953756393,40,4,4.50238573100806,"M",0,0.25,1,"MED MED MED",NA
37,3,63.1723885384032,36,0,0.499744929683454,"M",0,0.25,1,"MED MED MED",NA
37,4,98.9048931233099,37,1,1.50068985726956,"M",0,0.25,1,"MED MED MED",NA
37,5,117.170186564978,38,2,2.500409721063,"M",0,0.25,1,"MED MED MED",NA
37,6,158.203586753488,40,4,4.49867213657713,"M",0,0.25,1,"MED MED MED",NA
37,7,180.818478288544,46,10,10.5001472454679,"M",0,0.25,1,"MED MED MED",NA
37,8,119.858604325076,38,2,2.50008920779272,"M",0,0.25,1,"MED MED MED",NA
37,9,194.985645543322,44,8,8.49748961892551,"M",0,0.25,1,"MED MED MED",NA
37,10,90.1895637694041,37,1,1.5014448040222,"M",0,0.25,1,"MED MED MED",NA
37,11,214.160132484964,44,8,8.50080421100619,"M",0,0.25,1,"MED MED MED",NA
37,12,61.4375348185566,36,0,0.500329593377543,"M",0,0.25,1,"MED MED MED",NA
37,13,125.256127904711,38,2,2.5007418553129,"M",0,0.25,1,"MED MED MED",NA
38,1,226.619361825682,49,12,12.5016722761031,"M",0,0.25,1,"MED MED MED",NA
38,2,61.7660792358394,37,0,0.500739927370276,"M",0,0.25,1,"MED MED MED",NA
38,3,98.7846887494438,38,1,1.49838641191694,"M",0,0.25,1,"MED MED MED",NA
38,4,153.733032193895,41,4,4.4996962364723,"M",0,0.25,1,"MED MED MED",NA
38,5,184.153082738777,43,6,6.50007404142199,"M",0,0.25,1,"MED MED MED",NA
38,6,135.456883729492,39,2,2.4977932373017,"M",0,0.25,1,"MED MED MED",NA
38,7,196.966281933524,45,8,8.50165829421803,"M",0,0.25,1,"MED MED MED",NA
38,8,183.099399561832,42,5,5.49868445317238,"M",0,0.25,1,"MED MED MED",NA
38,9,121.776658058776,39,2,2.49990960845062,"M",0,0.25,1,"MED MED MED",NA
38,10,189.251352201513,44,7,7.50062416291014,"M",0,0.25,1,"MED MED MED",NA
38,11,97.2495701505091,38,1,1.50045333698712,"M",0,0.25,1,"MED MED MED",NA
38,12,61.91760657982,37,0,0.499389423360596,"M",0,0.25,1,"MED MED MED",NA
38,13,223.107799336837,45,8,8.49982803346913,"M",0,0.25,1,"MED MED MED",NA
38,14,100.461532883944,38,1,1.49930152850823,"M",0,0.25,1,"MED MED MED",NA
39,1,125.287846684198,40,2,2.49899360134251,"M",0,0.25,1,"MED MED MED",NA
39,2,186.85495144833,44,6,6.49817923861918,"M",0,0.25,1,"MED MED MED",NA
39,3,150.212138996468,41,3,3.50070879398299,"M",0,0.25,1,"MED MED MED",NA
39,4,216.730029206456,49,11,11.5005321736687,"M",0,0.25,1,"MED MED MED",NA
39,5,62.584743063867,38,0,0.500651351832604,"M",0,0.25,1,"MED MED MED",NA
39,6,163.513872295064,43,5,5.50004150040923,"M",0,0.25,1,"MED MED MED",NA
39,7,175.000261913418,47,9,9.50060122575231,"M",0,0.25,1,"MED MED MED",NA
39,8,166.094942728511,42,4,4.50016793350619,"M",0,0.25,1,"MED MED MED",NA
39,9,226.327121912966,49,11,11.4999135091614,"M",0,0.25,1,"MED MED MED",NA
39,10,128.423206521198,40,2,2.49865631972396,"M",0,0.25,1,"MED MED MED",NA
39,11,230.411722166158,46,8,8.49939176826057,"M",0,0.25,1,"MED MED MED",NA
39,12,155.448440252023,44,6,6.4982873110814,"M",0,0.25,1,"MED MED MED",NA
39,13,185.422270680779,45,7,7.49978702412397,"M",0,0.25,1,"MED MED MED",NA
40,1,63.5881784884527,39,0,0.499410131595374,"M",0,0.25,1,"MED MED MED",NA
40,2,122.17780770071,41,2,2.50046708442104,"M",0,0.25,1,"MED MED MED",NA
40,3,132.574258454153,43,4,4.50031651533656,"M",0,0.25,1,"MED MED MED",NA
40,4,61.3823413658745,39,0,0.499509138533485,"M",0,0.25,1,"MED MED MED",NA
40,5,62.9969785480155,39,0,0.499873089474255,"M",0,0.25,1,"MED MED MED",NA
40,6,174.675557108423,46,7,7.50185533990311,"M",0,0.25,1,"MED MED MED",NA
40,7,101.126640092727,40,1,1.50026000212043,"M",0,0.25,1,"MED MED MED",NA
40,8,198.386969686783,44,5,5.49958810501455,"M",0,0.25,1,"MED MED MED",NA
40,9,181.26382316865,46,7,7.50130895227725,"M",0,0.25,1,"MED MED MED",NA
40,10,158.804185064379,43,4,4.49954899290407,"M",0,0.25,1,"MED MED MED",NA
40,11,210.053104509358,48,9,9.49849152642173,"M",0,0.25,1,"MED MED MED",NA
40,12,159.218659984564,43,4,4.49995886899946,"M",0,0.25,1,"MED MED MED",NA
41,1,170.543930437237,44,4,4.50046229987327,"M",0,0.25,1,"MED MED MED",NA
41,2,134.110853014776,42,2,2.50052332541549,"M",0,0.25,1,"MED MED MED",NA
41,3,189.816472946339,46,6,6.49973473304479,"M",0,0.25,1,"MED MED MED",NA
41,4,98.7484369528211,41,1,1.49784787628983,"M",0,0.25,1,"MED MED MED",NA
41,5,218.267074708839,51,11,11.498689868147,"M",0.270130779710598,0.25,1,"MED MED MED",NA
41,6,124.7493708142,42,2,2.4984052467261,"M",0,0.25,1,"MED MED MED",NA
41,7,98.8365473427121,41,1,1.49786724885913,"M",0,0.25,1,"MED MED MED",NA
41,8,99.9398790566743,41,1,1.49975921989202,"M",0,0.25,1,"MED MED MED",NA
41,9,61.5638629728652,40,0,0.500589229885791,"M",0,0.25,1,"MED MED MED",NA
41,10,210.827281091945,45,5,5.50105268406568,"M",0,0.25,1,"MED MED MED",NA
41,11,64.7685803818322,40,0,0.501889829644456,"M",0,0.25,1,"MED MED MED",NA
42,1,169.851978669487,47,6,6.50112890304327,"M",0,0.25,1,"MED MED MED",NA
42,2,62.4626505800937,41,0,0.499790801268341,"M",0,0.25,1,"MED MED MED",NA
42,3,170.545938625499,47,6,6.50116378418186,"M",0,0.25,1,"MED MED MED",NA
42,4,98.6440442691345,42,1,1.49940661509015,"M",0,0.25,1,"MED MED MED",NA
42,5,64.9688266786572,41,0,0.49971166312288,"M",0,0.25,1,"MED MED MED",NA
42,6,61.8088428830948,41,0,0.500908271585474,"M",0,0.25,1,"MED MED MED",NA
42,7,126.009714465228,43,2,2.50032655675351,"M",0,0.25,1,"MED MED MED",NA
42,8,124.888293683542,43,2,2.49982098584043,"M",0,0.25,1,"MED MED MED",NA
42,9,122.756449481035,43,2,2.50055012645093,"M",0,0.25,1,"MED MED MED",NA
42,10,216.201744587618,50,9,9.49917289498632,"M",0.266567303054035,0.25,1,"MED MED MED",NA
42,11,155.100836136091,44,3,3.50028275004035,"M",0,0.25,1,"MED MED MED",NA
42,12,88.3857531420919,42,1,1.49893947043663,"M",0,0.25,1,"MED MED MED",NA
42,13,129.180541680756,43,2,2.50046885016475,"M",0,0.25,1,"MED MED MED",NA
43,1,59.4910276161729,42,0,0.500097990397036,"M",0,0.25,1,"MED MED MED",NA
43,2,125.420296274754,44,2,2.50155421211408,"M",0,0.25,1,"MED MED MED",NA
43,3,132.042024229776,44,2,2.4989738425149,"M",0,0.25,1,"MED MED MED",NA
43,4,96.3830144216161,43,1,1.49999158771455,"M",0,0.25,1,"MED MED MED",NA
43,5,96.6032350324972,43,1,1.50047884422305,"M",0,0.25,1,"MED MED MED",NA
43,6,63.3338771310439,42,0,0.498515260214487,"M",0,0.25,1,"MED MED MED",NA
43,7,169.251103625587,46,4,4.50062891920472,"M",0,0.25,1,"MED MED MED",NA
43,8,188.91533114262,50,8,8.50101185243152,"FISHED",0.266567303054035,0.25,1,"MED MED MED",NA
43,9,93.9510754161547,43,1,1.5010320414829,"M",0,0.25,1,"MED MED MED",NA
43,10,100.022866740964,43,1,1.50042942442541,"M",0,0.25,1,"MED MED MED",NA
43,11,178.936224756188,47,5,5.50034327633541,"M",0,0.25,1,"MED MED MED",NA
43,12,145.573237802956,45,3,3.50039868407746,"M",0,0.25,1,"MED MED MED",NA
44,1,61.5643952250102,43,0,0.499844419369007,"M",0,0.25,1,"MED MED MED",NA
44,2,178.731699706909,47,4,4.49847271975038,"M",0,0.25,1,"MED MED MED",NA
44,3,62.2654941926519,43,0,0.498625974674112,"M",0,0.25,1,"MED MED MED",NA
44,4,143.451676083492,46,3,3.50008239886494,"M",0,0.25,1,"MED MED MED",NA
44,5,187.551066823215,50,7,7.50043789648474,"FISHED",0.266567303054035,0.25,1,"MED MED MED",NA
44,6,62.6240279173109,43,0,0.501023774292169,"M",0,0.25,1,"MED MED MED",NA
44,7,154.906211423127,46,3,3.50116259817853,"M",0,0.25,1,"MED MED MED",NA
44,8,133.268971257286,45,2,2.49768703500823,"M",0,0.25,1,"MED MED MED",NA
44,9,125.652552555545,45,2,2.49911529373895,"M",0,0.25,1,"MED MED MED",NA
44,10,64.0376991078164,43,0,0.500557768954441,"M",0,0.25,1,"MED MED MED",NA
44,11,95.9835616064588,44,1,1.50297964995051,"M",0,0.25,1,"MED MED MED",NA
44,12,174.108867923878,47,4,4.50251497071733,"M",0,0.25,1,"MED MED MED",NA
45,1,62.6385100188897,44,0,0.499614302847741,"M",0,0.25,1,"MED MED MED",NA
45,2,135.399462313406,47,3,3.49928455946535,"M",0,0.25,1,"MED MED MED",NA
45,3,219.353456133831,50,6,6.49887130950557,"FISHED",0.266567303054035,0.25,1,"MED MED MED",NA
45,4,177.297567733342,49,5,5.50075352906817,"M",0,0.25,1,"MED MED MED",NA
45,5,147.058859126476,47,3,3.50195434341323,"M",0,0.25,1,"MED MED MED",NA
45,6,95.2917947426812,45,1,1.50013027494704,"M",0,0.25,1,"MED MED MED",NA
45,7,171.770940572965,51,7,7.49976789935739,"FISHED",0.270130779710598,0.25,1,"MED MED MED",NA
45,8,183.630787958691,54,10,10.5000560371433,"M",0.245302705303766,0.25,1,"MED MED MED",NA
45,9,126.10715714963,46,2,2.49941698580185,"M",0,0.25,1,"MED MED MED",NA
45,10,118.764813494228,46,2,2.4993093764025,"M",0,0.25,1,"MED MED MED",NA
46,1,145.483085549221,48,3,3.49927903989264,"M",0,0.25,1,"MED MED MED",NA
46,2,186.499241419711,49,4,4.49976132648497,"M",0,0.25,1,"MED MED MED",NA
46,3,180.889699046277,53,8,8.4994213576013,"M",0.232085105008446,0.25,1,"MED MED MED",NA
46,4,185.935048046257,51,6,6.50152888311104,"FISHED",0.270130779710598,0.25,1,"MED MED MED",NA
46,5,62.6463279960437,45,0,0.499904869988644,"M",0,0.25,1,"MED MED MED",NA
46,6,95.8309622852539,46,1,1.50075174518217,"M",0,0.25,1,"MED MED MED",NA
46,7,164.310690093247,51,6,6.49900895690843,"M",0.270130779710598,0.25,1,"MED MED MED",NA
46,8,187.297202857335,58,13,13.5012690604103,"M",0.201204213942401,0.25,1,"MED MED MED",NA
46,9,189.124170360939,52,7,7.50243851975207,"FISHED",0.290493082022294,0.25,1,"MED MED MED",NA
46,10,101.626575016092,46,1,1.49972532650267,"M",0,0.25,1,"MED MED MED",NA
47,1,177.162573332657,52,6,6.49954473363008,"FISHED",0.290493082022294,0.25,1,"MED MED MED",NA
47,2,148.777677939797,50,4,4.49783914195944,"FISHED",0.266567303054035,0.25,1,"MED MED MED",NA
47,3,151.819909576048,50,4,4.50151553843116,"M",0.266567303054035,0.25,1,"MED MED MED",NA
47,4,193.12892514997,53,7,7.49945145191385,"M",0.232085105008446,0.25,1,"MED MED MED",NA
47,5,196.730947460621,53,7,7.5002911894431,"M",0.232085105008446,0.25,1,"MED MED MED",NA
47,6,64.0189664787074,46,0,0.499228866544648,"M",0,0.25,1,"MED MED MED",NA
47,7,93.9093217827021,47,1,1.49914517856709,"M",0,0.25,1,"MED MED MED",NA
47,8,175.986427563834,51,5,5.50108871148818,"FISHED",0.270130779710598,0.25,1,"MED MED MED",NA
47,9,179.457285165453,53,7,7.49893023735437,"M",0.232085105008446,0.25,1,"MED MED MED",NA
47,10,97.1043743054902,47,1,1.50014886968937,"M",0,0.25,1,"MED MED MED",NA
47,11,104.657090160674,47,1,1.50242722030329,"M",0,0.25,1,"MED MED MED",NA
47,12,61.3895247206785,46,0,0.500748587750876,"M",0,0.25,1,"MED MED MED",NA
48,1,99.671174297616,48,1,1.49941469448146,"M",0,0.25,1,"MED MED MED",NA
48,2,132.519586878343,49,2,2.4997399353182,"M",0,0.25,1,"MED MED MED",NA
48,3,140.548085154601,50,3,3.49920943076002,"M",0.266567303054035,0.25,1,"MED MED MED",NA
48,4,101.559404528163,48,1,1.50095181980699,"M",0,0.25,1,"MED MED MED",NA
48,5,125.257782920086,49,2,2.4990902871466,"M",0,0.25,1,"MED MED MED",NA
48,6,167.156822772974,51,4,4.50051704723217,"FISHED",0.270130779710598,0.25,1,"MED MED MED",NA
48,7,98.3462223291571,48,1,1.50079343939757,"M",0,0.25,1,"MED MED MED",NA
48,8,100.585854176795,48,1,1.50055425158951,"M",0,0.25,1,"MED MED MED",NA
48,9,125.925495079582,49,2,2.49938108668311,"M",0,0.25,1,"MED MED MED",NA
48,10,93.248801948219,48,1,1.49963600798157,"M",0,0.25,1,"MED MED MED",NA
48,11,122.561267009741,49,2,2.49886757474903,"M",0,0.25,1,"MED MED MED",NA
48,12,116.78824833329,49,2,2.50059559762094,"M",0,0.25,1,"MED MED MED",NA
49,1,142.096104994709,51,3,3.50039013967478,"FISHED",0.270130779710598,0.25,1,"MED MED MED",NA
49,2,128.731085088623,50,2,2.49920970349571,"M",0.266567303054035,0.25,1,"MED MED MED",NA
49,3,64.488784234617,48,0,0.500900367866587,"M",0,0.25,1,"MED MED MED",NA
49,4,62.2433087612569,48,0,0.501110720463301,"M",0,0.25,1,"MED MED MED",NA
49,5,145.018823787042,51,3,3.4997494132121,"FISHED",0.270130779710598,0.25,1,"MED MED MED",NA
49,6,158.194186139141,51,3,3.50039963902782,"FISHED",0.270130779710598,0.25,1,"MED MED MED",NA
49,7,126.44858402421,50,2,2.50010051769947,"M",0.266567303054035,0.25,1,"MED MED MED",NA
49,8,64.0926210869086,48,0,0.500999019114154,"M",0,0.25,1,"MED MED MED",NA
49,9,148.973695737703,51,3,3.50071935057193,"FISHED",0.270130779710598,0.25,1,"MED MED MED",NA
49,10,151.967423762981,51,3,3.50017737744991,"M",0.270130779710598,0.25,1,"MED MED MED",NA
49,11,174.534692686303,52,4,4.50065437290943,"FISHED",0.290493082022294,0.25,1,"MED MED MED",NA
49,12,143.475032035677,51,3,3.49914965048373,"M",0.270130779710598,0.25,1,"MED MED MED",NA
49,13,149.932059261109,51,3,3.49877675547657,"M",0.270130779710598,0.25,1,"MED MED MED",NA
50,1,94.9714257034317,50,1,1.49861538068272,"M",0.266567303054035,0.25,1,"MED MED MED",NA
50,2,61.7666807353252,49,0,0.500315420329435,"M",0,0.25,1,"MED MED MED",NA
50,3,97.4098836781698,50,1,1.50011303107104,"FISHED",0.266567303054035,0.25,1,"MED MED MED",NA
50,4,93.984672685934,50,1,1.49871406697402,"M",0.266567303054035,0.25,1,"MED MED MED",NA
50,5,162.633671562895,54,5,5.49923783625247,"M",0.245302705303766,0.25,1,"MED MED MED",NA
50,6,105.408785499545,50,1,1.49974592157798,"M",0.266567303054035,0.25,1,"MED MED MED",NA
50,7,122.02720991093,51,2,2.50046704028186,"FISHED",0.270130779710598,0.25,1,"MED MED MED",NA
50,8,170.521520139681,55,6,6.50030811778958,"M",0.246394580765627,0.25,1,"MED MED MED",NA
50,9,143.669011466679,52,3,3.49995504121942,"FISHED",0.290493082022294,0.25,1,"MED MED MED",NA
50,10,99.3481182729394,50,1,1.50206513152756,"M",0.266567303054035,0.25,1,"MED MED MED",NA
50,11,124.72421846961,51,2,2.50004370474948,"FISHED",0.270130779710598,0.25,1,"MED MED MED",NA
51,1,143.706970044345,53,3,3.49846913612358,"M",0.232085105008446,0.25,1,"MED MED MED",NA
51,2,131.309447727773,53,3,3.50095587503565,"M",0.232085105008446,0.25,1,"MED MED MED",NA
51,3,65.5446315267494,50,0,0.500336666683906,"M",0.266567303054035,0.25,1,"MED MED MED",NA
51,4,164.778257119359,55,5,5.49951560807629,"M",0.246394580765627,0.25,1,"MED MED MED",NA
51,5,122.027420782105,52,2,2.50077231781234,"M",0.290493082022294,0.25,1,"MED MED MED",NA
51,6,126.858532495146,52,2,2.50059361392072,"FISHED",0.290493082022294,0.25,1,"MED MED MED",NA
51,7,61.6241480059857,50,0,0.501073260991566,"M",0.266567303054035,0.25,1,"MED MED MED",NA
51,8,64.6426528287005,50,0,0.500183257295892,"FISHED",0.266567303054035,0.25,1,"MED MED MED",NA
51,9,97.5917272801889,51,1,1.50170406723371,"FISHED",0.270130779710598,0.25,1,"MED MED MED",NA
51,10,175.929279078588,55,5,5.49938072866898,"FISHED",0.246394580765627,0.25,1,"MED MED MED",NA
51,11,172.112140246288,54,4,4.50289269483879,"M",0.245302705303766,0.25,1,"MED MED MED",NA
51,12,154.086500042454,55,5,5.49812235799697,"FISHED",0.246394580765627,0.25,1,"MED MED MED",NA
51,13,62.4398628453855,50,0,0.498886564443128,"M",0.266567303054035,0.25,1,"MED MED MED",NA
52,1,92.8781470205649,52,1,1.49967966507353,"M",0.290493082022294,0.25,1,"MED MED MED",NA
52,2,124.045777730453,53,2,2.49949254231872,"M",0.232085105008446,0.25,1,"MED MED MED",NA
52,3,64.678582099386,51,0,0.499308245859537,"FISHED",0.270130779710598,0.25,1,"MED MED MED",NA
52,4,62.2684171081245,51,0,0.499623735480424,"M",0.270130779710598,0.25,1,"MED MED MED",NA
52,5,169.606614177787,55,4,4.50046428555939,"M",0.246394580765627,0.25,1,"MED MED MED",NA
52,6,164.39002129015,55,4,4.50166646355369,"M",0.246394580765627,0.25,1,"MED MED MED",NA
52,7,67.7378057461853,51,0,0.501134849984605,"FISHED",0.270130779710598,0.25,1,"MED MED MED",NA
52,8,59.3413230939202,51,0,0.498150686359095,"M",0.270130779710598,0.25,1,"MED MED MED",NA
52,9,65.4060116678122,51,0,0.499474722098333,"FISHED",0.270130779710598,0.25,1,"MED MED MED",NA
52,10,61.5731585408261,51,0,0.501084861115082,"M",0.270130779710598,0.25,1,"MED MED MED",NA
52,11,130.900233076831,54,3,3.50045833702949,"M",0.245302705303766,0.25,1,"MED MED MED",NA
52,12,106.593569549606,52,1,1.49963944563463,"FISHED",0.290493082022294,0.25,1,"MED MED MED",NA
52,13,142.294388456443,53,2,2.49933088317269,"FISHED",0.232085105008446,0.25,1,"MED MED MED",NA
53,1,65.6064422943933,52,0,0.50089376846608,"M",0.290493082022294,0.25,1,"MED MED MED",NA
53,2,62.7475532847748,52,0,0.49970145812493,"FISHED",0.290493082022294,0.25,1,"MED MED MED",NA
53,3,142.652430538977,55,3,3.50042958126366,"FISHED",0.246394580765627,0.25,1,"MED MED MED",NA
53,4,127.515707799634,54,2,2.50106626277984,"FISHED",0.245302705303766,0.25,1,"MED MED MED",NA
53,5,100.006460843648,53,1,1.49949395430017,"M",0.232085105008446,0.25,1,"MED MED MED",NA
53,6,161.474948956978,55,3,3.50027500228202,"M",0.246394580765627,0.25,1,"MED MED MED",NA
53,7,124.21586389351,54,2,2.49996146826514,"FISHED",0.245302705303766,0.25,1,"MED MED MED",NA
53,8,60.3351704989201,52,0,0.500103330989559,"M",0.290493082022294,0.25,1,"MED MED MED",NA
53,9,104.353908484759,53,1,1.50092036081812,"FISHED",0.232085105008446,0.25,1,"MED MED MED",NA
53,10,61.3856665012968,52,0,0.499878712296948,"FISHED",0.290493082022294,0.25,1,"MED MED MED",NA
53,11,150.308195093348,55,3,3.50052942866458,"M",0.246394580765627,0.25,1,"MED MED MED",NA
53,12,121.924955775313,54,2,2.49883790653198,"M",0.245302705303766,0.25,1,"MED MED MED",NA
54,1,63.0513898060806,53,0,0.500944513593642,"FISHED",0.232085105008446,0.25,1,"MED MED MED",NA
54,2,161.485023799394,57,4,4.49868886044347,"M",0.209378906432539,0.25,1,"MED MED MED",NA
54,3,138.161241332631,56,3,3.50142909104649,"FISHED",0.243443167279474,0.25,1,"MED MED MED",NA
54,4,61.4409662482175,53,0,0.499879540758294,"FISHED",0.232085105008446,0.25,1,"MED MED MED",NA
54,5,64.3515024052509,53,0,0.499086417638199,"M",0.232085105008446,0.25,1,"MED MED MED",NA
54,6,104.147900296767,54,1,1.49909567365628,"M",0.245302705303766,0.25,1,"MED MED MED",NA
54,7,63.4249071011171,53,0,0.499368334808418,"FISHED",0.232085105008446,0.25,1,"MED MED MED",NA
54,8,195.737786608771,61,8,8.49966147319129,"M",0.291615844215266,0.25,1,"MED MED MED",NA
54,9,102.493407032986,54,1,1.5012878626659,"M",0.245302705303766,0.25,1,"MED MED MED",NA
54,10,60.2520325820903,53,0,0.501138216066192,"FISHED",0.232085105008446,0.25,1,"MED MED MED",NA
54,11,62.6790323252116,53,0,0.49921948439769,"M",0.232085105008446,0.25,1,"MED MED MED",NA
54,12,140.119516753822,56,3,3.49985744932314,"M",0.243443167279474,0.25,1,"MED MED MED",NA
54,13,138.297821025879,55,2,2.50021500175748,"FISHED",0.246394580765627,0.25,1,"MED MED MED",NA
55,1,61.0893256123892,54,0,0.499876864575879,"M",0.245302705303766,0.25,1,"MED MED MED",NA
55,2,171.146963128162,58,4,4.49855778996479,"M",0.201204213942401,0.25,1,"MED MED MED",NA
55,3,148.895716515074,57,3,3.4995028774614,"M",0.209378906432539,0.25,1,"MED MED MED",NA
55,4,123.445196118509,56,2,2.49915967781631,"M",0.243443167279474,0.25,1,"MED MED MED",NA
55,5,96.6870006175878,55,1,1.49931820799614,"M",0.246394580765627,0.25,1,"MED MED MED",NA
55,6,143.028256967952,57,3,3.49713142808108,"M",0.209378906432539,0.25,1,"MED MED MED",NA
55,7,65.0417352801578,54,0,0.499662272497934,"M",0.245302705303766,0.25,1,"MED MED MED",NA
55,8,133.401898495388,56,2,2.49939816489174,"FISHED",0.243443167279474,0.25,1,"MED MED MED",NA
55,9,133.077054792914,56,2,2.49975990635698,"FISHED",0.243443167279474,0.25,1,"MED MED MED",NA
55,10,131.775788931571,57,3,3.50091542815298,"M",0.209378906432539,0.25,1,"MED MED MED",NA
55,11,61.5483553202136,54,0,0.500306112519825,"M",0.245302705303766,0.25,1,"MED MED MED",NA
55,12,105.193324938558,55,1,1.49949717867017,"FISHED",0.246394580765627,0.25,1,"MED MED MED",NA
56,1,62.1509009118358,55,0,0.499433281515019,"FISHED",0.246394580765627,0.25,1,"MED MED MED",NA
56,2,146.527383524967,58,3,3.50074459287028,"M",0.201204213942401,0.25,1,"MED MED MED",NA
56,3,123.221785616431,57,2,2.49747126250196,"M",0.209378906432539,0.25,1,"MED MED MED",NA
56,4,100.628672573559,56,1,1.50016296644162,"M",0.243443167279474,0.25,1,"MED MED MED",NA
56,5,144.463198848409,59,4,4.5012114702469,"FISHED",0.295362503034994,0.25,1,"MED MED MED",NA
56,6,91.6176356024596,56,1,1.50070638577201,"FISHED",0.243443167279474,0.25,1,"MED MED MED",NA
56,7,155.795459317761,59,4,4.49975757715365,"FISHED",0.295362503034994,0.25,1,"MED MED MED",NA
56,8,95.17328686376,56,1,1.5000348300914,"FISHED",0.243443167279474,0.25,1,"MED MED MED",NA
56,9,98.7615874198673,56,1,1.49877258223358,"FISHED",0.243443167279474,0.25,1,"MED MED MED",NA
56,10,61.9066530931231,55,0,0.49978033303959,"M",0.246394580765627,0.25,1,"MED MED MED",NA
56,11,183.711168668049,60,5,5.49988504369407,"FISHED",0.203589630778879,0.25,1,"MED MED MED",NA
56,12,64.9426217801534,55,0,0.501074540895529,"M",0.246394580765627,0.25,1,"MED MED MED",NA
57,1,62.950739486224,56,0,0.5009015456747,"FISHED",0.243443167279474,0.25,1,"MED MED MED",NA
57,2,105.110683347247,58,2,2.50090844703397,"M",0.201204213942401,0.25,1,"MED MED MED",NA
57,3,100.237646542152,57,1,1.4999407889343,"M",0.209378906432539,0.25,1,"MED MED MED",NA
57,4,63.5004534472325,56,0,0.500551386337383,"FISHED",0.243443167279474,0.25,1,"MED MED MED",NA
57,5,98.5741248660272,57,1,1.50107344269223,"M",0.209378906432539,0.25,1,"MED MED MED",NA
57,6,61.918505752238,56,0,0.501221466271058,"M",0.243443167279474,0.25,1,"MED MED MED",NA
57,7,97.818277496403,57,1,1.50003591127262,"FISHED",0.209378906432539,0.25,1,"MED MED MED",NA
57,8,147.789595656348,59,3,3.5010973812242,"M",0.295362503034994,0.25,1,"MED MED MED",NA
57,9,138.538281635876,59,3,3.50062312730446,"M",0.295362503034994,0.25,1,"MED MED MED",NA
57,10,61.3774765083046,56,0,0.499020479874153,"FISHED",0.243443167279474,0.25,1,"MED MED MED",NA
57,11,63.3381111787658,56,0,0.500546154911248,"M",0.243443167279474,0.25,1,"MED MED MED",NA
57,12,172.167994298356,61,5,5.50000270258673,"M",0.291615844215266,0.25,1,"MED MED MED",NA
57,13,95.101275109778,57,1,1.49973052360855,"M",0.209378906432539,0.25,1,"MED MED MED",NA
58,1,90.3864749987177,58,1,1.50055767796604,"M",0.201204213942401,0.25,1,"MED MED MED",NA
58,2,106.645757207757,58,1,1.50258922706584,"M",0.201204213942401,0.25,1,"MED MED MED",NA
58,3,125.898905962298,59,2,2.50028367442684,"FISHED",0.295362503034994,0.25,1,"MED MED MED",NA
58,4,143.617924618116,60,3,3.50180386049868,"M",0.203589630778879,0.25,1,"MED MED MED",NA
58,5,100.414465286261,58,1,1.50095477283461,"M",0.201204213942401,0.25,1,"MED MED MED",NA
58,6,147.955133346195,60,3,3.50090560284868,"M",0.203589630778879,0.25,1,"MED MED MED",NA
58,7,98.0911988743446,58,1,1.50129762426837,"M",0.201204213942401,0.25,1,"MED MED MED",NA
58,8,61.9104347712861,57,0,0.499594720530263,"FISHED",0.209378906432539,0.25,1,"MED MED MED",NA
58,9,96.494753635809,58,1,1.50146966887869,"M",0.201204213942401,0.25,1,"MED MED MED",NA
59,1,65.219294873195,58,0,0.501181718418545,"FISHED",0.201204213942401,0.25,1,"MED MED MED",NA
59,2,60.7599804317434,58,0,0.500721167532497,"FISHED",0.201204213942401,0.25,1,"MED MED MED",NA
59,3,130.880176734181,60,2,2.49918032332455,"FISHED",0.203589630778879,0.25,1,"MED MED MED",NA
59,4,98.0564079843471,59,1,1.50032292392236,"M",0.295362503034994,0.25,1,"MED MED MED",NA
59,5,128.19527793857,60,2,2.49857834411347,"M",0.203589630778879,0.25,1,"MED MED MED",NA
59,6,138.118121265691,61,3,3.50127583441398,"M",0.291615844215266,0.25,1,"MED MED MED",NA
59,7,153.512685547558,61,3,3.50137304150483,"FISHED",0.291615844215266,0.25,1,"MED MED MED",NA
59,8,136.009129223435,61,3,3.50091604624703,"FISHED",0.291615844215266,0.25,1,"MED MED MED",NA
59,9,93.5931702991852,59,1,1.49924860144848,"M",0.295362503034994,0.25,1,"MED MED MED",NA
59,10,104.941808970867,59,1,1.4989512338081,"M",0.295362503034994,0.25,1,"MED MED MED",NA
59,11,98.4982994308276,59,1,1.50026673525688,"M",0.295362503034994,0.25,1,"MED MED MED",NA
60,1,220.319023016046,72,13,13.4991091901087,"M",0.236530420347117,0.25,1,"MED MED MED",NA
60,2,157.561127595411,62,3,3.50049897891633,"FISHED",0.282923591695726,0.25,1,"MED MED MED",NA
60,3,100.830463742911,60,1,1.5006155839266,"FISHED",0.203589630778879,0.25,1,"MED MED MED",NA
60,4,93.4191636070636,60,1,1.49963796387471,"M",0.203589630778879,0.25,1,"MED MED MED",NA
60,5,162.572003784479,63,4,4.5003985148159,"M",0.212788273394108,0.25,1,"MED MED MED",NA
60,6,60.3890299178326,59,0,0.500217940322751,"FISHED",0.295362503034994,0.25,1,"MED MED MED",NA
60,7,95.5837700261438,60,1,1.502287695488,"FISHED",0.203589630778879,0.25,1,"MED MED MED",NA
60,8,100.179919005527,60,1,1.50006865259268,"M",0.203589630778879,0.25,1,"MED MED MED",NA
60,9,100.53954956827,60,1,1.50002076468278,"FISHED",0.203589630778879,0.25,1,"MED MED MED",NA
60,10,95.3390574732773,60,1,1.50094691481395,"M",0.203589630778879,0.25,1,"MED MED MED",NA
61,1,99.0994854182345,61,1,1.49917083843122,"M",0.291615844215266,0.25,1,"MED MED MED",NA
61,2,140.820678753028,63,3,3.49769502871582,"FISHED",0.212788273394108,0.25,1,"MED MED MED",NA
61,3,63.2792231086008,60,0,0.499629006908773,"M",0.203589630778879,0.25,1,"MED MED MED",NA
61,4,63.2540519168368,60,0,0.499089353414871,"M",0.203589630778879,0.25,1,"MED MED MED",NA
61,5,97.8615386814144,61,1,1.5015298778115,"M",0.291615844215266,0.25,1,"MED MED MED",NA
61,6,145.740908369609,63,3,3.50167573692133,"FISHED",0.212788273394108,0.25,1,"MED MED MED",NA
61,7,149.440745852815,63,3,3.4992153638433,"M",0.212788273394108,0.25,1,"MED MED MED",NA
61,8,123.297253086794,62,2,2.49960063429787,"FISHED",0.282923591695726,0.25,1,"MED MED MED",NA
61,9,62.850897267733,60,0,0.499384123324064,"M",0.203589630778879,0.25,1,"MED MED MED",NA
61,10,130.751308601837,63,3,3.50033470634048,"M",0.212788273394108,0.25,1,"MED MED MED",NA
62,1,63.017510004953,61,0,0.499257434489336,"M",0.291615844215266,0.25,1,"MED MED MED",NA
62,2,61.5263606867394,61,0,0.499547406141378,"FISHED",0.291615844215266,0.25,1,"MED MED MED",NA
62,3,164.915016367702,66,5,5.49938787295356,"FISHED",0.25015375148505,0.25,1,"MED MED MED",NA
62,4,63.4562721854256,61,0,0.499038292766709,"M",0.291615844215266,0.25,1,"MED MED MED",NA
62,5,129.920942973215,63,2,2.49977728019288,"FISHED",0.212788273394108,0.25,1,"MED MED MED",NA
62,6,105.861908524989,62,1,1.49888957397567,"FISHED",0.282923591695726,0.25,1,"MED MED MED",NA
62,7,62.8672095693863,61,0,0.497581002153472,"FISHED",0.291615844215266,0.25,1,"MED MED MED",NA
62,8,60.8728938081978,61,0,0.501069344239877,"M",0.291615844215266,0.25,1,"MED MED MED",NA
62,9,65.3935887387407,61,0,0.499939740956978,"FISHED",0.291615844215266,0.25,1,"MED MED MED",NA
62,10,115.199763959307,63,2,2.50241792528356,"M",0.212788273394108,0.25,1,"MED MED MED",NA
62,11,65.6767237137113,61,0,0.501502094457529,"FISHED",0.291615844215266,0.25,1,"MED MED MED",NA
62,12,63.352136110684,61,0,0.500746588873043,"FISHED",0.291615844215266,0.25,1,"MED MED MED",NA
62,13,100.674631447893,62,1,1.50200493372689,"FISHED",0.282923591695726,0.25,1,"MED MED MED",NA
63,1,59.4446254122065,62,0,0.499940184374307,"M",0.282923591695726,0.25,1,"MED MED MED",NA
63,2,125.949051949383,64,2,2.49986617323439,"M",0.299444207199849,0.25,1,"MED MED MED",NA
63,3,64.0784229036488,62,0,0.499607561933956,"M",0.282923591695726,0.25,1,"MED MED MED",NA
63,4,60.9755899570335,62,0,0.499247720880823,"M",0.282923591695726,0.25,1,"MED MED MED",NA
63,5,62.7248562205073,62,0,0.501146880616755,"FISHED",0.282923591695726,0.25,1,"MED MED MED",NA
63,6,97.8048195053853,63,1,1.50011709859415,"FISHED",0.212788273394108,0.25,1,"MED MED MED",NA
63,7,61.0156809381748,62,0,0.5009116101432,"M",0.282923591695726,0.25,1,"MED MED MED",NA
63,8,123.333903317785,64,2,2.49909459439118,"M",0.299444207199849,0.25,1,"MED MED MED",NA
63,9,106.908119485619,63,1,1.50024845584195,"M",0.212788273394108,0.25,1,"MED MED MED",NA
64,1,236.126737992088,72,9,9.49936526391346,"M",0.236530420347117,0.25,1,"MED MED MED",NA
64,2,98.1592453358804,64,1,1.4999647609503,"M",0.299444207199849,0.25,1,"MED MED MED",NA
64,3,93.4490627022107,64,1,1.50097201312163,"M",0.299444207199849,0.25,1,"MED MED MED",NA
64,4,62.2868338624005,63,0,0.498501614998186,"FISHED",0.212788273394108,0.25,1,"MED MED MED",NA
64,5,97.5761200401342,64,1,1.50112161982459,"M",0.299444207199849,0.25,1,"MED MED MED",NA
64,6,119.39412673192,65,2,2.50139963306586,"M",0.298687230655924,0.25,1,"MED MED MED",NA
64,7,61.2442012381835,63,0,0.499343041672974,"M",0.212788273394108,0.25,1,"MED MED MED",NA
64,8,97.2365200602972,64,1,1.49904334775603,"M",0.299444207199849,0.25,1,"MED MED MED",NA
65,1,96.1906718910262,65,1,1.49930058545236,"FISHED",0.298687230655924,0.25,1,"MED MED MED",NA
65,2,99.4087890299964,65,1,1.49868543360665,"M",0.298687230655924,0.25,1,"MED MED MED",NA
65,3,149.719132296212,68,4,4.49910875156271,"M",0.222352319885977,0.25,1,"MED MED MED",NA
65,4,98.1166972381761,65,1,1.50115892849292,"M",0.298687230655924,0.25,1,"MED MED MED",NA
65,5,128.121387260329,66,2,2.49970716833796,"M",0.25015375148505,0.25,1,"MED MED MED",NA
65,6,99.3714862810981,65,1,1.49786921768237,"M",0.298687230655924,0.25,1,"MED MED MED",NA
65,7,93.701222065486,65,1,1.49937900386505,"M",0.298687230655924,0.25,1,"MED MED MED",NA
65,8,61.2771360653806,64,0,0.500370076307431,"M",0.299444207199849,0.25,1,"MED MED MED",NA
65,9,98.5503719805463,65,1,1.49827479243553,"M",0.298687230655924,0.25,1,"MED MED MED",NA
66,1,203.486222542212,71,6,6.49981925744127,"FISHED",0.219188523152843,0.25,1,"MED MED MED",NA
66,2,61.0810357425951,65,0,0.501881292703008,"M",0.298687230655924,0.25,1,"MED MED MED",NA
66,3,95.5197647727251,66,1,1.50056064128299,"FISHED",0.25015375148505,0.25,1,"MED MED MED",NA
66,4,62.4403537255734,65,0,0.500494882586399,"FISHED",0.298687230655924,0.25,1,"MED MED MED",NA
66,5,64.222407403892,65,0,0.50010375058699,"FISHED",0.298687230655924,0.25,1,"MED MED MED",NA
66,6,62.2458689227926,65,0,0.501444926661132,"FISHED",0.298687230655924,0.25,1,"MED MED MED",NA
66,7,100.250047556642,66,1,1.50183603276563,"FISHED",0.25015375148505,0.25,1,"MED MED MED",NA
66,8,64.8218171828823,65,0,0.500677608993515,"FISHED",0.298687230655924,0.25,1,"MED MED MED",NA
67,1,129.61836582776,68,2,2.50105666251199,"FISHED",0.222352319885977,0.25,1,"MED MED MED",NA
67,2,61.9264443582031,66,0,0.499220703670168,"M",0.25015375148505,0.25,1,"MED MED MED",NA
67,3,95.9886138181856,67,1,1.49964063641418,"M",0.22273893696256,0.25,1,"MED MED MED",NA
67,4,162.860134640437,70,4,4.49809709976027,"FISHED",0.20491295622196,0.25,1,"MED MED MED",NA
67,5,63.2419611433067,66,0,0.502174788821726,"FISHED",0.25015375148505,0.25,1,"MED MED MED",NA
67,6,64.2037875662375,66,0,0.498502178271216,"M",0.25015375148505,0.25,1,"MED MED MED",NA
67,7,62.9269262045145,66,0,0.49989399293632,"M",0.25015375148505,0.25,1,"MED MED MED",NA
67,8,96.4661198221503,67,1,1.49962268894837,"FISHED",0.22273893696256,0.25,1,"MED MED MED",NA
67,9,63.8205008114383,66,0,0.501357198651182,"M",0.25015375148505,0.25,1,"MED MED MED",NA
68,1,131.859941714779,69,2,2.50022743109593,"FISHED",0.253309540683404,0.25,1,"MED MED MED",NA
68,2,63.5440705225335,67,0,0.501261258105905,"FISHED",0.22273893696256,0.25,1,"MED MED MED",NA
68,3,102.944761648361,68,1,1.50098145772977,"FISHED",0.222352319885977,0.25,1,"MED MED MED",NA
68,4,185.170824687611,72,5,5.5011904102692,"FISHED",0.236530420347117,0.25,1,"MED MED MED",NA
68,5,104.605928556799,68,1,1.50169851021163,"M",0.222352319885977,0.25,1,"MED MED MED",NA
68,6,102.294943688043,68,1,1.49916563719064,"FISHED",0.222352319885977,0.25,1,"MED MED MED",NA
68,7,106.295219175936,68,1,1.49920605329926,"M",0.222352319885977,0.25,1,"MED MED MED",NA
68,8,63.8006920779231,67,0,0.500351353520123,"M",0.22273893696256,0.25,1,"MED MED MED",NA
68,9,101.505491209492,68,1,1.49900737461839,"FISHED",0.222352319885977,0.25,1,"MED MED MED",NA
68,10,158.794466053431,71,4,4.49957649658537,"FISHED",0.219188523152843,0.25,1,"MED MED MED",NA
69,1,92.4137537660897,69,1,1.49906900346592,"FISHED",0.253309540683404,0.25,1,"MED MED MED",NA
69,2,60.7847713638387,68,0,0.499489486381422,"FISHED",0.222352319885977,0.25,1,"MED MED MED",NA
69,3,98.6292181530576,69,1,1.50077318317594,"M",0.253309540683404,0.25,1,"MED MED MED",NA
69,4,123.726837468259,70,2,2.50107982106978,"M",0.20491295622196,0.25,1,"MED MED MED",NA
69,5,99.1311008581827,69,1,1.50018721969536,"FISHED",0.253309540683404,0.25,1,"MED MED MED",NA
69,6,61.5935716150628,68,0,0.499689945043137,"M",0.222352319885977,0.25,1,"MED MED MED",NA
69,7,64.8648331000701,68,0,0.499261415466794,"FISHED",0.222352319885977,0.25,1,"MED MED MED",NA
69,8,103.204920177166,69,1,1.50204367480087,"FISHED",0.253309540683404,0.25,1,"MED MED MED",NA
69,9,62.4991813011536,68,0,0.499684441852843,"M",0.222352319885977,0.25,1,"MED MED MED",NA
70,1,62.7225259619402,69,0,0.499031092237263,"FISHED",0.253309540683404,0.25,1,"MED MED MED",NA
70,2,102.365429528763,70,1,1.50104731128556,"M",0.20491295622196,0.25,1,"MED MED MED",NA
70,3,62.2560740874895,69,0,0.500619765451652,"FISHED",0.253309540683404,0.25,1,"MED MED MED",NA
70,4,140.109345964442,72,3,3.4991835020752,"M",0.236530420347117,0.25,1,"MED MED MED",NA
70,5,195.560693577606,75,6,6.50140743261739,"M",0.291930585820228,0.25,1,"MED MED MED",NA
70,6,127.54422019027,71,2,2.49864061078466,"FISHED",0.219188523152843,0.25,1,"MED MED MED",NA
70,7,199.033141308626,77,8,8.50021363458681,"FISHED",0.270006402907893,0.25,1,"MED MED MED",NA
70,8,60.1296511216648,69,0,0.499548212069872,"FISHED",0.253309540683404,0.25,1,"MED MED MED",NA
70,9,63.7570539524867,69,0,0.501756340147112,"FISHED",0.253309540683404,0.25,1,"MED MED MED",NA
70,10,126.847941685614,71,2,2.49840851654064,"M",0.219188523152843,0.25,1,"MED MED MED",NA
70,11,196.547714419241,76,7,7.50076861053901,"FISHED",0.292132891900837,0.25,1,"MED MED MED",NA
71,1,203.352684759632,81,11,11.4999254752526,"FISHED",0.272506860434078,0.25,1,"MED MED MED",NA
71,2,61.3299289779852,70,0,0.4993664855627,"M",0.20491295622196,0.25,1,"MED MED MED",NA
71,3,63.5213627196781,70,0,0.501140398866277,"M",0.20491295622196,0.25,1,"MED MED MED",NA
71,4,129.137253984402,72,2,2.4993684572931,"M",0.236530420347117,0.25,1,"MED MED MED",NA
71,5,101.91080206369,71,1,1.50009404412115,"FISHED",0.219188523152843,0.25,1,"MED MED MED",NA
71,6,94.594525070473,71,1,1.5007601054018,"M",0.219188523152843,0.25,1,"MED MED MED",NA
71,7,95.4137224447516,71,1,1.50121745281634,"M",0.219188523152843,0.25,1,"MED MED MED",NA
71,8,134.55280586894,72,2,2.49942110757368,"M",0.236530420347117,0.25,1,"MED MED MED",NA
71,9,122.856573696767,72,2,2.50004129681423,"FISHED",0.236530420347117,0.25,1,"MED MED MED",NA
71,10,61.0875795608877,70,0,0.499560559278827,"FISHED",0.20491295622196,0.25,1,"MED MED MED",NA
71,11,62.1186155423128,70,0,0.499478625414186,"M",0.20491295622196,0.25,1,"MED MED MED",NA
72,1,97.7500262192238,72,1,1.50164237274711,"FISHED",0.236530420347117,0.25,1,"MED MED MED",NA
72,2,129.429239828805,73,2,2.49860521642989,"M",0.271397840813734,0.25,1,"MED MED MED",NA
72,3,63.5482365086224,71,0,0.49838091971804,"M",0.219188523152843,0.25,1,"MED MED MED",NA
72,4,149.738019380285,74,3,3.49966032475825,"M",0.217804553033784,0.25,1,"MED MED MED",NA
72,5,61.9614750598473,71,0,0.501348549787516,"M",0.219188523152843,0.25,1,"MED MED MED",NA
72,6,104.380061323139,72,1,1.500337916537,"M",0.236530420347117,0.25,1,"MED MED MED",NA
72,7,235.80978170898,83,12,12.5003765871739,"M",0.291684121498838,0.25,1,"MED MED MED",NA
72,8,99.5367118045082,72,1,1.50079271449069,"FISHED",0.236530420347117,0.25,1,"MED MED MED",NA
72,9,63.4721190950543,71,0,0.501100428862357,"M",0.219188523152843,0.25,1,"MED MED MED",NA
72,10,155.057065489296,74,3,3.49942010377795,"FISHED",0.217804553033784,0.25,1,"MED MED MED",NA
72,11,95.9588582250676,72,1,1.49938069921266,"M",0.236530420347117,0.25,1,"MED MED MED",NA
72,12,141.506458686171,74,3,3.50235612435658,"FISHED",0.217804553033784,0.25,1,"MED MED MED",NA
73,1,63.355332065877,72,0,0.501132594510504,"M",0.236530420347117,0.25,1,"MED MED MED",NA
73,2,122.584821834265,74,2,2.49911475579425,"FISHED",0.217804553033784,0.25,1,"MED MED MED",NA
73,3,103.294185923936,73,1,1.50004766695823,"M",0.271397840813734,0.25,1,"MED MED MED",NA
73,4,101.770917072929,73,1,1.49976122006388,"FISHED",0.271397840813734,0.25,1,"MED MED MED",NA
73,5,100.141526901859,73,1,1.5005426019724,"FISHED",0.271397840813734,0.25,1,"MED MED MED",NA
73,6,98.0522523660879,73,1,1.49878124672526,"M",0.271397840813734,0.25,1,"MED MED MED",NA
73,7,99.6615183810376,73,1,1.49991761384815,"M",0.271397840813734,0.25,1,"MED MED MED",NA
73,8,97.8160402792903,73,1,1.49994805508898,"M",0.271397840813734,0.25,1,"MED MED MED",NA
73,9,98.293781783878,73,1,1.50105119280181,"FISHED",0.271397840813734,0.25,1,"MED MED MED",NA
73,10,99.4160583818488,73,1,1.49882358292193,"M",0.271397840813734,0.25,1,"MED MED MED",NA
73,11,96.6897076274056,73,1,1.49849642813804,"M",0.271397840813734,0.25,1,"MED MED MED",NA
73,12,98.1904268049866,73,1,1.50004663237583,"M",0.271397840813734,0.25,1,"MED MED MED",NA
73,13,94.5150602769573,73,1,1.49974215011759,"M",0.271397840813734,0.25,1,"MED MED MED",NA
74,1,97.2287789436933,74,1,1.49820181383175,"M",0.217804553033784,0.25,1,"MED MED MED",NA
74,2,62.6443730938711,73,0,0.499157885080847,"M",0.271397840813734,0.25,1,"MED MED MED",NA
74,3,130.770421210039,75,2,2.49887315771118,"M",0.291930585820228,0.25,1,"MED MED MED",NA
74,4,121.305797418658,75,2,2.50135552868947,"M",0.291930585820228,0.25,1,"MED MED MED",NA
74,5,65.486982672507,73,0,0.499705850492776,"FISHED",0.271397840813734,0.25,1,"MED MED MED",NA
74,6,63.1448407255769,73,0,0.500910385028138,"FISHED",0.271397840813734,0.25,1,"MED MED MED",NA
74,7,127.42866579173,75,2,2.50162316112915,"FISHED",0.291930585820228,0.25,1,"MED MED MED",NA
74,8,100.2436217586,74,1,1.49982340095313,"M",0.217804553033784,0.25,1,"MED MED MED",NA
74,9,121.108400590872,75,2,2.50084235430264,"FISHED",0.291930585820228,0.25,1,"MED MED MED",NA
74,10,96.8561481546455,74,1,1.50020185646698,"M",0.217804553033784,0.25,1,"MED MED MED",NA
74,11,219.108604835992,82,9,9.49960536580217,"FISHED",0.270388833060861,0.25,1,"MED MED MED",NA
74,12,89.9014267160613,74,1,1.4980985378102,"M",0.217804553033784,0.25,1,"MED MED MED",NA
74,13,63.9208989241422,73,0,0.49948325239858,"M",0.271397840813734,0.25,1,"MED MED MED",NA
75,1,62.2203210019899,74,0,0.499533520317499,"M",0.217804553033784,0.25,1,"MED MED MED",NA
75,2,130.406356532002,76,2,2.49866673438605,"FISHED",0.292132891900837,0.25,1,"MED MED MED",NA
75,3,124.430916723204,76,2,2.50067011739854,"FISHED",0.292132891900837,0.25,1,"MED MED MED",NA
75,4,94.6868973678267,75,1,1.50061967828368,"FISHED",0.291930585820228,0.25,1,"MED MED MED",NA
75,5,190.808077093562,79,5,5.50014217950496,"M",0.286432666401379,0.25,1,"MED MED MED",NA
75,6,97.767763864302,75,1,1.50158022649183,"FISHED",0.291930585820228,0.25,1,"MED MED MED",NA
75,7,94.7552127409064,75,1,1.50155125077532,"FISHED",0.291930585820228,0.25,1,"MED MED MED",NA
75,8,96.1938457203258,75,1,1.50054094373492,"FISHED",0.291930585820228,0.25,1,"MED MED MED",NA
75,9,128.714531995096,76,2,2.49919378880954,"FISHED",0.292132891900837,0.25,1,"MED MED MED",NA
75,10,61.8916643661292,74,0,0.499936341056394,"M",0.217804553033784,0.25,1,"MED MED MED",NA
75,11,97.2170595708582,75,1,1.50092813444972,"M",0.291930585820228,0.25,1,"MED MED MED",NA
75,12,132.519324975427,76,2,2.49988647149776,"M",0.292132891900837,0.25,1,"MED MED MED",NA
76,1,144.342829048695,78,3,3.49985105575819,"FISHED",0.261809551226906,0.25,1,"MED MED MED",NA
76,2,60.8274875069003,75,0,0.500320783332841,"M",0.291930585820228,0.25,1,"MED MED MED",NA
76,3,63.5658436616538,75,0,0.50004798898972,"M",0.291930585820228,0.25,1,"MED MED MED",NA
76,4,104.133588262427,76,1,1.50079940476243,"FISHED",0.292132891900837,0.25,1,"MED MED MED",NA
76,5,60.5619544829379,75,0,0.499513750808439,"FISHED",0.291930585820228,0.25,1,"MED MED MED",NA
76,6,105.720492197463,76,1,1.49848238491291,"M",0.292132891900837,0.25,1,"MED MED MED",NA
76,7,171.331964994778,81,6,6.50058322507748,"FISHED",0.272506860434078,0.25,1,"MED MED MED",NA
76,8,61.2823727525108,75,0,0.500408619200267,"FISHED",0.291930585820228,0.25,1,"MED MED MED",NA
76,9,149.660664795348,78,3,3.50130992113499,"M",0.261809551226906,0.25,1,"MED MED MED",NA
76,10,124.025252764804,77,2,2.50111216813082,"FISHED",0.270006402907893,0.25,1,"MED MED MED",NA
76,11,94.2385233409778,76,1,1.50233658322562,"M",0.292132891900837,0.25,1,"MED MED MED",NA
76,12,122.587001627467,77,2,2.49907484678581,"M",0.270006402907893,0.25,1,"MED MED MED",NA
77,1,121.35627944006,78,2,2.49975792947021,"M",0.261809551226906,0.25,1,"MED MED MED",NA
77,2,104.552475794784,77,1,1.49931417168089,"FISHED",0.270006402907893,0.25,1,"MED MED MED",NA
77,3,61.9427410995889,76,0,0.500341086645817,"FISHED",0.292132891900837,0.25,1,"MED MED MED",NA
77,4,133.387604028992,79,3,3.49983800247856,"M",0.286432666401379,0.25,1,"MED MED MED",NA
77,5,162.937122274761,79,3,3.4992512973171,"FISHED",0.286432666401379,0.25,1,"MED MED MED",NA
77,6,61.8258877644043,76,0,0.500450288900186,"M",0.292132891900837,0.25,1,"MED MED MED",NA
77,7,64.3321607940435,76,0,0.4997381411124,"M",0.292132891900837,0.25,1,"MED MED MED",NA
77,8,154.21627149863,79,3,3.50099610101243,"FISHED",0.286432666401379,0.25,1,"MED MED MED",NA
77,9,63.5811243651353,76,0,0.501387181290853,"FISHED",0.292132891900837,0.25,1,"MED MED MED",NA
78,1,96.7452213244547,78,1,1.50094414782087,"M",0.261809551226906,0.25,1,"MED MED MED",NA
78,2,98.4461996682693,78,1,1.49938583818731,"FISHED",0.261809551226906,0.25,1,"MED MED MED",NA
78,3,60.1573914616848,77,0,0.500280917296133,"M",0.270006402907893,0.25,1,"MED MED MED",NA
78,4,66.8144854070192,77,0,0.500953996500282,"M",0.270006402907893,0.25,1,"MED MED MED",NA
78,5,99.4650084294998,78,1,1.50034292273199,"FISHED",0.261809551226906,0.25,1,"MED MED MED",NA
78,6,188.84437541698,82,5,5.49850271171195,"FISHED",0.270388833060861,0.25,1,"MED MED MED",NA
78,7,140.579511427712,79,2,2.50025063110542,"FISHED",0.286432666401379,0.25,1,"MED MED MED",NA
78,8,63.1024119399564,77,0,0.502198514750494,"FISHED",0.270006402907893,0.25,1,"MED MED MED",NA
78,9,93.3982334237982,78,1,1.50013072703598,"FISHED",0.261809551226906,0.25,1,"MED MED MED",NA
78,10,124.893363084768,79,2,2.50061328691975,"FISHED",0.286432666401379,0.25,1,"MED MED MED",NA
78,11,61.4113820567805,77,0,0.498792193193625,"FISHED",0.270006402907893,0.25,1,"MED MED MED",NA
78,12,91.9555327060936,78,1,1.5016343005054,"M",0.261809551226906,0.25,1,"MED MED MED",NA
79,1,119.570638621267,80,2,2.50199891978632,"M",0.247002397011966,0.25,1,"MED MED MED",NA
79,2,141.261112715358,81,3,3.50015965579675,"M",0.272506860434078,0.25,1,"MED MED MED",NA
79,3,60.3141268830788,78,0,0.497865344053404,"FISHED",0.261809551226906,0.25,1,"MED MED MED",NA
79,4,65.1390913818826,78,0,0.500505544963361,"FISHED",0.261809551226906,0.25,1,"MED MED MED",NA
79,5,99.0309820357003,79,1,1.49901957417922,"M",0.286432666401379,0.25,1,"MED MED MED",NA
79,6,185.73167628971,83,5,5.49760870398501,"FISHED",0.291684121498838,0.25,1,"MED MED MED",NA
79,7,123.791004669562,80,2,2.50134178129979,"M",0.247002397011966,0.25,1,"MED MED MED",NA
79,8,123.345156312262,80,2,2.50091509455988,"FISHED",0.247002397011966,0.25,1,"MED MED MED",NA
79,9,105.602744340655,79,1,1.5010153248025,"M",0.286432666401379,0.25,1,"MED MED MED",NA
79,10,61.8053362003706,78,0,0.499862112001104,"FISHED",0.261809551226906,0.25,1,"MED MED MED",NA
79,11,64.5490121790675,78,0,0.499911557823172,"FISHED",0.261809551226906,0.25,1,"MED MED MED",NA
80,1,176.03361709373,82,3,3.49910135051269,"M",0.270388833060861,0.25,1,"MED MED MED",NA
80,2,62.6102389983602,79,0,0.500379765793974,"FISHED",0.286432666401379,0.25,1,"MED MED MED",NA
80,3,97.4663404147173,80,1,1.50119128837991,"M",0.247002397011966,0.25,1,"MED MED MED",NA
80,4,96.695379550859,80,1,1.49841953925471,"M",0.247002397011966,0.25,1,"MED MED MED",NA
80,5,100.934045072515,80,1,1.49999366413192,"FISHED",0.247002397011966,0.25,1,"MED MED MED",NA
80,6,122.188829179583,81,2,2.50016751023716,"FISHED",0.272506860434078,0.25,1,"MED MED MED",NA
80,7,126.2842981456,81,2,2.49958351396175,"FISHED",0.272506860434078,0.25,1,"MED MED MED",NA
80,8,64.2801902776197,79,0,0.499674710853704,"M",0.286432666401379,0.25,1,"MED MED MED",NA
80,9,184.753515306322,83,4,4.49945726390895,"FISHED",0.291684121498838,0.25,1,"MED MED MED",NA
81,1,65.1888846230269,80,0,0.49925548891545,"M",0.247002397011966,0.25,1,"MED MED MED",NA
81,2,95.0450218149486,81,1,1.49907012027184,"M",0.272506860434078,0.25,1,"MED MED MED",NA
81,3,160.056430660987,84,4,4.50098401316928,"FISHED",0.272670121490955,0.25,1,"MED MED MED",NA
81,4,63.4930221184028,80,0,0.499149667729346,"FISHED",0.247002397011966,0.25,1,"MED MED MED",NA
81,5,64.131636786595,80,0,0.501214324962008,"M",0.247002397011966,0.25,1,"MED MED MED",NA
81,6,60.085846805405,80,0,0.499511584249883,"M",0.247002397011966,0.25,1,"MED MED MED",NA
81,7,62.1115257271545,80,0,0.499209492824766,"FISHED",0.247002397011966,0.25,1,"MED MED MED",NA
81,8,147.753472783253,83,3,3.50141002959277,"FISHED",0.291684121498838,0.25,1,"MED MED MED",NA
81,9,150.152686795504,83,3,3.5013409567801,"FISHED",0.291684121498838,0.25,1,"MED MED MED",NA
81,10,63.3885560652524,80,0,0.501076044492152,"FISHED",0.247002397011966,0.25,1,"MED MED MED",NA
81,11,90.8572827232658,81,1,1.49984959461033,"M",0.272506860434078,0.25,1,"MED MED MED",NA
82,1,102.886824402647,82,1,1.50285356406685,"FISHED",0.270388833060861,0.25,1,"MED MED MED",NA
82,2,127.498164206701,83,2,2.49860210469033,"FISHED",0.291684121498838,0.25,1,"MED MED MED",NA
82,3,116.095781914298,83,2,2.5000435063351,"FISHED",0.291684121498838,0.25,1,"MED MED MED",NA
82,4,130.040529174472,83,2,2.50026810027562,"M",0.291684121498838,0.25,1,"MED MED MED",NA
82,5,60.7763818494785,81,0,0.500963418074427,"M",0.272506860434078,0.25,1,"MED MED MED",NA
82,6,169.388198566215,85,4,4.50116777932831,"M",0.234442457486875,0.25,1,"MED MED MED",NA
82,7,97.0375404885405,82,1,1.49917905986812,"FISHED",0.270388833060861,0.25,1,"MED MED MED",NA
82,8,65.1960226604052,81,0,0.500394423750859,"FISHED",0.272506860434078,0.25,1,"MED MED MED",NA
82,9,136.003610029558,83,2,2.50029177712284,"FISHED",0.291684121498838,0.25,1,"MED MED MED",NA
82,10,177.476966431592,86,5,5.50025490028137,"M",0.277663032943383,0.25,1,"MED MED MED",NA
82,11,62.8908194141511,81,0,0.499195560857043,"FISHED",0.272506860434078,0.25,1,"MED MED MED",NA
83,1,60.6861509517844,82,0,0.499093841870915,"M",0.270388833060861,0.25,1,"MED MED MED",NA
83,2,126.258231118908,84,2,2.50025416301156,"M",0.272670121490955,0.25,1,"MED MED MED",NA
83,3,122.678231546828,84,2,2.49969729137527,"FISHED",0.272670121490955,0.25,1,"MED MED MED",NA
83,4,63.6935941388337,82,0,0.500452283426523,"FISHED",0.270388833060861,0.25,1,"MED MED MED",NA
83,5,63.1749803294303,82,0,0.498535342569287,"M",0.270388833060861,0.25,1,"MED MED MED",NA
83,6,126.130305391698,84,2,2.498188655922,"FISHED",0.272670121490955,0.25,1,"MED MED MED",NA
83,7,64.4196452585049,82,0,0.499520946727086,"M",0.270388833060861,0.25,1,"MED MED MED",NA
83,8,130.7890257888,84,2,2.49998717906413,"M",0.272670121490955,0.25,1,"MED MED MED",NA
83,9,126.843184306732,84,2,2.50016885568863,"M",0.272670121490955,0.25,1,"MED MED MED",NA
83,10,64.0034779283228,82,0,0.501200574502722,"FISHED",0.270388833060861,0.25,1,"MED MED MED",NA
83,11,62.8712659127645,82,0,0.500057234112285,"M",0.270388833060861,0.25,1,"MED MED MED",NA
83,12,165.85899220577,86,4,4.4989364077339,"M",0.277663032943383,0.25,1,"MED MED MED",NA
84,1,125.058599171532,85,2,2.50001110990211,"FISHED",0.234442457486875,0.25,1,"MED MED MED",NA
84,2,104.923936126605,84,1,1.49895079045669,"M",0.272670121490955,0.25,1,"MED MED MED",NA
84,3,62.0940814923833,83,0,0.497803638005048,"M",0.291684121498838,0.25,1,"MED MED MED",NA
84,4,158.506923526485,87,4,4.49956722489787,"M",0.265902281436138,0.25,1,"MED MED MED",NA
84,5,123.016296109202,85,2,2.49853117542433,"M",0.234442457486875,0.25,1,"MED MED MED",NA
84,6,66.2967792409186,83,0,0.500878926003312,"FISHED",0.291684121498838,0.25,1,"MED MED MED",NA
84,7,92.5831743920892,84,1,1.50193666744997,"M",0.272670121490955,0.25,1,"MED MED MED",NA
84,8,172.922250971011,87,4,4.49932278712239,"M",0.265902281436138,0.25,1,"MED MED MED",NA
84,9,59.290931949985,83,0,0.500418974626865,"M",0.291684121498838,0.25,1,"MED MED MED",NA
84,10,92.9374244041478,84,1,1.50166127483113,"M",0.272670121490955,0.25,1,"MED MED MED",NA
85,1,62.2747332655446,84,0,0.50086678120267,"FISHED",0.272670121490955,0.25,1,"MED MED MED",NA
85,2,132.169469588409,86,2,2.5013057536479,"M",0.277663032943383,0.25,1,"MED MED MED",NA
85,3,187.751506143194,90,6,6.50096811613687,"M",0.238971384312026,0.25,1,"MED MED MED",NA
85,4,102.6249216302,85,1,1.50007613181277,"M",0.234442457486875,0.25,1,"MED MED MED",NA
85,5,181.216118740924,89,5,5.50043762668379,"FISHED",0.299597845086828,0.25,1,"MED MED MED",NA
85,6,60.586628462325,84,0,0.500230459846201,"FISHED",0.272670121490955,0.25,1,"MED MED MED",NA
85,7,99.821695848366,85,1,1.49938237600217,"M",0.234442457486875,0.25,1,"MED MED MED",NA
85,8,60.5723504864179,84,0,0.499615823678082,"FISHED",0.272670121490955,0.25,1,"MED MED MED",NA
85,9,194.330494132286,89,5,5.49991664055281,"FISHED",0.299597845086828,0.25,1,"MED MED MED",NA
85,10,62.7943372328069,84,0,0.499890314978791,"M",0.272670121490955,0.25,1,"MED MED MED",NA
85,11,152.14781886929,88,4,4.50114189903009,"M",0.20846637703944,0.25,1,"MED MED MED",NA
85,12,63.3711646164135,84,0,0.49769018922167,"FISHED",0.272670121490955,0.25,1,"MED MED MED",NA
86,1,93.8562212565724,86,1,1.49978393014396,"FISHED",0.277663032943383,0.25,1,"MED MED MED",NA
86,2,159.414445900825,89,4,4.50054171172398,"M",0.299597845086828,0.25,1,"MED MED MED",NA
86,3,63.8326281893803,85,0,0.501468223875608,"M",0.234442457486875,0.25,1,"MED MED MED",NA
86,4,128.620197771199,87,2,2.49906449137611,"FISHED",0.265902281436138,0.25,1,"MED MED MED",NA
86,5,124.484821100907,87,2,2.50002955020433,"FISHED",0.265902281436138,0.25,1,"MED MED MED",NA
86,6,166.494545860031,90,5,5.49947088695177,"FISHED",0.238971384312026,0.25,1,"MED MED MED",NA
86,7,121.959964084753,87,2,2.49998748548008,"FISHED",0.265902281436138,0.25,1,"MED MED MED",NA
87,1,58.7826550694348,86,0,0.49928972398041,"FISHED",0.277663032943383,0.25,1,"MED MED MED",NA
87,2,96.2269383556547,87,1,1.49999768856205,"FISHED",0.265902281436138,0.25,1,"MED MED MED",NA
87,3,128.336117105226,88,2,2.50144531740515,"M",0.20846637703944,0.25,1,"MED MED MED",NA
87,4,62.6293228984903,86,0,0.501162639349503,"M",0.277663032943383,0.25,1,"MED MED MED",NA
87,5,101.751936854452,87,1,1.50002707530084,"M",0.265902281436138,0.25,1,"MED MED MED",NA
87,6,149.270067626166,89,3,3.49955577024904,"FISHED",0.299597845086828,0.25,1,"MED MED MED",NA
87,7,145.685538522113,89,3,3.5008768994295,"FISHED",0.299597845086828,0.25,1,"MED MED MED",NA
88,1,60.6155425970686,87,0,0.499886812229249,"M",0.265902281436138,0.25,1,"MED MED MED",NA
88,2,64.6766083854063,87,0,0.499603460709686,"M",0.265902281436138,0.25,1,"MED MED MED",NA
88,3,141.414040176311,90,3,3.49982768973266,"M",0.238971384312026,0.25,1,"MED MED MED",NA
88,4,62.6062900277231,87,0,0.50053361069006,"FISHED",0.265902281436138,0.25,1,"MED MED MED",NA
88,5,62.3948636771717,87,0,0.499069295203289,"FISHED",0.265902281436138,0.25,1,"MED MED MED",NA
88,6,174.98692775573,92,5,5.50083302743545,"FISHED",0.280111319385469,0.25,1,"MED MED MED",NA
88,7,119.13479729289,89,2,2.49963087327544,"M",0.299597845086828,0.25,1,"MED MED MED",NA
88,8,61.977070976988,87,0,0.500050561833964,"FISHED",0.265902281436138,0.25,1,"MED MED MED",NA
88,9,164.875963106311,92,5,5.50054601320759,"M",0.280111319385469,0.25,1,"MED MED MED",NA
88,10,102.767863820101,88,1,1.50155962363834,"M",0.20846637703944,0.25,1,"MED MED MED",NA
89,1,143.037457183664,91,3,3.49941641452066,"FISHED",0.252300048153847,0.25,1,"MED MED MED",NA
89,2,131.002771434794,90,2,2.50138463658109,"FISHED",0.238971384312026,0.25,1,"MED MED MED",NA
89,3,97.6148689196605,89,1,1.50075987024148,"M",0.299597845086828,0.25,1,"MED MED MED",NA
89,4,60.26773097201,88,0,0.500086979354869,"M",0.20846637703944,0.25,1,"MED MED MED",NA
89,5,103.95298057258,89,1,1.50176605420597,"M",0.299597845086828,0.25,1,"MED MED MED",NA
89,6,171.024731085578,91,3,3.50045204511814,"M",0.252300048153847,0.25,1,"MED MED MED",NA
89,7,149.829189470833,93,5,5.49991800033609,"FISHED",0.296607935032807,0.25,1,"MED MED MED",NA
89,8,204.160365067486,96,8,8.50057661983081,"M",0.268921614345163,0.25,1,"MED MED MED",NA
89,9,106.472814084469,89,1,1.50097800314063,"M",0.299597845086828,0.25,1,"MED MED MED",NA
90,1,131.060642848462,91,2,2.50102807312563,"M",0.252300048153847,0.25,1,"MED MED MED",NA
90,2,61.214306491452,89,0,0.500228886490001,"M",0.299597845086828,0.25,1,"MED MED MED",NA
90,3,63.6139967935663,89,0,0.499614455186941,"M",0.299597845086828,0.25,1,"MED MED MED",NA
90,4,140.93289126084,92,3,3.50099760071459,"M",0.280111319385469,0.25,1,"MED MED MED",NA
90,5,97.2642838003836,90,1,1.50052674003868,"FISHED",0.238971384312026,0.25,1,"MED MED MED",NA
90,6,107.213157271736,90,1,1.49886222385608,"FISHED",0.238971384312026,0.25,1,"MED MED MED",NA
90,7,100.535598193916,90,1,1.49908943923078,"FISHED",0.238971384312026,0.25,1,"MED MED MED",NA
90,8,97.7570732370042,90,1,1.50028765453277,"M",0.238971384312026,0.25,1,"MED MED MED",NA
90,9,101.287619144007,90,1,1.49935292088023,"M",0.238971384312026,0.25,1,"MED MED MED",NA
90,10,95.0219342759565,90,1,1.50182851207017,"M",0.238971384312026,0.25,1,"MED MED MED",NA
90,11,93.4621494701087,90,1,1.49793310017304,"M",0.238971384312026,0.25,1,"MED MED MED",NA
91,1,136.694657246475,92,2,2.49841914942971,"FISHED",0.280111319385469,0.25,1,"MED MED MED",NA
91,2,63.2412570107774,90,0,0.500572707173478,"FISHED",0.238971384312026,0.25,1,"MED MED MED",NA
91,3,61.0936275388117,90,0,0.499817497570874,"M",0.238971384312026,0.25,1,"MED MED MED",NA
91,4,95.8554028368374,91,1,1.49866029489951,"M",0.252300048153847,0.25,1,"MED MED MED",NA
91,5,178.089909729981,96,6,6.49900996969569,"M",0.268921614345163,0.25,1,"MED MED MED",NA
91,6,97.957804261171,91,1,1.50015847606193,"M",0.252300048153847,0.25,1,"MED MED MED",NA
91,7,161.835544702407,94,4,4.4998658885798,"FISHED",0.205767295765691,0.25,1,"MED MED MED",NA
91,8,64.8860120040524,90,0,0.499955724235843,"FISHED",0.238971384312026,0.25,1,"MED MED MED",NA
91,9,65.1876899093763,90,0,0.500689595138853,"FISHED",0.238971384312026,0.25,1,"MED MED MED",NA
91,10,96.1893683378913,91,1,1.50187543956055,"M",0.252300048153847,0.25,1,"MED MED MED",NA
91,11,106.565007918214,91,1,1.5000940662176,"FISHED",0.252300048153847,0.25,1,"MED MED MED",NA
91,12,63.9845452465681,90,0,0.501076800135181,"FISHED",0.238971384312026,0.25,1,"MED MED MED",NA
91,13,62.8549406946206,90,0,0.499560120649435,"M",0.238971384312026,0.25,1,"MED MED MED",NA
92,1,121.055033808761,93,2,2.49995245799793,"M",0.296607935032807,0.25,1,"MED MED MED",NA
92,2,62.0423417366333,91,0,0.498867572302997,"FISHED",0.252300048153847,0.25,1,"MED MED MED",NA
92,3,125.494749938151,93,2,2.50175163851722,"M",0.296607935032807,0.25,1,"MED MED MED",NA
92,4,99.9346621706589,92,1,1.49937234290846,"M",0.280111319385469,0.25,1,"MED MED MED",NA
92,5,130.972270654154,93,2,2.50151063201131,"M",0.296607935032807,0.25,1,"MED MED MED",NA
92,6,62.3052097198644,91,0,0.502293756314158,"FISHED",0.252300048153847,0.25,1,"MED MED MED",NA
92,7,62.4077079235321,91,0,0.498243631356576,"FISHED",0.252300048153847,0.25,1,"MED MED MED",NA
92,8,62.9085450009216,91,0,0.499798808472989,"M",0.252300048153847,0.25,1,"MED MED MED",NA
92,9,98.8850421949062,92,1,1.4999058843567,"FISHED",0.280111319385469,0.25,1,"MED MED MED",NA
92,10,98.5982205724055,92,1,1.50006852175405,"FISHED",0.280111319385469,0.25,1,"MED MED MED",NA
93,1,62.25879103831,92,0,0.499655131791963,"FISHED",0.280111319385469,0.25,1,"MED MED MED",NA
93,2,95.2390605418567,93,1,1.49921958401797,"FISHED",0.296607935032807,0.25,1,"MED MED MED",NA
93,3,64.0195457775119,92,0,0.501363050206363,"M",0.280111319385469,0.25,1,"MED MED MED",NA
93,4,64.3776069875161,92,0,0.49946741440343,"FISHED",0.280111319385469,0.25,1,"MED MED MED",NA
93,5,64.698801892994,92,0,0.499544955571532,"M",0.280111319385469,0.25,1,"MED MED MED",NA
93,6,150.719705887364,96,4,4.49929574575588,"M",0.268921614345163,0.25,1,"MED MED MED",NA
93,7,135.754028637105,94,2,2.49829045605196,"M",0.205767295765691,0.25,1,"MED MED MED",NA
93,8,96.5472678744554,93,1,1.49927530824428,"M",0.296607935032807,0.25,1,"MED MED MED",NA
93,9,135.851204830746,95,3,3.49862032986172,"M",0.285693805175833,0.25,1,"MED MED MED",NA
93,10,60.0846889086763,92,0,0.501021736291325,"FISHED",0.280111319385469,0.25,1,"MED MED MED",NA
94,1,182.102622099695,98,5,5.5011782457719,"M",0.280652855103835,0.25,1,"MED MED MED",NA
94,2,184.963702199374,99,6,6.49953586429837,"FISHED",0.275159886479378,0.25,1,"MED MED MED",NA
94,3,172.392781586159,97,4,4.50026028190811,"FISHED",0.284842634596862,0.25,1,"MED MED MED",NA
94,4,200.114249726837,99,6,6.5004684727894,"M",0.275159886479378,0.25,1,"MED MED MED",NA
94,5,62.2713830799403,93,0,0.499411541225708,"FISHED",0.296607935032807,0.25,1,"MED MED MED",NA
94,6,141.12185384542,96,3,3.49844105866981,"M",0.268921614345163,0.25,1,"MED MED MED",NA
94,7,60.858445668953,93,0,0.500730884690657,"FISHED",0.296607935032807,0.25,1,"MED MED MED",NA
94,8,61.1281560919014,93,0,0.500734539893987,"FISHED",0.296607935032807,0.25,1,"MED MED MED",NA
94,9,63.3004169111424,93,0,0.499688221059923,"FISHED",0.296607935032807,0.25,1,"MED MED MED",NA
95,1,63.4268595130559,94,0,0.500038518882538,"M",0.205767295765691,0.25,1,"MED MED MED",NA
95,2,62.8234176870246,94,0,0.500326528413117,"M",0.205767295765691,0.25,1,"MED MED MED",NA
95,3,63.6563878882954,94,0,0.498976064535925,"M",0.205767295765691,0.25,1,"MED MED MED",NA
95,4,151.896752583136,97,3,3.4998947437476,"M",0.284842634596862,0.25,1,"MED MED MED",NA
95,5,62.6943748649436,94,0,0.499321675567874,"FISHED",0.205767295765691,0.25,1,"MED MED MED",NA
95,6,92.1701068740806,95,1,1.50051303350778,"M",0.285693805175833,0.25,1,"MED MED MED",NA
95,7,65.6303201319465,94,0,0.498973416241052,"M",0.205767295765691,0.25,1,"MED MED MED",NA
95,8,138.340261127404,97,3,3.4986859144075,"M",0.284842634596862,0.25,1,"MED MED MED",NA
96,1,175.494737129889,100,5,5.49975458471027,"M",0.230083832563832,0.25,1,"MED MED MED",NA
96,2,132.321299035232,97,2,2.49956049112628,"M",0.284842634596862,0.25,1,"MED MED MED",NA
96,3,64.2697297781028,95,0,0.501274661860958,"M",0.285693805175833,0.25,1,"MED MED MED",NA
96,4,132.453892457201,97,2,2.49790176071187,"FISHED",0.284842634596862,0.25,1,"MED MED MED",NA
96,5,65.2554010133172,95,0,0.501659555374183,"FISHED",0.285693805175833,0.25,1,"MED MED MED",NA
96,6,64.7404063713232,95,0,0.499290530626764,"FISHED",0.285693805175833,0.25,1,"MED MED MED",NA
96,7,149.444688099957,98,3,3.49884289526385,"FISHED",0.280652855103835,0.25,1,"MED MED MED",NA
96,8,61.3798199728442,95,0,0.498286148814726,"M",0.285693805175833,0.25,1,"MED MED MED",NA
96,9,62.6147400410164,95,0,0.499452618531487,"FISHED",0.285693805175833,0.25,1,"MED MED MED",NA
97,1,94.2730252428024,97,1,1.49938328204402,"M",0.284842634596862,0.25,1,"MED MED MED",NA
97,2,94.1745748812326,97,1,1.49780975843394,"M",0.284842634596862,0.25,1,"MED MED MED",NA
97,3,125.152724335466,98,2,2.4990955746735,"M",0.280652855103835,0.25,1,"MED MED MED",NA
97,4,64.7064143640122,96,0,0.498586932844027,"M",0.268921614345163,0.25,1,"MED MED MED",NA
97,5,61.3088153657817,96,0,0.500150304235991,"FISHED",0.268921614345163,0.25,1,"MED MED MED",NA
97,6,93.7102767716368,97,1,1.5039675375611,"FISHED",0.284842634596862,0.25,1,"MED MED MED",NA
97,7,62.301548030642,96,0,0.500157882377874,"M",0.268921614345163,0.25,1,"MED MED MED",NA
97,8,61.9405126031284,96,0,0.49993362960918,"M",0.268921614345163,0.25,1,"MED MED MED",NA
97,9,63.9212907266544,96,0,0.499299866936224,"M",0.268921614345163,0.25,1,"MED MED MED",NA
98,1,61.0773779366418,97,0,0.500211290969226,"M",0.284842634596862,0.25,1,"MED MED MED",NA
98,2,98.6445835036715,98,1,1.5004483209731,"FISHED",0.280652855103835,0.25,1,"MED MED MED",NA
98,3,63.0338775351471,97,0,0.500408910323044,"M",0.284842634596862,0.25,1,"MED MED MED",NA
98,4,60.3858962598023,97,0,0.498450225392684,"FISHED",0.284842634596862,0.25,1,"MED MED MED",NA
98,5,94.2910442968274,98,1,1.49986308772939,"M",0.280652855103835,0.25,1,"MED MED MED",NA
98,6,129.220327741945,99,2,2.4989751147699,"M",0.275159886479378,0.25,1,"MED MED MED",NA
98,7,100.490977170577,98,1,1.49928946373218,"FISHED",0.280652855103835,0.25,1,"MED MED MED",NA
98,8,64.3256401996872,97,0,0.499974632911238,"FISHED",0.284842634596862,0.25,1,"MED MED MED",NA
98,9,63.7448915716243,97,0,0.499722369923958,"M",0.284842634596862,0.25,1,"MED MED MED",NA
99,1,59.7137513377844,98,0,0.500470488872281,"M",0.280652855103835,0.25,1,"MED MED MED",NA
99,2,99.5755643524227,99,1,1.50113234167203,"FISHED",0.275159886479378,0.25,1,"MED MED MED",NA
99,3,96.2220582244493,99,1,1.4994185469313,"FISHED",0.275159886479378,0.25,1,"MED MED MED",NA
99,4,61.8953238472979,98,0,0.500800428649257,"FISHED",0.280652855103835,0.25,1,"MED MED MED",NA
99,5,62.7974782197426,98,0,0.499213811803754,"FISHED",0.280652855103835,0.25,1,"MED MED MED",NA
99,6,60.8918996496469,98,0,0.501373348603219,"M",0.280652855103835,0.25,1,"MED MED MED",NA
99,7,61.8721484760257,98,0,0.500638416856821,"M",0.280652855103835,0.25,1,"MED MED MED",NA
99,8,60.288819827393,98,0,0.498630340431038,"FISHED",0.280652855103835,0.25,1,"MED MED MED",NA
99,9,97.0371510163844,99,1,1.50170170168882,"M",0.275159886479378,0.25,1,"MED MED MED",NA
99,10,98.9353834048847,99,1,1.50071852336756,"M",0.275159886479378,0.25,1,"MED MED MED",NA
99,11,60.1059957801617,98,0,0.500857065622189,"M",0.280652855103835,0.25,1,"MED MED MED",NA
100,1,62.6261117761638,99,0,0.499883409708651,"M",0.275159886479378,0.25,1,"MED MED MED",NA
100,2,62.8780315651233,99,0,0.501534904470598,"FISHED",0.275159886479378,0.25,1,"MED MED MED",NA
100,3,58.1170777314695,99,0,0.499775863150949,"FISHED",0.275159886479378,0.25,1,"MED MED MED",NA
100,4,97.819089825377,100,1,1.4974065103081,"FISHED",0.230083832563832,0.25,1,"MED MED MED",NA
100,5,61.0205392636539,99,0,0.4999422148629,"M",0.275159886479378,0.25,1,"MED MED MED",NA
100,6,63.4541005178815,99,0,0.499210320379094,"M",0.275159886479378,0.25,1,"MED MED MED",NA
100,7,102.131112003444,100,1,1.49931438104294,"FISHED",0.230083832563832,0.25,1,"MED MED MED",NA
100,8,64.4832962607239,99,0,0.4990094320281,"M",0.275159886479378,0.25,1,"MED MED MED",NA
100,9,62.8149341968294,99,0,0.499510189771169,"M",0.275159886479378,0.25,1,"MED MED MED",NA
100,10,63.7692269051419,99,0,0.502108683395905,"FISHED",0.275159886479378,0.25,1,"MED MED MED",NA
