"cohort","uni_ind","ind","fish_size","Year","Age","AgeE","FMORT","M","Sel","FSIM","REG"
1,3,3,130.370454647004,2,2,2.50069618764396,0,0.25,0.155981461652765,"MED MED","R1"
1,6,6,126.5304011007,2,2,2.49862859309847,0,0.25,0.111221230590358,"MED MED","R1"
1,3,3,153.409267046472,3,3,3.49878683541549,0,0.25,0.657179031858291,"MED MED","R1"
2,19,9,144.178004847659,3,2,2.49967334611057,0,0.25,0.428855090927272,"MED MED","R1"
1,3,3,171.522582721681,4,4,4.50096572196188,0,0.25,0.923426217788026,"MED MED","R1"
2,12,2,140.677331007714,4,3,3.50012404341277,0,0.25,0.344804602293705,"MED MED","R1"
2,16,6,142.16443719502,4,3,3.4992485781323,0,0.25,0.379665983606166,"MED MED","R1"
2,18,8,153.394832099963,4,3,3.50006247102991,0,0.25,0.656848760590019,"MED MED","R1"
2,19,9,173.060925865326,4,3,3.5007657982158,0,0.25,0.933765743097466,"MED MED","R1"
2,21,11,148.12319028122,4,3,3.50080581929857,0,0.25,0.528479187198233,"MED MED","R1"
1,3,3,185.763429821828,5,5,5.50016018697844,0,0.25,0.980842981403376,"MED MED","R1"
2,12,2,155.419921499688,5,4,4.49974743571025,0,0.25,0.701592899529484,"MED MED","R1"
2,16,6,157.284275085068,5,4,4.49929967318947,0,0.25,0.739657065205456,"MED MED","R1"
2,18,8,171.504147473806,5,4,4.50059171102412,0,0.25,0.923293759220281,"MED MED","R1"
2,19,9,196.984897153683,5,4,4.49897275376045,0,0.25,0.993788274727686,"MED MED","R1"
2,20,10,156.026770409563,5,4,4.5005976109938,0,0.25,0.714330352767137,"MED MED","R1"
2,21,11,164.798527396665,5,4,4.49759102609259,0,0.25,0.859014266053531,"MED MED","R1"
3,31,9,142.573566990638,5,3,3.500324561137,0,0.25,0.389497183650782,"MED MED","R1"
3,33,11,140.670037383858,5,3,3.50093134136388,0,0.25,0.344637323115904,"MED MED","R1"
4,43,7,131.419210119214,5,2,2.50001098049283,0,0.25,0.170518833041727,"MED MED","R1"
1,2,2,155.469015436118,6,6,6.50088045153772,0,0.25,0.70263543218609,"MED MED","R1"
2,12,2,166.573439794196,6,5,5.50115696111717,0,0.25,0.879461215382491,"MED MED","R1"
2,16,6,168.777220407082,6,5,5.50035550037562,0,0.25,0.901241251307371,"MED MED","R1"
2,18,8,185.741261239838,6,5,5.49968775917809,0,0.25,0.980800642462445,"MED MED","R1"
2,19,9,216.801327834501,6,5,5.49961974972796,0,0.25,0.999164875979706,"MED MED","R1"
2,21,11,177.707657074421,6,5,5.4977343060814,0,0.25,0.957621906471329,"MED MED","R1"
3,28,6,160.515016882285,6,4,4.50000567637776,0,0.25,0.797737269835294,"MED MED","R1"
3,34,12,160.601476849673,6,4,4.50228490460167,0,0.25,0.799149999181591,"MED MED","R1"
4,38,2,149.390120684932,6,3,3.50119124918138,0,0.25,0.560372666175991,"MED MED","R1"
4,41,5,146.92465168303,6,3,3.50077005317283,0,0.25,0.498087435866835,"MED MED","R1"
4,43,7,154.881008097968,6,3,3.50058531556399,0,0.25,0.69001244836684,"MED MED","R1"
5,50,2,122.680417814432,6,2,2.49922721971449,0,0.25,0.0780439787165822,"MED MED","R1"
6,70,10,98.1268476001063,6,1,1.499316679357,0,0.25,0.0069488402190457,"MED MED","R1"
2,16,6,177.513279162165,7,6,6.501149477062,0,0.25,0.9568137175881,"MED MED","R1"
2,18,8,196.934142041932,7,6,6.50024354822265,0,0.25,0.993756381680023,"MED MED","R1"
2,20,10,175.824786258758,7,6,6.4996475405066,0,0.25,0.949148184581612,"MED MED","R1"
2,21,11,187.701195908654,7,6,6.50092120052766,0,0.25,0.984210416041706,"MED MED","R1"
3,33,11,166.562655806581,7,5,5.49994591698338,0,0.25,0.879345095155524,"MED MED","R1"
4,37,1,177.761508406948,7,4,4.50068585163121,0,0.25,0.957843241486168,"MED MED","R1"
4,39,3,168.264403475735,7,4,4.49892529017482,0,0.25,0.896509165575933,"MED MED","R1"
4,41,5,163.28150740789,7,4,4.49879492317336,0,0.25,0.839309607738043,"MED MED","R1"
4,43,7,173.404281824653,7,4,4.50056893905243,0,0.25,0.935889516906908,"MED MED","R1"
4,48,12,175.690109412257,7,4,4.49993181589258,0,0.25,0.948484125537707,"MED MED","R1"
5,55,7,139.402625355213,7,3,3.49907449239517,0,0.25,0.316180764236177,"MED MED","R1"
2,16,6,184.153763427419,8,7,7.49904061628945,0,0.25,0.977518181469753,"MED MED","R1"
3,33,11,174.999413438895,8,6,6.49878471473437,0,0.25,0.944947757539918,"MED MED","R1"
4,37,1,193.291459957258,8,5,5.50078384347472,0,0.25,0.990987434085493,"MED MED","R1"
4,43,7,188.028551876948,8,5,5.49871858691976,0,0.25,0.984718704578649,"MED MED","R1"
4,48,12,190.786410661343,8,5,5.50007650958055,0,0.25,0.9884075194745,"MED MED","R1"
5,49,1,170.284398531569,8,4,4.49909331103417,0,0.25,0.914050064756676,"MED MED","R1"
5,54,6,160.049573492194,8,4,4.50002934231983,0,0.25,0.790004781451743,"MED MED","R1"
5,60,12,137.23989342145,8,4,4.50022621798986,0,0.25,0.270721151695326,"MED MED","R1"
6,63,3,124.873890407485,8,3,3.49987405373308,0,0.25,0.095650365191144,"MED MED","R1"
6,65,5,156.039027943887,8,3,3.49964554285463,0,0.25,0.714584248262745,"MED MED","R1"
6,67,7,155.198618499672,8,3,3.49883501793081,0,0.25,0.696867489191654,"MED MED","R1"
6,70,10,146.694094190773,8,3,3.50052647852113,0,0.25,0.492235788047857,"MED MED","R1"
7,76,5,132.247104828378,8,2,2.50074832332604,0,0.25,0.182739457310443,"MED MED","R1"
2,16,6,189.20135210709,9,8,8.50096523086927,0,0.25,0.986410882010707,"MED MED","R1"
2,20,10,187.191550323375,9,8,8.49937349906423,0,0.25,0.983385799017099,"MED MED","R1"
3,33,11,181.382100515132,9,7,7.49934024425626,0,0.25,0.970427632747003,"MED MED","R1"
4,37,1,205.669207532013,9,6,6.50188861088845,0,0.25,0.997418562760868,"MED MED","R1"
4,43,7,199.574527913265,9,6,6.49900742900991,0,0.25,0.995217590377242,"MED MED","R1"
4,48,12,202.764904281696,9,6,6.49921123397966,0,0.25,0.996536283394012,"MED MED","R1"
5,49,1,184.275499279646,9,5,5.50062508218843,0,0.25,0.977788215248455,"MED MED","R1"
5,51,3,170.304891358195,9,5,5.5009626087255,0,0.25,0.914213387934035,"MED MED","R1"
5,54,6,172.054752942158,9,5,5.49946680962188,0,0.25,0.927160524446523,"MED MED","R1"
6,65,5,174.88778819095,9,4,4.49974481372266,0,0.25,0.944355186040053,"MED MED","R1"
6,70,10,162.990007615291,9,4,4.50077730637257,0,0.25,0.835277739650961,"MED MED","R1"
7,81,10,146.038886596296,9,3,3.50102576533628,0,0.25,0.475623308687077,"MED MED","R1"
8,87,3,128.212747522977,9,2,2.50011726025747,0,0.25,0.129260350463608,"MED MED","R1"
8,88,4,126.562291311787,9,2,2.50005746136432,0,0.25,0.111541702513394,"MED MED","R1"
8,94,10,125.02087489568,9,2,2.50150041004968,0,0.25,0.0969490973533846,"MED MED","R1"
8,96,12,125.558278553526,9,2,2.50016226670162,0,0.25,0.101832343631045,"MED MED","R1"
2,16,6,193.038143289993,10,9,9.50044207927488,0,0.25,0.990754796475675,"MED MED","R1"
3,33,11,186.210815062665,10,8,8.49783391201698,0,0.25,0.981678116750388,"MED MED","R1"
4,37,1,215.534572180963,10,7,7.49982720037068,0,0.25,0.999050360595761,"MED MED","R1"
4,48,12,212.269504583808,10,7,7.49941457377495,0,0.25,0.99867757928357,"MED MED","R1"
5,49,1,195.244800939461,10,6,6.50018899323529,0,0.25,0.992596779380069,"MED MED","R1"
5,51,3,179.250335252781,10,6,6.50224766627681,0,0.25,0.963541932683815,"MED MED","R1"
6,61,1,164.365521539182,10,5,5.4977485822775,0,0.25,0.8536053246282,"MED MED","R1"
6,65,5,189.817627399025,10,5,5.49978893682594,0,0.25,0.987224592816568,"MED MED","R1"
6,70,10,175.5512919065,10,5,5.50071905277492,0,0.25,0.947791072203188,"MED MED","R1"
7,75,4,158.779458336926,10,4,4.50015705192945,0,0.25,0.767811803949017,"MED MED","R1"
7,82,11,157.193479928096,10,4,4.49867496042188,0,0.25,0.737877962899756,"MED MED","R1"
7,84,13,155.333881653385,10,4,4.49980149333968,0,0.25,0.699760748547596,"MED MED","R1"
8,88,4,148.094603904654,10,3,3.50060820603774,0,0.25,0.527755871282445,"MED MED","R1"
9,104,7,136.523080679887,10,2,2.49918718700965,0,0.25,0.256594137487011,"MED MED","R1"
9,108,11,130.636300342259,10,2,2.49999563603725,0,0.25,0.159568071462165,"MED MED","R1"
2,16,6,195.954578743717,11,10,10.4999968194219,0,0.25,0.99310797756384,"MED MED","R1"
3,33,11,189.863897832203,11,9,9.4985529620606,0,0.25,0.987283708824777,"MED MED","R1"
4,37,1,223.397506779441,11,8,8.50108300500501,0,0.25,0.999572368324842,"MED MED","R1"
5,49,1,203.844951926192,11,7,7.50120106417652,0,0.25,0.99689491161674,"MED MED","R1"
5,51,3,186.071892187139,11,7,7.49986754582805,0,0.25,0.981422687265147,"MED MED","R1"
6,61,1,172.510304771688,11,6,6.50012939300485,0,0.25,0.930223131263566,"MED MED","R1"
6,65,5,201.643344096423,11,6,6.49947831397033,0,0.25,0.996120139605936,"MED MED","R1"
6,70,10,185.233833715243,11,6,6.49823457746123,0,0.25,0.979806059704685,"MED MED","R1"
7,75,4,170.548067630335,11,5,5.49997636118333,0,0.25,0.916130078583542,"MED MED","R1"
7,84,13,166.471850964671,11,5,5.49977221591515,0,0.25,0.878363491017631,"MED MED","R1"
8,87,3,167.678263633617,11,4,4.50177124774281,0,0.25,0.890855864350693,"MED MED","R1"
8,88,4,164.762312217417,11,4,4.50006026162719,0,0.25,0.858568359406275,"MED MED","R1"
8,89,5,171.174131633403,11,4,4.49998383950952,0,0.25,0.920886778474103,"MED MED","R1"
8,90,6,171.425112280461,11,4,4.50062384382012,0,0.25,0.922723501657186,"MED MED","R1"
8,93,9,160.38456829092,11,4,4.50071502911648,0,0.25,0.7955917658007,"MED MED","R1"
8,94,10,162.058283139524,11,4,4.49948225557383,0,0.25,0.821845797929894,"MED MED","R1"
9,98,1,149.866007487789,11,3,3.5013698966807,0,0.25,0.572239110008418,"MED MED","R1"
10,113,4,120.824488077551,11,2,2.49890176373902,0,0.25,0.0655183345777491,"MED MED","R1"
2,16,6,198.171430104729,12,11,11.5003242397695,0,0.25,0.994489405946205,"MED MED","R1"
3,33,11,192.627576154815,12,10,10.5001525733296,0,0.25,0.990365048437834,"MED MED","R1"
4,37,1,229.664456121909,12,9,9.50059122087986,0,0.25,0.999773631249603,"MED MED","R1"
6,61,1,178.642708717804,12,7,7.50028287882244,0,0.25,0.961311625763413,"MED MED","R1"
6,65,5,211.010328794524,12,7,7.49979833055356,0,0.25,0.998497499512857,"MED MED","R1"
7,75,4,179.527060837259,12,6,6.50049380518753,0,0.25,0.964516182245556,"MED MED","R1"
7,84,13,174.896443395586,12,6,6.50047012270747,0,0.25,0.94440134673962,"MED MED","R1"
8,87,3,181.15034798466,12,5,5.50134529852775,0,0.25,0.969744834828003,"MED MED","R1"
8,88,4,177.664433120648,12,5,5.4991791621764,0,0.25,0.957443448100129,"MED MED","R1"
8,89,5,185.344489691112,12,5,5.50022203723909,0,0.25,0.980027166054272,"MED MED","R1"
8,90,6,185.646225668977,12,5,5.50048185561064,0,0.25,0.980618095619279,"MED MED","R1"
8,93,9,172.452510135832,12,5,5.50105372497756,0,0.25,0.929841286144951,"MED MED","R1"
8,94,10,174.442086958799,12,5,5.49979931269865,0,0.25,0.941928828360502,"MED MED","R1"
8,97,13,170.622050867452,12,5,5.50130031689439,0,0.25,0.916705444079757,"MED MED","R1"
10,112,3,139.182377905041,12,3,3.50022225835996,0,0.25,0.311365804855909,"MED MED","R1"
10,115,6,139.243329157077,12,3,3.4988087321994,0,0.25,0.312694277393858,"MED MED","R1"
10,117,8,130.085218226668,12,3,3.50058360025243,0,0.25,0.152206617903109,"MED MED","R1"
10,118,9,143.022538916454,12,3,3.4999165522585,0,0.25,0.400389828872763,"MED MED","R1"
10,119,10,153.788199837754,12,3,3.49944998948715,0,0.25,0.665793851321902,"MED MED","R1"
11,127,7,134.331663744172,12,2,2.49987148818847,0,0.25,0.216488838956139,"MED MED","R1"
2,16,6,199.856511099936,13,12,12.501176786276,0,0.25,0.995351943891455,"MED MED","R1"
3,33,11,194.718390503332,13,11,11.4997633916215,0,0.25,0.99219350202651,"MED MED","R1"
6,65,5,218.429786285312,13,8,8.49947302623408,0,0.25,0.999292055105175,"MED MED","R1"
7,75,4,186.377684984937,13,7,7.50089429223951,0,0.25,0.981980377446996,"MED MED","R1"
7,84,13,181.268678373386,13,7,7.50084687887875,0,0.25,0.970095351378466,"MED MED","R1"
8,87,3,191.650022929648,13,6,6.50262211335847,0,0.25,0.989370366486688,"MED MED","R1"
8,88,4,187.651692357368,13,6,6.50097005789198,0,0.25,0.984132116919471,"MED MED","R1"
8,89,5,196.476640977604,13,6,6.49928420148381,0,0.25,0.993461457876281,"MED MED","R1"
8,90,6,196.824546346978,13,6,6.50014693454897,0,0.25,0.993686958813692,"MED MED","R1"
8,93,9,181.69632148462,13,6,6.50117700428554,0,0.25,0.971329584010073,"MED MED","R1"
10,111,2,165.663061160067,13,4,4.50041151161577,0,0.25,0.86931378367844,"MED MED","R1"
10,112,3,153.550178813858,13,4,4.50103219812445,0,0.25,0.6603950609705,"MED MED","R1"
10,114,5,162.514761608529,13,4,4.49957747883018,0,0.25,0.828530842087138,"MED MED","R1"
10,115,6,153.626323278884,13,4,4.50098682761145,0,0.25,0.662126791635701,"MED MED","R1"
10,118,9,158.36205966985,13,4,4.4996890363085,0,0.25,0.760170946292076,"MED MED","R1"
10,119,10,172.00667097502,13,4,4.50140753505269,0,0.25,0.92683014405347,"MED MED","R1"
11,121,1,152.899796709846,13,3,3.50018176228966,0,0.25,0.645432155653675,"MED MED","R1"
11,124,4,152.656442777514,13,3,3.50002686244947,0,0.25,0.639757570766708,"MED MED","R1"
11,128,8,142.31725716778,13,3,3.49953520125845,0,0.25,0.383327111271937,"MED MED","R1"
11,133,13,148.677709904686,13,3,3.50124983824869,0,0.25,0.542482794292615,"MED MED","R1"
3,33,11,196.300160930159,14,12,12.4982020289937,0,0.25,0.993344028289378,"MED MED","R1"
6,65,5,224.306634730337,14,9,9.50099286434875,0,0.25,0.999610059549532,"MED MED","R1"
7,75,4,191.604445951472,14,8,8.4989060835565,0,0.25,0.989321589933134,"MED MED","R1"
7,84,13,186.088541048675,14,8,8.50025660796673,0,0.25,0.981453481874593,"MED MED","R1"
8,87,3,199.833105151952,14,7,7.50029270832167,0,0.25,0.995340936354089,"MED MED","R1"
8,88,4,195.382618753855,14,7,7.50052043268931,0,0.25,0.992698899933423,"MED MED","R1"
8,89,5,205.221994606686,14,7,7.50077082587746,0,0.25,0.997298970500797,"MED MED","R1"
8,90,6,205.611119505246,14,7,7.50079450321237,0,0.25,0.997403332585855,"MED MED","R1"
8,93,9,188.776903190274,14,7,7.50112680066511,0,0.25,0.985820937816547,"MED MED","R1"
10,111,2,178.740028805524,14,5,5.50009014041771,0,0.25,0.961677450500946,"MED MED","R1"
10,112,3,164.368104376802,14,5,5.49882769685171,0,0.25,0.853638092164381,"MED MED","R1"
10,117,8,151.166500155646,14,5,5.5008096476084,0,0.25,0.604209191500796,"MED MED","R1"
10,118,9,170.053405939564,14,5,5.49954304602655,0,0.25,0.912189537613256,"MED MED","R1"
10,119,10,186.345711792632,14,5,5.5030677696333,0,0.25,0.981922844220143,"MED MED","R1"
11,121,1,170.872167443887,14,4,4.49929912985881,0,0.25,0.918624107174503,"MED MED","R1"
11,124,4,170.561666024439,14,4,4.50072990452231,0,0.25,0.916236103037629,"MED MED","R1"
11,128,8,157.476111565171,14,4,4.49921391264115,0,0.25,0.74339021787332,"MED MED","R1"
11,133,13,165.501346377785,14,4,4.50059468211055,0,0.25,0.867437094557215,"MED MED","R1"
12,137,4,163.653923124859,14,3,3.49823278525091,0,0.25,0.844344115317934,"MED MED","R1"
12,138,5,146.097904982118,14,3,3.49900426734636,0,0.25,0.477118031075325,"MED MED","R1"
12,144,11,142.746227821499,14,3,3.49998267550956,0,0.25,0.393673769017729,"MED MED","R1"
3,33,11,197.496822740403,15,13,13.5004567727093,0,0.25,0.99410103845753,"MED MED","R1"
6,65,5,228.961604138636,15,10,10.4989318991503,0,0.25,0.999756890782334,"MED MED","R1"
7,75,4,195.592262187247,15,9,9.50071036442616,0,0.25,0.992851566711604,"MED MED","R1"
7,84,13,189.734212667751,15,9,9.49927540705643,0,0.25,0.987117334438029,"MED MED","R1"
8,89,5,212.092293808465,15,8,8.50004027128441,0,0.25,0.998653602434376,"MED MED","R1"
8,90,6,212.517690723723,15,8,8.49931456128733,0,0.25,0.998710444078978,"MED MED","R1"
8,93,9,194.200492594986,15,8,8.49931173624854,0,0.25,0.991775491983613,"MED MED","R1"
10,111,2,188.884105515948,15,6,6.49899471570968,0,0.25,0.985972279856324,"MED MED","R1"
10,112,3,172.513227922715,15,6,6.50019606844295,0,0.25,0.930242393156828,"MED MED","R1"
10,117,8,157.662883270182,15,6,6.49925932097204,0,0.25,0.746990967005116,"MED MED","R1"
10,118,9,178.964217417693,15,6,6.49893162527393,0,0.25,0.962507575020182,"MED MED","R1"
10,119,10,197.631405856638,15,6,6.50027539347796,0,0.25,0.994180630960803,"MED MED","R1"
11,121,1,184.9815703124,15,5,5.50135019229394,0,0.25,0.97929300205002,"MED MED","R1"
11,124,4,184.608516247661,15,5,5.49863903451833,0,0.25,0.978510816174411,"MED MED","R1"
11,128,8,169.004254049879,15,5,5.49964047953321,0,0.25,0.903274048189477,"MED MED","R1"
11,133,13,178.546842844751,15,5,5.5002826989036,0,0.25,0.960947991941192,"MED MED","R1"
12,137,4,184.706365023608,15,4,4.50013209773887,0,0.25,0.978718729461933,"MED MED","R1"
12,138,5,162.236713645926,15,4,4.49897773347879,0,0.25,0.824482878367137,"MED MED","R1"
12,140,7,164.188304914164,15,4,4.4998615374616,0,0.25,0.851342496059823,"MED MED","R1"
12,144,11,158.014850604478,15,4,4.50086591061049,0,0.25,0.753685125771093,"MED MED","R1"
13,149,5,152.711276134884,15,3,3.50119353169256,0,0.25,0.641039667486933,"MED MED","R1"
13,155,11,166.451910341961,15,3,3.49783856327727,0,0.25,0.878147012818179,"MED MED","R1"
14,156,1,143.09198086375,15,2,2.50074741677458,0,0.25,0.402083705580241,"MED MED","R1"
14,165,10,124.939197779313,15,2,2.50023731269868,0,0.25,0.0962254794715117,"MED MED","R1"
6,65,5,232.648740261833,16,11,11.5002664337191,0,0.25,0.999832794596721,"MED MED","R1"
7,75,4,198.634811565748,16,10,10.5002265235313,0,0.25,0.99474133337909,"MED MED","R1"
8,93,9,198.354857766341,16,9,9.50019615466197,0,0.25,0.994590534615028,"MED MED","R1"
10,111,2,196.753077520533,16,7,7.49947480394237,0,0.25,0.993641274603894,"MED MED","R1"
10,112,3,178.645922882776,16,7,7.50086016200756,0,0.25,0.961323761105384,"MED MED","R1"
10,117,8,162.406454056057,16,7,7.50103281061235,0,0.25,0.826962916495782,"MED MED","R1"
10,119,10,206.513930993878,16,7,7.50062716044351,0,0.25,0.997630232791016,"MED MED","R1"
11,121,1,196.058308726712,16,6,6.50014643802633,0,0.25,0.993179690648371,"MED MED","R1"
11,124,4,195.628429178796,16,6,6.49860845950959,0,0.25,0.992877581863846,"MED MED","R1"
11,128,8,177.771279951954,16,6,6.49975437828061,0,0.25,0.957883285000186,"MED MED","R1"
12,137,4,201.730750494702,16,5,5.49978144098447,0,0.25,0.996154287570931,"MED MED","R1"
12,140,7,176.979573171737,16,5,5.49980652746711,0,0.25,0.954518326274726,"MED MED","R1"
13,149,5,170.631619329827,16,4,4.50036141616944,0,0.25,0.91677959513338,"MED MED","R1"
13,154,10,164.549546326256,16,4,4.50076184528758,0,0.25,0.855924805596967,"MED MED","R1"
13,155,11,188.341387783323,16,4,4.50013410790984,0,0.25,0.985189380587894,"MED MED","R1"
14,156,1,171.493903605066,16,3,3.49995299577164,0,0.25,0.923220065518788,"MED MED","R1"
14,157,2,145.217607594941,16,3,3.49916726945021,0,0.25,0.45488043779076,"MED MED","R1"
14,159,4,150.877134858628,16,3,3.50208442933066,0,0.25,0.597162189313049,"MED MED","R1"
14,162,7,136.91720157988,16,3,3.50111666099246,0,0.25,0.264301380345724,"MED MED","R1"
14,165,10,145.843530870669,16,3,3.50088603526647,0,0.25,0.470678914954114,"MED MED","R1"
15,179,12,124.04607251542,16,2,2.50005773104263,0,0.25,0.0886228683040499,"MED MED","R1"
16,192,12,94.198287928152,16,1,1.50118983947289,0,0.25,0.00467386818395538,"MED MED","R1"
7,75,4,200.956158933155,17,11,11.5006605644556,0,0.25,0.995840934604662,"MED MED","R1"
8,93,9,201.537021586112,17,10,10.4988462721484,0,0.25,0.996078194087563,"MED MED","R1"
10,111,2,202.857203324839,17,8,8.50075373993559,0,0.25,0.996568480577786,"MED MED","R1"
10,112,3,183.263403177723,17,8,8.50184732080857,0,0.25,0.975443354508151,"MED MED","R1"
10,119,10,213.505016554609,17,8,8.49943101493731,0,0.25,0.998833304512272,"MED MED","R1"
11,121,1,204.754221306606,17,7,7.4993019979469,0,0.25,0.997167964354187,"MED MED","R1"
12,137,4,215.49778531481,17,6,6.49968885896089,0,0.25,0.999046810392431,"MED MED","R1"
12,140,7,186.867584915774,17,6,6.5015345498414,0,0.25,0.982839755100861,"MED MED","R1"
13,149,5,184.692550982731,17,5,5.50040287612032,0,0.25,0.978689496529838,"MED MED","R1"
13,155,11,206.17258564891,17,5,5.49911984411262,0,0.25,0.997546867536843,"MED MED","R1"
14,156,1,194.92825272374,17,4,4.49921470777024,0,0.25,0.992356823849664,"MED MED","R1"
14,157,2,161.125721691742,17,4,4.49918354804755,0,0.25,0.807557697447432,"MED MED","R1"
14,159,4,168.294875305017,17,4,4.49913786773596,0,0.25,0.89679586506504,"MED MED","R1"
14,160,5,162.036784609639,17,4,4.49985898942712,0,0.25,0.821525978555255,"MED MED","R1"
14,162,7,150.725657849066,17,4,4.49900930570675,0,0.25,0.593456963284235,"MED MED","R1"
14,163,8,146.49154333207,17,4,4.49960176415437,0,0.25,0.487096661893235,"MED MED","R1"
14,164,9,154.34415308665,17,4,4.49901821275016,0,0.25,0.678234336903386,"MED MED","R1"
14,165,10,161.915520592666,17,4,4.50049341601079,0,0.25,0.81971359560765,"MED MED","R1"
15,172,5,157.898373874194,17,3,3.49965549289693,0,0.25,0.75148309120756,"MED MED","R1"
16,182,2,135.633870973567,17,2,2.49977621090268,0,0.25,0.239753736071948,"MED MED","R1"
16,186,6,124.363576603798,17,2,2.5002761172378,0,0.25,0.0912613716094539,"MED MED","R1"
7,75,4,202.727257091247,18,12,12.5003370214078,0,0.25,0.996523064438894,"MED MED","R1"
8,93,9,203.974497869055,18,11,11.501677631535,0,0.25,0.996935361410674,"MED MED","R1"
10,111,2,207.592301100389,18,9,9.50025359029305,0,0.25,0.997875475443258,"MED MED","R1"
10,112,3,186.74003529673,18,9,9.49929234786287,0,0.25,0.982619965078189,"MED MED","R1"
10,119,10,219.007424548092,18,9,9.49902356413352,0,0.25,0.999332354330002,"MED MED","R1"
11,121,1,211.581040968561,18,8,8.50131059618508,0,0.25,0.998581968645295,"MED MED","R1"
12,137,4,226.630712730011,18,7,7.50105942269143,0,0.25,0.999691997827691,"MED MED","R1"
12,140,7,194.511297351584,18,7,7.49922798889624,0,0.25,0.992028941838918,"MED MED","R1"
13,149,5,195.725252577609,18,6,6.499248661099,0,0.25,0.992946765813719,"MED MED","R1"
13,155,11,220.69790349505,18,6,6.50034683380539,0,0.25,0.99943759369329,"MED MED","R1"
14,157,2,173.333063850085,18,5,5.49983864134924,0,0.25,0.935454288812901,"MED MED","R1"
14,161,6,169.904965665111,18,5,5.50053576954384,0,0.25,0.910974790778922,"MED MED","R1"
14,162,7,161.045818827402,18,5,5.50056632335491,0,0.25,0.806293765758632,"MED MED","R1"
14,163,8,156.086420877413,18,5,5.50131662849202,0,0.25,0.715564641906054,"MED MED","R1"
14,164,9,165.30399533171,18,5,5.50027199675369,0,0.25,0.865115968678193,"MED MED","R1"
14,165,10,174.272234030741,18,5,5.49837471734062,0,0.25,0.940978293602397,"MED MED","R1"
15,180,13,159.339082523469,18,4,4.4977563236748,0,0.25,0.777787012413154,"MED MED","R1"
16,181,1,154.404076150527,18,3,3.50005590356198,0,0.25,0.679560649849394,"MED MED","R1"
16,182,2,160.830487274901,18,3,3.49997088711216,0,0.25,0.802856209867855,"MED MED","R1"
16,193,13,157.219264404756,18,3,3.500570711118,0,0.25,0.738383997640513,"MED MED","R1"
7,75,4,204.07853640844,19,13,13.5004701824499,0,0.25,0.996967466012719,"MED MED","R1"
8,93,9,205.841557821467,19,12,12.5001558845738,0,0.25,0.997463229134599,"MED MED","R1"
10,119,10,223.338153082843,19,10,10.5014176585522,0,0.25,0.999569784610028,"MED MED","R1"
11,121,1,216.94050914038,19,9,9.49970376325991,0,0.25,0.999176584815296,"MED MED","R1"
12,137,4,235.633528111221,19,8,8.49949992240407,0,0.25,0.999876503338718,"MED MED","R1"
13,149,5,204.381898345209,19,7,7.49939087815837,0,0.25,0.997059176935476,"MED MED","R1"
14,159,4,192.49873734331,19,6,6.50012323324091,0,0.25,0.990239420947307,"MED MED","R1"
14,160,5,183.937261269677,19,6,6.50050859136859,0,0.25,0.977029992240962,"MED MED","R1"
14,161,6,178.79536541953,19,6,6.50110482325596,0,0.25,0.961883976515636,"MED MED","R1"
14,163,8,163.17591313669,19,6,6.49931129075712,0,0.25,0.837858379857764,"MED MED","R1"
14,164,9,173.57288378256,19,6,6.49888219687232,0,0.25,0.93690900390492,"MED MED","R1"
14,165,10,183.77251182035,19,6,6.50079632574725,0,0.25,0.97665157866985,"MED MED","R1"
15,180,13,171.211655383214,19,5,5.49964487464851,0,0.25,0.921163899660767,"MED MED","R1"
16,181,1,172.794043895163,19,4,4.50018249394641,0,0.25,0.93207003002566,"MED MED","R1"
16,182,2,181.053096845489,19,4,4.49985097713674,0,0.25,0.969453782014629,"MED MED","R1"
17,195,2,165.78104003207,19,3,3.49958849701052,0,0.25,0.870668639077242,"MED MED","R1"
17,202,9,140.898514969541,19,3,3.49983289883151,0,0.25,0.349895566566245,"MED MED","R1"
17,205,12,140.638425858664,19,3,3.49970935072922,0,0.25,0.343912758463151,"MED MED","R1"
7,75,4,205.109510205533,20,14,14.5001682835543,0,0.25,0.997268030491287,"MED MED","R1"
8,93,9,207.271689835588,20,13,13.5004146265158,0,0.25,0.997805333344205,"MED MED","R1"
10,119,10,226.746698880233,20,11,11.499369738647,0,0.25,0.999695602597717,"MED MED","R1"
11,121,1,221.148017249142,20,10,10.4987400663931,0,0.25,0.999462704319353,"MED MED","R1"
12,137,4,242.913795175343,20,9,9.49923598508176,0,0.25,0.999941026050156,"MED MED","R1"
13,149,5,211.174207128446,20,8,8.49875049023516,0,0.25,0.998522256077392,"MED MED","R1"
14,159,4,200.779390344582,20,7,7.50028644376771,0,0.25,0.995765933821469,"MED MED","R1"
14,160,5,191.259296077512,20,7,7.50020250005851,0,0.25,0.988944953005503,"MED MED","R1"
14,163,8,168.414218707223,20,7,7.49975192340025,0,0.25,0.897911970621902,"MED MED","R1"
14,164,9,179.811524328998,20,7,7.49933398616,0,0.25,0.965491516084185,"MED MED","R1"
14,165,10,191.076660980404,20,7,7.49975016851968,0,0.25,0.988740372368606,"MED MED","R1"
15,180,13,180.282504767531,20,6,6.49790527257931,0,0.25,0.967049774880194,"MED MED","R1"
16,181,1,187.293458002374,20,5,5.49974283968538,0,0.25,0.983554006097436,"MED MED","R1"
17,202,9,155.696936225015,20,4,4.50062817115275,0,0.25,0.707447776778383,"MED MED","R1"
17,205,12,155.371206094555,20,4,4.49877544277675,0,0.25,0.700556332026906,"MED MED","R1"
18,211,3,158.269491883039,20,3,3.5001635912702,0,0.25,0.758453284893131,"MED MED","R1"
18,214,6,135.2615185172,20,3,3.49843577549179,0,0.25,0.232930739105837,"MED MED","R1"
18,215,7,142.635561571633,20,3,3.50042632095713,0,0.25,0.390994974003895,"MED MED","R1"
18,216,8,143.435065855691,20,3,3.50038916076704,0,0.25,0.410486097249655,"MED MED","R1"
18,218,10,158.595460734674,20,3,3.49968071610116,0,0.25,0.764464637878805,"MED MED","R1"
19,227,7,132.253828859106,20,2,2.49904763567349,0,0.25,0.182841438757996,"MED MED","R1"
19,230,10,126.14337789229,20,2,2.49981537782562,0,0.25,0.107395774154206,"MED MED","R1"
8,93,9,208.367143452476,21,14,14.5025357028793,0,0.25,0.998035893961754,"MED MED","R1"
11,121,1,224.451166725501,21,11,11.4981115385606,0,0.25,0.999615737835539,"MED MED","R1"
12,137,4,248.801096678334,21,10,10.4998710161868,0,0.25,0.999967560700701,"MED MED","R1"
13,149,5,216.503691532151,21,9,9.49861016768684,0,0.25,0.99913927561679,"MED MED","R1"
14,159,4,207.242212074144,21,8,8.49750562362056,0,0.25,0.997798769463762,"MED MED","R1"
14,160,5,196.890382961981,21,8,8.49971555193376,0,0.25,0.993728754148696,"MED MED","R1"
14,164,9,184.518400724659,21,8,8.50073632089949,0,0.25,0.978317578287082,"MED MED","R1"
16,181,1,198.725398089038,21,6,6.50051518234711,0,0.25,0.994789227167529,"MED MED","R1"
17,202,9,166.900585530582,21,5,5.49979653894689,0,0.25,0.882938259460744,"MED MED","R1"
17,205,12,166.515919364839,21,5,5.49881983829665,0,0.25,0.878840728705485,"MED MED","R1"
18,210,2,162.353027848053,21,4,4.49987747520806,0,0.25,0.826185320496555,"MED MED","R1"
18,212,4,168.067716625143,21,4,4.50273114975882,0,0.25,0.894641605711609,"MED MED","R1"
18,214,6,148.667678665692,21,4,4.5003825526841,0,0.25,0.542229997655865,"MED MED","R1"
18,217,9,158.876272706153,21,4,4.49971592315149,0,0.25,0.769559613152012,"MED MED","R1"
18,218,10,178.17181032408,21,4,4.49769428172647,0,0.25,0.959493692820947,"MED MED","R1"
19,230,10,147.512800654753,21,3,3.50036873915947,0,0.25,0.513013527872545,"MED MED","R1"
11,121,1,227.04433973459,22,12,12.4986457113943,0,0.25,0.999704661259775,"MED MED","R1"
12,137,4,253.561954855903,22,11,11.5005218673393,0,0.25,0.999979994608576,"MED MED","R1"
13,149,5,220.685392470047,22,10,10.5007960187681,0,0.25,0.999436879231724,"MED MED","R1"
14,159,4,212.286266534788,22,9,9.49965245789691,0,0.25,0.99867982500323,"MED MED","R1"
14,160,5,201.221028790993,22,9,9.50129811011258,0,0.25,0.995950846356093,"MED MED","R1"
14,164,9,188.069604747253,22,9,9.49893433051332,0,0.25,0.984781300099115,"MED MED","R1"
16,181,1,207.738814298738,22,7,7.50029109457236,0,0.25,0.997906779945041,"MED MED","R1"
17,202,9,175.382690181825,22,6,6.49965600112365,0,0.25,0.946937470653333,"MED MED","R1"
17,205,12,174.946414620192,22,6,6.49826183149695,0,0.25,0.944667153710658,"MED MED","R1"
18,210,2,174.792849309372,22,5,5.5018264178766,0,0.25,0.943846476866158,"MED MED","R1"
18,212,4,181.616786394796,22,5,5.49983210639006,0,0.25,0.971103839223256,"MED MED","R1"
18,214,6,158.632173708023,22,5,5.50078015715943,0,0.25,0.765135153990293,"MED MED","R1"
18,215,7,169.477474403438,22,5,5.50123852296926,0,0.25,0.907391363132863,"MED MED","R1"
18,216,8,170.668106319844,22,5,5.50043359243542,0,0.25,0.917061801514147,"MED MED","R1"
18,217,9,170.662836968984,22,5,5.50141643869039,0,0.25,0.917021099885748,"MED MED","R1"
19,223,3,146.409965536821,22,4,4.5005508703801,0,0.25,0.485027577011123,"MED MED","R1"
19,227,7,174.90792361642,22,4,4.49943484104632,0,0.25,0.944462518463115,"MED MED","R1"
19,230,10,164.025590983772,22,4,4.5024628422699,0,0.25,0.849239498889347,"MED MED","R1"
20,240,9,143.31860226736,22,3,3.50004191255459,0,0.25,0.407627699080793,"MED MED","R1"
21,253,11,128.918493028586,22,2,2.50037210432837,0,0.25,0.137541847653718,"MED MED","R1"
13,149,5,223.966502125203,23,11,11.500640051051,0,0.25,0.999596363464962,"MED MED","R1"
14,160,5,204.551556925458,23,10,10.5013990427169,0,0.25,0.997109256075053,"MED MED","R1"
17,202,9,181.804356672127,23,7,7.49976502243967,0,0.25,0.971633481092396,"MED MED","R1"
18,212,4,192.185941752229,23,6,6.49867110230317,0,0.25,0.989927633361655,"MED MED","R1"
18,215,7,178.309216017451,23,6,6.5006633391744,0,0.25,0.960032448580286,"MED MED","R1"
18,216,8,179.663682574121,23,6,6.49981205438065,0,0.25,0.964987884422921,"MED MED","R1"
18,217,9,179.657684968251,23,6,6.50085229281551,0,0.25,0.964967304408526,"MED MED","R1"
19,227,7,189.841930126148,23,5,5.50078542640128,0,0.25,0.987255676198005,"MED MED","R1"
19,230,10,176.785516578445,23,5,5.50065991966505,0,0.25,0.953655255737455,"MED MED","R1"
20,235,4,163.182627327562,23,4,4.49970049393769,0,0.25,0.837950969698548,"MED MED","R1"
20,236,5,149.895818116909,23,4,4.50175808851164,0,0.25,0.572979838472876,"MED MED","R1"
21,244,2,137.44018350486,23,3,3.50061404601615,0,0.25,0.274754766794412,"MED MED","R1"
21,248,6,159.407204213719,23,3,3.50050569850438,0,0.25,0.778980134130042,"MED MED","R1"
21,249,7,136.952262931189,23,3,3.49973362387317,0,0.25,0.264994162471485,"MED MED","R1"
21,251,9,145.116378552559,23,3,3.50055343388589,0,0.25,0.452333058919445,"MED MED","R1"
21,253,11,151.377458605874,23,3,3.49839522089441,0,0.25,0.609319765224709,"MED MED","R1"
22,262,9,124.527619942538,23,2,2.50021864952134,0,0.25,0.0926521109715324,"MED MED","R1"
14,160,5,207.112934163965,24,11,11.4990040503655,0,0.25,0.997769750752921,"MED MED","R1"
17,202,9,186.666098210133,24,8,8.49863114586531,0,0.25,0.982491295050017,"MED MED","R1"
18,212,4,200.430570119244,24,7,7.49990669220642,0,0.25,0.995613960224983,"MED MED","R1"
18,214,6,171.543553984422,24,7,7.4996369692108,0,0.25,0.92357664274652,"MED MED","R1"
18,216,8,186.528679815443,24,7,7.49924992196307,0,0.25,0.982249660743343,"MED MED","R1"
19,230,10,186.645491660636,24,6,6.50005519098553,0,0.25,0.982455267805382,"MED MED","R1"
20,235,4,175.780749483286,24,5,5.50161765170664,0,0.25,0.948931946160143,"MED MED","R1"
20,236,5,160.071850398757,24,5,5.5001772507185,0,0.25,0.790379766202354,"MED MED","R1"
21,248,6,179.217179077704,24,4,4.49917351620445,0,0.25,0.963423489227293,"MED MED","R1"
22,263,10,156.474773068052,24,3,3.5005286702365,0,0.25,0.723521308800878,"MED MED","R1"
23,272,6,140.983912930122,24,2,2.49997015803212,0,0.25,0.351870427446654,"MED MED","R1"
23,275,9,123.513428334833,24,2,2.50100114562852,0,0.25,0.0843509191375264,"MED MED","R1"
14,160,5,209.082787920806,25,12,12.5016521476453,0,0.25,0.998173295038601,"MED MED","R1"
18,212,4,206.861916297006,25,8,8.50008217951363,0,0.25,0.997712310810986,"MED MED","R1"
19,230,10,194.264588488445,25,7,7.49993894107512,0,0.25,0.9918284057713,"MED MED","R1"
20,235,4,185.496162669703,25,6,6.49801742417175,0,0.25,0.980326381110031,"MED MED","R1"
20,236,5,167.660440161825,25,6,6.50165254644536,0,0.25,0.890679783597909,"MED MED","R1"
21,248,6,195.055215880489,25,5,5.49852627171482,0,0.25,0.992453980002373,"MED MED","R1"
22,254,1,173.145511282446,25,4,4.49906450231856,0,0.25,0.934294922769153,"MED MED","R1"
22,261,8,168.664364661314,25,4,4.49965863126298,0,0.25,0.900216681789708,"MED MED","R1"
22,262,9,161.196923794194,25,4,4.49825500226926,0,0.25,0.808678695979493,"MED MED","R1"
22,263,10,175.446672034299,25,4,4.49980321943602,0,0.25,0.947262939923662,"MED MED","R1"
23,279,13,148.867870613636,25,3,3.49964638853699,0,0.25,0.547270739703853,"MED MED","R1"
18,212,4,211.878784470675,26,9,9.50064176107074,0,0.25,0.998624137012983,"MED MED","R1"
19,230,10,200.15209185307,26,8,8.49872376346987,0,0.25,0.995488744464372,"MED MED","R1"
20,235,4,192.988489876574,26,7,7.5013279397,0,0.25,0.990708503912357,"MED MED","R1"
21,248,6,207.717695842662,26,6,6.49893472668677,0,0.25,0.997902296257643,"MED MED","R1"
22,254,1,187.716776499461,26,5,5.5005624784276,0,0.25,0.984234980913289,"MED MED","R1"
22,261,8,182.331769618924,26,5,5.49896180263144,0,0.25,0.973072711905559,"MED MED","R1"
22,262,9,173.417697365918,26,5,5.49928572782176,0,0.25,0.935971195556283,"MED MED","R1"
23,268,2,169.882715969213,26,4,4.50236048680178,0,0.25,0.910791411098503,"MED MED","R1"
23,271,5,172.647552071584,26,4,4.49990254305229,0,0.25,0.931122223185347,"MED MED","R1"
23,276,10,151.735166907835,26,4,4.49939407771957,0,0.25,0.617930333986059,"MED MED","R1"
23,277,11,149.911604005094,26,4,4.50081095130505,0,0.25,0.573371950726433,"MED MED","R1"
23,279,13,165.742501289645,26,4,4.50020108669381,0,0.25,0.870227385080671,"MED MED","R1"
24,286,6,160.570047563764,26,3,3.50074262610429,0,0.25,0.798637310619763,"MED MED","R1"
24,288,8,163.204270076628,26,3,3.49933916971865,0,0.25,0.838249136615912,"MED MED","R1"
18,212,4,215.792267834236,27,10,10.5003036331901,0,0.25,0.999074862467463,"MED MED","R1"
20,235,4,198.766418812556,27,8,8.50068165969639,0,0.25,0.994810772162974,"MED MED","R1"
21,248,6,217.841324218385,27,7,7.50118291830289,0,0.25,0.999248500438728,"MED MED","R1"
22,254,1,199.214322080723,27,6,6.4992466563974,0,0.25,0.995040331256897,"MED MED","R1"
22,261,8,193.007846549469,27,6,6.5002179256661,0,0.25,0.990726577652661,"MED MED","R1"
23,268,2,183.793232256101,27,5,5.50077019449803,0,0.25,0.976699504007414,"MED MED","R1"
23,271,5,187.117066624501,27,5,5.49923515399224,0,0.25,0.983261788753538,"MED MED","R1"
23,279,13,178.834941572399,27,5,5.50074017236543,0,0.25,0.962031025672074,"MED MED","R1"
24,285,5,158.182706932139,27,4,4.50170812146938,0,0.25,0.756835330372191,"MED MED","R1"
24,288,8,184.123555538536,27,4,4.50039992213593,0,0.25,0.977450679351061,"MED MED","R1"
25,293,1,149.45605383058,27,3,3.49889063434763,0,0.25,0.56202118108189,"MED MED","R1"
20,235,4,203.222238995987,28,9,9.49978799957019,0,0.25,0.996692921850248,"MED MED","R1"
21,248,6,225.935145633773,28,8,8.49951568079617,0,0.25,0.99966946687556,"MED MED","R1"
23,271,5,198.521721388502,28,6,6.49961681473847,0,0.25,0.994680926748304,"MED MED","R1"
23,279,13,188.992911595483,28,6,6.50004457870117,0,0.25,0.986124257521032,"MED MED","R1"
24,285,5,169.84092715612,28,5,5.50074761897871,0,0.25,0.910446070882638,"MED MED","R1"
25,293,1,166.48885976983,28,4,4.50106367112559,0,0.25,0.878547879080305,"MED MED","R1"
25,296,4,180.639143456683,28,4,4.5033476558495,0,0.25,0.968184289707929,"MED MED","R1"
25,303,11,156.096625473203,28,4,4.49858518566378,0,0.25,0.715775473550638,"MED MED","R1"
25,304,12,157.430554797568,28,4,4.4987988590136,0,0.25,0.742506861512603,"MED MED","R1"
26,307,3,161.502963548007,28,3,3.50052514276047,0,0.25,0.813440170005787,"MED MED","R1"
26,310,6,146.918375312531,28,3,3.50073543579159,0,0.25,0.497928124690971,"MED MED","R1"
26,312,8,146.308379445341,28,3,3.49927575737455,0,0.25,0.482451740444774,"MED MED","R1"
26,313,9,141.524083753417,28,3,3.50163633622384,0,0.25,0.364477470480914,"MED MED","R1"
26,317,13,145.713220696864,28,3,3.50059713863902,0,0.25,0.467383940570842,"MED MED","R1"
20,235,4,206.658476050313,29,10,10.4985515506891,0,0.25,0.99766467691383,"MED MED","R1"
21,248,6,232.406140288347,29,9,9.50006506972598,0,0.25,0.999828625606466,"MED MED","R1"
23,271,5,207.510699547403,29,7,7.49886115005707,0,0.25,0.997857838075792,"MED MED","R1"
25,293,1,179.727082456728,29,5,5.50043464610333,0,0.25,0.965204721601543,"MED MED","R1"
25,296,4,196.780780796852,29,5,5.50093861919787,0,0.25,0.993659021912465,"MED MED","R1"
26,310,6,163.273570650974,29,4,4.49968689973812,0,0.25,0.839200895487551,"MED MED","R1"
26,312,8,162.50257159956,29,4,4.50042854710983,0,0.25,0.82835493641162,"MED MED","R1"
27,320,2,154.82840659742,29,3,3.50176556778328,0,0.25,0.688868928299323,"MED MED","R1"
27,323,5,146.035189742098,29,3,3.49991718754879,0,0.25,0.475529694986582,"MED MED","R1"
27,327,9,151.395994404717,29,3,3.50174385328227,0,0.25,0.609767677644126,"MED MED","R1"
27,328,10,152.562194878007,29,3,3.50046269613478,0,0.25,0.637549238492472,"MED MED","R1"
27,330,12,150.20637446788,29,3,3.50124646831997,0,0.25,0.580676432216469,"MED MED","R1"
20,235,4,209.308431525946,30,11,11.4999389710586,0,0.25,0.998214595465458,"MED MED","R1"
21,248,6,237.579688068868,30,10,10.4996057148141,0,0.25,0.999898644107108,"MED MED","R1"
25,293,1,190.016082433182,30,6,6.4995400946225,0,0.25,0.987476244594256,"MED MED","R1"
25,296,4,209.724713039771,30,6,6.50052352890031,0,0.25,0.998288358486434,"MED MED","R1"
26,310,6,175.889102834162,30,5,5.49901364089277,0,0.25,0.949462448470779,"MED MED","R1"
26,312,8,174.970859564345,30,5,5.49881033501611,0,0.25,0.944796745107516,"MED MED","R1"
27,320,2,173.33695643777,30,4,4.49999967883056,0,0.25,0.935478148139578,"MED MED","R1"
27,323,5,162.157512569526,30,4,4.50068714040352,0,0.25,0.823316151706281,"MED MED","R1"
27,327,9,168.955256441683,30,4,4.50140430722062,0,0.25,0.902838523022311,"MED MED","R1"
27,328,10,170.441443408459,30,4,4.50002422095711,0,0.25,0.915294513187175,"MED MED","R1"
27,330,12,167.441934604251,30,4,4.50016470499519,0,0.25,0.888500811034982,"MED MED","R1"
28,332,1,156.376999691707,30,3,3.49989192168854,0,0.25,0.721531096845457,"MED MED","R1"
28,333,2,151.036928880599,30,3,3.50154943502858,0,0.25,0.601058862914108,"MED MED","R1"
28,338,7,166.361034934726,30,3,3.5006068909984,0,0.25,0.877156251168872,"MED MED","R1"
29,346,4,134.615341427818,30,2,2.49661032299322,0,0.25,0.22141423426053,"MED MED","R1"
25,296,4,220.104414824569,31,7,7.49847580377307,0,0.25,0.999402683012509,"MED MED","R1"
26,310,6,185.620056758691,31,6,6.5004602716259,0,0.25,0.980567531640483,"MED MED","R1"
26,312,8,184.570486596823,31,6,6.49878863375939,0,0.25,0.978429474131789,"MED MED","R1"
26,313,9,176.434066019977,31,6,6.50066686218374,0,0.25,0.952052372943427,"MED MED","R1"
27,320,2,187.947427528861,31,5,5.49919185167538,0,0.25,0.984594263700253,"MED MED","R1"
27,327,9,182.68052689693,31,5,5.49832550870903,0,0.25,0.973985156004131,"MED MED","R1"
27,328,10,184.464108260613,31,5,5.4996952904108,0,0.25,0.978200337892867,"MED MED","R1"
28,332,1,175.32123703439,31,4,4.50024669102953,0,0.25,0.94662308022197,"MED MED","R1"
28,333,2,168.498198423842,31,4,4.49978750229317,0,0.25,0.898690928400751,"MED MED","R1"
28,335,4,152.951371546409,31,4,4.50265676995153,0,0.25,0.646629614950448,"MED MED","R1"
29,343,1,143.4393600548,31,3,3.50015996572653,0,0.25,0.410591607872168,"MED MED","R1"
29,345,3,151.166795501153,31,3,3.50011419534939,0,0.25,0.604216362614417,"MED MED","R1"
29,346,4,159.387607949073,31,3,3.50108685338282,0,0.25,0.77863738485966,"MED MED","R1"
29,351,9,157.680900450774,31,3,3.50036549610023,0,0.25,0.747336545306948,"MED MED","R1"
29,354,12,165.932961929483,31,3,3.50097713732008,0,0.25,0.872395657977264,"MED MED","R1"
25,296,4,228.427867630053,32,8,8.49872795757784,0,0.25,0.999743356285755,"MED MED","R1"
26,312,8,191.961464365622,32,7,7.49946498885418,0,0.25,0.989697822866437,"MED MED","R1"
27,323,5,184.101325870794,32,6,6.50006717346422,0,0.25,0.977400878826225,"MED MED","R1"
27,327,9,193.408941831059,32,6,6.50044231051646,0,0.25,0.99109334746753,"MED MED","R1"
28,332,1,190.340901686603,32,5,5.50257060490956,0,0.25,0.987877612166649,"MED MED","R1"
28,335,4,163.662842954616,32,5,5.49951336908865,0,0.25,0.844463105383901,"MED MED","R1"
29,343,1,158.886118179817,32,4,4.49984173763291,0,0.25,0.769736838155151,"MED MED","R1"
29,346,4,179.191928194961,32,4,4.49889623578253,0,0.25,0.963333037536179,"MED MED","R1"
29,350,8,154.592865095054,32,4,4.49963441989115,0,0.25,0.683720232150421,"MED MED","R1"
30,355,1,145.740786134668,32,3,3.50001994237599,0,0.25,0.468080722471327,"MED MED","R1"
30,358,4,147.312064338576,32,3,3.50056387261302,0,0.25,0.507920496027311,"MED MED","R1"
30,364,10,147.782706514921,32,3,3.50082124104112,0,0.25,0.519857064059697,"MED MED","R1"
31,373,6,119.097552791295,32,2,2.49903540088219,0,0.25,0.0555666543678124,"MED MED","R1"
31,380,13,128.424190951067,32,2,2.50012835009459,0,0.25,0.131695950888095,"MED MED","R1"
25,296,4,235.102420333156,33,9,9.49987577608299,0,0.25,0.999869661890656,"MED MED","R1"
26,312,8,197.651951318297,33,8,8.49929725043646,0,0.25,0.994192687260399,"MED MED","R1"
27,323,5,191.441193155007,33,7,7.49881833730943,0,0.25,0.989145052807481,"MED MED","R1"
27,327,9,201.794852139649,33,7,7.49895523146393,0,0.25,0.996179140379307,"MED MED","R1"
28,332,1,202.249025628688,33,6,6.49941218999143,0,0.25,0.996350703822527,"MED MED","R1"
28,333,2,192.778840796894,33,6,6.49921368223222,0,0.25,0.990510500495317,"MED MED","R1"
28,341,10,167.398236468447,33,6,6.50074678714499,0,0.25,0.888060514234886,"MED MED","R1"
28,342,11,168.807888976483,33,6,6.50028685663359,0,0.25,0.901518055138614,"MED MED","R1"
29,343,1,170.674509079224,33,5,5.49848707278714,0,0.25,0.917111233401813,"MED MED","R1"
29,350,8,165.597342116558,33,5,5.50214659420802,0,0.25,0.868553856326406,"MED MED","R1"
29,351,9,192.364470118359,33,5,5.50090451751109,0,0.25,0.990106774444294,"MED MED","R1"
30,356,2,145.514112068882,33,4,4.4991972610448,0,0.25,0.462354940542017,"MED MED","R1"
30,358,4,163.77155777685,33,4,4.49909194923773,0,0.25,0.845907396980161,"MED MED","R1"
30,364,10,164.367282974465,33,4,4.5001203723833,0,0.25,0.85362767198604,"MED MED","R1"
31,368,1,156.474489277802,33,3,3.49999476966128,0,0.25,0.723515544882523,"MED MED","R1"
31,371,4,151.721352507234,33,3,3.49930099660079,0,0.25,0.617599133891832,"MED MED","R1"
31,375,8,147.206638800444,33,3,3.50044158259092,0,0.25,0.505244939836766,"MED MED","R1"
31,377,10,151.280752805844,33,3,3.50028565524468,0,0.25,0.606979922258087,"MED MED","R1"
31,378,11,145.433563235744,33,3,3.50228818900993,0,0.25,0.460322588823639,"MED MED","R1"
31,380,13,150.687285892232,33,3,3.49967007736096,0,0.25,0.592516651510703,"MED MED","R1"
32,386,6,128.775031148039,33,2,2.49957570642608,0,0.25,0.13582307090994,"MED MED","R1"
25,296,4,240.454724818759,34,10,10.5013288928183,0,0.25,0.999924301802021,"MED MED","R1"
26,312,8,202.033190549629,34,9,9.50074489475375,0,0.25,0.996270151117125,"MED MED","R1"
27,323,5,197.087637762992,34,8,8.50073360167174,0,0.25,0.993852339251078,"MED MED","R1"
27,327,9,208.349733931181,34,8,8.49896961275627,0,0.25,0.998032425915628,"MED MED","R1"
28,332,1,211.690209510191,34,7,7.50040021312618,0,0.25,0.99859757759724,"MED MED","R1"
28,333,2,201.091817335609,34,7,7.49983108710438,0,0.25,0.995897594295296,"MED MED","R1"
29,343,1,179.670970270142,34,6,6.49850494453882,0,0.25,0.965012875536356,"MED MED","R1"
29,350,8,173.905209139118,34,6,6.50139181442722,0,0.25,0.93887433877498,"MED MED","R1"
29,351,9,204.593768402067,34,6,6.49848652726591,0,0.25,0.997121583220478,"MED MED","R1"
30,358,4,176.482621772568,34,5,5.49911040071436,0,0.25,0.952276919053124,"MED MED","R1"
30,364,10,177.193067973103,34,5,5.50006747005649,0,0.25,0.955450158705588,"MED MED","R1"
30,366,12,154.851135632765,34,5,5.49925917436808,0,0.25,0.689363325613738,"MED MED","R1"
31,368,1,175.446307928961,34,4,4.50029545872404,0,0.25,0.947261093100769,"MED MED","R1"
31,371,4,169.369623326068,34,4,4.50120445965893,0,0.25,0.906467063920944,"MED MED","R1"
31,372,5,178.488002614262,34,4,4.50087774813202,0,0.25,0.960723180458466,"MED MED","R1"
31,377,10,168.808537095317,34,4,4.50008727727768,0,0.25,0.901523897370262,"MED MED","R1"
31,378,11,161.398130484454,34,4,4.49961205994189,0,0.25,0.811819502926798,"MED MED","R1"
31,380,13,168.0533743454,34,4,4.50009529466408,0,0.25,0.894504267762065,"MED MED","R1"
32,384,4,148.073259501665,34,3,3.50031205550934,0,0.25,0.52721572154764,"MED MED","R1"
32,388,8,140.174261014787,34,3,3.50128216090932,0,0.25,0.333358592865941,"MED MED","R1"
32,389,9,142.227031857705,34,3,3.5002550699035,0,0.25,0.381163942678676,"MED MED","R1"
25,296,4,244.746722287486,35,11,11.5007112397685,0,0.25,0.999951039963519,"MED MED","R1"
27,323,5,201.431358906236,35,9,9.50033092068074,0,0.25,0.996036061413942,"MED MED","R1"
27,327,9,213.473384640507,35,9,9.49909048005895,0,0.25,0.998829555848175,"MED MED","R1"
28,332,1,219.175515635477,35,8,8.49837086114784,0,0.25,0.999343644732519,"MED MED","R1"
28,333,2,207.582894933316,35,8,8.49896847773969,0,0.25,0.997873449805094,"MED MED","R1"
29,343,1,186.536734618334,35,7,7.50231800274663,0,0.25,0.982263914086766,"MED MED","R1"
29,351,9,214.324805482366,35,7,7.49835447258911,0,0.25,0.998926382866271,"MED MED","R1"
30,356,2,161.894781141804,35,6,6.49961149639091,0,0.25,0.819402195149902,"MED MED","R1"
30,358,4,186.298910986396,35,6,6.49934892740326,0,0.25,0.98183830461495,"MED MED","R1"
30,364,10,187.111968297907,35,6,6.50203430609988,0,0.25,0.983253267194329,"MED MED","R1"
30,366,12,161.789311197399,35,6,6.49877765237865,0,0.25,0.817812086899791,"MED MED","R1"
31,371,4,183.177515923861,35,5,5.50078143282819,0,0.25,0.975233602586565,"MED MED","R1"
31,372,5,194.171369341074,35,5,5.49931573935724,0,0.25,0.991751337406824,"MED MED","R1"
31,377,10,182.504607400163,35,5,5.49903762257672,0,0.25,0.973528727366178,"MED MED","R1"
31,378,11,173.656896485291,35,5,5.50066292291212,0,0.25,0.937411342045382,"MED MED","R1"
32,384,4,164.735272706853,35,4,4.49904696496529,0,0.25,0.858234662403314,"MED MED","R1"
32,388,8,154.79023135845,35,4,4.50020673527435,0,0.25,0.688037578477615,"MED MED","R1"
32,389,9,157.36284519769,35,4,4.49856294395271,0,0.25,0.741190291764194,"MED MED","R1"
32,390,10,167.693098215021,35,4,4.4989807656405,0,0.25,0.891002227595242,"MED MED","R1"
33,393,2,140.388168824142,35,3,3.50098698416921,0,0.25,0.338202464917764,"MED MED","R1"
33,395,4,140.337768734682,35,3,3.4991463172457,0,0.25,0.337058066084622,"MED MED","R1"
27,323,5,204.772915351081,36,10,10.4993606960494,0,0.25,0.997173319423618,"MED MED","R1"
27,327,9,217.478307601146,36,10,10.5006792539672,0,0.25,0.999220306923258,"MED MED","R1"
28,332,1,225.110132362836,36,9,9.49962968505785,0,0.25,0.999640597273812,"MED MED","R1"
28,333,2,212.651366879944,36,9,9.50131058347053,0,0.25,0.998727806166558,"MED MED","R1"
29,343,1,191.776430437006,36,8,8.49955929331826,0,0.25,0.989504497592826,"MED MED","R1"
30,358,4,193.879671649861,36,7,7.49961584476121,0,0.25,0.991505491328051,"MED MED","R1"
30,364,10,194.782811342901,36,7,7.4997844180333,0,0.25,0.992244001416448,"MED MED","R1"
31,371,4,193.980721515465,36,6,6.49972140833697,0,0.25,0.991591468935748,"MED MED","R1"
31,372,5,206.690791847826,36,6,6.50049070531069,0,0.25,0.997672308978517,"MED MED","R1"
31,377,10,193.206607076641,36,6,6.50056619023447,0,0.25,0.990910161397125,"MED MED","R1"
32,384,4,177.632161766435,36,5,5.50109928416282,0,0.25,0.957309741650263,"MED MED","R1"
32,388,8,165.830189316621,36,5,5.50081936822221,0,0.25,0.871229525628055,"MED MED","R1"
32,389,9,168.870200050121,36,5,5.50162534211754,0,0.25,0.902078325413809,"MED MED","R1"
33,393,2,155.057916903659,36,4,4.50281885776325,0,0.25,0.69384125850949,"MED MED","R1"
33,398,7,160.352017755309,36,4,4.49975794294852,0,0.25,0.795053774262901,"MED MED","R1"
33,403,12,170.071835132527,36,4,4.50194362728483,0,0.25,0.912339301558349,"MED MED","R1"
34,406,3,142.986424826608,36,3,3.50011686851701,0,0.25,0.399509846078522,"MED MED","R1"
35,424,10,127.025596637699,36,2,2.50014102303256,0,0.25,0.11628930107392,"MED MED","R1"
27,323,5,207.34352223533,37,11,11.5005312665967,0,0.25,0.997821246762837,"MED MED","R1"
28,332,1,229.815307423303,37,10,10.5002501642428,0,0.25,0.99977707119558,"MED MED","R1"
29,343,1,195.775171273406,37,9,9.50074770122677,0,0.25,0.992982173490327,"MED MED","R1"
30,358,4,199.734015484371,37,8,8.50001171509746,0,0.25,0.995294047513883,"MED MED","R1"
30,364,10,200.715105356763,37,8,8.50065802114213,0,0.25,0.995738325812702,"MED MED","R1"
31,371,4,202.433079485944,37,7,7.50266135810598,0,0.25,0.996418024513913,"MED MED","R1"
31,372,5,216.684560573174,37,7,7.49894539708876,0,0.25,0.999154924528219,"MED MED","R1"
32,384,4,187.614733822215,37,6,6.49905363423384,0,0.25,0.984073411134855,"MED MED","R1"
32,388,8,174.169058981271,37,6,6.50175848585087,0,0.25,0.940393803042282,"MED MED","R1"
33,395,4,166.071634966804,37,5,5.49933055240017,0,0.25,0.873954841477471,"MED MED","R1"
33,398,7,172.413854444856,37,5,5.49960621776355,0,0.25,0.929584813423926,"MED MED","R1"
33,399,8,164.525011783827,37,5,5.50057994354677,0,0.25,0.855617342955849,"MED MED","R1"
33,403,12,184.020265323155,37,5,5.50003378470911,0,0.25,0.977218369243151,"MED MED","R1"
34,406,3,158.316670557018,37,4,4.49986254781135,0,0.25,0.759329765063921,"MED MED","R1"
34,407,4,169.010182696276,37,4,4.49906093514839,0,0.25,0.903326627783451,"MED MED","R1"
35,426,12,145.034392531434,37,3,3.49887978097219,0,0.25,0.450271743605617,"MED MED","R1"
35,428,14,156.796911583846,37,3,3.50019252546139,0,0.25,0.730015996498773,"MED MED","R1"
27,323,5,209.321049732596,38,12,12.5004332937193,0,0.25,0.99821687730745,"MED MED","R1"
28,332,1,233.545737435334,38,11,11.4994798260161,0,0.25,0.99984734761926,"MED MED","R1"
29,343,1,198.826861453532,38,10,10.4987259229541,0,0.25,0.994842356595122,"MED MED","R1"
30,364,10,205.302881701616,38,9,9.4994576295698,0,0.25,0.99732100311121,"MED MED","R1"
31,371,4,209.046149528473,38,8,8.49911559234013,0,0.25,0.998166499554477,"MED MED","R1"
31,372,5,224.662197982717,38,8,8.50054237632826,0,0.25,0.9996238805873,"MED MED","R1"
32,384,4,195.341538665497,38,7,7.49915861813025,0,0.25,0.992668607473278,"MED MED","R1"
32,388,8,180.467701380769,38,7,7.49968465638734,0,0.25,0.967643704168879,"MED MED","R1"
33,398,7,181.652254067752,38,6,6.5010383648655,0,0.25,0.971204719542267,"MED MED","R1"
33,403,12,194.950850868004,38,6,6.50056726570131,0,0.25,0.992374207002044,"MED MED","R1"
34,406,3,169.999629397868,38,5,5.49985042830703,0,0.25,0.911751202546413,"MED MED","R1"
34,407,4,182.746391969444,38,5,5.49948240478088,0,0.25,0.974154066742054,"MED MED","R1"
35,420,6,156.475870942052,38,4,4.49977495695681,0,0.25,0.723543606457884,"MED MED","R1"
35,424,10,165.578704561312,38,4,4.49934658574893,0,0.25,0.868337663654835,"MED MED","R1"
35,426,12,160.894684232454,38,4,4.5012054116695,0,0.25,0.803885841499267,"MED MED","R1"
35,427,13,166.406373081493,38,4,4.4989428231607,0,0.25,0.877651409661696,"MED MED","R1"
37,442,2,123.013055285434,38,2,2.49971035440084,0,0.25,0.0805089796149121,"MED MED","R1"
27,323,5,210.842330573477,39,13,13.4998380058052,0,0.25,0.998471690652814,"MED MED","R1"
30,364,10,208.850866973623,39,10,10.4992370210128,0,0.25,0.998129851689863,"MED MED","R1"
31,371,4,214.220172628314,39,9,9.49920175990463,0,0.25,0.998914928804994,"MED MED","R1"
31,372,5,231.030436070588,39,9,9.50010633128135,0,0.25,0.99980294094978,"MED MED","R1"
32,388,8,185.225288160778,39,8,8.49883580459334,0,0.25,0.979788885097813,"MED MED","R1"
33,398,7,188.728127318987,39,7,7.49946677619902,0,0.25,0.985751547255378,"MED MED","R1"
33,403,12,203.516524475743,39,7,7.49935851079541,0,0.25,0.996789961542734,"MED MED","R1"
34,406,3,178.903043581648,39,6,6.49886916318473,0,0.25,0.96228279073186,"MED MED","R1"
34,407,4,193.484704761999,39,6,6.5017316827768,0,0.25,0.991160994808438,"MED MED","R1"
35,420,6,167.821049731701,39,5,5.49988788068584,0,0.25,0.89225750547799,"MED MED","R1"
35,426,12,173.058491422818,39,5,5.49979531496935,0,0.25,0.933750454373065,"MED MED","R1"
36,432,4,165.602520377457,39,4,4.50056312051467,0,0.25,0.868613869823561,"MED MED","R1"
37,442,2,143.183185009287,39,3,3.49874202589165,0,0.25,0.404311970683282,"MED MED","R1"
37,443,3,136.759290723588,39,3,3.49875614232293,0,0.25,0.261195615568478,"MED MED","R1"
37,444,4,143.478930286829,39,3,3.49980250982911,0,0.25,0.411564254283266,"MED MED","R1"
37,445,5,154.690067825203,39,3,3.49953541033248,0,0.25,0.685850541181022,"MED MED","R1"
37,447,7,134.96572544788,39,3,3.5010754042932,0,0.25,0.227607792948264,"MED MED","R1"
37,450,10,158.698093041153,39,3,3.50025724006757,0,0.25,0.766335763925538,"MED MED","R1"
38,457,5,120.740936936253,39,2,2.50148858267976,0,0.25,0.0650008585697442,"MED MED","R1"
31,371,4,218.268294735828,40,10,10.5019353670429,1.23517229695,0.25,0.999280359935847,"MED MED","R1"
33,398,7,194.147678790158,40,8,8.50132996249984,1.23517229695,0.25,0.991731636788854,"MED MED","R1"
35,420,6,176.42726540767,40,6,6.50042192121975,1.23517229695,0.25,0.952020843514984,"MED MED","R1"
36,437,9,168.118908756514,40,5,5.49908207761786,1.23517229695,0.25,0.895130522683284,"MED MED","R1"
37,442,2,158.563995114181,40,4,4.49941964022118,1.23517229695,0.25,0.763888904903674,"MED MED","R1"
37,444,4,158.935886698418,40,4,4.49895637792838,1.23517229695,0.25,0.770631241761228,"MED MED","R1"
37,445,5,173.15992002826,40,4,4.5006693991301,1.23517229695,0.25,0.93438467344736,"MED MED","R1"
37,446,6,165.261432983318,40,4,4.49894411013047,1.23517229695,0.25,0.864610900371755,"MED MED","R1"
37,449,9,168.480129123401,40,4,4.49916379499424,1.23517229695,0.25,0.898523772292949,"MED MED","R1"
37,450,10,178.30391203186,40,4,4.49853583780821,1.23517229695,0.25,0.960011780128533,"MED MED","R1"
38,454,2,140.111187441767,40,3,3.49987283172719,1.23517229695,0.25,0.331936947639591,"MED MED","R1"
38,456,4,133.103693534469,40,3,3.50080087688489,1.23517229695,0.25,0.196088192838499,"MED MED","R1"
38,462,10,147.551070479737,40,3,3.49994626528445,1.23517229695,0.25,0.513984226118673,"MED MED","R1"
40,477,3,101.714804264007,40,1,1.50130735476609,1.23517229695,0.25,0.00997237932881901,"MED MED","R1"
36,430,2,177.62904626788,41,6,6.50055017615596,1.26098437670837,0.25,0.957296812314878,"MED MED","R1"
38,462,10,164.074030662152,41,4,4.50021708100758,1.26098437670837,0.25,0.849868103234458,"MED MED","R1"
39,465,1,152.996731255157,41,3,3.49985633981909,1.26098437670837,0.25,0.647681253775918,"MED MED","R1"
39,470,6,142.570208578884,41,3,3.50045761734256,1.26098437670837,0.25,0.389416103578533,"MED MED","R1"
40,484,10,125.30947867812,41,2,2.4994359563249,1.26098437670837,0.25,0.0995450148067736,"MED MED","R1"
40,478,4,146.021602397721,42,3,3.50133572507495,1.2323889190657,0.25,0.475185643879354,"MED MED","R1"
40,481,7,154.131328697639,43,4,4.50064879001408,1.249504340069,0.25,0.673500597694635,"MED MED","R1"
40,485,11,169.806981983719,44,5,5.50051685239417,1.2133933572021,0.25,0.910164663287538,"MED MED","R1"
42,501,3,159.141143799085,44,3,3.50114570192768,1.2133933572021,0.25,0.774294145009579,"MED MED","R1"
42,503,5,149.925702431607,44,3,3.49948066479225,1.2133933572021,0.25,0.573722069476573,"MED MED","R1"
42,507,9,147.652199274331,44,3,3.49901317385178,1.2133933572021,0.25,0.516548789146201,"MED MED","R1"
42,507,9,164.202047288842,45,4,4.49915136794374,1.28786683255444,0.25,0.851518996004441,"MED MED","R1"
43,518,8,146.502539104416,45,3,3.5011902645426,1.28786683255444,0.25,0.487375586731788,"MED MED","R1"
45,528,2,142.682549004802,47,3,3.50008724059621,1.25638390357168,0.25,0.392131562919147,"MED MED","R1"
46,535,1,127.90715018243,47,2,2.49965372802678,1.25638390357168,0.25,0.125808070369571,"MED MED","R1"
45,528,2,157.934854068847,48,4,4.50004403722586,1.26813683239763,0.25,0.752174177091256,"MED MED","R1"
45,534,8,157.911060409281,48,4,4.49836237469489,1.26813683239763,0.25,0.751723572901039,"MED MED","R1"
47,546,3,123.491395040131,48,2,2.5005364225282,1.26813683239763,0.25,0.0841782959758097,"MED MED","R1"
45,528,2,169.547368932432,49,5,5.49957485710447,1.20865067076953,0.25,0.907985981461204,"MED MED","R1"
45,534,8,169.51919202557,49,5,5.49856554372485,1.20865067076953,0.25,0.907746684092064,"MED MED","R1"
46,539,5,153.115645066787,49,4,4.49928423666592,1.20865067076953,0.25,0.650431395001933,"MED MED","R1"
47,548,5,158.84620355949,49,3,3.49950620215223,1.20865067076953,0.25,0.769017757328667,"MED MED","R1"
45,534,8,178.356649720652,50,6,6.49859450886848,0.582747007515011,0.25,0.960216832513863,"MED MED","R1"
47,547,4,148.332161071303,50,4,4.49951049454838,0.582747007515011,0.25,0.53376291303601,"MED MED","R1"
48,552,1,161.687563118976,50,3,3.49974426255783,0.582747007515011,0.25,0.816267799166746,"MED MED","R1"
48,555,4,151.492676775832,50,3,3.49879276460302,0.582747007515011,0.25,0.612100965376977,"MED MED","R1"
48,556,5,143.864430030925,50,3,3.4997416264551,0.582747007515011,0.25,0.421075022723801,"MED MED","R1"
49,560,4,131.423718340288,50,2,2.49883077091036,0.582747007515011,0.25,0.170583585184108,"MED MED","R1"
47,546,3,171.276324782619,51,5,5.49875235951801,0.527197517436906,0.25,0.921639415014646,"MED MED","R1"
48,552,1,182.160494290001,51,4,4.49956649671934,0.527197517436906,0.25,0.97261328772738,"MED MED","R1"
48,556,5,159.420901960878,51,4,4.4991720099403,0.527197517436906,0.25,0.779219489324853,"MED MED","R1"
49,557,1,152.135030812616,51,3,3.5004070075625,0.527197517436906,0.25,0.627468504676854,"MED MED","R1"
49,560,4,154.887342095338,51,3,3.5004019296743,0.527197517436906,0.25,0.690149988847351,"MED MED","R1"
49,562,6,137.093019080811,51,3,3.4991608154107,0.527197517436906,0.25,0.267787044991973,"MED MED","R1"
50,569,6,121.45696611572,51,2,2.49966229461161,0.527197517436906,0.25,0.0695614831917389,"MED MED","R1"
47,546,3,180.35614984123,52,6,6.50065862410187,0.59796829973157,0.25,0.967287206970203,"MED MED","R1"
49,557,1,169.896767698219,52,4,4.49931792181551,0.59796829973157,0.25,0.910907263593913,"MED MED","R1"
50,570,7,159.756515962937,52,3,3.49948600307328,0.59796829973157,0.25,0.785025942721533,"MED MED","R1"
50,571,8,146.307960018374,52,3,3.500836096291,0.59796829973157,0.25,0.48244110721212,"MED MED","R1"
51,576,5,127.472009252925,52,2,2.50132337371376,0.59796829973157,0.25,0.121028826506599,"MED MED","R1"
47,546,3,187.294224334549,53,7,7.49926375200977,0.658317612376724,0.25,0.983555264627566,"MED MED","R1"
49,557,1,183.810099390809,53,5,5.50127136652784,0.658317612376724,0.25,0.976738445939733,"MED MED","R1"
49,562,6,161.302854586441,53,5,5.49872718987709,0.658317612376724,0.25,0.810337222759733,"MED MED","R1"
49,563,7,166.595291388747,53,5,5.50167471133898,0.658317612376724,0.25,0.879696214126938,"MED MED","R1"
50,565,2,156.336601499139,53,4,4.50026665942799,0.658317612376724,0.25,0.720706213664234,"MED MED","R1"
50,570,7,179.667408530168,53,4,4.49895900232957,0.658317612376724,0.25,0.965000663694748,"MED MED","R1"
51,576,5,149.359993816908,53,3,3.50062953693242,0.658317612376724,0.25,0.559618963519831,"MED MED","R1"
51,577,6,153.081231004652,53,3,3.49887496097859,0.658317612376724,0.25,0.649636513644403,"MED MED","R1"
51,579,8,154.706771986471,53,3,3.50057703503714,0.658317612376724,0.25,0.686215848237972,"MED MED","R1"
51,583,12,157.648908071373,53,3,3.49982673758898,0.658317612376724,0.25,0.746722700722886,"MED MED","R1"
52,591,8,128.731557392921,53,2,2.49859995325849,0.658317612376724,0.25,0.135305809990323,"MED MED","R1"
49,557,1,194.708853270277,54,6,6.49900831833578,0.691002806277624,0.25,0.992185998134249,"MED MED","R1"
50,570,7,195.60129009423,54,5,5.50044968129619,0.691002806277624,0.25,0.992858069365621,"MED MED","R1"
51,577,6,171.103738254473,54,4,4.49993975748779,0.691002806277624,0.25,0.920364504693306,"MED MED","R1"
51,579,8,173.181294914519,54,4,4.50024775047784,0.691002806277624,0.25,0.934517605581756,"MED MED","R1"
52,586,3,152.777774634529,54,3,3.4991870204834,0.691002806277624,0.25,0.642591814150791,"MED MED","R1"
49,557,1,203.246192762332,55,7,7.50013931094179,0.623696953269868,0.25,0.996700928663092,"MED MED","R1"
51,577,6,185.259875756328,55,5,5.49890779839049,0.623696953269868,0.25,0.979858310137658,"MED MED","R1"
52,586,3,170.716462139379,55,4,4.50022081705823,0.623696953269868,0.25,0.917434465367341,"MED MED","R1"
53,595,1,142.389884487991,55,3,3.49894614319191,0.623696953269868,0.25,0.385071731117113,"MED MED","R1"
53,602,8,160.027732614867,55,3,3.49976513735922,0.623696953269868,0.25,0.789636658434039,"MED MED","R1"
53,604,10,153.415471696935,55,3,3.49993720133375,0.623696953269868,0.25,0.657320947394033,"MED MED","R1"
51,577,6,196.3790960842,56,6,6.50169896507806,0.56398883837969,0.25,0.99339680837501,"MED MED","R1"
53,601,7,150.441883123297,56,4,4.49960380133252,0.56398883837969,0.25,0.586487249987004,"MED MED","R1"
53,602,8,180.017139752419,56,4,4.49867198942561,0.56398883837969,0.25,0.96618035697197,"MED MED","R1"
53,603,9,165.562976060458,56,4,4.49813318986597,0.56398883837969,0.25,0.868154980909591,"MED MED","R1"
53,604,10,171.530506966264,56,4,4.5002489413464,0.56398883837969,0.25,0.923483089562656,"MED MED","R1"
54,609,5,151.740199990449,56,3,3.49994707874972,0.56398883837969,0.25,0.618050974870377,"MED MED","R1"
54,611,7,156.462721315031,56,3,3.49998455439343,0.56398883837969,0.25,0.723276466461261,"MED MED","R1"
53,595,1,169.11218818649,57,5,5.50020267787734,0.555774489753484,0.25,0.904227297513513,"MED MED","R1"
53,602,8,196.025652947179,57,5,5.49920347801295,0.555774489753484,0.25,0.993157194567794,"MED MED","R1"
53,603,9,178.620462087095,57,5,5.50161295169996,0.555774489753484,0.25,0.961227531559797,"MED MED","R1"
53,604,10,185.772958948401,57,5,5.49919997737037,0.555774489753484,0.25,0.980861152579389,"MED MED","R1"
54,609,5,169.393633218224,57,4,4.49931443191978,0.555774489753484,0.25,0.90667354536627,"MED MED","R1"
54,611,7,175.431209666453,57,4,4.49914348850593,0.555774489753484,0.25,0.947184457575094,"MED MED","R1"
55,618,5,154.2574748128,57,3,3.49965348732507,0.555774489753484,0.25,0.676310743687822,"MED MED","R1"
55,619,6,148.411588252268,57,3,3.50102035996107,0.555774489753484,0.25,0.535769270605049,"MED MED","R1"
55,623,10,159.026683364598,57,3,3.4983857543471,0.555774489753484,0.25,0.772256678605963,"MED MED","R1"
53,595,1,177.893954629288,58,6,6.49866745783295,0.653340693128313,0.25,0.958382918074209,"MED MED","R1"
54,611,7,190.473703518035,58,5,5.50239685280428,0.653340693128313,0.25,0.988038027472587,"MED MED","R1"
55,617,4,158.552262488775,58,4,4.50140505514369,0.653340693128313,0.25,0.763673981922517,"MED MED","R1"
56,625,1,144.143450458045,58,3,3.49966167590169,0.653340693128313,0.25,0.427995966964155,"MED MED","R1"
56,632,8,152.205394995973,58,3,3.5000761850047,0.653340693128313,0.25,0.62913695767479,"MED MED","R1"
56,634,10,148.571198805887,58,3,3.49951581317195,0.653340693128313,0.25,0.539797523048419,"MED MED","R1"
56,635,11,149.725402821319,58,3,3.5005474034512,0.653340693128313,0.25,0.568741079174314,"MED MED","R1"
57,647,10,140.168917223884,58,2,2.50076789004927,0.653340693128313,0.25,0.33323802857917,"MED MED","R1"
56,628,4,166.807135056183,59,4,4.49918970947906,0.656309254699966,0.25,0.881954001447605,"MED MED","R1"
56,635,11,166.83086728451,59,4,4.49837889814457,0.656309254699966,0.25,0.882204635775597,"MED MED","R1"
58,659,11,125.529390390795,59,2,2.50157115964901,0.656309254699966,0.25,0.101564389520763,"MED MED","R1"
57,645,8,177.085563076094,60,4,4.50086796648613,0.575245360268525,0.25,0.954983233752654,"MED MED","R1"
58,652,4,147.778458672984,60,3,3.50069361853702,0.575245360268525,0.25,0.519749409825771,"MED MED","R1"
58,653,5,152.97929875788,60,3,3.50079997070847,0.575245360268525,0.25,0.647277260006444,"MED MED","R1"
57,639,2,166.929324700033,61,5,5.50013845186738,0.635018043182775,0.25,0.883239517586963,"MED MED","R1"
57,645,8,192.473390004956,61,5,5.49943816250855,0.635018043182775,0.25,0.990214515132257,"MED MED","R1"
58,649,1,161.533308971415,61,4,4.49921243715342,0.635018043182775,0.25,0.813907283018385,"MED MED","R1"
58,650,2,165.306737641969,61,4,4.50073774916879,0.635018043182775,0.25,0.865148455846878,"MED MED","R1"
58,652,4,164.361904242284,61,4,4.50095781394133,0.635018043182775,0.25,0.853559423061039,"MED MED","R1"
58,653,5,170.973630831962,61,4,4.49913373180174,0.635018043182775,0.25,0.919390894267927,"MED MED","R1"
58,659,11,162.948288026093,61,4,4.50005566980306,0.635018043182775,0.25,0.834694100580166,"MED MED","R1"
59,662,3,142.989788532683,61,3,3.50075321138774,0.635018043182775,0.25,0.399591781346593,"MED MED","R1"
59,667,8,150.283046339074,61,3,3.49824533236089,0.635018043182775,0.25,0.582570734289215,"MED MED","R1"
57,645,8,204.72008791151,62,6,6.4988486241176,0.558841386580705,0.25,0.997158160438135,"MED MED","R1"
58,650,2,178.314408033344,62,5,5.49970033049573,0.558841386580705,0.25,0.960052670794677,"MED MED","R1"
59,662,3,158.32089803976,62,4,4.49990593165502,0.558841386580705,0.25,0.75940819662589,"MED MED","R1"
59,666,7,154.44342229279,62,4,4.49924873415263,0.558841386580705,0.25,0.680429948061718,"MED MED","R1"
60,674,3,166.564274977866,62,3,3.49957026139676,0.558841386580705,0.25,0.879362536284616,"MED MED","R1"
60,680,9,150.856580481917,62,3,3.49876123671203,0.558841386580705,0.25,0.596660055676472,"MED MED","R1"
60,682,11,147.125635909924,62,3,3.4985001858427,0.558841386580705,0.25,0.50318898495068,"MED MED","R1"
61,693,11,133.369639959096,62,2,2.50017132376259,0.558841386580705,0.25,0.200379707579677,"MED MED","R1"
57,645,8,214.466857894547,63,7,7.50057033101853,0.550229605868126,0.25,0.998941740158006,"MED MED","R1"
59,666,7,165.421069498831,63,5,5.50002659449265,0.550229605868126,0.25,0.866497035279652,"MED MED","R1"
59,668,9,164.187469727331,63,5,5.49998353084013,0.550229605868126,0.25,0.851331763772593,"MED MED","R1"
60,674,3,188.487670616279,63,4,4.50069081190968,0.550229605868126,0.25,0.985404542071028,"MED MED","R1"
60,680,9,168.268725351137,63,4,4.49862455857284,0.550229605868126,0.25,0.896549871522758,"MED MED","R1"
60,682,11,163.535701942307,63,4,4.49960731864458,0.550229605868126,0.25,0.842760030542803,"MED MED","R1"
61,684,2,138.498242396672,63,3,3.50051605584141,0.550229605868126,0.25,0.296670441690611,"MED MED","R1"
62,703,9,134.020675713338,63,2,2.49883519704711,0.550229605868126,0.25,0.211180939565878,"MED MED","R1"
59,666,7,173.705503615857,64,6,6.49944322983684,0.641611608412057,0.25,0.937700272287979,"MED MED","R1"
59,668,9,172.308809520479,64,6,6.49928122655071,0.641611608412057,0.25,0.92888347886448,"MED MED","R1"
60,674,3,206.35168729313,64,5,5.50074696101657,0.641611608412057,0.25,0.997590967160758,"MED MED","R1"
61,684,2,152.696021197751,64,4,4.49793080800818,0.641611608412057,0.25,0.640683182584191,"MED MED","R1"
61,689,7,155.693265346661,64,4,4.49903602018321,0.641611608412057,0.25,0.707370632109789,"MED MED","R1"
61,692,10,156.014902689119,64,4,4.49935737841518,0.641611608412057,0.25,0.714084402559719,"MED MED","R1"
61,694,12,167.11757826861,64,4,4.49993032790252,0.641611608412057,0.25,0.885196285582743,"MED MED","R1"
62,699,5,143.897549885904,64,3,3.50006528066363,0.641611608412057,0.25,0.421894976979814,"MED MED","R1"
62,700,6,150.428376555554,64,3,3.49921529533272,0.641611608412057,0.25,0.586154629889892,"MED MED","R1"
62,703,9,158.546687952036,64,3,3.49997266830468,0.641611608412057,0.25,0.763571817971238,"MED MED","R1"
62,706,12,165.503830682655,64,3,3.50034902905669,0.641611608412057,0.25,0.86746609664108,"MED MED","R1"
59,666,7,179.95746702397,65,7,7.49877063237118,0.608404418996207,0.25,0.965981823047654,"MED MED","R1"
61,684,2,163.362248552862,65,5,5.50091112274597,0.608404418996207,0.25,0.840412169140936,"MED MED","R1"
61,694,12,180.479184436484,65,5,5.49798421144262,0.608404418996207,0.25,0.967680187923964,"MED MED","R1"
62,695,1,158.209420470574,65,4,4.5008161868699,0.608404418996207,0.25,0.757334140376495,"MED MED","R1"
62,697,3,165.824238583563,65,4,4.50121310384796,0.608404418996207,0.25,0.871161726935758,"MED MED","R1"
62,699,5,159.462585311105,65,4,4.5015997058323,0.608404418996207,0.25,0.779946723300881,"MED MED","R1"
62,700,6,167.724136448397,65,4,4.49987498282817,0.608404418996207,0.25,0.891307904621827,"MED MED","R1"
62,701,7,163.789666304968,65,4,4.50062827654974,0.608404418996207,0.25,0.84614690280874,"MED MED","R1"
62,703,9,178.109040127287,65,4,4.4999777794804,0.608404418996207,0.25,0.959245267975994,"MED MED","R1"
63,711,5,150.613459218514,65,3,3.49905185369175,0.608404418996207,0.25,0.590705613627197,"MED MED","R1"
63,712,6,152.568143445443,65,3,3.50046981550999,0.608404418996207,0.25,0.637688792915829,"MED MED","R1"
63,716,10,157.968454444336,65,3,3.4998953230436,0.608404418996207,0.25,0.752809566226622,"MED MED","R1"
62,699,5,171.358159378184,66,5,5.50133416747176,0.534050281821469,0.25,0.922237384326675,"MED MED","R1"
62,701,7,176.50421047422,66,5,5.49999489437192,0.534050281821469,0.25,0.952376434915316,"MED MED","R1"
62,703,9,193.712295108328,66,5,5.49976590134899,0.534050281821469,0.25,0.991361158616735,"MED MED","R1"
63,707,1,162.89564717902,66,4,4.49943143737992,0.534050281821469,0.25,0.833955312844918,"MED MED","R1"
63,712,6,170.449030894559,66,4,4.49931050152487,0.534050281821469,0.25,0.91535422165493,"MED MED","R1"
63,715,9,161.152226734806,66,4,4.50004686931575,0.534050281821469,0.25,0.807975573624134,"MED MED","R1"
63,716,10,177.365201667237,66,4,4.49956064480907,0.534050281821469,0.25,0.956188182555574,"MED MED","R1"
65,731,3,128.12316921393,66,2,2.50141687876291,0.534050281821469,0.25,0.128240125028789,"MED MED","R1"
65,737,9,131.413533995754,66,2,2.50052434877214,0.534050281821469,0.25,0.17043733394302,"MED MED","R1"
65,741,13,123.422237165237,66,2,2.49991460175903,0.534050281821469,0.25,0.0836385501696717,"MED MED","R1"
66,749,8,98.1566798705249,66,1,1.50056247123008,0.534050281821469,0.25,0.00696977283732483,"MED MED","R1"
63,707,1,175.438903663013,67,5,5.50054594166071,0.592363647961324,0.25,0.947223523772967,"MED MED","R1"
64,724,5,155.920660098352,67,4,4.50147349581114,0.592363647961324,0.25,0.712126791463697,"MED MED","R1"
64,728,9,172.707294277507,67,4,4.49978169216472,0.592363647961324,0.25,0.931510227061432,"MED MED","R1"
65,729,1,145.734889015863,67,3,3.49978065204808,0.592363647961324,0.25,0.467931648229131,"MED MED","R1"
65,733,5,155.305443012583,67,3,3.49990929322745,0.592363647961324,0.25,0.699153759697476,"MED MED","R1"
65,734,6,158.235755218762,67,3,3.49889626000266,0.592363647961324,0.25,0.757825196313399,"MED MED","R1"
65,737,9,154.87303330292,67,3,3.50078912000457,0.592363647961324,0.25,0.689839230745796,"MED MED","R1"
64,728,9,187.188999034506,68,5,5.49942751962148,0.579712925640909,0.25,0.983381566273434,"MED MED","R1"
65,731,3,167.519453053308,68,4,4.50093704126644,0.579712925640909,0.25,0.889278151007823,"MED MED","R1"
65,733,5,173.947715709454,68,4,4.49994573797507,0.579712925640909,0.25,0.939121550563626,"MED MED","R1"
65,736,8,153.1827587465,68,4,4.50060655871328,0.579712925640909,0.25,0.651979152422732,"MED MED","R1"
65,737,9,173.394074433603,68,4,4.49934501581855,0.579712925640909,0.25,0.935827305626117,"MED MED","R1"
65,738,10,157.907720896266,68,4,4.49935543677262,0.579712925640909,0.25,0.751660285330831,"MED MED","R1"
65,740,12,171.843214330215,68,4,4.49955296454641,0.579712925640909,0.25,0.925696656315809,"MED MED","R1"
65,741,13,159.273546454332,68,4,4.49893044694407,0.579712925640909,0.25,0.776634841350002,"MED MED","R1"
66,748,7,168.364350546229,68,3,3.49977197737109,0.579712925640909,0.25,0.897446908005471,"MED MED","R1"
65,730,2,161.956745572398,69,5,5.5002993514254,0.617248554211583,0.25,0.820331339844609,"MED MED","R1"
65,733,5,188.683585704688,69,5,5.49890007297939,0.617248554211583,0.25,0.985687888221954,"MED MED","R1"
65,736,8,163.935306500455,69,5,5.5001385763307,0.617248554211583,0.25,0.848062096349139,"MED MED","R1"
65,737,9,188.016252003254,69,5,5.50049439884776,0.617248554211583,0.25,0.984699901001014,"MED MED","R1"
66,746,5,150.372749068961,69,4,4.49906761660068,0.617248554211583,0.25,0.584783891667124,"MED MED","R1"
67,753,2,136.126171751354,69,3,3.49988136820196,0.617248554211583,0.25,0.248982629846147,"MED MED","R1"
68,762,1,117.755466630081,69,2,2.49923402603642,0.617248554211583,0.25,0.048833757302472,"MED MED","R1"
68,763,2,136.200114239303,69,2,2.49934182851751,0.617248554211583,0.25,0.250389113922271,"MED MED","R1"
65,730,2,169.787148882596,70,6,6.49998651049241,0.540919319999239,0.25,0.909999877002352,"MED MED","R1"
65,736,8,172.023500812418,70,6,6.49968959760593,0.540919319999239,0.25,0.926945941793986,"MED MED","R1"
65,738,10,178.352153131296,70,6,6.49917910000439,0.540919319999239,0.25,0.960199388448149,"MED MED","R1"
67,760,9,153.452987532986,70,4,4.49975620654172,0.540919319999239,0.25,0.658178426454478,"MED MED","R1"
68,762,1,135.982992738632,70,3,3.50035178917887,0.540919319999239,0.25,0.246274225958166,"MED MED","R1"
68,763,2,161.634045543533,70,3,3.49874551045285,0.540919319999239,0.25,0.815451470871951,"MED MED","R1"
68,768,7,153.140831134284,70,3,3.50072946766578,0.540919319999239,0.25,0.651012602984024,"MED MED","R1"
68,770,9,160.057659651582,70,3,3.5007012894031,0.540919319999239,0.25,0.790140951806298,"MED MED","R1"
68,771,10,151.949253321846,70,3,3.49960220338742,0.540919319999239,0.25,0.623048882609759,"MED MED","R1"
65,730,2,175.651434289612,71,7,7.50068573601278,0.535595522172571,0.25,0.948291917142377,"MED MED","R1"
65,736,8,178.107536775339,71,7,7.5014893830853,0.535595522172571,0.25,0.959239300325553,"MED MED","R1"
66,746,5,168.291500127247,71,6,6.49913592950637,0.535595522172571,0.25,0.896764143766168,"MED MED","R1"
68,763,2,182.091305713575,71,4,4.50133914054109,0.535595522172571,0.25,0.972425545684055,"MED MED","R1"
68,768,7,171.179821770622,71,4,4.50089103001351,0.535595522172571,0.25,0.920928858597526,"MED MED","R1"
69,774,2,157.656576379842,71,3,3.50114296165777,0.535595522172571,0.25,0.746869923944488,"MED MED","R1"
69,777,5,150.413903382237,71,3,3.50098176365775,0.535595522172571,0.25,0.585798118398788,"MED MED","R1"
70,787,4,124.484801632814,71,2,2.49898437460456,0.535595522172571,0.25,0.0922872779608159,"MED MED","R1"
66,746,5,174.011069503692,72,7,7.50145310542758,0.543710326319448,0.25,0.939488271827866,"MED MED","R1"
68,763,2,198.545682689705,72,5,5.50091862933193,0.543710326319448,0.25,0.994693782934526,"MED MED","R1"
69,777,5,167.705735706734,72,4,4.50015307082872,0.543710326319448,0.25,0.891126777662301,"MED MED","R1"
66,746,5,178.281756978719,73,8,8.50007334750574,0.655072824593715,0.25,0.959925336012631,"MED MED","R1"
69,782,10,170.018587877419,73,5,5.50056780176445,0.655072824593715,0.25,0.911905959080657,"MED MED","R1"
71,798,3,151.285231220256,73,3,3.50123232237855,0.655072824593715,0.25,0.607088389043459,"MED MED","R1"
71,803,8,146.082375040888,73,3,3.50203590129944,0.655072824593715,0.25,0.476724672964894,"MED MED","R1"
66,746,5,181.470593464289,74,9,9.4996474104166,0.542553994426944,0.25,0.970684392992297,"MED MED","R1"
69,782,10,178.924609580929,74,6,6.49816025634488,0.542553994426944,0.25,0.962362182752903,"MED MED","R1"
71,800,5,150.691641639549,74,4,4.49951396395049,0.542553994426944,0.25,0.592623424127927,"MED MED","R1"
71,803,8,162.217100658671,74,4,4.50118985863545,0.542553994426944,0.25,0.824194521693613,"MED MED","R1"
71,804,9,156.847079404703,74,4,4.50031179653399,0.542553994426944,0.25,0.731018742036062,"MED MED","R1"
71,807,12,163.93724066032,74,4,4.49885676215994,0.542553994426944,0.25,0.848087398708834,"MED MED","R1"
71,808,13,168.232806315778,75,5,5.50087087680758,0.568461527733026,0.25,0.896211134427076,"MED MED","R1"
72,810,2,157.998458091853,75,4,4.50007063749007,0.568461527733026,0.25,0.75337601511352,"MED MED","R1"
74,840,11,136.946839027417,75,2,2.49919819935917,0.568461527733026,0.25,0.264886914911855,"MED MED","R1"
73,820,1,146.623254638852,76,4,4.49892289097559,0.664136868004782,0.25,0.490438202716543,"MED MED","R1"
73,821,2,167.748283512247,76,4,4.49981617137333,0.664136868004782,0.25,0.891545193805501,"MED MED","R1"
74,832,3,166.795821596288,76,3,3.49973133936855,0.664136868004782,0.25,0.881834358323308,"MED MED","R1"
74,839,10,143.383290854233,76,3,3.49930153514885,0.664136868004782,0.25,0.409214610404526,"MED MED","R1"
74,840,11,162.695253202271,76,3,3.49892824249436,0.664136868004782,0.25,0.831118681318981,"MED MED","R1"
73,820,1,156.240313698671,77,5,5.49881328780852,0.62983104466937,0.25,0.718734108872221,"MED MED","R1"
73,821,2,181.234194169649,77,5,5.50031135088798,0.62983104466937,0.25,0.969993611116421,"MED MED","R1"
74,832,3,188.789185210274,77,4,4.50010753284394,0.62983104466937,0.25,0.985838358164314,"MED MED","R1"
74,839,10,158.815603783739,77,4,4.49674107915386,0.62983104466937,0.25,0.768465424886737,"MED MED","R1"
74,840,11,183.464258858072,77,4,4.50033675822539,0.62983104466937,0.25,0.975927141604826,"MED MED","R1"
75,841,1,149.456885496894,77,3,3.49947943208023,0.62983104466937,0.25,0.56204196642454,"MED MED","R1"
75,847,7,133.892407674793,77,3,3.50110398762465,0.62983104466937,0.25,0.209019622292441,"MED MED","R1"
75,849,9,150.082411143231,77,3,3.49963916110195,0.62983104466937,0.25,0.577608705115592,"MED MED","R1"
76,854,4,126.812488595781,77,2,2.49974540264085,0.62983104466937,0.25,0.114084107951355,"MED MED","R1"
73,820,1,163.348769426926,78,6,6.5014015655075,0.653051791953649,0.25,0.8402285319238,"MED MED","R1"
74,840,11,200.216808859849,78,5,5.49982715109101,0.653051791953649,0.25,0.995518157749396,"MED MED","R1"
75,841,1,166.489915566032,78,4,4.49878189660601,0.653051791953649,0.25,0.878559316750518,"MED MED","R1"
75,849,9,167.284398069509,78,4,4.50018424946006,0.653051791953649,0.25,0.886906352479283,"MED MED","R1"
76,851,1,147.391010580785,78,3,3.49915541224762,0.653051791953649,0.25,0.509923755204996,"MED MED","R1"
76,858,8,143.075662765564,78,3,3.49967506921874,0.653051791953649,0.25,0.401685451332862,"MED MED","R1"
77,867,8,124.011240616666,78,2,2.4995161889847,0.653051791953649,0.25,0.0883376392199082,"MED MED","R1"
73,820,1,168.602989300823,79,7,7.49988234270872,0.608656570801991,0.25,0.899655521820437,"MED MED","R1"
74,840,11,213.729633508902,79,6,6.50017243707078,0.608656570801991,0.25,0.998859580934223,"MED MED","R1"
75,841,1,179.728345005102,79,5,5.50011750190599,0.608656570801991,0.25,0.965209026534992,"MED MED","R1"
77,860,1,146.931012769895,79,3,3.49990601943905,0.608656570801991,0.25,0.498248897768145,"MED MED","R1"
77,867,8,144.560358803106,79,3,3.49917634263518,0.608656570801991,0.25,0.438389054584596,"MED MED","R1"
77,860,1,163.289551371282,80,4,4.50057710150025,0.704692594218227,0.25,0.839419727785903,"MED MED","R1"
77,869,10,164.904020779565,80,4,4.49918191734235,0.704692594218227,0.25,0.860306479799282,"MED MED","R1"
78,875,6,149.198670335741,80,3,3.50014251565212,0.704692594218227,0.25,0.555578438798991,"MED MED","R1"
79,883,2,134.669110727956,80,2,2.50084367155553,0.704692594218227,0.25,0.222356798324437,"MED MED","R1"
79,884,3,119.136247303082,80,2,2.50262495864063,0.704692594218227,0.25,0.0557731913863139,"MED MED","R1"
79,883,2,159.463698019853,81,3,3.49902185011695,0.557023876651505,0.25,0.779966112733678,"MED MED","R1"
79,887,6,144.747404055859,81,3,3.50175994969522,0.557023876651505,0.25,0.443070089686688,"MED MED","R1"
80,898,5,131.895659682895,81,2,2.50029176689631,0.557023876651505,0.25,0.177470551219579,"MED MED","R1"
78,875,6,179.336498938857,82,5,5.49884282825973,0.648764104471106,0.25,0.963848011111289,"MED MED","R1"
78,879,10,157.023647053945,82,5,5.50133500358594,0.648764104471106,0.25,0.734529167096393,"MED MED","R1"
79,883,2,179.289978567662,82,4,4.49988348546322,0.648764104471106,0.25,0.963683065708943,"MED MED","R1"
79,884,3,151.9064756405,82,4,4.49960777346885,0.648764104471106,0.25,0.622028271147176,"MED MED","R1"
79,888,7,161.891429148243,82,4,4.49852286318626,0.648764104471106,0.25,0.81935182601006,"MED MED","R1"
80,900,7,155.119402389805,82,3,3.50071451347765,0.648764104471106,0.25,0.695165774858909,"MED MED","R1"
80,901,8,144.569182639761,82,3,3.49982585903667,0.648764104471106,0.25,0.438609642252763,"MED MED","R1"
80,903,10,150.59580044661,82,3,3.50145267251702,0.648764104471106,0.25,0.590272060361247,"MED MED","R1"
78,875,6,189.568035865624,83,6,6.49972483845221,0.548039993177204,0.25,0.986901001220197,"MED MED","R1"
78,879,10,164.22901426667,83,6,6.49880778099752,0.548039993177204,0.25,0.85186484300295,"MED MED","R1"
79,884,3,162.433381329212,83,5,5.50140887398285,0.548039993177204,0.25,0.827353787846327,"MED MED","R1"
79,888,7,174.243573759249,83,5,5.50051974323849,0.548039993177204,0.25,0.940816473088954,"MED MED","R1"
80,898,5,174.261981466967,83,4,4.50119716099698,0.548039993177204,0.25,0.940920453670442,"MED MED","R1"
80,901,8,160.308343551449,83,4,4.49953694681707,0.548039993177204,0.25,0.794330282046153,"MED MED","R1"
81,907,3,151.048966365955,83,3,3.4987544100668,0.548039993177204,0.25,0.601351893171722,"MED MED","R1"
81,913,9,155.094083472129,83,3,3.50046993685795,0.548039993177204,0.25,0.69462074598467,"MED MED","R1"
81,914,10,149.228155827864,83,3,3.50044127342,0.548039993177204,0.25,0.556317500786602,"MED MED","R1"
82,922,8,117.463079736835,83,2,2.49942002838058,0.548039993177204,0.25,0.0474731607133411,"MED MED","R1"
78,879,10,169.564653433786,84,7,7.50203209572702,0.549408119971948,0.25,0.90813249697304,"MED MED","R1"
79,884,3,170.325516246952,84,6,6.50036689988031,0.549408119971948,0.25,0.914377479615709,"MED MED","R1"
82,916,2,134.371119161022,84,3,3.50130907558258,0.549408119971948,0.25,0.217169114475322,"MED MED","R1"
82,917,3,168.449117118838,84,3,3.50069170975565,0.549408119971948,0.25,0.89823631506108,"MED MED","R1"
82,920,6,147.352889318955,84,3,3.5002769313993,0.549408119971948,0.25,0.508956464836109,"MED MED","R1"
83,925,2,128.011379195635,84,2,2.49898123208256,0.549408119971948,0.25,0.126976567369462,"MED MED","R1"
79,884,3,176.242335054078,85,7,7.50127054312858,0.681283064534867,0.25,0.951155874220898,"MED MED","R1"
82,917,3,190.944946952661,85,4,4.49927080359061,0.681283064534867,0.25,0.988590512876773,"MED MED","R1"
82,920,6,163.8232156861,85,4,4.50107246677246,0.681283064534867,0.25,0.846589826482323,"MED MED","R1"
82,922,8,149.069614853039,85,4,4.50061266806664,0.681283064534867,0.25,0.552340775363912,"MED MED","R1"
83,925,2,150.111491941365,85,3,3.4973583709736,0.681283064534867,0.25,0.578328916112438,"MED MED","R1"
83,926,3,152.616856942344,85,3,3.49886953363612,0.681283064534867,0.25,0.638830744988844,"MED MED","R1"
83,932,9,158.99520639792,85,3,3.49994241244163,0.681283064534867,0.25,0.771694101003627,"MED MED","R1"
84,940,8,135.950711092491,85,2,2.50007784363787,0.681283064534867,0.25,0.245666327340164,"MED MED","R1"
82,920,6,176.54420868646,86,5,5.50021548995971,0.547535409517375,0.25,0.952560290978502,"MED MED","R1"
82,922,8,159.103107421859,86,5,5.49865879803469,0.547535409517375,0.25,0.773618509822128,"MED MED","R1"
83,926,3,170.511168249678,86,4,4.5007437965662,0.547535409517375,0.25,0.915841765659601,"MED MED","R1"
83,927,4,151.699306757853,86,4,4.49992464547726,0.547535409517375,0.25,0.617070361070502,"MED MED","R1"
83,930,7,153.029806981787,86,4,4.49970201170417,0.547535409517375,0.25,0.648447194726948,"MED MED","R1"
84,935,3,139.844061919034,86,3,3.50044194148031,0.547535409517375,0.25,0.325950193858009,"MED MED","R1"
84,937,5,142.416687494785,86,3,3.50034391556994,0.547535409517375,0.25,0.38571633030945,"MED MED","R1"
84,940,8,161.279993238851,86,3,3.49895405538402,0.547535409517375,0.25,0.809980223725797,"MED MED","R1"
85,949,6,121.904012341047,86,2,2.49810594202899,0.547535409517375,0.25,0.0725572393652016,"MED MED","R1"
85,950,7,129.775728764936,86,2,2.50113484096102,0.547535409517375,0.25,0.148195937320153,"MED MED","R1"
82,922,8,166.568854618189,87,6,6.50006829869334,0.615737572970411,0.25,0.879411854741454,"MED MED","R1"
83,927,4,162.189799490901,87,5,5.50048418860041,0.615737572970411,0.25,0.823792510552987,"MED MED","R1"
84,943,11,154.250195017857,87,4,4.50129399074271,0.615737572970411,0.25,0.676148915243876,"MED MED","R1"
85,946,3,156.443999512074,87,3,3.49897361490357,0.615737572970411,0.25,0.722895850592572,"MED MED","R1"
85,947,4,155.661523579496,87,3,3.49949909167807,0.615737572970411,0.25,0.706703071713015,"MED MED","R1"
82,922,8,172.123987172203,88,7,7.50100491362079,0.560161678935168,0.25,0.927633831820912,"MED MED","R1"
84,943,11,165.193197466701,88,5,5.49988052568268,0.560161678935168,0.25,0.863797852431367,"MED MED","R1"
85,947,4,174.403896491762,88,4,4.49971516508945,0.560161678935168,0.25,0.941716365750745,"MED MED","R1"
85,950,7,170.45933885499,88,4,4.49960830716441,0.560161678935168,0.25,0.915435277251358,"MED MED","R1"
86,953,1,151.315653697357,88,3,3.50120108722246,0.560161678935168,0.25,0.607824938553446,"MED MED","R1"
86,954,2,141.496531717843,88,3,3.49992702339149,0.560161678935168,0.25,0.36382973902032,"MED MED","R1"
82,922,8,176.25746462344,89,8,8.49980931225801,0.585592214795237,0.25,0.951227191406857,"MED MED","R1"
85,947,4,189.233747488688,89,5,5.5002004699087,0.585592214795237,0.25,0.986454901208565,"MED MED","R1"
85,950,7,184.485602548578,89,5,5.49930287696126,0.585592214795237,0.25,0.978246827087745,"MED MED","R1"
86,956,4,163.742645969385,89,4,4.50121014293961,0.585592214795237,0.25,0.845524373573348,"MED MED","R1"
86,959,7,155.039771395605,89,4,4.49889495576282,0.585592214795237,0.25,0.69344975516164,"MED MED","R1"
87,964,2,159.603484343616,89,3,3.49786524638156,0.585592214795237,0.25,0.782392192259467,"MED MED","R1"
87,966,4,143.495439100164,89,3,3.49921966190978,0.585592214795237,0.25,0.411970249944679,"MED MED","R1"
87,970,8,157.65258624715,89,3,3.49900797349483,0.585592214795237,0.25,0.746793324776721,"MED MED","R1"
88,977,5,129.996431755583,89,2,2.49931577586627,0.585592214795237,0.25,0.151047006471141,"MED MED","R1"
85,950,7,195.48682259792,90,6,6.50125590270592,0.555233094027843,0.25,0.992775183696396,"MED MED","R1"
87,966,4,158.956651182208,90,4,4.49992119490579,0.555233094027843,0.25,0.771003683797029,"MED MED","R1"
87,970,8,176.959137347293,90,4,4.50140074427175,0.555233094027843,0.25,0.954428163546524,"MED MED","R1"
88,975,3,133.312049450237,90,3,3.50232585700031,0.555233094027843,0.25,0.199444449257568,"MED MED","R1"
89,991,9,123.789726408455,90,2,2.49804496780937,0.555233094027843,0.25,0.0865430487950553,"MED MED","R1"
85,950,7,204.115410026329,91,7,7.50110753957002,0.654487231086488,0.25,0.996978763950521,"MED MED","R1"
88,975,3,146.251656024086,91,4,4.499124285817,0.654487231086488,0.25,0.481013847285372,"MED MED","R1"
89,986,4,139.421303972609,91,3,3.50143559823113,0.654487231086488,0.25,0.316590946937308,"MED MED","R1"
89,990,8,145.367865352115,91,3,3.50017768233959,0.654487231086488,0.25,0.458665919122034,"MED MED","R1"
89,993,11,148.970016885802,91,3,3.49946450448168,0.654487231086488,0.25,0.549839071466769,"MED MED","R1"
85,950,7,210.883070401793,92,8,8.49917467690283,0.635441526979245,0.25,0.998477989710989,"MED MED","R1"
89,989,7,148.379123499319,92,4,4.49785035992471,0.635441526979245,0.25,0.534949336100138,"MED MED","R1"
89,993,11,165.872068578808,92,4,4.50016551512801,0.635441526979245,0.25,0.871705810529091,"MED MED","R1"
90,1002,7,151.948326940162,92,3,3.49932307773732,0.635441526979245,0.25,0.623026792050911,"MED MED","R1"
91,1015,9,133.301066196006,92,2,2.50174303301935,0.635441526979245,0.25,0.199266456044653,"MED MED","R1"
89,989,7,158.294224177088,93,5,5.49970542692939,0.685183794826547,0.25,0.758913029810067,"MED MED","R1"
89,991,9,171.891352239758,93,5,5.5001219110792,0.685183794826547,0.25,0.926032135296963,"MED MED","R1"
89,993,11,178.989762991146,93,5,5.49957210767684,0.685183794826547,0.25,0.962601061108947,"MED MED","R1"
90,1006,11,173.843753100586,93,4,4.50059387468583,0.685183794826547,0.25,0.938515260040134,"MED MED","R1"
91,1007,1,145.815406360402,93,3,3.50073514699114,0.685183794826547,0.25,0.469967542882374,"MED MED","R1"
91,1008,2,161.698174469801,93,3,3.50136338230623,0.685183794826547,0.25,0.816429326184409,"MED MED","R1"
91,1009,3,154.838910935892,93,3,3.50029639934747,0.685183794826547,0.25,0.689097470147209,"MED MED","R1"
91,1016,10,139.705472364665,93,3,3.50003695663908,0.685183794826547,0.25,0.322866233357983,"MED MED","R1"
89,991,9,181.056750912984,94,6,6.49817107060223,0.666433011582867,0.25,0.969464766761203,"MED MED","R1"
90,1006,11,188.558243251341,94,5,5.50106832760717,0.666433011582867,0.25,0.985507240409996,"MED MED","R1"
91,1007,1,161.880016149191,94,4,4.49889308199602,0.666433011582867,0.25,0.819180245071013,"MED MED","R1"
91,1009,3,173.350400662221,94,4,4.49966188897398,0.666433011582867,0.25,0.935560490371381,"MED MED","R1"
91,1017,11,180.075712325411,94,4,4.49936200635635,0.666433011582867,0.25,0.966374142993082,"MED MED","R1"
93,1035,8,122.935442934523,94,2,2.49958648766919,0.666433011582867,0.25,0.079927557278549,"MED MED","R1"
89,991,9,188.069146924518,95,7,7.4994243582613,0.631775451790665,0.25,0.984780603426004,"MED MED","R1"
91,1007,1,174.229996614316,95,5,5.50035875333429,0.631775451790665,0.25,0.940739669291979,"MED MED","R1"
91,1009,3,187.963626795211,95,5,5.50148398750102,0.631775451790665,0.25,0.984619192051719,"MED MED","R1"
92,1018,1,156.269210998931,95,4,4.50014073875721,0.631775451790665,0.25,0.719326854305952,"MED MED","R1"
93,1029,2,149.500533899109,95,3,3.49870671532296,0.631775451790665,0.25,0.563132537683536,"MED MED","R1"
93,1034,7,149.760914523848,95,3,3.49932180036773,0.631775451790665,0.25,0.569625218374341,"MED MED","R1"
94,1038,1,127.046290249109,95,2,2.49894117101912,0.631775451790665,0.25,0.116505394141389,"MED MED","R1"
89,991,9,193.434292465456,96,8,8.50038058469334,0.555660668463514,0.25,0.991116039511126,"MED MED","R1"
92,1018,1,167.576759047123,96,5,5.49809815331327,0.555660668463514,0.25,0.889849750430891,"MED MED","R1"
93,1029,2,166.545328881285,96,4,4.5016575613755,0.555660668463514,0.25,0.879158319527182,"MED MED","R1"
93,1030,3,163.030673113407,96,4,4.49970090020213,0.555660668463514,0.25,0.835845039223249,"MED MED","R1"
93,1034,7,166.875969008005,96,4,4.49980092339509,0.555660668463514,0.25,0.882679681077843,"MED MED","R1"
94,1039,2,153.809291661596,96,3,3.49858276819682,0.555660668463514,0.25,0.66627019299507,"MED MED","R1"
94,1040,3,154.656099506425,96,3,3.49987866177562,0.555660668463514,0.25,0.685106970177078,"MED MED","R1"
94,1044,7,152.503985716803,96,3,3.50094070099965,0.555660668463514,0.25,0.636182420838048,"MED MED","R1"
95,1050,3,122.400914536675,96,2,2.49910389652178,0.555660668463514,0.25,0.0760263433208807,"MED MED","R1"
92,1018,1,176.149951181968,97,6,6.49948041862167,0.710640077196313,0.25,0.950718248020005,"MED MED","R1"
93,1034,7,180.190097742682,97,5,5.50160401197379,0.710640077196313,0.25,0.966749498740112,"MED MED","R1"
92,1018,1,182.650000800835,98,7,7.49762476345328,0.58597543694064,0.25,0.973906508033923,"MED MED","R1"
95,1048,1,162.319821659089,98,4,4.50050868137904,0.58597543694064,0.25,0.825700629467681,"MED MED","R1"
95,1050,3,157.504949218101,98,4,4.5002374357779,0.58597543694064,0.25,0.743948360031708,"MED MED","R1"
96,1059,2,160.059737252807,98,3,3.5004579750866,0.58597543694064,0.25,0.790175927991675,"MED MED","R1"
96,1066,9,149.150646726625,98,3,3.5000620059059,0.58597543694064,0.25,0.554374188652623,"MED MED","R1"
95,1050,3,169.038387051889,99,5,5.50087917243463,0.714739772719135,0.25,0.903576415346325,"MED MED","R1"
96,1058,1,161.628072211736,99,4,4.4987956013352,0.714739772719135,0.25,0.815360183019473,"MED MED","R1"
97,1071,3,151.870482789569,99,3,3.49872794155975,0.714739772719135,0.25,0.621168696732401,"MED MED","R1"
97,1075,7,144.44679503335,99,3,3.5011052540944,0.714739772719135,0.25,0.435552269689326,"MED MED","R1"
