"cohort","ind","fish_size","Year","Age","AgeE","dtype","FMORT","M","Sel","FSIM","REG"
1,1,153.027459357384,3,3,3.50062501045025,"M",0,0.25,1,"LOW HIGH NA",NA
1,2,161.281688688631,4,4,4.50173727652378,"M",0,0.25,1,"LOW HIGH NA",NA
1,3,149.345048851754,3,3,3.50073007229599,"M",0,0.25,1,"LOW HIGH NA",NA
1,4,205.614617844386,7,7,7.49843181159486,"M",0,0.25,1,"LOW HIGH NA",NA
1,5,64.1616285835144,0,0,0.499348111548825,"M",0,0.25,1,"LOW HIGH NA",NA
1,6,192.161317219252,7,7,7.49955150270406,"M",0,0.25,1,"LOW HIGH NA",NA
1,7,231.241836301969,8,8,8.49957548275167,"M",0,0.25,1,"LOW HIGH NA",NA
1,8,139.065852066725,3,3,3.49957774457252,"M",0,0.25,1,"LOW HIGH NA",NA
1,9,93.9906204450879,1,1,1.50011969655869,"M",0,0.25,1,"LOW HIGH NA",NA
1,10,167.190146332425,4,4,4.50045301367968,"M",0,0.25,1,"LOW HIGH NA",NA
1,11,145.259509128763,3,3,3.49930494637069,"M",0,0.25,1,"LOW HIGH NA",NA
1,12,63.4896028350924,0,0,0.499825465609475,"M",0,0.25,1,"LOW HIGH NA",NA
1,13,126.663258386369,2,2,2.49993572738263,"M",0,0.25,1,"LOW HIGH NA",NA
2,1,138.355399669772,4,3,3.49989200365133,"M",0,0.25,1,"LOW HIGH NA",NA
2,2,57.3032523172049,1,0,0.501231320213508,"M",0,0.25,1,"LOW HIGH NA",NA
2,3,206.220793152434,7,6,6.49937143693105,"M",0,0.25,1,"LOW HIGH NA",NA
2,4,64.9434520118871,1,0,0.501142862973834,"M",0,0.25,1,"LOW HIGH NA",NA
2,5,97.4844654917687,2,1,1.50109453701145,"M",0,0.25,1,"LOW HIGH NA",NA
2,6,177.117402891989,10,9,9.49978170868967,"M",0,0.25,1,"LOW HIGH NA",NA
2,7,136.98690895074,3,2,2.50147855297383,"M",0,0.25,1,"LOW HIGH NA",NA
2,8,132.611154800479,4,3,3.50043241786213,"M",0,0.25,1,"LOW HIGH NA",NA
2,9,162.125362073831,8,7,7.49829755769434,"M",0,0.25,1,"LOW HIGH NA",NA
2,10,62.4099010112182,1,0,0.501525533649872,"M",0,0.25,1,"LOW HIGH NA",NA
2,11,214.607952728746,13,12,12.5013521259575,"M",0,0.25,1,"LOW HIGH NA",NA
3,1,133.295282414517,4,2,2.50012480541038,"M",0,0.25,1,"LOW HIGH NA",NA
3,2,93.409933263211,3,1,1.50088047505601,"M",0,0.25,1,"LOW HIGH NA",NA
3,3,63.1550891466465,2,0,0.499311139582165,"M",0,0.25,1,"LOW HIGH NA",NA
3,4,132.200014100045,4,2,2.49833809532744,"M",0,0.25,1,"LOW HIGH NA",NA
3,5,93.8746419554333,3,1,1.50014418959943,"M",0,0.25,1,"LOW HIGH NA",NA
3,6,168.800628949007,8,6,6.50050896238146,"M",0,0.25,1,"LOW HIGH NA",NA
3,7,65.3038841972181,2,0,0.501799094938431,"M",0,0.25,1,"LOW HIGH NA",NA
3,8,165.801668415156,6,4,4.50185679258286,"M",0,0.25,1,"LOW HIGH NA",NA
3,9,162.33065726452,7,5,5.50052906013081,"M",0,0.25,1,"LOW HIGH NA",NA
3,10,192.241361307902,10,8,8.49881476191688,"M",0,0.25,1,"LOW HIGH NA",NA
3,11,148.855631654933,5,3,3.50058650807437,"M",0,0.25,1,"LOW HIGH NA",NA
4,1,149.649429797777,6,3,3.49903158111527,"M",0,0.25,1,"LOW HIGH NA",NA
4,2,140.229432953742,6,3,3.50080219877157,"M",0,0.25,1,"LOW HIGH NA",NA
4,3,209.590057911191,13,10,10.5000401008342,"M",0,0.25,1,"LOW HIGH NA",NA
4,4,169.956495631098,7,4,4.50050470892713,"M",0,0.25,1,"LOW HIGH NA",NA
4,5,105.803190959651,4,1,1.50235651586731,"M",0,0.25,1,"LOW HIGH NA",NA
4,6,165.935187978916,8,5,5.50018515616657,"M",0,0.25,1,"LOW HIGH NA",NA
4,7,139.407323466654,6,3,3.50123691459732,"M",0,0.25,1,"LOW HIGH NA",NA
4,8,101.783398808735,4,1,1.4995868982728,"M",0,0.25,1,"LOW HIGH NA",NA
4,9,64.9323975567421,3,0,0.5011784697439,"M",0,0.25,1,"LOW HIGH NA",NA
4,10,214.484124837351,12,9,9.49989857670647,"M",0,0.25,1,"LOW HIGH NA",NA
4,11,148.882969237924,6,3,3.49957371284959,"M",0,0.25,1,"LOW HIGH NA",NA
4,12,162.579471939708,7,4,4.50022808797506,"M",0,0.25,1,"LOW HIGH NA",NA
5,1,153.457204538315,7,3,3.50109657470509,"M",0,0.25,1,"LOW HIGH NA",NA
5,2,182.203327117974,11,7,7.49966419077118,"M",0,0.25,1,"LOW HIGH NA",NA
5,3,63.0147356408727,4,0,0.499471605315349,"M",0,0.25,1,"LOW HIGH NA",NA
5,4,103.48950372932,5,1,1.50093078515774,"M",0,0.25,1,"LOW HIGH NA",NA
5,5,97.0728446275633,5,1,1.50019708390907,"M",0,0.25,1,"LOW HIGH NA",NA
5,6,133.559808631581,6,2,2.50071024717715,"M",0,0.25,1,"LOW HIGH NA",NA
5,7,219.833981454438,18,14,14.5001672363298,"M",0,0.25,1,"LOW HIGH NA",NA
5,8,98.2449413539068,5,1,1.50042061584238,"M",0,0.25,1,"LOW HIGH NA",NA
5,9,183.742382782164,10,6,6.4998397674296,"M",0,0.25,1,"LOW HIGH NA",NA
5,10,62.7736449747634,4,0,0.501241248103535,"M",0,0.25,1,"LOW HIGH NA",NA
5,11,131.340888555542,6,2,2.50085491325815,"M",0,0.25,1,"LOW HIGH NA",NA
6,1,230.224073352542,14,9,9.49805957404444,"M",0,0.25,1,"LOW HIGH NA",NA
6,2,62.4516451655283,5,0,0.498273495912808,"M",0,0.25,1,"LOW HIGH NA",NA
6,3,162.703533952698,9,4,4.50037787704996,"M",0,0.25,1,"LOW HIGH NA",NA
6,4,207.304946589532,14,9,9.50132135337441,"M",0,0.25,1,"LOW HIGH NA",NA
6,5,62.7294602699591,5,0,0.502446448473192,"M",0,0.25,1,"LOW HIGH NA",NA
6,6,111.666962301894,7,2,2.49918549815092,"M",0,0.25,1,"LOW HIGH NA",NA
6,7,99.838901975558,6,1,1.49997826710877,"M",0,0.25,1,"LOW HIGH NA",NA
6,8,211.551757400972,14,9,9.50072011645037,"M",0,0.25,1,"LOW HIGH NA",NA
6,9,60.6920885396276,5,0,0.500283302271857,"M",0,0.25,1,"LOW HIGH NA",NA
6,10,205.307480409785,12,7,7.49842585075299,"M",0,0.25,1,"LOW HIGH NA",NA
6,11,129.886005593438,7,2,2.50013379391512,"M",0,0.25,1,"LOW HIGH NA",NA
6,12,101.374198508397,6,1,1.49968082238779,"M",0,0.25,1,"LOW HIGH NA",NA
6,13,168.478163226713,10,5,5.50104536478025,"M",0,0.25,1,"LOW HIGH NA",NA
7,1,62.9462010931423,6,0,0.499065490956839,"M",0,0.25,1,"LOW HIGH NA",NA
7,2,201.676034314888,12,6,6.49944262726396,"M",0,0.25,1,"LOW HIGH NA",NA
7,3,178.772368400054,14,8,8.49855117985539,"M",0,0.25,1,"LOW HIGH NA",NA
7,4,100.843612626221,7,1,1.50019248607011,"M",0,0.25,1,"LOW HIGH NA",NA
7,5,193.616455981742,13,7,7.50045888058607,"M",0,0.25,1,"LOW HIGH NA",NA
7,6,63.6977334051693,6,0,0.500503984874035,"M",0,0.25,1,"LOW HIGH NA",NA
7,7,140.8589119553,10,4,4.49981704718731,"M",0,0.25,1,"LOW HIGH NA",NA
7,8,64.4854753376673,6,0,0.501177323966325,"M",0,0.25,1,"LOW HIGH NA",NA
7,9,184.673286400174,11,5,5.49947632347848,"M",0,0.25,1,"LOW HIGH NA",NA
7,10,137.697465207947,9,3,3.49929836361859,"M",0,0.25,1,"LOW HIGH NA",NA
7,11,203.163836335513,14,8,8.49893600933297,"M",0,0.25,1,"LOW HIGH NA",NA
7,12,62.6126983016768,6,0,0.499123638954344,"M",0,0.25,1,"LOW HIGH NA",NA
8,1,163.878722755782,13,6,6.49894714606983,"M",0,0.25,1,"LOW HIGH NA",NA
8,2,210.335297675475,20,13,13.5002084603869,"M",0,0.25,1,"LOW HIGH NA",NA
8,3,62.8132870685498,7,0,0.501666328604226,"M",0,0.25,1,"LOW HIGH NA",NA
8,4,196.759929016641,12,5,5.49999450443199,"M",0,0.25,1,"LOW HIGH NA",NA
8,5,145.519813599686,10,3,3.49992261809084,"M",0,0.25,1,"LOW HIGH NA",NA
8,6,64.027454065471,7,0,0.50086186223665,"M",0,0.25,1,"LOW HIGH NA",NA
8,7,170.286198429952,11,4,4.50014179881592,"M",0,0.25,1,"LOW HIGH NA",NA
8,8,92.7903230601426,8,1,1.49973808786579,"M",0,0.25,1,"LOW HIGH NA",NA
8,9,119.460425213111,9,2,2.498800137857,"M",0,0.25,1,"LOW HIGH NA",NA
8,10,219.246762455857,16,9,9.49998910556481,"M",0,0.25,1,"LOW HIGH NA",NA
8,11,63.8015138732498,7,0,0.498685461015722,"M",0,0.25,1,"LOW HIGH NA",NA
8,12,198.963648378156,13,6,6.49906594876077,"M",0,0.25,1,"LOW HIGH NA",NA
9,1,199.570002271222,14,6,6.49915582801361,"M",0,0.25,1,"LOW HIGH NA",NA
9,2,100.478290077591,9,1,1.49989957919382,"M",0,0.25,1,"LOW HIGH NA",NA
9,3,127.485389975596,10,2,2.50209183845278,"M",0,0.25,1,"LOW HIGH NA",NA
9,4,125.286917923697,10,2,2.49894163694581,"M",0,0.25,1,"LOW HIGH NA",NA
9,5,173.081745842528,12,4,4.50068359960468,"M",0,0.25,1,"LOW HIGH NA",NA
9,6,101.664297692887,9,1,1.49918710991323,"M",0,0.25,1,"LOW HIGH NA",NA
9,7,61.1621813472888,8,0,0.499138996282668,"M",0,0.25,1,"LOW HIGH NA",NA
9,8,145.345131071904,11,3,3.49884970541801,"M",0,0.25,1,"LOW HIGH NA",NA
9,9,61.9460177873486,8,0,0.500422441066126,"M",0,0.25,1,"LOW HIGH NA",NA
9,10,194.275628112182,13,5,5.50023255902127,"M",0,0.25,1,"LOW HIGH NA",NA
10,1,159.17606158738,13,4,4.50078478792059,"M",0,0.25,1,"LOW HIGH NA",NA
10,2,201.348178374731,15,6,6.49982041566133,"M",0,0.25,1,"LOW HIGH NA",NA
10,3,95.8404015549495,10,1,1.50245374041453,"M",0,0.25,1,"LOW HIGH NA",NA
10,4,163.64667664525,18,9,9.50120073321398,"M",0,0.25,1,"LOW HIGH NA",NA
10,5,98.9196089944694,10,1,1.50152369622322,"M",0,0.25,1,"LOW HIGH NA",NA
10,6,200.671583949622,17,8,8.50062016089078,"M",0,0.25,1,"LOW HIGH NA",NA
10,7,117.377980568135,11,2,2.50133279003699,"M",0,0.25,1,"LOW HIGH NA",NA
10,8,95.6212999781562,10,1,1.50060008841337,"M",0,0.25,1,"LOW HIGH NA",NA
10,9,129.378482895086,11,2,2.49973203369211,"M",0,0.25,1,"LOW HIGH NA",NA
10,10,167.84553402291,16,7,7.500259296446,"M",0,0.25,1,"LOW HIGH NA",NA
10,11,152.186251382023,12,3,3.50120418435416,"M",0,0.25,1,"LOW HIGH NA",NA
11,1,61.18897332248,10,0,0.499656429951591,"M",0,0.25,1,"LOW HIGH NA",NA
11,2,154.405190064213,14,4,4.50016850212601,"M",0,0.25,1,"LOW HIGH NA",NA
11,3,97.8813729560499,11,1,1.50121243741207,"M",0,0.25,1,"LOW HIGH NA",NA
11,4,66.503180996414,10,0,0.498708600446014,"M",0,0.25,1,"LOW HIGH NA",NA
11,5,154.599995311318,13,3,3.50060618006358,"M",0,0.25,1,"LOW HIGH NA",NA
11,6,62.3224695742053,10,0,0.499815483283103,"M",0,0.25,1,"LOW HIGH NA",NA
11,7,63.2961171099229,10,0,0.500565711378253,"M",0,0.25,1,"LOW HIGH NA",NA
11,8,98.472166852598,11,1,1.49914759941396,"M",0,0.25,1,"LOW HIGH NA",NA
11,9,199.551158479956,18,8,8.50209296032859,"M",0,0.25,1,"LOW HIGH NA",NA
11,10,228.83684742889,20,10,10.500789291244,"M",0,0.25,1,"LOW HIGH NA",NA
11,11,61.0388431193302,10,0,0.497983353626718,"M",0,0.25,1,"LOW HIGH NA",NA
11,12,158.057672401681,14,4,4.49935961916834,"M",0,0.25,1,"LOW HIGH NA",NA
11,13,144.669020391676,13,3,3.49775950993735,"M",0,0.25,1,"LOW HIGH NA",NA
12,1,168.004537749034,15,4,4.50114900744911,"M",0,0.25,1,"LOW HIGH NA",NA
12,2,97.4206449368146,12,1,1.49839572444272,"M",0,0.25,1,"LOW HIGH NA",NA
12,3,104.993280824579,12,1,1.49979401378731,"M",0,0.25,1,"LOW HIGH NA",NA
12,4,103.827346597442,12,1,1.50008324554469,"M",0,0.25,1,"LOW HIGH NA",NA
12,5,167.245722316988,17,6,6.49977011578953,"M",0,0.25,1,"LOW HIGH NA",NA
12,6,206.835080336409,22,11,11.4987500161248,"M",0,0.25,1,"LOW HIGH NA",NA
12,7,130.336574600644,13,2,2.50017952544034,"M",0,0.25,1,"LOW HIGH NA",NA
12,8,217.789333206373,22,11,11.5002481621141,"M",0,0.25,1,"LOW HIGH NA",NA
12,9,63.5734205166879,11,0,0.501991485627383,"M",0,0.25,1,"LOW HIGH NA",NA
12,10,150.907432966756,14,3,3.49984136446408,"M",0,0.25,1,"LOW HIGH NA",NA
12,11,153.59657873098,14,3,3.50066284432459,"M",0,0.25,1,"LOW HIGH NA",NA
13,1,176.329782909405,19,7,7.50071494838087,"M",0,0.25,1,"LOW HIGH NA",NA
13,2,184.569140141831,16,4,4.50029306946374,"M",0,0.25,1,"LOW HIGH NA",NA
13,3,124.970548338599,14,2,2.49816578936119,"M",0,0.25,1,"LOW HIGH NA",NA
13,4,97.6235009959697,13,1,1.49864353817335,"M",0,0.25,1,"LOW HIGH NA",NA
13,5,150.175844823468,15,3,3.5015532870899,"M",0,0.25,1,"LOW HIGH NA",NA
13,6,193.710226934203,19,7,7.5020294905101,"M",0,0.25,1,"LOW HIGH NA",NA
13,7,100.629097090058,13,1,1.49909514751104,"M",0,0.25,1,"LOW HIGH NA",NA
13,8,133.135811138195,15,3,3.50126328415516,"M",0,0.25,1,"LOW HIGH NA",NA
13,9,183.018386689859,18,6,6.49979623854002,"M",0,0.25,1,"LOW HIGH NA",NA
13,10,152.139513753023,15,3,3.50004605390297,"M",0,0.25,1,"LOW HIGH NA",NA
13,11,61.43272682484,12,0,0.499273537877227,"M",0,0.25,1,"LOW HIGH NA",NA
14,1,177.880307729774,19,6,6.50021681735114,"M",0,0.25,1,"LOW HIGH NA",NA
14,2,137.463891110247,15,2,2.49990926658545,"M",0,0.25,1,"LOW HIGH NA",NA
14,3,189.859851746519,26,13,13.5001966694466,"M",0,0.25,1,"LOW HIGH NA",NA
14,4,95.4826702584962,14,1,1.498481977445,"M",0,0.25,1,"LOW HIGH NA",NA
14,5,190.874319418508,18,5,5.50018896945248,"M",0,0.25,1,"LOW HIGH NA",NA
14,6,63.8643401574601,13,0,0.50130814259415,"M",0,0.25,1,"LOW HIGH NA",NA
14,7,60.3616260232719,13,0,0.49978357212529,"M",0,0.25,1,"LOW HIGH NA",NA
14,8,93.8274419726331,14,1,1.49822338291111,"M",0,0.25,1,"LOW HIGH NA",NA
14,9,118.326326943894,15,2,2.49962539305274,"M",0,0.25,1,"LOW HIGH NA",NA
14,10,102.378945634558,14,1,1.49932956340268,"M",0,0.25,1,"LOW HIGH NA",NA
14,11,65.3037548334657,13,0,0.50068633032228,"M",0,0.25,1,"LOW HIGH NA",NA
14,12,206.326861120971,25,12,12.4994131088841,"M",0,0.25,1,"LOW HIGH NA",NA
15,1,60.4960077020841,14,0,0.498828594987488,"M",0,0.25,1,"LOW HIGH NA",NA
15,2,63.2967285530617,14,0,0.498720037030788,"M",0,0.25,1,"LOW HIGH NA",NA
15,3,205.437135308682,23,9,9.50033061230228,"M",0,0.25,1,"LOW HIGH NA",NA
15,4,158.467081289024,18,4,4.49935512259907,"M",0,0.25,1,"LOW HIGH NA",NA
15,5,96.7804266372363,15,1,1.49919286629226,"M",0,0.25,1,"LOW HIGH NA",NA
15,6,133.551302060492,16,2,2.49928518905524,"M",0,0.25,1,"LOW HIGH NA",NA
15,7,189.058258692078,19,5,5.49997908462778,"M",0,0.25,1,"LOW HIGH NA",NA
15,8,181.475732140643,19,5,5.50007033720184,"M",0,0.25,1,"LOW HIGH NA",NA
15,9,95.306860419019,15,1,1.50145585208825,"M",0,0.25,1,"LOW HIGH NA",NA
15,10,198.26249972935,28,14,14.5014131408277,"M",0,0.25,1,"LOW HIGH NA",NA
15,11,120.987671661088,16,2,2.50243588151685,"M",0,0.25,1,"LOW HIGH NA",NA
16,1,61.2955363836915,15,0,0.500083874921249,"M",0,0.25,1,"LOW HIGH NA",NA
16,2,100.940255354231,16,1,1.50256810978993,"M",0,0.25,1,"LOW HIGH NA",NA
16,3,59.6759691699566,15,0,0.499977973445475,"M",0,0.25,1,"LOW HIGH NA",NA
16,4,152.059643420841,19,4,4.4996339368745,"M",0,0.25,1,"LOW HIGH NA",NA
16,5,182.149870476672,20,5,5.5002807249828,"M",0,0.25,1,"LOW HIGH NA",NA
16,6,135.573639288617,18,3,3.49903056621855,"M",0,0.25,1,"LOW HIGH NA",NA
16,7,63.3866207932884,15,0,0.500030234121374,"M",0,0.25,1,"LOW HIGH NA",NA
16,8,121.876792684254,17,2,2.50229412034487,"M",0,0.25,1,"LOW HIGH NA",NA
16,9,60.5180658209386,15,0,0.500385077752067,"M",0,0.25,1,"LOW HIGH NA",NA
16,10,95.1151028192263,16,1,1.49940469179243,"M",0,0.25,1,"LOW HIGH NA",NA
16,11,101.289606306975,16,1,1.50044602670145,"M",0,0.25,1,"LOW HIGH NA",NA
16,12,126.419281810985,17,2,2.4993917373199,"M",0,0.25,1,"LOW HIGH NA",NA
17,1,187.444245207707,22,6,6.50122159110393,"M",0,0.25,1,"LOW HIGH NA",NA
17,2,62.8484484015159,16,0,0.499236308520039,"M",0,0.25,1,"LOW HIGH NA",NA
17,3,66.2152262759364,16,0,0.500769554854812,"M",0,0.25,1,"LOW HIGH NA",NA
17,4,63.3932016602581,16,0,0.498656218033658,"M",0,0.25,1,"LOW HIGH NA",NA
17,5,156.423446116311,20,4,4.4990804779339,"M",0,0.25,1,"LOW HIGH NA",NA
17,6,62.7469513436946,16,0,0.500663325628699,"M",0,0.25,1,"LOW HIGH NA",NA
17,7,104.441314249814,17,1,1.49947539948475,"M",0,0.25,1,"LOW HIGH NA",NA
17,8,96.2714586603589,17,1,1.50138881581165,"M",0,0.25,1,"LOW HIGH NA",NA
17,9,178.717611916072,21,5,5.50112397598205,"M",0,0.25,1,"LOW HIGH NA",NA
17,10,118.298459596607,18,2,2.50053995780628,"M",0,0.25,1,"LOW HIGH NA",NA
17,11,164.793421975246,19,3,3.49974780032336,"M",0,0.25,1,"LOW HIGH NA",NA
18,1,175.31535543179,23,6,6.50018059531094,"M",0,0.25,1,"LOW HIGH NA",NA
18,2,181.20687385155,23,6,6.50044748439799,"M",0,0.25,1,"LOW HIGH NA",NA
18,3,149.598251571763,20,3,3.49898420873895,"M",0,0.25,1,"LOW HIGH NA",NA
18,4,156.878609992223,21,4,4.49772188606879,"M",0,0.25,1,"LOW HIGH NA",NA
18,5,97.946357501134,18,1,1.50072813762063,"M",0,0.25,1,"LOW HIGH NA",NA
18,6,139.278788705249,20,3,3.50181724474466,"M",0,0.25,1,"LOW HIGH NA",NA
18,7,174.61844868828,24,7,7.50083429738003,"M",0,0.25,1,"LOW HIGH NA",NA
18,8,157.271951613851,20,3,3.50100416996941,"M",0,0.25,1,"LOW HIGH NA",NA
18,9,194.655306908519,28,11,11.500628158665,"M",0,0.25,1,"LOW HIGH NA",NA
18,10,167.33031042547,20,3,3.50117722315562,"M",0,0.25,1,"LOW HIGH NA",NA
18,11,191.068888712719,22,5,5.50122436282191,"M",0,0.25,1,"LOW HIGH NA",NA
18,12,158.451032658713,21,4,4.49869440281191,"M",0,0.25,1,"LOW HIGH NA",NA
19,1,173.581815867206,24,6,6.49960536178182,"M",0,0.25,1,"LOW HIGH NA",NA
19,2,186.289173115164,24,6,6.5003132306843,"M",0,0.25,1,"LOW HIGH NA",NA
19,3,219.812033917798,29,11,11.4997091398388,"M",0,0.25,1,"LOW HIGH NA",NA
19,4,181.799964824706,27,9,9.49872144848769,"M",0,0.25,1,"LOW HIGH NA",NA
19,5,199.666370621469,23,5,5.50012373093613,"M",0,0.25,1,"LOW HIGH NA",NA
19,6,101.932813484851,19,1,1.49839093459783,"M",0,0.25,1,"LOW HIGH NA",NA
19,7,206.262881703201,25,7,7.50087082710213,"M",0,0.25,1,"LOW HIGH NA",NA
19,8,164.757661454731,22,4,4.50010641562767,"M",0,0.25,1,"LOW HIGH NA",NA
19,9,181.193825161515,22,4,4.50260637925115,"M",0,0.25,1,"LOW HIGH NA",NA
19,10,93.6988857246803,19,1,1.50054899091853,"M",0,0.25,1,"LOW HIGH NA",NA
19,11,177.698693203411,24,6,6.50093971195304,"M",0,0.25,1,"LOW HIGH NA",NA
20,1,210.996777160836,29,10,10.5013975743017,"M",0,0.25,1,"LOW HIGH NA",NA
20,2,191.568921812473,26,7,7.49857637746176,"M",0,0.25,1,"LOW HIGH NA",NA
20,3,191.352516072762,32,13,13.4998304130492,"M",0,0.25,1,"LOW HIGH NA",NA
20,4,145.278315283892,22,3,3.49989996054306,"M",0,0.25,1,"LOW HIGH NA",NA
20,5,184.075406436791,27,8,8.49936048379992,"M",0,0.25,1,"LOW HIGH NA",NA
20,6,109.756923010873,20,1,1.49998131753157,"M",0,0.25,1,"LOW HIGH NA",NA
20,7,99.8338996453076,20,1,1.49802325340246,"M",0,0.25,1,"LOW HIGH NA",NA
20,8,62.3874551317754,19,0,0.499202507574181,"M",0,0.25,1,"LOW HIGH NA",NA
20,9,92.4781414526158,20,1,1.50039560448846,"M",0,0.25,1,"LOW HIGH NA",NA
20,10,66.4868387502666,19,0,0.49960876789176,"M",0,0.25,1,"LOW HIGH NA",NA
20,11,62.1178203570836,19,0,0.502317312010883,"M",0,0.25,1,"LOW HIGH NA",NA
20,12,186.896715641392,26,7,7.49861863878836,"M",0,0.25,1,"LOW HIGH NA",NA
20,13,176.319935975669,23,4,4.49927643181836,"M",0,0.25,1,"LOW HIGH NA",NA
20,14,63.3258899197142,19,0,0.499160214244864,"M",0,0.25,1,"LOW HIGH NA",NA
21,1,125.160136723936,22,2,2.49968183738387,"M",0,0.25,1,"LOW HIGH NA",NA
21,2,183.032657628143,30,10,10.5005589378832,"M",0,0.25,1,"LOW HIGH NA",NA
21,3,135.73362585878,23,3,3.50006076807103,"M",0,0.25,1,"LOW HIGH NA",NA
21,4,190.397898875178,25,5,5.50147321570795,"M",0,0.25,1,"LOW HIGH NA",NA
21,5,128.234347174254,22,2,2.50040684225382,"M",0,0.25,1,"LOW HIGH NA",NA
21,6,99.8638478727457,21,1,1.49939157965572,"M",0,0.25,1,"LOW HIGH NA",NA
21,7,63.1866070814837,20,0,0.500051998865904,"M",0,0.25,1,"LOW HIGH NA",NA
21,8,116.099555363511,22,2,2.49935323967529,"M",0,0.25,1,"LOW HIGH NA",NA
21,9,161.572661648866,25,5,5.50041432241311,"M",0,0.25,1,"LOW HIGH NA",NA
21,10,62.5314868970948,20,0,0.499873937949454,"M",0,0.25,1,"LOW HIGH NA",NA
21,11,93.8428693573055,21,1,1.50018116614974,"M",0,0.25,1,"LOW HIGH NA",NA
21,12,200.282047118239,28,8,8.50125109584168,"M",0,0.25,1,"LOW HIGH NA",NA
21,13,174.000802690715,24,4,4.50172952225734,"M",0,0.25,1,"LOW HIGH NA",NA
21,14,104.397251464131,21,1,1.50080685003272,"M",0,0.25,1,"LOW HIGH NA",NA
22,1,209.08610365681,34,13,13.5008189916359,"M",0,0.25,1,"LOW HIGH NA",NA
22,2,96.4521248745861,22,1,1.50148417512341,"M",0,0.25,1,"LOW HIGH NA",NA
22,3,98.4633380063155,22,1,1.49902043942551,"M",0,0.25,1,"LOW HIGH NA",NA
22,4,120.669546921932,23,2,2.49904886447993,"M",0,0.25,1,"LOW HIGH NA",NA
22,5,213.499564257108,29,8,8.50043129317634,"M",0,0.25,1,"LOW HIGH NA",NA
22,6,169.790765522635,27,6,6.4994851402489,"M",0,0.25,1,"LOW HIGH NA",NA
22,7,122.402774126893,23,2,2.50129975697066,"M",0,0.25,1,"LOW HIGH NA",NA
22,8,177.510169376052,29,8,8.49815406534319,"M",0,0.25,1,"LOW HIGH NA",NA
22,9,172.571988352846,25,4,4.50064095168602,"M",0,0.25,1,"LOW HIGH NA",NA
22,10,63.4167098481249,21,0,0.498488741405497,"M",0,0.25,1,"LOW HIGH NA",NA
22,11,96.3419835743475,22,1,1.49957852903747,"M",0,0.25,1,"LOW HIGH NA",NA
22,12,124.077111694847,23,2,2.50084637249199,"M",0,0.25,1,"LOW HIGH NA",NA
23,1,178.067752300319,29,7,7.49974990175685,"M",0,0.25,1,"LOW HIGH NA",NA
23,2,60.5701864211185,22,0,0.500887558552222,"M",0,0.25,1,"LOW HIGH NA",NA
23,3,164.633803683633,26,4,4.5008710011442,"M",0,0.25,1,"LOW HIGH NA",NA
23,4,62.0188307970831,22,0,0.497751323386037,"M",0,0.25,1,"LOW HIGH NA",NA
23,5,135.556271271062,24,2,2.50130023239068,"M",0,0.25,1,"LOW HIGH NA",NA
23,6,236.515665175992,31,9,9.49898142721734,"M",0,0.25,1,"LOW HIGH NA",NA
23,7,201.16195449661,29,7,7.50008243262018,"M",0,0.25,1,"LOW HIGH NA",NA
23,8,141.172432752555,24,2,2.50104558906917,"M",0,0.25,1,"LOW HIGH NA",NA
23,9,126.748053250935,24,2,2.50004316213081,"M",0,0.25,1,"LOW HIGH NA",NA
23,10,64.8919425781441,22,0,0.499562837408852,"M",0,0.25,1,"LOW HIGH NA",NA
23,11,62.8892984280346,22,0,0.500052345231999,"M",0,0.25,1,"LOW HIGH NA",NA
23,12,209.353150389388,33,11,11.498982878487,"M",0,0.25,1,"LOW HIGH NA",NA
24,1,132.643257168832,25,2,2.50147805470059,"M",0,0.25,1,"LOW HIGH NA",NA
24,2,99.9457580823654,24,1,1.49804298240253,"M",0,0.25,1,"LOW HIGH NA",NA
24,3,59.9702909783126,23,0,0.499265093138879,"M",0,0.25,1,"LOW HIGH NA",NA
24,4,65.8449773539056,23,0,0.49823119606082,"M",0,0.25,1,"LOW HIGH NA",NA
24,5,93.3514345851862,24,1,1.49903926868429,"M",0,0.25,1,"LOW HIGH NA",NA
24,6,62.0900958907524,23,0,0.49946346278542,"M",0,0.25,1,"LOW HIGH NA",NA
24,7,63.2286104811189,23,0,0.499062939256785,"M",0,0.25,1,"LOW HIGH NA",NA
24,8,119.212591108199,25,2,2.49884753687555,"M",0,0.25,1,"LOW HIGH NA",NA
24,9,143.133485852833,26,3,3.50043418689582,"M",0,0.25,1,"LOW HIGH NA",NA
24,10,61.498705360279,23,0,0.497725565783833,"M",0,0.25,1,"LOW HIGH NA",NA
24,11,94.3229702974003,24,1,1.49939104331602,"M",0,0.25,1,"LOW HIGH NA",NA
24,12,62.915447484442,23,0,0.499731621349939,"M",0,0.25,1,"LOW HIGH NA",NA
24,13,64.3220421566488,23,0,0.498989474341874,"M",0,0.25,1,"LOW HIGH NA",NA
24,14,123.340016560897,25,2,2.50094001591425,"M",0,0.25,1,"LOW HIGH NA",NA
25,1,129.690648977821,26,2,2.49814351593963,"M",0,0.25,1,"LOW HIGH NA",NA
25,2,137.25373231768,26,2,2.49952879923333,"M",0,0.25,1,"LOW HIGH NA",NA
25,3,61.6547165558736,24,0,0.500336695139102,"M",0,0.25,1,"LOW HIGH NA",NA
25,4,60.6269296478032,24,0,0.500962403277558,"M",0,0.25,1,"LOW HIGH NA",NA
25,5,117.133431677025,26,2,2.49901649675901,"M",0,0.25,1,"LOW HIGH NA",NA
25,6,199.655495972168,35,11,11.5000990121396,"M",0,0.25,1,"LOW HIGH NA",NA
25,7,147.362348632717,28,4,4.50026198521398,"M",0,0.25,1,"LOW HIGH NA",NA
25,8,117.471861920617,26,2,2.50185415282101,"M",0,0.25,1,"LOW HIGH NA",NA
25,9,155.775456047459,27,3,3.49993794948544,"M",0,0.25,1,"LOW HIGH NA",NA
25,10,64.7781321419093,24,0,0.499422620286428,"M",0,0.25,1,"LOW HIGH NA",NA
26,1,118.199025442317,27,2,2.49967682197382,"M",0,0.25,1,"LOW HIGH NA",NA
26,2,189.701464342542,33,8,8.50033370604577,"M",0,0.25,1,"LOW HIGH NA",NA
26,3,177.81847930279,32,7,7.50237938586977,"M",0,0.25,1,"LOW HIGH NA",NA
26,4,97.2488251751227,26,1,1.49808788942138,"M",0,0.25,1,"LOW HIGH NA",NA
26,5,102.023095817125,26,1,1.49970763964675,"M",0,0.25,1,"LOW HIGH NA",NA
26,6,134.266286271033,27,2,2.49800132126252,"M",0,0.25,1,"LOW HIGH NA",NA
26,7,61.7768656833164,25,0,0.498778309121804,"M",0,0.25,1,"LOW HIGH NA",NA
26,8,159.570581996993,28,3,3.50071899190568,"M",0,0.25,1,"LOW HIGH NA",NA
26,9,188.600755699322,30,5,5.50171917695343,"M",0,0.25,1,"LOW HIGH NA",NA
26,10,118.092842094691,27,2,2.50103813053252,"M",0,0.25,1,"LOW HIGH NA",NA
26,11,105.884557480357,26,1,1.49925269570824,"M",0,0.25,1,"LOW HIGH NA",NA
26,12,151.362971552114,29,4,4.49889449409246,"M",0,0.25,1,"LOW HIGH NA",NA
26,13,63.0371284637479,25,0,0.499949795856594,"M",0,0.25,1,"LOW HIGH NA",NA
26,14,99.8054152017688,26,1,1.50061487781912,"M",0,0.25,1,"LOW HIGH NA",NA
27,1,144.842996580436,29,3,3.49933878992796,"M",0,0.25,1,"LOW HIGH NA",NA
27,2,195.055792208411,34,8,8.49895006018939,"M",0,0.25,1,"LOW HIGH NA",NA
27,3,98.5595684861104,27,1,1.49906579029206,"M",0,0.25,1,"LOW HIGH NA",NA
27,4,141.963452022158,29,3,3.5002035458239,"M",0,0.25,1,"LOW HIGH NA",NA
27,5,212.07643926779,33,7,7.50003788233099,"M",0,0.25,1,"LOW HIGH NA",NA
27,6,62.4552455748402,26,0,0.501330655323222,"M",0,0.25,1,"LOW HIGH NA",NA
27,7,199.84627323735,33,7,7.49985330235439,"M",0,0.25,1,"LOW HIGH NA",NA
27,8,97.1033390516064,27,1,1.49925726339694,"M",0,0.25,1,"LOW HIGH NA",NA
27,9,62.0367365454066,26,0,0.499924132852481,"M",0,0.25,1,"LOW HIGH NA",NA
27,10,94.7235568951448,27,1,1.49982326980133,"M",0,0.25,1,"LOW HIGH NA",NA
27,11,100.899308731035,27,1,1.49973290123259,"M",0,0.25,1,"LOW HIGH NA",NA
27,12,124.072129201135,28,2,2.5000532860087,"M",0,0.25,1,"LOW HIGH NA",NA
28,1,61.3650864691583,27,0,0.499679831279806,"M",0,0.25,1,"LOW HIGH NA",NA
28,2,172.987012536745,32,5,5.50032441636799,"M",0,0.25,1,"LOW HIGH NA",NA
28,3,197.442817589946,32,5,5.50014422506689,"M",0,0.25,1,"LOW HIGH NA",NA
28,4,60.7601670049017,27,0,0.499124185985726,"M",0,0.25,1,"LOW HIGH NA",NA
28,5,159.870939740223,31,4,4.50020814201056,"M",0,0.25,1,"LOW HIGH NA",NA
28,6,220.557955684224,37,10,10.5002868471966,"M",0,0.25,1,"LOW HIGH NA",NA
28,7,144.02829223292,30,3,3.50033077527978,"M",0,0.25,1,"LOW HIGH NA",NA
28,8,96.4884723576319,28,1,1.49922313416445,"M",0,0.25,1,"LOW HIGH NA",NA
28,9,95.6628261579379,28,1,1.50073934490489,"M",0,0.25,1,"LOW HIGH NA",NA
28,10,100.621759323938,28,1,1.49895625802715,"M",0,0.25,1,"LOW HIGH NA",NA
28,11,121.550898145921,29,2,2.49967566274628,"M",0,0.25,1,"LOW HIGH NA",NA
29,1,203.864398775528,34,6,6.50123843659732,"M",0,0.25,1,"LOW HIGH NA",NA
29,2,125.440101604198,30,2,2.50005305973989,"M",0,0.25,1,"LOW HIGH NA",NA
29,3,198.047978080511,38,10,10.501140551868,"M",0,0.25,1,"LOW HIGH NA",NA
29,4,61.2887594438409,28,0,0.499368820552696,"M",0,0.25,1,"LOW HIGH NA",NA
29,5,179.971969243729,33,5,5.50021545402845,"M",0,0.25,1,"LOW HIGH NA",NA
29,6,168.986597420599,32,4,4.49955858121853,"M",0,0.25,1,"LOW HIGH NA",NA
29,7,118.273911030081,30,2,2.49928772281779,"M",0,0.25,1,"LOW HIGH NA",NA
29,8,62.2276358967606,28,0,0.499885363608615,"M",0,0.25,1,"LOW HIGH NA",NA
29,9,131.894716876694,30,2,2.49872093429579,"M",0,0.25,1,"LOW HIGH NA",NA
29,10,173.327968488636,32,4,4.5016174137555,"M",0,0.25,1,"LOW HIGH NA",NA
29,11,143.020775514095,31,3,3.50055771898632,"M",0,0.25,1,"LOW HIGH NA",NA
29,12,61.3950032449615,28,0,0.501218534313866,"M",0,0.25,1,"LOW HIGH NA",NA
29,13,95.0779538489801,29,1,1.49964912825329,"M",0,0.25,1,"LOW HIGH NA",NA
29,14,191.394748321496,35,7,7.50112412224249,"M",0,0.25,1,"LOW HIGH NA",NA
29,15,132.33828135862,30,2,2.50141626140249,"M",0,0.25,1,"LOW HIGH NA",NA
30,1,181.110513579296,34,5,5.49891967260382,"M",0,0.25,1,"LOW HIGH NA",NA
30,2,59.9228927939997,29,0,0.500622438781349,"M",0,0.25,1,"LOW HIGH NA",NA
30,3,193.859691554484,34,5,5.50108747993194,"M",0,0.25,1,"LOW HIGH NA",NA
30,4,205.326681418407,35,6,6.50195243604073,"M",0,0.25,1,"LOW HIGH NA",NA
30,5,194.494449271144,34,5,5.49855409114987,"M",0,0.25,1,"LOW HIGH NA",NA
30,6,168.659136690513,35,6,6.49848542296394,"M",0,0.25,1,"LOW HIGH NA",NA
30,7,194.198690658654,35,6,6.49920341221184,"M",0,0.25,1,"LOW HIGH NA",NA
30,8,60.0233163466169,29,0,0.500341059219317,"M",0,0.25,1,"LOW HIGH NA",NA
30,9,202.317853165636,41,12,12.4999340432446,"M",0,0.25,1,"LOW HIGH NA",NA
30,10,141.03901743217,32,3,3.5003625853934,"M",0,0.25,1,"LOW HIGH NA",NA
30,11,186.207130213387,39,10,10.5017050342343,"M",0,0.25,1,"LOW HIGH NA",NA
30,12,193.767157988028,35,6,6.49854013291275,"M",0,0.25,1,"LOW HIGH NA",NA
31,1,214.73270556704,39,9,9.50012314659433,"M",0,0.25,1,"LOW HIGH NA",NA
31,2,156.898700408193,33,3,3.50018017228576,"M",0,0.25,1,"LOW HIGH NA",NA
31,3,101.454055547532,31,1,1.49827478325548,"M",0,0.25,1,"LOW HIGH NA",NA
31,4,168.941022868198,33,3,3.50080750184295,"M",0,0.25,1,"LOW HIGH NA",NA
31,5,103.746586832575,31,1,1.50043367234961,"M",0,0.25,1,"LOW HIGH NA",NA
31,6,175.04446554487,37,7,7.50003989885704,"M",0,0.25,1,"LOW HIGH NA",NA
31,7,62.2361648971655,30,0,0.500424945398418,"M",0,0.25,1,"LOW HIGH NA",NA
31,8,168.4494972647,35,5,5.49796990188413,"M",0,0.25,1,"LOW HIGH NA",NA
31,9,190.413806193885,34,4,4.49953146054885,"M",0,0.25,1,"LOW HIGH NA",NA
31,10,64.5993239530045,30,0,0.500563657588917,"M",0,0.25,1,"LOW HIGH NA",NA
32,1,104.439658498414,32,1,1.50158867738076,"M",0,0.25,1,"LOW HIGH NA",NA
32,2,217.222401824237,37,6,6.49943954428412,"M",0,0.25,1,"LOW HIGH NA",NA
32,3,180.205804567859,35,4,4.49896284453871,"M",0,0.25,1,"LOW HIGH NA",NA
32,4,248.060704855808,42,11,11.4993041359573,"M",0,0.25,1,"LOW HIGH NA",NA
32,5,99.4743183848742,32,1,1.50009099407168,"M",0,0.25,1,"LOW HIGH NA",NA
32,6,134.039617591556,33,2,2.50013192293955,"M",0,0.25,1,"LOW HIGH NA",NA
32,7,63.0506557638737,31,0,0.500956009771504,"M",0,0.25,1,"LOW HIGH NA",NA
32,8,136.787390784145,34,3,3.49876462484326,"M",0,0.25,1,"LOW HIGH NA",NA
32,9,180.113420187627,37,6,6.50051163241277,"M",0,0.25,1,"LOW HIGH NA",NA
32,10,62.7888000627763,31,0,0.499519544829891,"M",0,0.25,1,"LOW HIGH NA",NA
32,11,60.501768755496,31,0,0.50002714228024,"M",0,0.25,1,"LOW HIGH NA",NA
32,12,122.319227286999,33,2,2.4985781083367,"M",0,0.25,1,"LOW HIGH NA",NA
32,13,152.555055556267,34,3,3.5000731185368,"M",0,0.25,1,"LOW HIGH NA",NA
33,1,208.403811957312,38,6,6.50063835939937,"M",0,0.25,1,"LOW HIGH NA",NA
33,2,65.1698292337582,32,0,0.500165647844685,"M",0,0.25,1,"LOW HIGH NA",NA
33,3,154.76873674936,36,4,4.49940868749298,"M",0,0.25,1,"LOW HIGH NA",NA
33,4,169.076192858526,39,7,7.5004214676109,"M",0,0.25,1,"LOW HIGH NA",NA
33,5,175.076603905242,36,4,4.49889217461287,"M",0,0.25,1,"LOW HIGH NA",NA
33,6,181.513569722646,37,5,5.49800292424007,"M",0,0.25,1,"LOW HIGH NA",NA
33,7,132.664492716906,34,2,2.49910077606285,"M",0,0.25,1,"LOW HIGH NA",NA
33,8,118.304544387764,34,2,2.50084896439534,"M",0,0.25,1,"LOW HIGH NA",NA
33,9,101.465169668845,33,1,1.50013212912216,"M",0,0.25,1,"LOW HIGH NA",NA
33,10,173.588190644969,40,8,8.49833571458754,"M",0,0.25,1,"LOW HIGH NA",NA
33,11,209.44752344408,41,9,9.50046354266319,"M",0,0.25,1,"LOW HIGH NA",NA
33,12,189.629050728728,38,6,6.50012575369122,"M",0,0.25,1,"LOW HIGH NA",NA
34,1,122.079096436544,35,2,2.50184633453985,"M",0,0.25,1,"LOW HIGH NA",NA
34,2,205.163626156588,44,11,11.4993167534267,"M",0,0.25,1,"LOW HIGH NA",NA
34,3,147.497541578351,36,3,3.50139984733087,"M",0,0.25,1,"LOW HIGH NA",NA
34,4,192.342754343029,40,7,7.50001742201179,"M",0,0.25,1,"LOW HIGH NA",NA
34,5,152.139574880614,36,3,3.5005278652541,"M",0,0.25,1,"LOW HIGH NA",NA
34,6,99.9143232518337,34,1,1.49863806553686,"M",0,0.25,1,"LOW HIGH NA",NA
34,7,60.6894259883711,33,0,0.499218989394243,"M",0,0.25,1,"LOW HIGH NA",NA
34,8,60.7149264457086,33,0,0.498924555427818,"M",0,0.25,1,"LOW HIGH NA",NA
34,9,103.196020486435,34,1,1.50109326010234,"M",0,0.25,1,"LOW HIGH NA",NA
34,10,172.211867346121,38,5,5.49923475544018,"M",0,0.25,1,"LOW HIGH NA",NA
34,11,189.022922980623,46,13,13.5008317662101,"M",0,0.25,1,"LOW HIGH NA",NA
34,12,219.475224171774,42,9,9.50143700945862,"M",0,0.25,1,"LOW HIGH NA",NA
35,1,163.486511043032,38,4,4.49875624592026,"M",0,0.25,1,"LOW HIGH NA",NA
35,2,94.817822778609,35,1,1.49961253490853,"M",0,0.25,1,"LOW HIGH NA",NA
35,3,206.3091233834,40,6,6.50029039645037,"M",0,0.25,1,"LOW HIGH NA",NA
35,4,187.377860686904,40,6,6.50011366057173,"M",0,0.25,1,"LOW HIGH NA",NA
35,5,61.7798788807496,34,0,0.499803724973484,"M",0,0.25,1,"LOW HIGH NA",NA
35,6,101.226776585181,35,1,1.4998785948456,"M",0,0.25,1,"LOW HIGH NA",NA
35,7,155.284417486371,38,4,4.49945893020994,"M",0,0.25,1,"LOW HIGH NA",NA
35,8,153.625782709668,38,4,4.5006090098287,"M",0,0.25,1,"LOW HIGH NA",NA
35,9,170.714661976285,39,5,5.49915395799662,"M",0,0.25,1,"LOW HIGH NA",NA
35,10,171.89483855213,41,7,7.50145964759096,"M",0,0.25,1,"LOW HIGH NA",NA
35,11,61.2889519549805,34,0,0.500853235917675,"M",0,0.25,1,"LOW HIGH NA",NA
35,12,63.2111068049311,34,0,0.499351177004941,"M",0,0.25,1,"LOW HIGH NA",NA
36,1,96.3582284837507,36,1,1.50103470525237,"M",0,0.25,1,"LOW HIGH NA",NA
36,2,188.654910247858,40,5,5.4983399571325,"M",0,0.25,1,"LOW HIGH NA",NA
36,3,181.633327262303,39,4,4.49964658964049,"M",0,0.25,1,"LOW HIGH NA",NA
36,4,116.484786998805,37,2,2.49926215288977,"M",0,0.25,1,"LOW HIGH NA",NA
36,5,94.6941308841042,36,1,1.5009223208594,"M",0,0.25,1,"LOW HIGH NA",NA
36,6,93.3577164736444,36,1,1.50052975830186,"M",0,0.25,1,"LOW HIGH NA",NA
36,7,189.689762521201,41,6,6.49986993758712,"M",0,0.25,1,"LOW HIGH NA",NA
36,8,136.423376964147,37,2,2.49964086826868,"M",0,0.25,1,"LOW HIGH NA",NA
36,9,128.767919542534,37,2,2.50019864171834,"M",0,0.25,1,"LOW HIGH NA",NA
36,10,62.3979913839877,35,0,0.501819089091485,"M",0,0.25,1,"LOW HIGH NA",NA
36,11,205.497884481055,49,14,14.5017434864951,"M",0,0.25,1,"LOW HIGH NA",NA
37,1,62.4470201212433,36,0,0.499321148586154,"M",0,0.25,1,"LOW HIGH NA",NA
37,2,61.6670229268764,36,0,0.499547156619218,"M",0,0.25,1,"LOW HIGH NA",NA
37,3,205.238338935792,44,8,8.49884500666935,"M",0,0.25,1,"LOW HIGH NA",NA
37,4,160.582620395643,42,6,6.50046429464945,"M",0,0.25,1,"LOW HIGH NA",NA
37,5,191.090979581843,44,8,8.49924050866075,"M",0,0.25,1,"LOW HIGH NA",NA
37,6,158.384399216212,40,4,4.50008265951607,"M",0,0.25,1,"LOW HIGH NA",NA
37,7,62.9635166364962,36,0,0.50028773281886,"M",0,0.25,1,"LOW HIGH NA",NA
37,8,60.3442502485285,36,0,0.498989899077711,"M",0,0.25,1,"LOW HIGH NA",NA
37,9,62.5209212947664,36,0,0.501440532765578,"M",0,0.25,1,"LOW HIGH NA",NA
37,10,180.517092733678,41,5,5.50077209854221,"M",0,0.25,1,"LOW HIGH NA",NA
37,11,98.1584620827815,37,1,1.4980442868331,"M",0,0.25,1,"LOW HIGH NA",NA
37,12,118.147513067039,38,2,2.50108773192273,"M",0,0.25,1,"LOW HIGH NA",NA
37,13,60.4320911597437,36,0,0.499885162202863,"M",0,0.25,1,"LOW HIGH NA",NA
38,1,94.4038325224496,38,1,1.49988196283708,"M",0,0.25,1,"LOW HIGH NA",NA
38,2,149.38705899337,40,3,3.50034602460964,"M",0,0.25,1,"LOW HIGH NA",NA
38,3,97.5340621670832,38,1,1.50020909865041,"M",0,0.25,1,"LOW HIGH NA",NA
38,4,99.2430657820821,38,1,1.50132583235066,"M",0,0.25,1,"LOW HIGH NA",NA
38,5,63.6575382414704,37,0,0.499603935428417,"M",0,0.25,1,"LOW HIGH NA",NA
38,6,125.143745119487,39,2,2.49983018380995,"M",0,0.25,1,"LOW HIGH NA",NA
38,7,173.221305734152,43,6,6.50126742113246,"M",0,0.25,1,"LOW HIGH NA",NA
38,8,214.658305336666,50,13,13.5010613325613,"M",0.133267093217,0.25,1,"LOW HIGH NA",NA
38,9,228.488516987345,45,8,8.4998119716999,"M",0,0.25,1,"LOW HIGH NA",NA
38,10,182.361636050622,44,7,7.49962193048372,"M",0,0.25,1,"LOW HIGH NA",NA
38,11,229.825788644378,50,13,13.4984139619284,"M",0.133267093217,0.25,1,"LOW HIGH NA",NA
39,1,62.3216693077364,38,0,0.49823099308886,"M",0,0.25,1,"LOW HIGH NA",NA
39,2,151.629143502106,41,3,3.5020283379717,"M",0,0.25,1,"LOW HIGH NA",NA
39,3,62.0113879543606,38,0,0.499870267452235,"M",0,0.25,1,"LOW HIGH NA",NA
39,4,60.6373348747891,38,0,0.499820163971932,"M",0,0.25,1,"LOW HIGH NA",NA
39,5,169.306028769234,44,6,6.49998941984636,"M",0,0.25,1,"LOW HIGH NA",NA
39,6,126.658231846938,40,2,2.49987815875502,"M",0,0.25,1,"LOW HIGH NA",NA
39,7,148.629351324564,41,3,3.49845113392996,"M",0,0.25,1,"LOW HIGH NA",NA
39,8,61.1688927757547,38,0,0.500558424284256,"M",0,0.25,1,"LOW HIGH NA",NA
39,9,63.5268175455309,38,0,0.499400723802448,"M",0,0.25,1,"LOW HIGH NA",NA
39,10,163.43875766903,42,4,4.49949280787642,"M",0,0.25,1,"LOW HIGH NA",NA
39,11,169.738854797164,42,4,4.49898101470725,"M",0,0.25,1,"LOW HIGH NA",NA
39,12,94.871765300571,39,1,1.50077732058523,"M",0,0.25,1,"LOW HIGH NA",NA
40,1,62.4024414488819,39,0,0.499104293195048,"M",0,0.25,1,"LOW HIGH NA",NA
40,2,170.824591660365,42,3,3.49884882950691,"M",0,0.25,1,"LOW HIGH NA",NA
40,3,106.734474245612,40,1,1.49916387896834,"M",0,0.25,1,"LOW HIGH NA",NA
40,4,61.3448470165228,39,0,0.499067736739046,"M",0,0.25,1,"LOW HIGH NA",NA
40,5,62.6441230970739,39,0,0.501580565427942,"M",0,0.25,1,"LOW HIGH NA",NA
40,6,65.0742500850695,39,0,0.497360400723364,"M",0,0.25,1,"LOW HIGH NA",NA
40,7,142.076880813624,42,3,3.49877215964593,"M",0,0.25,1,"LOW HIGH NA",NA
40,8,208.534596660407,44,5,5.49997072412785,"M",0,0.25,1,"LOW HIGH NA",NA
40,9,60.6476066805668,39,0,0.49978188140576,"M",0,0.25,1,"LOW HIGH NA",NA
40,10,181.487350035566,43,4,4.50001630375047,"M",0,0.25,1,"LOW HIGH NA",NA
40,11,96.5107562109503,40,1,1.49821385649142,"M",0,0.25,1,"LOW HIGH NA",NA
40,12,155.530088833927,43,4,4.50280749842152,"M",0,0.25,1,"LOW HIGH NA",NA
41,1,59.7896479922098,40,0,0.50086227007174,"M",0,0.25,1,"LOW HIGH NA",NA
41,2,187.320018474838,51,11,11.5000125071339,"M",0.154767110268585,0.25,1,"LOW HIGH NA",NA
41,3,61.3016761943728,40,0,0.500671776220797,"M",0,0.25,1,"LOW HIGH NA",NA
41,4,124.974163082256,42,2,2.50000600688549,"M",0,0.25,1,"LOW HIGH NA",NA
41,5,178.514423291796,44,4,4.50200026364334,"M",0,0.25,1,"LOW HIGH NA",NA
41,6,64.2597370968471,40,0,0.498800080194713,"M",0,0.25,1,"LOW HIGH NA",NA
41,7,115.988724157394,42,2,2.49923090943121,"M",0,0.25,1,"LOW HIGH NA",NA
41,8,192.408044343198,46,6,6.49873399441899,"M",0,0.25,1,"LOW HIGH NA",NA
41,9,151.075883344203,43,3,3.50219045092546,"M",0,0.25,1,"LOW HIGH NA",NA
41,10,164.32871884469,43,3,3.50253465014087,"M",0,0.25,1,"LOW HIGH NA",NA
41,11,60.2367790061913,40,0,0.501095708916448,"M",0,0.25,1,"LOW HIGH NA",NA
42,1,187.798484160125,50,9,9.49706997291928,"M",0.133267093217,0.25,1,"LOW HIGH NA",NA
42,2,123.798300485719,43,2,2.49929957282398,"M",0,0.25,1,"LOW HIGH NA",NA
42,3,62.1973881441459,41,0,0.500894545366217,"M",0,0.25,1,"LOW HIGH NA",NA
42,4,127.208592685999,43,2,2.50001430539606,"M",0,0.25,1,"LOW HIGH NA",NA
42,5,64.0869278628835,41,0,0.500752217515865,"M",0,0.25,1,"LOW HIGH NA",NA
42,6,187.142375412364,46,5,5.49954684039995,"M",0,0.25,1,"LOW HIGH NA",NA
42,7,137.458621200488,44,3,3.49983615238927,"M",0,0.25,1,"LOW HIGH NA",NA
42,8,178.350062723626,52,11,11.4990684922246,"M",0.142457297234796,0.25,1,"LOW HIGH NA",NA
42,9,171.560265924883,45,4,4.49916803174749,"M",0,0.25,1,"LOW HIGH NA",NA
42,10,142.96527710708,44,3,3.50055554568572,"M",0,0.25,1,"LOW HIGH NA",NA
42,11,61.4258788659521,41,0,0.499731167630778,"M",0,0.25,1,"LOW HIGH NA",NA
43,1,64.6357517553476,42,0,0.499682965825672,"M",0,0.25,1,"LOW HIGH NA",NA
43,2,207.507521314558,54,12,12.4968129041068,"M",0.198184501728974,0.25,1,"LOW HIGH NA",NA
43,3,191.731046342826,51,9,9.49863527553214,"FISHED",0.154767110268585,0.25,1,"LOW HIGH NA",NA
43,4,220.336536139088,52,10,10.4997269362324,"M",0.142457297234796,0.25,1,"LOW HIGH NA",NA
43,5,61.6216965844652,42,0,0.499615883220949,"M",0,0.25,1,"LOW HIGH NA",NA
43,6,101.013812084504,43,1,1.50002315294914,"M",0,0.25,1,"LOW HIGH NA",NA
43,7,124.634622626603,44,2,2.49742207405155,"M",0,0.25,1,"LOW HIGH NA",NA
43,8,128.974064084226,44,2,2.50080230589757,"M",0,0.25,1,"LOW HIGH NA",NA
43,9,209.075473455864,52,10,10.4999008837581,"FISHED",0.142457297234796,0.25,1,"LOW HIGH NA",NA
43,10,62.8258505822353,42,0,0.499887425863943,"M",0,0.25,1,"LOW HIGH NA",NA
43,11,102.353074164621,43,1,1.50089644084623,"M",0,0.25,1,"LOW HIGH NA",NA
43,12,144.219703910367,45,3,3.50018507310039,"M",0,0.25,1,"LOW HIGH NA",NA
43,13,126.699566224374,44,2,2.50105903235387,"M",0,0.25,1,"LOW HIGH NA",NA
44,1,64.9988541555826,43,0,0.499559665347537,"M",0,0.25,1,"LOW HIGH NA",NA
44,2,146.329836477927,46,3,3.49989145628617,"M",0,0.25,1,"LOW HIGH NA",NA
44,3,220.977012518006,51,8,8.5008369257162,"M",0.154767110268585,0.25,1,"LOW HIGH NA",NA
44,4,145.231626085514,46,3,3.49927471359392,"M",0,0.25,1,"LOW HIGH NA",NA
44,5,63.5249076992278,43,0,0.500078937490342,"M",0,0.25,1,"LOW HIGH NA",NA
44,6,123.240602211535,45,2,2.49964684236054,"M",0,0.25,1,"LOW HIGH NA",NA
44,7,127.388633161102,45,2,2.49980312599344,"M",0,0.25,1,"LOW HIGH NA",NA
44,8,190.369061729682,47,4,4.50223895350241,"M",0,0.25,1,"LOW HIGH NA",NA
44,9,101.881759626801,44,1,1.50131333946222,"M",0,0.25,1,"LOW HIGH NA",NA
44,10,117.397678457034,45,2,2.49856232345634,"M",0,0.25,1,"LOW HIGH NA",NA
44,11,140.088567841197,46,3,3.49934834043322,"M",0,0.25,1,"LOW HIGH NA",NA
44,12,62.8303285581001,43,0,0.500526662342425,"M",0,0.25,1,"LOW HIGH NA",NA
45,1,97.3821411882468,45,1,1.49939492798759,"M",0,0.25,1,"LOW HIGH NA",NA
45,2,97.9041661851581,45,1,1.49983175166179,"M",0,0.25,1,"LOW HIGH NA",NA
45,3,98.3948642921347,45,1,1.50014451085712,"M",0,0.25,1,"LOW HIGH NA",NA
45,4,141.98834353124,46,2,2.50125314954597,"M",0,0.25,1,"LOW HIGH NA",NA
45,5,192.339463756358,50,6,6.49995761507714,"M",0.133267093217,0.25,1,"LOW HIGH NA",NA
45,6,94.0232986711075,45,1,1.50012499077734,"M",0,0.25,1,"LOW HIGH NA",NA
45,7,187.058575191391,51,7,7.49934434770226,"FISHED",0.154767110268585,0.25,1,"LOW HIGH NA",NA
45,8,175.052231633274,48,4,4.49903182994385,"M",0,0.25,1,"LOW HIGH NA",NA
45,9,182.740433821296,50,6,6.49896322438059,"M",0.133267093217,0.25,1,"LOW HIGH NA",NA
45,10,100.927120752026,45,1,1.50101045989688,"M",0,0.25,1,"LOW HIGH NA",NA
45,11,196.376235196212,52,8,8.49990001798501,"M",0.142457297234796,0.25,1,"LOW HIGH NA",NA
45,12,63.2772754398517,44,0,0.498199798441991,"M",0,0.25,1,"LOW HIGH NA",NA
45,13,158.837168443588,48,4,4.50107789523609,"M",0,0.25,1,"LOW HIGH NA",NA
45,14,64.4862575662849,44,0,0.500922393108099,"M",0,0.25,1,"LOW HIGH NA",NA
46,1,150.744553154987,50,5,5.50120967377596,"M",0.133267093217,0.25,1,"LOW HIGH NA",NA
46,2,62.1484756455161,45,0,0.499456069700397,"M",0,0.25,1,"LOW HIGH NA",NA
46,3,199.447919309214,51,6,6.50002869518621,"M",0.154767110268585,0.25,1,"LOW HIGH NA",NA
46,4,100.106279011683,46,1,1.498220811943,"M",0,0.25,1,"LOW HIGH NA",NA
46,5,181.970666557009,50,5,5.49974200757686,"FISHED",0.133267093217,0.25,1,"LOW HIGH NA",NA
46,6,60.9764155095576,45,0,0.500164460810386,"M",0,0.25,1,"LOW HIGH NA",NA
46,7,60.352470265414,45,0,0.500612753049291,"M",0,0.25,1,"LOW HIGH NA",NA
46,8,61.7031848613964,45,0,0.500605107462707,"M",0,0.25,1,"LOW HIGH NA",NA
46,9,61.2706011737538,45,0,0.499822471401619,"M",0,0.25,1,"LOW HIGH NA",NA
46,10,167.019167558474,48,3,3.498524141023,"M",0,0.25,1,"LOW HIGH NA",NA
46,11,99.112782260248,46,1,1.50001883971719,"M",0,0.25,1,"LOW HIGH NA",NA
47,1,63.9070286250354,46,0,0.50105662152609,"M",0,0.25,1,"LOW HIGH NA",NA
47,2,98.7950370866904,47,1,1.50067668374728,"M",0,0.25,1,"LOW HIGH NA",NA
47,3,62.0786156743412,46,0,0.499255134028606,"M",0,0.25,1,"LOW HIGH NA",NA
47,4,122.138595629873,48,2,2.49989277630494,"M",0,0.25,1,"LOW HIGH NA",NA
47,5,161.377838506211,50,4,4.50060986370016,"M",0.133267093217,0.25,1,"LOW HIGH NA",NA
47,6,97.6407278911975,47,1,1.50001285121095,"M",0,0.25,1,"LOW HIGH NA",NA
47,7,146.814389848201,49,3,3.49797359285232,"M",0,0.25,1,"LOW HIGH NA",NA
47,8,63.4693413883489,46,0,0.500849438509365,"M",0,0.25,1,"LOW HIGH NA",NA
47,9,125.006922926372,48,2,2.49956309293812,"M",0,0.25,1,"LOW HIGH NA",NA
47,10,129.645226953648,48,2,2.50106427380344,"M",0,0.25,1,"LOW HIGH NA",NA
47,11,208.322882502284,55,9,9.49856190703892,"FISHED",0.169693245785311,0.25,1,"LOW HIGH NA",NA
48,1,129.255806603494,49,2,2.50083258525871,"M",0,0.25,1,"LOW HIGH NA",NA
48,2,64.2330513714671,47,0,0.501224542103147,"M",0,0.25,1,"LOW HIGH NA",NA
48,3,63.6943974495036,47,0,0.501518992187839,"M",0,0.25,1,"LOW HIGH NA",NA
48,4,102.783692498461,48,1,1.50193530153767,"M",0,0.25,1,"LOW HIGH NA",NA
48,5,94.4284919321251,48,1,1.49981967223279,"M",0,0.25,1,"LOW HIGH NA",NA
48,6,62.5279056896473,47,0,0.500206183273262,"M",0,0.25,1,"LOW HIGH NA",NA
48,7,188.011716378937,54,7,7.49889163681264,"M",0.198184501728974,0.25,1,"LOW HIGH NA",NA
48,8,140.720067999007,50,3,3.49915579734037,"M",0.133267093217,0.25,1,"LOW HIGH NA",NA
48,9,94.5980859284549,48,1,1.50040184633855,"M",0,0.25,1,"LOW HIGH NA",NA
48,10,143.765863125651,50,3,3.50077068282673,"FISHED",0.133267093217,0.25,1,"LOW HIGH NA",NA
48,11,196.020121081293,53,6,6.50132367472185,"FISHED",0.126802953705192,0.25,1,"LOW HIGH NA",NA
49,1,59.3747226075125,48,0,0.499099732746349,"M",0,0.25,1,"LOW HIGH NA",NA
49,2,214.104973870949,58,10,10.5000251692637,"M",0.198489543399774,0.25,1,"LOW HIGH NA",NA
49,3,163.913878829363,52,4,4.50048519272179,"M",0.142457297234796,0.25,1,"LOW HIGH NA",NA
49,4,128.000335793861,50,2,2.4993171807611,"M",0.133267093217,0.25,1,"LOW HIGH NA",NA
49,5,129.519748859841,50,2,2.50121872139136,"M",0.133267093217,0.25,1,"LOW HIGH NA",NA
49,6,152.215514368363,53,5,5.50059656258036,"M",0.126802953705192,0.25,1,"LOW HIGH NA",NA
49,7,128.262753867839,50,2,2.49912194591727,"M",0.133267093217,0.25,1,"LOW HIGH NA",NA
49,8,63.4235347755542,48,0,0.499415700720188,"M",0,0.25,1,"LOW HIGH NA",NA
49,9,178.186799629392,53,5,5.50030677392897,"FISHED",0.126802953705192,0.25,1,"LOW HIGH NA",NA
49,10,128.403922871431,50,2,2.50062419967186,"M",0.133267093217,0.25,1,"LOW HIGH NA",NA
50,1,95.2858164076263,50,1,1.49798763427799,"M",0.133267093217,0.25,1,"LOW HIGH NA",NA
50,2,61.9104211202038,49,0,0.499623535981472,"M",0,0.25,1,"LOW HIGH NA",NA
50,3,97.5550246449739,50,1,1.4985351067222,"M",0.133267093217,0.25,1,"LOW HIGH NA",NA
50,4,204.773674174825,62,13,13.500247268361,"M",0.107030139258131,0.25,1,"LOW HIGH NA",NA
50,5,189.991812878427,56,7,7.49954838337056,"FISHED",0.158985677687451,0.25,1,"LOW HIGH NA",NA
50,6,199.488501451629,56,7,7.5018480046794,"M",0.158985677687451,0.25,1,"LOW HIGH NA",NA
50,7,97.0992601795068,50,1,1.49847728864038,"M",0.133267093217,0.25,1,"LOW HIGH NA",NA
50,8,63.15145793368,49,0,0.498522300053757,"M",0,0.25,1,"LOW HIGH NA",NA
50,9,100.101806723044,50,1,1.50268218879974,"FISHED",0.133267093217,0.25,1,"LOW HIGH NA",NA
50,10,148.634710743748,52,3,3.4992895184317,"M",0.142457297234796,0.25,1,"LOW HIGH NA",NA
50,11,102.886713146165,50,1,1.50019729559245,"FISHED",0.133267093217,0.25,1,"LOW HIGH NA",NA
50,12,118.566160514851,51,2,2.50150348826908,"FISHED",0.154767110268585,0.25,1,"LOW HIGH NA",NA
51,1,183.373195313985,55,5,5.50005778857746,"M",0.169693245785311,0.25,1,"LOW HIGH NA",NA
51,2,117.325137073188,52,2,2.49928959921049,"FISHED",0.142457297234796,0.25,1,"LOW HIGH NA",NA
51,3,65.8171226325483,50,0,0.498770030178747,"M",0.133267093217,0.25,1,"LOW HIGH NA",NA
51,4,61.3648355371563,50,0,0.50135350201196,"M",0.133267093217,0.25,1,"LOW HIGH NA",NA
51,5,61.6201998465867,50,0,0.499535163271783,"M",0.133267093217,0.25,1,"LOW HIGH NA",NA
51,6,149.462925451858,53,3,3.4978373043384,"M",0.126802953705192,0.25,1,"LOW HIGH NA",NA
51,7,131.024670720573,52,2,2.49931782207265,"FISHED",0.142457297234796,0.25,1,"LOW HIGH NA",NA
51,8,135.883746745248,53,3,3.49793865130913,"M",0.126802953705192,0.25,1,"LOW HIGH NA",NA
51,9,175.637181178223,55,5,5.50155765154055,"M",0.169693245785311,0.25,1,"LOW HIGH NA",NA
51,10,63.1859206680495,50,0,0.497455443004076,"M",0.133267093217,0.25,1,"LOW HIGH NA",NA
51,11,177.919638023952,55,5,5.50019110648442,"FISHED",0.169693245785311,0.25,1,"LOW HIGH NA",NA
51,12,122.294643950854,52,2,2.5007002458664,"M",0.142457297234796,0.25,1,"LOW HIGH NA",NA
51,13,187.593724608645,55,5,5.50094530029753,"M",0.169693245785311,0.25,1,"LOW HIGH NA",NA
52,1,97.2806735259935,52,1,1.500379850916,"M",0.142457297234796,0.25,1,"LOW HIGH NA",NA
52,2,93.944268064015,52,1,1.50098279682366,"M",0.142457297234796,0.25,1,"LOW HIGH NA",NA
52,3,169.281133734871,58,7,7.50050388963707,"M",0.198489543399774,0.25,1,"LOW HIGH NA",NA
52,4,189.480805252114,58,7,7.50030037620425,"M",0.198489543399774,0.25,1,"LOW HIGH NA",NA
52,5,148.935341377021,54,3,3.49925223554439,"FISHED",0.198184501728974,0.25,1,"LOW HIGH NA",NA
52,6,63.3632290385354,51,0,0.501147968036676,"FISHED",0.154767110268585,0.25,1,"LOW HIGH NA",NA
52,7,169.053909081831,56,5,5.49995658753972,"FISHED",0.158985677687451,0.25,1,"LOW HIGH NA",NA
52,8,102.174535129271,52,1,1.5001420005075,"M",0.142457297234796,0.25,1,"LOW HIGH NA",NA
52,9,62.4959843469613,51,0,0.502297883838553,"FISHED",0.154767110268585,0.25,1,"LOW HIGH NA",NA
52,10,125.150144804905,53,2,2.50134495725406,"M",0.126802953705192,0.25,1,"LOW HIGH NA",NA
52,11,96.3447231903818,52,1,1.50125232992591,"FISHED",0.142457297234796,0.25,1,"LOW HIGH NA",NA
52,12,117.43566805083,53,2,2.49939966874166,"M",0.126802953705192,0.25,1,"LOW HIGH NA",NA
53,1,61.7875129694067,52,0,0.499883419359262,"M",0.142457297234796,0.25,1,"LOW HIGH NA",NA
53,2,150.351165968532,56,4,4.49828035183094,"FISHED",0.158985677687451,0.25,1,"LOW HIGH NA",NA
53,3,97.8031073285677,53,1,1.5012541147665,"FISHED",0.126802953705192,0.25,1,"LOW HIGH NA",NA
53,4,100.355677867921,53,1,1.50153912758773,"M",0.126802953705192,0.25,1,"LOW HIGH NA",NA
53,5,178.270383453859,56,4,4.49852593797128,"FISHED",0.158985677687451,0.25,1,"LOW HIGH NA",NA
53,6,95.3350775531142,53,1,1.49944406571034,"FISHED",0.126802953705192,0.25,1,"LOW HIGH NA",NA
53,7,168.35578971265,60,8,8.50015931639647,"FISHED",0.105407212325372,0.25,1,"LOW HIGH NA",NA
53,8,170.821565601888,60,8,8.50058103180816,"M",0.105407212325372,0.25,1,"LOW HIGH NA",NA
53,9,139.890625102656,55,3,3.50103839259448,"M",0.169693245785311,0.25,1,"LOW HIGH NA",NA
53,10,133.074432556902,54,2,2.50082759779271,"FISHED",0.198184501728974,0.25,1,"LOW HIGH NA",NA
53,11,63.9135175917537,52,0,0.498608264422459,"FISHED",0.142457297234796,0.25,1,"LOW HIGH NA",NA
53,12,62.6489129730364,52,0,0.498354519755948,"M",0.142457297234796,0.25,1,"LOW HIGH NA",NA
54,1,62.5394683132355,53,0,0.50082825553139,"M",0.126802953705192,0.25,1,"LOW HIGH NA",NA
54,2,170.612049030788,58,5,5.50087688940717,"FISHED",0.198489543399774,0.25,1,"LOW HIGH NA",NA
54,3,146.113976316185,56,3,3.49989836140032,"M",0.158985677687451,0.25,1,"LOW HIGH NA",NA
54,4,61.5065609719963,53,0,0.499177735866262,"M",0.126802953705192,0.25,1,"LOW HIGH NA",NA
54,5,195.292094562534,61,8,8.5021445259343,"M",0.105458795512095,0.25,1,"LOW HIGH NA",NA
54,6,62.6042004248402,53,0,0.498388949699189,"FISHED",0.126802953705192,0.25,1,"LOW HIGH NA",NA
54,7,155.423706088268,56,3,3.50074575462948,"FISHED",0.158985677687451,0.25,1,"LOW HIGH NA",NA
54,8,98.2256569217885,54,1,1.50004511498981,"M",0.198184501728974,0.25,1,"LOW HIGH NA",NA
54,9,63.3648370626017,53,0,0.501327995497349,"FISHED",0.126802953705192,0.25,1,"LOW HIGH NA",NA
54,10,161.002175619571,56,3,3.49844955184196,"M",0.158985677687451,0.25,1,"LOW HIGH NA",NA
54,11,64.5975804579199,53,0,0.499013506955582,"M",0.126802953705192,0.25,1,"LOW HIGH NA",NA
54,12,195.411219935739,61,8,8.49701123788854,"M",0.105458795512095,0.25,1,"LOW HIGH NA",NA
54,13,124.525599097317,55,2,2.49779963364745,"M",0.169693245785311,0.25,1,"LOW HIGH NA",NA
55,1,61.3738906961215,54,0,0.501181541239029,"M",0.198184501728974,0.25,1,"LOW HIGH NA",NA
55,2,96.2310194282009,55,1,1.50009015747485,"FISHED",0.169693245785311,0.25,1,"LOW HIGH NA",NA
55,3,64.5673200947025,54,0,0.501227364754706,"M",0.198184501728974,0.25,1,"LOW HIGH NA",NA
55,4,162.161827124329,57,3,3.49861228381146,"M",0.106432679668069,0.25,1,"LOW HIGH NA",NA
55,5,128.678876687203,56,2,2.50006486217687,"M",0.158985677687451,0.25,1,"LOW HIGH NA",NA
55,6,61.6015806622963,54,0,0.49990897731592,"M",0.198184501728974,0.25,1,"LOW HIGH NA",NA
55,7,143.398864587811,57,3,3.49956549980701,"M",0.106432679668069,0.25,1,"LOW HIGH NA",NA
55,8,63.3842176007359,54,0,0.500745607573869,"M",0.198184501728974,0.25,1,"LOW HIGH NA",NA
55,9,64.4662708899729,54,0,0.499856856061689,"FISHED",0.198184501728974,0.25,1,"LOW HIGH NA",NA
55,10,101.980468724141,55,1,1.49766788841427,"M",0.169693245785311,0.25,1,"LOW HIGH NA",NA
56,1,63.6062785528339,55,0,0.500861722029864,"M",0.169693245785311,0.25,1,"LOW HIGH NA",NA
56,2,168.382623553196,58,3,3.5005648006871,"M",0.198489543399774,0.25,1,"LOW HIGH NA",NA
56,3,61.8922000867594,55,0,0.498144951508455,"M",0.169693245785311,0.25,1,"LOW HIGH NA",NA
56,4,101.034269424134,56,1,1.49967739672336,"FISHED",0.158985677687451,0.25,1,"LOW HIGH NA",NA
56,5,63.9057744142772,55,0,0.501361634281314,"M",0.169693245785311,0.25,1,"LOW HIGH NA",NA
56,6,165.01215142167,61,6,6.50040130298091,"M",0.105458795512095,0.25,1,"LOW HIGH NA",NA
56,7,64.7934475906862,55,0,0.497893764822873,"M",0.169693245785311,0.25,1,"LOW HIGH NA",NA
56,8,163.172792896016,59,4,4.49961736528209,"FISHED",0.130952734011225,0.25,1,"LOW HIGH NA",NA
56,9,67.0420662688076,55,0,0.500918394684253,"M",0.169693245785311,0.25,1,"LOW HIGH NA",NA
56,10,148.921780330956,58,3,3.49928330913759,"M",0.198489543399774,0.25,1,"LOW HIGH NA",NA
57,1,182.125885291442,61,5,5.50134356027608,"FISHED",0.105458795512095,0.25,1,"LOW HIGH NA",NA
57,2,102.045527562781,57,1,1.49890124390908,"M",0.106432679668069,0.25,1,"LOW HIGH NA",NA
57,3,185.938320944963,61,5,5.49811003033188,"M",0.105458795512095,0.25,1,"LOW HIGH NA",NA
57,4,178.475304122432,62,6,6.49776916047743,"M",0.107030139258131,0.25,1,"LOW HIGH NA",NA
57,5,96.1794006626419,57,1,1.50099369212088,"FISHED",0.106432679668069,0.25,1,"LOW HIGH NA",NA
57,6,155.063982939289,60,4,4.49941779147476,"M",0.105407212325372,0.25,1,"LOW HIGH NA",NA
57,7,62.3377749642586,56,0,0.500651953954434,"FISHED",0.158985677687451,0.25,1,"LOW HIGH NA",NA
57,8,94.2860904156007,57,1,1.4990509294208,"M",0.106432679668069,0.25,1,"LOW HIGH NA",NA
57,9,61.3540600319167,56,0,0.499975698658771,"M",0.158985677687451,0.25,1,"LOW HIGH NA",NA
57,10,99.0039122692651,57,1,1.50058118924282,"M",0.106432679668069,0.25,1,"LOW HIGH NA",NA
57,11,124.746330416132,58,2,2.50056250336244,"M",0.198489543399774,0.25,1,"LOW HIGH NA",NA
58,1,65.1234686239448,57,0,0.499818006620242,"FISHED",0.106432679668069,0.25,1,"LOW HIGH NA",NA
58,2,99.9056151540249,58,1,1.49921772196256,"FISHED",0.198489543399774,0.25,1,"LOW HIGH NA",NA
58,3,156.989299347379,60,3,3.49923056963368,"M",0.105407212325372,0.25,1,"LOW HIGH NA",NA
58,4,124.070163128493,59,2,2.50086544975019,"M",0.130952734011225,0.25,1,"LOW HIGH NA",NA
58,5,90.573097823394,58,1,1.49956302025511,"M",0.198489543399774,0.25,1,"LOW HIGH NA",NA
58,6,172.672191022339,61,4,4.49821017626889,"M",0.105458795512095,0.25,1,"LOW HIGH NA",NA
58,7,199.90599856495,67,10,10.5018958903404,"FISHED",0.168458712403663,0.25,1,"LOW HIGH NA",NA
58,8,96.2852193531832,58,1,1.49999673512749,"M",0.198489543399774,0.25,1,"LOW HIGH NA",NA
58,9,95.8641071617669,58,1,1.50019841288177,"M",0.198489543399774,0.25,1,"LOW HIGH NA",NA
58,10,62.0984047429277,57,0,0.500168123347253,"M",0.106432679668069,0.25,1,"LOW HIGH NA",NA
59,1,183.629392483156,62,4,4.5000122836685,"FISHED",0.107030139258131,0.25,1,"LOW HIGH NA",NA
59,2,142.703243048408,60,2,2.50019675319473,"M",0.105407212325372,0.25,1,"LOW HIGH NA",NA
59,3,63.5976438325154,58,0,0.500421405355981,"M",0.198489543399774,0.25,1,"LOW HIGH NA",NA
59,4,170.963742933509,62,4,4.50052410453822,"M",0.107030139258131,0.25,1,"LOW HIGH NA",NA
59,5,63.1991695202703,58,0,0.501390159896383,"M",0.198489543399774,0.25,1,"LOW HIGH NA",NA
59,6,100.505119029887,59,1,1.50097502867864,"FISHED",0.130952734011225,0.25,1,"LOW HIGH NA",NA
59,7,64.233021668417,58,0,0.5003415279812,"M",0.198489543399774,0.25,1,"LOW HIGH NA",NA
59,8,96.6031593776389,59,1,1.50022546612713,"M",0.130952734011225,0.25,1,"LOW HIGH NA",NA
59,9,113.740032844859,60,2,2.50082761222898,"M",0.105407212325372,0.25,1,"LOW HIGH NA",NA
59,10,59.9035015848347,58,0,0.500928343750985,"M",0.198489543399774,0.25,1,"LOW HIGH NA",NA
59,11,143.708365453017,61,3,3.49966721439468,"M",0.105458795512095,0.25,1,"LOW HIGH NA",NA
60,1,60.3548691420238,59,0,0.500323820684393,"M",0.130952734011225,0.25,1,"LOW HIGH NA",NA
60,2,202.71223908549,71,12,12.4994380781689,"M",0.116045499732718,0.25,1,"LOW HIGH NA",NA
60,3,135.207989375783,61,2,2.50008197668146,"M",0.105458795512095,0.25,1,"LOW HIGH NA",NA
60,4,63.6595826832318,59,0,0.499676786090596,"M",0.130952734011225,0.25,1,"LOW HIGH NA",NA
60,5,96.1886578670667,60,1,1.49980347066236,"M",0.105407212325372,0.25,1,"LOW HIGH NA",NA
60,6,62.138670992163,59,0,0.498389421962643,"M",0.130952734011225,0.25,1,"LOW HIGH NA",NA
60,7,65.6746677267422,59,0,0.501252576926719,"M",0.130952734011225,0.25,1,"LOW HIGH NA",NA
60,8,91.5255889436269,60,1,1.50233136445464,"M",0.105407212325372,0.25,1,"LOW HIGH NA",NA
60,9,222.672244435494,65,6,6.49987503489114,"M",0.143441707012244,0.25,1,"LOW HIGH NA",NA
60,10,64.6328722080554,59,0,0.499316410213368,"FISHED",0.130952734011225,0.25,1,"LOW HIGH NA",NA
60,11,170.844022810302,63,4,4.49896147790282,"M",0.121964924945496,0.25,1,"LOW HIGH NA",NA
61,1,63.0815819703632,60,0,0.499704226200427,"M",0.105407212325372,0.25,1,"LOW HIGH NA",NA
61,2,65.0431418770165,60,0,0.499571266551214,"M",0.105407212325372,0.25,1,"LOW HIGH NA",NA
61,3,120.653283499445,62,2,2.49988959642214,"M",0.107030139258131,0.25,1,"LOW HIGH NA",NA
61,4,163.85465761643,64,4,4.5001431303703,"M",0.174322394630872,0.25,1,"LOW HIGH NA",NA
61,5,155.463501225435,63,3,3.4988749293105,"FISHED",0.121964924945496,0.25,1,"LOW HIGH NA",NA
61,6,131.683014014345,62,2,2.50043786882529,"FISHED",0.107030139258131,0.25,1,"LOW HIGH NA",NA
61,7,191.736246348389,65,5,5.49998171200884,"M",0.143441707012244,0.25,1,"LOW HIGH NA",NA
61,8,60.1079251595384,60,0,0.500101111343698,"FISHED",0.105407212325372,0.25,1,"LOW HIGH NA",NA
61,9,133.525867636797,62,2,2.49997793571049,"FISHED",0.107030139258131,0.25,1,"LOW HIGH NA",NA
61,10,190.073878003543,68,8,8.49947210838532,"M",0.170545924757607,0.25,1,"LOW HIGH NA",NA
61,11,99.4755828713762,61,1,1.5015161927172,"M",0.105458795512095,0.25,1,"LOW HIGH NA",NA
62,1,156.06438700119,65,4,4.49858550778173,"M",0.143441707012244,0.25,1,"LOW HIGH NA",NA
62,2,202.861123134364,67,6,6.50069438211945,"FISHED",0.168458712403663,0.25,1,"LOW HIGH NA",NA
62,3,100.259701902174,62,1,1.49955267052159,"M",0.107030139258131,0.25,1,"LOW HIGH NA",NA
62,4,99.604823883168,62,1,1.49945749814516,"FISHED",0.107030139258131,0.25,1,"LOW HIGH NA",NA
62,5,128.971708404855,63,2,2.49995545037357,"M",0.121964924945496,0.25,1,"LOW HIGH NA",NA
62,6,118.853357923127,63,2,2.50000958435527,"M",0.121964924945496,0.25,1,"LOW HIGH NA",NA
62,7,63.3130044537999,61,0,0.497829911808762,"M",0.105458795512095,0.25,1,"LOW HIGH NA",NA
62,8,64.8757685068863,61,0,0.498995265874066,"M",0.105458795512095,0.25,1,"LOW HIGH NA",NA
62,9,148.929204783792,64,3,3.49977192720763,"FISHED",0.174322394630872,0.25,1,"LOW HIGH NA",NA
62,10,60.9090732336288,61,0,0.501595975603506,"M",0.105458795512095,0.25,1,"LOW HIGH NA",NA
62,11,62.9322723671623,61,0,0.49776565770153,"M",0.105458795512095,0.25,1,"LOW HIGH NA",NA
62,12,100.326244719133,62,1,1.49989085414057,"M",0.107030139258131,0.25,1,"LOW HIGH NA",NA
62,13,108.097234340145,62,1,1.49907087121435,"M",0.107030139258131,0.25,1,"LOW HIGH NA",NA
63,1,62.5221689298468,62,0,0.499429744584477,"M",0.107030139258131,0.25,1,"LOW HIGH NA",NA
63,2,126.738905764335,64,2,2.50031111722347,"M",0.174322394630872,0.25,1,"LOW HIGH NA",NA
63,3,63.660134218703,62,0,0.500483331957704,"FISHED",0.107030139258131,0.25,1,"LOW HIGH NA",NA
63,4,61.7873761809525,62,0,0.499934613165334,"M",0.107030139258131,0.25,1,"LOW HIGH NA",NA
63,5,63.0296514602128,62,0,0.497810785892023,"M",0.107030139258131,0.25,1,"LOW HIGH NA",NA
63,6,65.5766482781793,62,0,0.500475834257098,"M",0.107030139258131,0.25,1,"LOW HIGH NA",NA
63,7,200.350053932102,67,5,5.49950968667009,"M",0.168458712403663,0.25,1,"LOW HIGH NA",NA
63,8,97.8123866945317,63,1,1.49998447973652,"M",0.121964924945496,0.25,1,"LOW HIGH NA",NA
63,9,61.2120784796051,62,0,0.500172971023115,"M",0.107030139258131,0.25,1,"LOW HIGH NA",NA
63,10,160.71431169906,66,4,4.49855276125723,"M",0.152055734349415,0.25,1,"LOW HIGH NA",NA
63,11,64.7103032681993,62,0,0.500016304078646,"M",0.107030139258131,0.25,1,"LOW HIGH NA",NA
63,12,224.886305010698,72,10,10.4999314307087,"M",0.180610781675205,0.25,1,"LOW HIGH NA",NA
63,13,99.3871025582838,63,1,1.50000050920378,"FISHED",0.121964924945496,0.25,1,"LOW HIGH NA",NA
63,14,100.964272026895,63,1,1.49912904283205,"FISHED",0.121964924945496,0.25,1,"LOW HIGH NA",NA
64,1,176.476484074514,67,4,4.50161621581434,"FISHED",0.168458712403663,0.25,1,"LOW HIGH NA",NA
64,2,101.965681099092,64,1,1.49978295645535,"M",0.174322394630872,0.25,1,"LOW HIGH NA",NA
64,3,62.7245698097592,63,0,0.501300707339006,"M",0.121964924945496,0.25,1,"LOW HIGH NA",NA
64,4,134.992793758044,65,2,2.50146903707866,"M",0.143441707012244,0.25,1,"LOW HIGH NA",NA
64,5,61.9211448335834,63,0,0.499924836776961,"FISHED",0.121964924945496,0.25,1,"LOW HIGH NA",NA
64,6,130.903440092916,65,2,2.5011348819269,"FISHED",0.143441707012244,0.25,1,"LOW HIGH NA",NA
64,7,63.6532773561217,63,0,0.502490556218267,"M",0.121964924945496,0.25,1,"LOW HIGH NA",NA
64,8,137.013533633215,66,3,3.50082790362801,"M",0.152055734349415,0.25,1,"LOW HIGH NA",NA
64,9,174.043148313085,67,4,4.49941426770462,"M",0.168458712403663,0.25,1,"LOW HIGH NA",NA
64,10,130.179867613951,65,2,2.49981987445812,"FISHED",0.143441707012244,0.25,1,"LOW HIGH NA",NA
64,11,60.4526769343209,63,0,0.497978588169439,"M",0.121964924945496,0.25,1,"LOW HIGH NA",NA
65,1,98.6569378228769,65,1,1.4990045179354,"M",0.143441707012244,0.25,1,"LOW HIGH NA",NA
65,2,164.530597414766,68,4,4.49948598655312,"FISHED",0.170545924757607,0.25,1,"LOW HIGH NA",NA
65,3,152.214300853945,68,4,4.4980802383587,"M",0.170545924757607,0.25,1,"LOW HIGH NA",NA
65,4,118.600986127423,66,2,2.50181746542699,"M",0.152055734349415,0.25,1,"LOW HIGH NA",NA
65,5,102.090504801848,65,1,1.50173548495553,"M",0.143441707012244,0.25,1,"LOW HIGH NA",NA
65,6,123.849602816586,66,2,2.50018355583556,"M",0.152055734349415,0.25,1,"LOW HIGH NA",NA
65,7,61.6861294758546,64,0,0.500855457034899,"M",0.174322394630872,0.25,1,"LOW HIGH NA",NA
65,8,120.417420193086,66,2,2.50020204493481,"M",0.152055734349415,0.25,1,"LOW HIGH NA",NA
65,9,121.485120162083,66,2,2.49894586989891,"FISHED",0.152055734349415,0.25,1,"LOW HIGH NA",NA
65,10,182.827006071438,68,4,4.49922588498554,"FISHED",0.170545924757607,0.25,1,"LOW HIGH NA",NA
65,11,97.8951618407847,65,1,1.50044481116421,"M",0.143441707012244,0.25,1,"LOW HIGH NA",NA
66,1,66.1962903005468,65,0,0.498642918305156,"FISHED",0.143441707012244,0.25,1,"LOW HIGH NA",NA
66,2,64.0380537154829,65,0,0.499866320490577,"FISHED",0.143441707012244,0.25,1,"LOW HIGH NA",NA
66,3,90.5535581441648,66,1,1.50042133565496,"FISHED",0.152055734349415,0.25,1,"LOW HIGH NA",NA
66,4,64.5118341709625,65,0,0.500998570868338,"M",0.143441707012244,0.25,1,"LOW HIGH NA",NA
66,5,195.723036798673,73,8,8.50083363778841,"FISHED",0.139994152518921,0.25,1,"LOW HIGH NA",NA
66,6,105.208896440059,66,1,1.49877298980066,"FISHED",0.152055734349415,0.25,1,"LOW HIGH NA",NA
66,7,64.0965908591603,65,0,0.500879474090778,"M",0.143441707012244,0.25,1,"LOW HIGH NA",NA
66,8,64.072456829303,65,0,0.502365918913435,"FISHED",0.143441707012244,0.25,1,"LOW HIGH NA",NA
66,9,186.13560577706,73,8,8.50174205609927,"M",0.139994152518921,0.25,1,"LOW HIGH NA",NA
66,10,175.944530329748,70,5,5.49904258740404,"M",0.117790799960494,0.25,1,"LOW HIGH NA",NA
66,11,63.6388591039474,65,0,0.500328083344727,"FISHED",0.143441707012244,0.25,1,"LOW HIGH NA",NA
67,1,151.647831133028,69,3,3.50058046824041,"FISHED",0.123953981720842,0.25,1,"LOW HIGH NA",NA
67,2,97.6345921307681,67,1,1.50038781594672,"FISHED",0.168458712403663,0.25,1,"LOW HIGH NA",NA
67,3,132.638307079436,68,2,2.49959206733717,"M",0.170545924757607,0.25,1,"LOW HIGH NA",NA
67,4,94.1156366003526,67,1,1.50094516789061,"M",0.168458712403663,0.25,1,"LOW HIGH NA",NA
67,5,61.2354482761023,66,0,0.501163816186668,"M",0.152055734349415,0.25,1,"LOW HIGH NA",NA
67,6,98.7419491317947,67,1,1.50020811617573,"FISHED",0.168458712403663,0.25,1,"LOW HIGH NA",NA
67,7,60.8740871410491,66,0,0.500492083396967,"M",0.152055734349415,0.25,1,"LOW HIGH NA",NA
67,8,150.740283354052,69,3,3.4985786782919,"M",0.123953981720842,0.25,1,"LOW HIGH NA",NA
67,9,137.74098030644,69,3,3.5006905460544,"M",0.123953981720842,0.25,1,"LOW HIGH NA",NA
67,10,64.9674787229288,66,0,0.500260132870193,"M",0.152055734349415,0.25,1,"LOW HIGH NA",NA
67,11,144.181553842575,70,4,4.49829481876532,"M",0.117790799960494,0.25,1,"LOW HIGH NA",NA
68,1,62.1631416267235,67,0,0.501808668049432,"M",0.168458712403663,0.25,1,"LOW HIGH NA",NA
68,2,102.495000846052,68,1,1.49949464506734,"FISHED",0.170545924757607,0.25,1,"LOW HIGH NA",NA
68,3,120.366744746268,69,2,2.49897998387176,"M",0.123953981720842,0.25,1,"LOW HIGH NA",NA
68,4,63.8995432615933,67,0,0.50126600244671,"M",0.168458712403663,0.25,1,"LOW HIGH NA",NA
68,5,61.9309267372243,67,0,0.500831472336179,"M",0.168458712403663,0.25,1,"LOW HIGH NA",NA
68,6,61.87641785802,67,0,0.500094128451337,"FISHED",0.168458712403663,0.25,1,"LOW HIGH NA",NA
68,7,100.022038969388,68,1,1.50052268175987,"M",0.170545924757607,0.25,1,"LOW HIGH NA",NA
68,8,61.2282523075611,67,0,0.499247439619831,"FISHED",0.168458712403663,0.25,1,"LOW HIGH NA",NA
68,9,62.3701433236615,67,0,0.499870980965626,"FISHED",0.168458712403663,0.25,1,"LOW HIGH NA",NA
69,1,96.7651315115864,69,1,1.50019322741205,"FISHED",0.123953981720842,0.25,1,"LOW HIGH NA",NA
69,2,63.4046515470029,68,0,0.500182939490615,"M",0.170545924757607,0.25,1,"LOW HIGH NA",NA
69,3,61.9631506179938,68,0,0.498499983538825,"FISHED",0.170545924757607,0.25,1,"LOW HIGH NA",NA
69,4,122.554987417921,70,2,2.50052128226467,"M",0.117790799960494,0.25,1,"LOW HIGH NA",NA
69,5,151.649024470676,72,4,4.49976891659631,"M",0.180610781675205,0.25,1,"LOW HIGH NA",NA
69,6,125.13011784748,70,2,2.49907295252881,"FISHED",0.117790799960494,0.25,1,"LOW HIGH NA",NA
69,7,61.5220380546609,68,0,0.49878232777237,"M",0.170545924757607,0.25,1,"LOW HIGH NA",NA
69,8,126.252687002556,70,2,2.49849933374098,"M",0.117790799960494,0.25,1,"LOW HIGH NA",NA
69,9,145.707480773685,71,3,3.50029264296283,"FISHED",0.116045499732718,0.25,1,"LOW HIGH NA",NA
69,10,117.032160767876,70,2,2.50054860045656,"M",0.117790799960494,0.25,1,"LOW HIGH NA",NA
70,1,142.201470891068,72,3,3.49969122455069,"M",0.180610781675205,0.25,1,"LOW HIGH NA",NA
70,2,129.899714032689,72,3,3.49887883744796,"M",0.180610781675205,0.25,1,"LOW HIGH NA",NA
70,3,127.885116310795,71,2,2.49914205780184,"M",0.116045499732718,0.25,1,"LOW HIGH NA",NA
70,4,62.3939190902352,69,0,0.501561507691528,"FISHED",0.123953981720842,0.25,1,"LOW HIGH NA",NA
70,5,128.83582359885,71,2,2.49973131164306,"M",0.116045499732718,0.25,1,"LOW HIGH NA",NA
70,6,134.655449416976,71,2,2.49903312297745,"M",0.116045499732718,0.25,1,"LOW HIGH NA",NA
70,7,120.218254140852,71,2,2.49987702774588,"M",0.116045499732718,0.25,1,"LOW HIGH NA",NA
70,8,153.57553187004,72,3,3.50004076697643,"M",0.180610781675205,0.25,1,"LOW HIGH NA",NA
70,9,62.6428591553885,69,0,0.499468149195071,"FISHED",0.123953981720842,0.25,1,"LOW HIGH NA",NA
70,10,170.202897184387,74,5,5.50035506418376,"M",0.130827037990093,0.25,1,"LOW HIGH NA",NA
70,11,97.574919560315,70,1,1.50107301009473,"M",0.117790799960494,0.25,1,"LOW HIGH NA",NA
71,1,100.164503134797,71,1,1.50069660941246,"FISHED",0.116045499732718,0.25,1,"LOW HIGH NA",NA
71,2,62.9544637120696,70,0,0.501105509602449,"FISHED",0.117790799960494,0.25,1,"LOW HIGH NA",NA
71,3,97.6125712266555,71,1,1.49937190626685,"M",0.116045499732718,0.25,1,"LOW HIGH NA",NA
71,4,91.6343692153118,71,1,1.49976607885258,"M",0.116045499732718,0.25,1,"LOW HIGH NA",NA
71,5,98.9402895469609,71,1,1.4999335679829,"M",0.116045499732718,0.25,1,"LOW HIGH NA",NA
71,6,136.548062247659,73,3,3.50072627322286,"FISHED",0.139994152518921,0.25,1,"LOW HIGH NA",NA
71,7,61.0231639980737,70,0,0.501157724986585,"M",0.117790799960494,0.25,1,"LOW HIGH NA",NA
71,8,63.0924995148995,70,0,0.499157963225092,"M",0.117790799960494,0.25,1,"LOW HIGH NA",NA
71,9,61.40493796667,70,0,0.499199443917828,"M",0.117790799960494,0.25,1,"LOW HIGH NA",NA
71,10,127.029343945148,72,2,2.49944430238811,"FISHED",0.180610781675205,0.25,1,"LOW HIGH NA",NA
72,1,95.4459319688298,72,1,1.50154314443345,"M",0.180610781675205,0.25,1,"LOW HIGH NA",NA
72,2,92.5829122128013,72,1,1.49959748303625,"M",0.180610781675205,0.25,1,"LOW HIGH NA",NA
72,3,61.2766855387039,71,0,0.49926654649463,"M",0.116045499732718,0.25,1,"LOW HIGH NA",NA
72,4,62.0534420674457,71,0,0.499687831058624,"M",0.116045499732718,0.25,1,"LOW HIGH NA",NA
72,5,143.129503710803,74,3,3.49883475603001,"FISHED",0.130827037990093,0.25,1,"LOW HIGH NA",NA
72,6,179.460183311258,75,4,4.49924130711091,"FISHED",0.334120034147054,0.25,1,"LOW HIGH NA",NA
72,7,65.5698974962077,71,0,0.501399983837665,"M",0.116045499732718,0.25,1,"LOW HIGH NA",NA
72,8,123.877634341022,73,2,2.49968086897013,"M",0.139994152518921,0.25,1,"LOW HIGH NA",NA
72,9,98.0938832053362,72,1,1.4985511916299,"FISHED",0.180610781675205,0.25,1,"LOW HIGH NA",NA
72,10,98.5992260295888,72,1,1.49868111791081,"M",0.180610781675205,0.25,1,"LOW HIGH NA",NA
72,11,98.5928527222448,72,1,1.50024640092831,"M",0.180610781675205,0.25,1,"LOW HIGH NA",NA
73,1,165.081564470324,76,4,4.499912258055,"M",0.360204779403284,0.25,1,"LOW HIGH NA",NA
73,2,179.854491147885,77,5,5.50037257639241,"M",0.310959612810984,0.25,1,"LOW HIGH NA",NA
73,3,62.9120717683933,72,0,0.500801462176359,"FISHED",0.180610781675205,0.25,1,"LOW HIGH NA",NA
73,4,127.303908890338,75,3,3.49910560549566,"M",0.334120034147054,0.25,1,"LOW HIGH NA",NA
73,5,113.825527107064,74,2,2.49996790375248,"M",0.130827037990093,0.25,1,"LOW HIGH NA",NA
73,6,143.00371574998,75,3,3.49918322639349,"FISHED",0.334120034147054,0.25,1,"LOW HIGH NA",NA
73,7,99.8982734928758,73,1,1.50134503732101,"M",0.139994152518921,0.25,1,"LOW HIGH NA",NA
73,8,98.0928757838504,73,1,1.50122389461183,"M",0.139994152518921,0.25,1,"LOW HIGH NA",NA
73,9,160.566588747794,76,4,4.49993663428919,"M",0.360204779403284,0.25,1,"LOW HIGH NA",NA
74,1,141.254712589826,76,3,3.50037717877943,"M",0.360204779403284,0.25,1,"LOW HIGH NA",NA
74,2,96.2507755974921,74,1,1.50026539419147,"FISHED",0.130827037990093,0.25,1,"LOW HIGH NA",NA
74,3,143.380964215513,76,3,3.50022583705712,"FISHED",0.360204779403284,0.25,1,"LOW HIGH NA",NA
74,4,92.5714315012413,74,1,1.50108828391037,"FISHED",0.130827037990093,0.25,1,"LOW HIGH NA",NA
74,5,135.114455431439,75,2,2.49946630025915,"M",0.334120034147054,0.25,1,"LOW HIGH NA",NA
74,6,157.467895692894,77,4,4.50052019748045,"FISHED",0.310959612810984,0.25,1,"LOW HIGH NA",NA
74,7,59.3268309606502,73,0,0.500996609066395,"M",0.139994152518921,0.25,1,"LOW HIGH NA",NA
74,8,63.0057063455426,73,0,0.501280878801485,"FISHED",0.139994152518921,0.25,1,"LOW HIGH NA",NA
74,9,164.230914525787,78,5,5.500416930088,"FISHED",0.313726830366068,0.25,1,"LOW HIGH NA",NA
74,10,147.992088165176,77,4,4.50017761268594,"M",0.310959612810984,0.25,1,"LOW HIGH NA",NA
74,11,109.887373564845,74,1,1.49950042608354,"M",0.130827037990093,0.25,1,"LOW HIGH NA",NA
75,1,97.8784445048221,75,1,1.49932429343662,"FISHED",0.334120034147054,0.25,1,"LOW HIGH NA",NA
75,2,62.7193110972536,74,0,0.498449840001549,"M",0.130827037990093,0.25,1,"LOW HIGH NA",NA
75,3,182.415808466474,79,5,5.49936751817895,"M",0.326228281483054,0.25,1,"LOW HIGH NA",NA
75,4,123.747295586837,76,2,2.49932726415198,"FISHED",0.360204779403284,0.25,1,"LOW HIGH NA",NA
75,5,63.3758720674831,74,0,0.499988983813302,"M",0.130827037990093,0.25,1,"LOW HIGH NA",NA
75,6,61.927445828805,74,0,0.500173759587766,"M",0.130827037990093,0.25,1,"LOW HIGH NA",NA
75,7,61.3370173298763,74,0,0.502334579630707,"FISHED",0.130827037990093,0.25,1,"LOW HIGH NA",NA
76,1,137.774214951002,78,3,3.49963248566513,"FISHED",0.313726830366068,0.25,1,"LOW HIGH NA",NA
76,2,61.0228860966815,75,0,0.498866979906866,"M",0.334120034147054,0.25,1,"LOW HIGH NA",NA
76,3,63.6323756443586,75,0,0.499630251991077,"FISHED",0.334120034147054,0.25,1,"LOW HIGH NA",NA
76,4,63.8279016687107,75,0,0.500353276615127,"M",0.334120034147054,0.25,1,"LOW HIGH NA",NA
76,5,184.433080621388,80,5,5.5011954133832,"M",0.360533194500022,0.25,1,"LOW HIGH NA",NA
76,6,170.306656244315,78,3,3.50012441838146,"FISHED",0.313726830366068,0.25,1,"LOW HIGH NA",NA
77,1,99.608085319164,77,1,1.50031378349759,"FISHED",0.310959612810984,0.25,1,"LOW HIGH NA",NA
77,2,62.3390099734618,76,0,0.500875872021196,"FISHED",0.360204779403284,0.25,1,"LOW HIGH NA",NA
77,3,99.3058265756782,77,1,1.49944147979931,"M",0.310959612810984,0.25,1,"LOW HIGH NA",NA
77,4,66.8003913184051,76,0,0.500377384014432,"M",0.360204779403284,0.25,1,"LOW HIGH NA",NA
77,5,62.1183217553708,76,0,0.500039350998855,"M",0.360204779403284,0.25,1,"LOW HIGH NA",NA
77,6,62.7463162691879,76,0,0.498062466252943,"FISHED",0.360204779403284,0.25,1,"LOW HIGH NA",NA
77,7,61.2490468101838,76,0,0.500524874814373,"M",0.360204779403284,0.25,1,"LOW HIGH NA",NA
78,1,60.1398399391861,77,0,0.499284954540509,"M",0.310959612810984,0.25,1,"LOW HIGH NA",NA
78,2,63.8120216578659,77,0,0.498172078862433,"M",0.310959612810984,0.25,1,"LOW HIGH NA",NA
78,3,62.6007814547651,77,0,0.498429996594128,"FISHED",0.310959612810984,0.25,1,"LOW HIGH NA",NA
78,4,93.4663031058744,78,1,1.49857314340744,"M",0.313726830366068,0.25,1,"LOW HIGH NA",NA
78,5,61.2914095837092,77,0,0.499773024003441,"M",0.310959612810984,0.25,1,"LOW HIGH NA",NA
78,6,99.596647580415,78,1,1.50002591061088,"M",0.313726830366068,0.25,1,"LOW HIGH NA",NA
78,7,62.9876552658124,77,0,0.499620411936461,"M",0.310959612810984,0.25,1,"LOW HIGH NA",NA
78,8,100.850505956545,78,1,1.50110358099775,"FISHED",0.313726830366068,0.25,1,"LOW HIGH NA",NA
79,1,61.3005336236626,78,0,0.499004682170453,"FISHED",0.313726830366068,0.25,1,"LOW HIGH NA",NA
79,2,184.193549864575,85,7,7.50059007723422,"FISHED",0.389152801432647,0.25,1,"LOW HIGH NA",NA
79,3,122.886064973193,80,2,2.49990527694629,"FISHED",0.360533194500022,0.25,1,"LOW HIGH NA",NA
79,4,96.9270585489678,79,1,1.50070069075876,"FISHED",0.326228281483054,0.25,1,"LOW HIGH NA",NA
79,5,167.322815403644,82,4,4.49911138401181,"M",0.389330837759189,0.25,1,"LOW HIGH NA",NA
79,6,133.922152203578,80,2,2.49773883614461,"FISHED",0.360533194500022,0.25,1,"LOW HIGH NA",NA
79,7,126.752339563814,80,2,2.50046436520828,"FISHED",0.360533194500022,0.25,1,"LOW HIGH NA",NA
79,8,58.4628022416637,78,0,0.499483470777894,"FISHED",0.313726830366068,0.25,1,"LOW HIGH NA",NA
79,9,61.6045513665644,78,0,0.498109220885819,"M",0.313726830366068,0.25,1,"LOW HIGH NA",NA
79,10,206.389026859994,86,8,8.49952082189148,"FISHED",0.322540841670707,0.25,1,"LOW HIGH NA",NA
80,1,59.1658475747326,79,0,0.498017133142154,"FISHED",0.326228281483054,0.25,1,"LOW HIGH NA",NA
80,2,64.1095550585021,79,0,0.499138334638668,"FISHED",0.326228281483054,0.25,1,"LOW HIGH NA",NA
80,3,65.8682992964865,79,0,0.500439372342788,"M",0.326228281483054,0.25,1,"LOW HIGH NA",NA
80,4,62.5698435412428,79,0,0.498179260423908,"FISHED",0.326228281483054,0.25,1,"LOW HIGH NA",NA
80,5,102.464456039834,80,1,1.4995506575789,"M",0.360533194500022,0.25,1,"LOW HIGH NA",NA
80,6,63.6668967598466,79,0,0.499536353304585,"M",0.326228281483054,0.25,1,"LOW HIGH NA",NA
80,7,61.4621766734744,79,0,0.498995233917995,"M",0.326228281483054,0.25,1,"LOW HIGH NA",NA
80,8,63.5653430446409,79,0,0.501037802557228,"FISHED",0.326228281483054,0.25,1,"LOW HIGH NA",NA
80,9,63.7680193912038,79,0,0.498719879783771,"M",0.326228281483054,0.25,1,"LOW HIGH NA",NA
81,1,106.161317947608,81,1,1.50135104110991,"FISHED",0.368076082319021,0.25,1,"LOW HIGH NA",NA
81,2,63.0630332470581,80,0,0.500323855133822,"FISHED",0.360533194500022,0.25,1,"LOW HIGH NA",NA
81,3,122.110800184632,82,2,2.5001649933603,"FISHED",0.389330837759189,0.25,1,"LOW HIGH NA",NA
81,4,66.7842869455585,80,0,0.499820217769667,"FISHED",0.360533194500022,0.25,1,"LOW HIGH NA",NA
81,5,121.837900047757,82,2,2.49945711049154,"FISHED",0.389330837759189,0.25,1,"LOW HIGH NA",NA
81,6,64.1554106662418,80,0,0.500414374825706,"M",0.360533194500022,0.25,1,"LOW HIGH NA",NA
81,7,64.6817704331778,80,0,0.500423735882584,"FISHED",0.360533194500022,0.25,1,"LOW HIGH NA",NA
81,8,60.8435692473492,80,0,0.499159008740259,"M",0.360533194500022,0.25,1,"LOW HIGH NA",NA
82,1,62.1876588791074,81,0,0.499566383823198,"M",0.368076082319021,0.25,1,"LOW HIGH NA",NA
82,2,155.174238443611,84,3,3.50079408715185,"FISHED",0.388133012736216,0.25,1,"LOW HIGH NA",NA
82,3,61.617738354317,81,0,0.502890675515398,"M",0.368076082319021,0.25,1,"LOW HIGH NA",NA
82,4,183.764197621652,87,6,6.49911690608503,"FISHED",0.306072382512502,0.25,1,"LOW HIGH NA",NA
82,5,91.1972662303019,82,1,1.50014070136453,"FISHED",0.389330837759189,0.25,1,"LOW HIGH NA",NA
82,6,94.7627050464873,82,1,1.50053310785878,"M",0.389330837759189,0.25,1,"LOW HIGH NA",NA
82,7,98.5782050994963,82,1,1.4990432859724,"FISHED",0.389330837759189,0.25,1,"LOW HIGH NA",NA
83,1,61.2275622130363,82,0,0.501673838798888,"FISHED",0.389330837759189,0.25,1,"LOW HIGH NA",NA
83,2,61.5716269599181,82,0,0.498808349205108,"M",0.389330837759189,0.25,1,"LOW HIGH NA",NA
83,3,94.0674719878347,83,1,1.49748909101362,"FISHED",0.371977936453186,0.25,1,"LOW HIGH NA",NA
83,4,102.154257602058,83,1,1.49751824997255,"M",0.371977936453186,0.25,1,"LOW HIGH NA",NA
83,5,125.491715764556,84,2,2.49929479205926,"M",0.388133012736216,0.25,1,"LOW HIGH NA",NA
83,6,62.8978047878413,82,0,0.500195344961377,"M",0.389330837759189,0.25,1,"LOW HIGH NA",NA
84,1,121.966393319438,85,2,2.49913824131151,"M",0.389152801432647,0.25,1,"LOW HIGH NA",NA
84,2,143.249161259641,86,3,3.49926078891395,"FISHED",0.322540841670707,0.25,1,"LOW HIGH NA",NA
84,3,61.4029216462878,83,0,0.500742726539043,"M",0.371977936453186,0.25,1,"LOW HIGH NA",NA
84,4,145.714817228862,86,3,3.4990585032442,"M",0.322540841670707,0.25,1,"LOW HIGH NA",NA
84,5,186.407542240625,88,5,5.50057216902501,"M",0.311955572315492,0.25,1,"LOW HIGH NA",NA
84,6,61.0102177828574,83,0,0.500770841514115,"M",0.371977936453186,0.25,1,"LOW HIGH NA",NA
84,7,62.7231914488257,83,0,0.500701574690377,"FISHED",0.371977936453186,0.25,1,"LOW HIGH NA",NA
85,1,142.230503849746,87,3,3.49901635131107,"FISHED",0.306072382512502,0.25,1,"LOW HIGH NA",NA
85,2,98.9374057776704,85,1,1.4994127399691,"FISHED",0.389152801432647,0.25,1,"LOW HIGH NA",NA
85,3,62.6573074892363,84,0,0.500695721967718,"M",0.388133012736216,0.25,1,"LOW HIGH NA",NA
85,4,62.2800580786764,84,0,0.497298385506196,"M",0.388133012736216,0.25,1,"LOW HIGH NA",NA
85,5,102.03606527046,85,1,1.49895983106272,"M",0.389152801432647,0.25,1,"LOW HIGH NA",NA
85,6,64.4992845948181,84,0,0.499685372053449,"M",0.388133012736216,0.25,1,"LOW HIGH NA",NA
85,7,61.4546547423053,84,0,0.501001858689691,"M",0.388133012736216,0.25,1,"LOW HIGH NA",NA
85,8,65.0136785272443,84,0,0.502444626224322,"M",0.388133012736216,0.25,1,"LOW HIGH NA",NA
86,1,63.7401169174619,85,0,0.499530113593981,"M",0.389152801432647,0.25,1,"LOW HIGH NA",NA
86,2,151.141014739901,88,3,3.49935340058851,"FISHED",0.311955572315492,0.25,1,"LOW HIGH NA",NA
86,3,64.7579101791509,85,0,0.499059083430972,"FISHED",0.389152801432647,0.25,1,"LOW HIGH NA",NA
86,4,62.6061361377065,85,0,0.500640833277916,"FISHED",0.389152801432647,0.25,1,"LOW HIGH NA",NA
86,5,95.9920722151319,86,1,1.49942225381238,"FISHED",0.322540841670707,0.25,1,"LOW HIGH NA",NA
86,6,61.6674021615289,85,0,0.498744934061404,"M",0.389152801432647,0.25,1,"LOW HIGH NA",NA
86,7,64.0952006036623,85,0,0.500983293957109,"FISHED",0.389152801432647,0.25,1,"LOW HIGH NA",NA
86,8,61.4976251553549,85,0,0.50045744229712,"M",0.389152801432647,0.25,1,"LOW HIGH NA",NA
86,9,156.048184827642,89,4,4.49904123082694,"M",0.319103553052992,0.25,1,"LOW HIGH NA",NA
86,10,62.418961950741,85,0,0.501330995997331,"M",0.389152801432647,0.25,1,"LOW HIGH NA",NA
87,1,125.19752861039,88,2,2.49983655336005,"M",0.311955572315492,0.25,1,"LOW HIGH NA",NA
87,2,59.9844916074442,86,0,0.501881035555363,"FISHED",0.322540841670707,0.25,1,"LOW HIGH NA",NA
87,3,63.8006279127263,86,0,0.499640209171619,"M",0.322540841670707,0.25,1,"LOW HIGH NA",NA
87,4,99.4127242944039,87,1,1.50132026410883,"M",0.306072382512502,0.25,1,"LOW HIGH NA",NA
87,5,61.6977919174408,86,0,0.499181951508359,"FISHED",0.322540841670707,0.25,1,"LOW HIGH NA",NA
87,6,66.142714369694,86,0,0.499330161000172,"FISHED",0.322540841670707,0.25,1,"LOW HIGH NA",NA
87,7,64.6176019908742,86,0,0.500072807857407,"M",0.322540841670707,0.25,1,"LOW HIGH NA",NA
87,8,132.025302341363,88,2,2.50008887990905,"M",0.311955572315492,0.25,1,"LOW HIGH NA",NA
88,1,62.1105824455994,87,0,0.499512724840875,"M",0.306072382512502,0.25,1,"LOW HIGH NA",NA
88,2,157.762484617347,91,4,4.49864504604059,"FISHED",0.383683575945906,0.25,1,"LOW HIGH NA",NA
88,3,147.405690300234,90,3,3.50028548078681,"FISHED",0.365988985449076,0.25,1,"LOW HIGH NA",NA
88,4,96.6414496313894,88,1,1.50172567902288,"M",0.311955572315492,0.25,1,"LOW HIGH NA",NA
88,5,64.9160166729167,87,0,0.500853225726647,"M",0.306072382512502,0.25,1,"LOW HIGH NA",NA
88,6,61.8546795552051,87,0,0.500107790748784,"M",0.306072382512502,0.25,1,"LOW HIGH NA",NA
88,7,65.3744983244807,87,0,0.500959650732225,"FISHED",0.306072382512502,0.25,1,"LOW HIGH NA",NA
88,8,100.399354793235,88,1,1.50184738256878,"M",0.311955572315492,0.25,1,"LOW HIGH NA",NA
88,9,99.5901058719915,88,1,1.49971809099436,"M",0.311955572315492,0.25,1,"LOW HIGH NA",NA
89,1,144.005031702627,91,3,3.49971305532332,"FISHED",0.383683575945906,0.25,1,"LOW HIGH NA",NA
89,2,92.4608270262133,89,1,1.50081687401984,"M",0.319103553052992,0.25,1,"LOW HIGH NA",NA
89,3,153.607715813683,91,3,3.50076193790492,"FISHED",0.383683575945906,0.25,1,"LOW HIGH NA",NA
89,4,127.896569664092,90,2,2.49976863014149,"FISHED",0.365988985449076,0.25,1,"LOW HIGH NA",NA
89,5,60.2829207721387,88,0,0.500093503865657,"M",0.311955572315492,0.25,1,"LOW HIGH NA",NA
89,6,124.164959414714,90,2,2.50107128609178,"FISHED",0.365988985449076,0.25,1,"LOW HIGH NA",NA
89,7,98.9084576148761,89,1,1.49963651348903,"M",0.319103553052992,0.25,1,"LOW HIGH NA",NA
89,8,60.8164401304655,88,0,0.499789987266136,"M",0.311955572315492,0.25,1,"LOW HIGH NA",NA
89,9,61.9120411352891,88,0,0.500866759369048,"M",0.311955572315492,0.25,1,"LOW HIGH NA",NA
90,1,125.381219335236,91,2,2.50110353260509,"FISHED",0.383683575945906,0.25,1,"LOW HIGH NA",NA
90,2,148.964289930907,92,3,3.50023304592735,"FISHED",0.381417937763035,0.25,1,"LOW HIGH NA",NA
90,3,61.2370138117724,89,0,0.498623805663094,"FISHED",0.319103553052992,0.25,1,"LOW HIGH NA",NA
90,4,62.8687289557569,89,0,0.499944060494792,"FISHED",0.319103553052992,0.25,1,"LOW HIGH NA",NA
90,5,60.6534525818946,89,0,0.498472162053589,"M",0.319103553052992,0.25,1,"LOW HIGH NA",NA
90,6,64.566973819801,89,0,0.498381900484441,"M",0.319103553052992,0.25,1,"LOW HIGH NA",NA
90,7,125.657601213815,91,2,2.50030556170284,"FISHED",0.383683575945906,0.25,1,"LOW HIGH NA",NA
91,1,132.905630465755,92,2,2.49995457435588,"FISHED",0.381417937763035,0.25,1,"LOW HIGH NA",NA
91,2,60.8687392085521,90,0,0.498520634133724,"M",0.365988985449076,0.25,1,"LOW HIGH NA",NA
91,3,102.252678586807,91,1,1.50048202498428,"FISHED",0.383683575945906,0.25,1,"LOW HIGH NA",NA
91,4,62.3050193362705,90,0,0.499685904672355,"M",0.365988985449076,0.25,1,"LOW HIGH NA",NA
92,1,100.257774498063,92,1,1.5012551322118,"FISHED",0.381417937763035,0.25,1,"LOW HIGH NA",NA
92,2,58.5357808757447,91,0,0.500481298206637,"M",0.383683575945906,0.25,1,"LOW HIGH NA",NA
92,3,62.5716362753354,91,0,0.498992404150435,"M",0.383683575945906,0.25,1,"LOW HIGH NA",NA
92,4,63.5698608094809,91,0,0.501709375861919,"M",0.383683575945906,0.25,1,"LOW HIGH NA",NA
92,5,100.278543752123,92,1,1.49962124276749,"M",0.381417937763035,0.25,1,"LOW HIGH NA",NA
93,1,211.432340639986,98,6,6.50131651507412,"FISHED",0.395047737006098,0.25,1,"LOW HIGH NA",NA
93,2,63.2875586972996,92,0,0.499857090276403,"M",0.381417937763035,0.25,1,"LOW HIGH NA",NA
93,3,62.0421490594412,92,0,0.499229980457592,"FISHED",0.381417937763035,0.25,1,"LOW HIGH NA",NA
93,4,63.7063529905481,92,0,0.500340527810894,"FISHED",0.381417937763035,0.25,1,"LOW HIGH NA",NA
93,5,96.7748783848266,93,1,1.50130988818256,"FISHED",0.358932485477999,0.25,1,"LOW HIGH NA",NA
93,6,63.9660386986739,92,0,0.498900010320195,"FISHED",0.381417937763035,0.25,1,"LOW HIGH NA",NA
93,7,128.091288672057,94,2,2.49803153111786,"M",0.314100309181958,0.25,1,"LOW HIGH NA",NA
93,8,61.3399028242601,92,0,0.500763279730434,"M",0.381417937763035,0.25,1,"LOW HIGH NA",NA
94,1,96.0820331484465,94,1,1.49892396548908,"FISHED",0.314100309181958,0.25,1,"LOW HIGH NA",NA
94,2,171.353197760884,98,5,5.49935218085418,"M",0.395047737006098,0.25,1,"LOW HIGH NA",NA
94,3,100.115011782443,94,1,1.50053633289279,"FISHED",0.314100309181958,0.25,1,"LOW HIGH NA",NA
95,1,96.0960641674555,95,1,1.49947186594839,"M",0.391236147307791,0.25,1,"LOW HIGH NA",NA
96,1,154.77182753286,99,4,4.4994799540265,"FISHED",0.309607001324184,0.25,1,"LOW HIGH NA",NA
96,2,93.6343003536156,96,1,1.50139509859123,"M",0.359468063269742,0.25,1,"LOW HIGH NA",NA
97,1,62.19666058566,96,0,0.500721477296751,"FISHED",0.359468063269742,0.25,1,"LOW HIGH NA",NA
97,2,61.313805173081,96,0,0.499932540919569,"M",0.359468063269742,0.25,1,"LOW HIGH NA",NA
97,3,63.5726090697827,96,0,0.497878621921508,"M",0.359468063269742,0.25,1,"LOW HIGH NA",NA
97,4,62.9296801169817,96,0,0.499685162532158,"M",0.359468063269742,0.25,1,"LOW HIGH NA",NA
97,5,59.4335765172333,96,0,0.498428471332258,"FISHED",0.359468063269742,0.25,1,"LOW HIGH NA",NA
98,1,67.5431364941677,97,0,0.500416168704016,"M",0.307456256984733,0.25,1,"LOW HIGH NA",NA
98,2,62.6606235453971,97,0,0.500233789459053,"FISHED",0.307456256984733,0.25,1,"LOW HIGH NA",NA
98,3,146.858147958127,100,3,3.49828540340443,"M",0.335466529033147,0.25,1,"LOW HIGH NA",NA
98,4,101.064572325342,98,1,1.50101327452749,"M",0.395047737006098,0.25,1,"LOW HIGH NA",NA
98,5,65.7705418543729,97,0,0.500801336890466,"M",0.307456256984733,0.25,1,"LOW HIGH NA",NA
98,6,124.073006322075,99,2,2.49927721944349,"M",0.309607001324184,0.25,1,"LOW HIGH NA",NA
99,1,131.933192122898,100,2,2.49915261363337,"FISHED",0.335466529033147,0.25,1,"LOW HIGH NA",NA
99,2,60.8021330292857,98,0,0.50021769039132,"FISHED",0.395047737006098,0.25,1,"LOW HIGH NA",NA
99,3,125.724408835608,100,2,2.4999464470872,"FISHED",0.335466529033147,0.25,1,"LOW HIGH NA",NA
99,4,92.8668510159771,99,1,1.50065293432118,"FISHED",0.309607001324184,0.25,1,"LOW HIGH NA",NA
99,5,131.358560278474,100,2,2.4984755332805,"M",0.335466529033147,0.25,1,"LOW HIGH NA",NA
99,6,90.9662277825168,99,1,1.50133007172326,"M",0.309607001324184,0.25,1,"LOW HIGH NA",NA
99,7,95.074951809239,99,1,1.49979672238328,"FISHED",0.309607001324184,0.25,1,"LOW HIGH NA",NA
100,1,63.1504065611724,99,0,0.499344791724972,"M",0.309607001324184,0.25,1,"LOW HIGH NA",NA
100,2,62.3864474896114,99,0,0.500211914853097,"M",0.309607001324184,0.25,1,"LOW HIGH NA",NA
100,3,63.6186581480211,99,0,0.501406969625125,"FISHED",0.309607001324184,0.25,1,"LOW HIGH NA",NA
100,4,96.19067156674,100,1,1.49758241994017,"FISHED",0.335466529033147,0.25,1,"LOW HIGH NA",NA
100,5,61.0192756084507,99,0,0.502046684144638,"M",0.309607001324184,0.25,1,"LOW HIGH NA",NA
100,6,62.3093777111017,99,0,0.499753681165896,"M",0.309607001324184,0.25,1,"LOW HIGH NA",NA
100,7,63.6422304294764,99,0,0.500857153650252,"M",0.309607001324184,0.25,1,"LOW HIGH NA",NA
100,8,65.4421158597186,99,0,0.49932232758307,"M",0.309607001324184,0.25,1,"LOW HIGH NA",NA
100,9,63.1598728167842,99,0,0.499143115577965,"M",0.309607001324184,0.25,1,"LOW HIGH NA",NA
100,10,98.6624943067003,100,1,1.49956791272477,"FISHED",0.335466529033147,0.25,1,"LOW HIGH NA",NA
