"cohort","ind","fish_size","Year","Age","AgeE","dtype","FMORT","M","Sel","FSIM","REG"
1,1,187.668366238442,5,5,5.49844086719215,"M",0,0.25,1,"MED MED MED",NA
1,2,63.5917143184551,0,0,0.498233901356798,"M",0,0.25,1,"MED MED MED",NA
1,3,94.3726134436683,1,1,1.49816071994873,"M",0,0.25,1,"MED MED MED",NA
1,4,65.6640094180999,0,0,0.499559490492824,"M",0,0.25,1,"MED MED MED",NA
1,5,108.292344520455,1,1,1.50040113110981,"M",0,0.25,1,"MED MED MED",NA
1,6,60.9504453404091,0,0,0.498779325455627,"M",0,0.25,1,"MED MED MED",NA
1,7,188.068732022224,7,7,7.50121088272797,"M",0,0.25,1,"MED MED MED",NA
1,8,201.963214221037,8,8,8.50084084244813,"M",0,0.25,1,"MED MED MED",NA
1,9,59.7271275298764,0,0,0.50181569961923,"M",0,0.25,1,"MED MED MED",NA
1,10,62.8019792225703,0,0,0.498481749018972,"M",0,0.25,1,"MED MED MED",NA
1,11,194.228297251557,8,8,8.49885886472139,"M",0,0.25,1,"MED MED MED",NA
1,12,135.956868578609,3,3,3.49973560455775,"M",0,0.25,1,"MED MED MED",NA
2,1,198.760370651066,7,6,6.50008906090647,"M",0,0.25,1,"MED MED MED",NA
2,2,60.2889233032872,1,0,0.498856867867743,"M",0,0.25,1,"MED MED MED",NA
2,3,215.004151903667,9,8,8.49992047092115,"M",0,0.25,1,"MED MED MED",NA
2,4,231.056263372162,12,11,11.5021607560881,"M",0,0.25,1,"MED MED MED",NA
2,5,152.931874950566,4,3,3.50022112838492,"M",0,0.25,1,"MED MED MED",NA
2,6,63.0950246477783,1,0,0.497661349164417,"M",0,0.25,1,"MED MED MED",NA
2,7,61.3845157870908,1,0,0.499534108176592,"M",0,0.25,1,"MED MED MED",NA
2,8,141.877384229124,4,3,3.50059989807247,"M",0,0.25,1,"MED MED MED",NA
2,9,141.720870332039,4,3,3.5004442663008,"M",0,0.25,1,"MED MED MED",NA
2,10,65.4973225927786,1,0,0.501099121755963,"M",0,0.25,1,"MED MED MED",NA
2,11,195.543385427687,11,10,10.4994985905076,"M",0,0.25,1,"MED MED MED",NA
3,1,64.0604326542768,2,0,0.500678200380028,"M",0,0.25,1,"MED MED MED",NA
3,2,193.945223518215,8,6,6.49958984029614,"M",0,0.25,1,"MED MED MED",NA
3,3,98.0447771314438,3,1,1.50069079458272,"M",0,0.25,1,"MED MED MED",NA
3,4,156.191912252573,6,4,4.50019120330898,"M",0,0.25,1,"MED MED MED",NA
3,5,65.2101959888258,2,0,0.500091094328475,"M",0,0.25,1,"MED MED MED",NA
3,6,148.69639953457,5,3,3.49867201622967,"M",0,0.25,1,"MED MED MED",NA
3,7,148.113065639304,5,3,3.49885164536918,"M",0,0.25,1,"MED MED MED",NA
3,8,119.399159773704,4,2,2.50007047838081,"M",0,0.25,1,"MED MED MED",NA
3,9,64.0719769188543,2,0,0.499645065645602,"M",0,0.25,1,"MED MED MED",NA
3,10,60.363713740544,2,0,0.500238294202043,"M",0,0.25,1,"MED MED MED",NA
3,11,164.809921653038,5,3,3.49912219203765,"M",0,0.25,1,"MED MED MED",NA
3,12,211.751131765657,12,10,10.5007042091039,"M",0,0.25,1,"MED MED MED",NA
4,1,170.869467028765,7,4,4.4984966392265,"M",0,0.25,1,"MED MED MED",NA
4,2,198.796435680754,8,5,5.49850885759928,"M",0,0.25,1,"MED MED MED",NA
4,3,181.885255960691,9,6,6.50040501859778,"M",0,0.25,1,"MED MED MED",NA
4,4,178.391178457308,17,14,14.5006118013239,"M",0,0.25,1,"MED MED MED",NA
4,5,216.994519363661,13,10,10.499357366173,"M",0,0.25,1,"MED MED MED",NA
4,6,62.7073835489551,3,0,0.501365239590658,"M",0,0.25,1,"MED MED MED",NA
4,7,62.7005105109142,3,0,0.500036352824213,"M",0,0.25,1,"MED MED MED",NA
4,8,62.419247316591,3,0,0.50045431549223,"M",0,0.25,1,"MED MED MED",NA
4,9,61.4928690172894,3,0,0.501638933669214,"M",0,0.25,1,"MED MED MED",NA
4,10,204.558047872565,11,8,8.50008523663293,"M",0,0.25,1,"MED MED MED",NA
4,11,186.67466626481,11,8,8.49921210645082,"M",0,0.25,1,"MED MED MED",NA
5,1,126.530334014917,6,2,2.49969446450662,"M",0,0.25,1,"MED MED MED",NA
5,2,96.3007208975589,5,1,1.49827057587136,"M",0,0.25,1,"MED MED MED",NA
5,3,63.7093537965277,4,0,0.499990698353113,"M",0,0.25,1,"MED MED MED",NA
5,4,62.3945022353259,4,0,0.499069106385635,"M",0,0.25,1,"MED MED MED",NA
5,5,191.752198413314,11,7,7.50009085434826,"M",0,0.25,1,"MED MED MED",NA
5,6,61.7238898338921,4,0,0.500046130227387,"M",0,0.25,1,"MED MED MED",NA
5,7,188.119162110105,14,10,10.4996258836038,"M",0,0.25,1,"MED MED MED",NA
5,8,62.7172636000115,4,0,0.499907270803532,"M",0,0.25,1,"MED MED MED",NA
5,9,63.7830531537049,4,0,0.498022518267187,"M",0,0.25,1,"MED MED MED",NA
5,10,121.121249246452,6,2,2.50009380619355,"M",0,0.25,1,"MED MED MED",NA
5,11,156.940791862598,9,5,5.50162425987325,"M",0,0.25,1,"MED MED MED",NA
5,12,153.849447279012,7,3,3.49994350813936,"M",0,0.25,1,"MED MED MED",NA
5,13,194.089345823726,9,5,5.50037891440841,"M",0,0.25,1,"MED MED MED",NA
6,1,153.417375834167,9,4,4.50012964704266,"M",0,0.25,1,"MED MED MED",NA
6,2,160.300292007824,9,4,4.49819601486829,"M",0,0.25,1,"MED MED MED",NA
6,3,203.692035031067,11,6,6.50002163856673,"M",0,0.25,1,"MED MED MED",NA
6,4,151.665860447091,10,5,5.50010248038221,"M",0,0.25,1,"MED MED MED",NA
6,5,186.897632991593,11,6,6.50061635424677,"M",0,0.25,1,"MED MED MED",NA
6,6,99.385526265702,6,1,1.49880316891061,"M",0,0.25,1,"MED MED MED",NA
6,7,98.9721413005975,6,1,1.49983165219235,"M",0,0.25,1,"MED MED MED",NA
6,8,95.6353788124514,6,1,1.50107449653226,"M",0,0.25,1,"MED MED MED",NA
6,9,62.3407729662006,5,0,0.498549110281886,"M",0,0.25,1,"MED MED MED",NA
6,10,209.155150425508,17,12,12.4993935170483,"M",0,0.25,1,"MED MED MED",NA
6,11,205.270028871498,12,7,7.50117540000657,"M",0,0.25,1,"MED MED MED",NA
7,1,64.6691225468241,6,0,0.501606419492592,"M",0,0.25,1,"MED MED MED",NA
7,2,202.204757852457,11,5,5.50011136754033,"M",0,0.25,1,"MED MED MED",NA
7,3,194.663128272352,17,11,11.5022392256281,"M",0,0.25,1,"MED MED MED",NA
7,4,62.0573688764383,6,0,0.499385692032121,"M",0,0.25,1,"MED MED MED",NA
7,5,190.545408776487,12,6,6.49991383969341,"M",0,0.25,1,"MED MED MED",NA
7,6,101.103437609145,7,1,1.4990133401583,"M",0,0.25,1,"MED MED MED",NA
7,7,63.5344821309805,6,0,0.500379908952533,"M",0,0.25,1,"MED MED MED",NA
7,8,63.3846580331352,6,0,0.501348045530154,"M",0,0.25,1,"MED MED MED",NA
7,9,180.797820509568,14,8,8.49995853719635,"M",0,0.25,1,"MED MED MED",NA
7,10,99.1688167224383,7,1,1.49851854870309,"M",0,0.25,1,"MED MED MED",NA
7,11,211.571124969176,14,8,8.50029742208323,"M",0,0.25,1,"MED MED MED",NA
7,12,99.9507581547368,7,1,1.50105115722982,"M",0,0.25,1,"MED MED MED",NA
8,1,94.2414208996618,8,1,1.49915964992937,"M",0,0.25,1,"MED MED MED",NA
8,2,173.687021395389,11,4,4.49989963895278,"M",0,0.25,1,"MED MED MED",NA
8,3,199.556281043995,14,7,7.49850093384003,"M",0,0.25,1,"MED MED MED",NA
8,4,96.5465211194704,8,1,1.49919921614832,"M",0,0.25,1,"MED MED MED",NA
8,5,128.412020330536,9,2,2.50074815179929,"M",0,0.25,1,"MED MED MED",NA
8,6,61.6002398928566,7,0,0.500188032412822,"M",0,0.25,1,"MED MED MED",NA
8,7,96.4156107964914,8,1,1.50041786716582,"M",0,0.25,1,"MED MED MED",NA
8,8,107.314978618302,8,1,1.49991185588493,"M",0,0.25,1,"MED MED MED",NA
8,9,62.0459963934836,7,0,0.499802292124238,"M",0,0.25,1,"MED MED MED",NA
8,10,189.00762359307,14,7,7.49952270373545,"M",0,0.25,1,"MED MED MED",NA
8,11,61.6496341610197,7,0,0.500983306788155,"M",0,0.25,1,"MED MED MED",NA
8,12,186.854090030988,15,8,8.49994338649099,"M",0,0.25,1,"MED MED MED",NA
9,1,175.349657449097,21,13,13.4989890312487,"M",0,0.25,1,"MED MED MED",NA
9,2,61.1530223681696,8,0,0.49972498890236,"M",0,0.25,1,"MED MED MED",NA
9,3,66.2785458343775,8,0,0.498193858163284,"M",0,0.25,1,"MED MED MED",NA
9,4,62.362738480887,8,0,0.500991826242338,"M",0,0.25,1,"MED MED MED",NA
9,5,96.4777490108331,9,1,1.49918814848877,"M",0,0.25,1,"MED MED MED",NA
9,6,180.647755957351,14,6,6.50026989534271,"M",0,0.25,1,"MED MED MED",NA
9,7,106.362590127039,9,1,1.49928291317969,"M",0,0.25,1,"MED MED MED",NA
9,8,101.425366625074,9,1,1.50012052768124,"M",0,0.25,1,"MED MED MED",NA
9,9,63.0766933001277,8,0,0.500068699279003,"M",0,0.25,1,"MED MED MED",NA
9,10,108.387566062164,9,1,1.50061612258375,"M",0,0.25,1,"MED MED MED",NA
9,11,63.9057150077526,8,0,0.500726372793068,"M",0,0.25,1,"MED MED MED",NA
10,1,125.747363631847,11,2,2.50071625132585,"M",0,0.25,1,"MED MED MED",NA
10,2,128.600826203371,12,3,3.49855021991684,"M",0,0.25,1,"MED MED MED",NA
10,3,59.0319367332459,9,0,0.501080164672565,"M",0,0.25,1,"MED MED MED",NA
10,4,102.590845149229,10,1,1.49948506607348,"M",0,0.25,1,"MED MED MED",NA
10,5,100.964094229404,10,1,1.49995337488616,"M",0,0.25,1,"MED MED MED",NA
10,6,195.730016110668,14,5,5.4997059959981,"M",0,0.25,1,"MED MED MED",NA
10,7,62.9511045470831,9,0,0.500779592290176,"M",0,0.25,1,"MED MED MED",NA
10,8,65.6259337481446,9,0,0.500769883391817,"M",0,0.25,1,"MED MED MED",NA
10,9,136.555234990731,12,3,3.49923635456652,"M",0,0.25,1,"MED MED MED",NA
10,10,95.6902897278213,10,1,1.50147482484215,"M",0,0.25,1,"MED MED MED",NA
10,11,217.933948282692,20,11,11.4992339426741,"M",0,0.25,1,"MED MED MED",NA
10,12,199.014397863031,17,8,8.49768220450416,"M",0,0.25,1,"MED MED MED",NA
10,13,174.932549379574,16,7,7.50030783391581,"M",0,0.25,1,"MED MED MED",NA
10,14,64.1802296930303,9,0,0.499750889627014,"M",0,0.25,1,"MED MED MED",NA
11,1,134.632316765558,12,2,2.50090301255324,"M",0,0.25,1,"MED MED MED",NA
11,2,211.627175287867,17,7,7.49989305240196,"M",0,0.25,1,"MED MED MED",NA
11,3,60.4735058563455,10,0,0.499540925410028,"M",0,0.25,1,"MED MED MED",NA
11,4,177.293318768109,19,9,9.49917874116649,"M",0,0.25,1,"MED MED MED",NA
11,5,136.613960578228,13,3,3.49911377693607,"M",0,0.25,1,"MED MED MED",NA
11,6,147.932597449033,13,3,3.49797857331282,"M",0,0.25,1,"MED MED MED",NA
11,7,141.175533452357,13,3,3.50174360561214,"M",0,0.25,1,"MED MED MED",NA
11,8,62.1955369830436,10,0,0.498432676786534,"M",0,0.25,1,"MED MED MED",NA
11,9,178.411397953697,15,5,5.49846924246694,"M",0,0.25,1,"MED MED MED",NA
11,10,94.4823860430394,11,1,1.50017117039004,"M",0,0.25,1,"MED MED MED",NA
11,11,103.374220934214,11,1,1.49970743000165,"M",0,0.25,1,"MED MED MED",NA
12,1,149.243504594121,15,4,4.49981891179066,"M",0,0.25,1,"MED MED MED",NA
12,2,159.911464296354,15,4,4.50056589825596,"M",0,0.25,1,"MED MED MED",NA
12,3,173.916778504928,18,7,7.50007456126166,"M",0,0.25,1,"MED MED MED",NA
12,4,99.6692204052541,12,1,1.49970670476782,"M",0,0.25,1,"MED MED MED",NA
12,5,101.358672734529,12,1,1.50129301113413,"M",0,0.25,1,"MED MED MED",NA
12,6,188.271858290934,25,14,14.500593601777,"M",0,0.25,1,"MED MED MED",NA
12,7,97.3210072649848,12,1,1.50009796736039,"M",0,0.25,1,"MED MED MED",NA
12,8,173.72629041388,22,11,11.5004083768068,"M",0,0.25,1,"MED MED MED",NA
12,9,193.640159005025,17,6,6.49945888125873,"M",0,0.25,1,"MED MED MED",NA
12,10,177.125981827071,18,7,7.49953361427662,"M",0,0.25,1,"MED MED MED",NA
12,11,59.9423731842205,11,0,0.501927802614865,"M",0,0.25,1,"MED MED MED",NA
13,1,191.826167311532,17,5,5.50127779375343,"M",0,0.25,1,"MED MED MED",NA
13,2,152.31584576438,15,3,3.49992535452451,"M",0,0.25,1,"MED MED MED",NA
13,3,99.017717177707,13,1,1.49923597671516,"M",0,0.25,1,"MED MED MED",NA
13,4,154.856083167153,15,3,3.50008409503689,"M",0,0.25,1,"MED MED MED",NA
13,5,169.494467708855,16,4,4.49867758700042,"M",0,0.25,1,"MED MED MED",NA
13,6,62.1125194814461,12,0,0.499860830779416,"M",0,0.25,1,"MED MED MED",NA
13,7,157.492854599178,15,3,3.49903359558519,"M",0,0.25,1,"MED MED MED",NA
13,8,60.5908072746483,12,0,0.498702276375624,"M",0,0.25,1,"MED MED MED",NA
13,9,97.1027596189678,13,1,1.49990378645084,"M",0,0.25,1,"MED MED MED",NA
13,10,60.3494436871289,12,0,0.500440804230546,"M",0,0.25,1,"MED MED MED",NA
13,11,167.355628084782,15,3,3.50115377315546,"M",0,0.25,1,"MED MED MED",NA
14,1,166.544483916048,17,4,4.5014230261206,"M",0,0.25,1,"MED MED MED",NA
14,2,177.335206791664,18,5,5.49950970445205,"M",0,0.25,1,"MED MED MED",NA
14,3,195.963557070394,26,13,13.4999688892407,"M",0,0.25,1,"MED MED MED",NA
14,4,125.136054017934,15,2,2.50075846535506,"M",0,0.25,1,"MED MED MED",NA
14,5,150.746376854727,16,3,3.4989972552538,"M",0,0.25,1,"MED MED MED",NA
14,6,128.54192367277,15,2,2.49996871707491,"M",0,0.25,1,"MED MED MED",NA
14,7,229.393048481268,24,11,11.5000152613702,"M",0,0.25,1,"MED MED MED",NA
14,8,99.4726216143859,14,1,1.49991455522964,"M",0,0.25,1,"MED MED MED",NA
14,9,139.593607860291,16,3,3.49794490974209,"M",0,0.25,1,"MED MED MED",NA
14,10,124.754517441163,15,2,2.49908198714871,"M",0,0.25,1,"MED MED MED",NA
14,11,99.6703489025151,14,1,1.49888943156624,"M",0,0.25,1,"MED MED MED",NA
14,12,62.8844346908158,13,0,0.499592678220544,"M",0,0.25,1,"MED MED MED",NA
14,13,62.3971904835801,13,0,0.49898170140328,"M",0,0.25,1,"MED MED MED",NA
14,14,63.2647535015675,13,0,0.500271847724104,"M",0,0.25,1,"MED MED MED",NA
14,15,144.968325159068,16,3,3.50039878139962,"M",0,0.25,1,"MED MED MED",NA
15,1,62.3985368148136,14,0,0.502054811813967,"M",0,0.25,1,"MED MED MED",NA
15,2,119.935840795097,16,2,2.50006008510859,"M",0,0.25,1,"MED MED MED",NA
15,3,99.0003166102054,15,1,1.5005855731574,"M",0,0.25,1,"MED MED MED",NA
15,4,217.770589832995,26,12,12.4981622597849,"M",0,0.25,1,"MED MED MED",NA
15,5,147.569358225367,17,3,3.50006348713518,"M",0,0.25,1,"MED MED MED",NA
15,6,63.2448342863318,14,0,0.500379339720961,"M",0,0.25,1,"MED MED MED",NA
15,7,130.179914134862,17,3,3.5006601956389,"M",0,0.25,1,"MED MED MED",NA
15,8,168.339146779012,19,5,5.49859698880664,"M",0,0.25,1,"MED MED MED",NA
15,9,64.4176711822749,14,0,0.499434658001592,"M",0,0.25,1,"MED MED MED",NA
15,10,172.756159769148,19,5,5.50190577258326,"M",0,0.25,1,"MED MED MED",NA
15,11,144.855545376691,17,3,3.50130503810693,"M",0,0.25,1,"MED MED MED",NA
15,12,64.7174505574893,14,0,0.498456362590639,"M",0,0.25,1,"MED MED MED",NA
16,1,169.248224830583,19,4,4.50188294448663,"M",0,0.25,1,"MED MED MED",NA
16,2,190.627497233824,22,7,7.50206603274543,"M",0,0.25,1,"MED MED MED",NA
16,3,98.2640233610977,16,1,1.49955002080601,"M",0,0.25,1,"MED MED MED",NA
16,4,202.884137608645,25,10,10.500001330064,"M",0,0.25,1,"MED MED MED",NA
16,5,222.777046586669,24,9,9.49988110465702,"M",0,0.25,1,"MED MED MED",NA
16,6,64.0233614607993,15,0,0.499020707015208,"M",0,0.25,1,"MED MED MED",NA
16,7,161.944319834389,20,5,5.50043173288193,"M",0,0.25,1,"MED MED MED",NA
16,8,63.651624742048,15,0,0.500126205787946,"M",0,0.25,1,"MED MED MED",NA
16,9,64.2916600270277,15,0,0.499972836246718,"M",0,0.25,1,"MED MED MED",NA
16,10,182.860871847515,22,7,7.49911852755718,"M",0,0.25,1,"MED MED MED",NA
16,11,183.282677026686,22,7,7.50022788649384,"M",0,0.25,1,"MED MED MED",NA
16,12,63.5578856286022,15,0,0.500351713176901,"M",0,0.25,1,"MED MED MED",NA
17,1,99.1540304339741,17,1,1.50116128484057,"M",0,0.25,1,"MED MED MED",NA
17,2,138.013876107728,19,3,3.49985501913173,"M",0,0.25,1,"MED MED MED",NA
17,3,61.657486778637,16,0,0.499534434254013,"M",0,0.25,1,"MED MED MED",NA
17,4,175.344999011047,23,7,7.50005133954012,"M",0,0.25,1,"MED MED MED",NA
17,5,191.411588821351,21,5,5.5006088195198,"M",0,0.25,1,"MED MED MED",NA
17,6,101.825692573345,17,1,1.49862394402623,"M",0,0.25,1,"MED MED MED",NA
17,7,92.1149449763565,17,1,1.50109391057027,"M",0,0.25,1,"MED MED MED",NA
17,8,106.383317463276,17,1,1.4984218028047,"M",0,0.25,1,"MED MED MED",NA
17,9,179.565451999854,23,7,7.50066660059073,"M",0,0.25,1,"MED MED MED",NA
17,10,133.208944632314,18,2,2.50057614656306,"M",0,0.25,1,"MED MED MED",NA
17,11,62.4504862946386,16,0,0.502447078563292,"M",0,0.25,1,"MED MED MED",NA
18,1,63.204685156599,17,0,0.499971293714596,"M",0,0.25,1,"MED MED MED",NA
18,2,214.530772451776,26,9,9.4991950472147,"M",0,0.25,1,"MED MED MED",NA
18,3,63.0979111759119,17,0,0.499524784370441,"M",0,0.25,1,"MED MED MED",NA
18,4,62.9105737765522,17,0,0.500579782637459,"M",0,0.25,1,"MED MED MED",NA
18,5,171.528371165649,21,4,4.49983677773988,"M",0,0.25,1,"MED MED MED",NA
18,6,102.693071453653,18,1,1.50029107879595,"M",0,0.25,1,"MED MED MED",NA
18,7,207.412687269877,29,12,12.5006713554477,"M",0,0.25,1,"MED MED MED",NA
18,8,60.6369303180332,17,0,0.500928178373414,"M",0,0.25,1,"MED MED MED",NA
18,9,101.303212939719,18,1,1.50061880497895,"M",0,0.25,1,"MED MED MED",NA
18,10,62.3240290996471,17,0,0.498413272708007,"M",0,0.25,1,"MED MED MED",NA
18,11,198.292267163487,24,7,7.50016151568741,"M",0,0.25,1,"MED MED MED",NA
18,12,118.55166707792,19,2,2.50019552436126,"M",0,0.25,1,"MED MED MED",NA
19,1,223.82025414308,26,8,8.49981557171412,"M",0,0.25,1,"MED MED MED",NA
19,2,63.5064823914237,18,0,0.499974125949689,"M",0,0.25,1,"MED MED MED",NA
19,3,65.0466920943007,18,0,0.499025192760121,"M",0,0.25,1,"MED MED MED",NA
19,4,64.3621164161702,18,0,0.498535140121474,"M",0,0.25,1,"MED MED MED",NA
19,5,97.7170355892196,19,1,1.50023401448067,"M",0,0.25,1,"MED MED MED",NA
19,6,169.353239660924,22,4,4.50087993338225,"M",0,0.25,1,"MED MED MED",NA
19,7,105.870379065024,19,1,1.49817228522267,"M",0,0.25,1,"MED MED MED",NA
19,8,62.4999830147363,18,0,0.499687290912005,"M",0,0.25,1,"MED MED MED",NA
19,9,211.503923006326,30,12,12.5018213129901,"M",0,0.25,1,"MED MED MED",NA
19,10,63.3773103383196,18,0,0.500757186961374,"M",0,0.25,1,"MED MED MED",NA
19,11,130.225177160545,20,2,2.49947677401581,"M",0,0.25,1,"MED MED MED",NA
19,12,161.295075461643,22,4,4.49843277500651,"M",0,0.25,1,"MED MED MED",NA
19,13,63.3677154962046,18,0,0.499596773394151,"M",0,0.25,1,"MED MED MED",NA
20,1,124.925957205917,21,2,2.50069710725681,"M",0,0.25,1,"MED MED MED",NA
20,2,134.336726696844,21,2,2.49971594462653,"M",0,0.25,1,"MED MED MED",NA
20,3,137.639236779417,21,2,2.5008944165078,"M",0,0.25,1,"MED MED MED",NA
20,4,62.3033694623303,19,0,0.498988115205506,"M",0,0.25,1,"MED MED MED",NA
20,5,158.439467463589,23,4,4.49921261763446,"M",0,0.25,1,"MED MED MED",NA
20,6,170.258972000932,25,6,6.50104072911007,"M",0,0.25,1,"MED MED MED",NA
20,7,214.179634470069,26,7,7.50238536037697,"M",0,0.25,1,"MED MED MED",NA
20,8,157.488233915386,26,7,7.49848144486408,"M",0,0.25,1,"MED MED MED",NA
20,9,140.704865167783,22,3,3.49940110489206,"M",0,0.25,1,"MED MED MED",NA
20,10,123.672649598515,21,2,2.50086691542747,"M",0,0.25,1,"MED MED MED",NA
20,11,100.014693346255,20,1,1.49916781938649,"M",0,0.25,1,"MED MED MED",NA
21,1,95.8599820687412,21,1,1.49931362853181,"M",0,0.25,1,"MED MED MED",NA
21,2,61.1765849229378,20,0,0.499888104762871,"M",0,0.25,1,"MED MED MED",NA
21,3,101.742412072797,21,1,1.50032767591576,"M",0,0.25,1,"MED MED MED",NA
21,4,126.190436276352,22,2,2.50020195770568,"M",0,0.25,1,"MED MED MED",NA
21,5,117.341508825223,22,2,2.49970086153529,"M",0,0.25,1,"MED MED MED",NA
21,6,62.6761495214156,20,0,0.498975068920429,"M",0,0.25,1,"MED MED MED",NA
21,7,63.8950145264229,20,0,0.499906489264134,"M",0,0.25,1,"MED MED MED",NA
21,8,188.863031098821,26,6,6.50063186072124,"M",0,0.25,1,"MED MED MED",NA
21,9,153.510737062197,24,4,4.50028273294569,"M",0,0.25,1,"MED MED MED",NA
21,10,195.090271368473,25,5,5.49995824962986,"M",0,0.25,1,"MED MED MED",NA
21,11,62.5705929923251,20,0,0.500656679902588,"M",0,0.25,1,"MED MED MED",NA
21,12,91.8610594900282,21,1,1.49895530723112,"M",0,0.25,1,"MED MED MED",NA
22,1,63.7755349395676,21,0,0.501210487452479,"M",0,0.25,1,"MED MED MED",NA
22,2,63.7572436160657,21,0,0.500329055222591,"M",0,0.25,1,"MED MED MED",NA
22,3,61.1913705710855,21,0,0.50048629115529,"M",0,0.25,1,"MED MED MED",NA
22,4,134.487219005967,23,2,2.50010397672458,"M",0,0.25,1,"MED MED MED",NA
22,5,162.898360077125,24,3,3.49965567873631,"M",0,0.25,1,"MED MED MED",NA
22,6,203.318687766775,28,7,7.49976897760034,"M",0,0.25,1,"MED MED MED",NA
22,7,64.3042855829888,21,0,0.498672415325442,"M",0,0.25,1,"MED MED MED",NA
22,8,63.0182649660361,21,0,0.501290251590494,"M",0,0.25,1,"MED MED MED",NA
22,9,60.8175880952667,21,0,0.499047198089823,"M",0,0.25,1,"MED MED MED",NA
22,10,62.3236551078654,21,0,0.499876982763763,"M",0,0.25,1,"MED MED MED",NA
22,11,184.329925880725,27,6,6.50125911085353,"M",0,0.25,1,"MED MED MED",NA
23,1,120.080955503477,24,2,2.50134836840309,"M",0,0.25,1,"MED MED MED",NA
23,2,230.11413549738,32,10,10.4995110921605,"M",0,0.25,1,"MED MED MED",NA
23,3,101.042065986064,23,1,1.50138183525329,"M",0,0.25,1,"MED MED MED",NA
23,4,118.589811442344,24,2,2.50021068628035,"M",0,0.25,1,"MED MED MED",NA
23,5,118.839185764317,24,2,2.50200233662484,"M",0,0.25,1,"MED MED MED",NA
23,6,61.5029739451015,22,0,0.501061606717934,"M",0,0.25,1,"MED MED MED",NA
23,7,100.457597389263,23,1,1.50046737232076,"M",0,0.25,1,"MED MED MED",NA
23,8,60.5712710474868,22,0,0.50070927032701,"M",0,0.25,1,"MED MED MED",NA
23,9,90.1912710075571,23,1,1.50034777035167,"M",0,0.25,1,"MED MED MED",NA
23,10,99.1809401102138,23,1,1.50112972960832,"M",0,0.25,1,"MED MED MED",NA
23,11,135.356059231094,24,2,2.50008159571868,"M",0,0.25,1,"MED MED MED",NA
24,1,63.7465522033018,23,0,0.500354977748862,"M",0,0.25,1,"MED MED MED",NA
24,2,59.8097360103536,23,0,0.49872729069982,"M",0,0.25,1,"MED MED MED",NA
24,3,61.3939750703189,23,0,0.501756528512348,"M",0,0.25,1,"MED MED MED",NA
24,4,222.971314163356,37,14,14.5002469338575,"M",0,0.25,1,"MED MED MED",NA
24,5,124.04911846806,25,2,2.4999992552712,"M",0,0.25,1,"MED MED MED",NA
24,6,62.8671739856051,23,0,0.501330225153353,"M",0,0.25,1,"MED MED MED",NA
24,7,95.2431232295961,24,1,1.49943738412284,"M",0,0.25,1,"MED MED MED",NA
24,8,187.466860567585,30,7,7.50072642218801,"M",0,0.25,1,"MED MED MED",NA
24,9,152.035936367475,26,3,3.50101618783064,"M",0,0.25,1,"MED MED MED",NA
24,10,143.550428529914,26,3,3.49904105940367,"M",0,0.25,1,"MED MED MED",NA
25,1,141.093079944758,27,3,3.49918023025441,"M",0,0.25,1,"MED MED MED",NA
25,2,100.18638147367,25,1,1.49971199517661,"M",0,0.25,1,"MED MED MED",NA
25,3,210.509806025044,33,9,9.50017045790083,"M",0,0.25,1,"MED MED MED",NA
25,4,99.6601317541536,25,1,1.49913132968842,"M",0,0.25,1,"MED MED MED",NA
25,5,211.107621766273,34,10,10.4989270998012,"M",0,0.25,1,"MED MED MED",NA
25,6,172.046867171488,31,7,7.50040329049758,"M",0,0.25,1,"MED MED MED",NA
25,7,98.4806704787488,25,1,1.49818159220991,"M",0,0.25,1,"MED MED MED",NA
25,8,173.272852911426,29,5,5.5019944747972,"M",0,0.25,1,"MED MED MED",NA
25,9,61.4624250612765,24,0,0.499277775312004,"M",0,0.25,1,"MED MED MED",NA
25,10,60.3073704272515,24,0,0.498965556491807,"M",0,0.25,1,"MED MED MED",NA
25,11,170.804526298633,29,5,5.49867017690805,"M",0,0.25,1,"MED MED MED",NA
25,12,177.61632093334,29,5,5.50018621756279,"M",0,0.25,1,"MED MED MED",NA
26,1,129.475626681513,27,2,2.49910883575101,"M",0,0.25,1,"MED MED MED",NA
26,2,148.336256210203,27,2,2.49915972960967,"M",0,0.25,1,"MED MED MED",NA
26,3,103.995200344663,26,1,1.50008201450828,"M",0,0.25,1,"MED MED MED",NA
26,4,61.0904321599722,25,0,0.499932991793142,"M",0,0.25,1,"MED MED MED",NA
26,5,196.39914259613,31,6,6.49805032589758,"M",0,0.25,1,"MED MED MED",NA
26,6,199.834064360581,32,7,7.49941382905873,"M",0,0.25,1,"MED MED MED",NA
26,7,167.989331725178,29,4,4.49849074230025,"M",0,0.25,1,"MED MED MED",NA
26,8,186.659137487575,31,6,6.50041221600387,"M",0,0.25,1,"MED MED MED",NA
26,9,137.55277151095,27,2,2.49920207406254,"M",0,0.25,1,"MED MED MED",NA
26,10,167.172538121626,29,4,4.50008244222842,"M",0,0.25,1,"MED MED MED",NA
26,11,214.94321220586,34,9,9.49851059143454,"M",0,0.25,1,"MED MED MED",NA
26,12,131.287602645329,28,3,3.49955932016066,"M",0,0.25,1,"MED MED MED",NA
27,1,151.246371476289,29,3,3.50125440597484,"M",0,0.25,1,"MED MED MED",NA
27,2,65.0317487045432,26,0,0.500794697409292,"M",0,0.25,1,"MED MED MED",NA
27,3,228.298219741534,33,7,7.49992948315268,"M",0,0.25,1,"MED MED MED",NA
27,4,63.5666978612371,26,0,0.500459016372013,"M",0,0.25,1,"MED MED MED",NA
27,5,93.7411970615126,27,1,1.50087873371754,"M",0,0.25,1,"MED MED MED",NA
27,6,63.7861093876433,26,0,0.499247812085164,"M",0,0.25,1,"MED MED MED",NA
27,7,153.100173189028,30,4,4.49903061137051,"M",0,0.25,1,"MED MED MED",NA
27,8,129.150816362848,28,2,2.49844508342106,"M",0,0.25,1,"MED MED MED",NA
27,9,188.317187403194,33,7,7.49972812697345,"M",0,0.25,1,"MED MED MED",NA
27,10,235.614953604834,34,8,8.50063224256071,"M",0,0.25,1,"MED MED MED",NA
27,11,62.7671958134377,26,0,0.502099879541178,"M",0,0.25,1,"MED MED MED",NA
27,12,59.4536808969702,26,0,0.499570951974742,"M",0,0.25,1,"MED MED MED",NA
28,1,99.5725044909426,28,1,1.49957462025928,"M",0,0.25,1,"MED MED MED",NA
28,2,62.9535182409574,27,0,0.500745604438962,"M",0,0.25,1,"MED MED MED",NA
28,3,150.63136273942,30,3,3.49932799984055,"M",0,0.25,1,"MED MED MED",NA
28,4,136.283871675787,30,3,3.50039909019374,"M",0,0.25,1,"MED MED MED",NA
28,5,222.064785060105,41,14,14.5009154715649,"M",0,0.25,1,"MED MED MED",NA
28,6,60.3876623797381,27,0,0.499376841118174,"M",0,0.25,1,"MED MED MED",NA
28,7,92.3861451480659,28,1,1.50025423287412,"M",0,0.25,1,"MED MED MED",NA
28,8,127.873332711947,29,2,2.49939906330903,"M",0,0.25,1,"MED MED MED",NA
28,9,63.341683244227,27,0,0.50027471882755,"M",0,0.25,1,"MED MED MED",NA
28,10,140.656936806113,30,3,3.50103246353531,"M",0,0.25,1,"MED MED MED",NA
28,11,128.400856535058,29,2,2.50013306295311,"M",0,0.25,1,"MED MED MED",NA
28,12,197.434328294689,33,6,6.5010209090006,"M",0,0.25,1,"MED MED MED",NA
29,1,154.906423299846,32,4,4.49965131824826,"M",0,0.25,1,"MED MED MED",NA
29,2,137.009167631677,31,3,3.5009938899316,"M",0,0.25,1,"MED MED MED",NA
29,3,65.1130919592625,28,0,0.501990224438825,"M",0,0.25,1,"MED MED MED",NA
29,4,157.279632007302,32,4,4.49908120047721,"M",0,0.25,1,"MED MED MED",NA
29,5,167.487347372114,33,5,5.5008008757334,"M",0,0.25,1,"MED MED MED",NA
29,6,183.671579654683,33,5,5.50098210196072,"M",0,0.25,1,"MED MED MED",NA
29,7,191.284187238902,37,9,9.50002715538034,"M",0,0.25,1,"MED MED MED",NA
29,8,98.8572045227703,29,1,1.49821920586733,"M",0,0.25,1,"MED MED MED",NA
29,9,192.791134131412,37,9,9.5003472363164,"M",0,0.25,1,"MED MED MED",NA
29,10,183.110946847305,37,9,9.50071614149575,"M",0,0.25,1,"MED MED MED",NA
29,11,189.655830108074,35,7,7.50278917559821,"M",0,0.25,1,"MED MED MED",NA
29,12,202.186984402001,34,6,6.49964442945037,"M",0,0.25,1,"MED MED MED",NA
30,1,64.0811401629393,29,0,0.500580278045628,"M",0,0.25,1,"MED MED MED",NA
30,2,97.3189503643088,30,1,1.4994783003574,"M",0,0.25,1,"MED MED MED",NA
30,3,192.662016413517,36,7,7.49951896642234,"M",0,0.25,1,"MED MED MED",NA
30,4,156.858253454473,32,3,3.50076931386891,"M",0,0.25,1,"MED MED MED",NA
30,5,190.539265633152,37,8,8.49932196870857,"M",0,0.25,1,"MED MED MED",NA
30,6,184.015314126457,40,11,11.4972395019732,"M",0,0.25,1,"MED MED MED",NA
30,7,149.138207824176,32,3,3.50037319817526,"M",0,0.25,1,"MED MED MED",NA
30,8,61.3864449647957,29,0,0.502131869647896,"M",0,0.25,1,"MED MED MED",NA
30,9,148.348030118697,32,3,3.49971712724092,"M",0,0.25,1,"MED MED MED",NA
30,10,127.282990517585,31,2,2.50001112582085,"M",0,0.25,1,"MED MED MED",NA
30,11,171.865990101023,33,4,4.49988406540243,"M",0,0.25,1,"MED MED MED",NA
31,1,98.7921626191404,31,1,1.49933377964621,"M",0,0.25,1,"MED MED MED",NA
31,2,171.210995629206,34,4,4.49791099830535,"M",0,0.25,1,"MED MED MED",NA
31,3,66.1133506521003,30,0,0.499389081864261,"M",0,0.25,1,"MED MED MED",NA
31,4,96.8113429367025,31,1,1.50143155477564,"M",0,0.25,1,"MED MED MED",NA
31,5,161.50394099878,34,4,4.49922736802682,"M",0,0.25,1,"MED MED MED",NA
31,6,185.622579965413,39,9,9.49937688092509,"M",0,0.25,1,"MED MED MED",NA
31,7,62.251663608557,30,0,0.499290164273155,"M",0,0.25,1,"MED MED MED",NA
31,8,120.972741707834,32,2,2.50096095609396,"M",0,0.25,1,"MED MED MED",NA
31,9,131.740923039899,32,2,2.49921293581354,"M",0,0.25,1,"MED MED MED",NA
31,10,194.313373464698,36,6,6.50078084262801,"M",0,0.25,1,"MED MED MED",NA
31,11,123.744038948192,32,2,2.5004960537072,"M",0,0.25,1,"MED MED MED",NA
32,1,126.506674613277,33,2,2.49805229620877,"M",0,0.25,1,"MED MED MED",NA
32,2,150.729752833929,34,3,3.50080903347432,"M",0,0.25,1,"MED MED MED",NA
32,3,98.6079156823063,32,1,1.50058780284611,"M",0,0.25,1,"MED MED MED",NA
32,4,98.4945990985028,32,1,1.5010765046095,"M",0,0.25,1,"MED MED MED",NA
32,5,145.749350130251,34,3,3.49988905398308,"M",0,0.25,1,"MED MED MED",NA
32,6,216.861815940416,41,10,10.4999854798609,"M",0,0.25,1,"MED MED MED",NA
32,7,171.259255361823,35,4,4.50073708774349,"M",0,0.25,1,"MED MED MED",NA
32,8,239.978280007766,39,8,8.50022265472018,"M",0,0.25,1,"MED MED MED",NA
32,9,184.524244255694,36,5,5.4988331077604,"M",0,0.25,1,"MED MED MED",NA
32,10,136.298996594237,34,3,3.50071184003522,"M",0,0.25,1,"MED MED MED",NA
33,1,60.1302146842427,32,0,0.498872554800671,"M",0,0.25,1,"MED MED MED",NA
33,2,184.027345447294,37,5,5.49989640099581,"M",0,0.25,1,"MED MED MED",NA
33,3,63.8245338465053,32,0,0.500351146461246,"M",0,0.25,1,"MED MED MED",NA
33,4,179.345801022469,38,6,6.49993439575785,"M",0,0.25,1,"MED MED MED",NA
33,5,208.312955818511,39,7,7.49992737402516,"M",0,0.25,1,"MED MED MED",NA
33,6,66.020774443561,32,0,0.500617574631247,"M",0,0.25,1,"MED MED MED",NA
33,7,62.4826976834102,32,0,0.500596270749223,"M",0,0.25,1,"MED MED MED",NA
33,8,66.3149463313251,32,0,0.500310409484335,"M",0,0.25,1,"MED MED MED",NA
33,9,170.11570679578,35,3,3.50082059575792,"M",0,0.25,1,"MED MED MED",NA
33,10,61.0993469633312,32,0,0.4983608228375,"M",0,0.25,1,"MED MED MED",NA
33,11,104.416141072521,33,1,1.49970517686296,"M",0,0.25,1,"MED MED MED",NA
34,1,62.5921124283084,33,0,0.501357297094897,"M",0,0.25,1,"MED MED MED",NA
34,2,176.630326274345,39,6,6.49985177431187,"M",0,0.25,1,"MED MED MED",NA
34,3,65.3537292271254,33,0,0.50093540112929,"M",0,0.25,1,"MED MED MED",NA
34,4,180.797509346061,38,5,5.49990223820331,"M",0,0.25,1,"MED MED MED",NA
34,5,225.316525777376,40,7,7.49964086591581,"M",0,0.25,1,"MED MED MED",NA
34,6,61.4908066620117,33,0,0.499936652781988,"M",0,0.25,1,"MED MED MED",NA
34,7,191.982822141824,39,6,6.49873900647894,"M",0,0.25,1,"MED MED MED",NA
34,8,117.516843788057,35,2,2.50038189617323,"M",0,0.25,1,"MED MED MED",NA
34,9,96.2938911582636,34,1,1.50054670713248,"M",0,0.25,1,"MED MED MED",NA
34,10,123.495265381001,35,2,2.50101339480551,"M",0,0.25,1,"MED MED MED",NA
34,11,146.381533156252,36,3,3.49953324674888,"M",0,0.25,1,"MED MED MED",NA
34,12,63.1055514439285,33,0,0.499910138465333,"M",0,0.25,1,"MED MED MED",NA
35,1,141.92600804601,37,3,3.50167000588557,"M",0,0.25,1,"MED MED MED",NA
35,2,63.0300031023471,34,0,0.502136915798717,"M",0,0.25,1,"MED MED MED",NA
35,3,181.98989692988,39,5,5.50001394261071,"M",0,0.25,1,"MED MED MED",NA
35,4,123.180744545181,36,2,2.49906381797631,"M",0,0.25,1,"MED MED MED",NA
35,5,229.114747171277,46,12,12.4999528662833,"M",0,0.25,1,"MED MED MED",NA
35,6,122.660508607116,36,2,2.50027125136071,"M",0,0.25,1,"MED MED MED",NA
35,7,64.5584188139583,34,0,0.500237298282392,"M",0,0.25,1,"MED MED MED",NA
35,8,131.550669901286,36,2,2.49876996325678,"M",0,0.25,1,"MED MED MED",NA
35,9,133.432746265118,36,2,2.49910875212454,"M",0,0.25,1,"MED MED MED",NA
35,10,121.491533151896,36,2,2.50074099254686,"M",0,0.25,1,"MED MED MED",NA
36,1,61.0841715131041,35,0,0.50024035797878,"M",0,0.25,1,"MED MED MED",NA
36,2,61.9721650927494,35,0,0.497760368836646,"M",0,0.25,1,"MED MED MED",NA
36,3,184.01636094211,41,6,6.49986884964139,"M",0,0.25,1,"MED MED MED",NA
36,4,122.887384461683,37,2,2.50124406715873,"M",0,0.25,1,"MED MED MED",NA
36,5,135.235586400267,37,2,2.50004194564172,"M",0,0.25,1,"MED MED MED",NA
36,6,94.3403576196904,36,1,1.49989688522428,"M",0,0.25,1,"MED MED MED",NA
36,7,171.825912594191,41,6,6.50031430230441,"M",0,0.25,1,"MED MED MED",NA
36,8,137.187923161515,38,3,3.49926623726839,"M",0,0.25,1,"MED MED MED",NA
36,9,195.985477815829,41,6,6.50015199218642,"M",0,0.25,1,"MED MED MED",NA
36,10,163.153723041627,41,6,6.49850597508529,"M",0,0.25,1,"MED MED MED",NA
36,11,231.451772184809,44,9,9.49744477242117,"M",0,0.25,1,"MED MED MED",NA
36,12,93.6508065115532,36,1,1.49944829316888,"M",0,0.25,1,"MED MED MED",NA
36,13,135.162479958326,37,2,2.49933950470326,"M",0,0.25,1,"MED MED MED",NA
37,1,198.493722658798,41,5,5.50012098549141,"M",0,0.25,1,"MED MED MED",NA
37,2,141.301999875306,39,3,3.50121222848186,"M",0,0.25,1,"MED MED MED",NA
37,3,142.91574541842,39,3,3.49947376387378,"M",0,0.25,1,"MED MED MED",NA
37,4,196.888232888217,43,7,7.50021249546706,"M",0,0.25,1,"MED MED MED",NA
37,5,119.282162654216,38,2,2.50031813291857,"M",0,0.25,1,"MED MED MED",NA
37,6,181.869890245555,40,4,4.50186495011195,"M",0,0.25,1,"MED MED MED",NA
37,7,155.472687862734,40,4,4.50149164099692,"M",0,0.25,1,"MED MED MED",NA
37,8,206.855824172764,44,8,8.50040981030335,"M",0,0.25,1,"MED MED MED",NA
37,9,206.941106072333,43,7,7.50037666147723,"M",0,0.25,1,"MED MED MED",NA
37,10,60.0757304674417,36,0,0.49967208789328,"M",0,0.25,1,"MED MED MED",NA
38,1,159.384282617124,41,4,4.50004971932186,"M",0,0.25,1,"MED MED MED",NA
38,2,203.195004745104,47,10,10.4982964202721,"M",0,0.25,1,"MED MED MED",NA
38,3,178.266283478821,41,4,4.5003854284146,"M",0,0.25,1,"MED MED MED",NA
38,4,101.412756356631,38,1,1.50059434144759,"M",0,0.25,1,"MED MED MED",NA
38,5,174.881354152975,45,8,8.50153621993964,"M",0,0.25,1,"MED MED MED",NA
38,6,173.973931371634,41,4,4.49910013839137,"M",0,0.25,1,"MED MED MED",NA
38,7,124.707898286115,39,2,2.50177252251748,"M",0,0.25,1,"MED MED MED",NA
38,8,186.910347705841,48,11,11.4994619475518,"M",0,0.25,1,"MED MED MED",NA
38,9,61.8492094913363,37,0,0.499203989549561,"M",0,0.25,1,"MED MED MED",NA
38,10,122.777215878423,39,2,2.49908606384332,"M",0,0.25,1,"MED MED MED",NA
38,11,181.391989716664,43,6,6.49792854751929,"M",0,0.25,1,"MED MED MED",NA
38,12,130.209974574219,40,3,3.50039836128237,"M",0,0.25,1,"MED MED MED",NA
38,13,97.2081911285643,38,1,1.50110513173766,"M",0,0.25,1,"MED MED MED",NA
38,14,194.691892400992,49,12,12.5011670026171,"M",0,0.25,1,"MED MED MED",NA
39,1,119.097636540652,40,2,2.49925173055511,"M",0,0.25,1,"MED MED MED",NA
39,2,63.2757425304241,38,0,0.500154905245503,"M",0,0.25,1,"MED MED MED",NA
39,3,212.537121926512,44,6,6.49937152207148,"M",0,0.25,1,"MED MED MED",NA
39,4,148.131865946541,41,3,3.50049699804936,"M",0,0.25,1,"MED MED MED",NA
39,5,122.558091895476,40,2,2.50135681557745,"M",0,0.25,1,"MED MED MED",NA
39,6,125.487421356973,40,2,2.49895262668241,"M",0,0.25,1,"MED MED MED",NA
39,7,206.239298379328,45,7,7.49897662806154,"M",0,0.25,1,"MED MED MED",NA
39,8,61.4858146053691,38,0,0.499357188774982,"M",0,0.25,1,"MED MED MED",NA
39,9,60.7526781838935,38,0,0.498311050870953,"M",0,0.25,1,"MED MED MED",NA
39,10,60.0436547524201,38,0,0.499250200265105,"M",0,0.25,1,"MED MED MED",NA
39,11,164.221026811729,42,4,4.49963424248793,"M",0,0.25,1,"MED MED MED",NA
39,12,242.127059922024,45,7,7.49939158500318,"M",0,0.25,1,"MED MED MED",NA
39,13,146.673913426675,41,3,3.50154279840789,"M",0,0.25,1,"MED MED MED",NA
40,1,157.309271130742,43,4,4.50135306623266,"M",0,0.25,1,"MED MED MED",NA
40,2,99.6618466957298,40,1,1.50096313005975,"M",0,0.25,1,"MED MED MED",NA
40,3,172.587647137134,43,4,4.50096327662647,"M",0,0.25,1,"MED MED MED",NA
40,4,159.269888633668,43,4,4.49921711684935,"M",0,0.25,1,"MED MED MED",NA
40,5,149.301032294154,42,3,3.49958200370449,"M",0,0.25,1,"MED MED MED",NA
40,6,62.822047051282,39,0,0.499066985428261,"M",0,0.25,1,"MED MED MED",NA
40,7,183.837469017892,45,6,6.49921643760473,"M",0,0.25,1,"MED MED MED",NA
40,8,131.365178844112,41,2,2.5012358837438,"M",0,0.25,1,"MED MED MED",NA
40,9,101.27654885683,40,1,1.49851877365964,"M",0,0.25,1,"MED MED MED",NA
40,10,99.8448341351509,40,1,1.50061411909748,"M",0,0.25,1,"MED MED MED",NA
41,1,63.8112171662467,40,0,0.504281696392019,"M",0,0.25,1,"MED MED MED",NA
41,2,101.159774926534,41,1,1.50063713432343,"M",0,0.25,1,"MED MED MED",NA
41,3,210.200050442382,49,9,9.49902948156465,"M",0,0.25,1,"MED MED MED",NA
41,4,172.074483440562,45,5,5.49958402177769,"M",0,0.25,1,"MED MED MED",NA
41,5,63.6385413086862,40,0,0.49954743048998,"M",0,0.25,1,"MED MED MED",NA
41,6,99.9200690322084,41,1,1.4998791224844,"M",0,0.25,1,"MED MED MED",NA
41,7,63.112433672664,40,0,0.499682154913662,"M",0,0.25,1,"MED MED MED",NA
41,8,61.8328390424306,40,0,0.500156164322833,"M",0,0.25,1,"MED MED MED",NA
41,9,131.14183962299,42,2,2.50073444451754,"M",0,0.25,1,"MED MED MED",NA
41,10,187.091928656607,46,6,6.49997842696955,"M",0,0.25,1,"MED MED MED",NA
41,11,98.6780390678056,41,1,1.50059988069272,"M",0,0.25,1,"MED MED MED",NA
41,12,61.2656992159175,40,0,0.499742825238522,"M",0,0.25,1,"MED MED MED",NA
42,1,66.0402782291377,41,0,0.499411801727994,"M",0,0.25,1,"MED MED MED",NA
42,2,151.453956574846,44,3,3.50001129035716,"M",0,0.25,1,"MED MED MED",NA
42,3,202.835593160357,47,6,6.50007584013269,"M",0,0.25,1,"MED MED MED",NA
42,4,65.2488809617242,41,0,0.500912565100542,"M",0,0.25,1,"MED MED MED",NA
42,5,154.015044459884,44,3,3.5007448878702,"M",0,0.25,1,"MED MED MED",NA
42,6,65.1310648041026,41,0,0.500610329224684,"M",0,0.25,1,"MED MED MED",NA
42,7,64.9035717355029,41,0,0.500696493288263,"M",0,0.25,1,"MED MED MED",NA
42,8,94.6832303731777,42,1,1.50031068104084,"M",0,0.25,1,"MED MED MED",NA
42,9,130.039678002629,43,2,2.50037975055043,"M",0,0.25,1,"MED MED MED",NA
42,10,157.422724280853,44,3,3.49865735764515,"M",0,0.25,1,"MED MED MED",NA
42,11,162.439711130125,46,5,5.50059672475765,"M",0,0.25,1,"MED MED MED",NA
42,12,266.591829799744,50,9,9.4996190767909,"M",0.282836313988082,0.25,1,"MED MED MED",NA
43,1,148.825335219738,45,3,3.49959628035633,"M",0,0.25,1,"MED MED MED",NA
