"cohort","uni_ind","ind","fish_size","Year","Age","AgeE","FMORT","M","Sel","FSIM"
1,7,7,163.473541270793,3,3,3.49870135790801,0,0.25,0.841921871939015,"MED MED"
3,31,7,99.6585684630229,3,1,1.4995298696833,0,0.25,0.00810860200065894,"MED MED"
1,5,5,155.496148642043,4,4,4.50133069145501,0,0.25,0.7032107161784,"MED MED"
1,6,6,153.39688528011,4,4,4.50039207579609,0,0.25,0.656895746578909,"MED MED"
1,7,7,184.472521050728,4,4,4.50103320361496,0,0.25,0.978218545161552,"MED MED"
1,8,8,161.842454178925,4,4,4.49950936593086,0,0.25,0.818614648558438,"MED MED"
2,13,1,149.754761545736,4,3,3.49996710422626,0,0.25,0.569472058560173,"MED MED"
2,16,4,149.614175710785,4,3,3.49758857843685,0,0.25,0.565969032354074,"MED MED"
2,19,7,148.456715765551,4,3,3.50027417388865,0,0.25,0.53690869553639,"MED MED"
2,20,8,143.094851703045,4,3,3.49948099868388,0,0.25,0.402153783741399,"MED MED"
1,1,1,143.812276784719,5,5,5.49706526229818,0,0.25,0.419784739072969,"MED MED"
2,13,1,166.868154227758,5,4,4.4998896807694,0,0.25,0.882597489075518,"MED MED"
2,16,4,166.689618887509,5,4,4.50089318211907,0,0.25,0.880706106652297,"MED MED"
2,18,6,155.424143739356,5,4,4.5000177809971,0,0.25,0.701682643285603,"MED MED"
2,19,7,165.221178206478,5,4,4.49973960247254,0,0.25,0.864131748196742,"MED MED"
2,22,10,157.76137622932,5,4,4.50023933087956,0,0.25,0.748876291643111,"MED MED"
3,29,5,141.200805526945,5,3,3.49830937243142,0,0.25,0.356908858208069,"MED MED"
3,31,7,150.173505917051,5,3,3.50111415127804,0,0.25,0.57986362953256,"MED MED"
3,35,11,143.503263303882,5,3,3.49989892165839,0,0.25,0.412162709825753,"MED MED"
4,42,7,121.019933009272,5,2,2.49868039506455,0,0.25,0.0667438220880138,"MED MED"
1,5,5,175.11372228398,6,6,6.49981296984421,0,0.25,0.945548412955826,"MED MED"
2,13,1,180.180748622747,6,5,5.49880310978898,0,0.25,0.966718972039245,"MED MED"
2,16,4,179.967182243665,6,5,5.50140990062956,0,0.25,0.966014222492171,"MED MED"
2,18,6,166.578425333127,6,5,5.49926370012912,0,0.25,0.879514866250324,"MED MED"
2,19,7,178.212234525145,6,5,5.50116679780668,0,0.25,0.959652910722536,"MED MED"
3,25,1,158.702548126739,6,4,4.50075269400025,0,0.25,0.766416751730219,"MED MED"
3,28,4,170.358220144083,6,4,4.50052496485239,0,0.25,0.914637088795715,"MED MED"
3,29,5,156.075688076345,6,4,4.49970863554074,0,0.25,0.715342795660601,"MED MED"
3,31,7,167.400161298449,6,4,4.49969670347717,0,0.25,0.888079940525023,"MED MED"
3,35,11,158.966492511115,6,4,4.4993716484685,0,0.25,0.771180054169928,"MED MED"
4,43,8,151.822818293843,6,3,3.49878861093071,0,0.25,0.620029211037303,"MED MED"
4,44,9,147.322982398636,6,3,3.49882196434713,0,0.25,0.508197558174942,"MED MED"
1,1,1,153.524701101345,7,7,7.50028562432282,0,0.25,0.659814667127429,"MED MED"
2,16,4,190.291581256455,7,6,6.50125667329114,0,0.25,0.987817496986946,"MED MED"
2,18,6,175.01729648419,7,6,6.50027471513107,0,0.25,0.945042137112819,"MED MED"
2,19,7,188.279216682757,7,6,6.50069919079223,0,0.25,0.985096992332141,"MED MED"
3,25,1,170.456902964022,7,5,5.49954925541187,0,0.25,0.915416129230074,"MED MED"
3,28,4,184.364154063054,7,5,5.49854997223205,0,0.25,0.97798287147057,"MED MED"
3,29,5,167.348050799681,7,5,5.50168932661719,0,0.25,0.887552975952615,"MED MED"
4,41,6,173.213141008775,7,4,4.49840639136294,0,0.25,0.934715194531934,"MED MED"
4,42,7,155.12654733747,7,4,4.50070196196058,0,0.25,0.695319482061136,"MED MED"
4,43,8,169.498889138898,7,4,4.50076376054326,0,0.25,0.907573911820195,"MED MED"
4,44,9,163.785372630025,7,4,4.50125021606726,0,0.25,0.8460901416478,"MED MED"
4,47,12,149.632333873441,7,4,4.49919947769759,0,0.25,0.566421864144673,"MED MED"
5,49,1,154.123875130468,7,3,3.50018880199432,0,0.25,0.673334162138045,"MED MED"
5,50,2,164.08211191628,7,3,3.50005993645379,0,0.25,0.849972763816728,"MED MED"
5,51,3,156.979397401806,7,3,3.50068591561056,0,0.25,0.733652171526496,"MED MED"
6,66,6,131.114913234426,7,2,2.49924726537421,0,0.25,0.166193215294955,"MED MED"
6,67,7,121.978914892872,7,2,2.49927544230015,0,0.25,0.0730706690899315,"MED MED"
1,1,1,156.430475021918,8,8,8.49971633908429,0,0.25,0.72262069578698,"MED MED"
2,18,6,181.401799664028,8,7,7.49884634425527,0,0.25,0.970484977368072,"MED MED"
2,19,7,196.080285916525,8,7,7.50114328986116,0,0.25,0.993194789043056,"MED MED"
3,25,1,179.42331178216,8,6,6.49873388232085,0,0.25,0.964153893516908,"MED MED"
4,41,6,187.798250545884,8,5,5.49876355617918,0,0.25,0.984362824366346,"MED MED"
4,42,7,166.227089489886,8,5,5.49927234042988,0,0.25,0.875683297309514,"MED MED"
4,43,8,183.332603241968,8,5,5.4992740134268,0,0.25,0.975611092730036,"MED MED"
4,44,9,176.499091582648,8,5,5.50073307518011,0,0.25,0.952352856579616,"MED MED"
4,47,12,159.762805011181,8,5,5.49891521768968,0,0.25,0.785133683596799,"MED MED"
5,49,1,172.435727987407,8,4,4.50028513860508,0,0.25,0.929730046226931,"MED MED"
6,61,1,148.547694270847,8,3,3.49888670999477,0,0.25,0.539204628977308,"MED MED"
6,63,3,143.244009954564,8,3,3.50074479301933,0,0.25,0.40580022481562,"MED MED"
6,72,12,152.229459578558,8,3,3.50062281673548,0,0.25,0.62970686524125,"MED MED"
7,81,9,127.585307826106,8,2,2.50043997848705,0,0.25,0.122257920467771,"MED MED"
7,83,11,124.456147876097,8,2,2.49987354686354,0,0.25,0.0920438551636548,"MED MED"
1,1,1,158.512903118014,9,9,9.50180436516942,0,0.25,0.762951994684004,"MED MED"
2,18,6,186.23205244591,9,8,8.5000513856204,0,0.25,0.981716859797903,"MED MED"
3,29,5,182.363860663862,9,7,7.50059627551736,0,0.25,0.97315795457441,"MED MED"
4,41,6,199.308442964234,9,6,6.50067967127959,0,0.25,0.995087269942229,"MED MED"
4,42,7,174.618933154878,9,6,6.50225920899397,0,0.25,0.942903222837317,"MED MED"
4,43,8,194.159197430405,9,6,6.49960389704734,0,0.25,0.991741221295297,"MED MED"
4,44,9,186.317753838515,9,6,6.49950449743171,0,0.25,0.98187238835651,"MED MED"
4,47,12,167.312099720855,9,6,6.50066441285688,0,0.25,0.887188160636428,"MED MED"
5,49,1,186.862058424633,9,5,5.50040455679266,0,0.25,0.982830288852315,"MED MED"
6,61,1,165.336505845655,9,4,4.49925170535817,0,0.25,0.865500684255055,"MED MED"
6,63,3,158.640466667181,9,4,4.49982018061803,0,0.25,0.765286431125568,"MED MED"
6,72,12,170.017143247816,9,4,4.50262773221851,0,0.25,0.911894175320493,"MED MED"
7,73,1,156.04495906356,9,3,3.50046645984808,0,0.25,0.714707053388311,"MED MED"
7,78,6,141.961728977996,9,3,3.50190121061271,0,0.25,0.37483079252346,"MED MED"
7,79,7,145.08217164282,9,3,3.49950997035426,0,0.25,0.451472816352139,"MED MED"
7,81,9,149.517774271856,9,3,3.49789124508452,0,0.25,0.563563127179039,"MED MED"
7,83,11,145.175226123623,9,3,3.49979121951626,0,0.25,0.453813633788764,"MED MED"
7,84,12,145.054817411826,9,3,3.4985279784842,0,0.25,0.450785114769588,"MED MED"
1,1,1,160.005278951078,10,10,10.5002631356198,0,0.25,0.789257713755633,"MED MED"
3,29,5,187.269540314373,10,8,8.50011117949533,0,0.25,0.983514678975997,"MED MED"
4,43,8,202.63234794138,10,7,7.50109715151628,0,0.25,0.996489515699431,"MED MED"
4,44,9,193.900596345419,10,7,7.50147367486867,0,0.25,0.991523366230103,"MED MED"
4,47,12,172.937884527763,10,7,7.50035719100021,0,0.25,0.932988905338463,"MED MED"
6,61,1,178.349958982799,10,5,5.50155723436125,0,0.25,0.960190873808501,"MED MED"
6,63,3,170.383321293132,10,5,5.49936076727758,0,0.25,0.914835861736057,"MED MED"
6,69,9,175.040244040316,10,5,5.49888178064303,0,0.25,0.945163021920021,"MED MED"
7,73,1,174.895392974734,10,4,4.49886961568505,0,0.25,0.94439574646468,"MED MED"
7,74,2,168.044206263799,10,4,4.50255699047494,0,0.25,0.894416393878355,"MED MED"
7,76,4,154.456056300041,10,4,4.49976340430015,0,0.25,0.680708813447682,"MED MED"
7,77,5,154.803231311849,10,4,4.50056066212766,0,0.25,0.688320817416429,"MED MED"
7,78,6,157.0298849845,10,4,4.50073176228383,0,0.25,0.734652649886697,"MED MED"
7,79,7,160.954928169136,10,4,4.50294844403144,0,0.25,0.804848369498177,"MED MED"
7,83,11,161.072272022588,10,4,4.49941679002193,0,0.25,0.806712908747473,"MED MED"
7,84,12,160.920437095302,10,4,4.49952194958865,0,0.25,0.804297738101691,"MED MED"
8,90,6,154.546426163174,10,3,3.49997474809017,0,0.25,0.682699734072132,"MED MED"
8,95,11,155.184768291722,10,3,3.49979507071699,0,0.25,0.696570347390191,"MED MED"
9,100,4,123.758166623424,10,2,2.49996279663816,0,0.25,0.0862900703584185,"MED MED"
3,29,5,190.987122637555,11,9,9.501263692702,0,0.25,0.988638712195914,"MED MED"
4,44,9,199.756740388886,11,8,8.49914458816797,0,0.25,0.995304842183431,"MED MED"
4,47,12,177.130256916282,11,8,8.5007202520166,0,0.25,0.955177915746646,"MED MED"
6,61,1,188.437031662007,11,6,6.49965179494028,0,0.25,0.985330410049949,"MED MED"
6,69,9,184.649764823626,11,6,6.50154754370437,0,0.25,0.978598704050234,"MED MED"
7,73,1,189.826806034402,11,5,5.50021289583157,0,0.25,0.987236341148627,"MED MED"
7,74,2,181.588622864595,11,5,5.49865710727564,0,0.25,0.971023489827451,"MED MED"
7,78,6,168.476234043586,11,5,5.50112624394194,0,0.25,0.898487707515594,"MED MED"
7,83,11,173.269536075297,11,5,5.49960588256732,0,0.25,0.935063737421661,"MED MED"
8,90,6,172.976136147009,11,4,4.50115543334742,0,0.25,0.933231313546455,"MED MED"
8,94,10,167.761418745173,11,4,4.49994903595933,0,0.25,0.891674080390774,"MED MED"
8,95,11,173.793172303457,11,4,4.49883010665465,0,0.25,0.938218245916659,"MED MED"
9,100,4,144.21089300407,11,3,3.49913642058496,0,0.25,0.429673185954413,"MED MED"
9,103,7,136.909038507209,11,3,3.49864386909194,0,0.25,0.264140251706487,"MED MED"
10,115,7,125.531420173306,11,2,2.49993878374749,0,0.25,0.101583196461136,"MED MED"
10,120,12,123.07420385577,11,2,2.50095917594065,0,0.25,0.0809697810801786,"MED MED"
4,44,9,204.279374615643,12,9,9.49856060981255,0,0.25,0.997028496058163,"MED MED"
4,47,12,180.254440803025,12,9,9.50053171879203,0,0.25,0.966958859187454,"MED MED"
6,61,1,196.255789232603,12,7,7.5001797381884,0,0.25,0.993314175332305,"MED MED"
6,69,9,192.049396232917,12,7,7.50200602241661,0,0.25,0.989788455587672,"MED MED"
7,73,1,201.653965929447,12,6,6.49866097544792,0,0.25,0.996124305416365,"MED MED"
7,78,6,177.171319674891,12,6,6.50016548290672,0,0.25,0.955356073605039,"MED MED"
7,83,11,182.628083022764,12,6,6.49922130527653,0,0.25,0.973849896016497,"MED MED"
8,90,6,187.51275539844,12,5,5.49957068712182,0,0.25,0.983910315835027,"MED MED"
8,94,10,181.249923848788,12,5,5.49876591319871,0,0.25,0.970040060619711,"MED MED"
9,101,5,160.898137762143,12,4,4.49916615148327,0,0.25,0.803941115996905,"MED MED"
9,103,7,150.715497732282,12,4,4.49951853279777,0,0.25,0.593208054140739,"MED MED"
10,116,8,154.242747212837,12,3,3.49780819172811,0,0.25,0.67598330835329,"MED MED"
12,138,7,95.6828741130641,12,1,1.49933546148238,0,0.25,0.00543011608637219,"MED MED"
4,44,9,207.772154198457,13,10,10.4992877356583,0,0.25,0.997913838924674,"MED MED"
4,47,12,182.582603488407,13,10,10.4990457175798,0,0.25,0.973732044127735,"MED MED"
6,61,1,202.316315600552,13,8,8.50134468326008,0,0.25,0.996375461181463,"MED MED"
6,69,9,197.747343740192,13,8,8.49946967919917,0,0.25,0.994248340065623,"MED MED"
7,78,6,183.776440115084,13,7,7.49936375875114,0,0.25,0.976660672005896,"MED MED"
7,83,11,189.808578631409,13,7,7.50022379659473,0,0.25,0.987213000262497,"MED MED"
8,90,6,198.978660149323,13,6,6.4988870028679,0,0.25,0.994920838576799,"MED MED"
8,94,10,191.764413464956,13,6,6.49994146135953,0,0.25,0.989491818738188,"MED MED"
9,100,4,171.826233408255,13,5,5.49916148595094,0,0.25,0.925577980660436,"MED MED"
9,101,5,173.062595175573,13,5,5.50187775315535,0,0.25,0.93377622476298,"MED MED"
9,103,7,161.033888256331,13,5,5.50108941647329,0,0.25,0.806104503593524,"MED MED"
10,113,5,143.945144634344,13,4,4.49946428018833,0,0.25,0.423074042114721,"MED MED"
10,114,6,163.185830713809,13,4,4.5008260689439,0,0.25,0.837995129913004,"MED MED"
10,115,7,162.95184461674,13,4,4.50057791306123,0,0.25,0.834743920342186,"MED MED"
11,127,7,165.472103821362,13,3,3.49803934016138,0,0.25,0.867095309058923,"MED MED"
11,128,8,135.771628223128,13,3,3.49969587278871,0,0.25,0.242312412213985,"MED MED"
11,129,9,149.674275719314,13,3,3.4994037054522,0,0.25,0.567467392949467,"MED MED"
4,47,12,184.317565861336,14,11,11.5002574289856,0,0.25,0.977880788181004,"MED MED"
6,61,1,207.013990330195,14,9,9.50086125389198,0,0.25,0.997747283470844,"MED MED"
7,78,6,188.793942860815,14,8,8.50268970078135,0,0.25,0.985845100564072,"MED MED"
8,90,6,208.02250793005,14,7,7.49954428100681,0,0.25,0.997966092291339,"MED MED"
8,94,10,199.96061393634,14,7,7.4993409673092,0,0.25,0.995400589450128,"MED MED"
9,100,4,180.982553436261,14,6,6.5002254700314,0,0.25,0.969240964951647,"MED MED"
10,113,5,153.116006771585,14,5,5.49984141511341,0,0.25,0.650439745076366,"MED MED"
10,114,6,175.784565930181,14,5,5.50013456369554,0,0.25,0.948950720843077,"MED MED"
10,115,7,175.505836317601,14,5,5.50185086751499,0,0.25,0.947562224304738,"MED MED"
10,116,8,187.045031959359,14,5,5.49961476480033,0,0.25,0.9831409906542,"MED MED"
10,117,9,178.731661123962,14,5,5.49959645717372,0,0.25,0.961646127462385,"MED MED"
11,124,4,160.61914623404,14,4,4.50248280473164,0,0.25,0.799437800639123,"MED MED"
11,127,7,187.066810316173,14,4,4.50027688555683,0,0.25,0.983177601825856,"MED MED"
12,136,5,144.726926781231,14,3,3.49929831184758,0,0.25,0.442557112403539,"MED MED"
4,47,12,185.610471401992,15,12,12.4983403803198,0,0.25,0.980548978328386,"MED MED"
6,61,1,210.65528260841,15,10,10.499775279094,0,0.25,0.998442434156825,"MED MED"
7,78,6,192.605430331994,15,9,9.50067391155539,0,0.25,0.990343569136344,"MED MED"
8,90,6,215.15593389669,15,8,8.4997005744489,0,0.25,0.999013178506374,"MED MED"
8,94,10,206.349673664338,15,8,8.49780648961387,0,0.25,0.997590475774074,"MED MED"
9,100,4,187.987060032823,15,7,7.4992714048958,0,0.25,0.984655182199984,"MED MED"
10,114,6,185.500526295846,15,6,6.50046566835833,0,0.25,0.980334924192932,"MED MED"
10,115,7,185.181872575304,15,6,6.50127593692881,0,0.25,0.979701408520577,"MED MED"
10,117,9,188.874513405488,15,6,6.5008156474871,0,0.25,0.98595880338806,"MED MED"
11,124,4,172.73112799997,15,5,5.50014152117164,0,0.25,0.931664452609642,"MED MED"
11,128,8,159.374483412457,15,5,5.50041131107258,0,0.25,0.778407616994955,"MED MED"
12,134,3,152.461108602039,15,4,4.5009225416087,0,0.25,0.635174207767041,"MED MED"
13,145,3,148.068125604465,15,3,3.50032353357071,0,0.25,0.527085791601355,"MED MED"
13,153,11,140.481356577327,15,3,3.50011552136235,0,0.25,0.340323400232447,"MED MED"
14,158,5,132.414277043038,15,2,2.49941230361816,0,0.25,0.185288024139044,"MED MED"
7,78,6,195.50078235852,16,10,10.4994934156613,0,0.25,0.992785342836645,"MED MED"
10,117,9,196.742406412313,16,7,7.49988247705817,0,0.25,0.99363442530566,"MED MED"
11,124,4,182.013990051021,16,6,6.50104906883491,0,0.25,0.97221427137438,"MED MED"
12,132,1,159.696102733697,16,5,5.50137100757348,0,0.25,0.783988974948641,"MED MED"
13,144,2,158.75758271708,16,4,4.50043453310779,0,0.25,0.767415600656216,"MED MED"
13,145,3,164.728769117399,16,4,4.49809644274023,0,0.25,0.858154303034805,"MED MED"
13,146,4,144.807268509774,16,4,4.4992905995552,0,0.25,0.444570449865405,"MED MED"
14,155,2,151.989203736963,16,3,3.49894959852861,0,0.25,0.624001055271089,"MED MED"
14,158,5,156.280621923419,16,3,3.49988062754652,0,0.25,0.719560706869975,"MED MED"
15,166,1,126.812023433741,16,2,2.49914639852848,0,0.25,0.11407933465328,"MED MED"
7,78,6,197.700202774014,17,11,11.5001120468689,0,0.25,0.994220904186263,"MED MED"
10,117,9,202.845595007458,17,8,8.50118189098799,0,0.25,0.996564447638868,"MED MED"
12,132,1,167.23692931294,17,6,6.50057926226251,0,0.25,0.886422026067617,"MED MED"
13,144,2,170.522136783394,17,5,5.50030785783965,0,0.25,0.915927562060982,"MED MED"
13,146,4,154.120659113288,17,5,5.50070529764813,0,0.25,0.673262336107425,"MED MED"
13,149,7,153.932747313986,17,5,5.49934762957844,0,0.25,0.669051513590967,"MED MED"
14,155,2,169.71090461692,17,4,4.50065566180169,0,0.25,0.909363851376758,"MED MED"
14,158,5,175.197610319275,17,4,4.49766923875457,0,0.25,0.945985282026408,"MED MED"
15,167,2,158.841062758787,17,3,3.50079449363082,0,0.25,0.768925029248943,"MED MED"
15,168,3,145.404165796595,17,3,3.50060603486775,0,0.25,0.45958117814696,"MED MED"
15,170,5,146.971447165299,17,3,3.50162044178851,0,0.25,0.499275241201916,"MED MED"
16,187,9,125.860315149263,17,2,2.49811984376637,0,0.25,0.104671624636015,"MED MED"
10,117,9,207.579888038083,18,9,9.50099192587044,0,0.25,0.997872801857358,"MED MED"
13,144,2,179.497549631368,18,6,6.5018639365007,0,0.25,0.964413490403682,"MED MED"
13,149,7,160.759465416994,18,6,6.4993894109659,0,0.25,0.801712370420851,"MED MED"
14,155,2,183.587017963535,18,5,5.50131818187474,0,0.25,0.976218232843568,"MED MED"
14,158,5,190.19163021476,18,5,5.4991343916089,0,0.25,0.987694765302011,"MED MED"
15,166,1,165.202157329418,18,4,4.4990258809097,0,0.25,0.863904846143155,"MED MED"
15,167,2,178.487966709789,18,4,4.50107587945927,0,0.25,0.960723042899652,"MED MED"
15,168,3,161.361042836818,18,4,4.50072855368199,0,0.25,0.811243562360499,"MED MED"
15,170,5,163.340684864014,18,4,4.50195154173918,0,0.25,0.840118307195698,"MED MED"
16,185,7,153.994205088419,18,3,3.49941478448042,0,0.25,0.670431713690198,"MED MED"
16,187,9,147.119991276826,18,3,3.50026837792665,0,0.25,0.503045712264918,"MED MED"
16,190,12,150.950265161245,18,3,3.49818599940091,0,0.25,0.598947070294822,"MED MED"
17,202,12,125.57307243489,18,2,2.49892746358548,0,0.25,0.101969807821185,"MED MED"
18,214,12,94.8849815081836,18,1,1.49862943303712,0,0.25,0.00500967591179268,"MED MED"
13,144,2,186.345071036556,19,7,7.50126311033748,0,0.25,0.9819216893893,"MED MED"
13,146,4,166.007478764959,19,7,7.4993825002192,0,0.25,0.873235531601432,"MED MED"
14,155,2,194.452031593567,19,6,6.49815033202652,0,0.25,0.991981218024643,"MED MED"
14,158,5,202.076219237158,19,6,6.49965766112301,0,0.25,0.99628635017466,"MED MED"
15,166,1,178.189521479446,19,5,5.50170384850852,0,0.25,0.959563525291789,"MED MED"
15,167,2,194.171325837656,19,5,5.49965174720364,0,0.25,0.991751301272892,"MED MED"
15,168,3,173.612801707586,19,5,5.49920108376778,0,0.25,0.937148152791957,"MED MED"
15,170,5,175.969072438376,19,5,5.50126899280516,0,0.25,0.949850631983176,"MED MED"
15,171,6,160.090357877196,19,5,5.49830380112486,0,0.25,0.790690926221339,"MED MED"
15,172,7,179.641748697861,19,5,5.49966347652436,0,0.25,0.964912564487168,"MED MED"
16,183,5,149.409480024208,19,4,4.49970552896984,0,0.25,0.560856844170931,"MED MED"
16,184,6,157.923343500427,19,4,4.49860547594459,0,0.25,0.751956258506331,"MED MED"
16,190,12,168.387920716285,19,4,4.49939883878499,0,0.25,0.89766695311128,"MED MED"
17,193,3,148.914050888479,19,3,3.49961604802736,0,0.25,0.548432201218349,"MED MED"
17,196,6,147.936243787361,19,3,3.49794539288883,0,0.25,0.523746885511356,"MED MED"
18,212,10,125.211908798565,19,2,2.49935310921349,0,0.25,0.0986605535182298,"MED MED"
18,213,11,131.236220682489,19,2,2.49953366954533,0,0.25,0.167906992877054,"MED MED"
13,144,2,191.569181636113,20,8,8.50107417291301,0,0.25,0.98928369813759,"MED MED"
13,149,7,169.466920503819,20,8,8.50002149760289,0,0.25,0.907301277975477,"MED MED"
14,155,2,202.959350482656,20,7,7.50063616639667,0,0.25,0.99660376554288,"MED MED"
14,158,5,211.496205152597,20,7,7.4990275170151,0,0.25,0.998569719105129,"MED MED"
15,166,1,188.253192195501,20,6,6.50050539393161,0,0.25,0.985058150792506,"MED MED"
15,168,3,183.019754900813,20,6,6.49978289862931,0,0.25,0.974843763837384,"MED MED"
15,170,5,185.711503678215,20,6,6.49838595013761,0,0.25,0.980743665360675,"MED MED"
15,171,6,167.681304017546,20,6,6.50115176363007,0,0.25,0.890885875901481,"MED MED"
15,172,7,189.918181326062,20,6,6.49793111858534,0,0.25,0.987352718324423,"MED MED"
16,184,6,169.533737800223,20,5,5.49880554803301,0,0.25,0.907870286389995,"MED MED"
16,185,7,186.662536110628,20,5,5.49901477681042,0,0.25,0.982485072489485,"MED MED"
16,187,9,176.192968637014,20,5,5.49934550385515,0,0.25,0.950922484091348,"MED MED"
16,190,12,182.000438638442,20,5,5.49906269453111,0,0.25,0.972177078897287,"MED MED"
17,193,3,165.801076073857,20,4,4.49990768919493,0,0.25,0.870897539044687,"MED MED"
17,195,5,167.626590234979,20,4,4.4990146418344,0,0.25,0.890344688967067,"MED MED"
18,206,4,136.682250501291,20,3,3.4996296337121,0,0.25,0.259688992051106,"MED MED"
18,208,6,150.864890191394,20,3,3.50087256170111,0,0.25,0.596863082377089,"MED MED"
18,211,9,159.535616228455,20,3,3.50042245448896,0,0.25,0.781216716898959,"MED MED"
19,221,7,125.170991485094,20,2,2.50195149493277,0,0.25,0.0982917292737662,"MED MED"
13,144,2,195.554759765994,21,9,9.49889788927197,0,0.25,0.992824491346924,"MED MED"
13,146,4,172.436747518988,21,9,9.49960265529881,0,0.25,0.929736808807599,"MED MED"
13,149,7,172.178790173567,21,9,9.50222789454509,0,0.25,0.928006470368277,"MED MED"
14,155,2,209.620591521561,21,8,8.49905471997841,0,0.25,0.998270198998034,"MED MED"
15,166,1,196.051346394555,21,7,7.50084812569347,0,0.25,0.993174900569998,"MED MED"
15,170,5,193.227504110105,21,7,7.49965949515599,0,0.25,0.990929252339835,"MED MED"
15,172,7,197.903893596706,21,7,7.50132478631819,0,0.25,0.994338525778827,"MED MED"
16,184,6,178.373188950678,21,6,6.49838923391253,0,0.25,0.96028093175883,"MED MED"
16,185,7,197.997021371591,21,6,6.4985567330376,0,0.25,0.994391506652145,"MED MED"
16,187,9,185.967567807626,21,6,6.49900043270651,0,0.25,0.981228578310353,"MED MED"
17,193,3,178.904930454111,21,5,5.50036067667374,0,0.25,0.962289743390626,"MED MED"
17,195,5,181.088475221327,21,5,5.4982351448025,0,0.25,0.969559974749759,"MED MED"
18,203,1,161.577421637201,21,4,4.50165511823194,0,0.25,0.81458470811789,"MED MED"
18,206,4,150.433281241393,21,4,4.49978565326471,0,0.25,0.586275424460509,"MED MED"
18,208,6,168.279297138199,21,4,4.50144110142178,0,0.25,0.896649383096712,"MED MED"
19,215,1,149.230870521876,21,3,3.50098199145641,0,0.25,0.55638553286239,"MED MED"
19,217,3,149.139229963952,21,3,3.49946785210034,0,0.25,0.554087805016711,"MED MED"
19,220,6,151.588646140668,21,3,3.50043813613294,0,0.25,0.614411973041124,"MED MED"
20,231,6,122.650915278646,21,2,2.50126288103284,0,0.25,0.0778287180863626,"MED MED"
13,144,2,198.595436782045,22,10,10.5016373872705,0,0.25,0.994720379337569,"MED MED"
13,149,7,174.172312460071,22,10,10.5002437354476,0,0.25,0.940412316627719,"MED MED"
14,155,2,214.836351358108,22,9,9.49852754776432,0,0.25,0.998980666158997,"MED MED"
15,166,1,202.093993320115,22,8,8.50038906877611,0,0.25,0.996293021129287,"MED MED"
15,170,5,199.02587836613,22,8,8.50051228619015,0,0.25,0.994945007906647,"MED MED"
15,172,7,204.109510154197,22,8,8.50027298674184,0,0.25,0.996976959075963,"MED MED"
16,184,6,185.10301178216,22,7,7.49851755940585,0,0.25,0.979541565265408,"MED MED"
16,185,7,206.923189210322,22,7,7.5001512942801,0,0.25,0.997726466512301,"MED MED"
16,187,9,193.51176552076,22,7,7.50025798645678,0,0.25,0.991185033242333,"MED MED"
17,193,3,189.073151187717,22,6,6.49946099169694,0,0.25,0.986235293100962,"MED MED"
18,203,1,173.870088227341,22,5,5.50000650950289,0,0.25,0.938669373108887,"MED MED"
18,206,4,160.702551672047,22,5,5.50156202609418,0,0.25,0.800792148530923,"MED MED"
18,208,6,181.87027607514,22,5,5.5005202188289,0,0.25,0.971817370189641,"MED MED"
19,215,1,166.203040204346,22,4,4.49896271677191,0,0.25,0.875417236046121,"MED MED"
19,218,4,146.917348476088,22,4,4.50089085254665,0,0.25,0.497902060857564,"MED MED"
19,220,6,169.200587534357,22,4,4.50135023771386,0,0.25,0.905001754425961,"MED MED"
19,223,9,157.721560574434,22,4,4.49923774755682,0,0.25,0.748115277384541,"MED MED"
20,228,3,142.862116989622,22,3,3.50155629467347,0,0.25,0.396485857004105,"MED MED"
20,231,6,142.684347146317,22,3,3.49983143085343,0,0.25,0.392175081865711,"MED MED"
13,144,2,200.915229899793,23,11,11.4987453175381,0,0.25,0.995823687470394,"MED MED"
13,149,7,175.637770461656,23,11,11.4991079072842,0,0.25,0.948223848428757,"MED MED"
15,166,1,206.776329798075,23,9,9.50245096042466,0,0.25,0.997692390696317,"MED MED"
15,170,5,203.499154321555,23,9,9.49763172302713,0,0.25,0.996784313438686,"MED MED"
15,172,7,208.931832265672,23,9,9.50065197530383,0,0.25,0.998145134011398,"MED MED"
16,185,7,213.9527516872,23,8,8.49949615284273,0,0.25,0.998885096759086,"MED MED"
16,187,9,199.334502406582,23,8,8.49907179749405,0,0.25,0.995100187635548,"MED MED"
17,193,3,196.963403161453,23,7,7.50070841643706,0,0.25,0.993774788333881,"MED MED"
18,208,6,192.477281471799,23,6,6.50059085364347,0,0.25,0.990218342898582,"MED MED"
19,215,1,179.385346967262,23,5,5.49958530407889,0,0.25,0.964020433438901,"MED MED"
19,220,6,182.97474788522,23,5,5.49928310944867,0,0.25,0.974731456510509,"MED MED"
19,223,9,169.294810394867,23,5,5.5004192408948,0,0.25,0.905821054739693,"MED MED"
20,234,9,148.278477764275,23,4,4.5007969270819,0,0.25,0.532406231583091,"MED MED"
21,245,8,151.765584955536,23,3,3.5021500276437,0,0.25,0.618659219764757,"MED MED"
21,247,10,150.394229616214,23,3,3.50168436836084,0,0.25,0.585313358824529,"MED MED"
13,149,7,176.715043170845,24,12,12.5002354771575,0,0.25,0.953337983620765,"MED MED"
15,170,5,206.950155738475,24,10,10.4991330099242,0,0.25,0.997732668783275,"MED MED"
15,172,7,212.67921019845,24,10,10.4993097840861,0,0.25,0.998731393021496,"MED MED"
16,185,7,219.488693819267,24,9,9.49842307519206,0,0.25,0.999364173946469,"MED MED"
16,187,9,203.828587282234,24,9,9.49916500031627,0,0.25,0.996889764155636,"MED MED"
17,193,3,203.08601574433,24,8,8.50091542465777,0,0.25,0.996647018067734,"MED MED"
18,208,6,200.755460991227,24,7,7.50107920013268,0,0.25,0.995755677924596,"MED MED"
19,215,1,189.624062160586,24,6,6.49925831813646,0,0.25,0.986974335287431,"MED MED"
19,223,9,178.101544563413,24,6,6.50062304892885,0,0.25,0.959215505547095,"MED MED"
21,239,2,167.612293255806,24,4,4.49927957980882,0,0.25,0.890202886833646,"MED MED"
21,240,3,163.541965079776,24,4,4.49913292877686,0,0.25,0.84284428031209,"MED MED"
21,247,10,167.680723745112,24,4,4.50042374428083,0,0.25,0.890880148606568,"MED MED"
22,252,4,153.687746599426,24,3,3.50047521697552,0,0.25,0.663520565992874,"MED MED"
22,255,7,142.060255466677,24,3,3.49908744723369,0,0.25,0.377177888887853,"MED MED"
22,256,8,165.898590498438,24,3,3.50150396481089,0,0.25,0.872006661692358,"MED MED"
22,259,11,145.958248130923,24,3,3.49890902959048,0,0.25,0.473581738904584,"MED MED"
13,149,7,177.506957022152,25,13,13.4984354400968,0,0.25,0.956787185634112,"MED MED"
15,170,5,209.61250228232,25,11,11.4998660654997,0,0.25,0.998268780155388,"MED MED"
15,172,7,215.591259838945,25,11,11.5008607349359,0,0.25,0.999055805526122,"MED MED"
16,185,7,223.84837557619,25,10,10.4985896519222,0,0.25,0.999591495223688,"MED MED"
17,193,3,207.836990106718,25,9,9.4995857468322,0,0.25,0.99792749853479,"MED MED"
18,208,6,207.216121054382,25,8,8.49836728940975,0,0.25,0.997792943377114,"MED MED"
19,215,1,197.576485867258,25,7,7.49790581710242,0,0.25,0.994148281020772,"MED MED"
19,223,9,184.803081981062,25,7,7.4990435539748,0,0.25,0.978922303477238,"MED MED"
20,234,9,165.525525813225,25,6,6.50229041409381,0,0.25,0.867719139892697,"MED MED"
21,238,1,156.988927550604,25,5,5.4993471714623,0,0.25,0.733841207909476,"MED MED"
21,239,2,181.071356915008,25,5,5.50030834567026,0,0.25,0.969508636682492,"MED MED"
21,240,3,176.208943353449,25,5,5.49968001014336,0,0.25,0.950998123442753,"MED MED"
21,247,10,181.153293765177,25,5,5.50009076495903,0,0.25,0.969753608894736,"MED MED"
22,256,8,187.621384989783,25,4,4.4995082991111,0,0.25,0.984083991745985,"MED MED"
22,259,11,162.06035601877,25,4,4.50009100467026,0,0.25,0.821876611041341,"MED MED"
23,261,2,146.96727251246,25,3,3.49929357453101,0,0.25,0.499169275850568,"MED MED"
23,264,5,152.980827365561,25,3,3.50037241028217,0,0.25,0.647312693541263,"MED MED"
23,268,9,155.15296612774,25,3,3.49934316486887,0,0.25,0.695887443480206,"MED MED"
23,269,10,148.744445651608,25,3,3.49837756718324,0,0.25,0.544164034732737,"MED MED"
24,279,8,143.538682063264,25,2,2.50015104630062,0,0.25,0.413034276210253,"MED MED"
24,284,13,129.119527523225,25,2,2.49938673141852,0,0.25,0.139981106180577,"MED MED"
15,170,5,211.666424684312,26,12,12.499222682169,0,0.25,0.998594191519583,"MED MED"
15,172,7,217.8541842786,26,12,12.5004589426296,0,0.25,0.999249480304808,"MED MED"
16,185,7,227.281725233432,26,11,11.5006122467021,0,0.25,0.999711692479938,"MED MED"
17,193,3,211.523611967326,26,10,10.5003338433763,0,0.25,0.998573687916601,"MED MED"
18,208,6,212.258307969234,26,9,9.49932765673329,0,0.25,0.998676077067304,"MED MED"
19,215,1,203.753143935808,26,8,8.50175639799185,0,0.25,0.996865923402307,"MED MED"
20,234,9,170.982236878021,26,7,7.49894854457379,0,0.25,0.919455628407168,"MED MED"
21,238,1,164.189985753194,26,6,6.49867876222831,0,0.25,0.851364093177416,"MED MED"
21,239,2,191.559286737908,26,6,6.50026189603717,0,0.25,0.989273042113831,"MED MED"
21,240,3,185.985839587922,26,6,6.49812610017363,0,0.25,0.981262718435241,"MED MED"
21,247,10,191.653406835653,26,6,6.4981106235354,0,0.25,0.989373979146122,"MED MED"
22,256,8,205.291443244783,26,5,5.50097783388362,0,0.25,0.997317898336916,"MED MED"
22,259,11,174.444553387623,26,5,5.49862672982223,0,0.25,0.941942524676344,"MED MED"
23,264,5,170.975581815604,26,4,4.50157378926249,0,0.25,0.919405573603894,"MED MED"
23,267,8,151.903130616474,26,4,4.49779190076447,0,0.25,0.621948418146923,"MED MED"
23,268,9,173.7524491511,26,4,4.49951973204967,0,0.25,0.937978143210626,"MED MED"
23,269,10,165.585970203292,26,4,4.50065850222255,0,0.25,0.868421979799331,"MED MED"
23,270,11,160.019051479249,26,4,4.50051823442769,0,0.25,0.789490208452412,"MED MED"
24,272,1,150.697409180034,26,3,3.49968639946147,0,0.25,0.592764790629793,"MED MED"
24,275,4,154.662370653886,26,3,3.50117181014808,0,0.25,0.685244318009067,"MED MED"
15,172,7,219.612680063966,27,13,13.4989799444151,0,0.25,0.999372122953865,"MED MED"
16,185,7,229.985567056329,27,12,12.4993505054735,0,0.25,0.999780890980277,"MED MED"
17,193,3,214.384326361137,27,11,11.5005351150356,0,0.25,0.99893284458422,"MED MED"
18,208,6,216.193455250746,27,10,10.5004431811453,0,0.25,0.999111756581625,"MED MED"
19,215,1,208.550562471716,27,9,9.49996465747736,0,0.25,0.998072063095464,"MED MED"
20,234,9,175.033821464738,27,8,8.49934371316762,0,0.25,0.945129213872153,"MED MED"
21,238,1,169.522001548623,27,7,7.50048431090087,0,0.25,0.907770569535189,"MED MED"
21,240,3,193.532051313754,27,7,7.50029969983978,0,0.25,0.991203010881841,"MED MED"
21,247,10,199.836876977474,27,7,7.49999704894343,0,0.25,0.9953427119506,"MED MED"
22,256,8,219.664868305702,27,6,6.4995892736694,0,0.25,0.999375439075051,"MED MED"
22,259,11,183.969290492786,27,6,6.49982386677909,0,0.25,0.977102861846772,"MED MED"
23,261,2,175.962781539014,27,5,5.49902439908345,0,0.25,0.949820197714595,"MED MED"
23,264,5,185.10584656093,27,5,5.50064261395472,0,0.25,0.979547332386404,"MED MED"
23,267,8,162.429447893703,27,5,5.49901106079327,0,0.25,0.827296734426143,"MED MED"
23,268,9,188.448174411145,27,5,5.50031208925165,0,0.25,0.985346754049135,"MED MED"
23,269,10,178.647930862224,27,5,5.49931774618342,0,0.25,0.961331340541364,"MED MED"
23,270,11,172.018520127203,27,5,5.50018718069621,0,0.25,0.926911689774931,"MED MED"
24,272,1,168.066250101722,27,4,4.49823376447238,0,0.25,0.894627569906866,"MED MED"
24,275,4,173.124479505482,27,4,4.49860840031658,0,0.25,0.934163712981807,"MED MED"
24,284,13,169.289403715341,27,4,4.50221846025194,0,0.25,0.905774213522423,"MED MED"
25,287,3,147.288268590544,27,3,3.50076323630741,0,0.25,0.507316626609172,"MED MED"
25,291,7,141.740663468056,27,3,3.49868946710185,0,0.25,0.369586078810283,"MED MED"
25,292,8,144.379180285311,27,3,3.50028515330505,0,0.25,0.433865265366512,"MED MED"
26,297,2,123.009650804777,27,2,2.50049383191644,0,0.25,0.0804833946826002,"MED MED"
17,193,3,216.604159897742,28,12,12.5006333323808,0,0.25,0.999148003614788,"MED MED"
18,208,6,219.264619487356,28,11,11.5007741314483,0,0.25,0.999349552105636,"MED MED"
19,215,1,212.276723828431,28,10,10.5005857322672,0,0.25,0.998678546965267,"MED MED"
20,234,9,178.042105661646,28,9,9.49958544580862,0,0.25,0.958978755244214,"MED MED"
21,240,3,199.356528739451,28,8,8.4991562087114,0,0.25,0.995111079750978,"MED MED"
21,247,10,206.214825777889,28,8,8.50061281467694,0,0.25,0.997557340213839,"MED MED"
22,259,11,191.294804954518,28,7,7.50064716648139,0,0.25,0.988984299753381,"MED MED"
23,261,2,185.704309670294,28,6,6.49815450684765,0,0.25,0.980729866058747,"MED MED"
23,267,8,170.321072408617,28,6,6.4992351330427,0,0.25,0.914342148484865,"MED MED"
23,268,9,200.059483211904,28,6,6.50073890647311,0,0.25,0.99544632015975,"MED MED"
23,269,10,188.778534878025,28,6,6.49949067305644,0,0.25,0.985823253356106,"MED MED"
23,270,11,181.201660499423,28,6,6.49946620772513,0,0.25,0.969897318143468,"MED MED"
24,272,1,181.615029595615,28,5,5.49925040080829,0,0.25,0.971098833475149,"MED MED"
24,275,4,187.691440584414,28,5,5.50159550619747,0,0.25,0.984195016307836,"MED MED"
24,284,13,183.081283205397,28,5,5.49823973469152,0,0.25,0.974996510734138,"MED MED"
25,286,2,154.893366863898,28,4,4.50012956197413,0,0.25,0.690280783323854,"MED MED"
25,287,3,163.74144932017,28,4,4.5003443098279,0,0.25,0.845508503616387,"MED MED"
25,291,7,156.752550401112,28,4,4.5014139861196,0,0.25,0.729127353097471,"MED MED"
25,293,9,180.925134482937,28,4,4.50144428475382,0,0.25,0.969066682861581,"MED MED"
26,303,8,154.350452336067,28,3,3.4989417773705,0,0.25,0.678373897660115,"MED MED"
26,304,9,158.543141544856,28,3,3.49944989697322,0,0.25,0.763506807471253,"MED MED"
27,316,8,140.51526834661,28,2,2.49985320607029,0,0.25,0.341096821850273,"MED MED"
17,193,3,218.32668799803,29,13,13.5014980759742,0,0.25,0.999284610876517,"MED MED"
19,215,1,215.17083830945,29,11,11.4984887247926,0,0.25,0.999014669244408,"MED MED"
20,234,9,180.275743789069,29,10,10.4998191215671,0,0.25,0.967027894212438,"MED MED"
21,240,3,203.852100625718,29,9,9.50005947724843,0,0.25,0.996897157557654,"MED MED"
21,247,10,211.185605923202,29,9,9.50058943042348,0,0.25,0.998523962827259,"MED MED"
22,259,11,196.928888240653,29,8,8.50051033934337,0,0.25,0.993753071063558,"MED MED"
23,261,2,193.219518652767,29,7,7.49721864997106,0,0.25,0.990921961744983,"MED MED"
23,268,9,209.233749175705,29,7,7.50334028641815,0,0.25,0.998201030309782,"MED MED"
23,270,11,188.229477277815,29,7,7.50119750077626,0,0.25,0.985022669476801,"MED MED"
24,272,1,192.183922856932,29,6,6.50157719633945,0,0.25,0.989925589286095,"MED MED"
24,275,4,199.185054709474,29,6,6.49920894398774,0,0.25,0.995025644677643,"MED MED"
24,284,13,193.869987943064,29,6,6.4999380140674,0,0.25,0.991497206386104,"MED MED"
25,286,2,165.951887115669,29,5,5.50109342792492,0,0.25,0.872609411303042,"MED MED"
25,287,3,176.446727924718,29,5,5.50086020371469,0,0.25,0.952111024451285,"MED MED"
25,291,7,168.148201770271,29,5,5.49960013417325,0,0.25,0.895409387475128,"MED MED"
25,293,9,197.128148482484,29,5,5.50101022725251,0,0.25,0.993877419069108,"MED MED"
26,296,1,172.606773732294,29,4,4.49901231463987,0,0.25,0.930856214884751,"MED MED"
26,299,4,174.997756866671,29,4,4.49891364314543,0,0.25,0.944939007092683,"MED MED"
26,301,6,151.48214529317,29,4,4.50018802099287,0,0.25,0.611847050667512,"MED MED"
26,303,8,172.725459095837,29,4,4.49898667579136,0,0.25,0.931627798913032,"MED MED"
26,305,10,168.303750797292,29,4,4.49987498865058,0,0.25,0.896879239405704,"MED MED"
27,316,8,167.790395384115,29,3,3.49954017152236,0,0.25,0.891957931516555,"MED MED"
27,317,9,159.099202002629,29,3,3.50121252330723,0,0.25,0.773549057446737,"MED MED"
28,325,7,130.210612421529,29,2,2.50037349177123,0,0.25,0.153856781356364,"MED MED"
20,234,9,181.934210528814,30,11,11.4992784178745,0,0.25,0.971994616034757,"MED MED"
21,240,3,207.321968410838,30,10,10.4976896819538,0,0.25,0.997816483956571,"MED MED"
21,247,10,215.059681433407,30,10,10.4998797151423,0,0.25,0.9990034969345,"MED MED"
23,261,2,199.017209250087,30,8,8.49887868459224,0,0.25,0.994940579085442,"MED MED"
23,268,9,216.482471728761,30,8,8.49913166683267,0,0.25,0.999137420790793,"MED MED"
24,272,1,200.428318953235,30,7,7.49949991632122,0,0.25,0.995612962008299,"MED MED"
24,275,4,208.253738626454,30,7,7.4996377433097,0,0.25,0.998013193222534,"MED MED"
24,284,13,202.309457704997,30,7,7.50049464560927,0,0.25,0.996372945698865,"MED MED"
25,286,2,174.306982506068,30,6,6.49928641112052,0,0.25,0.941173932890963,"MED MED"
25,291,7,176.798737889183,30,6,6.49938376099595,0,0.25,0.9537145491583,"MED MED"
25,293,9,210.129082921082,30,6,6.50149863291968,0,0.25,0.998357096542935,"MED MED"
26,299,4,189.950362064943,30,5,5.50092984049926,0,0.25,0.987393454353879,"MED MED"
26,301,6,161.934532906559,30,5,5.50030203187157,0,0.25,0.819998695181984,"MED MED"
26,306,11,160.268661957638,30,5,5.50074460653042,0,0.25,0.793671290468893,"MED MED"
27,313,5,152.869530834135,30,4,4.50195262795706,0,0.25,0.644728595003949,"MED MED"
27,316,8,190.085423280661,30,4,4.50068025882215,0,0.25,0.987563013716756,"MED MED"
27,317,9,178.820384972523,30,4,4.49987725987306,0,0.25,0.961977002629982,"MED MED"
28,319,1,140.844291188161,30,3,3.49729145333066,0,0.25,0.348644282017953,"MED MED"
28,324,6,157.244627920638,30,3,3.49999202462225,0,0.25,0.738881154950326,"MED MED"
28,325,7,153.18526310531,30,3,3.50038202085463,0,0.25,0.652036845445915,"MED MED"
28,326,8,155.135677090089,30,3,3.49758231580895,0,0.25,0.695515824417498,"MED MED"
29,330,1,124.884418097142,30,2,2.50174914086759,0,0.25,0.0957428665984566,"MED MED"
29,340,11,123.94589382477,30,2,2.49969413224896,0,0.25,0.0878047677318276,"MED MED"
29,341,12,137.637724748254,30,2,2.49730334565846,0,0.25,0.278769385444709,"MED MED"
20,234,9,183.165614977491,31,12,12.5003517932769,0,0.25,0.975204400965508,"MED MED"
21,240,3,210.000155469307,31,11,11.4985588578085,0,0.25,0.998335485081477,"MED MED"
23,261,2,203.489901405506,31,9,9.49920740967199,0,0.25,0.996781300704645,"MED MED"
23,268,9,222.209794095312,31,9,9.50025473233186,0,0.25,0.999517587893471,"MED MED"
24,272,1,206.859462244417,31,8,8.50096582679035,0,0.25,0.997711742030568,"MED MED"
24,275,4,215.409105693005,31,8,8.49967812227573,0,0.25,0.999038197551749,"MED MED"
24,284,13,208.9112372137,31,8,8.49906037040404,0,0.25,0.99814125852563,"MED MED"
25,286,2,180.619546700312,31,7,7.49879669351265,0,0.25,0.968122942751636,"MED MED"
25,291,7,183.365433615513,31,7,7.5000920894933,0,0.25,0.975690281041077,"MED MED"
25,293,9,220.560740653491,31,7,7.49937988161284,0,0.25,0.99942971106448,"MED MED"
26,299,4,201.796957182439,31,6,6.50152155188878,0,0.25,0.996179953805136,"MED MED"
26,306,11,167.882328082122,31,6,6.50062937888961,0,0.25,0.892854168125187,"MED MED"
27,316,8,208.309656231959,31,5,5.50162654356959,0,0.25,0.998024419032028,"MED MED"
27,317,9,194.574169887232,31,5,5.50090331209487,0,0.25,0.992079262048631,"MED MED"
28,319,1,155.629016367217,31,4,4.49894970183853,0,0.25,0.706018490814624,"MED MED"
28,325,7,171.236546574799,31,4,4.50003745367776,0,0.25,0.921347236629643,"MED MED"
28,326,8,173.730311088625,31,4,4.49946029403714,0,0.25,0.937847252380136,"MED MED"
28,327,9,160.442654057615,31,4,4.49956135988484,0,0.25,0.796549191894015,"MED MED"
29,331,2,148.228268461626,31,3,3.50065907866071,0,0.25,0.531136910754094,"MED MED"
29,334,5,141.791405243321,31,3,3.50179812295846,0,0.25,0.370787243479508,"MED MED"
29,338,9,147.712860050548,31,3,3.50121224093826,0,0.25,0.518086699030364,"MED MED"
29,340,11,144.470102627761,31,3,3.4989275564674,0,0.25,0.436134147857743,"MED MED"
29,341,12,163.678649301599,31,3,3.49944545326593,0,0.25,0.84467377895883,"MED MED"
30,354,12,132.203190114413,31,2,2.50066399852363,0,0.25,0.182074501403595,"MED MED"
30,356,14,136.852932465388,31,2,2.49996693319659,0,0.25,0.263034495132874,"MED MED"
21,240,3,212.067290692992,32,12,12.499098590018,0,0.25,0.998650184712143,"MED MED"
23,261,2,206.940408944904,32,10,10.4990675119777,0,0.25,0.99773042898233,"MED MED"
23,268,9,226.735035784495,32,10,10.5009814237837,0,0.25,0.999695242032246,"MED MED"
24,272,1,211.876155225757,32,9,9.50105319672391,0,0.25,0.998623770178072,"MED MED"
24,275,4,221.054828746734,32,9,9.49876661305044,0,0.25,0.999457599259857,"MED MED"
24,284,13,214.075482588228,32,9,9.50133720277105,0,0.25,0.998898888341346,"MED MED"
25,286,2,185.388907772149,32,8,8.49988551550857,0,0.25,0.98011525111386,"MED MED"
25,291,7,188.350268332048,32,8,8.49916633986995,0,0.25,0.985202531241063,"MED MED"
25,293,9,228.930868474694,32,8,8.49989485926218,0,0.25,0.999756131120195,"MED MED"
26,299,4,211.182734043189,32,7,7.49959984593381,0,0.25,0.99852353300414,"MED MED"
26,306,11,173.562621856724,32,7,7.49914702731687,0,0.25,0.936847387559545,"MED MED"
27,317,9,207.158695851916,32,6,6.5005604806051,0,0.25,0.997780066157866,"MED MED"
28,325,7,185.419518902899,32,5,5.49871789130054,0,0.25,0.980175734105873,"MED MED"
29,330,1,161.819801075134,32,4,4.49923834474096,0,0.25,0.818272879939721,"MED MED"
29,331,2,164.931661343454,32,4,4.50134672924092,0,0.25,0.860643411370281,"MED MED"
29,334,5,156.816199176939,32,4,4.50081526221268,0,0.25,0.730401792112389,"MED MED"
29,338,9,164.278845973417,32,4,4.49851636983893,0,0.25,0.852502175055236,"MED MED"
29,340,11,160.183520345063,32,4,4.50017217637669,0,0.25,0.792252076132132,"MED MED"
30,347,5,151.379781138884,32,3,3.50116977101366,0,0.25,0.609375898704342,"MED MED"
30,348,6,158.757512472875,32,3,3.50066369749523,0,0.25,0.767414327660065,"MED MED"
30,349,7,150.697075568749,32,3,3.49615540379427,0,0.25,0.5927566139992,"MED MED"
30,353,11,146.533300699129,32,3,3.50009676207559,0,0.25,0.48815594355873,"MED MED"
31,357,1,123.882145701864,32,2,2.50062024021953,0,0.25,0.0872877335922681,"MED MED"
24,272,1,215.789488723323,33,10,10.5009378239477,0,0.25,0.999074601626417,"MED MED"
24,284,13,218.115216156,33,10,10.5014499867142,0,0.25,0.999269095845053,"MED MED"
25,286,2,188.992325390349,33,9,9.4996250542918,0,0.25,0.98612344308943,"MED MED"
25,291,7,192.134298868371,33,9,9.50114945797803,0,0.25,0.989875217091198,"MED MED"
25,293,9,235.646871006642,33,9,9.49957768434564,0,0.25,0.999876670510184,"MED MED"
26,299,4,218.618862855399,33,8,8.49817379903683,0,0.25,0.999305506831367,"MED MED"
29,330,1,174.158366413855,33,5,5.49905874024205,0,0.25,0.940332920135773,"MED MED"
29,338,9,177.087570095561,33,5,5.49853465093733,0,0.25,0.954991993385863,"MED MED"
29,340,11,172.213776845008,33,5,5.49989578491551,0,0.25,0.928243439295392,"MED MED"
30,348,6,178.380402022916,33,4,4.50065644790654,0,0.25,0.960308855641691,"MED MED"
30,349,7,168.065825780124,33,4,4.50029123226613,0,0.25,0.894623508501337,"MED MED"
30,351,9,164.802644884279,33,4,4.50123628458806,0,0.25,0.859064888977194,"MED MED"
30,354,12,174.816537968475,33,4,4.50059905908547,0,0.25,0.943973815394231,"MED MED"
31,362,6,147.524410459349,33,3,3.50016947546629,0,0.25,0.513308016462766,"MED MED"
31,363,7,149.333657897468,33,3,3.49984973084157,0,0.25,0.558959876044675,"MED MED"
31,365,9,139.686212111596,33,3,3.49976096300119,0,0.25,0.322438854435581,"MED MED"
31,366,10,142.949851227263,33,3,3.49954405554169,0,0.25,0.398619327240029,"MED MED"
24,272,1,218.842132989203,34,11,11.4995735787061,0,0.25,0.999321062725135,"MED MED"
24,284,13,221.275299791661,34,11,11.4987179438191,0,0.25,0.999469599618366,"MED MED"
25,286,2,191.714832312257,34,10,10.4987629399404,0,0.25,0.989439346267949,"MED MED"
26,299,4,224.510331673821,34,9,9.50091771181973,0,0.25,0.99961803836063,"MED MED"
29,330,1,183.642498046521,34,6,6.50020483243366,0,0.25,0.976348660021692,"MED MED"
29,338,9,186.991201210611,34,6,6.50138094810166,0,0.25,0.983050160493279,"MED MED"
30,349,7,181.614521286616,34,5,5.49911506100282,0,0.25,0.9710973849644,"MED MED"
30,351,9,177.712571536931,34,5,5.49959955121742,0,0.25,0.957642151430662,"MED MED"
31,366,10,158.270706555767,34,4,4.49994265022971,0,0.25,0.75847587820879,"MED MED"
32,375,7,147.226957808197,34,3,3.5002518599392,0,0.25,0.505760636617797,"MED MED"
32,376,8,140.46065268014,34,3,3.49833959896528,0,0.25,0.339851626622898,"MED MED"
33,380,1,130.535803372792,34,2,2.50109168636646,0,0.25,0.158204442139521,"MED MED"
24,284,13,223.747276821047,35,12,12.5005267938941,0,0.25,0.999587282149485,"MED MED"
26,299,4,229.178002946734,35,10,10.5005254728387,0,0.25,0.999762172743931,"MED MED"
29,338,9,194.648631281527,35,7,7.50081257558183,0,0.25,0.992138449957904,"MED MED"
30,349,7,192.183338714102,35,6,6.50051092743596,0,0.25,0.989924997781077,"MED MED"
30,351,9,187.706824464934,35,6,6.49929781705883,0,0.25,0.984219294550832,"MED MED"
31,366,10,169.945174608474,35,5,5.50057422412503,0,0.25,0.911305326140615,"MED MED"
32,372,4,158.479041712874,35,4,4.49983645898454,0,0.25,0.762329643640605,"MED MED"
32,375,7,163.663878676153,35,4,4.49996946801337,0,0.25,0.844476917045836,"MED MED"
33,380,1,153.641073102853,35,3,3.50056437585239,0,0.25,0.662461742266637,"MED MED"
33,381,2,149.267910374728,35,3,3.49832933790824,0,0.25,0.557313564427697,"MED MED"
33,382,3,148.087382827489,35,3,3.50128995944142,0,0.25,0.527573139114979,"MED MED"
33,386,7,162.551382183364,35,3,3.49976902871215,0,0.25,0.829058428655587,"MED MED"
24,284,13,225.680982108101,36,13,13.4988774871655,0,0.25,0.999660829114917,"MED MED"
26,299,4,232.876088395962,36,11,11.4982004381961,0,0.25,0.999836609402978,"MED MED"
29,338,9,200.569311748096,36,8,8.50015105192626,0,0.25,0.99567504686337,"MED MED"
32,372,4,170.192018027798,36,5,5.49886823650089,0,0.25,0.913310311049568,"MED MED"
32,375,7,176.354257585192,36,5,5.50171044598692,0,0.25,0.951681117621606,"MED MED"
32,376,8,166.253172577035,36,5,5.49963819172919,0,0.25,0.875971307581516,"MED MED"
33,380,1,171.8186831726,36,4,4.49920504898019,0,0.25,0.925525157884577,"MED MED"
33,381,2,166.250047186375,36,4,4.50049186204661,0,0.25,0.875936827146991,"MED MED"
33,385,6,193.970999975041,36,4,4.49865359535992,0,0.25,0.991583235078972,"MED MED"
34,391,1,158.314934486079,36,3,3.49913981660705,0,0.25,0.75929755106161,"MED MED"
34,393,3,146.888375593018,36,3,3.49960561158447,0,0.25,0.497166657440592,"MED MED"
35,402,2,130.005629576159,36,2,2.50111843598236,0,0.25,0.15116679818532,"MED MED"
35,407,7,136.418142116773,36,2,2.50096059106346,0,0.25,0.254566998890127,"MED MED"
35,409,9,126.863087961123,36,2,2.50017140202683,0,0.25,0.114604377272436,"MED MED"
26,299,4,235.805993950612,37,12,12.5021677112652,0,0.25,0.999878646788286,"MED MED"
29,338,9,205.147147505336,37,9,9.5005871359156,0,0.25,0.997278422170842,"MED MED"
32,375,7,186.152060844617,37,6,6.50098640484156,0,0.25,0.981570512047731,"MED MED"
32,376,8,174.648503198231,37,6,6.50082831026533,0,0.25,0.943064643006413,"MED MED"
33,380,1,186.119555298663,37,5,5.50051502313057,0,0.25,0.981510713973072,"MED MED"
33,381,2,179.441542574438,37,5,5.50011885036496,0,0.25,0.964217811838534,"MED MED"
33,385,6,213.084615695697,37,5,5.50044820773656,0,0.25,0.998782488762323,"MED MED"
34,393,3,163.235635702979,37,4,4.50095842335615,0,0.25,0.838680467257762,"MED MED"
34,394,4,174.199943009181,37,4,4.50085577946369,0,0.25,0.940569328448104,"MED MED"
35,402,2,152.898117460369,37,3,3.50061529406864,0,0.25,0.64539313626191,"MED MED"
35,406,6,149.33693108262,37,3,3.4993602754309,0,0.25,0.55904180272446,"MED MED"
35,412,12,161.695469036789,37,3,3.50154528394187,0,0.25,0.816388154276611,"MED MED"
36,422,10,132.419140802228,37,2,2.50095978793308,0,0.25,0.18536258236522,"MED MED"
26,299,4,238.127288760325,38,13,13.5006097748231,0,0.25,0.999904125092394,"MED MED"
32,375,7,193.716606347827,38,7,7.50082717493774,0,0.25,0.991364906626406,"MED MED"
32,376,8,180.995605478308,38,7,7.49959484232272,0,0.25,0.969280448616013,"MED MED"
33,380,1,197.370481178428,38,6,6.49918049531675,0,0.25,0.994025335593348,"MED MED"
33,381,2,189.688518706084,38,6,6.49899271763085,0,0.25,0.987058202829366,"MED MED"
33,385,6,228.826438626207,38,6,6.49848969854601,0,0.25,0.999753532259578,"MED MED"
34,393,3,175.843904328905,38,5,5.49981399629462,0,0.25,0.949241792047155,"MED MED"
34,394,4,188.987742365657,38,5,5.49983602589246,0,0.25,0.986117074136999,"MED MED"
35,402,2,170.870024456251,38,4,4.50125066566005,0,0.25,0.918607840551986,"MED MED"
35,403,3,151.323750953836,38,4,4.50046260070547,0,0.25,0.608020896293795,"MED MED"
35,404,4,143.454400434288,38,4,4.50063011709958,0,0.25,0.410961222332841,"MED MED"
35,405,5,170.381729329319,38,4,4.50214130664589,0,0.25,0.914823267645563,"MED MED"
35,412,12,182.170715672277,38,4,4.49867370999429,0,0.25,0.972640917753166,"MED MED"
36,417,5,150.126323153563,38,3,3.50134170331446,0,0.25,0.578696095786526,"MED MED"
36,420,8,156.831902207408,38,3,3.50153216430858,0,0.25,0.730715631369026,"MED MED"
36,424,12,149.742019656059,38,3,3.50104407729553,0,0.25,0.569154845442813,"MED MED"
32,375,7,199.556930669005,39,8,8.50035736600621,0,0.25,0.995209079029074,"MED MED"
32,376,8,185.794190450299,39,8,8.49920974157105,0,0.25,0.980901578365506,"MED MED"
33,380,1,206.221922687459,39,7,7.50007776905013,0,0.25,0.997559095383033,"MED MED"
34,393,3,185.568374158967,39,6,6.49946576288221,0,0.25,0.980467289585901,"MED MED"
34,394,4,200.683310717617,39,6,6.49977177874751,0,0.25,0.995724605022495,"MED MED"
35,402,2,184.978995167617,39,5,5.4998451147312,0,0.25,0.979287699430959,"MED MED"
35,405,5,184.392388527604,39,5,5.49911388720004,0,0.25,0.978044514087219,"MED MED"
35,412,12,198.642272713079,39,5,5.49914143602322,0,0.25,0.994745294637916,"MED MED"
36,417,5,167.340199436373,39,4,4.50033981981702,0,0.25,0.887473391899043,"MED MED"
36,420,8,175.904993398997,39,4,4.49940417851045,0,0.25,0.949539809273893,"MED MED"
36,421,9,147.090070628145,39,4,4.50111555440868,0,0.25,0.502286255345443,"MED MED"
37,427,2,159.030996586864,39,3,3.49933257049438,0,0.25,0.772333691232828,"MED MED"
37,428,3,176.428685026714,39,3,3.50027550350426,0,0.25,0.952027426868052,"MED MED"
37,429,4,146.209858857468,39,3,3.50200890301388,0,0.25,0.479954522558865,"MED MED"
37,435,10,134.864355210602,39,3,3.499426574928,0,0.25,0.225803444772883,"MED MED"
37,436,11,145.067499965322,39,3,3.50263043772162,0,0.25,0.451103938466414,"MED MED"
38,439,1,130.448988605157,39,2,2.49933200037088,0,0.25,0.157034096316718,"MED MED"
38,441,3,143.359412494302,39,2,2.49979353828607,0,0.25,0.408628615093549,"MED MED"
32,375,7,204.066043366134,40,9,9.50215228357163,0.105586950460566,0.25,0.996963628646643,"MED MED"
32,376,8,189.422053484063,40,9,9.50136804364331,0.105586950460566,0.25,0.986708002568236,"MED MED"
34,393,3,193.068635795314,40,7,7.50071349220423,0.105586950460566,0.25,0.9907831117407,"MED MED"
34,394,4,209.933254930272,40,7,7.49967146011742,0.105586950460566,0.25,0.99832415927143,"MED MED"
35,402,2,196.055340854237,40,6,6.50083197386215,0.105586950460566,0.25,0.993177649163135,"MED MED"
35,403,3,169.551878316225,40,6,6.50004364877057,0.105586950460566,0.25,0.908024226383009,"MED MED"
35,405,5,195.379442366438,40,6,6.50073465169416,0.105586950460566,0.25,0.992696562103683,"MED MED"
35,412,12,211.893013775125,40,6,6.50019748054067,0.105586950460566,0.25,0.998626120606402,"MED MED"
36,420,8,191.046020740058,40,5,5.49897935982984,0.105586950460566,0.25,0.988705685627172,"MED MED"
36,421,9,156.785943323539,40,5,5.50259370137266,0.105586950460566,0.25,0.729796451304731,"MED MED"
37,427,2,178.732541337191,40,4,4.50024912717201,0.105586950460566,0.25,0.961649423552234,"MED MED"
37,428,3,201.420003736461,40,4,4.49951550666589,0.105586950460566,0.25,0.996031506831548,"MED MED"
37,429,4,162.378115830023,40,4,4.50088893885159,0.105586950460566,0.25,0.826550808635219,"MED MED"
37,436,11,160.936428401176,40,4,4.50036537070579,0.105586950460566,0.25,0.804553176727861,"MED MED"
37,438,13,160.472345557663,40,4,4.49946147526302,0.105586950460566,0.25,0.797037304820972,"MED MED"
38,439,1,153.51935473978,40,3,3.5017844055463,0.105586950460566,0.25,0.659692813600569,"MED MED"
38,441,3,171.879446590272,40,3,3.50140312869338,0.105586950460566,0.25,0.92594929331988,"MED MED"
32,375,7,207.547373545298,41,10,10.4999567681878,0.103203349757252,0.25,0.997865782801806,"MED MED"
34,394,4,217.248971906344,41,8,8.50017689035347,0.103203349757252,0.25,0.999201953408189,"MED MED"
35,402,2,204.750903151399,41,7,7.49940594061801,0.103203349757252,0.25,0.997167012783546,"MED MED"
35,405,5,203.995407564723,41,7,7.50111077473465,0.103203349757252,0.25,0.996941840894903,"MED MED"
35,412,12,222.552730901957,41,7,7.50110699308846,0.103203349757252,0.25,0.999534088333107,"MED MED"
36,420,8,203.065609313296,41,6,6.50018563227351,0.103203349757252,0.25,0.996640087143218,"MED MED"
37,427,2,194.467701862583,41,5,5.50079738695283,0.103203349757252,0.25,0.991993864018308,"MED MED"
37,428,3,222.291039803205,41,5,5.49951836819756,0.103203349757252,0.25,0.999521549080206,"MED MED"
37,429,4,174.822710817308,41,5,5.50083388218161,0.103203349757252,0.25,0.944006952941064,"MED MED"
37,436,11,173.108096179495,41,5,5.4989134072266,0.103203349757252,0.25,0.934061334515563,"MED MED"
37,438,13,172.556758033973,41,5,5.4991374182475,0.103203349757252,0.25,0.930528650268057,"MED MED"
38,439,1,171.663191774683,41,4,4.50121098342564,0.103203349757252,0.25,0.924429620819487,"MED MED"
38,440,2,166.88631032939,41,4,4.49982541403604,0.103203349757252,0.25,0.882788369292061,"MED MED"
38,448,10,152.280900425086,41,4,4.50003867320802,0.103203349757252,0.25,0.630923896287396,"MED MED"
39,453,3,154.507098925123,41,3,3.49916343229652,0.103203349757252,0.25,0.681834139466975,"MED MED"
39,457,7,146.657619781013,41,3,3.49966858814743,0.103203349757252,0.25,0.491310205572236,"MED MED"
39,458,8,150.446939122419,41,3,3.49989916470608,0.103203349757252,0.25,0.586611741498367,"MED MED"
34,394,4,223.034921923293,42,9,9.50047689686348,0.113607580518339,0.25,0.999556339194105,"MED MED"
35,405,5,210.751982838401,42,8,8.50093218032289,0.113607580518339,0.25,0.998457628357919,"MED MED"
35,412,12,231.128067835339,42,8,8.50029723490045,0.113607580518339,0.25,0.999804884324655,"MED MED"
36,420,8,212.607267631165,42,7,7.50172038365255,0.113607580518339,0.25,0.998722104440599,"MED MED"
37,428,3,239.72109827905,42,6,6.49984846670204,0.113607580518339,0.25,0.999918448448897,"MED MED"
37,429,4,184.401229062067,42,6,6.49980449380523,0.113607580518339,0.25,0.978063780391489,"MED MED"
37,436,11,182.443918513349,42,6,6.49667004710514,0.113607580518339,0.25,0.97336946799513,"MED MED"
37,438,13,181.815171433602,42,6,6.4985598951563,0.113607580518339,0.25,0.971663729681621,"MED MED"
38,439,1,185.932528482567,42,5,5.50012616766714,0.113607580518339,0.25,0.98116293789036,"MED MED"
38,440,2,180.202469585852,42,5,5.50002971816486,0.113607580518339,0.25,0.96678985366171,"MED MED"
38,442,4,158.895714049899,42,5,5.50064372645622,0.113607580518339,0.25,0.769909478184999,"MED MED"
38,448,10,162.873768295639,42,5,5.50084596061071,0.113607580518339,0.25,0.833647476707133,"MED MED"
39,453,3,172.925825381212,42,4,4.49990112431979,0.113607580518339,0.25,0.932912314896994,"MED MED"
39,457,7,162.9439016248,42,4,4.49962736491827,0.113607580518339,0.25,0.834632640467531,"MED MED"
39,458,8,167.747736912365,42,4,4.5010965962922,0.113607580518339,0.25,0.891539827496253,"MED MED"
40,461,1,156.918381765117,42,3,3.50042158671172,0.113607580518339,0.25,0.73243986406856,"MED MED"
40,467,7,155.562254791524,42,3,3.50227518295763,0.113607580518339,0.25,0.704609615774455,"MED MED"
40,468,8,145.991555481359,42,3,3.49838124276519,0.113607580518339,0.25,0.474424896834503,"MED MED"
41,475,3,136.589622473219,42,2,2.49968559514352,0.113607580518339,0.25,0.257885014588808,"MED MED"
34,394,4,227.610989820415,43,10,10.499489128254,0.0993783821740949,0.25,0.999721168919874,"MED MED"
35,405,5,216.050438481883,43,9,9.49908429307546,0.0993783821740949,0.25,0.999098776156335,"MED MED"
35,412,12,238.026600192819,43,9,9.49977882277815,0.0993783821740949,0.25,0.999903140017086,"MED MED"
37,428,3,254.27748817267,43,7,7.50043036702094,0.0993783821740949,0.25,0.99998139643162,"MED MED"
37,438,13,188.908459489307,43,7,7.49998149672952,0.0993783821740949,0.25,0.986006438797319,"MED MED"
38,439,1,197.154739621881,43,6,6.50043286114259,0.0993783821740949,0.25,0.993893826096341,"MED MED"
38,440,2,190.561613702334,43,6,6.49996735572996,0.0993783821740949,0.25,0.988143061403925,"MED MED"
38,442,4,166.335289629982,43,6,6.49929943843189,0.0993783821740949,0.25,0.876874308538416,"MED MED"
38,448,10,170.823149113262,43,6,6.49969704387248,0.0993783821740949,0.25,0.918251285144099,"MED MED"
39,453,3,187.452160756515,43,5,5.49960585891776,0.0993783821740949,0.25,0.983812629157202,"MED MED"
39,457,7,175.496375742149,43,5,5.49944059537307,0.0993783821740949,0.25,0.947514475684356,"MED MED"
39,458,8,181.233539611392,43,5,5.49923096722199,0.0993783821740949,0.25,0.969991676704146,"MED MED"
40,462,2,159.591293741201,43,4,4.50059642628143,0.0993783821740949,0.25,0.782181387467571,"MED MED"
40,463,3,151.375118957998,43,4,4.49975490364013,0.0993783821740949,0.25,0.609263215168298,"MED MED"
40,464,4,172.802788229512,43,4,4.50074542449196,0.0993783821740949,0.25,0.932126222051205,"MED MED"
40,467,7,174.276697220665,43,4,4.50048069592146,0.0993783821740949,0.25,0.941003456144236,"MED MED"
40,468,8,162.102412811847,43,4,4.49987604450904,0.0993783821740949,0.25,0.822500879105535,"MED MED"
41,474,2,151.473999774067,43,3,3.4995584567099,0.0993783821740949,0.25,0.61165062002452,"MED MED"
41,476,4,142.346744546439,43,3,3.5004954583309,0.0993783821740949,0.25,0.384035083993508,"MED MED"
41,482,10,137.295334064704,43,3,3.49935153110179,0.0993783821740949,0.25,0.271833929227994,"MED MED"
41,483,11,146.973335659805,43,3,3.49954859246762,0.0993783821740949,0.25,0.499323176942489,"MED MED"
42,491,6,139.471121702542,43,2,2.49975859291902,0.0993783821740949,0.25,0.31768633970871,"MED MED"
42,498,13,122.403946154385,43,2,2.50074341142748,0.0993783821740949,0.25,0.0760479684826253,"MED MED"
35,405,5,220.205447649812,44,10,10.4991098037212,0.0878248410025015,0.25,0.99940877542736,"MED MED"
37,428,3,266.433987075342,44,8,8.50043045138444,0.0878248410025015,0.25,0.999994585457708,"MED MED"
38,440,2,198.620383859651,44,7,7.50072014849553,0.0878248410025015,0.25,0.994733665020101,"MED MED"
38,442,4,171.86831223963,44,7,7.50062715906623,0.0878248410025015,0.25,0.925871740963469,"MED MED"
38,448,10,176.788734274504,44,7,7.49719144090039,0.0878248410025015,0.25,0.953669692742566,"MED MED"
39,453,3,198.908675947119,44,6,6.4996973506603,0.0878248410025015,0.25,0.994884804510062,"MED MED"
39,457,7,185.171058274236,44,6,6.50104452021392,0.0878248410025015,0.25,0.979679561540261,"MED MED"
40,462,2,171.51086066801,44,5,5.49949252078607,0.0878248410025015,0.25,0.923342018303748,"MED MED"
40,463,3,161.808750936395,44,5,5.49959542942136,0.0878248410025015,0.25,0.818105984198279,"MED MED"
40,464,4,187.303987983661,44,5,5.50038269096775,0.0878248410025015,0.25,0.983571290962352,"MED MED"
40,467,7,189.080315548892,44,5,5.5003680361181,0.0878248410025015,0.25,0.986245164437099,"MED MED"
40,468,8,174.494596193552,44,5,5.50102221092021,0.0878248410025015,0.25,0.942219763290103,"MED MED"
41,474,2,169.054583221987,44,4,4.50037859289313,0.0878248410025015,0.25,0.903719593522216,"MED MED"
41,475,3,182.806924968991,44,4,4.49905714379966,0.0878248410025015,0.25,0.974308361612152,"MED MED"
41,477,5,161.208733829868,44,4,4.499730168897,0.0878248410025015,0.25,0.808864149180416,"MED MED"
41,482,10,151.196445361658,44,4,4.4995727473177,0.0878248410025015,0.25,0.604936045164501,"MED MED"
41,483,11,163.343073139772,44,4,4.4995348493028,0.0878248410025015,0.25,0.840150875293868,"MED MED"
42,493,8,151.507571651923,44,3,3.49885076855489,0.0878248410025015,0.25,0.612459977831709,"MED MED"
42,496,11,161.2374239251,44,3,3.49898993401438,0.0878248410025015,0.25,0.809314098313789,"MED MED"
42,498,13,142.344398243465,44,3,3.50042864144251,0.0878248410025015,0.25,0.383978732746621,"MED MED"
43,501,3,144.855725658013,44,2,2.49995446003848,0.0878248410025015,0.25,0.445785654908171,"MED MED"
43,509,11,124.223876990265,44,2,2.49911769728106,0.0878248410025015,0.25,0.0900918508686617,"MED MED"
37,428,3,276.58626155072,45,9,9.50076087845431,0.0930239505691106,0.25,0.999998068479999,"MED MED"
38,440,2,204.889606077067,45,8,8.50055132292828,0.0930239505691106,0.25,0.997206519000594,"MED MED"
38,442,4,175.983377523843,45,8,8.49896316091151,0.0930239505691106,0.25,0.94991977241003,"MED MED"
39,453,3,207.944109655727,45,7,7.50028340431198,0.0930239505691106,0.25,0.997949871177838,"MED MED"
39,457,7,192.627714326392,45,7,7.50019853155316,0.0930239505691106,0.25,0.990365182302244,"MED MED"
40,462,2,180.623273311757,45,6,6.49899000404186,0.0930239505691106,0.25,0.968134617579501,"MED MED"
40,463,3,169.620034575563,45,6,6.49924315145659,0.0930239505691106,0.25,0.908600534767235,"MED MED"
40,464,4,198.737557874995,45,6,6.49922838663737,0.0930239505691106,0.25,0.994795623019914,"MED MED"
40,468,8,184.026442067155,45,6,6.49890682930828,0.0930239505691106,0.25,0.977232326839086,"MED MED"
41,474,2,182.799637999418,45,5,5.49849095466063,0.0930239505691106,0.25,0.974289835164313,"MED MED"
41,475,3,199.416415926012,45,5,5.49846589105872,0.0930239505691106,0.25,0.995140572561794,"MED MED"
41,476,4,169.048073459245,45,5,5.49988094847977,0.0930239505691106,0.25,0.903662068443617,"MED MED"
41,480,8,161.652029754906,45,5,5.50060582745729,0.0930239505691106,0.25,0.815726104972702,"MED MED"
41,483,11,175.971918288504,45,5,5.50063489948776,0.0930239505691106,0.25,0.949864393962969,"MED MED"
42,486,1,156.081015246618,45,4,4.49973108096152,0.0930239505691106,0.25,0.715452920917461,"MED MED"
42,493,8,169.097335010851,45,4,4.49942821921138,0.0930239505691106,0.25,0.904096617858204,"MED MED"
42,496,11,181.57871315031,45,4,4.50211284479981,0.0930239505691106,0.25,0.970995166299771,"MED MED"
42,497,12,166.14221542057,45,4,4.50134986280602,0.0930239505691106,0.25,0.874742141081862,"MED MED"
42,498,13,157.510186887099,45,4,4.50025142305092,0.0930239505691106,0.25,0.744049647709539,"MED MED"
43,507,9,146.921622246641,45,3,3.50003738457401,0.0930239505691106,0.25,0.498010540567201,"MED MED"
43,509,11,144.854145083239,45,3,3.49940976281849,0.0930239505691106,0.25,0.445746007054762,"MED MED"
44,514,4,121.379165503037,45,2,2.50060229490742,0.0930239505691106,0.25,0.069051955634862,"MED MED"
44,521,11,123.082050621478,45,2,2.49967387374144,0.0930239505691106,0.25,0.0810290863095089,"MED MED"
37,428,3,285.064745187219,46,10,10.5000184246272,0.0852256262263538,0.25,0.999999183339845,"MED MED"
38,440,2,209.766671242606,46,9,9.5001964688544,0.0852256262263538,0.25,0.998295622366625,"MED MED"
39,457,7,198.374850658334,46,8,8.49901498772478,0.0852256262263538,0.25,0.994601445070823,"MED MED"
40,464,4,207.752434069815,46,7,7.49894048807655,0.0852256262263538,0.25,0.997909666502707,"MED MED"
40,468,8,191.358167474983,46,7,7.49945347647073,0.0852256262263538,0.25,0.98905416689194,"MED MED"
41,474,2,193.545955457779,46,6,6.50175944016454,0.0852256262263538,0.25,0.991215311993482,"MED MED"
41,476,4,177.8210823356,46,6,6.50147900964739,0.0852256262263538,0.25,0.9580868094019,"MED MED"
41,480,8,169.443091082583,46,6,6.50140463009077,0.0852256262263538,0.25,0.907097587229801,"MED MED"
42,486,1,167.354345838013,46,5,5.49926729889187,0.0852256262263538,0.25,0.887616749064865,"MED MED"
42,488,3,184.579005282863,46,5,5.50088111250397,0.0852256262263538,0.25,0.978447720974559,"MED MED"
42,496,11,197.922387553897,46,5,5.49938323836523,0.0852256262263538,0.25,0.994349086538034,"MED MED"
42,497,12,179.312636938827,46,5,5.49965893597708,0.0852256262263538,0.25,0.963763494850889,"MED MED"
42,498,13,169.044586616648,46,5,5.50004566853635,0.0852256262263538,0.25,0.903631243496682,"MED MED"
43,502,4,163.413620505052,46,4,4.49964112391464,0.0852256262263538,0.25,0.841110484056953,"MED MED"
43,503,5,150.983205853336,46,4,4.499682636494,0.0852256262263538,0.25,0.599750195608905,"MED MED"
43,506,8,161.471753096259,46,4,4.49915924966308,0.0852256262263538,0.25,0.812958799383362,"MED MED"
43,507,9,163.277676537691,46,4,4.4998261726058,0.0852256262263538,0.25,0.839257142527716,"MED MED"
43,508,10,181.196769121032,46,4,4.49916621297311,0.0852256262263538,0.25,0.96988281480037,"MED MED"
44,516,6,144.730170919062,46,3,3.49998248388822,0.0852256262263538,0.25,0.44263837333099,"MED MED"
45,526,5,125.834575864675,46,2,2.49918236808357,0.0852256262263538,0.25,0.104426964257239,"MED MED"
37,428,3,292.14539346448,47,11,11.4977071685518,0.107668599686116,0.25,0.999999602057151,"MED MED"
38,440,2,213.560724763766,47,10,10.5006265115211,0.107668599686116,0.25,0.99883987729842,"MED MED"
39,457,7,202.804393309476,47,9,9.49995745694518,0.107668599686116,0.25,0.996550095253333,"MED MED"
40,468,8,196.99759956071,47,8,8.50094607598169,0.107668599686116,0.25,0.993796231192465,"MED MED"
41,476,4,184.49347766387,47,7,7.4997651921873,0.107668599686116,0.25,0.978263835605866,"MED MED"
41,482,10,175.208003127175,47,7,7.499577605635,0.107668599686116,0.25,0.946039174681314,"MED MED"
42,486,1,175.897524967502,47,6,6.50101350760618,0.107668599686116,0.25,0.949503464324034,"MED MED"
42,488,3,195.59442879164,47,6,6.49968924385314,0.107668599686116,0.25,0.992853127817233,"MED MED"
42,497,12,189.540668184404,47,6,6.49958391403998,0.107668599686116,0.25,0.9868650310947,"MED MED"
42,498,13,177.817119337976,47,6,6.49846037007445,0.107668599686116,0.25,0.958070648559051,"MED MED"
43,506,8,173.74443446973,47,5,5.49881677261355,0.107668599686116,0.25,0.937930786329511,"MED MED"
43,508,10,197.458176361585,47,5,5.50111664681624,0.107668599686116,0.25,0.994077983638317,"MED MED"
43,509,11,172.788513864341,47,5,5.49806553963095,0.107668599686116,0.25,0.93203447119762,"MED MED"
44,511,1,160.533152554868,47,4,4.49952418251036,0.107668599686116,0.25,0.798034214700122,"MED MED"
44,512,2,170.910732901589,47,4,4.50068083666951,0.107668599686116,0.25,0.9189163371733,"MED MED"
44,516,6,160.511201475349,47,4,4.49955202587794,0.107668599686116,0.25,0.797674756702791,"MED MED"
44,521,11,158.683546065837,47,4,4.4999487554353,0.107668599686116,0.25,0.766071182472429,"MED MED"
45,522,1,146.12341142509,47,3,3.50134247768556,0.107668599686116,0.25,0.477764145515429,"MED MED"
45,525,4,147.304899068354,47,3,3.49899661355085,0.107668599686116,0.25,0.507738663894961,"MED MED"
45,526,5,147.084285356371,47,3,3.5021058392718,0.107668599686116,0.25,0.502139410121738,"MED MED"
45,528,7,161.721970907106,47,3,3.49865462650663,0.107668599686116,0.25,0.816791157611972,"MED MED"
45,533,12,155.731270388967,47,3,3.50082130322996,0.107668599686116,0.25,0.708168742193129,"MED MED"
37,428,3,298.058665480535,48,12,12.5001774113464,0.089961259746433,0.25,0.999999781689141,"MED MED"
38,440,2,216.512262549878,48,11,11.5001518965482,0.089961259746433,0.25,0.999140023680283,"MED MED"
39,457,7,206.218415000459,48,10,10.4989614594364,0.089961259746433,0.25,0.9975582280382,"MED MED"
40,468,8,201.335349882832,48,9,9.49980943620667,0.089961259746433,0.25,0.99599738731489,"MED MED"
41,482,10,179.566917401945,48,8,8.50094917198908,0.089961259746433,0.25,0.96465442044939,"MED MED"
42,488,3,204.235673877512,48,7,7.50000369075492,0.089961259746433,0.25,0.997015321522323,"MED MED"
42,497,12,197.483665530044,48,7,7.49982528383782,0.089961259746433,0.25,0.994093199448548,"MED MED"
42,498,13,184.489103329447,48,7,7.49840714000268,0.089961259746433,0.25,0.978254389611009,"MED MED"
43,506,8,183.169981647313,48,6,6.49950341487585,0.089961259746433,0.25,0.975215119457195,"MED MED"
43,508,10,210.513374162643,48,6,6.50056421822345,0.089961259746433,0.25,0.998419865541616,"MED MED"
44,512,2,185.027913960207,48,5,5.4979249341508,0.089961259746433,0.25,0.979388203908196,"MED MED"
44,516,6,172.602908271413,48,5,5.50157872378225,0.089961259746433,0.25,0.930830950133023,"MED MED"
44,521,11,170.43438032759,48,5,5.50025918064555,0.089961259746433,0.25,0.915238897093299,"MED MED"
45,522,1,162.268927129467,48,4,4.50118742800821,0.089961259746433,0.25,0.824955683656963,"MED MED"
45,525,4,163.76249153514,48,4,4.49963018155675,0.089961259746433,0.25,0.845787371142737,"MED MED"
45,526,5,163.483397419086,48,4,4.4994562995146,0.089961259746433,0.25,0.842055011387571,"MED MED"
45,528,7,182.204980196822,48,4,4.49854133569319,0.089961259746433,0.25,0.972733342734332,"MED MED"
45,533,12,174.493278676956,48,4,4.49948917702191,0.089961259746433,0.25,0.942212480163279,"MED MED"
46,543,10,156.895691620165,48,3,3.49823641314907,0.089961259746433,0.25,0.73198814581218,"MED MED"
47,556,12,132.019670896397,48,2,2.5004795456087,0.089961259746433,0.25,0.17931601182692,"MED MED"
38,440,2,218.808375468229,49,12,12.4993820063315,0.115675157499799,0.25,0.999318733275801,"MED MED"
40,468,8,204.671869867655,49,10,10.5012726027775,0.115675157499799,0.25,0.997144253381778,"MED MED"
42,488,3,211.014452430566,49,8,8.49797251752819,0.115675157499799,0.25,0.998498127507373,"MED MED"
42,497,12,203.652126039992,49,8,8.50132946475379,0.115675157499799,0.25,0.996833715362321,"MED MED"
42,498,13,189.563506788121,49,8,8.49937952988156,0.115675157499799,0.25,0.986895055242905,"MED MED"
43,506,8,190.408900094988,49,7,7.49921154151642,0.115675157499799,0.25,0.98796001317359,"MED MED"
44,512,2,196.11172121994,49,6,6.49979466828513,0.115675157499799,0.25,0.993216327509363,"MED MED"
44,521,11,179.39768141783,49,6,6.50071650652869,0.115675157499799,0.25,0.964063845877066,"MED MED"
45,525,4,176.471813308383,49,5,5.50101096548116,0.115675157499799,0.25,0.952227021891186,"MED MED"
45,528,7,198.683952748542,49,5,5.49812956594965,0.115675157499799,0.25,0.994767368784651,"MED MED"
45,533,12,189.341575911816,49,5,5.49902034574685,0.115675157499799,0.25,0.986600408952495,"MED MED"
46,541,8,171.731619973925,49,4,4.50005552056052,0.115675157499799,0.25,0.924913553131577,"MED MED"
46,543,10,175.986883054182,49,4,4.50027386511011,0.115675157499799,0.25,0.949936701825609,"MED MED"
47,549,5,150.306681740936,49,3,3.50032254913769,0.115675157499799,0.25,0.583154196662013,"MED MED"
47,553,9,150.905968370931,49,3,3.50087950062539,0.115675157499799,0.25,0.597866234950541,"MED MED"
47,556,12,155.725213726365,49,3,3.49991192738854,0.115675157499799,0.25,0.70804163735341,"MED MED"
48,560,3,136.267467078404,49,2,2.50076967960363,0.115675157499799,0.25,0.251674850674581,"MED MED"
48,565,8,131.375311435857,49,2,2.49681225437943,0.115675157499799,0.25,0.169889331342271,"MED MED"
42,497,12,208.442497156467,50,9,9.50050412022175,1.33306791453632,0.25,0.998050834507391,"MED MED"
42,498,13,193.422864138847,50,9,9.49949784086293,1.33306791453632,0.25,0.99110581680591,"MED MED"
43,506,8,195.96846489317,50,8,8.50195739283865,1.33306791453632,0.25,0.993117620907572,"MED MED"
45,533,12,201.092553066854,50,6,6.50013525246448,1.33306791453632,0.25,0.995897899478735,"MED MED"
46,541,8,186.014830761703,50,5,5.50007442024119,1.33306791453632,0.25,0.981316762391596,"MED MED"
46,543,10,191.144970835594,50,5,5.49917063991192,1.33306791453632,0.25,0.98881732488585,"MED MED"
47,545,1,164.159084160877,50,4,4.4996434141057,1.33306791453632,0.25,0.850966624267808,"MED MED"
47,549,5,167.569430109173,50,4,4.49892732912648,1.33306791453632,0.25,0.889776792289914,"MED MED"
47,552,8,166.724572072486,50,4,4.49813894470673,1.33306791453632,0.25,0.881078458668947,"MED MED"
47,556,12,174.485516552211,50,4,4.50152797350074,1.33306791453632,0.25,0.942169554259611,"MED MED"
48,560,3,161.729692771472,50,3,3.50029554716866,1.33306791453632,0.25,0.816908451751303,"MED MED"
48,563,6,163.753645994221,50,3,3.49937090689323,1.33306791453632,0.25,0.845670193446026,"MED MED"
49,572,2,127.751911486352,50,2,2.50056132804835,1.33306791453632,0.25,0.124084785829187,"MED MED"
47,556,12,189.332211464108,51,5,5.49978057349789,1.36255845536733,0.25,0.986587833590148,"MED MED"
49,577,7,153.628269631393,51,3,3.49968693088183,1.36255845536733,0.25,0.662171000266164,"MED MED"
49,582,12,148.869763959572,51,3,3.499302710422,1.36255845536733,0.25,0.547318368694442,"MED MED"
50,587,2,129.843998144315,51,2,2.50080643841612,1.36255845536733,0.25,0.149073069649843,"MED MED"
50,590,5,132.575891177795,51,2,2.50114514925462,1.36255845536733,0.25,0.187777879512795,"MED MED"
50,596,11,122.350239769559,51,2,2.50008155391308,1.36255845536733,0.25,0.0756657042962123,"MED MED"
49,582,12,165.744902716607,52,4,4.5004533081927,1.36149421639607,0.25,0.870254917890848,"MED MED"
50,587,2,152.67179374695,52,3,3.49947381480085,1.36149421639607,0.25,0.640116704321643,"MED MED"
50,590,5,156.508235541763,52,3,3.4992458159713,1.36149421639607,0.25,0.724200427190722,"MED MED"
50,591,6,140.735820768257,52,3,3.49991804360314,1.36149421639607,0.25,0.346147452183716,"MED MED"
50,592,7,144.548060841952,52,3,3.50012815920279,1.36149421639607,0.25,0.438081657688673,"MED MED"
51,600,1,126.463104753241,52,2,2.49759452548389,1.36149421639607,0.25,0.110547597220608,"MED MED"
49,582,12,178.837810859713,53,5,5.49927838082347,1.35308997832099,0.25,0.962041665585313,"MED MED"
51,603,4,145.739828975047,53,3,3.5005779493636,1.35308997832099,0.25,0.468056525886789,"MED MED"
51,605,6,144.738211497323,53,3,3.49946788867913,1.35308997832099,0.25,0.442839791333155,"MED MED"
51,609,10,145.373374654578,53,3,3.50193032461322,1.35308997832099,0.25,0.458804809784019,"MED MED"
51,612,13,158.696027763189,53,3,3.49958459226662,1.35308997832099,0.25,0.766298213171245,"MED MED"
51,613,14,152.166243652359,53,3,3.49948094172349,1.35308997832099,0.25,0.628208990935853,"MED MED"
52,614,1,128.88739680241,53,2,2.50246139212994,1.35308997832099,0.25,0.137167747351745,"MED MED"
52,615,2,130.297030889139,53,2,2.50025252500869,1.35308997832099,0.25,0.155002531379141,"MED MED"
52,619,6,135.381432570922,53,2,2.50055967822082,1.35308997832099,0.25,0.235113193134851,"MED MED"
51,603,4,161.78461479665,54,4,4.50000771971168,1.33915437071331,0.25,0.817741029615234,"MED MED"
51,605,6,160.521334578268,54,4,4.50019710241763,1.33915437071331,0.25,0.797840749754544,"MED MED"
51,609,10,161.322198725248,54,4,4.49964607688959,1.33915437071331,0.25,0.810638896206031,"MED MED"
52,614,1,151.334017327758,54,3,3.49776539251508,1.33915437071331,0.25,0.608269297741287,"MED MED"
52,615,2,153.306360446778,54,3,3.50106926257491,1.33915437071331,0.25,0.654821222331506,"MED MED"
52,618,5,146.657986827069,54,3,3.50116359766946,1.33915437071331,0.25,0.491319519525906,"MED MED"
52,623,10,158.847583991461,54,3,3.50009859896939,1.33915437071331,0.25,0.769042652674063,"MED MED"
52,614,1,168.876347399231,55,4,4.49879101125277,1.36360873081114,0.25,0.902133445073457,"MED MED"
52,618,5,162.944365581533,55,4,4.50018115648242,1.36360873081114,0.25,0.834639142069119,"MED MED"
52,620,7,157.14285846428,55,4,4.50043890312189,1.36360873081114,0.25,0.736882654471509,"MED MED"
53,627,3,137.562011707996,55,3,3.49996590220753,1.36360873081114,0.25,0.277226426476819,"MED MED"
53,630,6,144.398469976969,55,3,3.4993587258925,1.36360873081114,0.25,0.43434639338365,"MED MED"
52,614,1,182.585909780302,56,5,5.50020722746035,1.3440501739231,0.25,0.973740629169827,"MED MED"
53,625,1,152.657931824421,56,4,4.49955409429968,1.3440501739231,0.25,0.639792413647785,"MED MED"
53,628,4,156.264255478314,56,4,4.50070103985586,1.3440501739231,0.25,0.71922526010867,"MED MED"
53,630,6,160.093288003331,56,4,4.50125228432328,1.3440501739231,0.25,0.790740158294866,"MED MED"
54,639,6,151.72401661815,56,3,3.50083842975354,1.3440501739231,0.25,0.61766301443363,"MED MED"
54,642,9,157.175180717479,56,3,3.50142846569689,1.3440501739231,0.25,0.737518448034248,"MED MED"
55,649,7,116.693862753268,56,2,2.49989576288323,1.3440501739231,0.25,0.0440637321894342,"MED MED"
52,614,1,193.300113646875,57,6,6.49957629329912,1.34403141279882,0.25,0.990995278041258,"MED MED"
53,625,1,163.31741810613,57,5,5.49968338845687,1.34403141279882,0.25,0.839800745217335,"MED MED"
54,639,6,169.373017107081,57,4,4.49914413870545,1.34403141279882,0.25,0.906496274767608,"MED MED"
54,642,9,176.345768470138,57,4,4.50028677677448,1.34403141279882,0.25,0.951641467511683,"MED MED"
55,647,5,151.691101757072,57,3,3.49810906535592,1.34403141279882,0.25,0.616873491230015,"MED MED"
55,648,6,154.191138110039,57,3,3.50083109839763,1.34403141279882,0.25,0.674834536196743,"MED MED"
52,614,1,201.673405317585,58,7,7.50060829272506,1.364217929213,0.25,0.996131917876559,"MED MED"
53,625,1,171.324671791149,58,6,6.50107532029545,1.364217929213,0.25,0.92199319565178,"MED MED"
56,655,3,140.996134227656,58,3,3.50021189428074,1.364217929213,0.25,0.352153466434395,"MED MED"
56,660,8,151.898174485881,58,3,3.49932602663643,1.364217929213,0.25,0.621830092368191,"MED MED"
57,668,5,125.479996304116,58,2,2.50086945870757,1.364217929213,0.25,0.101107679971244,"MED MED"
56,655,3,155.819227356611,59,4,4.50100873328718,1.33254473203999,0.25,0.71001092983362,"MED MED"
56,660,8,169.594904610954,59,4,4.49836564127511,1.33254473203999,0.25,0.908388422467454,"MED MED"
57,665,2,142.99979146584,59,3,3.50031014865185,1.33254473203999,0.25,0.399835472271184,"MED MED"
57,668,5,146.592624205983,59,3,3.49780042231319,1.33254473203999,0.25,0.489661015616775,"MED MED"
58,681,7,131.471541916198,59,2,2.50156384220614,1.33254473203999,0.25,0.171271684044551,"MED MED"
56,654,2,166.602732000701,60,5,5.49843684935385,1.35670328058077,0.25,0.879776142441458,"MED MED"
56,655,3,167.045041196171,60,5,5.50058476290203,1.35670328058077,0.25,0.884445714295653,"MED MED"
56,660,8,183.447812665986,60,5,5.49971201142697,1.35670328058077,0.25,0.975887880713757,"MED MED"
57,666,3,160.365318449518,60,4,4.49840949205597,1.35670328058077,0.25,0.795273733507308,"MED MED"
58,676,2,149.965697837643,60,3,3.49999852897109,1.35670328058077,0.25,0.574714907685751,"MED MED"
58,681,7,154.954537610694,60,3,3.49838529676223,1.35670328058077,0.25,0.691607041086271,"MED MED"
58,685,11,143.41668216007,60,3,3.50221767754772,1.35670328058077,0.25,0.410034493849549,"MED MED"
56,655,3,175.546566165631,61,6,6.49977492402754,1.33693745650239,0.25,0.947767324305721,"MED MED"
56,660,8,194.291796849781,61,6,6.50019335041095,1.33693745650239,0.25,0.991850765181072,"MED MED"
58,676,2,167.136102360573,61,4,4.49923940773663,1.33693745650239,0.25,0.88538728074267,"MED MED"
58,685,11,158.857596994133,61,4,4.50033888926911,1.33693745650239,0.25,0.769223175570487,"MED MED"
59,692,7,144.247299034601,61,3,3.50086209947393,1.33693745650239,0.25,0.430579236339548,"MED MED"
60,699,5,130.153268909112,61,2,2.5001922970451,1.33693745650239,0.25,0.153100342576957,"MED MED"
58,676,2,180.501351828199,62,5,5.50032943094141,1.35053618223919,0.25,0.967750505314607,"MED MED"
59,688,3,167.092711272055,62,4,4.49989716687235,1.35053618223919,0.25,0.884939455576076,"MED MED"
60,703,9,144.273012348777,62,3,3.49944306330761,1.35053618223919,0.25,0.431219453736002,"MED MED"
61,709,5,125.86673879986,62,2,2.50062067077183,1.35053618223919,0.25,0.104732762429472,"MED MED"
61,710,6,138.583151768708,62,2,2.49950949731157,1.35053618223919,0.25,0.298472432583525,"MED MED"
58,676,2,190.904711463281,63,6,6.49982539875518,1.35062432756756,0.25,0.988544342489336,"MED MED"
60,698,4,159.331521860025,63,4,4.50082373217284,1.35062432756756,0.25,0.777654307442195,"MED MED"
61,707,3,148.625970458146,63,3,3.50156933619206,1.35062432756756,0.25,0.541178679945307,"MED MED"
61,709,5,147.128902593185,63,3,3.50052284816526,1.35062432756756,0.25,0.503271900019619,"MED MED"
62,716,2,153.651063872386,64,3,3.50116035885243,1.33824357406066,0.25,0.662688527986951,"MED MED"
62,718,4,139.235095489233,64,3,3.50023996741497,1.33824357406066,0.25,0.312514638747841,"MED MED"
62,722,8,151.729411852242,64,3,3.49946091559061,1.33824357406066,0.25,0.617792369892057,"MED MED"
62,723,9,161.87391863086,64,3,3.50015851611214,1.33824357406066,0.25,0.819088524059725,"MED MED"
63,730,6,131.923291073671,64,2,2.50041382850765,1.33824357406066,0.25,0.177880451224617,"MED MED"
63,733,9,129.07837127513,64,2,2.49855862831559,1.33824357406066,0.25,0.139478804935753,"MED MED"
61,708,4,162.655793335981,65,5,5.50045046510432,1.33913776000996,0.25,0.83055558749192,"MED MED"
62,720,6,158.942526872656,65,4,4.49984055719927,1.33913776000996,0.25,0.770750389460695,"MED MED"
63,733,9,151.600856374292,65,3,3.50092227495055,1.33913776000996,0.25,0.61470563662357,"MED MED"
63,735,11,147.00603827946,65,3,3.49990063705298,1.33913776000996,0.25,0.500153270214246,"MED MED"
64,741,4,132.259769856237,65,2,2.49956753520897,1.33913776000996,0.25,0.1829315809155,"MED MED"
63,726,2,166.223815096107,66,4,4.4993150511866,1.32576672560586,0.25,0.875647100836255,"MED MED"
64,738,1,150.723666823865,66,3,3.49908395949345,1.32576672560586,0.25,0.593408189631924,"MED MED"
64,741,4,156.063094542675,66,3,3.49992333419887,1.32576672560586,0.25,0.715082355415668,"MED MED"
64,748,11,139.636954680901,66,3,3.49827729957884,1.32576672560586,0.25,0.321347198496702,"MED MED"
64,741,4,174.918646403285,67,4,4.49942755833345,1.36314551615006,0.25,0.944519597022092,"MED MED"
65,753,4,149.313784175233,67,3,3.50047211579959,1.36314551615006,0.25,0.558462374955802,"MED MED"
66,762,4,125.381015509799,67,2,2.49941650186633,1.36314551615006,0.25,0.10019796328,"MED MED"
65,755,6,149.287161955607,68,4,4.49927255830601,1.32823575379553,0.25,0.557795754204243,"MED MED"
65,757,8,157.176180109287,68,4,4.49996448233822,1.32823575379553,0.25,0.737538090750895,"MED MED"
66,761,3,150.773248744426,68,3,3.50132871092325,1.32823575379553,0.25,0.594622235177812,"MED MED"
66,763,5,144.83570975857,68,3,3.49899075471471,1.32823575379553,0.25,0.445283618138607,"MED MED"
66,768,10,139.829764216374,68,3,3.50010999053967,1.32823575379553,0.25,0.325631330760847,"MED MED"
67,773,5,128.365626541244,68,2,2.50120512267114,1.32823575379553,0.25,0.131017479969961,"MED MED"
68,782,3,101.840303439066,68,1,1.49980708029467,1.32823575379553,0.25,0.0100989712162661,"MED MED"
65,753,4,179.511149277958,69,5,5.50169638493938,1.34925291991277,0.25,0.964460849387612,"MED MED"
65,755,6,159.358093806062,69,5,5.49983319466669,1.34925291991277,0.25,0.778120448930797,"MED MED"
65,757,8,168.649314975611,69,5,5.49898792939466,1.34925291991277,0.25,0.900079340040055,"MED MED"
66,768,10,154.359318208541,69,4,4.50087395827282,1.34925291991277,0.25,0.678570268365426,"MED MED"
67,775,7,146.856126756128,69,3,3.50022481640338,1.34925291991277,0.25,0.496348116772128,"MED MED"
67,778,10,163.194277432866,69,3,3.50105947027081,1.34925291991277,0.25,0.83811152543644,"MED MED"
65,753,4,189.768362180324,70,6,6.50063024123371,1.36014824934455,0.25,0.987161352432705,"MED MED"
65,755,6,166.856080014169,70,6,6.5002525397828,1.36014824934455,0.25,0.882470400304385,"MED MED"
68,784,5,138.489386620986,70,3,3.50152537699724,1.36014824934455,0.25,0.296482862397639,"MED MED"
68,788,9,141.148538708598,70,3,3.50219175551078,1.36014824934455,0.25,0.355691748285562,"MED MED"
68,784,5,152.684970733602,71,4,4.49993203864592,1.36860880632449,0.25,0.640424852812874,"MED MED"
68,788,9,156.010187878531,71,4,4.50108971175497,1.36860880632449,0.25,0.71398665617405,"MED MED"
69,797,9,138.118245712208,71,3,3.49927339987753,1.36860880632449,0.25,0.288683686298187,"MED MED"
70,803,5,131.407607906518,71,2,2.49874610398129,1.36860880632449,0.25,0.170352278804659,"MED MED"
68,788,9,167.270653378928,72,5,5.49984115263679,1.35784915895796,0.25,0.886766300261483,"MED MED"
69,792,4,154.26226488608,72,4,4.5013465113379,1.35784915895796,0.25,0.676417203094739,"MED MED"
69,797,9,152.221993260185,72,4,4.50072889636334,1.35784915895796,0.25,0.629530083324656,"MED MED"
70,800,2,156.531436034869,72,3,3.49951934891633,1.35784915895796,0.25,0.724670672680803,"MED MED"
70,803,5,154.864707421621,72,3,3.49917520754513,1.35784915895796,0.25,0.689658330480158,"MED MED"
70,806,8,165.027470780131,72,3,3.50168351199537,1.35784915895796,0.25,0.861806035255495,"MED MED"
71,812,3,130.201418603848,72,2,2.49846396153614,1.35784915895796,0.25,0.153735296922804,"MED MED"
71,820,11,132.264051749466,72,2,2.50188033504023,1.35784915895796,0.25,0.182996571040093,"MED MED"
72,826,6,100.531211047143,72,1,1.49872890208264,1.35784915895796,0.25,0.00885317374842164,"MED MED"
69,792,4,165.207429894053,73,5,5.50162834710608,1.33325339296046,0.25,0.863967775086046,"MED MED"
70,808,10,156.2534133184,73,4,4.49669141701648,1.33325339296046,0.25,0.71900290448822,"MED MED"
71,811,2,140.255634965216,73,3,3.50063940788061,1.33325339296046,0.25,0.335197203543239,"MED MED"
71,812,3,153.172381294373,73,3,3.49929714066712,1.33325339296046,0.25,0.651740039097776,"MED MED"
71,816,7,153.464664231055,73,3,3.49983685873188,1.33325339296046,0.25,0.658445103869333,"MED MED"
72,824,4,132.063666009128,73,2,2.49856626905169,1.33325339296046,0.25,0.17997431487271,"MED MED"
73,831,1,103.520860964659,73,1,1.50034933406535,1.33325339296046,0.25,0.0119554516665116,"MED MED"
70,808,10,167.55808718251,74,5,5.49940474445993,1.33612092072094,0.25,0.889663792209337,"MED MED"
71,812,3,171.220100408643,74,4,4.50018524946093,1.33612092072094,0.25,0.921226145558198,"MED MED"
71,816,7,171.593335635001,74,4,4.49955032761901,1.33612092072094,0.25,0.923932637154335,"MED MED"
71,819,10,168.912436988505,74,4,4.50077397088423,1.33612092072094,0.25,0.902456481596925,"MED MED"
72,829,9,153.652342359499,74,3,3.50001156404846,1.33612092072094,0.25,0.662717543637175,"MED MED"
70,808,10,176.128757741539,75,6,6.50121750735734,1.3638973747859,0.25,0.950617330809844,"MED MED"
71,812,3,185.39974841103,75,5,5.50048180373597,1.3638973747859,0.25,0.980136691233744,"MED MED"
72,826,6,169.947060549949,75,4,4.50327737695628,1.3638973747859,0.25,0.911320802186811,"MED MED"
73,836,6,160.42670354851,75,3,3.50006870333699,1.3638973747859,0.25,0.796286613093847,"MED MED"
74,840,1,138.124270379425,75,2,2.4996642638201,1.3638973747859,0.25,0.288809312075701,"MED MED"
74,849,10,121.616393032539,75,2,2.50047834447396,1.3638973747859,0.25,0.070616476518539,"MED MED"
70,808,10,182.626635939037,76,7,7.49814273118439,1.33489400325816,0.25,0.973846154101661,"MED MED"
72,826,6,183.870471070595,76,5,5.5010613651861,1.33489400325816,0.25,0.976877308831383,"MED MED"
73,836,6,180.531861055724,76,4,4.50091126047792,1.33489400325816,0.25,0.967847042122805,"MED MED"
74,850,11,141.606024753926,76,3,3.50151221472927,1.33489400325816,0.25,0.366406748865934,"MED MED"
74,847,8,159.422568595641,77,4,4.49878903030877,1.34531894177897,0.25,0.779248599513232,"MED MED"
75,860,9,154.910614330001,77,3,3.49966573983058,1.34531894177897,0.25,0.690655048134622,"MED MED"
74,847,8,171.310687653935,78,5,5.49999736476405,1.36433869338358,0.25,0.921891016884594,"MED MED"
74,850,11,167.948523669622,78,5,5.49974195535897,1.36433869338358,0.25,0.893495440593773,"MED MED"
75,854,3,141.625278820284,78,4,4.49990012241205,1.36433869338358,0.25,0.366860705460924,"MED MED"
75,855,4,163.244563575673,78,4,4.50043206992201,1.36433869338358,0.25,0.838803070708629,"MED MED"
75,857,6,150.174912444024,78,4,4.500116735832,1.36433869338358,0.25,0.579898420284916,"MED MED"
76,864,2,157.195383898167,78,3,3.50016203037608,1.36433869338358,0.25,0.737915350946773,"MED MED"
76,868,6,140.644713307538,78,3,3.49918578498665,1.36433869338358,0.25,0.344056814734262,"MED MED"
76,870,8,144.102903424758,78,3,3.50116404961063,1.36433869338358,0.25,0.426988401947516,"MED MED"
76,874,12,165.933498120129,78,3,3.50043240374072,1.36433869338358,0.25,0.872401718274656,"MED MED"
78,891,6,102.584834988291,78,1,1.50008219830623,1.36433869338358,0.25,0.0108833588751253,"MED MED"
75,857,6,160.399311092655,79,5,5.49877184240286,1.36642983368145,0.25,0.79583508761943,"MED MED"
78,888,3,150.788035215457,80,3,3.49830888056602,1.36800695810764,0.25,0.59498406836225,"MED MED"
78,888,3,168.181525725616,81,4,4.50034967879733,1.3426748278958,0.25,0.895725829683542,"MED MED"
80,913,8,128.531537413625,81,2,2.5011617809826,1.3426748278958,0.25,0.132947301708303,"MED MED"
80,907,2,144.22278488387,82,3,3.49853073879541,1.32822682331091,0.25,0.429969092069438,"MED MED"
80,908,3,153.413152444102,82,3,3.50085192262211,1.32822682331091,0.25,0.657267903698533,"MED MED"
80,913,8,150.83710291222,82,3,3.50155522980664,1.32822682331091,0.25,0.596184040926718,"MED MED"
81,922,7,134.396364971385,82,2,2.4991161556719,1.32822682331091,0.25,0.217605202956728,"MED MED"
80,913,8,168.243946101834,83,4,4.49877487328593,1.32893275059542,0.25,0.896316293775389,"MED MED"
81,920,5,150.59557952532,83,3,3.49983201405913,1.32893275059542,0.25,0.590266635472752,"MED MED"
81,924,9,140.130509124574,83,3,3.50066162149096,1.32893275059542,0.25,0.332372124335466,"MED MED"
82,932,8,125.714668979305,83,2,2.50121667872729,1.32893275059542,0.25,0.103293858312856,"MED MED"
80,913,8,181.82791866899,84,5,5.50041062051783,1.34989296451344,0.25,0.97169934313987,"MED MED"
81,920,5,167.936742552325,84,4,4.49874805837568,1.34989296451344,0.25,0.893381558355665,"MED MED"
81,924,9,154.735491237864,84,4,4.49987596152269,1.34989296451344,0.25,0.686843376604354,"MED MED"
82,931,7,146.528831375047,84,3,3.50080223125438,1.34989296451344,0.25,0.488042562551046,"MED MED"
82,932,8,146.917976816938,84,3,3.49753091293499,1.34989296451344,0.25,0.497918009814153,"MED MED"
83,935,2,125.967103230336,84,2,2.50024782429004,1.34989296451344,0.25,0.10569209386383,"MED MED"
81,919,4,155.354114353257,85,5,5.49953178914892,1.34173417099132,0.25,0.700192165405947,"MED MED"
81,924,9,165.765603057717,85,5,5.49916248048773,1.34173417099132,0.25,0.870492045140507,"MED MED"
82,932,8,163.273066737718,85,4,4.50078209743704,1.34173417099132,0.25,0.839193991222663,"MED MED"
82,933,9,152.267234170702,85,4,4.49879206088593,1.34173417099132,0.25,0.630600730186319,"MED MED"
83,940,7,148.681955383105,85,3,3.50126624214667,1.34173417099132,0.25,0.542589777752226,"MED MED"
84,943,1,125.134563641712,85,2,2.49822155278507,1.34173417099132,0.25,0.0979644068358835,"MED MED"
84,946,4,119.036467700717,85,2,2.50055814109581,1.34173417099132,0.25,0.0552420693259972,"MED MED"
85,957,5,101.78639515548,85,1,1.49856080758258,1.34173417099132,0.25,0.0100443998387589,"MED MED"
83,937,4,175.52297195755,86,4,4.49951284398985,1.36648038338364,0.25,0.947648605405747,"MED MED"
83,940,7,165.506729570201,86,4,4.50084245699499,1.36648038338364,0.25,0.86749993181831,"MED MED"
84,947,5,146.645287609369,86,3,3.49961680905864,1.36648038338364,0.25,0.490997274888295,"MED MED"
84,948,6,150.210331540484,86,3,3.50071003131797,1.36648038338364,0.25,0.580774256791214,"MED MED"
85,958,6,125.000006840278,86,2,2.50134364019506,1.36648038338364,0.25,0.0967637562856048,"MED MED"
84,947,5,162.928313560031,87,4,4.5012626606112,1.35605199117474,0.25,0.834414079854255,"MED MED"
85,953,1,156.347974036475,87,3,3.49988443966541,1.35605199117474,0.25,0.72093857868933,"MED MED"
85,955,3,153.234854987751,87,3,3.49932181682772,1.35605199117474,0.25,0.653178375355002,"MED MED"
84,947,5,175.477809678616,88,5,5.50054809827258,1.33025432736122,0.25,0.947420651201598,"MED MED"
85,953,1,175.284003073667,88,4,4.49978648200043,1.33025432736122,0.25,0.946431739338508,"MED MED"
86,967,6,162.930337012208,88,3,3.50048159600167,1.33025432736122,0.25,0.834442463795313,"MED MED"
87,975,4,123.203570844185,88,2,2.50119041090212,1.33025432736122,0.25,0.0819525953158293,"MED MED"
87,978,7,127.209206839741,88,2,2.49966981129457,1.33025432736122,0.25,0.118218852549911,"MED MED"
85,955,3,185.495637477721,89,5,5.50074683915086,1.33295078147099,0.25,0.980325352646928,"MED MED"
86,964,3,157.841944966988,89,4,4.5006103909251,1.33295078147099,0.25,0.750411556196206,"MED MED"
86,970,9,155.056072430828,89,4,4.50154025209518,1.33295078147099,0.25,0.693801475340681,"MED MED"
87,972,1,143.621499370513,89,3,3.49991316889743,1.33295078147099,0.25,0.415074320705442,"MED MED"
87,973,2,130.000028940915,89,3,3.49849237956016,1.33295078147099,0.25,0.151093846644081,"MED MED"
87,981,10,145.906755005821,89,3,3.50281652538438,1.33295078147099,0.25,0.472278515909287,"MED MED"
85,955,3,196.650905109915,90,6,6.50015446141644,1.32922987419708,0.25,0.99357539307197,"MED MED"
87,972,1,159.115225271742,90,4,4.49912081576651,1.32922987419708,0.25,0.773833912779115,"MED MED"
88,985,4,139.975890214734,90,3,3.50074132436786,1.32922987419708,0.25,0.328897755228413,"MED MED"
88,986,5,154.948565718608,90,3,3.49939410646972,1.32922987419708,0.25,0.691477701693607,"MED MED"
88,987,6,150.798607927779,90,3,3.50181419331664,1.32922987419708,0.25,0.595242725280246,"MED MED"
88,990,9,146.789444791105,90,3,3.49894563481074,1.32922987419708,0.25,0.49465566074437,"MED MED"
89,999,8,125.460402587269,90,2,2.50076647008197,1.32922987419708,0.25,0.100927017244743,"MED MED"
87,972,1,170.946159953848,91,5,5.50083396999748,1.34158475774932,0.25,0.919183942357996,"MED MED"
87,973,2,151.044652776355,91,5,5.49915089890467,1.34158475774932,0.25,0.601246895167583,"MED MED"
88,982,1,157.68814871585,91,4,4.50018341316133,1.34158475774932,0.25,0.747475482401918,"MED MED"
88,986,5,173.490757527934,91,4,4.49998888335913,1.34158475774932,0.25,0.936414312983832,"MED MED"
88,989,8,153.03543536552,91,4,4.50046769759541,1.34158475774932,0.25,0.648577456381718,"MED MED"
89,996,5,154.132353023969,92,4,4.49919960017834,1.34070987278918,0.25,0.673523467129662,"MED MED"
90,1006,5,151.784975535875,92,3,3.5018542956062,1.34070987278918,0.25,0.619123583742659,"MED MED"
91,1017,5,125.420233375232,92,2,2.49882679790353,1.34070987278918,0.25,0.100557535172508,"MED MED"
91,1020,8,129.260558240157,92,2,2.49940938169066,1.34070987278918,0.25,0.141713844118748,"MED MED"
90,1011,10,177.915592678509,93,4,4.50074337938389,1.36130553080543,0.25,0.958470455958097,"MED MED"
91,1013,1,138.034625957516,93,3,3.49973982969104,1.36130553080543,0.25,0.28694341327608,"MED MED"
91,1018,6,147.368023774332,93,3,3.50035596239319,1.36130553080543,0.25,0.509340495522097,"MED MED"
92,1025,4,129.739168311131,93,2,2.50120632231671,1.36130553080543,0.25,0.147727959941013,"MED MED"
92,1027,6,126.942910908698,93,2,2.50019704598663,1.36130553080543,0.25,0.11542932636085,"MED MED"
91,1013,1,152.117720522682,94,4,4.50019749800736,1.3459527016099,0.25,0.627057581132774,"MED MED"
92,1024,3,155.162802638476,94,3,3.50010849622623,1.3459527016099,0.25,0.696098760263435,"MED MED"
92,1027,6,148.623711476361,94,3,3.50083359800411,1.3459527016099,0.25,0.541121728380871,"MED MED"
92,1023,2,172.123810837295,95,4,4.50010990872684,1.3325412778384,0.25,0.927632629948582,"MED MED"
93,1035,3,155.022193792173,95,3,3.49720433190809,1.3325412778384,0.25,0.69307023859415,"MED MED"
93,1035,3,173.585013536508,96,4,4.49922528104646,1.36401290976669,0.25,0.936981763064003,"MED MED"
93,1043,11,146.365937022292,96,4,4.50009139001177,1.36401290976669,0.25,0.483911075775094,"MED MED"
94,1048,5,137.21265818869,96,3,3.50039980040774,1.36401290976669,0.25,0.27017554973797,"MED MED"
94,1050,7,147.985284030818,96,3,3.49919883664831,1.36401290976669,0.25,0.524988721424471,"MED MED"
95,1061,9,144.39304298541,96,2,2.49987099420917,1.36401290976669,0.25,0.434211019538427,"MED MED"
94,1048,5,151.09348652143,97,4,4.50046163312015,1.34274795842715,0.25,0.602435021619359,"MED MED"
94,1051,8,159.358819482268,97,4,4.50132128008367,1.34274795842715,0.25,0.778133169385958,"MED MED"
95,1053,1,154.700926347959,97,3,3.50031259376933,1.34274795842715,0.25,0.686088034877234,"MED MED"
95,1055,3,142.437883611362,97,3,3.49960229558136,1.34274795842715,0.25,0.386226370637015,"MED MED"
95,1056,4,153.387951105857,97,3,3.49971540055892,1.34274795842715,0.25,0.656691270120215,"MED MED"
95,1062,10,145.332331703587,97,3,3.49864634315397,1.34274795842715,0.25,0.457770263670965,"MED MED"
96,1064,1,133.986665057976,97,2,2.49830683086194,1.34274795842715,0.25,0.210606269840728,"MED MED"
95,1055,3,157.627567935072,98,4,4.49868970404678,1.33676136262139,0.25,0.74631269546456,"MED MED"
95,1056,4,171.495359717224,98,4,4.49942928704605,1.33676136262139,0.25,0.923230544647801,"MED MED"
96,1069,6,140.669073422132,98,3,3.49829218407811,1.33676136262139,0.25,0.344615217543772,"MED MED"
96,1070,7,147.310125314562,98,3,3.49929424371875,1.33676136262139,0.25,0.507871289871409,"MED MED"
96,1072,9,139.489109888839,98,3,3.50060868201501,1.33676136262139,0.25,0.318082361475188,"MED MED"
96,1068,5,154.878996198842,99,4,4.50103978852349,1.33226793876874,0.25,0.689968753663221,"MED MED"
96,1069,6,155.409581442861,99,4,4.5012061459255,1.33226793876874,0.25,0.701373055989329,"MED MED"
96,1071,8,154.776847725655,99,4,4.50005464901177,1.33226793876874,0.25,0.687745833134692,"MED MED"
97,1077,4,148.383882326911,99,3,3.50176498289033,1.33226793876874,0.25,0.535069537662008,"MED MED"
97,1078,5,145.185950428199,99,3,3.50062892582097,1.33226793876874,0.25,0.454083540630288,"MED MED"
98,1092,10,143.590261421421,99,2,2.50085062814198,1.33226793876874,0.25,0.414304488103386,"MED MED"
