"cohort","ind","fish_size","Year","Age","AgeE","dtype","FMORT","M","Sel","FSIM","REG"
1,1,128.37978755076,2,2,2.50281271908315,"M",0,0.25,1,"MED HIGH MED",NA
1,2,97.6668756457725,1,1,1.50062982467194,"M",0,0.25,1,"MED HIGH MED",NA
1,3,98.1399017232535,1,1,1.50076818418781,"M",0,0.25,1,"MED HIGH MED",NA
1,4,159.47893385032,4,4,4.50091361187152,"M",0,0.25,1,"MED HIGH MED",NA
1,5,64.502733679768,0,0,0.500881505949203,"M",0,0.25,1,"MED HIGH MED",NA
1,6,173.908622687072,5,5,5.50197692922637,"M",0,0.25,1,"MED HIGH MED",NA
1,7,97.016726388217,1,1,1.49940317758041,"M",0,0.25,1,"MED HIGH MED",NA
1,8,62.063955585474,0,0,0.501224812186841,"M",0,0.25,1,"MED HIGH MED",NA
1,9,158.391451834642,4,4,4.50107484278064,"M",0,0.25,1,"MED HIGH MED",NA
1,10,174.926678025997,5,5,5.50034533236614,"M",0,0.25,1,"MED HIGH MED",NA
2,1,97.1883272569519,2,1,1.49843184047073,"M",0,0.25,1,"MED HIGH MED",NA
2,2,64.6164798326367,1,0,0.500048074245423,"M",0,0.25,1,"MED HIGH MED",NA
2,3,165.643899224435,5,4,4.50044786035407,"M",0,0.25,1,"MED HIGH MED",NA
2,4,169.676002853137,4,3,3.49931075249044,"M",0,0.25,1,"MED HIGH MED",NA
2,5,65.651293923522,1,0,0.501105119466177,"M",0,0.25,1,"MED HIGH MED",NA
2,6,60.4369294607564,1,0,0.500448395524299,"M",0,0.25,1,"MED HIGH MED",NA
2,7,179.94284606588,5,4,4.49962773811583,"M",0,0.25,1,"MED HIGH MED",NA
2,8,192.703968819919,7,6,6.50141590032817,"M",0,0.25,1,"MED HIGH MED",NA
2,9,149.601180084016,4,3,3.50071519525937,"M",0,0.25,1,"MED HIGH MED",NA
2,10,178.682099190376,8,7,7.49980337494303,"M",0,0.25,1,"MED HIGH MED",NA
2,11,97.2307417912788,2,1,1.50031663513479,"M",0,0.25,1,"MED HIGH MED",NA
2,12,123.673299434473,3,2,2.50006844694225,"M",0,0.25,1,"MED HIGH MED",NA
3,1,64.5877924087924,2,0,0.50043670130148,"M",0,0.25,1,"MED HIGH MED",NA
3,2,156.288557060888,5,3,3.50137617138401,"M",0,0.25,1,"MED HIGH MED",NA
3,3,138.977855723362,5,3,3.50216651437097,"M",0,0.25,1,"MED HIGH MED",NA
3,4,178.496544011687,7,5,5.49969149315726,"M",0,0.25,1,"MED HIGH MED",NA
3,5,95.1554196141619,3,1,1.50071016111875,"M",0,0.25,1,"MED HIGH MED",NA
3,6,187.84889940121,9,7,7.50030541955875,"M",0,0.25,1,"MED HIGH MED",NA
3,7,225.97995736494,16,14,14.500158302378,"M",0,0.25,1,"MED HIGH MED",NA
3,8,126.656504979172,4,2,2.50187973918178,"M",0,0.25,1,"MED HIGH MED",NA
3,9,61.997832418303,2,0,0.499596656863756,"M",0,0.25,1,"MED HIGH MED",NA
3,10,64.985757331597,2,0,0.500301218026397,"M",0,0.25,1,"MED HIGH MED",NA
3,11,133.226999849003,4,2,2.50119151377552,"M",0,0.25,1,"MED HIGH MED",NA
3,12,95.9298929194704,3,1,1.5011891105283,"M",0,0.25,1,"MED HIGH MED",NA
3,13,119.316552850109,4,2,2.50049132273819,"M",0,0.25,1,"MED HIGH MED",NA
4,1,181.265132547774,7,4,4.49957699370268,"M",0,0.25,1,"MED HIGH MED",NA
4,2,126.623580139808,5,2,2.5001246241134,"M",0,0.25,1,"MED HIGH MED",NA
4,3,191.243591851751,10,7,7.50007142317834,"M",0,0.25,1,"MED HIGH MED",NA
4,4,195.400287573959,10,7,7.50096942808326,"M",0,0.25,1,"MED HIGH MED",NA
4,5,62.9408317150898,3,0,0.499514971896789,"M",0,0.25,1,"MED HIGH MED",NA
4,6,162.123143541965,6,3,3.49954377392613,"M",0,0.25,1,"MED HIGH MED",NA
4,7,102.482796283762,4,1,1.49856766914224,"M",0,0.25,1,"MED HIGH MED",NA
4,8,61.4624658739502,3,0,0.499115697559866,"M",0,0.25,1,"MED HIGH MED",NA
4,9,131.310926259398,5,2,2.4994630139053,"M",0,0.25,1,"MED HIGH MED",NA
4,10,154.627666448529,7,4,4.50055559221519,"M",0,0.25,1,"MED HIGH MED",NA
4,11,101.794212004907,4,1,1.49967819814729,"M",0,0.25,1,"MED HIGH MED",NA
4,12,131.845126928949,5,2,2.50078046845096,"M",0,0.25,1,"MED HIGH MED",NA
4,13,131.072670695596,6,3,3.49668430239466,"M",0,0.25,1,"MED HIGH MED",NA
5,1,222.512164994241,14,10,10.5002705286252,"M",0,0.25,1,"MED HIGH MED",NA
5,2,62.8754709852704,4,0,0.499780656109394,"M",0,0.25,1,"MED HIGH MED",NA
5,3,61.453212566312,4,0,0.49923785095458,"M",0,0.25,1,"MED HIGH MED",NA
5,4,165.438308491423,8,4,4.49942123516171,"M",0,0.25,1,"MED HIGH MED",NA
5,5,157.941203108777,7,3,3.50009059828531,"M",0,0.25,1,"MED HIGH MED",NA
5,6,61.4874583174368,4,0,0.500397199898963,"M",0,0.25,1,"MED HIGH MED",NA
5,7,126.637677629501,6,2,2.49915613063443,"M",0,0.25,1,"MED HIGH MED",NA
5,8,61.4373741192616,4,0,0.500748767086372,"M",0,0.25,1,"MED HIGH MED",NA
5,9,60.2930186317584,4,0,0.500426093565352,"M",0,0.25,1,"MED HIGH MED",NA
5,10,213.711697286999,13,9,9.49943204187054,"M",0,0.25,1,"MED HIGH MED",NA
5,11,175.226506991754,9,5,5.50159493820001,"M",0,0.25,1,"MED HIGH MED",NA
5,12,61.024746554282,4,0,0.501306221831704,"M",0,0.25,1,"MED HIGH MED",NA
5,13,165.523940636855,9,5,5.49985774324699,"M",0,0.25,1,"MED HIGH MED",NA
6,1,203.586440467583,12,7,7.49965726409195,"M",0,0.25,1,"MED HIGH MED",NA
6,2,161.4306667894,10,5,5.4993110281055,"M",0,0.25,1,"MED HIGH MED",NA
6,3,212.40964031992,12,7,7.49980261452095,"M",0,0.25,1,"MED HIGH MED",NA
6,4,95.0497217770745,6,1,1.49973700214749,"M",0,0.25,1,"MED HIGH MED",NA
6,5,125.853715559136,7,2,2.49873165266362,"M",0,0.25,1,"MED HIGH MED",NA
6,6,177.766540969891,12,7,7.50121406801957,"M",0,0.25,1,"MED HIGH MED",NA
6,7,213.038762203061,16,11,11.4995185793238,"M",0,0.25,1,"MED HIGH MED",NA
6,8,126.76849024581,7,2,2.4993523453757,"M",0,0.25,1,"MED HIGH MED",NA
6,9,121.247366648399,7,2,2.50013833504958,"M",0,0.25,1,"MED HIGH MED",NA
6,10,202.982549872266,15,10,10.4997143826735,"M",0,0.25,1,"MED HIGH MED",NA
6,11,219.121723617042,17,12,12.5018671059124,"M",0,0.25,1,"MED HIGH MED",NA
6,12,59.6057890153436,5,0,0.498557561706478,"M",0,0.25,1,"MED HIGH MED",NA
7,1,95.5357498349229,7,1,1.50061491165883,"M",0,0.25,1,"MED HIGH MED",NA
7,2,118.171821410276,8,2,2.50029826873279,"M",0,0.25,1,"MED HIGH MED",NA
7,3,183.836219849305,13,7,7.49905445874849,"M",0,0.25,1,"MED HIGH MED",NA
7,4,215.912233392785,15,9,9.49966050960587,"M",0,0.25,1,"MED HIGH MED",NA
7,5,98.4275973092621,7,1,1.50054430462924,"M",0,0.25,1,"MED HIGH MED",NA
7,6,219.068155736047,15,9,9.50026707757536,"M",0,0.25,1,"MED HIGH MED",NA
7,7,62.6720874722852,6,0,0.499471373066662,"M",0,0.25,1,"MED HIGH MED",NA
7,8,95.6396083939017,7,1,1.50190576725417,"M",0,0.25,1,"MED HIGH MED",NA
7,9,59.7097867588167,6,0,0.500133391607737,"M",0,0.25,1,"MED HIGH MED",NA
7,10,161.100183429155,10,4,4.5002204917239,"M",0,0.25,1,"MED HIGH MED",NA
7,11,94.8928601442641,7,1,1.49943138425998,"M",0,0.25,1,"MED HIGH MED",NA
7,12,136.273845160136,9,3,3.49948694025861,"M",0,0.25,1,"MED HIGH MED",NA
8,1,159.269876718444,12,5,5.50026042270668,"M",0,0.25,1,"MED HIGH MED",NA
8,2,103.831033479059,8,1,1.50055869487068,"M",0,0.25,1,"MED HIGH MED",NA
8,3,62.9463861983972,7,0,0.499553943593428,"M",0,0.25,1,"MED HIGH MED",NA
8,4,218.503245151377,16,9,9.50104472332482,"M",0,0.25,1,"MED HIGH MED",NA
8,5,142.064636100122,10,3,3.49904261911691,"M",0,0.25,1,"MED HIGH MED",NA
8,6,182.921885713379,12,5,5.49986293365856,"M",0,0.25,1,"MED HIGH MED",NA
8,7,61.3589236948803,7,0,0.499936863209921,"M",0,0.25,1,"MED HIGH MED",NA
8,8,100.823449139034,8,1,1.4996031821283,"M",0,0.25,1,"MED HIGH MED",NA
8,9,164.63253046319,11,4,4.49871919782757,"M",0,0.25,1,"MED HIGH MED",NA
8,10,100.41820700964,8,1,1.50021739966313,"M",0,0.25,1,"MED HIGH MED",NA
8,11,62.9662600157858,7,0,0.500064103209795,"M",0,0.25,1,"MED HIGH MED",NA
9,1,156.194867551493,12,4,4.4997386732535,"M",0,0.25,1,"MED HIGH MED",NA
9,2,139.090336463376,10,2,2.50154268275325,"M",0,0.25,1,"MED HIGH MED",NA
9,3,96.2563580185317,9,1,1.49945214713283,"M",0,0.25,1,"MED HIGH MED",NA
9,4,213.971346541419,19,11,11.5011408214821,"M",0,0.25,1,"MED HIGH MED",NA
9,5,195.400021995557,18,10,10.5015049173423,"M",0,0.25,1,"MED HIGH MED",NA
9,6,63.1953078377159,8,0,0.499965005596315,"M",0,0.25,1,"MED HIGH MED",NA
9,7,62.9516475897001,8,0,0.498445704620614,"M",0,0.25,1,"MED HIGH MED",NA
9,8,62.3382716965856,8,0,0.500746308124454,"M",0,0.25,1,"MED HIGH MED",NA
9,9,60.5224870941624,8,0,0.500258242614093,"M",0,0.25,1,"MED HIGH MED",NA
9,10,98.679530188,9,1,1.49917746187321,"M",0,0.25,1,"MED HIGH MED",NA
9,11,101.729642707641,9,1,1.50031443727889,"M",0,0.25,1,"MED HIGH MED",NA
9,12,62.4113819088233,8,0,0.500380325939979,"M",0,0.25,1,"MED HIGH MED",NA
9,13,212.23966066645,19,11,11.5000849504158,"M",0,0.25,1,"MED HIGH MED",NA
9,14,207.668937480036,16,8,8.50079924008214,"M",0,0.25,1,"MED HIGH MED",NA
10,1,62.8489252482872,9,0,0.499908237150439,"M",0,0.25,1,"MED HIGH MED",NA
10,2,177.407362755178,15,6,6.49956621075759,"M",0,0.25,1,"MED HIGH MED",NA
10,3,124.6126416172,11,2,2.4990662411811,"M",0,0.25,1,"MED HIGH MED",NA
10,4,132.185954574225,12,3,3.49937147296009,"M",0,0.25,1,"MED HIGH MED",NA
10,5,114.753291525046,11,2,2.4990887615869,"M",0,0.25,1,"MED HIGH MED",NA
10,6,99.6001244295383,10,1,1.49953381123577,"M",0,0.25,1,"MED HIGH MED",NA
10,7,201.142349726305,15,6,6.49999405588736,"M",0,0.25,1,"MED HIGH MED",NA
10,8,99.5958475228691,10,1,1.49998975557161,"M",0,0.25,1,"MED HIGH MED",NA
10,9,161.612878839007,13,4,4.49977308691189,"M",0,0.25,1,"MED HIGH MED",NA
10,10,163.073618587539,12,3,3.50002580756261,"M",0,0.25,1,"MED HIGH MED",NA
10,11,95.9598460902899,10,1,1.49886341149249,"M",0,0.25,1,"MED HIGH MED",NA
11,1,98.9738236511238,11,1,1.50088726746753,"M",0,0.25,1,"MED HIGH MED",NA
11,2,122.21935435138,12,2,2.49862427481785,"M",0,0.25,1,"MED HIGH MED",NA
11,3,130.591200637089,12,2,2.50060005102558,"M",0,0.25,1,"MED HIGH MED",NA
11,4,237.62153060579,18,8,8.50102312365533,"M",0,0.25,1,"MED HIGH MED",NA
11,5,176.712145113425,15,5,5.49945919744489,"M",0,0.25,1,"MED HIGH MED",NA
11,6,155.410667300664,14,4,4.49983067929491,"M",0,0.25,1,"MED HIGH MED",NA
11,7,118.142595735239,12,2,2.50066162366507,"M",0,0.25,1,"MED HIGH MED",NA
11,8,165.549316727557,14,4,4.49864649839369,"M",0,0.25,1,"MED HIGH MED",NA
11,9,177.406519827246,16,6,6.50167614904202,"M",0,0.25,1,"MED HIGH MED",NA
11,10,174.030346710045,14,4,4.49989831255316,"M",0,0.25,1,"MED HIGH MED",NA
11,11,167.609384823961,14,4,4.49932857194948,"M",0,0.25,1,"MED HIGH MED",NA
11,12,62.2908493786108,10,0,0.500511388327495,"M",0,0.25,1,"MED HIGH MED",NA
11,13,190.458870913153,15,5,5.5008167565072,"M",0,0.25,1,"MED HIGH MED",NA
12,1,188.54031663205,18,7,7.50010197196876,"M",0,0.25,1,"MED HIGH MED",NA
12,2,64.5102288677442,11,0,0.501267833081447,"M",0,0.25,1,"MED HIGH MED",NA
12,3,61.9221368439789,11,0,0.498965414534225,"M",0,0.25,1,"MED HIGH MED",NA
12,4,97.253459757943,12,1,1.49930516130499,"M",0,0.25,1,"MED HIGH MED",NA
12,5,127.892076449962,13,2,2.49900159053242,"M",0,0.25,1,"MED HIGH MED",NA
12,6,122.28452317798,13,2,2.50175521848708,"M",0,0.25,1,"MED HIGH MED",NA
12,7,60.4428318916848,11,0,0.501074812282907,"M",0,0.25,1,"MED HIGH MED",NA
12,8,209.340522021821,19,8,8.4994274798685,"M",0,0.25,1,"MED HIGH MED",NA
12,9,62.894630867717,11,0,0.500886225139652,"M",0,0.25,1,"MED HIGH MED",NA
12,10,66.0980618686252,11,0,0.501147067767389,"M",0,0.25,1,"MED HIGH MED",NA
12,11,101.569343004231,12,1,1.49940457840741,"M",0,0.25,1,"MED HIGH MED",NA
13,1,187.025058939065,18,6,6.50165398575259,"M",0,0.25,1,"MED HIGH MED",NA
13,2,91.3317747059396,13,1,1.50118813782689,"M",0,0.25,1,"MED HIGH MED",NA
13,3,124.711235701814,14,2,2.49937010515503,"M",0,0.25,1,"MED HIGH MED",NA
13,4,103.13337503907,13,1,1.49875166469826,"M",0,0.25,1,"MED HIGH MED",NA
13,5,62.2147300774911,12,0,0.500463119760199,"M",0,0.25,1,"MED HIGH MED",NA
13,6,130.02394424283,14,2,2.49767856663564,"M",0,0.25,1,"MED HIGH MED",NA
13,7,213.469313514159,26,14,14.502138576787,"M",0,0.25,1,"MED HIGH MED",NA
13,8,62.6946085553039,12,0,0.499669741324984,"M",0,0.25,1,"MED HIGH MED",NA
13,9,61.3847122908646,12,0,0.500527138157921,"M",0,0.25,1,"MED HIGH MED",NA
13,10,189.352763926714,18,6,6.50015249251322,"M",0,0.25,1,"MED HIGH MED",NA
13,11,95.9819221291958,13,1,1.50097195808587,"M",0,0.25,1,"MED HIGH MED",NA
13,12,182.974814508652,18,6,6.4995823519148,"M",0,0.25,1,"MED HIGH MED",NA
14,1,216.650854363993,20,7,7.5019984554117,"M",0,0.25,1,"MED HIGH MED",NA
14,2,168.567584819213,23,10,10.5001143956839,"M",0,0.25,1,"MED HIGH MED",NA
14,3,62.538586135008,13,0,0.498281074445945,"M",0,0.25,1,"MED HIGH MED",NA
14,4,159.671940204919,16,3,3.49991815073764,"M",0,0.25,1,"MED HIGH MED",NA
14,5,187.121858122044,18,5,5.49920597176085,"M",0,0.25,1,"MED HIGH MED",NA
14,6,61.6860298912799,13,0,0.500016275910679,"M",0,0.25,1,"MED HIGH MED",NA
14,7,150.003360795776,16,3,3.49992594434579,"M",0,0.25,1,"MED HIGH MED",NA
14,8,167.555266995991,22,9,9.49965859823267,"M",0,0.25,1,"MED HIGH MED",NA
14,9,107.602595197654,14,1,1.5017292803943,"M",0,0.25,1,"MED HIGH MED",NA
14,10,174.792362791483,18,5,5.5001773139068,"M",0,0.25,1,"MED HIGH MED",NA
14,11,128.985962100318,15,2,2.49960121183021,"M",0,0.25,1,"MED HIGH MED",NA
14,12,99.3806154691607,14,1,1.50089925870191,"M",0,0.25,1,"MED HIGH MED",NA
15,1,120.719172810227,16,2,2.49914629313539,"M",0,0.25,1,"MED HIGH MED",NA
15,2,183.858417587767,19,5,5.50123420754668,"M",0,0.25,1,"MED HIGH MED",NA
15,3,126.287919562172,16,2,2.49704750294706,"M",0,0.25,1,"MED HIGH MED",NA
15,4,98.213063202527,15,1,1.49795210779327,"M",0,0.25,1,"MED HIGH MED",NA
15,5,158.486992593795,20,6,6.49990000791488,"M",0,0.25,1,"MED HIGH MED",NA
15,6,189.683462190891,19,5,5.50010391464062,"M",0,0.25,1,"MED HIGH MED",NA
15,7,147.22739179202,17,3,3.49941208329338,"M",0,0.25,1,"MED HIGH MED",NA
15,8,101.479271085248,15,1,1.50044759669932,"M",0,0.25,1,"MED HIGH MED",NA
15,9,205.373100310726,20,6,6.50137543056623,"M",0,0.25,1,"MED HIGH MED",NA
15,10,121.191281583297,16,2,2.49878198818723,"M",0,0.25,1,"MED HIGH MED",NA
15,11,130.19023584867,16,2,2.50008159040044,"M",0,0.25,1,"MED HIGH MED",NA
15,12,146.419546340291,17,3,3.49958034066943,"M",0,0.25,1,"MED HIGH MED",NA
15,13,95.1852784732605,15,1,1.50067977046518,"M",0,0.25,1,"MED HIGH MED",NA
16,1,227.471219718643,27,12,12.5006420050889,"M",0,0.25,1,"MED HIGH MED",NA
16,2,187.531399120285,21,6,6.50043724258985,"M",0,0.25,1,"MED HIGH MED",NA
16,3,199.39514932397,19,4,4.4998523600557,"M",0,0.25,1,"MED HIGH MED",NA
16,4,62.339452243521,15,0,0.502861052114779,"M",0,0.25,1,"MED HIGH MED",NA
16,5,66.3532676644319,15,0,0.49932341103296,"M",0,0.25,1,"MED HIGH MED",NA
16,6,127.180206315798,17,2,2.49980093305032,"M",0,0.25,1,"MED HIGH MED",NA
16,7,61.4177870767941,15,0,0.499544761032199,"M",0,0.25,1,"MED HIGH MED",NA
16,8,209.156812907052,26,11,11.4994652050721,"M",0,0.25,1,"MED HIGH MED",NA
16,9,176.713356825013,22,7,7.4988666773509,"M",0,0.25,1,"MED HIGH MED",NA
16,10,102.661434333542,16,1,1.49933672308345,"M",0,0.25,1,"MED HIGH MED",NA
16,11,61.9377183913456,15,0,0.499499829223272,"M",0,0.25,1,"MED HIGH MED",NA
16,12,191.25705895833,20,5,5.50143811368535,"M",0,0.25,1,"MED HIGH MED",NA
16,13,125.37807167402,17,2,2.49852298952146,"M",0,0.25,1,"MED HIGH MED",NA
17,1,193.992496178893,20,4,4.49870921720091,"M",0,0.25,1,"MED HIGH MED",NA
17,2,103.050356272078,17,1,1.50045531805903,"M",0,0.25,1,"MED HIGH MED",NA
17,3,184.231362270074,22,6,6.50032391667983,"M",0,0.25,1,"MED HIGH MED",NA
17,4,141.535395004527,19,3,3.49913487832907,"M",0,0.25,1,"MED HIGH MED",NA
17,5,150.145314428818,20,4,4.50180069926608,"M",0,0.25,1,"MED HIGH MED",NA
17,6,162.836570009211,20,4,4.50060791489516,"M",0,0.25,1,"MED HIGH MED",NA
17,7,94.6960827557925,17,1,1.49959443802127,"M",0,0.25,1,"MED HIGH MED",NA
17,8,199.906448884618,24,8,8.4999560757999,"M",0,0.25,1,"MED HIGH MED",NA
17,9,100.092532374474,17,1,1.50032651684415,"M",0,0.25,1,"MED HIGH MED",NA
17,10,164.884795405785,21,5,5.49901421121637,"M",0,0.25,1,"MED HIGH MED",NA
17,11,117.72318012354,18,2,2.50022322406396,"M",0,0.25,1,"MED HIGH MED",NA
17,12,135.089817121901,18,2,2.501243390833,"M",0,0.25,1,"MED HIGH MED",NA
18,1,241.954254751611,29,12,12.4994564375561,"M",0,0.25,1,"MED HIGH MED",NA
18,2,98.6607656664197,18,1,1.49921270381006,"M",0,0.25,1,"MED HIGH MED",NA
18,3,147.732847644127,20,3,3.4993210494795,"M",0,0.25,1,"MED HIGH MED",NA
18,4,95.8386229693909,18,1,1.50086566063362,"M",0,0.25,1,"MED HIGH MED",NA
18,5,185.924333673402,22,5,5.50108862991423,"M",0,0.25,1,"MED HIGH MED",NA
18,6,64.290495737893,17,0,0.501315441541059,"M",0,0.25,1,"MED HIGH MED",NA
18,7,129.617594110561,19,2,2.49992864535798,"M",0,0.25,1,"MED HIGH MED",NA
18,8,252.996122561668,30,13,13.5001411648537,"M",0,0.25,1,"MED HIGH MED",NA
18,9,62.2931506595181,17,0,0.501905418833666,"M",0,0.25,1,"MED HIGH MED",NA
18,10,101.740353845909,18,1,1.49994822889833,"M",0,0.25,1,"MED HIGH MED",NA
18,11,144.133821629379,20,3,3.49902209539601,"M",0,0.25,1,"MED HIGH MED",NA
18,12,91.5874134192261,18,1,1.5003618063715,"M",0,0.25,1,"MED HIGH MED",NA
19,1,225.535687012886,31,13,13.4993249513503,"M",0,0.25,1,"MED HIGH MED",NA
19,2,65.0617837342218,18,0,0.498787183046464,"M",0,0.25,1,"MED HIGH MED",NA
19,3,97.8507587516507,19,1,1.50043013525872,"M",0,0.25,1,"MED HIGH MED",NA
19,4,104.089628604721,19,1,1.4979840683029,"M",0,0.25,1,"MED HIGH MED",NA
19,5,99.2895892558284,19,1,1.49996941705286,"M",0,0.25,1,"MED HIGH MED",NA
19,6,62.9439348574304,18,0,0.499476004020219,"M",0,0.25,1,"MED HIGH MED",NA
19,7,160.126294274008,23,5,5.5015841147731,"M",0,0.25,1,"MED HIGH MED",NA
19,8,96.0430730561562,19,1,1.49970878663195,"M",0,0.25,1,"MED HIGH MED",NA
19,9,207.506767970601,29,11,11.5003585934071,"M",0,0.25,1,"MED HIGH MED",NA
19,10,61.1395015293756,18,0,0.500707589851881,"M",0,0.25,1,"MED HIGH MED",NA
19,11,250.294874072377,28,10,10.5018869706236,"M",0,0.25,1,"MED HIGH MED",NA
19,12,155.281417863858,21,3,3.50076742437123,"M",0,0.25,1,"MED HIGH MED",NA
19,13,64.1972900156219,18,0,0.500216231132408,"M",0,0.25,1,"MED HIGH MED",NA
19,14,151.801381159588,21,3,3.50013431911854,"M",0,0.25,1,"MED HIGH MED",NA
20,1,162.538958631109,23,4,4.49994266877273,"M",0,0.25,1,"MED HIGH MED",NA
20,2,64.0329885595017,19,0,0.49920100127014,"M",0,0.25,1,"MED HIGH MED",NA
20,3,185.665505563396,28,9,9.49982678201948,"M",0,0.25,1,"MED HIGH MED",NA
20,4,176.853662669257,24,5,5.4995381068333,"M",0,0.25,1,"MED HIGH MED",NA
20,5,168.954390536277,23,4,4.49969155706295,"M",0,0.25,1,"MED HIGH MED",NA
20,6,62.3394463550589,19,0,0.500927364717557,"M",0,0.25,1,"MED HIGH MED",NA
20,7,218.195303945646,28,9,9.50038201727089,"M",0,0.25,1,"MED HIGH MED",NA
20,8,99.1042991890702,20,1,1.49816499057351,"M",0,0.25,1,"MED HIGH MED",NA
20,9,120.719262510081,21,2,2.49797727610325,"M",0,0.25,1,"MED HIGH MED",NA
20,10,62.1392700682005,19,0,0.501207183818167,"M",0,0.25,1,"MED HIGH MED",NA
21,1,93.0412731467508,21,1,1.49895708623047,"M",0,0.25,1,"MED HIGH MED",NA
21,2,61.4253892954283,20,0,0.497521516081019,"M",0,0.25,1,"MED HIGH MED",NA
21,3,62.06505281655,20,0,0.499568343095067,"M",0,0.25,1,"MED HIGH MED",NA
21,4,145.131676439753,23,3,3.49805670630712,"M",0,0.25,1,"MED HIGH MED",NA
21,5,157.18892468592,24,4,4.5004947618993,"M",0,0.25,1,"MED HIGH MED",NA
21,6,109.547341118971,21,1,1.49992646870349,"M",0,0.25,1,"MED HIGH MED",NA
21,7,188.480276194593,25,5,5.50178701996282,"M",0,0.25,1,"MED HIGH MED",NA
21,8,60.7718681518677,20,0,0.498952759074233,"M",0,0.25,1,"MED HIGH MED",NA
21,9,161.232095434437,24,4,4.49848578089069,"M",0,0.25,1,"MED HIGH MED",NA
21,10,98.5500894889002,21,1,1.50104629268661,"M",0,0.25,1,"MED HIGH MED",NA
21,11,159.936639899472,25,5,5.49784685625007,"M",0,0.25,1,"MED HIGH MED",NA
21,12,163.308002145498,24,4,4.50086284898708,"M",0,0.25,1,"MED HIGH MED",NA
22,1,213.481239622824,35,14,14.4969903570991,"M",0,0.25,1,"MED HIGH MED",NA
22,2,184.353860213761,27,6,6.49839853978648,"M",0,0.25,1,"MED HIGH MED",NA
22,3,163.318908409089,25,4,4.50078089796772,"M",0,0.25,1,"MED HIGH MED",NA
22,4,62.1397612940051,21,0,0.499503920173029,"M",0,0.25,1,"MED HIGH MED",NA
22,5,187.702041535761,29,8,8.50062826106788,"M",0,0.25,1,"MED HIGH MED",NA
22,6,164.15778606513,24,3,3.49888173263806,"M",0,0.25,1,"MED HIGH MED",NA
22,7,142.189466788271,24,3,3.49991947174058,"M",0,0.25,1,"MED HIGH MED",NA
22,8,188.901282496548,30,9,9.50046302121655,"M",0,0.25,1,"MED HIGH MED",NA
22,9,206.672812334871,27,6,6.49967896540223,"M",0,0.25,1,"MED HIGH MED",NA
22,10,116.953145180699,23,2,2.49869783357434,"M",0,0.25,1,"MED HIGH MED",NA
22,11,64.2476175266404,21,0,0.50061288502539,"M",0,0.25,1,"MED HIGH MED",NA
22,12,63.0981934791577,21,0,0.499668146945985,"M",0,0.25,1,"MED HIGH MED",NA
23,1,204.84894930115,31,9,9.49892419127967,"M",0,0.25,1,"MED HIGH MED",NA
23,2,167.763595400566,27,5,5.49915277796436,"M",0,0.25,1,"MED HIGH MED",NA
23,3,171.577393539086,32,10,10.5005101774598,"M",0,0.25,1,"MED HIGH MED",NA
23,4,171.371800432557,29,7,7.4998253081761,"M",0,0.25,1,"MED HIGH MED",NA
23,5,63.249305855678,22,0,0.498197837937683,"M",0,0.25,1,"MED HIGH MED",NA
23,6,62.9265907274062,22,0,0.501627301414846,"M",0,0.25,1,"MED HIGH MED",NA
23,7,214.086305746266,28,6,6.50000206367388,"M",0,0.25,1,"MED HIGH MED",NA
23,8,59.5870783618597,22,0,0.500154007709921,"M",0,0.25,1,"MED HIGH MED",NA
23,9,92.8985049883831,23,1,1.50217117219856,"M",0,0.25,1,"MED HIGH MED",NA
23,10,132.994375570045,24,2,2.49958783444519,"M",0,0.25,1,"MED HIGH MED",NA
23,11,118.226349036862,24,2,2.49974409653732,"M",0,0.25,1,"MED HIGH MED",NA
23,12,136.977692538184,25,3,3.49970189339185,"M",0,0.25,1,"MED HIGH MED",NA
23,13,63.405508134267,22,0,0.500218592105891,"M",0,0.25,1,"MED HIGH MED",NA
23,14,137.214740209234,25,3,3.49834962383435,"M",0,0.25,1,"MED HIGH MED",NA
24,1,120.918701341331,25,2,2.49926585776395,"M",0,0.25,1,"MED HIGH MED",NA
24,2,97.6062180085079,24,1,1.49977852470886,"M",0,0.25,1,"MED HIGH MED",NA
24,3,58.4403858754737,23,0,0.499464727543076,"M",0,0.25,1,"MED HIGH MED",NA
24,4,204.17403358228,35,12,12.5012660575861,"M",0,0.25,1,"MED HIGH MED",NA
24,5,61.5559230717122,23,0,0.499982891923771,"M",0,0.25,1,"MED HIGH MED",NA
24,6,63.1894287331407,23,0,0.500007665119375,"M",0,0.25,1,"MED HIGH MED",NA
24,7,98.3296828840376,24,1,1.49982023282605,"M",0,0.25,1,"MED HIGH MED",NA
24,8,202.240304924053,34,11,11.5004658011617,"M",0,0.25,1,"MED HIGH MED",NA
24,9,63.2198081489615,23,0,0.498977671980908,"M",0,0.25,1,"MED HIGH MED",NA
24,10,171.653878609361,33,10,10.5003363928705,"M",0,0.25,1,"MED HIGH MED",NA
24,11,132.497871935821,25,2,2.49901850674993,"M",0,0.25,1,"MED HIGH MED",NA
24,12,62.8607090138833,23,0,0.498377318394744,"M",0,0.25,1,"MED HIGH MED",NA
25,1,165.877711940056,28,4,4.50009482843103,"M",0,0.25,1,"MED HIGH MED",NA
25,2,60.708785972126,24,0,0.500074895704128,"M",0,0.25,1,"MED HIGH MED",NA
25,3,97.57963348144,25,1,1.49940423273557,"M",0,0.25,1,"MED HIGH MED",NA
25,4,169.869339353836,29,5,5.50066004486856,"M",0,0.25,1,"MED HIGH MED",NA
25,5,102.707039602834,25,1,1.49845562851802,"M",0,0.25,1,"MED HIGH MED",NA
25,6,60.7745278249721,24,0,0.499188776660281,"M",0,0.25,1,"MED HIGH MED",NA
25,7,107.851293226253,25,1,1.50192542730747,"M",0,0.25,1,"MED HIGH MED",NA
25,8,63.691305209617,24,0,0.500325498962932,"M",0,0.25,1,"MED HIGH MED",NA
25,9,155.344137206351,27,3,3.49975849007155,"M",0,0.25,1,"MED HIGH MED",NA
25,10,200.054174405338,32,8,8.50090673894711,"M",0,0.25,1,"MED HIGH MED",NA
25,11,102.244387888615,25,1,1.49761603328226,"M",0,0.25,1,"MED HIGH MED",NA
25,12,65.5170105122503,24,0,0.499773186572849,"M",0,0.25,1,"MED HIGH MED",NA
25,13,131.336617258579,26,2,2.49877530417083,"M",0,0.25,1,"MED HIGH MED",NA
25,14,132.885509389053,26,2,2.49969453858025,"M",0,0.25,1,"MED HIGH MED",NA
26,1,109.087958885573,27,2,2.50066947644022,"M",0,0.25,1,"MED HIGH MED",NA
26,2,160.88987521096,28,3,3.49828366429556,"M",0,0.25,1,"MED HIGH MED",NA
26,3,99.5245911351214,26,1,1.49903523855141,"M",0,0.25,1,"MED HIGH MED",NA
26,4,135.27972628845,27,2,2.49935221491567,"M",0,0.25,1,"MED HIGH MED",NA
26,5,101.68150824509,26,1,1.50070024368497,"M",0,0.25,1,"MED HIGH MED",NA
26,6,154.948664522255,29,4,4.50052076347578,"M",0,0.25,1,"MED HIGH MED",NA
26,7,62.1818571388967,25,0,0.498022356707817,"M",0,0.25,1,"MED HIGH MED",NA
26,8,64.4149523834551,25,0,0.500357941774935,"M",0,0.25,1,"MED HIGH MED",NA
26,9,180.101695063514,31,6,6.5008592006149,"M",0,0.25,1,"MED HIGH MED",NA
26,10,162.846073497199,28,3,3.50055613604567,"M",0,0.25,1,"MED HIGH MED",NA
26,11,106.72541755265,26,1,1.49957063383024,"M",0,0.25,1,"MED HIGH MED",NA
26,12,98.1573426605725,26,1,1.50013187481555,"M",0,0.25,1,"MED HIGH MED",NA
26,13,62.6822041616024,25,0,0.49948937160565,"M",0,0.25,1,"MED HIGH MED",NA
26,14,62.7471088440501,25,0,0.499403750353052,"M",0,0.25,1,"MED HIGH MED",NA
27,1,100.949504126651,27,1,1.49959017648792,"M",0,0.25,1,"MED HIGH MED",NA
27,2,61.5759190323201,26,0,0.499887730525076,"M",0,0.25,1,"MED HIGH MED",NA
27,3,164.211364991719,30,4,4.50048933623012,"M",0,0.25,1,"MED HIGH MED",NA
27,4,137.020940438049,29,3,3.49996017329394,"M",0,0.25,1,"MED HIGH MED",NA
27,5,64.2510631049838,26,0,0.501587742760995,"M",0,0.25,1,"MED HIGH MED",NA
27,6,128.274330794063,28,2,2.50050016919421,"M",0,0.25,1,"MED HIGH MED",NA
27,7,166.170301782189,31,5,5.50076801172865,"M",0,0.25,1,"MED HIGH MED",NA
27,8,61.0176268685581,26,0,0.49885481291851,"M",0,0.25,1,"MED HIGH MED",NA
27,9,176.545210595252,34,8,8.50095874691791,"M",0,0.25,1,"MED HIGH MED",NA
27,10,197.052570510138,33,7,7.49943906792227,"M",0,0.25,1,"MED HIGH MED",NA
27,11,178.043970883019,32,6,6.49987841717263,"M",0,0.25,1,"MED HIGH MED",NA
27,12,67.1474154941294,26,0,0.499309018975583,"M",0,0.25,1,"MED HIGH MED",NA
28,1,95.9563612847327,28,1,1.50128264707635,"M",0,0.25,1,"MED HIGH MED",NA
28,2,172.326806534168,32,5,5.50221507384349,"M",0,0.25,1,"MED HIGH MED",NA
28,3,101.482487515762,28,1,1.49956632954159,"M",0,0.25,1,"MED HIGH MED",NA
28,4,210.48390838756,34,7,7.49951236394024,"M",0,0.25,1,"MED HIGH MED",NA
28,5,137.513827310834,30,3,3.49771758853188,"M",0,0.25,1,"MED HIGH MED",NA
28,6,136.569382216457,29,2,2.49939527050586,"M",0,0.25,1,"MED HIGH MED",NA
28,7,61.2586457590651,27,0,0.500538536099785,"M",0,0.25,1,"MED HIGH MED",NA
28,8,224.851248255954,33,6,6.50185829645571,"M",0,0.25,1,"MED HIGH MED",NA
28,9,198.761182668877,33,6,6.49944564384453,"M",0,0.25,1,"MED HIGH MED",NA
28,10,168.795650128335,31,4,4.49997051543639,"M",0,0.25,1,"MED HIGH MED",NA
28,11,172.156806522546,31,4,4.49908865824562,"M",0,0.25,1,"MED HIGH MED",NA
28,12,177.617898467929,32,5,5.50023202564154,"M",0,0.25,1,"MED HIGH MED",NA
28,13,65.6428821914337,27,0,0.499749594776559,"M",0,0.25,1,"MED HIGH MED",NA
29,1,147.400185696663,32,4,4.49880026398869,"M",0,0.25,1,"MED HIGH MED",NA
29,2,63.9023717556681,28,0,0.50054075832275,"M",0,0.25,1,"MED HIGH MED",NA
29,3,227.443142098057,40,12,12.5019916904817,"M",0,0.25,1,"MED HIGH MED",NA
29,4,189.672263806379,33,5,5.50038269114245,"M",0,0.25,1,"MED HIGH MED",NA
29,5,90.3669791265327,29,1,1.4997976424574,"M",0,0.25,1,"MED HIGH MED",NA
29,6,159.478398493098,32,4,4.50004977470517,"M",0,0.25,1,"MED HIGH MED",NA
29,7,145.284561518162,31,3,3.50125503693283,"M",0,0.25,1,"MED HIGH MED",NA
29,8,195.378691070566,36,8,8.50132425677099,"M",0,0.25,1,"MED HIGH MED",NA
29,9,62.4426085489419,28,0,0.498935989368646,"M",0,0.25,1,"MED HIGH MED",NA
29,10,98.2638621956767,29,1,1.50024230859334,"M",0,0.25,1,"MED HIGH MED",NA
29,11,61.8681576544985,28,0,0.499921930972697,"M",0,0.25,1,"MED HIGH MED",NA
30,1,161.990272679186,33,4,4.5013867219611,"M",0,0.25,1,"MED HIGH MED",NA
30,2,117.319577332294,31,2,2.50089818426672,"M",0,0.25,1,"MED HIGH MED",NA
30,3,102.895486537907,30,1,1.49898426797683,"M",0,0.25,1,"MED HIGH MED",NA
30,4,202.158069904825,38,9,9.50022746175215,"M",0,0.25,1,"MED HIGH MED",NA
30,5,100.676470747559,30,1,1.50018423126904,"M",0,0.25,1,"MED HIGH MED",NA
30,6,180.33133326596,35,6,6.50157553069065,"M",0,0.25,1,"MED HIGH MED",NA
30,7,125.201335937537,31,2,2.49962599057183,"M",0,0.25,1,"MED HIGH MED",NA
30,8,61.5763776471339,29,0,0.500197172788864,"M",0,0.25,1,"MED HIGH MED",NA
30,9,194.17130369921,38,9,9.49942007752484,"M",0,0.25,1,"MED HIGH MED",NA
30,10,207.125027748218,37,8,8.49901470599091,"M",0,0.25,1,"MED HIGH MED",NA
30,11,141.363883097996,32,3,3.49976178493656,"M",0,0.25,1,"MED HIGH MED",NA
30,12,104.319678773694,30,1,1.50151330427745,"M",0,0.25,1,"MED HIGH MED",NA
30,13,141.325294709056,32,3,3.49917741536143,"M",0,0.25,1,"MED HIGH MED",NA
30,14,59.7900099508018,29,0,0.500177021016425,"M",0,0.25,1,"MED HIGH MED",NA
31,1,198.474610252782,36,6,6.49942164968658,"M",0,0.25,1,"MED HIGH MED",NA
31,2,108.002084914597,31,1,1.5001740573335,"M",0,0.25,1,"MED HIGH MED",NA
31,3,118.844128628892,32,2,2.49924329548164,"M",0,0.25,1,"MED HIGH MED",NA
31,4,147.526652676254,33,3,3.50118935300286,"M",0,0.25,1,"MED HIGH MED",NA
31,5,152.941675799222,35,5,5.50120861413296,"M",0,0.25,1,"MED HIGH MED",NA
31,6,135.24345609026,33,3,3.50053707738773,"M",0,0.25,1,"MED HIGH MED",NA
31,7,61.6178537467429,30,0,0.499916808865134,"M",0,0.25,1,"MED HIGH MED",NA
31,8,98.3201800851378,31,1,1.50104935320361,"M",0,0.25,1,"MED HIGH MED",NA
31,9,60.5100492428563,30,0,0.500716173636655,"M",0,0.25,1,"MED HIGH MED",NA
31,10,64.1864396572557,30,0,0.500003223756958,"M",0,0.25,1,"MED HIGH MED",NA
31,11,198.834203875269,38,8,8.49896530308427,"M",0,0.25,1,"MED HIGH MED",NA
31,12,211.00949374371,39,9,9.50224665870646,"M",0,0.25,1,"MED HIGH MED",NA
31,13,188.585232553713,43,13,13.4976662124075,"M",0,0.25,1,"MED HIGH MED",NA
31,14,163.873856756367,34,4,4.50132253794786,"M",0,0.25,1,"MED HIGH MED",NA
32,1,174.042664439425,37,6,6.50080138269298,"M",0,0.25,1,"MED HIGH MED",NA
32,2,216.316532656584,37,6,6.50056553238804,"M",0,0.25,1,"MED HIGH MED",NA
32,3,201.927590503636,37,6,6.4985009118093,"M",0,0.25,1,"MED HIGH MED",NA
32,4,162.980889666741,34,3,3.5005664350725,"M",0,0.25,1,"MED HIGH MED",NA
32,5,158.95178703406,34,3,3.50071862105928,"M",0,0.25,1,"MED HIGH MED",NA
32,6,126.148371414583,33,2,2.49902158124549,"M",0,0.25,1,"MED HIGH MED",NA
32,7,145.983473508135,34,3,3.49844702511499,"M",0,0.25,1,"MED HIGH MED",NA
32,8,197.055198036527,36,5,5.49845145108572,"M",0,0.25,1,"MED HIGH MED",NA
32,9,226.086800929078,39,8,8.5002814389733,"M",0,0.25,1,"MED HIGH MED",NA
32,10,155.046518932878,35,4,4.49958430973166,"M",0,0.25,1,"MED HIGH MED",NA
32,11,166.367323914215,36,5,5.50168897566225,"M",0,0.25,1,"MED HIGH MED",NA
33,1,183.785888109107,38,6,6.49992018671983,"M",0,0.25,1,"MED HIGH MED",NA
33,2,62.8061968491826,32,0,0.501920995385833,"M",0,0.25,1,"MED HIGH MED",NA
33,3,150.761905110788,35,3,3.49982713816551,"M",0,0.25,1,"MED HIGH MED",NA
33,4,100.983029813933,33,1,1.50117212889843,"M",0,0.25,1,"MED HIGH MED",NA
33,5,141.731704449591,35,3,3.50022023039682,"M",0,0.25,1,"MED HIGH MED",NA
33,6,197.50838877692,38,6,6.49841500754215,"M",0,0.25,1,"MED HIGH MED",NA
33,7,231.439725406036,40,8,8.4996935994734,"M",0,0.25,1,"MED HIGH MED",NA
33,8,97.9077975778007,33,1,1.49856877903371,"M",0,0.25,1,"MED HIGH MED",NA
33,9,139.65325368728,35,3,3.49900380006984,"M",0,0.25,1,"MED HIGH MED",NA
33,10,179.319259745157,42,10,10.4998161869786,"M",0,0.25,1,"MED HIGH MED",NA
34,1,156.175585198432,36,3,3.50108738465348,"M",0,0.25,1,"MED HIGH MED",NA
34,2,159.405309196679,38,5,5.49947874428799,"M",0,0.25,1,"MED HIGH MED",NA
34,3,63.1452475938097,33,0,0.499854529830971,"M",0,0.25,1,"MED HIGH MED",NA
34,4,131.944608545969,35,2,2.50196033020596,"M",0,0.25,1,"MED HIGH MED",NA
34,5,199.019355386759,42,9,9.4990800537021,"M",0,0.25,1,"MED HIGH MED",NA
34,6,122.738998006189,35,2,2.5011992922598,"M",0,0.25,1,"MED HIGH MED",NA
34,7,208.361845607996,46,13,13.5010292411707,"M",0,0.25,1,"MED HIGH MED",NA
34,8,182.719040075032,38,5,5.50204942526661,"M",0,0.25,1,"MED HIGH MED",NA
34,9,63.9404881438966,33,0,0.500618581942919,"M",0,0.25,1,"MED HIGH MED",NA
34,10,61.7725724874606,33,0,0.500301559380816,"M",0,0.25,1,"MED HIGH MED",NA
34,11,197.437920667444,44,11,11.5001074214921,"M",0,0.25,1,"MED HIGH MED",NA
34,12,61.2692569909564,33,0,0.500020919727179,"M",0,0.25,1,"MED HIGH MED",NA
35,1,63.4002205750129,34,0,0.500567066664966,"M",0,0.25,1,"MED HIGH MED",NA
35,2,163.734640911192,38,4,4.50062044807747,"M",0,0.25,1,"MED HIGH MED",NA
35,3,176.082304322926,38,4,4.49998285503394,"M",0,0.25,1,"MED HIGH MED",NA
35,4,135.879591918698,36,2,2.50011399126654,"M",0,0.25,1,"MED HIGH MED",NA
35,5,59.8079292210832,34,0,0.499190002403626,"M",0,0.25,1,"MED HIGH MED",NA
35,6,165.958081559402,38,4,4.5002436194545,"M",0,0.25,1,"MED HIGH MED",NA
35,7,194.67874666988,39,5,5.49911026118679,"M",0,0.25,1,"MED HIGH MED",NA
35,8,100.056747003265,35,1,1.5012271959046,"M",0,0.25,1,"MED HIGH MED",NA
35,9,64.1148417417332,34,0,0.500854078574075,"M",0,0.25,1,"MED HIGH MED",NA
35,10,62.5162001035854,34,0,0.499314303004591,"M",0,0.25,1,"MED HIGH MED",NA
35,11,179.354474881599,40,6,6.50016570954353,"M",0,0.25,1,"MED HIGH MED",NA
35,12,173.677173177802,39,5,5.50033966922246,"M",0,0.25,1,"MED HIGH MED",NA
35,13,203.875162209087,42,8,8.49864562313939,"M",0,0.25,1,"MED HIGH MED",NA
36,1,103.39546091217,36,1,1.50066647071031,"M",0,0.25,1,"MED HIGH MED",NA
36,2,204.579396278324,46,11,11.5014755446535,"M",0,0.25,1,"MED HIGH MED",NA
36,3,63.1104841128166,35,0,0.500098233517836,"M",0,0.25,1,"MED HIGH MED",NA
36,4,124.300355769897,37,2,2.49905345186402,"M",0,0.25,1,"MED HIGH MED",NA
36,5,65.0027210000911,35,0,0.49957730893458,"M",0,0.25,1,"MED HIGH MED",NA
36,6,170.223934470068,39,4,4.50080552336263,"M",0,0.25,1,"MED HIGH MED",NA
36,7,60.7246191420809,35,0,0.499141952480625,"M",0,0.25,1,"MED HIGH MED",NA
36,8,96.6628537864369,36,1,1.50003348313571,"M",0,0.25,1,"MED HIGH MED",NA
36,9,141.480253968964,38,3,3.49908888111354,"M",0,0.25,1,"MED HIGH MED",NA
36,10,184.257738209564,41,6,6.49964831422494,"M",0,0.25,1,"MED HIGH MED",NA
36,11,116.547136018349,37,2,2.50024428324709,"M",0,0.25,1,"MED HIGH MED",NA
36,12,101.968471895691,36,1,1.49723646223791,"M",0,0.25,1,"MED HIGH MED",NA
36,13,235.543504519981,46,11,11.4990835352048,"M",0,0.25,1,"MED HIGH MED",NA
37,1,123.558426729178,38,2,2.4997577388087,"M",0,0.25,1,"MED HIGH MED",NA
37,2,179.313596150692,41,5,5.49921439684887,"M",0,0.25,1,"MED HIGH MED",NA
37,3,99.1380223712286,37,1,1.49994118664423,"M",0,0.25,1,"MED HIGH MED",NA
37,4,98.5977035885367,37,1,1.50073522287134,"M",0,0.25,1,"MED HIGH MED",NA
37,5,156.170373543479,39,3,3.50154932033511,"M",0,0.25,1,"MED HIGH MED",NA
37,6,94.9430788190851,37,1,1.4990755721448,"M",0,0.25,1,"MED HIGH MED",NA
37,7,196.43703430488,43,7,7.50042395023827,"M",0,0.25,1,"MED HIGH MED",NA
37,8,62.4700998569049,36,0,0.499128547427347,"M",0,0.25,1,"MED HIGH MED",NA
37,9,62.3196551979181,36,0,0.500989086487747,"M",0,0.25,1,"MED HIGH MED",NA
37,10,99.1788533044663,37,1,1.50094615332783,"M",0,0.25,1,"MED HIGH MED",NA
37,11,198.745315105325,42,6,6.50021292128196,"M",0,0.25,1,"MED HIGH MED",NA
38,1,169.017235858104,41,4,4.49954651699519,"M",0,0.25,1,"MED HIGH MED",NA
38,2,210.289144829773,45,8,8.50003129533048,"M",0,0.25,1,"MED HIGH MED",NA
38,3,153.267773002017,40,3,3.5003341831901,"M",0,0.25,1,"MED HIGH MED",NA
38,4,180.96523763942,47,10,10.5004668441081,"M",0,0.25,1,"MED HIGH MED",NA
38,5,149.730093350663,40,3,3.49916011839291,"M",0,0.25,1,"MED HIGH MED",NA
38,6,101.046074855458,38,1,1.50037095757712,"M",0,0.25,1,"MED HIGH MED",NA
38,7,128.521621016969,39,2,2.50169756983983,"M",0,0.25,1,"MED HIGH MED",NA
38,8,127.949529082727,39,2,2.49887021741054,"M",0,0.25,1,"MED HIGH MED",NA
38,9,162.366463678157,42,5,5.50003441573586,"M",0,0.25,1,"MED HIGH MED",NA
38,10,60.798715413518,37,0,0.500869076086747,"M",0,0.25,1,"MED HIGH MED",NA
38,11,60.3035246745802,37,0,0.49931160424151,"M",0,0.25,1,"MED HIGH MED",NA
38,12,101.951527258974,38,1,1.50141338611496,"M",0,0.25,1,"MED HIGH MED",NA
39,1,212.690108568174,45,7,7.50116142223833,"M",0,0.25,1,"MED HIGH MED",NA
39,2,161.355983075956,44,6,6.50014332715027,"M",0,0.25,1,"MED HIGH MED",NA
39,3,61.1459912981821,38,0,0.500571494091153,"M",0,0.25,1,"MED HIGH MED",NA
39,4,113.806105102489,40,2,2.49884872554667,"M",0,0.25,1,"MED HIGH MED",NA
39,5,63.4922059375638,38,0,0.499427534194993,"M",0,0.25,1,"MED HIGH MED",NA
39,6,63.3356838138219,38,0,0.501461643820395,"M",0,0.25,1,"MED HIGH MED",NA
39,7,65.0013336960407,38,0,0.500675023854185,"M",0,0.25,1,"MED HIGH MED",NA
39,8,163.843370192338,44,6,6.49993480793885,"M",0,0.25,1,"MED HIGH MED",NA
39,9,97.5945484311685,39,1,1.49941153497193,"M",0,0.25,1,"MED HIGH MED",NA
39,10,200.128346728106,45,7,7.50072718133274,"M",0,0.25,1,"MED HIGH MED",NA
39,11,98.2838129858729,39,1,1.50018311331579,"M",0,0.25,1,"MED HIGH MED",NA
39,12,61.5375572061305,38,0,0.499345720888976,"M",0,0.25,1,"MED HIGH MED",NA
39,13,145.015844212442,41,3,3.50218881506527,"M",0,0.25,1,"MED HIGH MED",NA
40,1,122.576825179991,41,2,2.50096607177804,"M",0,0.25,1,"MED HIGH MED",NA
40,2,227.629297992913,51,12,12.500954253624,"FISHED",0.270550326420926,0.25,1,"MED HIGH MED",NA
40,3,233.491082867509,51,12,12.4996574252408,"M",0.270550326420926,0.25,1,"MED HIGH MED",NA
40,4,128.730109672039,41,2,2.49942090643627,"M",0,0.25,1,"MED HIGH MED",NA
40,5,160.270683109547,43,4,4.50066456791736,"M",0,0.25,1,"MED HIGH MED",NA
40,6,61.0579568485648,39,0,0.499685820071769,"M",0,0.25,1,"MED HIGH MED",NA
40,7,218.29544016748,48,9,9.50087167137625,"M",0,0.25,1,"MED HIGH MED",NA
40,8,203.05862693948,50,11,11.5002120709538,"M",0.255284333624877,0.25,1,"MED HIGH MED",NA
40,9,169.33151705321,44,5,5.50029355170762,"M",0,0.25,1,"MED HIGH MED",NA
40,10,133.287565622294,41,2,2.50244723222589,"M",0,0.25,1,"MED HIGH MED",NA
41,1,151.573179773138,43,3,3.50073726136547,"M",0,0.25,1,"MED HIGH MED",NA
41,2,62.026433649125,40,0,0.501439616516877,"M",0,0.25,1,"MED HIGH MED",NA
41,3,117.279357596001,42,2,2.50012664094241,"M",0,0.25,1,"MED HIGH MED",NA
41,4,142.416538003562,43,3,3.49952282601738,"M",0,0.25,1,"MED HIGH MED",NA
41,5,195.924436111008,46,6,6.4982769985159,"M",0,0.25,1,"MED HIGH MED",NA
41,6,170.211840036103,44,4,4.50030542532408,"M",0,0.25,1,"MED HIGH MED",NA
41,7,190.441210070572,50,10,10.498135675874,"M",0.255284333624877,0.25,1,"MED HIGH MED",NA
41,8,64.3445208120262,40,0,0.499844599546761,"M",0,0.25,1,"MED HIGH MED",NA
41,9,61.376843608508,40,0,0.500493731491838,"M",0,0.25,1,"MED HIGH MED",NA
41,10,239.968915927544,50,10,10.5007145222638,"M",0.255284333624877,0.25,1,"MED HIGH MED",NA
41,11,164.90469876057,44,4,4.50023771652007,"M",0,0.25,1,"MED HIGH MED",NA
41,12,61.7138082447849,40,0,0.500869334602124,"M",0,0.25,1,"MED HIGH MED",NA
42,1,196.942835786127,48,7,7.49847840604825,"M",0,0.25,1,"MED HIGH MED",NA
42,2,182.162539350266,45,4,4.50143020906158,"M",0,0.25,1,"MED HIGH MED",NA
42,3,119.406176617054,43,2,2.50098939130595,"M",0,0.25,1,"MED HIGH MED",NA
42,4,198.30421067375,49,8,8.49938464556019,"M",0,0.25,1,"MED HIGH MED",NA
42,5,64.1505702973651,41,0,0.500401504641039,"M",0,0.25,1,"MED HIGH MED",NA
42,6,97.9406012539904,42,1,1.49760663885839,"M",0,0.25,1,"MED HIGH MED",NA
42,7,64.4682583324904,41,0,0.500916408340806,"M",0,0.25,1,"MED HIGH MED",NA
42,8,97.1719796563998,42,1,1.50042560624262,"M",0,0.25,1,"MED HIGH MED",NA
42,9,129.619069425257,44,3,3.50017608962056,"M",0,0.25,1,"MED HIGH MED",NA
42,10,209.893005204503,48,7,7.49906627282384,"M",0,0.25,1,"MED HIGH MED",NA
42,11,61.3354328385894,41,0,0.499741998462749,"M",0,0.25,1,"MED HIGH MED",NA
43,1,98.680457687807,43,1,1.49910195843479,"M",0,0.25,1,"MED HIGH MED",NA
43,2,61.9278256544388,42,0,0.500224547370412,"M",0,0.25,1,"MED HIGH MED",NA
43,3,105.994489311687,43,1,1.50109696579509,"M",0,0.25,1,"MED HIGH MED",NA
43,4,154.980905933557,46,4,4.49823576064761,"M",0,0.25,1,"MED HIGH MED",NA
43,5,99.5962282739307,43,1,1.50003655281033,"M",0,0.25,1,"MED HIGH MED",NA
43,6,231.123924210447,51,9,9.49969129836976,"M",0.270550326420926,0.25,1,"MED HIGH MED",NA
43,7,150.999746495768,47,5,5.5014579883672,"M",0,0.25,1,"MED HIGH MED",NA
43,8,101.734373291765,43,1,1.50009602191566,"M",0,0.25,1,"MED HIGH MED",NA
43,9,148.345226999315,45,3,3.4980255941166,"M",0,0.25,1,"MED HIGH MED",NA
43,10,122.788783245489,44,2,2.49902311316757,"M",0,0.25,1,"MED HIGH MED",NA
43,11,185.429802818586,50,8,8.49857666226849,"M",0.255284333624877,0.25,1,"MED HIGH MED",NA
44,1,175.666973820747,48,5,5.50030375026291,"M",0,0.25,1,"MED HIGH MED",NA
44,2,180.147723494868,48,5,5.49956990449774,"M",0,0.25,1,"MED HIGH MED",NA
44,3,95.678622878007,44,1,1.49873511154079,"M",0,0.25,1,"MED HIGH MED",NA
44,4,131.309720866284,45,2,2.49955135618107,"M",0,0.25,1,"MED HIGH MED",NA
44,5,214.791864488019,51,8,8.50096037601612,"FISHED",0.270550326420926,0.25,1,"MED HIGH MED",NA
44,6,99.3861590366059,44,1,1.49974969422389,"M",0,0.25,1,"MED HIGH MED",NA
44,7,195.578361788427,48,5,5.50162563324691,"M",0,0.25,1,"MED HIGH MED",NA
44,8,65.2082028453177,43,0,0.502016923173433,"M",0,0.25,1,"MED HIGH MED",NA
44,9,163.61054423663,48,5,5.50066118484395,"M",0,0.25,1,"MED HIGH MED",NA
44,10,152.726367443163,46,3,3.49910209849832,"M",0,0.25,1,"MED HIGH MED",NA
44,11,203.363129660422,54,11,11.5000263961465,"M",0.263011190923862,0.25,1,"MED HIGH MED",NA
44,12,165.978239619168,49,6,6.50023132352256,"M",0,0.25,1,"MED HIGH MED",NA
45,1,63.0518997877885,44,0,0.498144440866592,"M",0,0.25,1,"MED HIGH MED",NA
45,2,192.812500789288,51,7,7.49984656172879,"FISHED",0.270550326420926,0.25,1,"MED HIGH MED",NA
45,3,145.091678442891,47,3,3.49972782130157,"M",0,0.25,1,"MED HIGH MED",NA
45,4,123.537942097068,46,2,2.4994789884343,"M",0,0.25,1,"MED HIGH MED",NA
45,5,100.628049915964,45,1,1.49788138649487,"M",0,0.25,1,"MED HIGH MED",NA
45,6,183.877267509139,49,5,5.49956616773517,"M",0,0.25,1,"MED HIGH MED",NA
45,7,182.962285808694,50,6,6.50149028764003,"FISHED",0.255284333624877,0.25,1,"MED HIGH MED",NA
45,8,62.1361190667902,44,0,0.499498474221431,"M",0,0.25,1,"MED HIGH MED",NA
45,9,95.2115117076752,45,1,1.49956265228279,"M",0,0.25,1,"MED HIGH MED",NA
45,10,241.935342287561,52,8,8.50076823587545,"M",0.25137969199568,0.25,1,"MED HIGH MED",NA
45,11,96.1853040104674,45,1,1.50082624845676,"M",0,0.25,1,"MED HIGH MED",NA
45,12,134.390227285356,46,2,2.5002016904241,"M",0,0.25,1,"MED HIGH MED",NA
46,1,99.3340913486417,46,1,1.49966415879676,"M",0,0.25,1,"MED HIGH MED",NA
46,2,96.8534513431769,46,1,1.50187562185685,"M",0,0.25,1,"MED HIGH MED",NA
46,3,133.200521162429,47,2,2.49761043583892,"M",0,0.25,1,"MED HIGH MED",NA
46,4,96.755986744259,46,1,1.49934957819518,"M",0,0.25,1,"MED HIGH MED",NA
46,5,62.2740691420271,45,0,0.498289433135257,"M",0,0.25,1,"MED HIGH MED",NA
46,6,129.206997683153,47,2,2.50002735798437,"M",0,0.25,1,"MED HIGH MED",NA
46,7,58.9576042437995,45,0,0.499005578352376,"M",0,0.25,1,"MED HIGH MED",NA
46,8,115.603562921778,47,2,2.49819907444516,"M",0,0.25,1,"MED HIGH MED",NA
46,9,121.352517707637,47,2,2.50119188077,"M",0,0.25,1,"MED HIGH MED",NA
46,10,62.0684817235173,45,0,0.497522366270196,"M",0,0.25,1,"MED HIGH MED",NA
46,11,179.855125146704,51,6,6.49810054391529,"M",0.270550326420926,0.25,1,"MED HIGH MED",NA
47,1,128.788762369075,48,2,2.49970688245671,"M",0,0.25,1,"MED HIGH MED",NA
47,2,156.743591095783,49,3,3.50028086602916,"M",0,0.25,1,"MED HIGH MED",NA
47,3,174.859282931252,52,6,6.5001211654827,"M",0.25137969199568,0.25,1,"MED HIGH MED",NA
47,4,127.769423542805,48,2,2.4998336105932,"M",0,0.25,1,"MED HIGH MED",NA
47,5,60.9151347190206,46,0,0.498524520934585,"M",0,0.25,1,"MED HIGH MED",NA
47,6,165.60467075062,50,4,4.4998084799353,"FISHED",0.255284333624877,0.25,1,"MED HIGH MED",NA
47,7,99.1817745767786,47,1,1.50037828485153,"M",0,0.25,1,"MED HIGH MED",NA
47,8,63.2408124777635,46,0,0.49952976123521,"M",0,0.25,1,"MED HIGH MED",NA
47,9,141.254809741524,49,3,3.50038766169488,"M",0,0.25,1,"MED HIGH MED",NA
47,10,62.5214263294311,46,0,0.500011889678007,"M",0,0.25,1,"MED HIGH MED",NA
47,11,236.537195564665,60,14,14.5002184322462,"M",0.291912009217776,0.25,1,"MED HIGH MED",NA
48,1,126.990457531195,49,2,2.49893776494927,"M",0,0.25,1,"MED HIGH MED",NA
48,2,164.872459823027,51,4,4.49853680106705,"FISHED",0.270550326420926,0.25,1,"MED HIGH MED",NA
48,3,168.763494669989,51,4,4.50078763482931,"FISHED",0.270550326420926,0.25,1,"MED HIGH MED",NA
48,4,190.271297455922,52,5,5.50126702080119,"M",0.25137969199568,0.25,1,"MED HIGH MED",NA
48,5,129.160726966048,49,2,2.50035731847661,"M",0,0.25,1,"MED HIGH MED",NA
48,6,99.2384579560126,48,1,1.50049188649921,"M",0,0.25,1,"MED HIGH MED",NA
48,7,64.3088705593333,47,0,0.500267398086363,"M",0,0.25,1,"MED HIGH MED",NA
48,8,63.1663355768374,47,0,0.499764696783158,"M",0,0.25,1,"MED HIGH MED",NA
48,9,161.631432942929,50,3,3.50128122367367,"M",0.255284333624877,0.25,1,"MED HIGH MED",NA
48,10,102.273541882123,48,1,1.49987615462173,"M",0,0.25,1,"MED HIGH MED",NA
48,11,127.246811118821,49,2,2.50039733630368,"M",0,0.25,1,"MED HIGH MED",NA
49,1,114.392801537408,50,2,2.49979776734515,"FISHED",0.255284333624877,0.25,1,"MED HIGH MED",NA
49,2,152.266916041686,51,3,3.49951717523092,"M",0.270550326420926,0.25,1,"MED HIGH MED",NA
49,3,155.757045064448,51,3,3.500186633554,"FISHED",0.270550326420926,0.25,1,"MED HIGH MED",NA
49,4,121.484168492563,50,2,2.49878054983436,"FISHED",0.255284333624877,0.25,1,"MED HIGH MED",NA
49,5,98.2084992506998,49,1,1.50053722851962,"M",0,0.25,1,"MED HIGH MED",NA
49,6,66.3722773627585,48,0,0.498777516689537,"M",0,0.25,1,"MED HIGH MED",NA
49,7,177.705979050893,53,5,5.49976886959225,"M",0.27903709243983,0.25,1,"MED HIGH MED",NA
49,8,149.510638124374,51,3,3.49973589749704,"FISHED",0.270550326420926,0.25,1,"MED HIGH MED",NA
49,9,61.223435837204,48,0,0.500995071953451,"M",0,0.25,1,"MED HIGH MED",NA
49,10,97.4567496736035,49,1,1.49945488861551,"M",0,0.25,1,"MED HIGH MED",NA
49,11,150.752128594408,51,3,3.50298309424931,"M",0.270550326420926,0.25,1,"MED HIGH MED",NA
49,12,123.629493812887,50,2,2.50167521008255,"M",0.255284333624877,0.25,1,"MED HIGH MED",NA
50,1,63.8177437510335,49,0,0.500264578187974,"M",0,0.25,1,"MED HIGH MED",NA
50,2,123.078131223357,51,2,2.49953990604952,"M",0.270550326420926,0.25,1,"MED HIGH MED",NA
50,3,90.3743251586868,50,1,1.49922011796184,"FISHED",0.255284333624877,0.25,1,"MED HIGH MED",NA
50,4,60.9869928339965,49,0,0.500813685460382,"M",0,0.25,1,"MED HIGH MED",NA
50,5,120.685739191634,51,2,2.50153100610832,"M",0.270550326420926,0.25,1,"MED HIGH MED",NA
50,6,101.383585662439,50,1,1.49878522500126,"FISHED",0.255284333624877,0.25,1,"MED HIGH MED",NA
50,7,150.924827143658,52,3,3.49887489940314,"FISHED",0.25137969199568,0.25,1,"MED HIGH MED",NA
50,8,130.719921169396,51,2,2.49982584065546,"FISHED",0.270550326420926,0.25,1,"MED HIGH MED",NA
50,9,62.1155766604241,49,0,0.500986375335054,"M",0,0.25,1,"MED HIGH MED",NA
50,10,112.853843083742,51,2,2.49905690464981,"FISHED",0.270550326420926,0.25,1,"MED HIGH MED",NA
50,11,100.397129001257,50,1,1.49942450152431,"M",0.255284333624877,0.25,1,"MED HIGH MED",NA
50,12,97.5203556076172,50,1,1.50053099196916,"M",0.255284333624877,0.25,1,"MED HIGH MED",NA
50,13,98.8479896532911,50,1,1.49979877596318,"M",0.255284333624877,0.25,1,"MED HIGH MED",NA
51,1,155.213055657397,53,3,3.50116002160951,"FISHED",0.27903709243983,0.25,1,"MED HIGH MED",NA
51,2,172.739381216335,54,4,4.49876490456492,"FISHED",0.263011190923862,0.25,1,"MED HIGH MED",NA
51,3,64.3592352354418,50,0,0.498838159975196,"M",0.255284333624877,0.25,1,"MED HIGH MED",NA
51,4,103.460203934866,51,1,1.49935258125191,"FISHED",0.270550326420926,0.25,1,"MED HIGH MED",NA
51,5,98.7980311864692,51,1,1.50076112425519,"FISHED",0.270550326420926,0.25,1,"MED HIGH MED",NA
51,6,98.8884281502337,51,1,1.49859688771274,"FISHED",0.270550326420926,0.25,1,"MED HIGH MED",NA
51,7,96.0431436454649,51,1,1.49874359822171,"FISHED",0.270550326420926,0.25,1,"MED HIGH MED",NA
51,8,62.6969533656919,50,0,0.500890684678341,"FISHED",0.255284333624877,0.25,1,"MED HIGH MED",NA
51,9,129.94665501637,52,2,2.49969005161536,"M",0.25137969199568,0.25,1,"MED HIGH MED",NA
51,10,128.328987908434,53,3,3.50078312010002,"M",0.27903709243983,0.25,1,"MED HIGH MED",NA
51,11,118.932658248665,52,2,2.50059259496296,"M",0.25137969199568,0.25,1,"MED HIGH MED",NA
51,12,63.593355038549,50,0,0.499354618361274,"M",0.255284333624877,0.25,1,"MED HIGH MED",NA
52,1,161.538159771714,54,3,3.49813741529259,"M",0.263011190923862,0.25,1,"MED HIGH MED",NA
52,2,143.096546917731,54,3,3.5012128134432,"FISHED",0.263011190923862,0.25,1,"MED HIGH MED",NA
52,3,149.390771132981,54,3,3.49945532618916,"M",0.263011190923862,0.25,1,"MED HIGH MED",NA
52,4,61.3271057209059,51,0,0.500951535650696,"FISHED",0.270550326420926,0.25,1,"MED HIGH MED",NA
52,5,126.765340515924,53,2,2.50043177211538,"FISHED",0.27903709243983,0.25,1,"MED HIGH MED",NA
52,6,165.809610031595,54,3,3.50134744818267,"M",0.263011190923862,0.25,1,"MED HIGH MED",NA
52,7,62.4763994061937,51,0,0.499322786201042,"M",0.270550326420926,0.25,1,"MED HIGH MED",NA
52,8,64.199790514751,51,0,0.500641015152778,"FISHED",0.270550326420926,0.25,1,"MED HIGH MED",NA
52,9,146.135915861508,54,3,3.50008341243985,"M",0.263011190923862,0.25,1,"MED HIGH MED",NA
52,10,61.7968043240169,51,0,0.499655402738208,"M",0.270550326420926,0.25,1,"MED HIGH MED",NA
52,11,131.478955241343,53,2,2.49928411962051,"FISHED",0.27903709243983,0.25,1,"MED HIGH MED",NA
52,12,124.578425037068,53,2,2.50087177300036,"FISHED",0.27903709243983,0.25,1,"MED HIGH MED",NA
53,1,64.0216904745935,52,0,0.499729613734914,"M",0.25137969199568,0.25,1,"MED HIGH MED",NA
53,2,63.1873980382368,52,0,0.497650195118343,"M",0.25137969199568,0.25,1,"MED HIGH MED",NA
53,3,65.197208260825,52,0,0.50087349440492,"FISHED",0.25137969199568,0.25,1,"MED HIGH MED",NA
53,4,63.130075890553,52,0,0.500927276754267,"FISHED",0.25137969199568,0.25,1,"MED HIGH MED",NA
53,5,62.1444655904688,52,0,0.501898502734472,"M",0.25137969199568,0.25,1,"MED HIGH MED",NA
53,6,98.4200788180517,53,1,1.49950483126276,"FISHED",0.27903709243983,0.25,1,"MED HIGH MED",NA
53,7,100.410336751234,53,1,1.50024604376113,"M",0.27903709243983,0.25,1,"MED HIGH MED",NA
53,8,64.0613419682275,52,0,0.500860893235908,"M",0.25137969199568,0.25,1,"MED HIGH MED",NA
53,9,124.933483457139,54,2,2.50036545179473,"FISHED",0.263011190923862,0.25,1,"MED HIGH MED",NA
53,10,59.118797770657,52,0,0.499045145554276,"FISHED",0.25137969199568,0.25,1,"MED HIGH MED",NA
53,11,64.860255347247,52,0,0.501224298029894,"M",0.25137969199568,0.25,1,"MED HIGH MED",NA
53,12,114.529542140376,54,2,2.49952026746601,"M",0.263011190923862,0.25,1,"MED HIGH MED",NA
53,13,132.627012122127,54,2,2.50071206117177,"M",0.263011190923862,0.25,1,"MED HIGH MED",NA
54,1,155.40822213975,57,4,4.50054894153083,"FISHED",0.275143343000673,0.25,1,"MED HIGH MED",NA
54,2,62.9298803024018,53,0,0.498714947659207,"FISHED",0.27903709243983,0.25,1,"MED HIGH MED",NA
54,3,178.230903460658,59,6,6.50009037307051,"FISHED",0.262801131885499,0.25,1,"MED HIGH MED",NA
54,4,62.2491519212037,53,0,0.500838034729157,"FISHED",0.27903709243983,0.25,1,"MED HIGH MED",NA
54,5,95.6363377706796,54,1,1.50065751662092,"FISHED",0.263011190923862,0.25,1,"MED HIGH MED",NA
54,6,96.1660250271944,54,1,1.49966280168565,"M",0.263011190923862,0.25,1,"MED HIGH MED",NA
54,7,100.575999452158,54,1,1.49961683314058,"FISHED",0.263011190923862,0.25,1,"MED HIGH MED",NA
54,8,123.535419176997,55,2,2.49933097263777,"FISHED",0.262158188573085,0.25,1,"MED HIGH MED",NA
54,9,62.9404666244232,53,0,0.499533568559149,"M",0.27903709243983,0.25,1,"MED HIGH MED",NA
54,10,94.1572546167932,54,1,1.49939222157838,"FISHED",0.263011190923862,0.25,1,"MED HIGH MED",NA
54,11,60.6629663177397,53,0,0.500659351977279,"M",0.27903709243983,0.25,1,"MED HIGH MED",NA
54,12,180.275916266841,57,4,4.5000501115207,"FISHED",0.275143343000673,0.25,1,"MED HIGH MED",NA
55,1,65.5794971560723,54,0,0.50029570143249,"FISHED",0.263011190923862,0.25,1,"MED HIGH MED",NA
55,2,121.21042972178,56,2,2.50021294121845,"FISHED",0.249996025813743,0.25,1,"MED HIGH MED",NA
55,3,59.3054264633871,54,0,0.500323364240314,"M",0.263011190923862,0.25,1,"MED HIGH MED",NA
55,4,63.1970250056313,54,0,0.499988169522596,"M",0.263011190923862,0.25,1,"MED HIGH MED",NA
55,5,61.9270753509057,54,0,0.498706434324303,"M",0.263011190923862,0.25,1,"MED HIGH MED",NA
55,6,101.652426054507,55,1,1.49884841508609,"FISHED",0.262158188573085,0.25,1,"MED HIGH MED",NA
55,7,164.667938145713,57,3,3.50029247390503,"FISHED",0.275143343000673,0.25,1,"MED HIGH MED",NA
55,8,61.3931986817864,54,0,0.500051361137923,"M",0.263011190923862,0.25,1,"MED HIGH MED",NA
55,9,95.2595558295996,55,1,1.49840934959862,"M",0.262158188573085,0.25,1,"MED HIGH MED",NA
55,10,120.684176736097,56,2,2.50136349103625,"M",0.249996025813743,0.25,1,"MED HIGH MED",NA
55,11,98.3053666460883,55,1,1.4999313178741,"FISHED",0.262158188573085,0.25,1,"MED HIGH MED",NA
56,1,103.01978816666,56,1,1.501781241107,"FISHED",0.249996025813743,0.25,1,"MED HIGH MED",NA
56,2,100.624792347738,56,1,1.50040342477111,"M",0.249996025813743,0.25,1,"MED HIGH MED",NA
56,3,98.8455340288992,56,1,1.50115794158145,"FISHED",0.249996025813743,0.25,1,"MED HIGH MED",NA
56,4,125.118379295147,57,2,2.49901039582054,"FISHED",0.275143343000673,0.25,1,"MED HIGH MED",NA
56,5,125.512115622999,57,2,2.49880896859409,"M",0.275143343000673,0.25,1,"MED HIGH MED",NA
56,6,96.3802238269075,56,1,1.49875387275285,"M",0.249996025813743,0.25,1,"MED HIGH MED",NA
56,7,127.179172779077,57,2,2.50134157826306,"M",0.275143343000673,0.25,1,"MED HIGH MED",NA
56,8,95.0036053754542,56,1,1.50089722520599,"M",0.249996025813743,0.25,1,"MED HIGH MED",NA
56,9,63.607765435997,55,0,0.499860621344014,"FISHED",0.262158188573085,0.25,1,"MED HIGH MED",NA
56,10,156.207197509604,58,3,3.49928107520669,"M",0.231814741669223,0.25,1,"MED HIGH MED",NA
57,1,115.668507583716,58,2,2.50055122307789,"FISHED",0.231814741669223,0.25,1,"MED HIGH MED",NA
57,2,62.7540459903888,56,0,0.500151356545841,"M",0.249996025813743,0.25,1,"MED HIGH MED",NA
57,3,62.2354644335412,56,0,0.499990190621439,"M",0.249996025813743,0.25,1,"MED HIGH MED",NA
57,4,63.765335877519,56,0,0.498748114868007,"M",0.249996025813743,0.25,1,"MED HIGH MED",NA
57,5,64.041507734011,56,0,0.500602443771378,"FISHED",0.249996025813743,0.25,1,"MED HIGH MED",NA
57,6,173.810972550217,61,5,5.49878191191749,"FISHED",0.282327115372755,0.25,1,"MED HIGH MED",NA
57,7,96.7413149415309,57,1,1.49969464072729,"M",0.275143343000673,0.25,1,"MED HIGH MED",NA
57,8,100.819088846927,57,1,1.50039976273689,"FISHED",0.275143343000673,0.25,1,"MED HIGH MED",NA
57,9,61.7437543122663,56,0,0.50096650623153,"FISHED",0.249996025813743,0.25,1,"MED HIGH MED",NA
57,10,99.8052239162663,57,1,1.50010518317661,"FISHED",0.275143343000673,0.25,1,"MED HIGH MED",NA
58,1,99.975840832374,58,1,1.4993284248369,"FISHED",0.231814741669223,0.25,1,"MED HIGH MED",NA
58,2,97.2667541812571,58,1,1.50047983100112,"M",0.231814741669223,0.25,1,"MED HIGH MED",NA
58,3,62.7782223854966,57,0,0.499481825038773,"FISHED",0.275143343000673,0.25,1,"MED HIGH MED",NA
58,4,124.603861986766,59,2,2.49977794690785,"M",0.262801131885499,0.25,1,"MED HIGH MED",NA
58,5,62.4018960310304,57,0,0.500420690350997,"FISHED",0.275143343000673,0.25,1,"MED HIGH MED",NA
58,6,95.3144223170378,58,1,1.4992873195221,"M",0.231814741669223,0.25,1,"MED HIGH MED",NA
58,7,94.2038753028838,58,1,1.49887209942325,"FISHED",0.231814741669223,0.25,1,"MED HIGH MED",NA
58,8,183.472817757379,63,6,6.50175620077797,"M",0.282016156404279,0.25,1,"MED HIGH MED",NA
58,9,156.237028498446,60,3,3.50000626650332,"FISHED",0.291912009217776,0.25,1,"MED HIGH MED",NA
59,1,119.900539564035,60,2,2.49926294076742,"FISHED",0.291912009217776,0.25,1,"MED HIGH MED",NA
59,2,128.932573579015,60,2,2.50036763797623,"M",0.291912009217776,0.25,1,"MED HIGH MED",NA
59,3,60.580220449473,58,0,0.500138154686419,"M",0.231814741669223,0.25,1,"MED HIGH MED",NA
59,4,64.397647355839,58,0,0.498346623168787,"FISHED",0.231814741669223,0.25,1,"MED HIGH MED",NA
59,5,122.8623118459,60,2,2.49917923640484,"M",0.291912009217776,0.25,1,"MED HIGH MED",NA
59,6,121.025710158304,60,2,2.50154057752454,"M",0.291912009217776,0.25,1,"MED HIGH MED",NA
59,7,63.4943563646517,58,0,0.50040826359829,"M",0.231814741669223,0.25,1,"MED HIGH MED",NA
59,8,99.2079674793213,59,1,1.49713450745237,"M",0.262801131885499,0.25,1,"MED HIGH MED",NA
59,9,98.4996910582632,59,1,1.50043321465733,"FISHED",0.262801131885499,0.25,1,"MED HIGH MED",NA
59,10,121.987731703985,60,2,2.50048612606327,"FISHED",0.291912009217776,0.25,1,"MED HIGH MED",NA
59,11,62.9592477414489,58,0,0.502233807856612,"M",0.231814741669223,0.25,1,"MED HIGH MED",NA
59,12,66.0909172080924,58,0,0.500531117364871,"FISHED",0.231814741669223,0.25,1,"MED HIGH MED",NA
59,13,123.737155611031,60,2,2.50043156645824,"FISHED",0.291912009217776,0.25,1,"MED HIGH MED",NA
60,1,62.6922947723886,59,0,0.500201846389774,"FISHED",0.262801131885499,0.25,1,"MED HIGH MED",NA
60,2,61.2401175423887,59,0,0.4986979876165,"FISHED",0.262801131885499,0.25,1,"MED HIGH MED",NA
60,3,63.8171925290537,59,0,0.499545802923797,"M",0.262801131885499,0.25,1,"MED HIGH MED",NA
60,4,64.7672546746196,59,0,0.500399600433844,"M",0.262801131885499,0.25,1,"MED HIGH MED",NA
60,5,102.883866661385,60,1,1.49844068926565,"FISHED",0.291912009217776,0.25,1,"MED HIGH MED",NA
60,6,61.8019600171069,59,0,0.500763422803184,"M",0.262801131885499,0.25,1,"MED HIGH MED",NA
60,7,64.1374726986588,59,0,0.501358314367167,"M",0.262801131885499,0.25,1,"MED HIGH MED",NA
60,8,62.4083199659016,59,0,0.502113314947222,"FISHED",0.262801131885499,0.25,1,"MED HIGH MED",NA
60,9,115.851225033243,61,2,2.49999487377271,"M",0.282327115372755,0.25,1,"MED HIGH MED",NA
60,10,97.4507547095756,60,1,1.50063023582411,"FISHED",0.291912009217776,0.25,1,"MED HIGH MED",NA
60,11,62.8871375806665,59,0,0.4995587953174,"FISHED",0.262801131885499,0.25,1,"MED HIGH MED",NA
61,1,63.3785076575285,60,0,0.499631318096717,"FISHED",0.291912009217776,0.25,1,"MED HIGH MED",NA
61,2,65.2910216913656,60,0,0.499373972011433,"FISHED",0.291912009217776,0.25,1,"MED HIGH MED",NA
61,3,63.7524650738212,60,0,0.500345599352353,"FISHED",0.291912009217776,0.25,1,"MED HIGH MED",NA
61,4,62.1712127423808,60,0,0.499290922578134,"M",0.291912009217776,0.25,1,"MED HIGH MED",NA
61,5,66.1430502089641,60,0,0.499211872878369,"FISHED",0.291912009217776,0.25,1,"MED HIGH MED",NA
61,6,105.235285861645,61,1,1.50027816516463,"M",0.282327115372755,0.25,1,"MED HIGH MED",NA
61,7,62.8556402151271,60,0,0.501102596814255,"M",0.291912009217776,0.25,1,"MED HIGH MED",NA
61,8,125.172895967515,62,2,2.49965271181012,"M",0.201961277262308,0.25,1,"MED HIGH MED",NA
61,9,129.759780448914,62,2,2.49982946683442,"M",0.201961277262308,0.25,1,"MED HIGH MED",NA
61,10,127.208314772441,62,2,2.5012004951782,"FISHED",0.201961277262308,0.25,1,"MED HIGH MED",NA
61,11,63.736703356891,60,0,0.500806125495214,"FISHED",0.291912009217776,0.25,1,"MED HIGH MED",NA
62,1,175.601214866551,69,8,8.50108699810353,"M",0.359000126831234,0.25,1,"MED HIGH MED",NA
62,2,62.8198086177966,61,0,0.501464110330908,"FISHED",0.282327115372755,0.25,1,"MED HIGH MED",NA
62,3,97.6568411603855,62,1,1.49910695690537,"FISHED",0.201961277262308,0.25,1,"MED HIGH MED",NA
62,4,103.076388977069,62,1,1.50275787162921,"M",0.201961277262308,0.25,1,"MED HIGH MED",NA
62,5,152.774132144297,64,3,3.50155224580695,"FISHED",0.292726413183846,0.25,1,"MED HIGH MED",NA
62,6,96.0074638134926,62,1,1.49996131755701,"M",0.201961277262308,0.25,1,"MED HIGH MED",NA
62,7,66.1130724990744,61,0,0.498864220993632,"FISHED",0.282327115372755,0.25,1,"MED HIGH MED",NA
62,8,61.0915451568733,61,0,0.501769667161299,"M",0.282327115372755,0.25,1,"MED HIGH MED",NA
62,9,185.415781867926,68,7,7.50123464667592,"FISHED",0.370625088899396,0.25,1,"MED HIGH MED",NA
62,10,61.2973512781178,61,0,0.500789130587537,"FISHED",0.282327115372755,0.25,1,"MED HIGH MED",NA
63,1,150.339788179055,65,3,3.49981970574396,"FISHED",0.22772590268869,0.25,1,"MED HIGH MED",NA
63,2,140.543593316602,65,3,3.49826761432241,"M",0.22772590268869,0.25,1,"MED HIGH MED",NA
63,3,97.5377314923735,63,1,1.50174111025926,"M",0.282016156404279,0.25,1,"MED HIGH MED",NA
63,4,63.166599612637,62,0,0.497862072031256,"FISHED",0.201961277262308,0.25,1,"MED HIGH MED",NA
63,5,128.512808482808,64,2,2.50099413711293,"FISHED",0.292726413183846,0.25,1,"MED HIGH MED",NA
63,6,99.4905233039637,63,1,1.49925411701372,"FISHED",0.282016156404279,0.25,1,"MED HIGH MED",NA
63,7,96.5304439968774,63,1,1.4987874134418,"M",0.282016156404279,0.25,1,"MED HIGH MED",NA
63,8,171.860506000926,66,4,4.50027661257149,"M",0.296137947961688,0.25,1,"MED HIGH MED",NA
64,1,63.1208315906453,63,0,0.500441232888847,"FISHED",0.282016156404279,0.25,1,"MED HIGH MED",NA
64,2,62.3685623557834,63,0,0.499497770677976,"M",0.282016156404279,0.25,1,"MED HIGH MED",NA
64,3,60.5983066367316,63,0,0.500105459120096,"FISHED",0.282016156404279,0.25,1,"MED HIGH MED",NA
64,4,61.0490887210876,63,0,0.498782676521083,"M",0.282016156404279,0.25,1,"MED HIGH MED",NA
64,5,140.635030138177,66,3,3.5008395098456,"FISHED",0.296137947961688,0.25,1,"MED HIGH MED",NA
64,6,99.5743138509787,64,1,1.50112517354446,"M",0.292726413183846,0.25,1,"MED HIGH MED",NA
64,7,61.5710846005131,63,0,0.500140272782835,"M",0.282016156404279,0.25,1,"MED HIGH MED",NA
65,1,95.7019549386703,65,1,1.50040570107231,"FISHED",0.22772590268869,0.25,1,"MED HIGH MED",NA
65,2,61.6655407116207,64,0,0.498825377530669,"FISHED",0.292726413183846,0.25,1,"MED HIGH MED",NA
65,3,120.617515629849,66,2,2.50094455819825,"M",0.296137947961688,0.25,1,"MED HIGH MED",NA
65,4,60.9099727028515,64,0,0.500620700208763,"M",0.292726413183846,0.25,1,"MED HIGH MED",NA
65,5,63.2487934008392,64,0,0.501088049610778,"FISHED",0.292726413183846,0.25,1,"MED HIGH MED",NA
65,6,159.023341231276,68,4,4.50169030576728,"M",0.370625088899396,0.25,1,"MED HIGH MED",NA
65,7,61.953363043004,64,0,0.499856171850809,"M",0.292726413183846,0.25,1,"MED HIGH MED",NA
66,1,61.8284890031339,65,0,0.50068211083592,"M",0.22772590268869,0.25,1,"MED HIGH MED",NA
66,2,60.71393145138,65,0,0.49938833448913,"M",0.22772590268869,0.25,1,"MED HIGH MED",NA
66,3,96.1248178354713,66,1,1.49745765985883,"FISHED",0.296137947961688,0.25,1,"MED HIGH MED",NA
66,4,96.8900488946989,66,1,1.50158812888682,"FISHED",0.296137947961688,0.25,1,"MED HIGH MED",NA
66,5,62.2504652851576,65,0,0.500307960604557,"M",0.22772590268869,0.25,1,"MED HIGH MED",NA
67,1,63.3615491904827,66,0,0.500656455157892,"M",0.296137947961688,0.25,1,"MED HIGH MED",NA
67,2,104.506372841245,67,1,1.49881992128909,"FISHED",0.3456457169028,0.25,1,"MED HIGH MED",NA
67,3,98.7369409423228,67,1,1.49964785344258,"FISHED",0.3456457169028,0.25,1,"MED HIGH MED",NA
67,4,62.6673951015538,66,0,0.500811481311924,"FISHED",0.296137947961688,0.25,1,"MED HIGH MED",NA
67,5,202.278300940546,74,8,8.50107711799826,"FISHED",0.343001167406328,0.25,1,"MED HIGH MED",NA
67,6,62.8906228570775,66,0,0.498003943258958,"FISHED",0.296137947961688,0.25,1,"MED HIGH MED",NA
67,7,94.9196805305793,67,1,1.49928589230853,"FISHED",0.3456457169028,0.25,1,"MED HIGH MED",NA
67,8,127.910150547053,69,3,3.49972947701679,"FISHED",0.359000126831234,0.25,1,"MED HIGH MED",NA
68,1,61.5220272306475,67,0,0.499173150578552,"FISHED",0.3456457169028,0.25,1,"MED HIGH MED",NA
68,2,61.1910828858468,67,0,0.500365466831589,"M",0.3456457169028,0.25,1,"MED HIGH MED",NA
68,3,61.9883608232509,67,0,0.502484263777441,"M",0.3456457169028,0.25,1,"MED HIGH MED",NA
68,4,62.6769412198151,67,0,0.499974720805779,"FISHED",0.3456457169028,0.25,1,"MED HIGH MED",NA
68,5,64.0502548535854,67,0,0.499511194297724,"M",0.3456457169028,0.25,1,"MED HIGH MED",NA
68,6,64.3548940899139,67,0,0.497722321867253,"M",0.3456457169028,0.25,1,"MED HIGH MED",NA
68,7,61.9965766517824,67,0,0.499435885065565,"FISHED",0.3456457169028,0.25,1,"MED HIGH MED",NA
68,8,103.314249382493,68,1,1.49910614396296,"M",0.370625088899396,0.25,1,"MED HIGH MED",NA
68,9,102.213048232723,68,1,1.50046316958727,"M",0.370625088899396,0.25,1,"MED HIGH MED",NA
68,10,100.806957209551,68,1,1.49784526263832,"FISHED",0.370625088899396,0.25,1,"MED HIGH MED",NA
69,1,98.7489314798334,69,1,1.4992529514724,"FISHED",0.359000126831234,0.25,1,"MED HIGH MED",NA
69,2,63.5701182102407,68,0,0.500443586989909,"M",0.370625088899396,0.25,1,"MED HIGH MED",NA
69,3,93.9384896685528,69,1,1.49907247447623,"M",0.359000126831234,0.25,1,"MED HIGH MED",NA
69,4,62.3149371267271,68,0,0.500642034961478,"FISHED",0.370625088899396,0.25,1,"MED HIGH MED",NA
69,5,125.006901757439,70,2,2.50029103577176,"FISHED",0.393461819854565,0.25,1,"MED HIGH MED",NA
69,6,124.474293808865,70,2,2.50090539923348,"M",0.393461819854565,0.25,1,"MED HIGH MED",NA
69,7,63.4983398642168,68,0,0.50152361270317,"FISHED",0.370625088899396,0.25,1,"MED HIGH MED",NA
69,8,92.0465719719958,69,1,1.50001148931057,"M",0.359000126831234,0.25,1,"MED HIGH MED",NA
69,9,123.272903848354,70,2,2.49836223083758,"M",0.393461819854565,0.25,1,"MED HIGH MED",NA
70,1,104.0799985789,70,1,1.49991154939107,"M",0.393461819854565,0.25,1,"MED HIGH MED",NA
70,2,131.104415611118,71,2,2.5008949138096,"FISHED",0.366908381483518,0.25,1,"MED HIGH MED",NA
70,3,61.3960113212631,69,0,0.498096735847974,"FISHED",0.359000126831234,0.25,1,"MED HIGH MED",NA
70,4,107.33162980562,70,1,1.4996060468959,"FISHED",0.393461819854565,0.25,1,"MED HIGH MED",NA
70,5,63.0737781658058,69,0,0.498586977923449,"M",0.359000126831234,0.25,1,"MED HIGH MED",NA
70,6,104.150880148514,70,1,1.49804752283857,"FISHED",0.393461819854565,0.25,1,"MED HIGH MED",NA
70,7,101.527658504725,70,1,1.49985282904225,"FISHED",0.393461819854565,0.25,1,"MED HIGH MED",NA
70,8,98.0839489658264,70,1,1.50029129447564,"FISHED",0.393461819854565,0.25,1,"MED HIGH MED",NA
71,1,63.1426960226455,70,0,0.500071079581941,"FISHED",0.393461819854565,0.25,1,"MED HIGH MED",NA
71,2,60.3534939062234,70,0,0.500298705762633,"FISHED",0.393461819854565,0.25,1,"MED HIGH MED",NA
71,3,96.9718004982954,71,1,1.50033558986687,"M",0.366908381483518,0.25,1,"MED HIGH MED",NA
71,4,61.9812070105925,70,0,0.501211941156219,"FISHED",0.393461819854565,0.25,1,"MED HIGH MED",NA
71,5,147.552604654868,73,3,3.49841034344856,"M",0.342683697654866,0.25,1,"MED HIGH MED",NA
71,6,99.0023918983759,71,1,1.50052716433764,"M",0.366908381483518,0.25,1,"MED HIGH MED",NA
72,1,63.6767549194019,71,0,0.500490216735453,"FISHED",0.366908381483518,0.25,1,"MED HIGH MED",NA
72,2,148.980380844686,74,3,3.49997464211131,"FISHED",0.343001167406328,0.25,1,"MED HIGH MED",NA
72,3,64.9818848968042,71,0,0.502997003354811,"FISHED",0.366908381483518,0.25,1,"MED HIGH MED",NA
72,4,98.2014361197279,72,1,1.50082463564035,"FISHED",0.34527238139417,0.25,1,"MED HIGH MED",NA
72,5,91.814538286733,72,1,1.49857417973202,"FISHED",0.34527238139417,0.25,1,"MED HIGH MED",NA
73,1,102.401408383411,73,1,1.50094393120566,"M",0.342683697654866,0.25,1,"MED HIGH MED",NA
73,2,101.78934512249,73,1,1.4979944950711,"M",0.342683697654866,0.25,1,"MED HIGH MED",NA
73,3,142.472215195806,74,2,2.49938219778983,"FISHED",0.343001167406328,0.25,1,"MED HIGH MED",NA
73,4,120.140487661922,74,2,2.49694581748201,"M",0.343001167406328,0.25,1,"MED HIGH MED",NA
73,5,94.3774219209084,73,1,1.49910240432018,"M",0.342683697654866,0.25,1,"MED HIGH MED",NA
73,6,60.4423989436375,72,0,0.498773088228208,"M",0.34527238139417,0.25,1,"MED HIGH MED",NA
74,1,66.727961292035,73,0,0.500956155269994,"M",0.342683697654866,0.25,1,"MED HIGH MED",NA
74,2,195.602491660215,80,7,7.50092538161507,"FISHED",0.308604394411668,0.25,1,"MED HIGH MED",NA
74,3,64.6761411166984,73,0,0.500447888134402,"FISHED",0.342683697654866,0.25,1,"MED HIGH MED",NA
74,4,63.1995637574376,73,0,0.500290135874851,"M",0.342683697654866,0.25,1,"MED HIGH MED",NA
74,5,99.3385210829453,74,1,1.49950790806187,"M",0.343001167406328,0.25,1,"MED HIGH MED",NA
74,6,62.076747077463,73,0,0.50083027105954,"M",0.342683697654866,0.25,1,"MED HIGH MED",NA
74,7,138.419674933435,76,3,3.50005207891424,"M",0.359004457015544,0.25,1,"MED HIGH MED",NA
75,1,93.0761326046421,75,1,1.49854288587071,"M",0.386739524127916,0.25,1,"MED HIGH MED",NA
75,2,59.9893526664582,74,0,0.500973686213284,"FISHED",0.343001167406328,0.25,1,"MED HIGH MED",NA
75,3,178.439375818151,78,4,4.50002851322184,"FISHED",0.317717517446727,0.25,1,"MED HIGH MED",NA
75,4,63.5521130123377,74,0,0.496891229181265,"FISHED",0.343001167406328,0.25,1,"MED HIGH MED",NA
75,5,60.4359089465672,74,0,0.50065826867521,"FISHED",0.343001167406328,0.25,1,"MED HIGH MED",NA
75,6,62.2433286153328,74,0,0.50041445403192,"M",0.343001167406328,0.25,1,"MED HIGH MED",NA
75,7,144.355388569081,77,3,3.50168734048411,"FISHED",0.313197731669061,0.25,1,"MED HIGH MED",NA
75,8,64.704165149703,74,0,0.498418032284395,"M",0.343001167406328,0.25,1,"MED HIGH MED",NA
76,1,179.11290917838,79,4,4.50320010340661,"M",0.381714136782102,0.25,1,"MED HIGH MED",NA
76,2,112.123369872308,77,2,2.50033921338541,"M",0.313197731669061,0.25,1,"MED HIGH MED",NA
76,3,62.1222068186887,75,0,0.50041738997959,"FISHED",0.386739524127916,0.25,1,"MED HIGH MED",NA
76,4,103.67512586025,76,1,1.49830782091041,"M",0.359004457015544,0.25,1,"MED HIGH MED",NA
76,5,98.5045839872779,76,1,1.50003555125397,"M",0.359004457015544,0.25,1,"MED HIGH MED",NA
76,6,103.447904728453,76,1,1.49890457116051,"FISHED",0.359004457015544,0.25,1,"MED HIGH MED",NA
76,7,104.063315291409,76,1,1.49985663869503,"FISHED",0.359004457015544,0.25,1,"MED HIGH MED",NA
76,8,61.5095213292415,75,0,0.49930337969559,"M",0.386739524127916,0.25,1,"MED HIGH MED",NA
77,1,63.9868428818173,76,0,0.500185838273051,"FISHED",0.359004457015544,0.25,1,"MED HIGH MED",NA
78,1,97.9208915355953,78,1,1.50130933515277,"FISHED",0.317717517446727,0.25,1,"MED HIGH MED",NA
78,2,166.351739224696,82,5,5.50164710958162,"FISHED",0.36881481835153,0.25,1,"MED HIGH MED",NA
78,3,126.854893004637,79,2,2.50039530358189,"M",0.381714136782102,0.25,1,"MED HIGH MED",NA
78,4,61.7538494772255,77,0,0.500235146598518,"FISHED",0.313197731669061,0.25,1,"MED HIGH MED",NA
79,1,61.8191571707592,78,0,0.501025349992313,"M",0.317717517446727,0.25,1,"MED HIGH MED",NA
79,2,98.3457497249121,79,1,1.50009140514718,"FISHED",0.381714136782102,0.25,1,"MED HIGH MED",NA
79,3,95.3219959985262,79,1,1.49983838876883,"FISHED",0.381714136782102,0.25,1,"MED HIGH MED",NA
79,4,62.5502869492272,78,0,0.501701346372609,"M",0.317717517446727,0.25,1,"MED HIGH MED",NA
79,5,62.0844554009089,78,0,0.500396772938626,"FISHED",0.317717517446727,0.25,1,"MED HIGH MED",NA
79,6,62.7382300631184,78,0,0.499030112769083,"M",0.317717517446727,0.25,1,"MED HIGH MED",NA
79,7,60.2877809075319,78,0,0.50010529953454,"M",0.317717517446727,0.25,1,"MED HIGH MED",NA
79,8,162.110278475201,82,4,4.49947509368648,"M",0.36881481835153,0.25,1,"MED HIGH MED",NA
80,1,58.7392500806051,79,0,0.499346483983418,"M",0.381714136782102,0.25,1,"MED HIGH MED",NA
80,2,122.241100268793,81,2,2.49888811070182,"FISHED",0.363966205529869,0.25,1,"MED HIGH MED",NA
80,3,97.9701558603903,80,1,1.5011851911751,"FISHED",0.308604394411668,0.25,1,"MED HIGH MED",NA
80,4,94.6323811164405,80,1,1.49987104383511,"M",0.308604394411668,0.25,1,"MED HIGH MED",NA
80,5,96.010892347618,80,1,1.50119176663251,"M",0.308604394411668,0.25,1,"MED HIGH MED",NA
80,6,62.6459511347998,79,0,0.501913048670405,"FISHED",0.381714136782102,0.25,1,"MED HIGH MED",NA
80,7,94.6332609939372,80,1,1.5000780865124,"M",0.308604394411668,0.25,1,"MED HIGH MED",NA
80,8,58.2013264325445,79,0,0.499804142642816,"M",0.381714136782102,0.25,1,"MED HIGH MED",NA
80,9,60.2404447578487,79,0,0.499682919260439,"M",0.381714136782102,0.25,1,"MED HIGH MED",NA
81,1,131.376699425064,82,2,2.49980719598176,"FISHED",0.36881481835153,0.25,1,"MED HIGH MED",NA
81,2,124.981769811528,82,2,2.49898136513194,"FISHED",0.36881481835153,0.25,1,"MED HIGH MED",NA
81,3,62.7900217532662,80,0,0.501269303346039,"M",0.308604394411668,0.25,1,"MED HIGH MED",NA
81,4,95.2906543602171,81,1,1.49910444236108,"FISHED",0.363966205529869,0.25,1,"MED HIGH MED",NA
81,5,166.967411299169,85,5,5.50000639512034,"M",0.250902118044905,0.25,1,"MED HIGH MED",NA
81,6,146.441278335017,83,3,3.50005418945253,"FISHED",0.353780815238133,0.25,1,"MED HIGH MED",NA
81,7,155.80553090875,83,3,3.50130243647185,"FISHED",0.353780815238133,0.25,1,"MED HIGH MED",NA
81,8,93.5193328891024,81,1,1.50029683604754,"FISHED",0.363966205529869,0.25,1,"MED HIGH MED",NA
82,1,63.7585238070112,81,0,0.500381723208353,"M",0.363966205529869,0.25,1,"MED HIGH MED",NA
82,2,60.7784516053716,81,0,0.499511468144845,"M",0.363966205529869,0.25,1,"MED HIGH MED",NA
82,3,63.3783151476381,81,0,0.499178151698199,"FISHED",0.363966205529869,0.25,1,"MED HIGH MED",NA
82,4,130.685655437686,83,2,2.50057783288927,"M",0.353780815238133,0.25,1,"MED HIGH MED",NA
82,5,62.7236757851664,81,0,0.502474987300612,"M",0.363966205529869,0.25,1,"MED HIGH MED",NA
82,6,90.4801811607208,82,1,1.50026864667162,"FISHED",0.36881481835153,0.25,1,"MED HIGH MED",NA
82,7,125.242328930859,83,2,2.49992441027298,"FISHED",0.353780815238133,0.25,1,"MED HIGH MED",NA
83,1,98.6769092892732,83,1,1.49979457196159,"M",0.353780815238133,0.25,1,"MED HIGH MED",NA
83,2,61.0660109817883,82,0,0.501003402079408,"M",0.36881481835153,0.25,1,"MED HIGH MED",NA
83,3,61.5571078263772,82,0,0.499715831263509,"M",0.36881481835153,0.25,1,"MED HIGH MED",NA
83,4,64.0227275161175,82,0,0.498483006892926,"FISHED",0.36881481835153,0.25,1,"MED HIGH MED",NA
83,5,92.7107681358049,83,1,1.49970808750425,"M",0.353780815238133,0.25,1,"MED HIGH MED",NA
84,1,66.3428266584149,83,0,0.499060396425233,"FISHED",0.353780815238133,0.25,1,"MED HIGH MED",NA
84,2,100.369106593014,84,1,1.49966363212985,"FISHED",0.297067240299657,0.25,1,"MED HIGH MED",NA
84,3,96.9954341400318,84,1,1.49777759598616,"M",0.297067240299657,0.25,1,"MED HIGH MED",NA
84,4,133.790509068918,85,2,2.50096033677588,"M",0.250902118044905,0.25,1,"MED HIGH MED",NA
84,5,60.5313136406217,83,0,0.499019943956568,"FISHED",0.353780815238133,0.25,1,"MED HIGH MED",NA
84,6,121.125694998563,85,2,2.49876502021429,"M",0.250902118044905,0.25,1,"MED HIGH MED",NA
84,7,119.417191006717,85,2,2.49869702858299,"FISHED",0.250902118044905,0.25,1,"MED HIGH MED",NA
84,8,222.413787433765,91,8,8.50059347293706,"FISHED",0.287793597276323,0.25,1,"MED HIGH MED",NA
85,1,64.8264839491236,84,0,0.500723354410898,"FISHED",0.297067240299657,0.25,1,"MED HIGH MED",NA
85,2,94.471986264213,85,1,1.4999326873257,"M",0.250902118044905,0.25,1,"MED HIGH MED",NA
85,3,63.6054900595804,84,0,0.498609292783794,"M",0.297067240299657,0.25,1,"MED HIGH MED",NA
85,4,156.281391525844,88,4,4.49989490193777,"FISHED",0.23448703174945,0.25,1,"MED HIGH MED",NA
85,5,99.2774219600372,85,1,1.49890127170218,"M",0.250902118044905,0.25,1,"MED HIGH MED",NA
85,6,62.5416186890685,84,0,0.500105530345525,"FISHED",0.297067240299657,0.25,1,"MED HIGH MED",NA
85,7,162.761624493217,87,3,3.50089627649887,"M",0.261892261705361,0.25,1,"MED HIGH MED",NA
86,1,98.8496503027201,86,1,1.50047206675981,"M",0.258289640652947,0.25,1,"MED HIGH MED",NA
86,2,63.5524158639321,85,0,0.499526627361959,"M",0.250902118044905,0.25,1,"MED HIGH MED",NA
86,3,98.9010729121775,86,1,1.50202932629846,"M",0.258289640652947,0.25,1,"MED HIGH MED",NA
86,4,62.4000191623908,85,0,0.500171192834843,"M",0.250902118044905,0.25,1,"MED HIGH MED",NA
87,1,178.543666124574,91,5,5.49894278505724,"M",0.287793597276323,0.25,1,"MED HIGH MED",NA
87,2,60.3195892732873,86,0,0.500392231605434,"M",0.258289640652947,0.25,1,"MED HIGH MED",NA
87,3,62.9384854430619,86,0,0.500017263073981,"FISHED",0.258289640652947,0.25,1,"MED HIGH MED",NA
87,4,60.1545998789654,86,0,0.500074368549387,"M",0.258289640652947,0.25,1,"MED HIGH MED",NA
87,5,134.090476720203,88,2,2.49942278227855,"M",0.23448703174945,0.25,1,"MED HIGH MED",NA
87,6,104.532881581184,87,1,1.50079713298414,"M",0.261892261705361,0.25,1,"MED HIGH MED",NA
88,1,61.9401167875267,87,0,0.502210617058019,"FISHED",0.261892261705361,0.25,1,"MED HIGH MED",NA
88,2,62.4710379289296,87,0,0.499107095600564,"FISHED",0.261892261705361,0.25,1,"MED HIGH MED",NA
88,3,125.052463418389,89,2,2.50059111539952,"M",0.201420677429996,0.25,1,"MED HIGH MED",NA
88,4,132.079821977369,89,2,2.49916123145992,"FISHED",0.201420677429996,0.25,1,"MED HIGH MED",NA
88,5,62.5098505605833,87,0,0.499929184565646,"M",0.261892261705361,0.25,1,"MED HIGH MED",NA
88,6,95.9441193330426,88,1,1.49814015292283,"FISHED",0.23448703174945,0.25,1,"MED HIGH MED",NA
89,1,96.2017722624697,89,1,1.50007002649412,"M",0.201420677429996,0.25,1,"MED HIGH MED",NA
89,2,134.814006958238,90,2,2.5013452002602,"M",0.218686466640793,0.25,1,"MED HIGH MED",NA
89,3,146.807336695697,91,3,3.50208236537399,"FISHED",0.287793597276323,0.25,1,"MED HIGH MED",NA
89,4,98.5436717495374,89,1,1.50002258884186,"FISHED",0.201420677429996,0.25,1,"MED HIGH MED",NA
89,5,62.1255673715499,88,0,0.500334824564317,"FISHED",0.23448703174945,0.25,1,"MED HIGH MED",NA
89,6,61.7295085029082,88,0,0.502181103812559,"FISHED",0.23448703174945,0.25,1,"MED HIGH MED",NA
89,7,95.5633960301123,89,1,1.50003649920983,"FISHED",0.201420677429996,0.25,1,"MED HIGH MED",NA
89,8,62.3188800009504,88,0,0.499959989925893,"M",0.23448703174945,0.25,1,"MED HIGH MED",NA
90,1,62.6330418993335,89,0,0.50179212316911,"M",0.201420677429996,0.25,1,"MED HIGH MED",NA
90,2,170.307380966533,93,4,4.5002389218949,"M",0.273067538370378,0.25,1,"MED HIGH MED",NA
90,3,101.559134384007,90,1,1.50102474744448,"FISHED",0.218686466640793,0.25,1,"MED HIGH MED",NA
90,4,61.9273396872321,89,0,0.500471631223399,"FISHED",0.201420677429996,0.25,1,"MED HIGH MED",NA
90,5,125.076499719443,91,2,2.49857134806302,"M",0.287793597276323,0.25,1,"MED HIGH MED",NA
90,6,124.270341998609,91,2,2.50117488590959,"M",0.287793597276323,0.25,1,"MED HIGH MED",NA
90,7,224.312997963944,97,8,8.50087577292178,"FISHED",0.282707607001066,0.25,1,"MED HIGH MED",NA
90,8,63.5583235944493,89,0,0.499253214456626,"M",0.201420677429996,0.25,1,"MED HIGH MED",NA
91,1,62.6674537307396,90,0,0.500380663010616,"M",0.218686466640793,0.25,1,"MED HIGH MED",NA
91,2,94.3163944132696,91,1,1.50172775172372,"M",0.287793597276323,0.25,1,"MED HIGH MED",NA
91,3,62.0377494584316,90,0,0.500552666020307,"M",0.218686466640793,0.25,1,"MED HIGH MED",NA
91,4,65.7296250896391,90,0,0.500507932124457,"M",0.218686466640793,0.25,1,"MED HIGH MED",NA
91,5,101.597047841793,91,1,1.49956037533742,"M",0.287793597276323,0.25,1,"MED HIGH MED",NA
91,6,133.619734235391,92,2,2.49959766451732,"M",0.246652003889903,0.25,1,"MED HIGH MED",NA
91,7,151.447259776247,96,6,6.49822063623776,"FISHED",0.292162504326552,0.25,1,"MED HIGH MED",NA
91,8,102.689167223752,91,1,1.498268505491,"FISHED",0.287793597276323,0.25,1,"MED HIGH MED",NA
91,9,61.954643220908,90,0,0.499150857022719,"FISHED",0.218686466640793,0.25,1,"MED HIGH MED",NA
92,1,138.805243437129,94,3,3.500068837455,"FISHED",0.282390211825259,0.25,1,"MED HIGH MED",NA
92,2,62.413032392124,91,0,0.500735954874271,"M",0.287793597276323,0.25,1,"MED HIGH MED",NA
92,3,63.8049043898078,91,0,0.500067557588552,"M",0.287793597276323,0.25,1,"MED HIGH MED",NA
92,4,61.8032024718285,91,0,0.499930948966137,"M",0.287793597276323,0.25,1,"MED HIGH MED",NA
92,5,141.937919564687,94,3,3.49822753104204,"M",0.282390211825259,0.25,1,"MED HIGH MED",NA
92,6,128.15317143856,93,2,2.49980961657047,"FISHED",0.273067538370378,0.25,1,"MED HIGH MED",NA
92,7,98.7636337234567,92,1,1.49962806062708,"M",0.246652003889903,0.25,1,"MED HIGH MED",NA
92,8,62.9797729004953,91,0,0.499131843707959,"FISHED",0.287793597276323,0.25,1,"MED HIGH MED",NA
92,9,61.0658926443167,91,0,0.49986589658859,"M",0.287793597276323,0.25,1,"MED HIGH MED",NA
93,1,63.4749478804557,92,0,0.499711211586673,"FISHED",0.246652003889903,0.25,1,"MED HIGH MED",NA
93,2,65.2704350001237,92,0,0.499785677404021,"FISHED",0.246652003889903,0.25,1,"MED HIGH MED",NA
93,3,150.586742017632,95,3,3.50259976711727,"M",0.208190902043134,0.25,1,"MED HIGH MED",NA
93,4,62.1861231087652,92,0,0.499563907934747,"M",0.246652003889903,0.25,1,"MED HIGH MED",NA
93,5,62.4173507518825,92,0,0.499851894528303,"FISHED",0.246652003889903,0.25,1,"MED HIGH MED",NA
93,6,101.444172785878,93,1,1.50094828744247,"M",0.273067538370378,0.25,1,"MED HIGH MED",NA
93,7,144.443010823133,95,3,3.49902314169112,"M",0.208190902043134,0.25,1,"MED HIGH MED",NA
93,8,62.1499704230213,92,0,0.500229908109215,"FISHED",0.246652003889903,0.25,1,"MED HIGH MED",NA
93,9,61.1364028154885,92,0,0.499848731130208,"M",0.246652003889903,0.25,1,"MED HIGH MED",NA
93,10,101.249831167862,93,1,1.49884148508824,"FISHED",0.273067538370378,0.25,1,"MED HIGH MED",NA
94,1,63.1036990272505,93,0,0.498907304033515,"M",0.273067538370378,0.25,1,"MED HIGH MED",NA
94,2,119.265754045101,95,2,2.50231543470351,"M",0.208190902043134,0.25,1,"MED HIGH MED",NA
94,3,99.6014103319751,94,1,1.50114830327996,"M",0.282390211825259,0.25,1,"MED HIGH MED",NA
94,4,155.130934343512,96,3,3.49891526707401,"FISHED",0.292162504326552,0.25,1,"MED HIGH MED",NA
94,5,126.465584509248,95,2,2.49872913601332,"FISHED",0.208190902043134,0.25,1,"MED HIGH MED",NA
94,6,128.470127540208,95,2,2.50046294050163,"M",0.208190902043134,0.25,1,"MED HIGH MED",NA
95,1,100.616918411228,95,1,1.50098031915733,"M",0.208190902043134,0.25,1,"MED HIGH MED",NA
95,2,66.3789039262654,94,0,0.500128427530776,"FISHED",0.282390211825259,0.25,1,"MED HIGH MED",NA
95,3,62.3040084521834,94,0,0.500105840801855,"M",0.282390211825259,0.25,1,"MED HIGH MED",NA
95,4,167.214931112289,98,4,4.50171577525279,"M",0.246331886481494,0.25,1,"MED HIGH MED",NA
95,5,63.1873127499868,94,0,0.500894574354206,"FISHED",0.282390211825259,0.25,1,"MED HIGH MED",NA
95,6,62.0124828648332,94,0,0.498588751368086,"FISHED",0.282390211825259,0.25,1,"MED HIGH MED",NA
95,7,95.2577056318808,95,1,1.50014017569971,"M",0.208190902043134,0.25,1,"MED HIGH MED",NA
95,8,59.9491745173897,94,0,0.498309994040773,"FISHED",0.282390211825259,0.25,1,"MED HIGH MED",NA
95,9,61.0473479125797,94,0,0.499589200589696,"FISHED",0.282390211825259,0.25,1,"MED HIGH MED",NA
96,1,100.43370023426,96,1,1.50006953980138,"M",0.292162504326552,0.25,1,"MED HIGH MED",NA
96,2,171.763153790732,99,4,4.50156806156433,"M",0.275300976168364,0.25,1,"MED HIGH MED",NA
96,3,63.3083415993131,95,0,0.498967361587031,"FISHED",0.208190902043134,0.25,1,"MED HIGH MED",NA
96,4,60.2527825752552,95,0,0.50004517905,"M",0.208190902043134,0.25,1,"MED HIGH MED",NA
96,5,62.8753287649509,95,0,0.498537979335862,"M",0.208190902043134,0.25,1,"MED HIGH MED",NA
96,6,63.3177514210199,95,0,0.501112889505656,"M",0.208190902043134,0.25,1,"MED HIGH MED",NA
96,7,63.6883462982348,95,0,0.499248519693947,"FISHED",0.208190902043134,0.25,1,"MED HIGH MED",NA
96,8,62.0774074272887,95,0,0.500411434879366,"M",0.208190902043134,0.25,1,"MED HIGH MED",NA
96,9,59.5716770533661,95,0,0.500026783074376,"M",0.208190902043134,0.25,1,"MED HIGH MED",NA
97,1,122.671161442143,98,2,2.50119176627657,"M",0.246331886481494,0.25,1,"MED HIGH MED",NA
97,2,141.223801328736,100,4,4.4995015733372,"FISHED",0.236578147672117,0.25,1,"MED HIGH MED",NA
97,3,123.932557635721,98,2,2.49894163350573,"M",0.246331886481494,0.25,1,"MED HIGH MED",NA
97,4,61.0262281139284,96,0,0.499086143712784,"FISHED",0.292162504326552,0.25,1,"MED HIGH MED",NA
97,5,61.4138783501685,96,0,0.498957515107491,"FISHED",0.292162504326552,0.25,1,"MED HIGH MED",NA
97,6,129.774495353443,98,2,2.49989210244333,"M",0.246331886481494,0.25,1,"MED HIGH MED",NA
97,7,63.8358858775023,96,0,0.498987139187824,"M",0.292162504326552,0.25,1,"MED HIGH MED",NA
97,8,100.581588124938,97,1,1.50023659234224,"M",0.282707607001066,0.25,1,"MED HIGH MED",NA
97,9,101.113752387333,97,1,1.49896568390359,"M",0.282707607001066,0.25,1,"MED HIGH MED",NA
98,1,96.5507075714863,98,1,1.49988748507495,"M",0.246331886481494,0.25,1,"MED HIGH MED",NA
98,2,63.2042736920283,97,0,0.498984493215577,"FISHED",0.282707607001066,0.25,1,"MED HIGH MED",NA
98,3,98.6640057831094,98,1,1.49857790159571,"M",0.246331886481494,0.25,1,"MED HIGH MED",NA
98,4,97.7183070356864,98,1,1.50019071349926,"M",0.246331886481494,0.25,1,"MED HIGH MED",NA
98,5,63.1768637779707,97,0,0.499698004201019,"M",0.282707607001066,0.25,1,"MED HIGH MED",NA
98,6,95.5023381961914,98,1,1.49963384814999,"M",0.246331886481494,0.25,1,"MED HIGH MED",NA
98,7,98.0447721448978,98,1,1.49868464760342,"M",0.246331886481494,0.25,1,"MED HIGH MED",NA
98,8,61.8638527918834,97,0,0.498022419628487,"FISHED",0.282707607001066,0.25,1,"MED HIGH MED",NA
98,9,63.6003664449204,97,0,0.499596468590615,"M",0.282707607001066,0.25,1,"MED HIGH MED",NA
98,10,119.995106889817,99,2,2.49895791637983,"M",0.275300976168364,0.25,1,"MED HIGH MED",NA
99,1,63.384325490639,98,0,0.499868141234682,"FISHED",0.246331886481494,0.25,1,"MED HIGH MED",NA
99,2,99.7912227602983,99,1,1.50055884344552,"M",0.275300976168364,0.25,1,"MED HIGH MED",NA
99,3,93.5913813776016,99,1,1.49904138358952,"FISHED",0.275300976168364,0.25,1,"MED HIGH MED",NA
99,4,126.948718816323,100,2,2.49949798972527,"M",0.236578147672117,0.25,1,"MED HIGH MED",NA
99,5,128.906628830998,100,2,2.50062580851199,"FISHED",0.236578147672117,0.25,1,"MED HIGH MED",NA
99,6,118.282946047409,100,2,2.50078418962182,"FISHED",0.236578147672117,0.25,1,"MED HIGH MED",NA
99,7,101.993167184939,99,1,1.50132945418233,"M",0.275300976168364,0.25,1,"MED HIGH MED",NA
99,8,63.3534108730043,98,0,0.499751478090757,"FISHED",0.246331886481494,0.25,1,"MED HIGH MED",NA
99,9,113.483601496223,100,2,2.50031592209773,"M",0.236578147672117,0.25,1,"MED HIGH MED",NA
99,10,95.311523227334,99,1,1.50008559358291,"M",0.275300976168364,0.25,1,"MED HIGH MED",NA
100,1,61.5938485081136,99,0,0.498019117841044,"M",0.275300976168364,0.25,1,"MED HIGH MED",NA
100,2,64.4984533681046,99,0,0.501032078400677,"FISHED",0.275300976168364,0.25,1,"MED HIGH MED",NA
100,3,62.438615826614,99,0,0.499725218630642,"M",0.275300976168364,0.25,1,"MED HIGH MED",NA
100,4,95.4267393342664,100,1,1.49967405777988,"M",0.236578147672117,0.25,1,"MED HIGH MED",NA
100,5,63.4994686652512,99,0,0.501476453683919,"FISHED",0.275300976168364,0.25,1,"MED HIGH MED",NA
100,6,64.3075576695645,99,0,0.500021795815049,"FISHED",0.275300976168364,0.25,1,"MED HIGH MED",NA
100,7,60.8579340180488,99,0,0.499761569533494,"M",0.275300976168364,0.25,1,"MED HIGH MED",NA
100,8,64.1422923183536,99,0,0.499471652794605,"M",0.275300976168364,0.25,1,"MED HIGH MED",NA
