"cohort","ind","fish_size","Year","Age","AgeE","dtype","FMORT","M","Sel","FSIM","REG"
1,1,216.830188695761,9,9,9.49957407807112,"M",0,0.25,1,"LOW HIGH LOW",NA
1,2,97.326193666732,1,1,1.5010678484029,"M",0,0.25,1,"LOW HIGH LOW",NA
1,3,93.9063099220153,1,1,1.49906268577129,"M",0,0.25,1,"LOW HIGH LOW",NA
1,4,188.054282639472,7,7,7.4997397473955,"M",0,0.25,1,"LOW HIGH LOW",NA
1,5,63.1759413386667,0,0,0.497786066556349,"M",0,0.25,1,"LOW HIGH LOW",NA
1,6,98.511643042945,1,1,1.49899081724878,"M",0,0.25,1,"LOW HIGH LOW",NA
1,7,149.569938787583,4,4,4.49927820972241,"M",0,0.25,1,"LOW HIGH LOW",NA
1,8,61.1514284637043,0,0,0.500619701754496,"M",0,0.25,1,"LOW HIGH LOW",NA
1,9,94.2812191365833,1,1,1.50046879645214,"M",0,0.25,1,"LOW HIGH LOW",NA
1,10,120.822306243514,2,2,2.49868958066853,"M",0,0.25,1,"LOW HIGH LOW",NA
2,1,99.2629838961345,2,1,1.50011787129887,"M",0,0.25,1,"LOW HIGH LOW",NA
2,2,100.589625816728,2,1,1.4994028094835,"M",0,0.25,1,"LOW HIGH LOW",NA
2,3,60.6350712189062,1,0,0.499921734937984,"M",0,0.25,1,"LOW HIGH LOW",NA
2,4,107.138699935303,2,1,1.50005957894819,"M",0,0.25,1,"LOW HIGH LOW",NA
2,5,93.1681919281616,2,1,1.50204877938116,"M",0,0.25,1,"LOW HIGH LOW",NA
2,6,63.9812202151751,1,0,0.498592022569348,"M",0,0.25,1,"LOW HIGH LOW",NA
2,7,168.861788230148,4,3,3.49766686298608,"M",0,0.25,1,"LOW HIGH LOW",NA
2,8,138.270697634964,4,3,3.49968812734482,"M",0,0.25,1,"LOW HIGH LOW",NA
2,9,61.5644019732532,1,0,0.501237643148033,"M",0,0.25,1,"LOW HIGH LOW",NA
2,10,60.4716592682134,1,0,0.500636315679897,"M",0,0.25,1,"LOW HIGH LOW",NA
2,11,127.045051403381,3,2,2.50111702990454,"M",0,0.25,1,"LOW HIGH LOW",NA
3,1,223.3834459389,11,9,9.49997831055604,"M",0,0.25,1,"LOW HIGH LOW",NA
3,2,61.3602840000064,2,0,0.500111368653849,"M",0,0.25,1,"LOW HIGH LOW",NA
3,3,98.3238415580019,3,1,1.49866238231084,"M",0,0.25,1,"LOW HIGH LOW",NA
3,4,172.361934759507,7,5,5.50034111110843,"M",0,0.25,1,"LOW HIGH LOW",NA
3,5,214.941259055415,11,9,9.49891005045563,"M",0,0.25,1,"LOW HIGH LOW",NA
3,6,191.297402054515,8,6,6.49975313759457,"M",0,0.25,1,"LOW HIGH LOW",NA
3,7,99.895965837182,3,1,1.49966297633025,"M",0,0.25,1,"LOW HIGH LOW",NA
3,8,153.846641900566,5,3,3.49880151544034,"M",0,0.25,1,"LOW HIGH LOW",NA
3,9,153.706220803325,5,3,3.4992159758478,"M",0,0.25,1,"LOW HIGH LOW",NA
3,10,61.7337799036858,2,0,0.500545293257374,"M",0,0.25,1,"LOW HIGH LOW",NA
3,11,193.124457059341,16,14,14.5007984979142,"M",0,0.25,1,"LOW HIGH LOW",NA
3,12,147.923786443325,5,3,3.50259488040096,"M",0,0.25,1,"LOW HIGH LOW",NA
3,13,147.43340262139,5,3,3.50090413685375,"M",0,0.25,1,"LOW HIGH LOW",NA
4,1,193.417074023569,15,12,12.5006491354275,"M",0,0.25,1,"LOW HIGH LOW",NA
4,2,93.6226527259223,4,1,1.49978768246364,"M",0,0.25,1,"LOW HIGH LOW",NA
4,3,149.257938094536,7,4,4.49952559504893,"M",0,0.25,1,"LOW HIGH LOW",NA
4,4,186.979782539675,7,4,4.49951998056718,"M",0,0.25,1,"LOW HIGH LOW",NA
4,5,62.5798933706728,3,0,0.50046602196012,"M",0,0.25,1,"LOW HIGH LOW",NA
4,6,173.126308157194,7,4,4.49907941427697,"M",0,0.25,1,"LOW HIGH LOW",NA
4,7,230.667011434391,12,9,9.50011637502396,"M",0,0.25,1,"LOW HIGH LOW",NA
4,8,122.827260335536,5,2,2.50032956389354,"M",0,0.25,1,"LOW HIGH LOW",NA
4,9,144.799536514684,6,3,3.50080744199154,"M",0,0.25,1,"LOW HIGH LOW",NA
4,10,125.917489938094,5,2,2.50021766387642,"M",0,0.25,1,"LOW HIGH LOW",NA
4,11,62.0457515052658,3,0,0.499589372016769,"M",0,0.25,1,"LOW HIGH LOW",NA
4,12,250.405033158528,17,14,14.4980852603514,"M",0,0.25,1,"LOW HIGH LOW",NA
5,1,179.065309823495,9,5,5.50032567080224,"M",0,0.25,1,"LOW HIGH LOW",NA
5,2,128.269568992478,6,2,2.49989308125873,"M",0,0.25,1,"LOW HIGH LOW",NA
5,3,97.7140691956541,5,1,1.49896875995874,"M",0,0.25,1,"LOW HIGH LOW",NA
5,4,151.707049375166,7,3,3.50057214157901,"M",0,0.25,1,"LOW HIGH LOW",NA
5,5,187.411381927483,13,9,9.49916381586246,"M",0,0.25,1,"LOW HIGH LOW",NA
5,6,152.726847646206,7,3,3.50092151740054,"M",0,0.25,1,"LOW HIGH LOW",NA
5,7,98.042818716218,5,1,1.5015910816934,"M",0,0.25,1,"LOW HIGH LOW",NA
5,8,146.201581399048,7,3,3.50171087664354,"M",0,0.25,1,"LOW HIGH LOW",NA
5,9,197.987682333736,11,7,7.49972169970841,"M",0,0.25,1,"LOW HIGH LOW",NA
5,10,98.6259566990393,5,1,1.50076021531095,"M",0,0.25,1,"LOW HIGH LOW",NA
5,11,132.546078709416,6,2,2.49902343256879,"M",0,0.25,1,"LOW HIGH LOW",NA
5,12,59.9277198089936,4,0,0.500161769409455,"M",0,0.25,1,"LOW HIGH LOW",NA
6,1,108.695437749082,6,1,1.49918039143244,"M",0,0.25,1,"LOW HIGH LOW",NA
6,2,91.5376730288218,6,1,1.50186799724589,"M",0,0.25,1,"LOW HIGH LOW",NA
6,3,64.6256980642211,5,0,0.50101712754249,"M",0,0.25,1,"LOW HIGH LOW",NA
6,4,96.2513627193151,6,1,1.49997813006951,"M",0,0.25,1,"LOW HIGH LOW",NA
6,5,141.029035923586,8,3,3.49874771718765,"M",0,0.25,1,"LOW HIGH LOW",NA
6,6,62.269372994204,5,0,0.499663507287901,"M",0,0.25,1,"LOW HIGH LOW",NA
6,7,188.459149850959,11,6,6.50029898949321,"M",0,0.25,1,"LOW HIGH LOW",NA
6,8,153.777553265782,8,3,3.50156386789707,"M",0,0.25,1,"LOW HIGH LOW",NA
6,9,203.231306750913,15,10,10.499193448481,"M",0,0.25,1,"LOW HIGH LOW",NA
6,10,101.533850591731,6,1,1.49977574263463,"M",0,0.25,1,"LOW HIGH LOW",NA
7,1,61.4579742982424,6,0,0.501113020919975,"M",0,0.25,1,"LOW HIGH LOW",NA
7,2,64.0091628021943,6,0,0.500912998450772,"M",0,0.25,1,"LOW HIGH LOW",NA
7,3,164.734585339303,10,4,4.4987233083299,"M",0,0.25,1,"LOW HIGH LOW",NA
7,4,130.272047584947,8,2,2.5004060560376,"M",0,0.25,1,"LOW HIGH LOW",NA
7,5,125.654764152059,8,2,2.49902175397857,"M",0,0.25,1,"LOW HIGH LOW",NA
7,6,212.466101736803,12,6,6.50050954543095,"M",0,0.25,1,"LOW HIGH LOW",NA
7,7,98.4293234379277,7,1,1.50000738455089,"M",0,0.25,1,"LOW HIGH LOW",NA
7,8,196.740090106789,12,6,6.50095245309959,"M",0,0.25,1,"LOW HIGH LOW",NA
7,9,170.954696323786,11,5,5.50098464964572,"M",0,0.25,1,"LOW HIGH LOW",NA
7,10,135.529304580393,8,2,2.50036371144362,"M",0,0.25,1,"LOW HIGH LOW",NA
7,11,178.549832547589,10,4,4.49951378261172,"M",0,0.25,1,"LOW HIGH LOW",NA
7,12,121.342622437882,8,2,2.49976850604677,"M",0,0.25,1,"LOW HIGH LOW",NA
7,13,60.5172764304179,6,0,0.50015684707823,"M",0,0.25,1,"LOW HIGH LOW",NA
7,14,100.837713948035,7,1,1.50092451276329,"M",0,0.25,1,"LOW HIGH LOW",NA
8,1,167.766314413145,11,4,4.50145241058846,"M",0,0.25,1,"LOW HIGH LOW",NA
8,2,200.289937818781,12,5,5.50107972376,"M",0,0.25,1,"LOW HIGH LOW",NA
8,3,150.07642686987,10,3,3.50012308835156,"M",0,0.25,1,"LOW HIGH LOW",NA
8,4,126.885200870511,9,2,2.50110457273121,"M",0,0.25,1,"LOW HIGH LOW",NA
8,5,159.8862520425,12,5,5.50050946021934,"M",0,0.25,1,"LOW HIGH LOW",NA
8,6,199.852338310131,12,5,5.50014517672103,"M",0,0.25,1,"LOW HIGH LOW",NA
8,7,63.7256886727611,7,0,0.500694393033542,"M",0,0.25,1,"LOW HIGH LOW",NA
8,8,100.918760441169,8,1,1.50103064675938,"M",0,0.25,1,"LOW HIGH LOW",NA
8,9,61.4573272043733,7,0,0.499006234685389,"M",0,0.25,1,"LOW HIGH LOW",NA
8,10,173.637509238546,11,4,4.4990155302152,"M",0,0.25,1,"LOW HIGH LOW",NA
8,11,150.169466503776,10,3,3.49948351675831,"M",0,0.25,1,"LOW HIGH LOW",NA
8,12,175.864001409051,12,5,5.50118527454284,"M",0,0.25,1,"LOW HIGH LOW",NA
8,13,162.433729497559,10,3,3.50103568241087,"M",0,0.25,1,"LOW HIGH LOW",NA
9,1,124.948220883883,10,2,2.50172196295288,"M",0,0.25,1,"LOW HIGH LOW",NA
9,2,141.498776111315,11,3,3.50066786899613,"M",0,0.25,1,"LOW HIGH LOW",NA
9,3,131.416913747365,10,2,2.50144415180881,"M",0,0.25,1,"LOW HIGH LOW",NA
9,4,170.784707424869,13,5,5.5015982173362,"M",0,0.25,1,"LOW HIGH LOW",NA
9,5,119.661679431337,10,2,2.49916560095239,"M",0,0.25,1,"LOW HIGH LOW",NA
9,6,191.88434587919,16,8,8.50141695000216,"M",0,0.25,1,"LOW HIGH LOW",NA
9,7,131.58948990173,10,2,2.49980558934404,"M",0,0.25,1,"LOW HIGH LOW",NA
9,8,123.612077840457,10,2,2.5001065969574,"M",0,0.25,1,"LOW HIGH LOW",NA
9,9,90.068210569953,9,1,1.49878263986393,"M",0,0.25,1,"LOW HIGH LOW",NA
9,10,129.550017888157,10,2,2.50056307086592,"M",0,0.25,1,"LOW HIGH LOW",NA
9,11,147.839642096888,11,3,3.50056427521201,"M",0,0.25,1,"LOW HIGH LOW",NA
9,12,117.648609880765,10,2,2.50041449030812,"M",0,0.25,1,"LOW HIGH LOW",NA
9,13,94.3918636898522,9,1,1.49918534232608,"M",0,0.25,1,"LOW HIGH LOW",NA
9,14,222.730868517172,18,10,10.4988300566933,"M",0,0.25,1,"LOW HIGH LOW",NA
9,15,178.55641444227,15,7,7.50047501414194,"M",0,0.25,1,"LOW HIGH LOW",NA
10,1,197.166931299401,15,6,6.50077943951914,"M",0,0.25,1,"LOW HIGH LOW",NA
10,2,97.298520773427,10,1,1.49950112915441,"M",0,0.25,1,"LOW HIGH LOW",NA
10,3,157.047694338163,14,5,5.49910928755808,"M",0,0.25,1,"LOW HIGH LOW",NA
10,4,169.269407564869,13,4,4.50007934175102,"M",0,0.25,1,"LOW HIGH LOW",NA
10,5,104.178357828979,10,1,1.49938809809124,"M",0,0.25,1,"LOW HIGH LOW",NA
10,6,95.9155863575035,10,1,1.50130133557207,"M",0,0.25,1,"LOW HIGH LOW",NA
10,7,160.013684002361,13,4,4.50083564180963,"M",0,0.25,1,"LOW HIGH LOW",NA
10,8,181.226307661101,17,8,8.50159784021458,"M",0,0.25,1,"LOW HIGH LOW",NA
10,9,63.3462690690903,9,0,0.498619336395434,"M",0,0.25,1,"LOW HIGH LOW",NA
10,10,156.218360263824,13,4,4.49911760568916,"M",0,0.25,1,"LOW HIGH LOW",NA
10,11,130.717979205918,11,2,2.49932087659472,"M",0,0.25,1,"LOW HIGH LOW",NA
10,12,63.7804971454681,9,0,0.500537608432538,"M",0,0.25,1,"LOW HIGH LOW",NA
11,1,60.1814400054356,10,0,0.499108035860908,"M",0,0.25,1,"LOW HIGH LOW",NA
11,2,155.070161309945,13,3,3.49904888594662,"M",0,0.25,1,"LOW HIGH LOW",NA
11,3,93.913755794136,11,1,1.50036522302759,"M",0,0.25,1,"LOW HIGH LOW",NA
11,4,206.654123404346,19,9,9.50021776521889,"M",0,0.25,1,"LOW HIGH LOW",NA
11,5,62.0586277989347,10,0,0.500931729042143,"M",0,0.25,1,"LOW HIGH LOW",NA
11,6,214.450816959776,19,9,9.49912678584027,"M",0,0.25,1,"LOW HIGH LOW",NA
11,7,135.533924185288,13,3,3.49858461132564,"M",0,0.25,1,"LOW HIGH LOW",NA
11,8,159.929988331748,13,3,3.50097637840677,"M",0,0.25,1,"LOW HIGH LOW",NA
11,9,63.0693407822953,10,0,0.497943873611561,"M",0,0.25,1,"LOW HIGH LOW",NA
11,10,94.0925705398428,11,1,1.49961720180842,"M",0,0.25,1,"LOW HIGH LOW",NA
11,11,145.106421535884,13,3,3.49998683580985,"M",0,0.25,1,"LOW HIGH LOW",NA
11,12,63.6468494320269,10,0,0.499525056955823,"M",0,0.25,1,"LOW HIGH LOW",NA
12,1,232.803060579886,19,8,8.50009341291109,"M",0,0.25,1,"LOW HIGH LOW",NA
12,2,100.10515291368,12,1,1.49812985553133,"M",0,0.25,1,"LOW HIGH LOW",NA
12,3,199.080219792645,16,5,5.49995720594152,"M",0,0.25,1,"LOW HIGH LOW",NA
12,4,63.0680764599703,11,0,0.500439263690293,"M",0,0.25,1,"LOW HIGH LOW",NA
12,5,176.487384750087,16,5,5.50114100951763,"M",0,0.25,1,"LOW HIGH LOW",NA
12,6,189.012263827515,17,6,6.500886378135,"M",0,0.25,1,"LOW HIGH LOW",NA
12,7,172.772630811013,15,4,4.4994996954907,"M",0,0.25,1,"LOW HIGH LOW",NA
12,8,61.6185583337221,11,0,0.498958988566331,"M",0,0.25,1,"LOW HIGH LOW",NA
12,9,193.224285178063,17,6,6.50176373100479,"M",0,0.25,1,"LOW HIGH LOW",NA
12,10,121.107265586615,13,2,2.49910024642478,"M",0,0.25,1,"LOW HIGH LOW",NA
12,11,62.4455464633074,11,0,0.498376575428476,"M",0,0.25,1,"LOW HIGH LOW",NA
12,12,143.067992160045,14,3,3.50040458030249,"M",0,0.25,1,"LOW HIGH LOW",NA
13,1,63.0564238351978,12,0,0.499513334018024,"M",0,0.25,1,"LOW HIGH LOW",NA
13,2,204.118732542492,17,5,5.50036093501417,"M",0,0.25,1,"LOW HIGH LOW",NA
13,3,63.871867661328,12,0,0.500341477773426,"M",0,0.25,1,"LOW HIGH LOW",NA
13,4,164.604467385382,16,4,4.50060468038947,"M",0,0.25,1,"LOW HIGH LOW",NA
13,5,62.4174286003398,12,0,0.498754742156086,"M",0,0.25,1,"LOW HIGH LOW",NA
13,6,61.2899758283855,12,0,0.49873290212889,"M",0,0.25,1,"LOW HIGH LOW",NA
13,7,62.1744950503394,12,0,0.500436804485159,"M",0,0.25,1,"LOW HIGH LOW",NA
13,8,196.181695245951,23,11,11.500490766133,"M",0,0.25,1,"LOW HIGH LOW",NA
13,9,121.984672080128,14,2,2.49992161744718,"M",0,0.25,1,"LOW HIGH LOW",NA
13,10,163.719394751671,16,4,4.49957115633987,"M",0,0.25,1,"LOW HIGH LOW",NA
13,11,118.295825914523,14,2,2.50130150627094,"M",0,0.25,1,"LOW HIGH LOW",NA
13,12,208.748855277463,25,13,13.4992087307985,"M",0,0.25,1,"LOW HIGH LOW",NA
13,13,66.2080004035799,12,0,0.500437920385025,"M",0,0.25,1,"LOW HIGH LOW",NA
14,1,61.9733097739466,13,0,0.497829246811307,"M",0,0.25,1,"LOW HIGH LOW",NA
14,2,61.6236836685066,13,0,0.497554978930018,"M",0,0.25,1,"LOW HIGH LOW",NA
14,3,98.3459874524192,14,1,1.50041325802986,"M",0,0.25,1,"LOW HIGH LOW",NA
14,4,92.5284271430313,14,1,1.50012613860142,"M",0,0.25,1,"LOW HIGH LOW",NA
14,5,100.60138335967,14,1,1.4995360198987,"M",0,0.25,1,"LOW HIGH LOW",NA
14,6,96.9164085416346,14,1,1.49952931934312,"M",0,0.25,1,"LOW HIGH LOW",NA
14,7,198.456333650454,22,9,9.49974988559144,"M",0,0.25,1,"LOW HIGH LOW",NA
14,8,159.838005497666,17,4,4.4991422578443,"M",0,0.25,1,"LOW HIGH LOW",NA
14,9,63.3618751537512,13,0,0.499709858947309,"M",0,0.25,1,"LOW HIGH LOW",NA
14,10,174.64370084756,17,4,4.49950295403498,"M",0,0.25,1,"LOW HIGH LOW",NA
14,11,105.176729309708,14,1,1.49994645640443,"M",0,0.25,1,"LOW HIGH LOW",NA
14,12,127.040424953541,15,2,2.49946280629938,"M",0,0.25,1,"LOW HIGH LOW",NA
15,1,208.233327750553,23,9,9.50001554897892,"M",0,0.25,1,"LOW HIGH LOW",NA
15,2,231.52465059593,22,8,8.5000492132267,"M",0,0.25,1,"LOW HIGH LOW",NA
15,3,159.464756138472,18,4,4.49990313954037,"M",0,0.25,1,"LOW HIGH LOW",NA
15,4,103.522678437705,15,1,1.49874803064326,"M",0,0.25,1,"LOW HIGH LOW",NA
15,5,173.872943175651,18,4,4.49796239674817,"M",0,0.25,1,"LOW HIGH LOW",NA
15,6,62.3273451080213,14,0,0.499964191663188,"M",0,0.25,1,"LOW HIGH LOW",NA
15,7,61.0836688263823,14,0,0.500847619942416,"M",0,0.25,1,"LOW HIGH LOW",NA
15,8,63.7026684779653,14,0,0.500183745626919,"M",0,0.25,1,"LOW HIGH LOW",NA
15,9,205.989236820561,28,14,14.499046081969,"M",0,0.25,1,"LOW HIGH LOW",NA
15,10,240.372671544818,28,14,14.4976835569029,"M",0,0.25,1,"LOW HIGH LOW",NA
15,11,118.883558532643,16,2,2.50026996149145,"M",0,0.25,1,"LOW HIGH LOW",NA
15,12,226.231399350678,25,11,11.4988952993363,"M",0,0.25,1,"LOW HIGH LOW",NA
16,1,65.6074288845855,15,0,0.499422476525577,"M",0,0.25,1,"LOW HIGH LOW",NA
16,2,103.64030693583,16,1,1.50078310840833,"M",0,0.25,1,"LOW HIGH LOW",NA
16,3,118.142225242459,17,2,2.49894581528414,"M",0,0.25,1,"LOW HIGH LOW",NA
16,4,120.438825198012,17,2,2.49968767915902,"M",0,0.25,1,"LOW HIGH LOW",NA
16,5,60.9916350238548,15,0,0.498710721690765,"M",0,0.25,1,"LOW HIGH LOW",NA
16,6,102.459033238486,16,1,1.50099210020094,"M",0,0.25,1,"LOW HIGH LOW",NA
16,7,121.355877309263,17,2,2.49984161284186,"M",0,0.25,1,"LOW HIGH LOW",NA
16,8,63.7169636904266,15,0,0.4994144042965,"M",0,0.25,1,"LOW HIGH LOW",NA
16,9,64.7592291681286,15,0,0.500879683718633,"M",0,0.25,1,"LOW HIGH LOW",NA
16,10,128.65300215232,17,2,2.50117203223248,"M",0,0.25,1,"LOW HIGH LOW",NA
16,11,61.7073323436676,15,0,0.499866769536318,"M",0,0.25,1,"LOW HIGH LOW",NA
16,12,176.310936623855,19,4,4.4992675452632,"M",0,0.25,1,"LOW HIGH LOW",NA
16,13,191.269575745898,20,5,5.50227331547,"M",0,0.25,1,"LOW HIGH LOW",NA
17,1,229.073049507132,23,7,7.4984232044504,"M",0,0.25,1,"LOW HIGH LOW",NA
17,2,62.8819112379193,16,0,0.499583112879175,"M",0,0.25,1,"LOW HIGH LOW",NA
17,3,207.588155486425,24,8,8.49833437352431,"M",0,0.25,1,"LOW HIGH LOW",NA
17,4,200.043586377881,24,8,8.49978420534003,"M",0,0.25,1,"LOW HIGH LOW",NA
17,5,64.4434889425776,16,0,0.500382390023725,"M",0,0.25,1,"LOW HIGH LOW",NA
17,6,204.13419522948,26,10,10.5002436793604,"M",0,0.25,1,"LOW HIGH LOW",NA
17,7,161.496801554231,20,4,4.50052891217804,"M",0,0.25,1,"LOW HIGH LOW",NA
17,8,104.22471290819,17,1,1.49989070220146,"M",0,0.25,1,"LOW HIGH LOW",NA
17,9,65.1759405112563,16,0,0.500837347748058,"M",0,0.25,1,"LOW HIGH LOW",NA
17,10,158.807891489088,20,4,4.50080321366179,"M",0,0.25,1,"LOW HIGH LOW",NA
17,11,183.163967016558,20,4,4.50026990892688,"M",0,0.25,1,"LOW HIGH LOW",NA
17,12,64.4406255927754,16,0,0.500127318993254,"M",0,0.25,1,"LOW HIGH LOW",NA
17,13,167.484581987665,20,4,4.49921679888003,"M",0,0.25,1,"LOW HIGH LOW",NA
18,1,62.5425003106907,17,0,0.501929759472761,"M",0,0.25,1,"LOW HIGH LOW",NA
18,2,185.466629409879,24,7,7.5000497686781,"M",0,0.25,1,"LOW HIGH LOW",NA
18,3,125.23661107302,19,2,2.50132140451913,"M",0,0.25,1,"LOW HIGH LOW",NA
18,4,155.262569619784,21,4,4.49882452375949,"M",0,0.25,1,"LOW HIGH LOW",NA
18,5,185.105394325267,24,7,7.50091820745205,"M",0,0.25,1,"LOW HIGH LOW",NA
18,6,200.346367055401,23,6,6.50083006306933,"M",0,0.25,1,"LOW HIGH LOW",NA
18,7,207.850327344109,26,9,9.50004144965845,"M",0,0.25,1,"LOW HIGH LOW",NA
18,8,151.511909746321,20,3,3.50173512152068,"M",0,0.25,1,"LOW HIGH LOW",NA
18,9,148.488740846411,20,3,3.49868154312863,"M",0,0.25,1,"LOW HIGH LOW",NA
18,10,62.2675817495699,17,0,0.501223776723609,"M",0,0.25,1,"LOW HIGH LOW",NA
18,11,132.855156867179,19,2,2.50029929940604,"M",0,0.25,1,"LOW HIGH LOW",NA
18,12,105.432850292047,18,1,1.500337480005,"M",0,0.25,1,"LOW HIGH LOW",NA
19,1,186.042775852431,25,7,7.50091548303589,"M",0,0.25,1,"LOW HIGH LOW",NA
19,2,62.0534884291565,18,0,0.500667443616315,"M",0,0.25,1,"LOW HIGH LOW",NA
19,3,154.668547768213,22,4,4.49955936823315,"M",0,0.25,1,"LOW HIGH LOW",NA
19,4,199.691497105715,23,5,5.49947305009493,"M",0,0.25,1,"LOW HIGH LOW",NA
19,5,158.019172365767,22,4,4.49967965390001,"M",0,0.25,1,"LOW HIGH LOW",NA
19,6,128.247600030636,20,2,2.50001881875881,"M",0,0.25,1,"LOW HIGH LOW",NA
19,7,141.796184154578,20,2,2.50006579987981,"M",0,0.25,1,"LOW HIGH LOW",NA
19,8,169.254452769825,22,4,4.50123256387467,"M",0,0.25,1,"LOW HIGH LOW",NA
19,9,114.347337130576,20,2,2.49830655034612,"M",0,0.25,1,"LOW HIGH LOW",NA
19,10,164.898465248894,22,4,4.49971204248019,"M",0,0.25,1,"LOW HIGH LOW",NA
19,11,158.920753402201,21,3,3.49992213120141,"M",0,0.25,1,"LOW HIGH LOW",NA
20,1,64.7861016474811,19,0,0.498343286212809,"M",0,0.25,1,"LOW HIGH LOW",NA
20,2,218.166149231599,29,10,10.4996865631488,"M",0,0.25,1,"LOW HIGH LOW",NA
20,3,99.0427669297644,20,1,1.50014949205398,"M",0,0.25,1,"LOW HIGH LOW",NA
20,4,194.210765913541,30,11,11.4998937969793,"M",0,0.25,1,"LOW HIGH LOW",NA
20,5,63.1000250673097,19,0,0.500936532768927,"M",0,0.25,1,"LOW HIGH LOW",NA
20,6,211.081719527425,24,5,5.50097923260224,"M",0,0.25,1,"LOW HIGH LOW",NA
20,7,95.1467478635763,20,1,1.50067286422249,"M",0,0.25,1,"LOW HIGH LOW",NA
20,8,173.617820071721,23,4,4.49939077919479,"M",0,0.25,1,"LOW HIGH LOW",NA
20,9,236.594622636872,28,9,9.50037818699215,"M",0,0.25,1,"LOW HIGH LOW",NA
20,10,122.337660079269,21,2,2.50030099189197,"M",0,0.25,1,"LOW HIGH LOW",NA
20,11,148.27476080917,22,3,3.5010218455805,"M",0,0.25,1,"LOW HIGH LOW",NA
20,12,62.4643981320675,19,0,0.500247229430071,"M",0,0.25,1,"LOW HIGH LOW",NA
21,1,63.3322330056095,20,0,0.502461373329386,"M",0,0.25,1,"LOW HIGH LOW",NA
21,2,62.3068428221377,20,0,0.500989186158901,"M",0,0.25,1,"LOW HIGH LOW",NA
21,3,134.554578373443,22,2,2.50068488014414,"M",0,0.25,1,"LOW HIGH LOW",NA
21,4,117.724976386932,22,2,2.50099667071108,"M",0,0.25,1,"LOW HIGH LOW",NA
21,5,158.331391112137,24,4,4.49930950859857,"M",0,0.25,1,"LOW HIGH LOW",NA
21,6,169.334875193587,25,5,5.50058008194752,"M",0,0.25,1,"LOW HIGH LOW",NA
21,7,136.022752732099,23,3,3.49988655185032,"M",0,0.25,1,"LOW HIGH LOW",NA
21,8,122.163578347306,22,2,2.5000520282533,"M",0,0.25,1,"LOW HIGH LOW",NA
21,9,59.9894998535448,20,0,0.499493200735562,"M",0,0.25,1,"LOW HIGH LOW",NA
21,10,63.0638139192705,20,0,0.499466983197143,"M",0,0.25,1,"LOW HIGH LOW",NA
22,1,63.3021137558285,21,0,0.500827729997221,"M",0,0.25,1,"LOW HIGH LOW",NA
22,2,62.3733109458245,21,0,0.499986367543358,"M",0,0.25,1,"LOW HIGH LOW",NA
22,3,62.1687454783262,21,0,0.500425043293931,"M",0,0.25,1,"LOW HIGH LOW",NA
22,4,215.008038449891,31,10,10.501455093528,"M",0,0.25,1,"LOW HIGH LOW",NA
22,5,176.584697737376,26,5,5.49917780493472,"M",0,0.25,1,"LOW HIGH LOW",NA
22,6,190.029900839347,28,7,7.49947688154381,"M",0,0.25,1,"LOW HIGH LOW",NA
22,7,119.779401779995,23,2,2.4990613247591,"M",0,0.25,1,"LOW HIGH LOW",NA
22,8,125.701071709079,23,2,2.50256036403297,"M",0,0.25,1,"LOW HIGH LOW",NA
22,9,140.498104441787,23,2,2.50168560621409,"M",0,0.25,1,"LOW HIGH LOW",NA
22,10,61.068841068526,21,0,0.499991538809276,"M",0,0.25,1,"LOW HIGH LOW",NA
22,11,190.255589744216,27,6,6.49785459615243,"M",0,0.25,1,"LOW HIGH LOW",NA
22,12,100.766099700745,22,1,1.49945378680084,"M",0,0.25,1,"LOW HIGH LOW",NA
23,1,63.4181404469781,22,0,0.498961291643539,"M",0,0.25,1,"LOW HIGH LOW",NA
23,2,170.754086771993,29,7,7.49883822759814,"M",0,0.25,1,"LOW HIGH LOW",NA
23,3,59.8216552437136,22,0,0.50006213536257,"M",0,0.25,1,"LOW HIGH LOW",NA
23,4,97.7347128912616,23,1,1.49959836506761,"M",0,0.25,1,"LOW HIGH LOW",NA
23,5,131.01188920181,24,2,2.49856319557917,"M",0,0.25,1,"LOW HIGH LOW",NA
23,6,96.5314554251028,23,1,1.49804752513001,"M",0,0.25,1,"LOW HIGH LOW",NA
23,7,179.594199518012,27,5,5.50112718305411,"M",0,0.25,1,"LOW HIGH LOW",NA
23,8,95.5100247877476,23,1,1.50162431169716,"M",0,0.25,1,"LOW HIGH LOW",NA
23,9,216.15055216701,32,10,10.4962206323971,"M",0,0.25,1,"LOW HIGH LOW",NA
23,10,95.9154799453986,23,1,1.49988695842199,"M",0,0.25,1,"LOW HIGH LOW",NA
23,11,99.1359562675739,23,1,1.49956140660411,"M",0,0.25,1,"LOW HIGH LOW",NA
23,12,102.509305558977,23,1,1.50117236375618,"M",0,0.25,1,"LOW HIGH LOW",NA
23,13,184.021800026629,31,9,9.50031927267008,"M",0,0.25,1,"LOW HIGH LOW",NA
23,14,99.295761823624,23,1,1.49924116502362,"M",0,0.25,1,"LOW HIGH LOW",NA
24,1,125.05623170042,25,2,2.49886014880828,"M",0,0.25,1,"LOW HIGH LOW",NA
24,2,127.518056373063,25,2,2.50143823982322,"M",0,0.25,1,"LOW HIGH LOW",NA
24,3,92.6152744824884,24,1,1.49983590359476,"M",0,0.25,1,"LOW HIGH LOW",NA
24,4,186.597730412266,28,5,5.50083068428813,"M",0,0.25,1,"LOW HIGH LOW",NA
24,5,217.828713046377,36,13,13.5010121488291,"M",0,0.25,1,"LOW HIGH LOW",NA
24,6,155.365686955504,26,3,3.49813338185417,"M",0,0.25,1,"LOW HIGH LOW",NA
24,7,218.054232304111,34,11,11.5001147540416,"M",0,0.25,1,"LOW HIGH LOW",NA
24,8,228.493770652742,34,11,11.4992342654861,"M",0,0.25,1,"LOW HIGH LOW",NA
24,9,127.081131703822,25,2,2.5023976312546,"M",0,0.25,1,"LOW HIGH LOW",NA
24,10,61.6504619801284,23,0,0.499279459684187,"M",0,0.25,1,"LOW HIGH LOW",NA
24,11,196.176897986285,28,5,5.50118861335977,"M",0,0.25,1,"LOW HIGH LOW",NA
24,12,62.3539889115437,23,0,0.499721807284663,"M",0,0.25,1,"LOW HIGH LOW",NA
25,1,154.278251318154,27,3,3.49988937568237,"M",0,0.25,1,"LOW HIGH LOW",NA
25,2,199.633331011778,31,7,7.49916801660643,"M",0,0.25,1,"LOW HIGH LOW",NA
25,3,102.268210397315,25,1,1.50107595063466,"M",0,0.25,1,"LOW HIGH LOW",NA
25,4,100.196625495527,25,1,1.49985268624467,"M",0,0.25,1,"LOW HIGH LOW",NA
25,5,61.7728538538917,24,0,0.499055815683805,"M",0,0.25,1,"LOW HIGH LOW",NA
25,6,97.9324645014566,25,1,1.50156599176294,"M",0,0.25,1,"LOW HIGH LOW",NA
25,7,155.432135147807,27,3,3.50030434396787,"M",0,0.25,1,"LOW HIGH LOW",NA
25,8,62.1447869443488,24,0,0.500427263771694,"M",0,0.25,1,"LOW HIGH LOW",NA
25,9,61.2071597840533,24,0,0.500531281814875,"M",0,0.25,1,"LOW HIGH LOW",NA
25,10,118.251993536326,26,2,2.50020404424689,"M",0,0.25,1,"LOW HIGH LOW",NA
25,11,62.24146051639,24,0,0.50080467041398,"M",0,0.25,1,"LOW HIGH LOW",NA
25,12,131.217458686462,26,2,2.49962199339894,"M",0,0.25,1,"LOW HIGH LOW",NA
25,13,203.885124690331,31,7,7.50045167296213,"M",0,0.25,1,"LOW HIGH LOW",NA
26,1,94.3493521065158,26,1,1.49948201644792,"M",0,0.25,1,"LOW HIGH LOW",NA
26,2,141.531002832318,28,3,3.50194584331827,"M",0,0.25,1,"LOW HIGH LOW",NA
26,3,65.7018203302693,25,0,0.500763220925134,"M",0,0.25,1,"LOW HIGH LOW",NA
26,4,185.149371796285,30,5,5.49894939966291,"M",0,0.25,1,"LOW HIGH LOW",NA
26,5,215.958747818701,35,10,10.5005676721536,"M",0,0.25,1,"LOW HIGH LOW",NA
26,6,161.476867371505,29,4,4.49952007483616,"M",0,0.25,1,"LOW HIGH LOW",NA
26,7,140.725857029745,28,3,3.50104995596018,"M",0,0.25,1,"LOW HIGH LOW",NA
26,8,62.2905262166258,25,0,0.500068637969895,"M",0,0.25,1,"LOW HIGH LOW",NA
26,9,179.728022547101,30,5,5.50070771915166,"M",0,0.25,1,"LOW HIGH LOW",NA
26,10,133.084492529013,27,2,2.49962454472152,"M",0,0.25,1,"LOW HIGH LOW",NA
27,1,133.46490881363,29,3,3.50065046804566,"M",0,0.25,1,"LOW HIGH LOW",NA
27,2,96.6333019444098,27,1,1.50063842416944,"M",0,0.25,1,"LOW HIGH LOW",NA
27,3,65.3627117845968,26,0,0.499882299477325,"M",0,0.25,1,"LOW HIGH LOW",NA
27,4,62.6000680851173,26,0,0.499684426969536,"M",0,0.25,1,"LOW HIGH LOW",NA
27,5,127.718301431821,28,2,2.50074990699841,"M",0,0.25,1,"LOW HIGH LOW",NA
27,6,126.56217998717,28,2,2.49967928221174,"M",0,0.25,1,"LOW HIGH LOW",NA
27,7,168.622945762022,31,5,5.50028226102041,"M",0,0.25,1,"LOW HIGH LOW",NA
27,8,186.77410947881,32,6,6.49974172906384,"M",0,0.25,1,"LOW HIGH LOW",NA
27,9,125.676005671262,28,2,2.50204490419328,"M",0,0.25,1,"LOW HIGH LOW",NA
27,10,147.478455480787,29,3,3.5011178815028,"M",0,0.25,1,"LOW HIGH LOW",NA
27,11,143.338687081033,29,3,3.49918627252016,"M",0,0.25,1,"LOW HIGH LOW",NA
27,12,177.215370942203,31,5,5.49953635463244,"M",0,0.25,1,"LOW HIGH LOW",NA
27,13,64.0824932724012,26,0,0.499187780769344,"M",0,0.25,1,"LOW HIGH LOW",NA
27,14,60.8251436802458,26,0,0.498659869497762,"M",0,0.25,1,"LOW HIGH LOW",NA
28,1,179.272201254184,34,7,7.50096050277385,"M",0,0.25,1,"LOW HIGH LOW",NA
28,2,179.328214733927,31,4,4.49922817442392,"M",0,0.25,1,"LOW HIGH LOW",NA
28,3,200.316335343392,33,6,6.50010380786703,"M",0,0.25,1,"LOW HIGH LOW",NA
28,4,193.279707374971,35,8,8.49799378540287,"M",0,0.25,1,"LOW HIGH LOW",NA
28,5,101.646123047462,28,1,1.50019915790652,"M",0,0.25,1,"LOW HIGH LOW",NA
28,6,248.798090226505,37,10,10.5011029389383,"M",0,0.25,1,"LOW HIGH LOW",NA
28,7,171.823829349167,31,4,4.49918288066382,"M",0,0.25,1,"LOW HIGH LOW",NA
28,8,62.0558352801612,27,0,0.500544780466921,"M",0,0.25,1,"LOW HIGH LOW",NA
28,9,130.227662336491,29,2,2.50127465859869,"M",0,0.25,1,"LOW HIGH LOW",NA
28,10,92.5861194592276,28,1,1.50076300023581,"M",0,0.25,1,"LOW HIGH LOW",NA
28,11,184.426906784493,36,9,9.50006233378746,"M",0,0.25,1,"LOW HIGH LOW",NA
28,12,97.0178486257913,28,1,1.49805606968828,"M",0,0.25,1,"LOW HIGH LOW",NA
28,13,185.246088280045,33,6,6.49905553720357,"M",0,0.25,1,"LOW HIGH LOW",NA
29,1,193.848027932793,34,6,6.5020663278032,"M",0,0.25,1,"LOW HIGH LOW",NA
29,2,101.118759168461,29,1,1.50136794491941,"M",0,0.25,1,"LOW HIGH LOW",NA
29,3,145.598997885492,31,3,3.50015388295889,"M",0,0.25,1,"LOW HIGH LOW",NA
29,4,155.155602279732,33,5,5.50031029245065,"M",0,0.25,1,"LOW HIGH LOW",NA
29,5,122.309455067587,30,2,2.499293303567,"M",0,0.25,1,"LOW HIGH LOW",NA
29,6,170.496976572158,32,4,4.50049682595351,"M",0,0.25,1,"LOW HIGH LOW",NA
29,7,65.1032603308555,28,0,0.49993022610104,"M",0,0.25,1,"LOW HIGH LOW",NA
29,8,63.3011950595454,28,0,0.500382378947785,"M",0,0.25,1,"LOW HIGH LOW",NA
29,9,130.128388558673,30,2,2.49938333032238,"M",0,0.25,1,"LOW HIGH LOW",NA
29,10,182.646331847313,34,6,6.50138008506627,"M",0,0.25,1,"LOW HIGH LOW",NA
30,1,66.3326261826613,29,0,0.500141074797454,"M",0,0.25,1,"LOW HIGH LOW",NA
30,2,129.910112536309,31,2,2.50125185970691,"M",0,0.25,1,"LOW HIGH LOW",NA
30,3,175.082349354318,35,6,6.50177813589732,"M",0,0.25,1,"LOW HIGH LOW",NA
30,4,197.608621797429,36,7,7.5006952844666,"M",0,0.25,1,"LOW HIGH LOW",NA
30,5,145.090793117199,32,3,3.4997017770418,"M",0,0.25,1,"LOW HIGH LOW",NA
30,6,97.3500709308358,30,1,1.49867514587591,"M",0,0.25,1,"LOW HIGH LOW",NA
30,7,176.555086201677,37,8,8.49967981796956,"M",0,0.25,1,"LOW HIGH LOW",NA
30,8,60.8888798098794,29,0,0.497732560663044,"M",0,0.25,1,"LOW HIGH LOW",NA
30,9,98.4538978479383,30,1,1.49937539594557,"M",0,0.25,1,"LOW HIGH LOW",NA
30,10,159.629760695941,33,4,4.49914027459734,"M",0,0.25,1,"LOW HIGH LOW",NA
30,11,212.303051831601,40,11,11.5008154562179,"M",0,0.25,1,"LOW HIGH LOW",NA
31,1,92.7052571903203,31,1,1.5002226235099,"M",0,0.25,1,"LOW HIGH LOW",NA
31,2,96.2100573033956,31,1,1.50153263234921,"M",0,0.25,1,"LOW HIGH LOW",NA
31,3,182.851228499031,35,5,5.50046683569736,"M",0,0.25,1,"LOW HIGH LOW",NA
31,4,94.5991316108457,31,1,1.49855403554308,"M",0,0.25,1,"LOW HIGH LOW",NA
31,5,102.624207316963,31,1,1.50037642564087,"M",0,0.25,1,"LOW HIGH LOW",NA
31,6,61.377542879796,30,0,0.499259166668749,"M",0,0.25,1,"LOW HIGH LOW",NA
31,7,191.146695570247,37,7,7.49883325725681,"M",0,0.25,1,"LOW HIGH LOW",NA
31,8,61.6410651679939,30,0,0.500882560679814,"M",0,0.25,1,"LOW HIGH LOW",NA
31,9,173.372826190577,35,5,5.49957183869922,"M",0,0.25,1,"LOW HIGH LOW",NA
31,10,99.4934235668633,31,1,1.49984377898925,"M",0,0.25,1,"LOW HIGH LOW",NA
32,1,93.9104244581555,32,1,1.50019837525456,"M",0,0.25,1,"LOW HIGH LOW",NA
32,2,155.049994253061,34,3,3.49906850193747,"M",0,0.25,1,"LOW HIGH LOW",NA
32,3,136.09574812216,34,3,3.50181553608197,"M",0,0.25,1,"LOW HIGH LOW",NA
32,4,105.022586566234,32,1,1.50044793161335,"M",0,0.25,1,"LOW HIGH LOW",NA
32,5,93.3932381371371,32,1,1.49892164525356,"M",0,0.25,1,"LOW HIGH LOW",NA
32,6,166.601064527015,37,6,6.50169477252856,"M",0,0.25,1,"LOW HIGH LOW",NA
32,7,158.888468407553,35,4,4.50066428567881,"M",0,0.25,1,"LOW HIGH LOW",NA
32,8,145.87824492194,34,3,3.49920137424194,"M",0,0.25,1,"LOW HIGH LOW",NA
32,9,61.9842296174812,31,0,0.50044445831402,"M",0,0.25,1,"LOW HIGH LOW",NA
32,10,65.4683545029372,31,0,0.50026083104187,"M",0,0.25,1,"LOW HIGH LOW",NA
32,11,159.559687571525,35,4,4.50003897750379,"M",0,0.25,1,"LOW HIGH LOW",NA
32,12,159.92681962776,34,3,3.50032169243068,"M",0,0.25,1,"LOW HIGH LOW",NA
32,13,63.5073952441666,31,0,0.499499183105991,"M",0,0.25,1,"LOW HIGH LOW",NA
32,14,62.9254781274749,31,0,0.500352371506442,"M",0,0.25,1,"LOW HIGH LOW",NA
33,1,177.422600155801,37,5,5.50094730693189,"M",0,0.25,1,"LOW HIGH LOW",NA
33,2,148.274787792037,35,3,3.50150556279496,"M",0,0.25,1,"LOW HIGH LOW",NA
33,3,209.032928515788,43,11,11.4995687832502,"M",0,0.25,1,"LOW HIGH LOW",NA
33,4,178.576260161977,37,5,5.50022838610263,"M",0,0.25,1,"LOW HIGH LOW",NA
33,5,145.018045780252,35,3,3.50201313755911,"M",0,0.25,1,"LOW HIGH LOW",NA
33,6,62.3439933701573,32,0,0.4992440634144,"M",0,0.25,1,"LOW HIGH LOW",NA
33,7,97.3181421140169,33,1,1.49904938231939,"M",0,0.25,1,"LOW HIGH LOW",NA
33,8,181.347496220152,39,7,7.50110943809861,"M",0,0.25,1,"LOW HIGH LOW",NA
33,9,168.836102045104,36,4,4.4993092409608,"M",0,0.25,1,"LOW HIGH LOW",NA
33,10,63.7534121040872,32,0,0.498781043857569,"M",0,0.25,1,"LOW HIGH LOW",NA
33,11,193.989966736315,40,8,8.49965049458885,"M",0,0.25,1,"LOW HIGH LOW",NA
33,12,153.486279821731,35,3,3.49883338941124,"M",0,0.25,1,"LOW HIGH LOW",NA
33,13,177.053262286518,36,4,4.49914496490735,"M",0,0.25,1,"LOW HIGH LOW",NA
33,14,63.4179535381848,32,0,0.498351887164904,"M",0,0.25,1,"LOW HIGH LOW",NA
34,1,175.1531711838,39,6,6.49946098168213,"M",0,0.25,1,"LOW HIGH LOW",NA
34,2,100.089496066294,34,1,1.49907527617504,"M",0,0.25,1,"LOW HIGH LOW",NA
34,3,63.4086870099076,33,0,0.500947508933439,"M",0,0.25,1,"LOW HIGH LOW",NA
34,4,198.643329131413,42,9,9.50056113247663,"M",0,0.25,1,"LOW HIGH LOW",NA
34,5,191.47909272371,39,6,6.5021356266957,"M",0,0.25,1,"LOW HIGH LOW",NA
34,6,154.409706304395,36,3,3.50027168614896,"M",0,0.25,1,"LOW HIGH LOW",NA
34,7,60.9125435498196,33,0,0.500719162115853,"M",0,0.25,1,"LOW HIGH LOW",NA
34,8,130.371376104335,35,2,2.49907363553822,"M",0,0.25,1,"LOW HIGH LOW",NA
34,9,63.0448464696299,33,0,0.498221776848414,"M",0,0.25,1,"LOW HIGH LOW",NA
34,10,131.285918461567,35,2,2.50143184176493,"M",0,0.25,1,"LOW HIGH LOW",NA
34,11,98.8041106311011,34,1,1.4999212452501,"M",0,0.25,1,"LOW HIGH LOW",NA
35,1,190.147006314145,42,8,8.49934856775107,"M",0,0.25,1,"LOW HIGH LOW",NA
35,2,212.05004525155,44,10,10.5004546355978,"M",0,0.25,1,"LOW HIGH LOW",NA
35,3,182.516971588885,42,8,8.49963229648205,"M",0,0.25,1,"LOW HIGH LOW",NA
35,4,155.126473479191,38,4,4.49948044480175,"M",0,0.25,1,"LOW HIGH LOW",NA
35,5,248.845267637747,45,11,11.5001513647953,"M",0,0.25,1,"LOW HIGH LOW",NA
35,6,61.1191603304834,34,0,0.499727130604596,"M",0,0.25,1,"LOW HIGH LOW",NA
35,7,178.242922842238,44,10,10.5011156051812,"M",0,0.25,1,"LOW HIGH LOW",NA
35,8,98.3054948878586,35,1,1.50061750629331,"M",0,0.25,1,"LOW HIGH LOW",NA
35,9,187.000834389958,42,8,8.5003228225965,"M",0,0.25,1,"LOW HIGH LOW",NA
35,10,134.316579895953,37,3,3.50114145401312,"M",0,0.25,1,"LOW HIGH LOW",NA
35,11,123.292626926347,36,2,2.49839075693769,"M",0,0.25,1,"LOW HIGH LOW",NA
35,12,119.066600643069,36,2,2.49957856840628,"M",0,0.25,1,"LOW HIGH LOW",NA
35,13,65.1525988084552,34,0,0.499760666077306,"M",0,0.25,1,"LOW HIGH LOW",NA
36,1,147.621796281504,38,3,3.50017119999975,"M",0,0.25,1,"LOW HIGH LOW",NA
36,2,128.846432844566,37,2,2.50068240885605,"M",0,0.25,1,"LOW HIGH LOW",NA
36,3,98.0069938167356,36,1,1.49928211128749,"M",0,0.25,1,"LOW HIGH LOW",NA
36,4,175.318339159121,41,6,6.5007173737767,"M",0,0.25,1,"LOW HIGH LOW",NA
36,5,96.3203101954542,36,1,1.50051328665457,"M",0,0.25,1,"LOW HIGH LOW",NA
36,6,60.9556511559916,35,0,0.49928899123018,"M",0,0.25,1,"LOW HIGH LOW",NA
36,7,130.028861756056,37,2,2.49961579257865,"M",0,0.25,1,"LOW HIGH LOW",NA
36,8,61.4710056293042,35,0,0.499112501450515,"M",0,0.25,1,"LOW HIGH LOW",NA
36,9,62.6588834766602,35,0,0.499597155203905,"M",0,0.25,1,"LOW HIGH LOW",NA
36,10,92.0544045220411,36,1,1.50101640843425,"M",0,0.25,1,"LOW HIGH LOW",NA
36,11,134.95874386189,37,2,2.49874524847313,"M",0,0.25,1,"LOW HIGH LOW",NA
37,1,189.050922257258,43,7,7.49952135539097,"M",0,0.25,1,"LOW HIGH LOW",NA
37,2,207.253868541838,48,12,12.500589135024,"M",0,0.25,1,"LOW HIGH LOW",NA
37,3,103.404280588457,37,1,1.50055301686964,"M",0,0.25,1,"LOW HIGH LOW",NA
37,4,95.4630167165477,37,1,1.50159826742986,"M",0,0.25,1,"LOW HIGH LOW",NA
37,5,93.2872081736248,37,1,1.50164941796805,"M",0,0.25,1,"LOW HIGH LOW",NA
37,6,121.241461953116,38,2,2.49884298124912,"M",0,0.25,1,"LOW HIGH LOW",NA
37,7,141.462238472333,38,2,2.50000332101935,"M",0,0.25,1,"LOW HIGH LOW",NA
37,8,64.1136172823693,36,0,0.499169838694287,"M",0,0.25,1,"LOW HIGH LOW",NA
37,9,243.126571868298,47,11,11.5007904616391,"M",0,0.25,1,"LOW HIGH LOW",NA
37,10,216.935791208854,48,12,12.5006648337499,"M",0,0.25,1,"LOW HIGH LOW",NA
37,11,149.093403262493,39,3,3.50140020175461,"M",0,0.25,1,"LOW HIGH LOW",NA
37,12,124.103212255789,38,2,2.49967360924197,"M",0,0.25,1,"LOW HIGH LOW",NA
38,1,180.515364513539,44,7,7.49976346133491,"M",0,0.25,1,"LOW HIGH LOW",NA
38,2,176.153889401264,41,4,4.50094567004022,"M",0,0.25,1,"LOW HIGH LOW",NA
38,3,94.8428860918246,38,1,1.49831840968007,"M",0,0.25,1,"LOW HIGH LOW",NA
38,4,153.723090122451,42,5,5.5009015876404,"M",0,0.25,1,"LOW HIGH LOW",NA
38,5,217.022858272317,46,9,9.49992330170542,"M",0,0.25,1,"LOW HIGH LOW",NA
38,6,186.008715618959,42,5,5.5001192057432,"M",0,0.25,1,"LOW HIGH LOW",NA
38,7,134.594333527239,39,2,2.50005693210043,"M",0,0.25,1,"LOW HIGH LOW",NA
38,8,63.6226764531552,37,0,0.499725917282,"M",0,0.25,1,"LOW HIGH LOW",NA
38,9,99.6177187928005,38,1,1.49847986752111,"M",0,0.25,1,"LOW HIGH LOW",NA
38,10,63.3257441625666,37,0,0.502794913809583,"M",0,0.25,1,"LOW HIGH LOW",NA
38,11,58.5419772991411,37,0,0.498822882251755,"M",0,0.25,1,"LOW HIGH LOW",NA
38,12,62.5572422838237,37,0,0.501142131050437,"M",0,0.25,1,"LOW HIGH LOW",NA
39,1,103.356005272934,39,1,1.49842086980474,"M",0,0.25,1,"LOW HIGH LOW",NA
39,2,170.669862570364,46,8,8.50017369472214,"M",0,0.25,1,"LOW HIGH LOW",NA
39,3,120.121017241866,40,2,2.49985272647776,"M",0,0.25,1,"LOW HIGH LOW",NA
39,4,176.601572908132,43,5,5.49859715545349,"M",0,0.25,1,"LOW HIGH LOW",NA
39,5,119.568106899157,40,2,2.50012181589519,"M",0,0.25,1,"LOW HIGH LOW",NA
39,6,63.2506107782305,38,0,0.498916848508844,"M",0,0.25,1,"LOW HIGH LOW",NA
39,7,130.04831746174,40,2,2.49902829814821,"M",0,0.25,1,"LOW HIGH LOW",NA
39,8,156.424862558353,41,3,3.50097133525869,"M",0,0.25,1,"LOW HIGH LOW",NA
39,9,173.917210826542,47,9,9.50100250339056,"M",0,0.25,1,"LOW HIGH LOW",NA
39,10,204.009743121268,48,10,10.499794426908,"M",0,0.25,1,"LOW HIGH LOW",NA
39,11,63.0943037796707,38,0,0.501428833826776,"M",0,0.25,1,"LOW HIGH LOW",NA
39,12,101.816991861165,39,1,1.49977183662171,"M",0,0.25,1,"LOW HIGH LOW",NA
39,13,163.647719079383,44,6,6.50106350748561,"M",0,0.25,1,"LOW HIGH LOW",NA
39,14,132.952203937577,40,2,2.50071433854659,"M",0,0.25,1,"LOW HIGH LOW",NA
40,1,63.1581125215657,39,0,0.501369493303714,"M",0,0.25,1,"LOW HIGH LOW",NA
40,2,123.913321045557,41,2,2.50053892216145,"M",0,0.25,1,"LOW HIGH LOW",NA
40,3,125.977688645859,41,2,2.50062630263913,"M",0,0.25,1,"LOW HIGH LOW",NA
40,4,101.711168381108,40,1,1.5005759966294,"M",0,0.25,1,"LOW HIGH LOW",NA
40,5,175.576730997256,44,5,5.50045068070217,"M",0,0.25,1,"LOW HIGH LOW",NA
40,6,115.329069967496,41,2,2.49775090947419,"M",0,0.25,1,"LOW HIGH LOW",NA
40,7,98.9112564921537,40,1,1.50011445648143,"M",0,0.25,1,"LOW HIGH LOW",NA
40,8,130.067606345295,41,2,2.50042903606799,"M",0,0.25,1,"LOW HIGH LOW",NA
40,9,93.029342298912,40,1,1.49937784264874,"M",0,0.25,1,"LOW HIGH LOW",NA
40,10,224.315126409161,48,9,9.49957362955353,"M",0,0.25,1,"LOW HIGH LOW",NA
40,11,62.303061429878,39,0,0.500131923853532,"M",0,0.25,1,"LOW HIGH LOW",NA
40,12,97.9180390370718,40,1,1.49985482938627,"M",0,0.25,1,"LOW HIGH LOW",NA
41,1,98.9687681783751,41,1,1.49928089255903,"M",0,0.25,1,"LOW HIGH LOW",NA
41,2,64.4257370238215,40,0,0.499907355643657,"M",0,0.25,1,"LOW HIGH LOW",NA
41,3,63.1757859002625,40,0,0.498477966095651,"M",0,0.25,1,"LOW HIGH LOW",NA
41,4,179.744630835606,52,12,12.4999021962164,"M",0.164389253314584,0.25,1,"LOW HIGH LOW",NA
41,5,164.801323041312,44,4,4.50130007869411,"M",0,0.25,1,"LOW HIGH LOW",NA
41,6,158.58820416386,44,4,4.49960140003961,"M",0,0.25,1,"LOW HIGH LOW",NA
41,7,177.475500762179,45,5,5.50023358316981,"M",0,0.25,1,"LOW HIGH LOW",NA
41,8,101.295188773994,41,1,1.5000929138031,"M",0,0.25,1,"LOW HIGH LOW",NA
41,9,195.930484010284,46,6,6.49959745897774,"M",0,0.25,1,"LOW HIGH LOW",NA
41,10,62.8911867370047,40,0,0.498117699479912,"M",0,0.25,1,"LOW HIGH LOW",NA
41,11,196.950267295139,45,5,5.49935383490588,"M",0,0.25,1,"LOW HIGH LOW",NA
41,12,150.929071186185,43,3,3.50163630032624,"M",0,0.25,1,"LOW HIGH LOW",NA
41,13,132.235924577602,42,2,2.50089189740188,"M",0,0.25,1,"LOW HIGH LOW",NA
42,1,133.193413777252,44,3,3.5010368649671,"M",0,0.25,1,"LOW HIGH LOW",NA
42,2,63.3398808795589,41,0,0.498991599722763,"M",0,0.25,1,"LOW HIGH LOW",NA
42,3,198.750532795615,46,5,5.4980201391219,"M",0,0.25,1,"LOW HIGH LOW",NA
42,4,142.622913224273,44,3,3.49981094210568,"M",0,0.25,1,"LOW HIGH LOW",NA
42,5,197.356831983935,48,7,7.50179118349989,"M",0,0.25,1,"LOW HIGH LOW",NA
42,6,62.4551416333435,41,0,0.50030374070071,"M",0,0.25,1,"LOW HIGH LOW",NA
42,7,158.52352662847,44,3,3.50018247183187,"M",0,0.25,1,"LOW HIGH LOW",NA
42,8,63.3656450730849,41,0,0.500894841504875,"M",0,0.25,1,"LOW HIGH LOW",NA
42,9,94.1524382753731,42,1,1.5000977595079,"M",0,0.25,1,"LOW HIGH LOW",NA
42,10,101.900967449271,42,1,1.50137815695476,"M",0,0.25,1,"LOW HIGH LOW",NA
42,11,120.658312204762,43,2,2.50123345138476,"M",0,0.25,1,"LOW HIGH LOW",NA
42,12,226.748923299772,52,11,11.4993801701412,"M",0.164389253314584,0.25,1,"LOW HIGH LOW",NA
42,13,100.804316256762,42,1,1.50067219170228,"M",0,0.25,1,"LOW HIGH LOW",NA
42,14,132.135704649336,43,2,2.50096536274369,"M",0,0.25,1,"LOW HIGH LOW",NA
42,15,104.073312873781,42,1,1.50018357703258,"M",0,0.25,1,"LOW HIGH LOW",NA
43,1,60.8494723140491,42,0,0.49876418348421,"M",0,0.25,1,"LOW HIGH LOW",NA
43,2,219.569425991049,52,10,10.4997958444562,"M",0.164389253314584,0.25,1,"LOW HIGH LOW",NA
43,3,180.689873606245,48,6,6.50100810859375,"M",0,0.25,1,"LOW HIGH LOW",NA
43,4,181.416767791458,48,6,6.49976077156664,"M",0,0.25,1,"LOW HIGH LOW",NA
43,5,184.851991310368,47,5,5.50046411569049,"M",0,0.25,1,"LOW HIGH LOW",NA
43,6,63.3545689992545,42,0,0.500649329274038,"M",0,0.25,1,"LOW HIGH LOW",NA
43,7,199.193865045716,50,8,8.50086402389947,"M",0.142536538955756,0.25,1,"LOW HIGH LOW",NA
43,8,205.170923974627,49,7,7.49973972631122,"M",0,0.25,1,"LOW HIGH LOW",NA
43,9,223.069219599824,53,11,11.4987442047343,"M",0.17762377965264,0.25,1,"LOW HIGH LOW",NA
43,10,95.5182417138005,43,1,1.50005036532184,"M",0,0.25,1,"LOW HIGH LOW",NA
43,11,239.991823144895,50,8,8.49954380665958,"M",0.142536538955756,0.25,1,"LOW HIGH LOW",NA
43,12,104.907387691507,43,1,1.49973925645368,"M",0,0.25,1,"LOW HIGH LOW",NA
43,13,152.273418682143,46,4,4.49945544143992,"M",0,0.25,1,"LOW HIGH LOW",NA
43,14,94.143243994326,43,1,1.4967443947724,"M",0,0.25,1,"LOW HIGH LOW",NA
44,1,92.3703644615474,44,1,1.4974926357389,"M",0,0.25,1,"LOW HIGH LOW",NA
44,2,170.440226940182,48,5,5.49999410389359,"M",0,0.25,1,"LOW HIGH LOW",NA
44,3,120.056133578705,45,2,2.49906334246494,"M",0,0.25,1,"LOW HIGH LOW",NA
44,4,172.915905284259,49,6,6.4999052547357,"M",0,0.25,1,"LOW HIGH LOW",NA
44,5,156.570242069564,47,4,4.5012695748318,"M",0,0.25,1,"LOW HIGH LOW",NA
44,6,156.005872083002,47,4,4.50055832614946,"M",0,0.25,1,"LOW HIGH LOW",NA
44,7,98.8968493710703,44,1,1.49909834646948,"M",0,0.25,1,"LOW HIGH LOW",NA
44,8,63.4364572228958,43,0,0.502411022995301,"M",0,0.25,1,"LOW HIGH LOW",NA
44,9,120.248553045808,45,2,2.50019724105451,"M",0,0.25,1,"LOW HIGH LOW",NA
44,10,117.33596064491,45,2,2.50086759261109,"M",0,0.25,1,"LOW HIGH LOW",NA
44,11,95.380578284987,44,1,1.49997799236823,"M",0,0.25,1,"LOW HIGH LOW",NA
44,12,97.861574447343,44,1,1.49942496110267,"M",0,0.25,1,"LOW HIGH LOW",NA
45,1,184.745168730556,49,5,5.49994725811346,"M",0,0.25,1,"LOW HIGH LOW",NA
45,2,104.433779553516,45,1,1.49896685720715,"M",0,0.25,1,"LOW HIGH LOW",NA
45,3,105.168116964122,45,1,1.5006702022981,"M",0,0.25,1,"LOW HIGH LOW",NA
45,4,107.029846058723,45,1,1.4985518098574,"M",0,0.25,1,"LOW HIGH LOW",NA
45,5,63.3820829179721,44,0,0.500707814004536,"M",0,0.25,1,"LOW HIGH LOW",NA
45,6,192.109034769448,51,7,7.50103997918409,"M",0.194814959308133,0.25,1,"LOW HIGH LOW",NA
45,7,94.529259975368,45,1,1.50053303008158,"M",0,0.25,1,"LOW HIGH LOW",NA
45,8,129.69785412972,46,2,2.50076488860762,"M",0,0.25,1,"LOW HIGH LOW",NA
45,9,60.1784552599865,44,0,0.500001887402158,"M",0,0.25,1,"LOW HIGH LOW",NA
45,10,171.777308616328,48,4,4.50184247754806,"M",0,0.25,1,"LOW HIGH LOW",NA
45,11,123.21074700479,46,2,2.49936393970467,"M",0,0.25,1,"LOW HIGH LOW",NA
45,12,179.752623131495,50,6,6.5003302179614,"FISHED",0.142536538955756,0.25,1,"LOW HIGH LOW",NA
46,1,211.051318635086,51,6,6.50063925104255,"M",0.194814959308133,0.25,1,"LOW HIGH LOW",NA
46,2,153.685200771653,49,4,4.50061123592618,"M",0,0.25,1,"LOW HIGH LOW",NA
46,3,62.626684652336,45,0,0.499569724596119,"M",0,0.25,1,"LOW HIGH LOW",NA
46,4,172.260729612586,50,5,5.4999817319338,"M",0.142536538955756,0.25,1,"LOW HIGH LOW",NA
46,5,209.301556607384,54,9,9.50072627666237,"FISHED",0.143105449061841,0.25,1,"LOW HIGH LOW",NA
46,6,125.522428799336,47,2,2.50128673636172,"M",0,0.25,1,"LOW HIGH LOW",NA
46,7,99.4701612280423,46,1,1.50191793422461,"M",0,0.25,1,"LOW HIGH LOW",NA
46,8,159.790950499739,49,4,4.4978992463995,"M",0,0.25,1,"LOW HIGH LOW",NA
46,9,99.5780133422319,46,1,1.50035313816479,"M",0,0.25,1,"LOW HIGH LOW",NA
46,10,209.398261692347,54,9,9.49973985550606,"M",0.143105449061841,0.25,1,"LOW HIGH LOW",NA
46,11,63.147232692606,45,0,0.501415275047033,"M",0,0.25,1,"LOW HIGH LOW",NA
46,12,123.231685132176,47,2,2.50110370278512,"M",0,0.25,1,"LOW HIGH LOW",NA
46,13,65.1764721055416,45,0,0.500492646749697,"M",0,0.25,1,"LOW HIGH LOW",NA
47,1,141.801403641077,49,3,3.50091678110931,"M",0,0.25,1,"LOW HIGH LOW",NA
47,2,122.090985665846,48,2,2.49926885864164,"M",0,0.25,1,"LOW HIGH LOW",NA
47,3,158.078233343445,50,4,4.49984888415027,"FISHED",0.142536538955756,0.25,1,"LOW HIGH LOW",NA
47,4,64.1118937366898,46,0,0.499588405590107,"M",0,0.25,1,"LOW HIGH LOW",NA
47,5,120.701527585319,48,2,2.50063044943462,"M",0,0.25,1,"LOW HIGH LOW",NA
47,6,150.990627535612,49,3,3.50057146685415,"M",0,0.25,1,"LOW HIGH LOW",NA
47,7,190.998671270692,51,5,5.50081454690504,"FISHED",0.194814959308133,0.25,1,"LOW HIGH LOW",NA
47,8,126.538484211428,48,2,2.50122612663151,"M",0,0.25,1,"LOW HIGH LOW",NA
47,9,178.511293364649,50,4,4.49962245854134,"M",0.142536538955756,0.25,1,"LOW HIGH LOW",NA
47,10,184.021738145581,53,7,7.50024940859771,"FISHED",0.17762377965264,0.25,1,"LOW HIGH LOW",NA
47,11,150.772813702603,49,3,3.50073685587685,"M",0,0.25,1,"LOW HIGH LOW",NA
47,12,97.9374275696006,47,1,1.49983677927939,"M",0,0.25,1,"LOW HIGH LOW",NA
47,13,161.26299102098,51,5,5.49931460343241,"M",0.194814959308133,0.25,1,"LOW HIGH LOW",NA
47,14,129.340096058803,48,2,2.49958665476673,"M",0,0.25,1,"LOW HIGH LOW",NA
47,15,139.549507313507,49,3,3.50063909267019,"M",0,0.25,1,"LOW HIGH LOW",NA
48,1,63.7457579881343,47,0,0.499564869885992,"M",0,0.25,1,"LOW HIGH LOW",NA
48,2,98.1479727042844,48,1,1.50000001414888,"M",0,0.25,1,"LOW HIGH LOW",NA
48,3,165.127413155368,51,4,4.49889687568,"M",0.194814959308133,0.25,1,"LOW HIGH LOW",NA
48,4,165.749126595284,51,4,4.49915574591864,"FISHED",0.194814959308133,0.25,1,"LOW HIGH LOW",NA
48,5,183.662516309825,52,5,5.50071518991752,"FISHED",0.164389253314584,0.25,1,"LOW HIGH LOW",NA
48,6,65.3959993704941,47,0,0.500334231117062,"M",0,0.25,1,"LOW HIGH LOW",NA
48,7,62.8780763244164,47,0,0.502002285706235,"M",0,0.25,1,"LOW HIGH LOW",NA
48,8,141.116278240597,50,3,3.49918402945101,"M",0.142536538955756,0.25,1,"LOW HIGH LOW",NA
48,9,143.649792676463,50,3,3.50102309546327,"M",0.142536538955756,0.25,1,"LOW HIGH LOW",NA
48,10,139.082595813215,50,3,3.4982251890566,"M",0.142536538955756,0.25,1,"LOW HIGH LOW",NA
48,11,162.328737532537,50,3,3.50160919292593,"FISHED",0.142536538955756,0.25,1,"LOW HIGH LOW",NA
48,12,162.504204502106,51,4,4.50133524969779,"M",0.194814959308133,0.25,1,"LOW HIGH LOW",NA
48,13,93.2501580627217,48,1,1.49988113939249,"M",0,0.25,1,"LOW HIGH LOW",NA
49,1,64.0166854104076,48,0,0.500301627988946,"M",0,0.25,1,"LOW HIGH LOW",NA
49,2,176.310520237504,56,8,8.49940076872197,"M",0.101449560653418,0.25,1,"LOW HIGH LOW",NA
49,3,131.859823775182,51,3,3.49998601431629,"M",0.194814959308133,0.25,1,"LOW HIGH LOW",NA
49,4,65.8140631854805,48,0,0.500087810926842,"M",0,0.25,1,"LOW HIGH LOW",NA
49,5,118.601307231524,50,2,2.50024152050654,"M",0.142536538955756,0.25,1,"LOW HIGH LOW",NA
49,6,157.601120268426,51,3,3.5002967875059,"M",0.194814959308133,0.25,1,"LOW HIGH LOW",NA
49,7,158.649955531796,52,4,4.49950726848073,"M",0.164389253314584,0.25,1,"LOW HIGH LOW",NA
49,8,104.442057890629,49,1,1.50006759453835,"M",0,0.25,1,"LOW HIGH LOW",NA
49,9,64.6805974306182,48,0,0.4994334282343,"M",0,0.25,1,"LOW HIGH LOW",NA
49,10,126.633846625826,50,2,2.50049949668572,"M",0.142536538955756,0.25,1,"LOW HIGH LOW",NA
50,1,122.244502062261,51,2,2.49947839924812,"FISHED",0.194814959308133,0.25,1,"LOW HIGH LOW",NA
50,2,61.4347800798326,49,0,0.499622224221271,"M",0,0.25,1,"LOW HIGH LOW",NA
50,3,63.8981273157733,49,0,0.499227166435525,"M",0,0.25,1,"LOW HIGH LOW",NA
50,4,96.6580390060215,50,1,1.49996756064799,"FISHED",0.142536538955756,0.25,1,"LOW HIGH LOW",NA
50,5,194.667903168287,54,5,5.5012137301278,"M",0.143105449061841,0.25,1,"LOW HIGH LOW",NA
50,6,126.136548028283,51,2,2.49966316823253,"M",0.194814959308133,0.25,1,"LOW HIGH LOW",NA
50,7,60.4270725217247,49,0,0.500509845238314,"M",0,0.25,1,"LOW HIGH LOW",NA
50,8,64.3552346382426,49,0,0.498814798524057,"M",0,0.25,1,"LOW HIGH LOW",NA
50,9,62.7805382361569,49,0,0.498860161257448,"M",0,0.25,1,"LOW HIGH LOW",NA
50,10,183.31313779507,54,5,5.50059821249991,"FISHED",0.143105449061841,0.25,1,"LOW HIGH LOW",NA
50,11,61.841867002483,49,0,0.497963833992023,"M",0,0.25,1,"LOW HIGH LOW",NA
50,12,65.0260249140981,49,0,0.499602817165121,"M",0,0.25,1,"LOW HIGH LOW",NA
50,13,65.5924895400191,49,0,0.500906709568986,"M",0,0.25,1,"LOW HIGH LOW",NA
51,1,97.8855627565503,51,1,1.49873191045973,"M",0.194814959308133,0.25,1,"LOW HIGH LOW",NA
51,2,185.070076737265,55,5,5.49857029400209,"FISHED",0.151060852291994,0.25,1,"LOW HIGH LOW",NA
51,3,60.3620040698341,50,0,0.499224848497644,"M",0.142536538955756,0.25,1,"LOW HIGH LOW",NA
51,4,95.6924185916311,51,1,1.49884052870503,"M",0.194814959308133,0.25,1,"LOW HIGH LOW",NA
51,5,62.912775989819,50,0,0.501024413294929,"M",0.142536538955756,0.25,1,"LOW HIGH LOW",NA
51,6,59.957191363438,50,0,0.499566350455068,"FISHED",0.142536538955756,0.25,1,"LOW HIGH LOW",NA
51,7,61.8569969328842,50,0,0.500002906974888,"M",0.142536538955756,0.25,1,"LOW HIGH LOW",NA
51,8,94.2284577378842,51,1,1.49835274560346,"FISHED",0.194814959308133,0.25,1,"LOW HIGH LOW",NA
51,9,63.1350609576142,50,0,0.498967673762981,"FISHED",0.142536538955756,0.25,1,"LOW HIGH LOW",NA
51,10,156.045673546167,53,3,3.50035528136648,"FISHED",0.17762377965264,0.25,1,"LOW HIGH LOW",NA
52,1,152.706971425697,54,3,3.49997676222059,"M",0.143105449061841,0.25,1,"LOW HIGH LOW",NA
52,2,95.1805318935332,52,1,1.49974695179297,"M",0.164389253314584,0.25,1,"LOW HIGH LOW",NA
52,3,142.433226205864,54,3,3.50007178254307,"M",0.143105449061841,0.25,1,"LOW HIGH LOW",NA
52,4,62.2167122808166,51,0,0.500437615941255,"FISHED",0.194814959308133,0.25,1,"LOW HIGH LOW",NA
52,5,96.5845996653179,52,1,1.50005779281627,"M",0.164389253314584,0.25,1,"LOW HIGH LOW",NA
52,6,62.5961899372852,51,0,0.500638225233331,"M",0.194814959308133,0.25,1,"LOW HIGH LOW",NA
52,7,133.721878525392,53,2,2.50147248066074,"M",0.17762377965264,0.25,1,"LOW HIGH LOW",NA
52,8,121.923579904964,53,2,2.50022817689464,"M",0.17762377965264,0.25,1,"LOW HIGH LOW",NA
52,9,61.2873762660605,51,0,0.498517669859411,"FISHED",0.194814959308133,0.25,1,"LOW HIGH LOW",NA
52,10,208.927025263632,61,10,10.5005199258611,"FISHED",0.125921257259324,0.25,1,"LOW HIGH LOW",NA
53,1,148.719137272823,55,3,3.50157619384588,"M",0.151060852291994,0.25,1,"LOW HIGH LOW",NA
53,2,62.628604817525,52,0,0.500413700637985,"M",0.164389253314584,0.25,1,"LOW HIGH LOW",NA
53,3,61.6781962475345,52,0,0.499640362405123,"FISHED",0.164389253314584,0.25,1,"LOW HIGH LOW",NA
53,4,134.432369395448,54,2,2.49992470064787,"M",0.143105449061841,0.25,1,"LOW HIGH LOW",NA
53,5,135.107572016838,54,2,2.50069638438438,"FISHED",0.143105449061841,0.25,1,"LOW HIGH LOW",NA
53,6,62.0548316145623,52,0,0.50059711545872,"FISHED",0.164389253314584,0.25,1,"LOW HIGH LOW",NA
53,7,167.626211107046,56,4,4.5006108726388,"FISHED",0.101449560653418,0.25,1,"LOW HIGH LOW",NA
53,8,205.267554552132,65,13,13.499977316995,"M",0.19847925377544,0.25,1,"LOW HIGH LOW",NA
53,9,90.8365978931212,53,1,1.49848525443976,"FISHED",0.17762377965264,0.25,1,"LOW HIGH LOW",NA
53,10,158.991528632713,55,3,3.5000461065163,"M",0.151060852291994,0.25,1,"LOW HIGH LOW",NA
53,11,61.1077417022657,52,0,0.499276321752909,"M",0.164389253314584,0.25,1,"LOW HIGH LOW",NA
54,1,62.8714951948935,53,0,0.499168000098523,"M",0.17762377965264,0.25,1,"LOW HIGH LOW",NA
54,2,127.966087094417,55,2,2.49922308905362,"FISHED",0.151060852291994,0.25,1,"LOW HIGH LOW",NA
54,3,60.6812776924204,53,0,0.49983244262745,"M",0.17762377965264,0.25,1,"LOW HIGH LOW",NA
54,4,204.306013549933,60,7,7.49853689952431,"FISHED",0.191824947181158,0.25,1,"LOW HIGH LOW",NA
54,5,97.0346311258845,54,1,1.50224987665361,"FISHED",0.143105449061841,0.25,1,"LOW HIGH LOW",NA
54,6,63.4260762846595,53,0,0.500387397635299,"M",0.17762377965264,0.25,1,"LOW HIGH LOW",NA
54,7,103.702350163109,54,1,1.50015284571363,"M",0.143105449061841,0.25,1,"LOW HIGH LOW",NA
54,8,106.564471181749,54,1,1.50017224729112,"FISHED",0.143105449061841,0.25,1,"LOW HIGH LOW",NA
54,9,96.6103166883759,54,1,1.50143898355052,"M",0.143105449061841,0.25,1,"LOW HIGH LOW",NA
54,10,100.305121348146,54,1,1.49967764452007,"M",0.143105449061841,0.25,1,"LOW HIGH LOW",NA
54,11,62.9498613458715,53,0,0.501561295890643,"M",0.17762377965264,0.25,1,"LOW HIGH LOW",NA
54,12,61.6205781361071,53,0,0.49904625980957,"M",0.17762377965264,0.25,1,"LOW HIGH LOW",NA
55,1,99.4763890810519,55,1,1.49960663926604,"M",0.151060852291994,0.25,1,"LOW HIGH LOW",NA
55,2,200.296850395815,61,7,7.49944379255377,"FISHED",0.125921257259324,0.25,1,"LOW HIGH LOW",NA
55,3,163.207513202909,57,3,3.50058079705381,"M",0.11882352437824,0.25,1,"LOW HIGH LOW",NA
55,4,61.7646317749169,54,0,0.500609742677555,"FISHED",0.143105449061841,0.25,1,"LOW HIGH LOW",NA
55,5,62.4841303442623,54,0,0.501217857811357,"M",0.143105449061841,0.25,1,"LOW HIGH LOW",NA
55,6,132.781623036064,56,2,2.49950865986812,"M",0.101449560653418,0.25,1,"LOW HIGH LOW",NA
55,7,99.2730694738011,55,1,1.50275284451654,"M",0.151060852291994,0.25,1,"LOW HIGH LOW",NA
55,8,99.5646914255739,55,1,1.49923583268999,"M",0.151060852291994,0.25,1,"LOW HIGH LOW",NA
55,9,63.5796441307265,54,0,0.500728891553559,"M",0.143105449061841,0.25,1,"LOW HIGH LOW",NA
55,10,137.144732450452,57,3,3.49944937602303,"M",0.11882352437824,0.25,1,"LOW HIGH LOW",NA
55,11,176.045890148521,59,5,5.49969022928429,"M",0.141501374356449,0.25,1,"LOW HIGH LOW",NA
55,12,65.8287419624049,54,0,0.500257550253876,"M",0.143105449061841,0.25,1,"LOW HIGH LOW",NA
55,13,160.654937953813,57,3,3.49918890435263,"M",0.11882352437824,0.25,1,"LOW HIGH LOW",NA
55,14,134.504099339857,56,2,2.49935373768134,"FISHED",0.101449560653418,0.25,1,"LOW HIGH LOW",NA
56,1,132.421174872488,57,2,2.49929256541173,"M",0.11882352437824,0.25,1,"LOW HIGH LOW",NA
56,2,63.4482774671689,55,0,0.49878426972288,"FISHED",0.151060852291994,0.25,1,"LOW HIGH LOW",NA
56,3,198.447931233122,63,8,8.50107756282244,"M",0.186276326212101,0.25,1,"LOW HIGH LOW",NA
56,4,95.1619890210688,56,1,1.49929137701012,"M",0.101449560653418,0.25,1,"LOW HIGH LOW",NA
56,5,61.0628016820744,55,0,0.500202258178125,"M",0.151060852291994,0.25,1,"LOW HIGH LOW",NA
56,6,63.6346304686633,55,0,0.498745554705284,"M",0.151060852291994,0.25,1,"LOW HIGH LOW",NA
56,7,61.8994635880569,55,0,0.500381735363196,"M",0.151060852291994,0.25,1,"LOW HIGH LOW",NA
56,8,166.877513408304,60,5,5.49927728866469,"FISHED",0.191824947181158,0.25,1,"LOW HIGH LOW",NA
56,9,128.776966138656,57,2,2.50076601693328,"FISHED",0.11882352437824,0.25,1,"LOW HIGH LOW",NA
56,10,63.8291572279173,55,0,0.498553410159054,"FISHED",0.151060852291994,0.25,1,"LOW HIGH LOW",NA
56,11,58.9004134551192,55,0,0.501110374038809,"M",0.151060852291994,0.25,1,"LOW HIGH LOW",NA
56,12,131.777580496131,57,2,2.50042586614059,"M",0.11882352437824,0.25,1,"LOW HIGH LOW",NA
57,1,96.3540738875609,57,1,1.49922920299671,"M",0.11882352437824,0.25,1,"LOW HIGH LOW",NA
57,2,63.0893488512924,56,0,0.500291574269832,"M",0.101449560653418,0.25,1,"LOW HIGH LOW",NA
57,3,176.356883947127,60,4,4.49870900551595,"FISHED",0.191824947181158,0.25,1,"LOW HIGH LOW",NA
57,4,60.3500022232874,56,0,0.497961444600139,"FISHED",0.101449560653418,0.25,1,"LOW HIGH LOW",NA
57,5,64.905455672201,56,0,0.50007920962247,"M",0.101449560653418,0.25,1,"LOW HIGH LOW",NA
57,6,62.1345915004316,56,0,0.499987329687673,"FISHED",0.101449560653418,0.25,1,"LOW HIGH LOW",NA
57,7,61.8122826348613,56,0,0.499676051871405,"M",0.101449560653418,0.25,1,"LOW HIGH LOW",NA
57,8,60.7139781094932,56,0,0.501680132698767,"M",0.101449560653418,0.25,1,"LOW HIGH LOW",NA
57,9,100.729430865212,57,1,1.49902422352936,"M",0.11882352437824,0.25,1,"LOW HIGH LOW",NA
57,10,62.053509006479,56,0,0.499409319452462,"M",0.101449560653418,0.25,1,"LOW HIGH LOW",NA
58,1,60.7805734044645,57,0,0.498311002753569,"M",0.11882352437824,0.25,1,"LOW HIGH LOW",NA
58,2,202.91185365197,64,7,7.49967616951484,"FISHED",0.182190519245341,0.25,1,"LOW HIGH LOW",NA
58,3,62.0713251118321,57,0,0.500532796099055,"M",0.11882352437824,0.25,1,"LOW HIGH LOW",NA
58,4,123.415386366312,59,2,2.49969347406296,"FISHED",0.141501374356449,0.25,1,"LOW HIGH LOW",NA
58,5,183.100642525661,62,5,5.50003975914042,"M",0.131260884250514,0.25,1,"LOW HIGH LOW",NA
58,6,103.978595396147,58,1,1.50036496680563,"M",0.150643663224764,0.25,1,"LOW HIGH LOW",NA
58,7,103.276904795081,58,1,1.50063683486251,"M",0.150643663224764,0.25,1,"LOW HIGH LOW",NA
58,8,92.7187806653062,58,1,1.50059539779226,"FISHED",0.150643663224764,0.25,1,"LOW HIGH LOW",NA
58,9,62.3336610062589,57,0,0.500420157494594,"M",0.11882352437824,0.25,1,"LOW HIGH LOW",NA
58,10,94.1752688648466,58,1,1.50081207786725,"M",0.150643663224764,0.25,1,"LOW HIGH LOW",NA
59,1,58.9739173573439,58,0,0.499184431695941,"FISHED",0.150643663224764,0.25,1,"LOW HIGH LOW",NA
59,2,93.4984625884324,59,1,1.50101265821204,"M",0.141501374356449,0.25,1,"LOW HIGH LOW",NA
59,3,160.349074411772,62,4,4.49888326101327,"M",0.131260884250514,0.25,1,"LOW HIGH LOW",NA
59,4,60.453855350533,58,0,0.499725547916399,"M",0.150643663224764,0.25,1,"LOW HIGH LOW",NA
59,5,128.04320003593,60,2,2.50070840183134,"FISHED",0.191824947181158,0.25,1,"LOW HIGH LOW",NA
59,6,63.0069830161633,58,0,0.501692619681981,"M",0.150643663224764,0.25,1,"LOW HIGH LOW",NA
59,7,125.470114346622,60,2,2.50011904388175,"FISHED",0.191824947181158,0.25,1,"LOW HIGH LOW",NA
59,8,64.3298046264777,58,0,0.501179679854787,"M",0.150643663224764,0.25,1,"LOW HIGH LOW",NA
59,9,64.0243077635529,58,0,0.500875545591347,"M",0.150643663224764,0.25,1,"LOW HIGH LOW",NA
59,10,59.8266751283913,58,0,0.500071890343037,"FISHED",0.150643663224764,0.25,1,"LOW HIGH LOW",NA
59,11,133.019200499152,60,2,2.49847901386499,"M",0.191824947181158,0.25,1,"LOW HIGH LOW",NA
60,1,212.104566129759,68,9,9.49975767819938,"M",0.391645910404623,0.25,1,"LOW HIGH LOW",NA
60,2,61.3989479318954,59,0,0.500771984819294,"M",0.141501374356449,0.25,1,"LOW HIGH LOW",NA
60,3,63.533934250032,59,0,0.500399894357246,"FISHED",0.141501374356449,0.25,1,"LOW HIGH LOW",NA
60,4,134.366512014829,61,2,2.49974523333995,"FISHED",0.125921257259324,0.25,1,"LOW HIGH LOW",NA
60,5,61.7615136161827,59,0,0.498696121305137,"M",0.141501374356449,0.25,1,"LOW HIGH LOW",NA
60,6,129.702407930633,61,2,2.50067304794067,"M",0.125921257259324,0.25,1,"LOW HIGH LOW",NA
60,7,61.9141765071138,59,0,0.500982487825608,"M",0.141501374356449,0.25,1,"LOW HIGH LOW",NA
60,8,98.4817767581903,60,1,1.49936260351541,"M",0.191824947181158,0.25,1,"LOW HIGH LOW",NA
60,9,261.186193004418,69,10,10.499085192125,"FISHED",0.398333828290924,0.25,1,"LOW HIGH LOW",NA
60,10,97.3034362227916,60,1,1.5012995996125,"FISHED",0.191824947181158,0.25,1,"LOW HIGH LOW",NA
60,11,93.3469730867816,60,1,1.5003119796481,"FISHED",0.191824947181158,0.25,1,"LOW HIGH LOW",NA
60,12,125.091561826276,61,2,2.49924971730062,"FISHED",0.125921257259324,0.25,1,"LOW HIGH LOW",NA
61,1,101.493050915468,61,1,1.50072774880072,"M",0.125921257259324,0.25,1,"LOW HIGH LOW",NA
61,2,96.7142186755197,61,1,1.49960387843422,"M",0.125921257259324,0.25,1,"LOW HIGH LOW",NA
61,3,143.323233503528,63,3,3.49988463663851,"FISHED",0.186276326212101,0.25,1,"LOW HIGH LOW",NA
61,4,99.3728133600039,61,1,1.49950656962141,"FISHED",0.125921257259324,0.25,1,"LOW HIGH LOW",NA
61,5,98.2797183496421,61,1,1.50060108697326,"FISHED",0.125921257259324,0.25,1,"LOW HIGH LOW",NA
61,6,91.515370714567,61,1,1.49902128309527,"M",0.125921257259324,0.25,1,"LOW HIGH LOW",NA
61,7,59.090291431848,60,0,0.498861659162532,"FISHED",0.191824947181158,0.25,1,"LOW HIGH LOW",NA
61,8,94.6514058215064,61,1,1.50040296247514,"FISHED",0.125921257259324,0.25,1,"LOW HIGH LOW",NA
61,9,65.5460815723106,60,0,0.501161938842241,"M",0.191824947181158,0.25,1,"LOW HIGH LOW",NA
61,10,213.896804098123,71,11,11.501275119409,"M",0.375211534043774,0.25,1,"LOW HIGH LOW",NA
61,11,135.347449922075,62,2,2.49874383229912,"M",0.131260884250514,0.25,1,"LOW HIGH LOW",NA
61,12,173.04943155352,65,5,5.49928286968834,"M",0.19847925377544,0.25,1,"LOW HIGH LOW",NA
62,1,182.784531397701,67,6,6.50086744316423,"FISHED",0.335185407963581,0.25,1,"LOW HIGH LOW",NA
62,2,99.936792071099,62,1,1.49725909583181,"FISHED",0.131260884250514,0.25,1,"LOW HIGH LOW",NA
62,3,102.725113189188,62,1,1.50016613557893,"FISHED",0.131260884250514,0.25,1,"LOW HIGH LOW",NA
62,4,94.0427027256914,62,1,1.50101117105843,"FISHED",0.131260884250514,0.25,1,"LOW HIGH LOW",NA
62,5,170.644452395375,65,4,4.49825560719675,"M",0.19847925377544,0.25,1,"LOW HIGH LOW",NA
62,6,211.535233444074,71,10,10.4998648373438,"M",0.375211534043774,0.25,1,"LOW HIGH LOW",NA
62,7,122.945000876666,63,2,2.50155716957463,"FISHED",0.186276326212101,0.25,1,"LOW HIGH LOW",NA
62,8,151.961971734912,64,3,3.50113170407189,"M",0.182190519245341,0.25,1,"LOW HIGH LOW",NA
62,9,161.645583740338,65,4,4.49931140111126,"FISHED",0.19847925377544,0.25,1,"LOW HIGH LOW",NA
62,10,115.812094217471,63,2,2.49951251614729,"M",0.186276326212101,0.25,1,"LOW HIGH LOW",NA
62,11,62.2424781304629,61,0,0.499674299835886,"M",0.125921257259324,0.25,1,"LOW HIGH LOW",NA
62,12,63.8464682930081,61,0,0.500501825990262,"M",0.125921257259324,0.25,1,"LOW HIGH LOW",NA
62,13,132.830108843119,63,2,2.50039950533593,"FISHED",0.186276326212101,0.25,1,"LOW HIGH LOW",NA
62,14,195.64893445003,67,6,6.4981985983235,"FISHED",0.335185407963581,0.25,1,"LOW HIGH LOW",NA
63,1,130.729711861649,64,2,2.49953022661446,"M",0.182190519245341,0.25,1,"LOW HIGH LOW",NA
63,2,64.3420404019899,62,0,0.501102521650782,"M",0.131260884250514,0.25,1,"LOW HIGH LOW",NA
63,3,101.792345993043,63,1,1.50148666243077,"M",0.186276326212101,0.25,1,"LOW HIGH LOW",NA
63,4,96.8912481683066,63,1,1.50002410277201,"M",0.186276326212101,0.25,1,"LOW HIGH LOW",NA
63,5,65.5556458719715,62,0,0.500595352645596,"FISHED",0.131260884250514,0.25,1,"LOW HIGH LOW",NA
63,6,91.7457208103459,63,1,1.5010798607041,"FISHED",0.186276326212101,0.25,1,"LOW HIGH LOW",NA
63,7,95.8185832002425,63,1,1.49903092805448,"M",0.186276326212101,0.25,1,"LOW HIGH LOW",NA
63,8,207.038601304629,70,8,8.5015139241479,"FISHED",0.303114579874091,0.25,1,"LOW HIGH LOW",NA
63,9,60.9235206786195,62,0,0.49929782531138,"M",0.131260884250514,0.25,1,"LOW HIGH LOW",NA
63,10,102.805720646053,63,1,1.50177510676537,"FISHED",0.186276326212101,0.25,1,"LOW HIGH LOW",NA
63,11,62.6386899030699,62,0,0.500095269231004,"FISHED",0.131260884250514,0.25,1,"LOW HIGH LOW",NA
64,1,96.2359320717147,64,1,1.50043102688098,"FISHED",0.182190519245341,0.25,1,"LOW HIGH LOW",NA
64,2,97.111050897421,64,1,1.50057075319118,"FISHED",0.182190519245341,0.25,1,"LOW HIGH LOW",NA
64,3,101.987195948849,64,1,1.49957038233287,"M",0.182190519245341,0.25,1,"LOW HIGH LOW",NA
64,4,126.936073109714,65,2,2.50120183261071,"M",0.19847925377544,0.25,1,"LOW HIGH LOW",NA
64,5,100.790141407137,64,1,1.49932052731646,"M",0.182190519245341,0.25,1,"LOW HIGH LOW",NA
64,6,61.7271735973104,63,0,0.499525640757142,"FISHED",0.186276326212101,0.25,1,"LOW HIGH LOW",NA
64,7,168.830211666643,68,5,5.50008638191368,"FISHED",0.391645910404623,0.25,1,"LOW HIGH LOW",NA
64,8,96.4448555463527,64,1,1.50027247407182,"M",0.182190519245341,0.25,1,"LOW HIGH LOW",NA
64,9,62.1804226237473,63,0,0.500389497245877,"M",0.186276326212101,0.25,1,"LOW HIGH LOW",NA
64,10,148.400598989932,66,3,3.49867694513198,"FISHED",0.152235419442877,0.25,1,"LOW HIGH LOW",NA
64,11,93.995226702102,64,1,1.49954787280363,"M",0.182190519245341,0.25,1,"LOW HIGH LOW",NA
65,1,61.4160011008198,64,0,0.499452006581163,"M",0.182190519245341,0.25,1,"LOW HIGH LOW",NA
65,2,130.871053191535,66,2,2.50137664585507,"FISHED",0.152235419442877,0.25,1,"LOW HIGH LOW",NA
65,3,59.258575989043,64,0,0.500325949068353,"M",0.182190519245341,0.25,1,"LOW HIGH LOW",NA
65,4,128.136791810433,66,2,2.49890450331935,"M",0.152235419442877,0.25,1,"LOW HIGH LOW",NA
65,5,143.122552637699,67,3,3.50073259198219,"FISHED",0.335185407963581,0.25,1,"LOW HIGH LOW",NA
65,6,63.2729789024295,64,0,0.500705019590957,"FISHED",0.182190519245341,0.25,1,"LOW HIGH LOW",NA
65,7,63.6938825720491,64,0,0.499873888725856,"M",0.182190519245341,0.25,1,"LOW HIGH LOW",NA
65,8,101.148432434682,65,1,1.49973838483385,"FISHED",0.19847925377544,0.25,1,"LOW HIGH LOW",NA
65,9,183.688831398776,68,4,4.49976924956845,"FISHED",0.391645910404623,0.25,1,"LOW HIGH LOW",NA
65,10,97.7137649919199,65,1,1.49969812508392,"FISHED",0.19847925377544,0.25,1,"LOW HIGH LOW",NA
65,11,62.373920421133,64,0,0.499407925910622,"FISHED",0.182190519245341,0.25,1,"LOW HIGH LOW",NA
66,1,121.489838987634,67,2,2.50031613431814,"FISHED",0.335185407963581,0.25,1,"LOW HIGH LOW",NA
66,2,191.320198086662,71,6,6.5006518652782,"M",0.375211534043774,0.25,1,"LOW HIGH LOW",NA
66,3,123.878303023245,67,2,2.50169755970522,"FISHED",0.335185407963581,0.25,1,"LOW HIGH LOW",NA
66,4,131.747871461485,67,2,2.50075882090725,"M",0.335185407963581,0.25,1,"LOW HIGH LOW",NA
66,5,133.066025368686,67,2,2.49921161569699,"M",0.335185407963581,0.25,1,"LOW HIGH LOW",NA
66,6,134.700256745483,68,3,3.49936004269155,"FISHED",0.391645910404623,0.25,1,"LOW HIGH LOW",NA
66,7,168.943593287044,68,3,3.5008340915821,"M",0.391645910404623,0.25,1,"LOW HIGH LOW",NA
66,8,62.7106422679999,65,0,0.499528435422469,"FISHED",0.19847925377544,0.25,1,"LOW HIGH LOW",NA
66,9,163.161019823564,68,3,3.49979197509942,"M",0.391645910404623,0.25,1,"LOW HIGH LOW",NA
66,10,123.981494680529,67,2,2.49999683964941,"M",0.335185407963581,0.25,1,"LOW HIGH LOW",NA
66,11,60.0655446876287,65,0,0.500346163645826,"FISHED",0.19847925377544,0.25,1,"LOW HIGH LOW",NA
66,12,128.978224415504,67,2,2.50097189794041,"FISHED",0.335185407963581,0.25,1,"LOW HIGH LOW",NA
66,13,176.441988642163,69,4,4.50051568563599,"FISHED",0.398333828290924,0.25,1,"LOW HIGH LOW",NA
67,1,96.7116790233944,67,1,1.49870143413285,"FISHED",0.335185407963581,0.25,1,"LOW HIGH LOW",NA
67,2,129.690887685391,68,2,2.49978957309804,"FISHED",0.391645910404623,0.25,1,"LOW HIGH LOW",NA
67,3,121.338522879294,68,2,2.50039724577738,"M",0.391645910404623,0.25,1,"LOW HIGH LOW",NA
67,4,176.518857036218,71,5,5.50113536416192,"M",0.375211534043774,0.25,1,"LOW HIGH LOW",NA
67,5,101.72979091597,67,1,1.49958440920698,"M",0.335185407963581,0.25,1,"LOW HIGH LOW",NA
67,6,197.062345984757,71,5,5.50051997940534,"FISHED",0.375211534043774,0.25,1,"LOW HIGH LOW",NA
67,7,62.8088666631727,66,0,0.500951477164343,"FISHED",0.152235419442877,0.25,1,"LOW HIGH LOW",NA
67,8,163.244985448353,70,4,4.49789565061323,"FISHED",0.303114579874091,0.25,1,"LOW HIGH LOW",NA
67,9,184.865233476133,71,5,5.49840844490714,"FISHED",0.375211534043774,0.25,1,"LOW HIGH LOW",NA
67,10,62.3591840373348,66,0,0.498433483760776,"M",0.152235419442877,0.25,1,"LOW HIGH LOW",NA
67,11,129.851514537824,68,2,2.50066767111071,"FISHED",0.391645910404623,0.25,1,"LOW HIGH LOW",NA
67,12,166.564416803484,71,5,5.49799257973704,"M",0.375211534043774,0.25,1,"LOW HIGH LOW",NA
68,1,120.349894210854,69,2,2.49859573624088,"M",0.398333828290924,0.25,1,"LOW HIGH LOW",NA
68,2,96.7588184853424,68,1,1.50021336709134,"FISHED",0.391645910404623,0.25,1,"LOW HIGH LOW",NA
68,3,101.908052623026,68,1,1.50082464872166,"M",0.391645910404623,0.25,1,"LOW HIGH LOW",NA
68,4,97.2539348161354,68,1,1.50122756832426,"M",0.391645910404623,0.25,1,"LOW HIGH LOW",NA
68,5,62.7845006349245,67,0,0.498842755631318,"M",0.335185407963581,0.25,1,"LOW HIGH LOW",NA
68,6,142.857472488081,70,3,3.50088661453293,"FISHED",0.303114579874091,0.25,1,"LOW HIGH LOW",NA
68,7,63.4513297640912,67,0,0.499485668444361,"FISHED",0.335185407963581,0.25,1,"LOW HIGH LOW",NA
68,8,62.6984285456865,67,0,0.501397777373896,"FISHED",0.335185407963581,0.25,1,"LOW HIGH LOW",NA
68,9,130.322859307936,69,2,2.50117358770789,"M",0.398333828290924,0.25,1,"LOW HIGH LOW",NA
69,1,133.047954972972,70,2,2.49961383132667,"FISHED",0.303114579874091,0.25,1,"LOW HIGH LOW",NA
69,2,63.3591608631808,68,0,0.50028714301981,"M",0.391645910404623,0.25,1,"LOW HIGH LOW",NA
69,3,97.7493744684564,69,1,1.50173292329802,"M",0.398333828290924,0.25,1,"LOW HIGH LOW",NA
69,4,156.727453661123,71,3,3.49955614398642,"FISHED",0.375211534043774,0.25,1,"LOW HIGH LOW",NA
69,5,66.6426692257541,68,0,0.497698909973753,"M",0.391645910404623,0.25,1,"LOW HIGH LOW",NA
69,6,60.7603463244799,68,0,0.498921882697966,"FISHED",0.391645910404623,0.25,1,"LOW HIGH LOW",NA
69,7,65.0722811788461,68,0,0.498935757074268,"FISHED",0.391645910404623,0.25,1,"LOW HIGH LOW",NA
69,8,104.52098677695,69,1,1.50054233654967,"M",0.398333828290924,0.25,1,"LOW HIGH LOW",NA
69,9,114.617829795037,70,2,2.50014361912312,"FISHED",0.303114579874091,0.25,1,"LOW HIGH LOW",NA
69,10,63.0119100266848,68,0,0.499874311213214,"M",0.391645910404623,0.25,1,"LOW HIGH LOW",NA
69,11,62.0423606457503,68,0,0.501413500042549,"FISHED",0.391645910404623,0.25,1,"LOW HIGH LOW",NA
69,12,97.4785817285513,69,1,1.4991961637793,"FISHED",0.398333828290924,0.25,1,"LOW HIGH LOW",NA
69,13,119.077419997816,70,2,2.49988482312419,"FISHED",0.303114579874091,0.25,1,"LOW HIGH LOW",NA
70,1,98.4336638965528,70,1,1.5007725236146,"M",0.303114579874091,0.25,1,"LOW HIGH LOW",NA
70,2,63.7636103456173,69,0,0.4991909296175,"M",0.398333828290924,0.25,1,"LOW HIGH LOW",NA
70,3,123.247865270086,71,2,2.50031332408386,"M",0.375211534043774,0.25,1,"LOW HIGH LOW",NA
70,4,102.644801562312,70,1,1.49787450799221,"M",0.303114579874091,0.25,1,"LOW HIGH LOW",NA
70,5,101.341093659679,70,1,1.49945674918685,"M",0.303114579874091,0.25,1,"LOW HIGH LOW",NA
70,6,60.7241261809377,69,0,0.499556932641659,"FISHED",0.398333828290924,0.25,1,"LOW HIGH LOW",NA
70,7,62.4609989821589,69,0,0.49939891809127,"M",0.398333828290924,0.25,1,"LOW HIGH LOW",NA
70,8,161.4732007,73,4,4.4993723410754,"FISHED",0.368576987576671,0.25,1,"LOW HIGH LOW",NA
70,9,62.2226893625685,69,0,0.49996774266786,"M",0.398333828290924,0.25,1,"LOW HIGH LOW",NA
70,10,60.6037573102225,69,0,0.501353231343989,"FISHED",0.398333828290924,0.25,1,"LOW HIGH LOW",NA
70,11,99.9784161615964,70,1,1.49928839815915,"M",0.303114579874091,0.25,1,"LOW HIGH LOW",NA
70,12,62.1265845085197,69,0,0.499692541742956,"M",0.398333828290924,0.25,1,"LOW HIGH LOW",NA
71,1,66.2274185590691,70,0,0.498994105274444,"M",0.303114579874091,0.25,1,"LOW HIGH LOW",NA
71,2,98.5190166561467,71,1,1.50137476683403,"FISHED",0.375211534043774,0.25,1,"LOW HIGH LOW",NA
71,3,98.5031252573626,71,1,1.50077525466727,"FISHED",0.375211534043774,0.25,1,"LOW HIGH LOW",NA
71,4,63.5161095797094,70,0,0.499441568622819,"FISHED",0.303114579874091,0.25,1,"LOW HIGH LOW",NA
71,5,60.8496378520142,70,0,0.498931327133796,"M",0.303114579874091,0.25,1,"LOW HIGH LOW",NA
71,6,102.773094953505,71,1,1.50063825245275,"M",0.375211534043774,0.25,1,"LOW HIGH LOW",NA
71,7,124.257635773991,72,2,2.50057953683833,"FISHED",0.342200085776858,0.25,1,"LOW HIGH LOW",NA
71,8,63.8956823171212,70,0,0.500912495689122,"M",0.303114579874091,0.25,1,"LOW HIGH LOW",NA
71,9,165.023406988333,74,4,4.49940456841466,"FISHED",0.367295646388084,0.25,1,"LOW HIGH LOW",NA
71,10,62.0623398737987,70,0,0.499302957853035,"M",0.303114579874091,0.25,1,"LOW HIGH LOW",NA
71,11,129.519942391499,72,2,2.49938168531343,"FISHED",0.342200085776858,0.25,1,"LOW HIGH LOW",NA
71,12,64.3369632095499,70,0,0.499764276544375,"M",0.303114579874091,0.25,1,"LOW HIGH LOW",NA
72,1,65.7135772123378,71,0,0.501006139364793,"M",0.375211534043774,0.25,1,"LOW HIGH LOW",NA
72,2,138.541015225692,73,2,2.50232393933312,"M",0.368576987576671,0.25,1,"LOW HIGH LOW",NA
72,3,209.465729114437,77,6,6.49969983728518,"FISHED",0.362016787123866,0.25,1,"LOW HIGH LOW",NA
72,4,60.0283239682585,71,0,0.499684456097912,"FISHED",0.375211534043774,0.25,1,"LOW HIGH LOW",NA
72,5,63.2603757211269,71,0,0.499002324305908,"M",0.375211534043774,0.25,1,"LOW HIGH LOW",NA
72,6,231.87310556853,80,9,9.50111746411168,"FISHED",0.338765952014364,0.25,1,"LOW HIGH LOW",NA
72,7,151.589309826423,74,3,3.50143695199361,"M",0.367295646388084,0.25,1,"LOW HIGH LOW",NA
72,8,118.192892580185,73,2,2.50198456996847,"FISHED",0.368576987576671,0.25,1,"LOW HIGH LOW",NA
72,9,64.3498139999724,71,0,0.499155464154328,"M",0.375211534043774,0.25,1,"LOW HIGH LOW",NA
72,10,61.3023245222371,71,0,0.500656618948496,"M",0.375211534043774,0.25,1,"LOW HIGH LOW",NA
72,11,98.7324837851706,72,1,1.50013421705025,"FISHED",0.342200085776858,0.25,1,"LOW HIGH LOW",NA
73,1,94.1865914085577,73,1,1.50041715176857,"M",0.368576987576671,0.25,1,"LOW HIGH LOW",NA
73,2,96.9715360801653,73,1,1.49699000225259,"M",0.368576987576671,0.25,1,"LOW HIGH LOW",NA
73,3,141.342291665572,75,3,3.50067797324924,"M",0.38985583933536,0.25,1,"LOW HIGH LOW",NA
73,4,60.0296932097542,72,0,0.500410215880192,"FISHED",0.342200085776858,0.25,1,"LOW HIGH LOW",NA
73,5,126.422253077337,74,2,2.49892200351681,"FISHED",0.367295646388084,0.25,1,"LOW HIGH LOW",NA
73,6,63.5154569277929,72,0,0.498908172785923,"FISHED",0.342200085776858,0.25,1,"LOW HIGH LOW",NA
73,7,190.173988506226,77,5,5.50075833670889,"FISHED",0.362016787123866,0.25,1,"LOW HIGH LOW",NA
73,8,64.9923510490102,72,0,0.500411891025395,"M",0.342200085776858,0.25,1,"LOW HIGH LOW",NA
73,9,92.7032458089594,73,1,1.50029434112094,"FISHED",0.368576987576671,0.25,1,"LOW HIGH LOW",NA
73,10,101.602124134255,73,1,1.50145174629705,"M",0.368576987576671,0.25,1,"LOW HIGH LOW",NA
73,11,60.2427947091978,72,0,0.50078971345719,"FISHED",0.342200085776858,0.25,1,"LOW HIGH LOW",NA
74,1,62.5998167968139,73,0,0.499779929139149,"FISHED",0.368576987576671,0.25,1,"LOW HIGH LOW",NA
74,2,60.4359515466354,73,0,0.500043370690688,"M",0.368576987576671,0.25,1,"LOW HIGH LOW",NA
74,3,103.174942022692,74,1,1.500022880535,"FISHED",0.367295646388084,0.25,1,"LOW HIGH LOW",NA
74,4,61.5406864132772,73,0,0.499544751863845,"FISHED",0.368576987576671,0.25,1,"LOW HIGH LOW",NA
74,5,60.1592532843786,73,0,0.498147825971647,"FISHED",0.368576987576671,0.25,1,"LOW HIGH LOW",NA
75,1,61.7531423328196,74,0,0.501673663356528,"M",0.367295646388084,0.25,1,"LOW HIGH LOW",NA
75,2,63.2597409322957,74,0,0.50052459866661,"M",0.367295646388084,0.25,1,"LOW HIGH LOW",NA
75,3,101.873238998935,75,1,1.50052756313555,"FISHED",0.38985583933536,0.25,1,"LOW HIGH LOW",NA
75,4,158.957063034379,77,3,3.49924629499702,"FISHED",0.362016787123866,0.25,1,"LOW HIGH LOW",NA
75,5,115.918404412048,76,2,2.50005670430079,"FISHED",0.302145253471099,0.25,1,"LOW HIGH LOW",NA
75,6,64.2278867414928,74,0,0.500748609313532,"M",0.367295646388084,0.25,1,"LOW HIGH LOW",NA
75,7,135.284055924037,76,2,2.49936700395862,"M",0.302145253471099,0.25,1,"LOW HIGH LOW",NA
75,8,64.1945820042214,74,0,0.500473987336701,"M",0.367295646388084,0.25,1,"LOW HIGH LOW",NA
75,9,63.1001955809467,74,0,0.500329216630117,"M",0.367295646388084,0.25,1,"LOW HIGH LOW",NA
75,10,65.1531574830452,74,0,0.500201571073728,"FISHED",0.367295646388084,0.25,1,"LOW HIGH LOW",NA
76,1,166.187415378784,80,5,5.50062618771026,"M",0.338765952014364,0.25,1,"LOW HIGH LOW",NA
76,2,63.810037958312,75,0,0.498437508019702,"M",0.38985583933536,0.25,1,"LOW HIGH LOW",NA
76,3,93.6350366088496,76,1,1.4989802014388,"FISHED",0.302145253471099,0.25,1,"LOW HIGH LOW",NA
76,4,144.032509424251,78,3,3.49909402514006,"FISHED",0.392004933604039,0.25,1,"LOW HIGH LOW",NA
76,5,100.895207158344,76,1,1.50005032065342,"M",0.302145253471099,0.25,1,"LOW HIGH LOW",NA
76,6,63.0541392131692,75,0,0.500506733591423,"FISHED",0.38985583933536,0.25,1,"LOW HIGH LOW",NA
76,7,155.082235454776,78,3,3.50083156074813,"FISHED",0.392004933604039,0.25,1,"LOW HIGH LOW",NA
76,8,61.3165814573334,75,0,0.499112799734451,"FISHED",0.38985583933536,0.25,1,"LOW HIGH LOW",NA
76,9,62.9286521225893,75,0,0.499974112080628,"FISHED",0.38985583933536,0.25,1,"LOW HIGH LOW",NA
76,10,115.3381050116,77,2,2.49994236678137,"FISHED",0.362016787123866,0.25,1,"LOW HIGH LOW",NA
77,1,191.902539886375,81,5,5.49975758255327,"M",0.376725036790594,0.25,1,"LOW HIGH LOW",NA
77,2,62.4154453655223,76,0,0.501202302893912,"FISHED",0.302145253471099,0.25,1,"LOW HIGH LOW",NA
77,3,161.860339292172,80,4,4.49886772635575,"M",0.338765952014364,0.25,1,"LOW HIGH LOW",NA
77,4,63.1579220445486,76,0,0.499260173843911,"M",0.302145253471099,0.25,1,"LOW HIGH LOW",NA
77,5,98.0507848631814,77,1,1.50017528697205,"FISHED",0.362016787123866,0.25,1,"LOW HIGH LOW",NA
77,6,59.6338989276873,76,0,0.499787563680002,"FISHED",0.302145253471099,0.25,1,"LOW HIGH LOW",NA
77,7,65.3968867932034,76,0,0.498759887925374,"M",0.302145253471099,0.25,1,"LOW HIGH LOW",NA
77,8,61.6109724150987,76,0,0.500874878380922,"FISHED",0.302145253471099,0.25,1,"LOW HIGH LOW",NA
77,9,62.7372234295405,76,0,0.500675565660496,"M",0.302145253471099,0.25,1,"LOW HIGH LOW",NA
77,10,90.6394192156898,77,1,1.50015514383684,"M",0.362016787123866,0.25,1,"LOW HIGH LOW",NA
78,1,174.723964806197,82,5,5.50025273591778,"FISHED",0.35925564840436,0.25,1,"LOW HIGH LOW",NA
78,2,95.582517532014,78,1,1.50030343689553,"FISHED",0.392004933604039,0.25,1,"LOW HIGH LOW",NA
78,3,96.0684004404302,78,1,1.49897440460503,"M",0.392004933604039,0.25,1,"LOW HIGH LOW",NA
78,4,99.1940822187543,78,1,1.50067645106539,"FISHED",0.392004933604039,0.25,1,"LOW HIGH LOW",NA
78,5,128.469534625872,79,2,2.49913137921986,"M",0.349689372326247,0.25,1,"LOW HIGH LOW",NA
78,6,103.429413955749,78,1,1.49971916862998,"M",0.392004933604039,0.25,1,"LOW HIGH LOW",NA
78,7,62.1057795974304,77,0,0.49969393416057,"M",0.362016787123866,0.25,1,"LOW HIGH LOW",NA
78,8,100.162592455444,78,1,1.50054235919717,"FISHED",0.392004933604039,0.25,1,"LOW HIGH LOW",NA
78,9,95.1616830405418,78,1,1.49990868958132,"FISHED",0.392004933604039,0.25,1,"LOW HIGH LOW",NA
79,1,119.230329704645,80,2,2.49922829542187,"FISHED",0.338765952014364,0.25,1,"LOW HIGH LOW",NA
79,2,175.299669727479,82,4,4.49938042647235,"FISHED",0.35925564840436,0.25,1,"LOW HIGH LOW",NA
79,3,97.9848796108434,79,1,1.50016967999717,"FISHED",0.349689372326247,0.25,1,"LOW HIGH LOW",NA
79,4,96.2963830940251,79,1,1.49998704952263,"M",0.349689372326247,0.25,1,"LOW HIGH LOW",NA
79,5,63.7476266513664,78,0,0.499070192252372,"M",0.392004933604039,0.25,1,"LOW HIGH LOW",NA
79,6,64.9547837653939,78,0,0.499546646633509,"M",0.392004933604039,0.25,1,"LOW HIGH LOW",NA
79,7,135.456919092074,81,3,3.50152168261879,"M",0.376725036790594,0.25,1,"LOW HIGH LOW",NA
79,8,125.669808967063,80,2,2.49956735069682,"FISHED",0.338765952014364,0.25,1,"LOW HIGH LOW",NA
79,9,97.0947409825802,79,1,1.49923860932548,"FISHED",0.349689372326247,0.25,1,"LOW HIGH LOW",NA
79,10,63.2549024474984,78,0,0.500120436712965,"M",0.392004933604039,0.25,1,"LOW HIGH LOW",NA
79,11,131.896289320381,80,2,2.49955655208191,"FISHED",0.338765952014364,0.25,1,"LOW HIGH LOW",NA
79,12,61.3129326244118,78,0,0.500776683883873,"FISHED",0.392004933604039,0.25,1,"LOW HIGH LOW",NA
80,1,63.1368153980037,79,0,0.500753433995972,"M",0.349689372326247,0.25,1,"LOW HIGH LOW",NA
80,2,61.6892684676718,79,0,0.501824895295911,"M",0.349689372326247,0.25,1,"LOW HIGH LOW",NA
80,3,98.5639129026504,80,1,1.49827783932983,"FISHED",0.338765952014364,0.25,1,"LOW HIGH LOW",NA
80,4,63.0913641010163,79,0,0.499874138243532,"M",0.349689372326247,0.25,1,"LOW HIGH LOW",NA
80,5,99.8382392708951,80,1,1.49947340130653,"M",0.338765952014364,0.25,1,"LOW HIGH LOW",NA
80,6,63.6684875810363,79,0,0.499995204506826,"M",0.349689372326247,0.25,1,"LOW HIGH LOW",NA
80,7,161.788899849697,83,4,4.49739585817538,"FISHED",0.310647388035432,0.25,1,"LOW HIGH LOW",NA
80,8,66.2756897221372,79,0,0.500691841522153,"FISHED",0.349689372326247,0.25,1,"LOW HIGH LOW",NA
80,9,103.166553009866,80,1,1.49781711799993,"FISHED",0.338765952014364,0.25,1,"LOW HIGH LOW",NA
80,10,164.831802426441,83,4,4.49894451620075,"FISHED",0.310647388035432,0.25,1,"LOW HIGH LOW",NA
81,1,135.775124963824,82,2,2.49908556962109,"FISHED",0.35925564840436,0.25,1,"LOW HIGH LOW",NA
81,2,62.2560047491434,80,0,0.499494153247206,"M",0.338765952014364,0.25,1,"LOW HIGH LOW",NA
81,3,63.5279724155891,80,0,0.499388868493968,"FISHED",0.338765952014364,0.25,1,"LOW HIGH LOW",NA
81,4,62.0187583708511,80,0,0.498576067881869,"FISHED",0.338765952014364,0.25,1,"LOW HIGH LOW",NA
81,5,171.898931753377,86,6,6.49900678858113,"FISHED",0.16803851746954,0.25,1,"LOW HIGH LOW",NA
81,6,97.8118211716073,81,1,1.50016841401222,"FISHED",0.376725036790594,0.25,1,"LOW HIGH LOW",NA
81,7,107.440228326778,81,1,1.50030819715333,"FISHED",0.376725036790594,0.25,1,"LOW HIGH LOW",NA
81,8,99.0108039792061,81,1,1.49858079056439,"FISHED",0.376725036790594,0.25,1,"LOW HIGH LOW",NA
81,9,59.9373035223022,80,0,0.499769517387827,"M",0.338765952014364,0.25,1,"LOW HIGH LOW",NA
81,10,144.057992943674,83,3,3.49989093569959,"FISHED",0.310647388035432,0.25,1,"LOW HIGH LOW",NA
82,1,63.4384500820272,81,0,0.497790573913714,"M",0.376725036790594,0.25,1,"LOW HIGH LOW",NA
82,2,93.6527487569184,82,1,1.50072204294112,"FISHED",0.35925564840436,0.25,1,"LOW HIGH LOW",NA
82,3,99.3048026252103,82,1,1.49912528514108,"M",0.35925564840436,0.25,1,"LOW HIGH LOW",NA
82,4,117.911959276933,83,2,2.49960010503336,"FISHED",0.310647388035432,0.25,1,"LOW HIGH LOW",NA
82,5,104.151326301568,82,1,1.49918259854671,"M",0.35925564840436,0.25,1,"LOW HIGH LOW",NA
82,6,63.8416851663055,81,0,0.49916698270531,"FISHED",0.376725036790594,0.25,1,"LOW HIGH LOW",NA
82,7,61.4929369989904,81,0,0.500976023266168,"FISHED",0.376725036790594,0.25,1,"LOW HIGH LOW",NA
82,8,60.1172582236148,81,0,0.50082937577235,"FISHED",0.376725036790594,0.25,1,"LOW HIGH LOW",NA
82,9,128.855113415194,83,2,2.50186542649023,"FISHED",0.310647388035432,0.25,1,"LOW HIGH LOW",NA
82,10,91.8729673950109,82,1,1.49995619016113,"M",0.35925564840436,0.25,1,"LOW HIGH LOW",NA
83,1,139.493383720771,85,3,3.50178784568329,"M",0.153423181991093,0.25,1,"LOW HIGH LOW",NA
83,2,99.1058553090147,83,1,1.49896425888479,"M",0.310647388035432,0.25,1,"LOW HIGH LOW",NA
83,3,98.2819437041801,83,1,1.50114335060125,"M",0.310647388035432,0.25,1,"LOW HIGH LOW",NA
83,4,61.774225843843,82,0,0.499787982303473,"M",0.35925564840436,0.25,1,"LOW HIGH LOW",NA
83,5,66.0263962597483,82,0,0.498880451157515,"M",0.35925564840436,0.25,1,"LOW HIGH LOW",NA
83,6,198.39206741603,88,6,6.50210301115672,"M",0.147575531736948,0.25,1,"LOW HIGH LOW",NA
83,7,165.071185703224,88,6,6.50091033453281,"M",0.147575531736948,0.25,1,"LOW HIGH LOW",NA
83,8,127.161539762353,84,2,2.4994559367228,"FISHED",0.192547507374547,0.25,1,"LOW HIGH LOW",NA
83,9,150.869874911577,85,3,3.49987404737036,"M",0.153423181991093,0.25,1,"LOW HIGH LOW",NA
84,1,59.2626276580353,83,0,0.499866262863507,"M",0.310647388035432,0.25,1,"LOW HIGH LOW",NA
84,2,99.2665680438211,84,1,1.50013904956203,"M",0.192547507374547,0.25,1,"LOW HIGH LOW",NA
84,3,163.642491940558,87,4,4.4996988977793,"FISHED",0.177082845964469,0.25,1,"LOW HIGH LOW",NA
84,4,132.423735677453,85,2,2.49933582423269,"M",0.153423181991093,0.25,1,"LOW HIGH LOW",NA
84,5,152.200050890009,86,3,3.50038310466616,"FISHED",0.16803851746954,0.25,1,"LOW HIGH LOW",NA
84,6,63.0450613017181,83,0,0.500877671288019,"M",0.310647388035432,0.25,1,"LOW HIGH LOW",NA
84,7,101.714904273088,84,1,1.49949545088827,"FISHED",0.192547507374547,0.25,1,"LOW HIGH LOW",NA
84,8,63.0893550888473,83,0,0.50189491377569,"FISHED",0.310647388035432,0.25,1,"LOW HIGH LOW",NA
84,9,102.4883939194,84,1,1.49880472555639,"FISHED",0.192547507374547,0.25,1,"LOW HIGH LOW",NA
85,1,60.1574883597674,84,0,0.498552287528979,"M",0.192547507374547,0.25,1,"LOW HIGH LOW",NA
85,2,97.6389923290305,85,1,1.49808055431232,"FISHED",0.153423181991093,0.25,1,"LOW HIGH LOW",NA
85,3,132.431974861911,86,2,2.49982925567803,"M",0.16803851746954,0.25,1,"LOW HIGH LOW",NA
85,4,62.5562237895802,84,0,0.499558953810341,"FISHED",0.192547507374547,0.25,1,"LOW HIGH LOW",NA
85,5,126.798962869116,86,2,2.50072453759919,"M",0.16803851746954,0.25,1,"LOW HIGH LOW",NA
85,6,150.116719529248,88,4,4.4987779592031,"FISHED",0.147575531736948,0.25,1,"LOW HIGH LOW",NA
85,7,102.323176998635,85,1,1.49922402843485,"M",0.153423181991093,0.25,1,"LOW HIGH LOW",NA
85,8,63.6315308650523,84,0,0.500643193238194,"M",0.192547507374547,0.25,1,"LOW HIGH LOW",NA
85,9,90.0594549575685,85,1,1.50095712426129,"M",0.153423181991093,0.25,1,"LOW HIGH LOW",NA
85,10,62.5011779191219,84,0,0.501374544294468,"M",0.192547507374547,0.25,1,"LOW HIGH LOW",NA
85,11,122.801510451969,86,2,2.49928086131244,"FISHED",0.16803851746954,0.25,1,"LOW HIGH LOW",NA
86,1,62.8297137556927,85,0,0.500036877483491,"M",0.153423181991093,0.25,1,"LOW HIGH LOW",NA
86,2,144.24322067558,88,3,3.50099028440293,"M",0.147575531736948,0.25,1,"LOW HIGH LOW",NA
86,3,142.563341065323,87,2,2.49904025823295,"FISHED",0.177082845964469,0.25,1,"LOW HIGH LOW",NA
86,4,126.552339841585,87,2,2.50226680481315,"M",0.177082845964469,0.25,1,"LOW HIGH LOW",NA
86,5,65.2226967326229,85,0,0.498409144133454,"M",0.153423181991093,0.25,1,"LOW HIGH LOW",NA
86,6,60.936344005976,85,0,0.498022298035841,"M",0.153423181991093,0.25,1,"LOW HIGH LOW",NA
86,7,63.0292813820505,85,0,0.500611957303004,"M",0.153423181991093,0.25,1,"LOW HIGH LOW",NA
87,1,158.727570081271,90,4,4.49939987236052,"M",0.174304375960492,0.25,1,"LOW HIGH LOW",NA
87,2,61.3051016675059,86,0,0.499329887484091,"M",0.16803851746954,0.25,1,"LOW HIGH LOW",NA
87,3,119.591238161192,88,2,2.50127635560869,"FISHED",0.147575531736948,0.25,1,"LOW HIGH LOW",NA
87,4,63.614047790224,86,0,0.499415889533137,"FISHED",0.16803851746954,0.25,1,"LOW HIGH LOW",NA
87,5,191.324067662484,92,6,6.50002734271983,"FISHED",0.186361738224514,0.25,1,"LOW HIGH LOW",NA
87,6,62.4531808925965,86,0,0.500963469827172,"M",0.16803851746954,0.25,1,"LOW HIGH LOW",NA
87,7,175.909768446381,92,6,6.49894094914387,"M",0.186361738224514,0.25,1,"LOW HIGH LOW",NA
87,8,141.829402429995,89,3,3.50050896070413,"FISHED",0.198084961832501,0.25,1,"LOW HIGH LOW",NA
88,1,190.83390722165,93,6,6.49945062637756,"M",0.184196373145096,0.25,1,"LOW HIGH LOW",NA
88,2,141.781433090453,90,3,3.49970432738484,"M",0.174304375960492,0.25,1,"LOW HIGH LOW",NA
88,3,62.8556824023708,87,0,0.499315112765022,"FISHED",0.177082845964469,0.25,1,"LOW HIGH LOW",NA
88,4,124.310581063639,89,2,2.50000424746439,"M",0.198084961832501,0.25,1,"LOW HIGH LOW",NA
88,5,61.5400032528389,87,0,0.500698662929749,"M",0.177082845964469,0.25,1,"LOW HIGH LOW",NA
88,6,96.4854893409457,88,1,1.50022680421833,"M",0.147575531736948,0.25,1,"LOW HIGH LOW",NA
88,7,136.966113614912,89,2,2.49956690398705,"FISHED",0.198084961832501,0.25,1,"LOW HIGH LOW",NA
88,8,100.86219793737,88,1,1.49955432127813,"M",0.147575531736948,0.25,1,"LOW HIGH LOW",NA
88,9,167.207842349386,92,5,5.49993687574458,"M",0.186361738224514,0.25,1,"LOW HIGH LOW",NA
88,10,123.893066591166,89,2,2.4995711170887,"M",0.198084961832501,0.25,1,"LOW HIGH LOW",NA
89,1,98.3396443690999,89,1,1.49922518924188,"FISHED",0.198084961832501,0.25,1,"LOW HIGH LOW",NA
89,2,135.804966860531,91,3,3.4983335270619,"FISHED",0.132497135642916,0.25,1,"LOW HIGH LOW",NA
89,3,188.685974156514,92,4,4.49956311290977,"M",0.186361738224514,0.25,1,"LOW HIGH LOW",NA
89,4,158.982401113461,91,3,3.49989315808301,"FISHED",0.132497135642916,0.25,1,"LOW HIGH LOW",NA
89,5,64.1374901770388,88,0,0.499854705411004,"FISHED",0.147575531736948,0.25,1,"LOW HIGH LOW",NA
89,6,145.382119933685,91,3,3.49822133530943,"M",0.132497135642916,0.25,1,"LOW HIGH LOW",NA
89,7,133.230890584662,90,2,2.49975019391062,"FISHED",0.174304375960492,0.25,1,"LOW HIGH LOW",NA
89,8,152.307958391825,92,4,4.50063343138982,"M",0.186361738224514,0.25,1,"LOW HIGH LOW",NA
89,9,136.041783983727,90,2,2.50035350610068,"M",0.174304375960492,0.25,1,"LOW HIGH LOW",NA
90,1,62.4011180741196,89,0,0.49877417378466,"M",0.198084961832501,0.25,1,"LOW HIGH LOW",NA
90,2,94.4152000140705,90,1,1.50132114276696,"M",0.174304375960492,0.25,1,"LOW HIGH LOW",NA
90,3,170.350215319915,93,4,4.50081550432728,"FISHED",0.184196373145096,0.25,1,"LOW HIGH LOW",NA
90,4,98.676628921509,90,1,1.50085817686624,"M",0.174304375960492,0.25,1,"LOW HIGH LOW",NA
90,5,62.5380167860667,89,0,0.499907358786049,"M",0.198084961832501,0.25,1,"LOW HIGH LOW",NA
90,6,148.148653006544,92,3,3.49975518728599,"FISHED",0.186361738224514,0.25,1,"LOW HIGH LOW",NA
90,7,131.062003158029,91,2,2.49836971331507,"M",0.132497135642916,0.25,1,"LOW HIGH LOW",NA
90,8,166.022241336517,94,5,5.50028634284765,"M",0.106122531974688,0.25,1,"LOW HIGH LOW",NA
90,9,170.988239071591,94,5,5.49915228935704,"M",0.106122531974688,0.25,1,"LOW HIGH LOW",NA
91,1,160.481429684989,94,4,4.49938184837631,"M",0.106122531974688,0.25,1,"LOW HIGH LOW",NA
91,2,62.2566952802855,90,0,0.498575367623663,"M",0.174304375960492,0.25,1,"LOW HIGH LOW",NA
91,3,63.3803518165367,90,0,0.500861039314161,"FISHED",0.174304375960492,0.25,1,"LOW HIGH LOW",NA
91,4,100.33932710295,91,1,1.49946153570839,"FISHED",0.132497135642916,0.25,1,"LOW HIGH LOW",NA
91,5,197.40674737525,98,8,8.49964662227926,"M",0.135312322760001,0.25,1,"LOW HIGH LOW",NA
91,6,122.879973055069,92,2,2.49912752477425,"FISHED",0.186361738224514,0.25,1,"LOW HIGH LOW",NA
91,7,63.6952630124467,90,0,0.500655007219081,"M",0.174304375960492,0.25,1,"LOW HIGH LOW",NA
91,8,96.4710849487957,91,1,1.49937827229553,"M",0.132497135642916,0.25,1,"LOW HIGH LOW",NA
92,1,121.202924076415,93,2,2.50186951462649,"FISHED",0.184196373145096,0.25,1,"LOW HIGH LOW",NA
92,2,101.487271506049,92,1,1.49996832455712,"FISHED",0.186361738224514,0.25,1,"LOW HIGH LOW",NA
92,3,60.5222878431094,91,0,0.499751842037806,"FISHED",0.132497135642916,0.25,1,"LOW HIGH LOW",NA
92,4,131.507965337803,93,2,2.49982191363009,"FISHED",0.184196373145096,0.25,1,"LOW HIGH LOW",NA
92,5,62.2375964120811,91,0,0.499616096819704,"M",0.132497135642916,0.25,1,"LOW HIGH LOW",NA
92,6,166.054213122769,95,4,4.49959548272201,"M",0.161814306932502,0.25,1,"LOW HIGH LOW",NA
92,7,180.501367832909,95,4,4.49962830537355,"M",0.161814306932502,0.25,1,"LOW HIGH LOW",NA
92,8,130.22744533928,93,2,2.50031659756012,"M",0.184196373145096,0.25,1,"LOW HIGH LOW",NA
92,9,62.0737855490128,91,0,0.501071311544065,"M",0.132497135642916,0.25,1,"LOW HIGH LOW",NA
92,10,165.238008726027,94,3,3.49928504914937,"M",0.106122531974688,0.25,1,"LOW HIGH LOW",NA
92,11,165.476626680698,96,5,5.49926084624926,"FISHED",0.114236132008955,0.25,1,"LOW HIGH LOW",NA
93,1,99.3828215891015,93,1,1.49944566019541,"FISHED",0.184196373145096,0.25,1,"LOW HIGH LOW",NA
93,2,87.4117240039718,93,1,1.5007504035519,"FISHED",0.184196373145096,0.25,1,"LOW HIGH LOW",NA
93,3,121.394504486075,94,2,2.49996706893883,"M",0.106122531974688,0.25,1,"LOW HIGH LOW",NA
93,4,61.392835535287,92,0,0.498492911887037,"FISHED",0.186361738224514,0.25,1,"LOW HIGH LOW",NA
93,5,165.010672703387,97,5,5.50054820397885,"M",0.198018287238665,0.25,1,"LOW HIGH LOW",NA
93,6,62.8372771506734,92,0,0.499422595242487,"M",0.186361738224514,0.25,1,"LOW HIGH LOW",NA
93,7,96.6306265551003,93,1,1.49857141173823,"FISHED",0.184196373145096,0.25,1,"LOW HIGH LOW",NA
93,8,139.589796851764,95,3,3.50039956845218,"FISHED",0.161814306932502,0.25,1,"LOW HIGH LOW",NA
93,9,61.6082588601463,92,0,0.499247934770561,"FISHED",0.186361738224514,0.25,1,"LOW HIGH LOW",NA
93,10,60.9409807091216,92,0,0.500162630808454,"FISHED",0.186361738224514,0.25,1,"LOW HIGH LOW",NA
93,11,64.2113398893263,92,0,0.500238233573267,"FISHED",0.186361738224514,0.25,1,"LOW HIGH LOW",NA
94,1,104.992475085667,94,1,1.5000753285088,"M",0.106122531974688,0.25,1,"LOW HIGH LOW",NA
94,2,93.7116651661563,94,1,1.50140560379989,"FISHED",0.106122531974688,0.25,1,"LOW HIGH LOW",NA
94,3,61.8616019530805,93,0,0.499324489891436,"M",0.184196373145096,0.25,1,"LOW HIGH LOW",NA
94,4,60.7560209266331,93,0,0.499840436730176,"FISHED",0.184196373145096,0.25,1,"LOW HIGH LOW",NA
94,5,138.151514343313,96,3,3.50102744682453,"M",0.114236132008955,0.25,1,"LOW HIGH LOW",NA
94,6,128.997295742489,95,2,2.49918467661117,"FISHED",0.161814306932502,0.25,1,"LOW HIGH LOW",NA
94,7,62.3250009093996,93,0,0.501279074569541,"M",0.184196373145096,0.25,1,"LOW HIGH LOW",NA
94,8,136.394805290336,95,2,2.50269615090252,"M",0.161814306932502,0.25,1,"LOW HIGH LOW",NA
94,9,62.8156169265255,93,0,0.50190263766634,"M",0.184196373145096,0.25,1,"LOW HIGH LOW",NA
94,10,96.8121653495559,94,1,1.50058735950417,"M",0.106122531974688,0.25,1,"LOW HIGH LOW",NA
94,11,125.370559254685,95,2,2.49926784302245,"FISHED",0.161814306932502,0.25,1,"LOW HIGH LOW",NA
94,12,128.628033600711,95,2,2.5008073619235,"M",0.161814306932502,0.25,1,"LOW HIGH LOW",NA
95,1,63.3396480330206,94,0,0.499978013068643,"M",0.106122531974688,0.25,1,"LOW HIGH LOW",NA
95,2,120.749824262082,96,2,2.49905414343995,"FISHED",0.114236132008955,0.25,1,"LOW HIGH LOW",NA
95,3,181.341184135292,98,4,4.49996860836569,"FISHED",0.135312322760001,0.25,1,"LOW HIGH LOW",NA
95,4,63.0941631753795,94,0,0.500924179348677,"M",0.106122531974688,0.25,1,"LOW HIGH LOW",NA
95,5,106.915290669642,95,1,1.50212953056104,"M",0.161814306932502,0.25,1,"LOW HIGH LOW",NA
95,6,146.373770728929,97,3,3.49876097105544,"M",0.198018287238665,0.25,1,"LOW HIGH LOW",NA
95,7,157.684493500732,98,4,4.49982031864751,"FISHED",0.135312322760001,0.25,1,"LOW HIGH LOW",NA
95,8,95.3443183794936,95,1,1.50016945750756,"FISHED",0.161814306932502,0.25,1,"LOW HIGH LOW",NA
95,9,59.1118373942579,94,0,0.499918799995526,"M",0.106122531974688,0.25,1,"LOW HIGH LOW",NA
95,10,154.624829307743,97,3,3.5010437549974,"FISHED",0.198018287238665,0.25,1,"LOW HIGH LOW",NA
95,11,63.4536734389235,94,0,0.50174098497608,"M",0.106122531974688,0.25,1,"LOW HIGH LOW",NA
96,1,59.2923645266586,95,0,0.501964211513769,"M",0.161814306932502,0.25,1,"LOW HIGH LOW",NA
96,2,120.784305029099,97,2,2.50060995497547,"FISHED",0.198018287238665,0.25,1,"LOW HIGH LOW",NA
96,3,126.721087534938,97,2,2.50008094628915,"FISHED",0.198018287238665,0.25,1,"LOW HIGH LOW",NA
96,4,95.6442300388465,96,1,1.5006493898599,"M",0.114236132008955,0.25,1,"LOW HIGH LOW",NA
96,5,128.750011842413,97,2,2.50012333677173,"M",0.198018287238665,0.25,1,"LOW HIGH LOW",NA
96,6,64.110332623775,95,0,0.500069279789616,"M",0.161814306932502,0.25,1,"LOW HIGH LOW",NA
96,7,98.5283176435031,96,1,1.50223396090405,"M",0.114236132008955,0.25,1,"LOW HIGH LOW",NA
96,8,147.611642127939,98,3,3.50014595509916,"M",0.135312322760001,0.25,1,"LOW HIGH LOW",NA
96,9,128.493535865587,97,2,2.4990186107557,"M",0.198018287238665,0.25,1,"LOW HIGH LOW",NA
96,10,63.5103682147618,95,0,0.49996891458986,"M",0.161814306932502,0.25,1,"LOW HIGH LOW",NA
97,1,96.4445140165547,97,1,1.50046312026354,"M",0.198018287238665,0.25,1,"LOW HIGH LOW",NA
97,2,60.3481896181151,96,0,0.500696635918136,"M",0.114236132008955,0.25,1,"LOW HIGH LOW",NA
97,3,146.271662766495,99,3,3.50050330982756,"FISHED",0.148931228392757,0.25,1,"LOW HIGH LOW",NA
97,4,94.0466306613905,97,1,1.49975800310288,"M",0.198018287238665,0.25,1,"LOW HIGH LOW",NA
97,5,102.538047978945,97,1,1.50050095289769,"M",0.198018287238665,0.25,1,"LOW HIGH LOW",NA
97,6,122.579243525722,98,2,2.50210476813308,"FISHED",0.135312322760001,0.25,1,"LOW HIGH LOW",NA
97,7,61.1079929980721,96,0,0.500170199437065,"FISHED",0.114236132008955,0.25,1,"LOW HIGH LOW",NA
97,8,62.5115159784772,96,0,0.50166304146342,"FISHED",0.114236132008955,0.25,1,"LOW HIGH LOW",NA
97,9,131.740289369302,98,2,2.49967308463412,"M",0.135312322760001,0.25,1,"LOW HIGH LOW",NA
97,10,99.4402267909674,97,1,1.49991224903781,"FISHED",0.198018287238665,0.25,1,"LOW HIGH LOW",NA
97,11,92.489635100475,97,1,1.50079997476032,"M",0.198018287238665,0.25,1,"LOW HIGH LOW",NA
97,12,134.065470930491,98,2,2.49938217520525,"M",0.135312322760001,0.25,1,"LOW HIGH LOW",NA
97,13,176.170765321859,100,4,4.49943262277275,"M",0.151603758591227,0.25,1,"LOW HIGH LOW",NA
98,1,151.79119076572,100,3,3.50133993318742,"FISHED",0.151603758591227,0.25,1,"LOW HIGH LOW",NA
98,2,154.473211970875,100,3,3.49943324461694,"FISHED",0.151603758591227,0.25,1,"LOW HIGH LOW",NA
98,3,101.775606454922,98,1,1.50010957884411,"M",0.135312322760001,0.25,1,"LOW HIGH LOW",NA
98,4,98.9494100359241,98,1,1.49892018820955,"M",0.135312322760001,0.25,1,"LOW HIGH LOW",NA
98,5,118.57552624827,99,2,2.50056137497835,"M",0.148931228392757,0.25,1,"LOW HIGH LOW",NA
98,6,101.260432101391,98,1,1.49954249721195,"M",0.135312322760001,0.25,1,"LOW HIGH LOW",NA
98,7,125.238683873185,99,2,2.4987707855428,"M",0.148931228392757,0.25,1,"LOW HIGH LOW",NA
98,8,138.763418144079,100,3,3.49928851997007,"M",0.151603758591227,0.25,1,"LOW HIGH LOW",NA
98,9,61.0693874143046,97,0,0.499543881115009,"M",0.198018287238665,0.25,1,"LOW HIGH LOW",NA
99,1,63.1580846577952,98,0,0.500845484100286,"M",0.135312322760001,0.25,1,"LOW HIGH LOW",NA
99,2,65.1975043642709,98,0,0.500202734671347,"M",0.135312322760001,0.25,1,"LOW HIGH LOW",NA
99,3,64.4488828237697,98,0,0.500760913662449,"M",0.135312322760001,0.25,1,"LOW HIGH LOW",NA
99,4,63.0716366473398,98,0,0.500590468343458,"FISHED",0.135312322760001,0.25,1,"LOW HIGH LOW",NA
99,5,114.415146061275,100,2,2.49999294596817,"M",0.151603758591227,0.25,1,"LOW HIGH LOW",NA
99,6,63.5054029465298,98,0,0.500702182669059,"FISHED",0.135312322760001,0.25,1,"LOW HIGH LOW",NA
99,7,63.2306019868956,98,0,0.500488710457749,"M",0.135312322760001,0.25,1,"LOW HIGH LOW",NA
99,8,64.3811015486248,98,0,0.50034950657132,"M",0.135312322760001,0.25,1,"LOW HIGH LOW",NA
99,9,97.7842601472049,99,1,1.49984852860261,"M",0.148931228392757,0.25,1,"LOW HIGH LOW",NA
99,10,64.6185341963488,98,0,0.498407774648918,"FISHED",0.135312322760001,0.25,1,"LOW HIGH LOW",NA
99,11,64.5528996813398,98,0,0.499847046956858,"M",0.135312322760001,0.25,1,"LOW HIGH LOW",NA
100,1,96.9567451889413,100,1,1.50060494357448,"FISHED",0.151603758591227,0.25,1,"LOW HIGH LOW",NA
100,2,63.5397690216472,99,0,0.499227493032217,"FISHED",0.148931228392757,0.25,1,"LOW HIGH LOW",NA
100,3,63.8429091394761,99,0,0.500005751356766,"M",0.148931228392757,0.25,1,"LOW HIGH LOW",NA
100,4,61.8876935612197,99,0,0.499878940098532,"M",0.148931228392757,0.25,1,"LOW HIGH LOW",NA
100,5,63.5994076111151,99,0,0.500265237295273,"FISHED",0.148931228392757,0.25,1,"LOW HIGH LOW",NA
100,6,99.2383721195423,100,1,1.50067931941106,"M",0.151603758591227,0.25,1,"LOW HIGH LOW",NA
100,7,62.657779898891,99,0,0.499657863154464,"FISHED",0.148931228392757,0.25,1,"LOW HIGH LOW",NA
100,8,100.407374855905,100,1,1.4983005436473,"FISHED",0.151603758591227,0.25,1,"LOW HIGH LOW",NA
100,9,63.1032828572768,99,0,0.49832988584643,"M",0.148931228392757,0.25,1,"LOW HIGH LOW",NA
