"cohort","ind","fish_size","Year","Age","AgeE","dtype","FMORT","M","Sel","FSIM","REG"
1,1,153.035700072568,3,3,3.49927176609166,"M",0,0.25,1,"MED HIGH NA",NA
1,2,185.001726784771,7,7,7.49949504459258,"M",0,0.25,1,"MED HIGH NA",NA
1,3,142.205117934688,3,3,3.49951193940703,"M",0,0.25,1,"MED HIGH NA",NA
1,4,205.17864512816,7,7,7.49933219735346,"M",0,0.25,1,"MED HIGH NA",NA
1,5,192.881580683494,7,7,7.50007653486491,"M",0,0.25,1,"MED HIGH NA",NA
1,6,94.361895288091,1,1,1.50018343183831,"M",0,0.25,1,"MED HIGH NA",NA
1,7,104.624277248791,1,1,1.50114497375714,"M",0,0.25,1,"MED HIGH NA",NA
1,8,213.621036454305,7,7,7.50081747873319,"M",0,0.25,1,"MED HIGH NA",NA
1,9,95.6052326099506,1,1,1.50060206622309,"M",0,0.25,1,"MED HIGH NA",NA
1,10,196.933579079566,9,9,9.49984800744374,"M",0,0.25,1,"MED HIGH NA",NA
1,11,124.103921259181,2,2,2.50012383261423,"M",0,0.25,1,"MED HIGH NA",NA
1,12,168.731527040637,6,6,6.4999587123111,"M",0,0.25,1,"MED HIGH NA",NA
2,1,91.406839616322,2,1,1.50025493631981,"M",0,0.25,1,"MED HIGH NA",NA
2,2,102.479465786218,2,1,1.49863200914953,"M",0,0.25,1,"MED HIGH NA",NA
2,3,105.372537631184,2,1,1.49883252921892,"M",0,0.25,1,"MED HIGH NA",NA
2,4,97.4184702609081,2,1,1.4998814992459,"M",0,0.25,1,"MED HIGH NA",NA
2,5,150.565976457754,4,3,3.50016596671455,"M",0,0.25,1,"MED HIGH NA",NA
2,6,60.742268716802,1,0,0.499881985654836,"M",0,0.25,1,"MED HIGH NA",NA
2,7,173.690343746993,8,7,7.50124043295335,"M",0,0.25,1,"MED HIGH NA",NA
2,8,122.297722111403,3,2,2.49915650769435,"M",0,0.25,1,"MED HIGH NA",NA
2,9,122.871666409891,3,2,2.49903897085911,"M",0,0.25,1,"MED HIGH NA",NA
2,10,190.784639456074,8,7,7.50191228099865,"M",0,0.25,1,"MED HIGH NA",NA
2,11,205.220722782637,14,13,13.5010507785323,"M",0,0.25,1,"MED HIGH NA",NA
2,12,65.8453874568055,1,0,0.498636892363452,"M",0,0.25,1,"MED HIGH NA",NA
2,13,117.276497330335,3,2,2.49977022892122,"M",0,0.25,1,"MED HIGH NA",NA
3,1,62.9739740087278,2,0,0.498587783883185,"M",0,0.25,1,"MED HIGH NA",NA
3,2,63.0504887116639,2,0,0.50115312355338,"M",0,0.25,1,"MED HIGH NA",NA
3,3,148.922551976275,6,4,4.50114255637769,"M",0,0.25,1,"MED HIGH NA",NA
3,4,65.7755618350013,2,0,0.501331909381291,"M",0,0.25,1,"MED HIGH NA",NA
3,5,143.440705826173,5,3,3.49961827136033,"M",0,0.25,1,"MED HIGH NA",NA
3,6,149.965140209299,5,3,3.49908785728696,"M",0,0.25,1,"MED HIGH NA",NA
3,7,63.2966753941263,2,0,0.498645619061665,"M",0,0.25,1,"MED HIGH NA",NA
3,8,103.452394887986,3,1,1.50098909361866,"M",0,0.25,1,"MED HIGH NA",NA
3,9,92.6299401735386,3,1,1.49979613588475,"M",0,0.25,1,"MED HIGH NA",NA
3,10,100.135533032474,3,1,1.50024800993986,"M",0,0.25,1,"MED HIGH NA",NA
3,11,63.1530061455587,2,0,0.501588871164998,"M",0,0.25,1,"MED HIGH NA",NA
4,1,203.987769774627,12,9,9.50136121017644,"M",0,0.25,1,"MED HIGH NA",NA
4,2,178.66658755928,10,7,7.50015455032799,"M",0,0.25,1,"MED HIGH NA",NA
4,3,169.868307018636,7,4,4.49915149250591,"M",0,0.25,1,"MED HIGH NA",NA
4,4,223.835685898408,10,7,7.49948738637991,"M",0,0.25,1,"MED HIGH NA",NA
4,5,92.9617866335675,4,1,1.49919269662056,"M",0,0.25,1,"MED HIGH NA",NA
4,6,184.891818511959,10,7,7.49798986798865,"M",0,0.25,1,"MED HIGH NA",NA
4,7,135.961034104145,6,3,3.50016610569076,"M",0,0.25,1,"MED HIGH NA",NA
4,8,211.381783147191,10,7,7.50024864873786,"M",0,0.25,1,"MED HIGH NA",NA
4,9,148.109782403382,6,3,3.5016691216509,"M",0,0.25,1,"MED HIGH NA",NA
4,10,211.01459881318,11,8,8.50008746891466,"M",0,0.25,1,"MED HIGH NA",NA
4,11,196.613263904961,9,6,6.50046076160838,"M",0,0.25,1,"MED HIGH NA",NA
4,12,205.132812877948,9,6,6.49996447985636,"M",0,0.25,1,"MED HIGH NA",NA
4,13,60.6288398429168,3,0,0.499926856676616,"M",0,0.25,1,"MED HIGH NA",NA
5,1,130.195921655937,6,2,2.50016402996644,"M",0,0.25,1,"MED HIGH NA",NA
5,2,62.9130143099344,4,0,0.500370234443345,"M",0,0.25,1,"MED HIGH NA",NA
5,3,157.648325312358,7,3,3.49923308187486,"M",0,0.25,1,"MED HIGH NA",NA
5,4,63.0911394413531,4,0,0.500940718656955,"M",0,0.25,1,"MED HIGH NA",NA
5,5,60.9049099017369,4,0,0.500350546504787,"M",0,0.25,1,"MED HIGH NA",NA
5,6,206.862034665514,11,7,7.49874199922987,"M",0,0.25,1,"MED HIGH NA",NA
5,7,167.110190460045,8,4,4.49862942910166,"M",0,0.25,1,"MED HIGH NA",NA
5,8,222.616625084881,16,12,12.4999678973007,"M",0,0.25,1,"MED HIGH NA",NA
5,9,149.525928572269,8,4,4.4990619586885,"M",0,0.25,1,"MED HIGH NA",NA
5,10,163.089296884194,7,3,3.50122034156166,"M",0,0.25,1,"MED HIGH NA",NA
5,11,61.0383651131646,4,0,0.500461332810641,"M",0,0.25,1,"MED HIGH NA",NA
5,12,94.2684764964821,5,1,1.49961710899462,"M",0,0.25,1,"MED HIGH NA",NA
5,13,63.1752362361768,4,0,0.500497705574403,"M",0,0.25,1,"MED HIGH NA",NA
5,14,181.233710034763,11,7,7.49956961681723,"M",0,0.25,1,"MED HIGH NA",NA
6,1,145.348508608471,8,3,3.49940541177802,"M",0,0.25,1,"MED HIGH NA",NA
6,2,62.7852050580964,5,0,0.50039299611168,"M",0,0.25,1,"MED HIGH NA",NA
6,3,200.638605565632,10,5,5.50030197621858,"M",0,0.25,1,"MED HIGH NA",NA
6,4,63.8521910273402,5,0,0.500477868996704,"M",0,0.25,1,"MED HIGH NA",NA
6,5,130.429498113785,7,2,2.50047790713873,"M",0,0.25,1,"MED HIGH NA",NA
6,6,122.0219372945,7,2,2.50106298856687,"M",0,0.25,1,"MED HIGH NA",NA
6,7,210.007682881911,11,6,6.49990372144529,"M",0,0.25,1,"MED HIGH NA",NA
6,8,96.6589618505893,6,1,1.50075548264381,"M",0,0.25,1,"MED HIGH NA",NA
6,9,149.017546379561,8,3,3.50003794422094,"M",0,0.25,1,"MED HIGH NA",NA
6,10,60.7284609212788,5,0,0.498199333935109,"M",0,0.25,1,"MED HIGH NA",NA
7,1,209.423688571124,16,10,10.5008293928927,"M",0,0.25,1,"MED HIGH NA",NA
7,2,165.219855005766,10,4,4.5013787783333,"M",0,0.25,1,"MED HIGH NA",NA
7,3,115.150102140963,8,2,2.50005939254595,"M",0,0.25,1,"MED HIGH NA",NA
7,4,166.656553813459,12,6,6.49953511284404,"M",0,0.25,1,"MED HIGH NA",NA
7,5,228.917329765909,16,10,10.49879574499,"M",0,0.25,1,"MED HIGH NA",NA
7,6,155.267983524381,9,3,3.50187513536563,"M",0,0.25,1,"MED HIGH NA",NA
7,7,97.6840378469503,7,1,1.49891589466179,"M",0,0.25,1,"MED HIGH NA",NA
7,8,62.4512406946546,6,0,0.500116397688923,"M",0,0.25,1,"MED HIGH NA",NA
7,9,99.8501142414362,7,1,1.49916481640182,"M",0,0.25,1,"MED HIGH NA",NA
7,10,64.2694651917318,6,0,0.500818709485873,"M",0,0.25,1,"MED HIGH NA",NA
7,11,138.830420369619,8,2,2.50034347107545,"M",0,0.25,1,"MED HIGH NA",NA
8,1,160.084884464808,10,3,3.50079385230349,"M",0,0.25,1,"MED HIGH NA",NA
8,2,127.673279193387,9,2,2.50139915323715,"M",0,0.25,1,"MED HIGH NA",NA
8,3,164.644901328129,11,4,4.50058065792861,"M",0,0.25,1,"MED HIGH NA",NA
8,4,61.0382034145127,7,0,0.498405675288107,"M",0,0.25,1,"MED HIGH NA",NA
8,5,157.989205099547,10,3,3.49997936556816,"M",0,0.25,1,"MED HIGH NA",NA
8,6,205.197470595193,14,7,7.50026027984775,"M",0,0.25,1,"MED HIGH NA",NA
8,7,124.326589835168,9,2,2.50048966584206,"M",0,0.25,1,"MED HIGH NA",NA
8,8,143.772975834729,10,3,3.49998096939755,"M",0,0.25,1,"MED HIGH NA",NA
8,9,189.709653965521,13,6,6.50110517154698,"M",0,0.25,1,"MED HIGH NA",NA
8,10,63.7274878284011,7,0,0.501009582611415,"M",0,0.25,1,"MED HIGH NA",NA
8,11,192.773190971152,15,8,8.49817470695004,"M",0,0.25,1,"MED HIGH NA",NA
8,12,211.738956345527,13,6,6.50038791241792,"M",0,0.25,1,"MED HIGH NA",NA
9,1,97.8856000003942,9,1,1.4991680197791,"M",0,0.25,1,"MED HIGH NA",NA
9,2,167.437102045169,12,4,4.50022392649673,"M",0,0.25,1,"MED HIGH NA",NA
9,3,62.8540976421116,8,0,0.499424870798586,"M",0,0.25,1,"MED HIGH NA",NA
9,4,215.043879754009,15,7,7.49943302303802,"M",0,0.25,1,"MED HIGH NA",NA
9,5,172.149138970608,12,4,4.50009256505887,"M",0,0.25,1,"MED HIGH NA",NA
9,6,188.480035484143,17,9,9.50027518789375,"M",0,0.25,1,"MED HIGH NA",NA
9,7,189.429712783625,14,6,6.50204985068504,"M",0,0.25,1,"MED HIGH NA",NA
9,8,101.236600355691,9,1,1.50075083712225,"M",0,0.25,1,"MED HIGH NA",NA
9,9,121.945810420516,10,2,2.49988175029373,"M",0,0.25,1,"MED HIGH NA",NA
9,10,92.133550664823,9,1,1.50253584599289,"M",0,0.25,1,"MED HIGH NA",NA
9,11,99.5459893819644,9,1,1.50082573312284,"M",0,0.25,1,"MED HIGH NA",NA
9,12,186.900766888789,15,7,7.49996294011695,"M",0,0.25,1,"MED HIGH NA",NA
9,13,133.711277347965,10,2,2.50085523590381,"M",0,0.25,1,"MED HIGH NA",NA
10,1,129.168719283218,11,2,2.49906486699967,"M",0,0.25,1,"MED HIGH NA",NA
10,2,214.622082943057,15,6,6.49908747894875,"M",0,0.25,1,"MED HIGH NA",NA
10,3,93.864829054807,10,1,1.49999642894603,"M",0,0.25,1,"MED HIGH NA",NA
10,4,215.929276373315,18,9,9.49940890753578,"M",0,0.25,1,"MED HIGH NA",NA
10,5,63.1535278950415,9,0,0.499471434642364,"M",0,0.25,1,"MED HIGH NA",NA
10,6,197.016839455168,16,7,7.50012437016838,"M",0,0.25,1,"MED HIGH NA",NA
10,7,124.742957784048,11,2,2.49895576266826,"M",0,0.25,1,"MED HIGH NA",NA
10,8,262.743817585669,22,13,13.4992414985465,"M",0,0.25,1,"MED HIGH NA",NA
10,9,192.188918635246,20,11,11.4991771258026,"M",0,0.25,1,"MED HIGH NA",NA
10,10,130.219514913707,11,2,2.49990708570483,"M",0,0.25,1,"MED HIGH NA",NA
10,11,163.84217751879,13,4,4.49930877874668,"M",0,0.25,1,"MED HIGH NA",NA
10,12,136.046666792181,11,2,2.50040180073225,"M",0,0.25,1,"MED HIGH NA",NA
11,1,193.483537345508,17,7,7.50006151610468,"M",0,0.25,1,"MED HIGH NA",NA
11,2,102.065703988908,11,1,1.49956783809995,"M",0,0.25,1,"MED HIGH NA",NA
11,3,62.30889504916,10,0,0.499580787389551,"M",0,0.25,1,"MED HIGH NA",NA
11,4,159.718962623887,14,4,4.50147335094427,"M",0,0.25,1,"MED HIGH NA",NA
11,5,199.358198947549,16,6,6.50000955202533,"M",0,0.25,1,"MED HIGH NA",NA
11,6,98.1519778063421,11,1,1.50093139494334,"M",0,0.25,1,"MED HIGH NA",NA
11,7,104.257812683522,11,1,1.49865046960682,"M",0,0.25,1,"MED HIGH NA",NA
11,8,163.88706889149,14,4,4.50203581119477,"M",0,0.25,1,"MED HIGH NA",NA
11,9,204.472051455778,22,12,12.5008996914251,"M",0,0.25,1,"MED HIGH NA",NA
12,1,186.363310869137,16,5,5.50054250155989,"M",0,0.25,1,"MED HIGH NA",NA
12,2,98.0060599077262,12,1,1.49857010768749,"M",0,0.25,1,"MED HIGH NA",NA
12,3,96.0036041581062,12,1,1.49970107721374,"M",0,0.25,1,"MED HIGH NA",NA
12,4,152.318529159396,14,3,3.49909256823037,"M",0,0.25,1,"MED HIGH NA",NA
12,5,62.2631815292281,11,0,0.499897151693085,"M",0,0.25,1,"MED HIGH NA",NA
12,6,61.756902142117,11,0,0.500068313637116,"M",0,0.25,1,"MED HIGH NA",NA
12,7,152.238608433003,15,4,4.4984050825967,"M",0,0.25,1,"MED HIGH NA",NA
12,8,103.520938820215,12,1,1.49965832806864,"M",0,0.25,1,"MED HIGH NA",NA
12,9,142.107322575616,14,3,3.50117194439459,"M",0,0.25,1,"MED HIGH NA",NA
12,10,127.130118055413,13,2,2.50028909839103,"M",0,0.25,1,"MED HIGH NA",NA
12,11,64.4372955867921,11,0,0.499958949917292,"M",0,0.25,1,"MED HIGH NA",NA
12,12,63.7154464730233,11,0,0.50052269589185,"M",0,0.25,1,"MED HIGH NA",NA
13,1,64.2797147818059,12,0,0.50000086939065,"M",0,0.25,1,"MED HIGH NA",NA
13,2,164.455170269684,18,6,6.49999657463561,"M",0,0.25,1,"MED HIGH NA",NA
13,3,211.485890566707,23,11,11.5006277220718,"M",0,0.25,1,"MED HIGH NA",NA
13,4,226.206870460269,21,9,9.50123148259354,"M",0,0.25,1,"MED HIGH NA",NA
13,5,147.848359039765,15,3,3.5013951264871,"M",0,0.25,1,"MED HIGH NA",NA
13,6,102.712001919875,13,1,1.50021918219028,"M",0,0.25,1,"MED HIGH NA",NA
13,7,101.510458979896,13,1,1.50065260832275,"M",0,0.25,1,"MED HIGH NA",NA
13,8,210.474360432777,21,9,9.50013214027697,"M",0,0.25,1,"MED HIGH NA",NA
13,9,213.266817641346,22,10,10.5010138494526,"M",0,0.25,1,"MED HIGH NA",NA
13,10,98.1074959438326,13,1,1.49915500642283,"M",0,0.25,1,"MED HIGH NA",NA
13,11,184.430119402171,18,6,6.50215923336573,"M",0,0.25,1,"MED HIGH NA",NA
13,12,65.9135722747856,12,0,0.498570078555974,"M",0,0.25,1,"MED HIGH NA",NA
13,13,62.8720504390251,12,0,0.499455109467604,"M",0,0.25,1,"MED HIGH NA",NA
14,1,225.159615711909,23,10,10.5001793845539,"M",0,0.25,1,"MED HIGH NA",NA
14,2,185.378606008667,18,5,5.49879922122151,"M",0,0.25,1,"MED HIGH NA",NA
14,3,180.346771852045,18,5,5.50014959505261,"M",0,0.25,1,"MED HIGH NA",NA
14,4,145.728965110627,17,4,4.50217093987119,"M",0,0.25,1,"MED HIGH NA",NA
14,5,135.28366228802,15,2,2.50044098842945,"M",0,0.25,1,"MED HIGH NA",NA
14,6,164.307116906636,17,4,4.49924999847615,"M",0,0.25,1,"MED HIGH NA",NA
14,7,133.546611742028,16,3,3.49992245192133,"M",0,0.25,1,"MED HIGH NA",NA
14,8,62.7746779898591,13,0,0.500645991684292,"M",0,0.25,1,"MED HIGH NA",NA
14,9,60.3760978197546,13,0,0.501665111884583,"M",0,0.25,1,"MED HIGH NA",NA
14,10,172.731196662282,19,6,6.5001350816389,"M",0,0.25,1,"MED HIGH NA",NA
14,11,98.6408058344263,14,1,1.49949771920018,"M",0,0.25,1,"MED HIGH NA",NA
15,1,62.1304713750118,14,0,0.499358175875108,"M",0,0.25,1,"MED HIGH NA",NA
15,2,189.698863383308,19,5,5.49995107005961,"M",0,0.25,1,"MED HIGH NA",NA
15,3,170.721226738629,18,4,4.4997426617132,"M",0,0.25,1,"MED HIGH NA",NA
15,4,154.079796058949,17,3,3.50039783664174,"M",0,0.25,1,"MED HIGH NA",NA
15,5,151.565054837686,18,4,4.49955242804459,"M",0,0.25,1,"MED HIGH NA",NA
15,6,97.9303789014165,15,1,1.50026844367212,"M",0,0.25,1,"MED HIGH NA",NA
15,7,61.6561774912999,14,0,0.501950562965394,"M",0,0.25,1,"MED HIGH NA",NA
15,8,201.114538147072,23,9,9.49977407768087,"M",0,0.25,1,"MED HIGH NA",NA
15,9,63.0843162691483,14,0,0.500079664674584,"M",0,0.25,1,"MED HIGH NA",NA
15,10,98.6201074942649,15,1,1.50054686666942,"M",0,0.25,1,"MED HIGH NA",NA
15,11,157.896802932823,18,4,4.50106722542743,"M",0,0.25,1,"MED HIGH NA",NA
16,1,138.435290367476,17,2,2.49979552681031,"M",0,0.25,1,"MED HIGH NA",NA
16,2,208.146839571338,28,13,13.5008025456176,"M",0,0.25,1,"MED HIGH NA",NA
16,3,65.824436896823,15,0,0.498704281433775,"M",0,0.25,1,"MED HIGH NA",NA
16,4,98.7533745433998,16,1,1.49958890075399,"M",0,0.25,1,"MED HIGH NA",NA
16,5,131.074539413974,17,2,2.49980321240064,"M",0,0.25,1,"MED HIGH NA",NA
16,6,62.1338067643751,15,0,0.499534536630954,"M",0,0.25,1,"MED HIGH NA",NA
16,7,201.83094867068,21,6,6.49988429503775,"M",0,0.25,1,"MED HIGH NA",NA
16,8,60.5538221327347,15,0,0.501623130310261,"M",0,0.25,1,"MED HIGH NA",NA
16,9,63.2199561594671,15,0,0.502328485732058,"M",0,0.25,1,"MED HIGH NA",NA
16,10,60.9728680359225,15,0,0.498882960528454,"M",0,0.25,1,"MED HIGH NA",NA
16,11,212.76399011418,26,11,11.4988714304699,"M",0,0.25,1,"MED HIGH NA",NA
16,12,137.751607762649,18,3,3.49951543887236,"M",0,0.25,1,"MED HIGH NA",NA
17,1,102.91237150545,17,1,1.49946340323681,"M",0,0.25,1,"MED HIGH NA",NA
17,2,63.6202852813393,16,0,0.498677204578416,"M",0,0.25,1,"MED HIGH NA",NA
17,3,64.413326915469,16,0,0.499868521435253,"M",0,0.25,1,"MED HIGH NA",NA
17,4,94.3781554950435,17,1,1.49904678380759,"M",0,0.25,1,"MED HIGH NA",NA
17,5,188.185668198597,22,6,6.50119522614194,"M",0,0.25,1,"MED HIGH NA",NA
17,6,230.525241291357,26,10,10.5005252506439,"M",0,0.25,1,"MED HIGH NA",NA
17,7,252.152771710756,29,13,13.50054096342,"M",0,0.25,1,"MED HIGH NA",NA
17,8,167.891631088776,21,5,5.49860944041194,"M",0,0.25,1,"MED HIGH NA",NA
17,9,199.304411574307,24,8,8.50007286320959,"M",0,0.25,1,"MED HIGH NA",NA
17,10,63.4597219693601,16,0,0.501971006187931,"M",0,0.25,1,"MED HIGH NA",NA
18,1,205.317375590267,23,6,6.5017547879421,"M",0,0.25,1,"MED HIGH NA",NA
18,2,164.944982926356,21,4,4.50039878826414,"M",0,0.25,1,"MED HIGH NA",NA
18,3,95.6978933399492,18,1,1.49955204606828,"M",0,0.25,1,"MED HIGH NA",NA
18,4,151.657113434267,20,3,3.50047400483123,"M",0,0.25,1,"MED HIGH NA",NA
18,5,132.004016854898,19,2,2.50074631246509,"M",0,0.25,1,"MED HIGH NA",NA
18,6,162.651553546029,21,4,4.49944122476014,"M",0,0.25,1,"MED HIGH NA",NA
18,7,61.0894874407079,17,0,0.49904729710976,"M",0,0.25,1,"MED HIGH NA",NA
18,8,99.7725928947885,18,1,1.4994460497411,"M",0,0.25,1,"MED HIGH NA",NA
18,9,129.657581643812,19,2,2.50039731154007,"M",0,0.25,1,"MED HIGH NA",NA
18,10,237.213216165254,28,11,11.5003261476045,"M",0,0.25,1,"MED HIGH NA",NA
18,11,96.9908302860673,18,1,1.49955704152111,"M",0,0.25,1,"MED HIGH NA",NA
19,1,154.152901337735,21,3,3.5000258125016,"M",0,0.25,1,"MED HIGH NA",NA
19,2,171.715317600429,23,5,5.50114049876554,"M",0,0.25,1,"MED HIGH NA",NA
19,3,192.043025993442,24,6,6.49829331878921,"M",0,0.25,1,"MED HIGH NA",NA
19,4,186.382757547201,30,12,12.5001281745492,"M",0,0.25,1,"MED HIGH NA",NA
19,5,159.739389730071,22,4,4.50007284665655,"M",0,0.25,1,"MED HIGH NA",NA
19,6,194.711616268361,23,5,5.50023068506684,"M",0,0.25,1,"MED HIGH NA",NA
19,7,180.426085838953,29,11,11.5003235179992,"M",0,0.25,1,"MED HIGH NA",NA
19,8,174.650049097394,27,9,9.49953426703094,"M",0,0.25,1,"MED HIGH NA",NA
19,9,148.736245316864,21,3,3.49825977074098,"M",0,0.25,1,"MED HIGH NA",NA
19,10,211.216708573467,28,10,10.4996508573001,"M",0,0.25,1,"MED HIGH NA",NA
19,11,205.387444523071,27,9,9.49967309525574,"M",0,0.25,1,"MED HIGH NA",NA
19,12,186.666865158,25,7,7.50136984374679,"M",0,0.25,1,"MED HIGH NA",NA
19,13,96.7003716048303,19,1,1.50078408013509,"M",0,0.25,1,"MED HIGH NA",NA
19,14,62.7950734190621,18,0,0.501286656853773,"M",0,0.25,1,"MED HIGH NA",NA
19,15,209.50129305156,25,7,7.50081684707882,"M",0,0.25,1,"MED HIGH NA",NA
20,1,179.048296831855,24,5,5.50049759073183,"M",0,0.25,1,"MED HIGH NA",NA
20,2,147.213202013253,22,3,3.50078065754593,"M",0,0.25,1,"MED HIGH NA",NA
20,3,177.009864432687,23,4,4.50012316445763,"M",0,0.25,1,"MED HIGH NA",NA
20,4,60.5918289420427,19,0,0.49991150906105,"M",0,0.25,1,"MED HIGH NA",NA
20,5,134.096201748424,22,3,3.49821909727639,"M",0,0.25,1,"MED HIGH NA",NA
20,6,186.288834090898,25,6,6.50001229646144,"M",0,0.25,1,"MED HIGH NA",NA
20,7,174.903306831988,27,8,8.4997775415402,"M",0,0.25,1,"MED HIGH NA",NA
20,8,202.35161866424,24,5,5.49863827468724,"M",0,0.25,1,"MED HIGH NA",NA
20,9,129.038011408125,21,2,2.49976831987213,"M",0,0.25,1,"MED HIGH NA",NA
20,10,143.922214393272,22,3,3.50012815724936,"M",0,0.25,1,"MED HIGH NA",NA
20,11,99.5235536919314,20,1,1.4998076218483,"M",0,0.25,1,"MED HIGH NA",NA
21,1,122.670514396451,22,2,2.50037125775181,"M",0,0.25,1,"MED HIGH NA",NA
21,2,198.667398886285,28,8,8.50071657295808,"M",0,0.25,1,"MED HIGH NA",NA
21,3,152.207236450753,23,3,3.50050858675295,"M",0,0.25,1,"MED HIGH NA",NA
21,4,142.631758142816,23,3,3.50018175637979,"M",0,0.25,1,"MED HIGH NA",NA
21,5,126.028528724579,22,2,2.49991948238873,"M",0,0.25,1,"MED HIGH NA",NA
21,6,62.2923122837927,20,0,0.500527105003316,"M",0,0.25,1,"MED HIGH NA",NA
21,7,184.73184085042,27,7,7.50013832805872,"M",0,0.25,1,"MED HIGH NA",NA
21,8,194.408850133735,28,8,8.49980433512989,"M",0,0.25,1,"MED HIGH NA",NA
21,9,60.9069743644648,20,0,0.49998505840494,"M",0,0.25,1,"MED HIGH NA",NA
21,10,173.106082015271,27,7,7.50018433564633,"M",0,0.25,1,"MED HIGH NA",NA
21,11,134.399625467256,22,2,2.4988324606436,"M",0,0.25,1,"MED HIGH NA",NA
21,12,64.0073912078683,20,0,0.499975554173733,"M",0,0.25,1,"MED HIGH NA",NA
22,1,159.22029483335,24,3,3.50036451779017,"M",0,0.25,1,"MED HIGH NA",NA
22,2,116.559014773335,23,2,2.49930455516669,"M",0,0.25,1,"MED HIGH NA",NA
22,3,118.54048467782,23,2,2.5001326110426,"M",0,0.25,1,"MED HIGH NA",NA
22,4,174.781934473303,27,6,6.49951484582144,"M",0,0.25,1,"MED HIGH NA",NA
22,5,61.5430607793108,21,0,0.500277726091984,"M",0,0.25,1,"MED HIGH NA",NA
22,6,172.369198840039,26,5,5.49910450096744,"M",0,0.25,1,"MED HIGH NA",NA
22,7,159.142200299521,26,5,5.50064655468707,"M",0,0.25,1,"MED HIGH NA",NA
22,8,205.639752650536,29,8,8.50181824888209,"M",0,0.25,1,"MED HIGH NA",NA
22,9,203.289308961609,29,8,8.49954863963795,"M",0,0.25,1,"MED HIGH NA",NA
22,10,147.654732829764,24,3,3.49899430210948,"M",0,0.25,1,"MED HIGH NA",NA
22,11,115.456223220144,23,2,2.5009519678069,"M",0,0.25,1,"MED HIGH NA",NA
23,1,62.3047373828475,22,0,0.499216683094718,"M",0,0.25,1,"MED HIGH NA",NA
23,2,130.437637011349,24,2,2.50072903767796,"M",0,0.25,1,"MED HIGH NA",NA
23,3,100.476506540609,23,1,1.49844644482123,"M",0,0.25,1,"MED HIGH NA",NA
23,4,158.056671975337,28,6,6.5001660900858,"M",0,0.25,1,"MED HIGH NA",NA
23,5,116.797907846683,24,2,2.4996945868144,"M",0,0.25,1,"MED HIGH NA",NA
23,6,102.629665142548,23,1,1.50005428464687,"M",0,0.25,1,"MED HIGH NA",NA
23,7,103.516764770129,23,1,1.5002965718441,"M",0,0.25,1,"MED HIGH NA",NA
23,8,64.9537714835014,22,0,0.499799589010612,"M",0,0.25,1,"MED HIGH NA",NA
23,9,181.68009554074,26,4,4.49922570164724,"M",0,0.25,1,"MED HIGH NA",NA
23,10,97.0026210093523,23,1,1.50206372748761,"M",0,0.25,1,"MED HIGH NA",NA
23,11,179.158632517247,29,7,7.50003226625546,"M",0,0.25,1,"MED HIGH NA",NA
23,12,182.357095677186,28,6,6.49968403238408,"M",0,0.25,1,"MED HIGH NA",NA
23,13,63.9799933763765,22,0,0.500075919906721,"M",0,0.25,1,"MED HIGH NA",NA
24,1,65.2212175201578,23,0,0.501117800946864,"M",0,0.25,1,"MED HIGH NA",NA
24,2,195.709741274827,30,7,7.50164982699965,"M",0,0.25,1,"MED HIGH NA",NA
24,3,161.05842650496,28,5,5.49983462218393,"M",0,0.25,1,"MED HIGH NA",NA
24,4,133.289870803187,25,2,2.49995676378451,"M",0,0.25,1,"MED HIGH NA",NA
24,5,101.515708277996,24,1,1.50104227043406,"M",0,0.25,1,"MED HIGH NA",NA
24,6,139.980091134369,26,3,3.50009092492014,"M",0,0.25,1,"MED HIGH NA",NA
24,7,119.91932615032,25,2,2.49871332327623,"M",0,0.25,1,"MED HIGH NA",NA
24,8,160.204681644762,26,3,3.49930132091118,"M",0,0.25,1,"MED HIGH NA",NA
24,9,209.910262000777,37,14,14.4993388857115,"M",0,0.25,1,"MED HIGH NA",NA
24,10,133.549401038397,25,2,2.50091197340356,"M",0,0.25,1,"MED HIGH NA",NA
24,11,63.2752167271383,23,0,0.500384166782544,"M",0,0.25,1,"MED HIGH NA",NA
25,1,120.645271013981,26,2,2.49970223102641,"M",0,0.25,1,"MED HIGH NA",NA
25,2,60.3389347902553,24,0,0.498985366364839,"M",0,0.25,1,"MED HIGH NA",NA
25,3,169.05137566208,28,4,4.49937952309134,"M",0,0.25,1,"MED HIGH NA",NA
25,4,96.1944048299701,25,1,1.50215101463069,"M",0,0.25,1,"MED HIGH NA",NA
25,5,59.8958546072005,24,0,0.500494137780708,"M",0,0.25,1,"MED HIGH NA",NA
25,6,146.847556336687,27,3,3.50145568116972,"M",0,0.25,1,"MED HIGH NA",NA
25,7,124.007769368234,26,2,2.49826140253903,"M",0,0.25,1,"MED HIGH NA",NA
25,8,97.1752827819671,25,1,1.50048207343368,"M",0,0.25,1,"MED HIGH NA",NA
25,9,100.852593418803,25,1,1.50118828483975,"M",0,0.25,1,"MED HIGH NA",NA
25,10,61.7736078108138,24,0,0.500171270750009,"M",0,0.25,1,"MED HIGH NA",NA
25,11,64.0133368576031,24,0,0.5006952198403,"M",0,0.25,1,"MED HIGH NA",NA
25,12,179.161049042547,29,5,5.50001887027013,"M",0,0.25,1,"MED HIGH NA",NA
26,1,203.26390301304,36,11,11.4993939592515,"M",0,0.25,1,"MED HIGH NA",NA
26,2,99.000145263859,26,1,1.49880240742095,"M",0,0.25,1,"MED HIGH NA",NA
26,3,96.6894697278303,26,1,1.49966308058846,"M",0,0.25,1,"MED HIGH NA",NA
26,4,157.543549089892,28,3,3.50047546319982,"M",0,0.25,1,"MED HIGH NA",NA
26,5,63.3116503653001,25,0,0.499162021034374,"M",0,0.25,1,"MED HIGH NA",NA
26,6,97.5137642859815,26,1,1.50008224367089,"M",0,0.25,1,"MED HIGH NA",NA
26,7,96.3100939178736,26,1,1.50149501070118,"M",0,0.25,1,"MED HIGH NA",NA
26,8,161.537385677265,29,4,4.50070591294454,"M",0,0.25,1,"MED HIGH NA",NA
26,9,61.892774185062,25,0,0.500623792239172,"M",0,0.25,1,"MED HIGH NA",NA
26,10,117.127200256616,27,2,2.50140113815949,"M",0,0.25,1,"MED HIGH NA",NA
26,11,230.831617609372,38,13,13.5015300379458,"M",0,0.25,1,"MED HIGH NA",NA
26,12,164.635816496716,29,4,4.50052907418568,"M",0,0.25,1,"MED HIGH NA",NA
27,1,176.665486351236,31,5,5.50049669338481,"M",0,0.25,1,"MED HIGH NA",NA
27,2,162.89467912951,32,6,6.5020454353393,"M",0,0.25,1,"MED HIGH NA",NA
27,3,129.138986874955,28,2,2.500834837077,"M",0,0.25,1,"MED HIGH NA",NA
27,4,183.239999355449,34,8,8.5002171451298,"M",0,0.25,1,"MED HIGH NA",NA
27,5,62.4597756095814,26,0,0.499459689094742,"M",0,0.25,1,"MED HIGH NA",NA
27,6,63.0115756686778,26,0,0.498161412620592,"M",0,0.25,1,"MED HIGH NA",NA
27,7,63.4719188872662,26,0,0.498222569166103,"M",0,0.25,1,"MED HIGH NA",NA
27,8,199.40145506141,33,7,7.50005978916759,"M",0,0.25,1,"MED HIGH NA",NA
27,9,156.659241134474,30,4,4.49960682792474,"M",0,0.25,1,"MED HIGH NA",NA
27,10,105.92231303382,27,1,1.50029279512072,"M",0,0.25,1,"MED HIGH NA",NA
27,11,62.4094483096635,26,0,0.499971749128959,"M",0,0.25,1,"MED HIGH NA",NA
28,1,174.095623910537,32,5,5.49999131503552,"M",0,0.25,1,"MED HIGH NA",NA
28,2,125.172196577052,29,2,2.50053465760831,"M",0,0.25,1,"MED HIGH NA",NA
28,3,106.079344657169,28,1,1.50006099388927,"M",0,0.25,1,"MED HIGH NA",NA
28,4,104.842277552147,28,1,1.499605763484,"M",0,0.25,1,"MED HIGH NA",NA
28,5,150.766926171516,31,4,4.50076643016501,"M",0,0.25,1,"MED HIGH NA",NA
28,6,62.3704517703181,27,0,0.5009393800723,"M",0,0.25,1,"MED HIGH NA",NA
28,7,129.266132753078,29,2,2.49850663860419,"M",0,0.25,1,"MED HIGH NA",NA
28,8,162.649703592728,32,5,5.50037042231537,"M",0,0.25,1,"MED HIGH NA",NA
28,9,129.966642847794,29,2,2.49930233674869,"M",0,0.25,1,"MED HIGH NA",NA
28,10,96.531902239089,28,1,1.49913072862929,"M",0,0.25,1,"MED HIGH NA",NA
28,11,95.5980047661945,28,1,1.4987317710141,"M",0,0.25,1,"MED HIGH NA",NA
28,12,61.38929165556,27,0,0.500676448451921,"M",0,0.25,1,"MED HIGH NA",NA
28,13,155.038400475334,32,5,5.49927235708648,"M",0,0.25,1,"MED HIGH NA",NA
28,14,61.9367111020389,27,0,0.501618069385365,"M",0,0.25,1,"MED HIGH NA",NA
29,1,65.7751798224925,28,0,0.500545121957132,"M",0,0.25,1,"MED HIGH NA",NA
29,2,121.646256140473,30,2,2.50183389506791,"M",0,0.25,1,"MED HIGH NA",NA
29,3,62.1875507882841,28,0,0.501919986433831,"M",0,0.25,1,"MED HIGH NA",NA
29,4,63.6353477180201,28,0,0.501124946618084,"M",0,0.25,1,"MED HIGH NA",NA
29,5,116.493923305577,30,2,2.5001211319062,"M",0,0.25,1,"MED HIGH NA",NA
29,6,60.6129911128462,28,0,0.497931922210915,"M",0,0.25,1,"MED HIGH NA",NA
29,7,204.925158483652,35,7,7.50074826163257,"M",0,0.25,1,"MED HIGH NA",NA
29,8,146.93681017313,31,3,3.50042160237369,"M",0,0.25,1,"MED HIGH NA",NA
29,9,130.696079405958,30,2,2.49957299543886,"M",0,0.25,1,"MED HIGH NA",NA
29,10,101.379611873138,29,1,1.49969482305366,"M",0,0.25,1,"MED HIGH NA",NA
29,11,103.088742194608,29,1,1.50149779233246,"M",0,0.25,1,"MED HIGH NA",NA
29,12,157.023189114684,31,3,3.49853278153868,"M",0,0.25,1,"MED HIGH NA",NA
30,1,208.043098205838,35,6,6.50138137758958,"M",0,0.25,1,"MED HIGH NA",NA
30,2,60.8414083447997,29,0,0.498288769457843,"M",0,0.25,1,"MED HIGH NA",NA
30,3,99.8340146775642,30,1,1.49918505710817,"M",0,0.25,1,"MED HIGH NA",NA
30,4,160.785417946234,33,4,4.49964753268208,"M",0,0.25,1,"MED HIGH NA",NA
30,5,100.818302162974,30,1,1.49933579729701,"M",0,0.25,1,"MED HIGH NA",NA
30,6,60.5125405818426,29,0,0.499678913179859,"M",0,0.25,1,"MED HIGH NA",NA
30,7,192.275357550681,37,8,8.50229607049125,"M",0,0.25,1,"MED HIGH NA",NA
30,8,99.3194590412323,30,1,1.49876037359115,"M",0,0.25,1,"MED HIGH NA",NA
30,9,123.877821464066,31,2,2.49919014233335,"M",0,0.25,1,"MED HIGH NA",NA
30,10,63.7664368825835,29,0,0.498802091619265,"M",0,0.25,1,"MED HIGH NA",NA
30,11,175.459172064153,37,8,8.49953143928299,"M",0,0.25,1,"MED HIGH NA",NA
30,12,190.224660808849,37,8,8.50060069718406,"M",0,0.25,1,"MED HIGH NA",NA
30,13,62.6975407053342,29,0,0.498903823624141,"M",0,0.25,1,"MED HIGH NA",NA
31,1,221.286512404403,40,10,10.5007804377298,"M",0,0.25,1,"MED HIGH NA",NA
31,2,173.764229452592,35,5,5.49886748155536,"M",0,0.25,1,"MED HIGH NA",NA
31,3,62.0998275063527,30,0,0.501234197219061,"M",0,0.25,1,"MED HIGH NA",NA
31,4,180.475686456965,35,5,5.49910579790859,"M",0,0.25,1,"MED HIGH NA",NA
31,5,128.020417832989,32,2,2.50174294426673,"M",0,0.25,1,"MED HIGH NA",NA
31,6,62.2708405844591,30,0,0.501318115214004,"M",0,0.25,1,"MED HIGH NA",NA
31,7,60.9171205287066,30,0,0.50054846064413,"M",0,0.25,1,"MED HIGH NA",NA
31,8,149.762401031382,33,3,3.49938037700733,"M",0,0.25,1,"MED HIGH NA",NA
31,9,215.608236592099,40,10,10.4997193198665,"M",0,0.25,1,"MED HIGH NA",NA
31,10,218.610313661819,42,12,12.5003043968938,"M",0,0.25,1,"MED HIGH NA",NA
31,11,98.726740561868,31,1,1.50043514819698,"M",0,0.25,1,"MED HIGH NA",NA
31,12,118.725563813733,32,2,2.49888842316555,"M",0,0.25,1,"MED HIGH NA",NA
31,13,124.343055969629,32,2,2.50038609721374,"M",0,0.25,1,"MED HIGH NA",NA
32,1,168.429469550439,35,4,4.50031733489791,"M",0,0.25,1,"MED HIGH NA",NA
32,2,126.62670821205,33,2,2.49971541837195,"M",0,0.25,1,"MED HIGH NA",NA
32,3,192.190287078356,41,10,10.4987831037173,"M",0,0.25,1,"MED HIGH NA",NA
32,4,99.5141295733376,32,1,1.50101922016195,"M",0,0.25,1,"MED HIGH NA",NA
32,5,97.220140659525,32,1,1.49925885104791,"M",0,0.25,1,"MED HIGH NA",NA
32,6,62.1049323108384,31,0,0.500721489650041,"M",0,0.25,1,"MED HIGH NA",NA
32,7,65.1353729937464,31,0,0.500956102801145,"M",0,0.25,1,"MED HIGH NA",NA
32,8,197.152327231782,40,9,9.50027053189859,"M",0,0.25,1,"MED HIGH NA",NA
32,9,234.333006722986,44,13,13.5012830543798,"M",0,0.25,1,"MED HIGH NA",NA
32,10,128.293937934487,33,2,2.4994001503007,"M",0,0.25,1,"MED HIGH NA",NA
33,1,62.9528426672212,32,0,0.498719462532783,"M",0,0.25,1,"MED HIGH NA",NA
33,2,63.188112683826,32,0,0.499097413918778,"M",0,0.25,1,"MED HIGH NA",NA
33,3,139.820618550901,35,3,3.49753224752386,"M",0,0.25,1,"MED HIGH NA",NA
33,4,104.498267345468,33,1,1.50007186447302,"M",0,0.25,1,"MED HIGH NA",NA
33,5,63.4501419789806,32,0,0.499933561803425,"M",0,0.25,1,"MED HIGH NA",NA
33,6,99.3012968568707,33,1,1.49965812678097,"M",0,0.25,1,"MED HIGH NA",NA
33,7,176.815272967656,36,4,4.50072314438362,"M",0,0.25,1,"MED HIGH NA",NA
33,8,158.456908903112,36,4,4.50050605615263,"M",0,0.25,1,"MED HIGH NA",NA
33,9,167.399518617895,35,3,3.49921439202545,"M",0,0.25,1,"MED HIGH NA",NA
33,10,104.262225470164,33,1,1.49929419017318,"M",0,0.25,1,"MED HIGH NA",NA
34,1,96.8504329469085,34,1,1.50226909599331,"M",0,0.25,1,"MED HIGH NA",NA
34,2,190.945215032495,39,6,6.50095059826501,"M",0,0.25,1,"MED HIGH NA",NA
34,3,93.9074485626572,34,1,1.5010459885244,"M",0,0.25,1,"MED HIGH NA",NA
34,4,102.378160079137,34,1,1.49931036392446,"M",0,0.25,1,"MED HIGH NA",NA
34,5,188.811446328739,38,5,5.49964784157188,"M",0,0.25,1,"MED HIGH NA",NA
34,6,64.4767018118728,33,0,0.499187326007455,"M",0,0.25,1,"MED HIGH NA",NA
34,7,140.345314951693,37,4,4.50036399278733,"M",0,0.25,1,"MED HIGH NA",NA
34,8,62.6750888596641,33,0,0.500256157007477,"M",0,0.25,1,"MED HIGH NA",NA
34,9,61.2853030615044,33,0,0.500605915987517,"M",0,0.25,1,"MED HIGH NA",NA
34,10,119.672387126702,35,2,2.50188314576927,"M",0,0.25,1,"MED HIGH NA",NA
35,1,153.276948025925,38,4,4.49937736261163,"M",0,0.25,1,"MED HIGH NA",NA
35,2,184.746846123052,40,6,6.49855825797388,"M",0,0.25,1,"MED HIGH NA",NA
35,3,126.312185684039,36,2,2.50158161845246,"M",0,0.25,1,"MED HIGH NA",NA
35,4,153.376423950269,37,3,3.49890893679163,"M",0,0.25,1,"MED HIGH NA",NA
35,5,99.1356846239244,35,1,1.49848536017056,"M",0,0.25,1,"MED HIGH NA",NA
35,6,182.365556029018,39,5,5.49880489798862,"M",0,0.25,1,"MED HIGH NA",NA
35,7,202.370561308573,48,14,14.5010730835044,"M",0,0.25,1,"MED HIGH NA",NA
35,8,174.455095040743,38,4,4.50115706676957,"M",0,0.25,1,"MED HIGH NA",NA
35,9,192.110025638328,43,9,9.50045525062095,"M",0,0.25,1,"MED HIGH NA",NA
35,10,128.622719714475,36,2,2.50074319937919,"M",0,0.25,1,"MED HIGH NA",NA
35,11,60.8190077886836,34,0,0.500892992396508,"M",0,0.25,1,"MED HIGH NA",NA
36,1,180.840041303373,41,6,6.50142734012549,"M",0,0.25,1,"MED HIGH NA",NA
36,2,198.694446385137,41,6,6.5018138107069,"M",0,0.25,1,"MED HIGH NA",NA
36,3,256.808487814301,46,11,11.4994422706197,"M",0,0.25,1,"MED HIGH NA",NA
36,4,98.6307216869205,36,1,1.49809672260443,"M",0,0.25,1,"MED HIGH NA",NA
36,5,62.677213041484,35,0,0.500389444415948,"M",0,0.25,1,"MED HIGH NA",NA
36,6,129.393928106038,37,2,2.50140847145397,"M",0,0.25,1,"MED HIGH NA",NA
36,7,62.0025814088845,35,0,0.498911057757318,"M",0,0.25,1,"MED HIGH NA",NA
36,8,168.096473517222,39,4,4.49982008892132,"M",0,0.25,1,"MED HIGH NA",NA
36,9,147.945627188918,38,3,3.49964553117808,"M",0,0.25,1,"MED HIGH NA",NA
36,10,137.752053073399,38,3,3.50036128097044,"M",0,0.25,1,"MED HIGH NA",NA
36,11,62.1984792118677,35,0,0.499631507552408,"M",0,0.25,1,"MED HIGH NA",NA
36,12,125.901218414436,37,2,2.50148950155757,"M",0,0.25,1,"MED HIGH NA",NA
37,1,96.1807207841856,37,1,1.50017820076106,"M",0,0.25,1,"MED HIGH NA",NA
37,2,190.816020271251,42,6,6.4993983580704,"M",0,0.25,1,"MED HIGH NA",NA
37,3,61.6925424036452,36,0,0.499611307387469,"M",0,0.25,1,"MED HIGH NA",NA
37,4,157.020123857164,40,4,4.49931048806094,"M",0,0.25,1,"MED HIGH NA",NA
37,5,96.2483062881656,37,1,1.50019009893061,"M",0,0.25,1,"MED HIGH NA",NA
37,6,181.697793425726,40,4,4.50018629746026,"M",0,0.25,1,"MED HIGH NA",NA
37,7,63.5186820964054,36,0,0.50150072369249,"M",0,0.25,1,"MED HIGH NA",NA
37,8,155.377943480144,39,3,3.49946807152868,"M",0,0.25,1,"MED HIGH NA",NA
37,9,61.7878112196968,36,0,0.500604920991796,"M",0,0.25,1,"MED HIGH NA",NA
37,10,200.39463119576,46,10,10.5017064972749,"M",0,0.25,1,"MED HIGH NA",NA
38,1,64.3135383513889,37,0,0.500511165842327,"M",0,0.25,1,"MED HIGH NA",NA
38,2,63.1073101154196,37,0,0.500659506192068,"M",0,0.25,1,"MED HIGH NA",NA
38,3,184.311468405447,43,6,6.50083567467425,"M",0,0.25,1,"MED HIGH NA",NA
38,4,62.978780908696,37,0,0.500962015041709,"M",0,0.25,1,"MED HIGH NA",NA
38,5,124.028158341978,39,2,2.499167212029,"M",0,0.25,1,"MED HIGH NA",NA
38,6,117.870149976663,39,2,2.49852633463281,"M",0,0.25,1,"MED HIGH NA",NA
38,7,207.38418334768,50,13,13.4998993142424,"FISHED",0.274642088264227,0.25,1,"MED HIGH NA",NA
38,8,59.6564694793311,37,0,0.500155076099478,"M",0,0.25,1,"MED HIGH NA",NA
38,9,151.192411541227,40,3,3.49963878854219,"M",0,0.25,1,"MED HIGH NA",NA
38,10,59.8873212274925,37,0,0.500167671390551,"M",0,0.25,1,"MED HIGH NA",NA
38,11,95.3656598668201,38,1,1.50108692673595,"M",0,0.25,1,"MED HIGH NA",NA
38,12,130.971816779315,39,2,2.49822787268089,"M",0,0.25,1,"MED HIGH NA",NA
39,1,124.773184385431,40,2,2.50255220957073,"M",0,0.25,1,"MED HIGH NA",NA
39,2,163.609927820182,43,5,5.50028980747335,"M",0,0.25,1,"MED HIGH NA",NA
39,3,120.687529549146,40,2,2.49969473783923,"M",0,0.25,1,"MED HIGH NA",NA
39,4,62.7339927808846,38,0,0.500313481325011,"M",0,0.25,1,"MED HIGH NA",NA
39,5,140.134964819653,42,4,4.50002173189441,"M",0,0.25,1,"MED HIGH NA",NA
39,6,60.7376198479569,38,0,0.500569925715407,"M",0,0.25,1,"MED HIGH NA",NA
39,7,138.523354659246,40,2,2.49894963608665,"M",0,0.25,1,"MED HIGH NA",NA
39,8,134.249224499121,40,2,2.49996356844843,"M",0,0.25,1,"MED HIGH NA",NA
39,9,140.317674588892,41,3,3.50025821566737,"M",0,0.25,1,"MED HIGH NA",NA
39,10,96.7169111182205,39,1,1.50044850033921,"M",0,0.25,1,"MED HIGH NA",NA
39,11,62.8786842044077,38,0,0.500604212360768,"M",0,0.25,1,"MED HIGH NA",NA
39,12,192.056391763759,44,6,6.49808661853518,"M",0,0.25,1,"MED HIGH NA",NA
39,13,63.206371417118,38,0,0.501883450780027,"M",0,0.25,1,"MED HIGH NA",NA
40,1,100.474975455536,40,1,1.49996853219597,"M",0,0.25,1,"MED HIGH NA",NA
40,2,154.717679850811,43,4,4.50023534840188,"M",0,0.25,1,"MED HIGH NA",NA
40,3,146.277018560381,42,3,3.49771504146164,"M",0,0.25,1,"MED HIGH NA",NA
40,4,224.492654436632,48,9,9.50117543537174,"M",0,0.25,1,"MED HIGH NA",NA
40,5,97.2464004956158,40,1,1.49945517589077,"M",0,0.25,1,"MED HIGH NA",NA
40,6,131.673684253585,41,2,2.49960048013208,"M",0,0.25,1,"MED HIGH NA",NA
40,7,62.8631215650326,39,0,0.502706183069139,"M",0,0.25,1,"MED HIGH NA",NA
40,8,98.5113351798529,40,1,1.50129423135242,"M",0,0.25,1,"MED HIGH NA",NA
40,9,191.809291277279,45,6,6.49865478911809,"M",0,0.25,1,"MED HIGH NA",NA
40,10,149.702643902067,43,4,4.50156377820566,"M",0,0.25,1,"MED HIGH NA",NA
40,11,62.9474579321467,39,0,0.500457306051134,"M",0,0.25,1,"MED HIGH NA",NA
40,12,127.771180667933,41,2,2.50212243067727,"M",0,0.25,1,"MED HIGH NA",NA
40,13,186.462892358123,46,7,7.50021179982037,"M",0,0.25,1,"MED HIGH NA",NA
41,1,148.379410368926,43,3,3.49987868766637,"M",0,0.25,1,"MED HIGH NA",NA
41,2,61.7734950327587,40,0,0.499500506610922,"M",0,0.25,1,"MED HIGH NA",NA
41,3,62.1987895514884,40,0,0.49906013569613,"M",0,0.25,1,"MED HIGH NA",NA
41,4,163.027606853473,44,4,4.49959735889404,"M",0,0.25,1,"MED HIGH NA",NA
41,5,129.937777193698,42,2,2.49938241105861,"M",0,0.25,1,"MED HIGH NA",NA
41,6,145.905587491033,44,4,4.50031859473532,"M",0,0.25,1,"MED HIGH NA",NA
41,7,62.9348487805851,40,0,0.499563292134406,"M",0,0.25,1,"MED HIGH NA",NA
41,8,64.3995608523277,40,0,0.500794675736295,"M",0,0.25,1,"MED HIGH NA",NA
41,9,151.061891983917,44,4,4.5006289630171,"M",0,0.25,1,"MED HIGH NA",NA
41,10,63.9765159612923,40,0,0.500274861872981,"M",0,0.25,1,"MED HIGH NA",NA
41,11,184.721997949827,45,5,5.49955385427338,"M",0,0.25,1,"MED HIGH NA",NA
41,12,194.07251947056,50,10,10.5003275051339,"M",0.274642088264227,0.25,1,"MED HIGH NA",NA
42,1,132.530668906039,43,2,2.49915588396093,"M",0,0.25,1,"MED HIGH NA",NA
42,2,179.996463984222,50,9,9.49771262454532,"M",0.274642088264227,0.25,1,"MED HIGH NA",NA
42,3,96.9443000164439,42,1,1.49953468246022,"M",0,0.25,1,"MED HIGH NA",NA
42,4,181.200210291519,45,4,4.50015201039198,"M",0,0.25,1,"MED HIGH NA",NA
42,5,60.9426991465816,41,0,0.499513644059055,"M",0,0.25,1,"MED HIGH NA",NA
42,6,95.8570375048678,42,1,1.49949887993729,"M",0,0.25,1,"MED HIGH NA",NA
42,7,62.0147766588051,41,0,0.50011673156119,"M",0,0.25,1,"MED HIGH NA",NA
42,8,94.1501545885809,42,1,1.50186739777032,"M",0,0.25,1,"MED HIGH NA",NA
42,9,65.6722208977463,41,0,0.500060117544001,"M",0,0.25,1,"MED HIGH NA",NA
42,10,62.2243195250728,41,0,0.500218682894722,"M",0,0.25,1,"MED HIGH NA",NA
42,11,97.3661650505724,42,1,1.49900720826127,"M",0,0.25,1,"MED HIGH NA",NA
42,12,185.038931828209,49,8,8.49979980610662,"M",0,0.25,1,"MED HIGH NA",NA
42,13,99.3763247091589,42,1,1.49973900538089,"M",0,0.25,1,"MED HIGH NA",NA
43,1,196.958070679363,51,9,9.50053473632961,"FISHED",0.291923250653781,0.25,1,"MED HIGH NA",NA
43,2,137.300837198299,44,2,2.49933074006633,"M",0,0.25,1,"MED HIGH NA",NA
43,3,184.477689550413,47,5,5.49923222882027,"M",0,0.25,1,"MED HIGH NA",NA
43,4,125.129783801799,44,2,2.49850615152471,"M",0,0.25,1,"MED HIGH NA",NA
43,5,96.9002959080019,43,1,1.4989005725375,"M",0,0.25,1,"MED HIGH NA",NA
43,6,176.792478885116,47,5,5.5008740733992,"M",0,0.25,1,"MED HIGH NA",NA
43,7,99.8381504380777,43,1,1.49834355401623,"M",0,0.25,1,"MED HIGH NA",NA
43,8,95.4468771424237,43,1,1.50154729435764,"M",0,0.25,1,"MED HIGH NA",NA
43,9,102.965171979488,43,1,1.5000613984955,"M",0,0.25,1,"MED HIGH NA",NA
43,10,139.534545795426,45,3,3.50050406933304,"M",0,0.25,1,"MED HIGH NA",NA
43,11,160.988739792285,45,3,3.50052736736291,"M",0,0.25,1,"MED HIGH NA",NA
43,12,66.4326565852221,42,0,0.499312636737254,"M",0,0.25,1,"MED HIGH NA",NA
44,1,61.4927601602282,43,0,0.500434670562451,"M",0,0.25,1,"MED HIGH NA",NA
44,2,128.111509935357,45,2,2.49954579453609,"M",0,0.25,1,"MED HIGH NA",NA
44,3,61.9210555113054,43,0,0.499422768182724,"M",0,0.25,1,"MED HIGH NA",NA
44,4,62.2555835832472,43,0,0.498338930031935,"M",0,0.25,1,"MED HIGH NA",NA
44,5,156.810468173567,47,4,4.50076938595788,"M",0,0.25,1,"MED HIGH NA",NA
44,6,147.781716887385,46,3,3.5000349933428,"M",0,0.25,1,"MED HIGH NA",NA
44,7,64.1397124999214,43,0,0.499227282716769,"M",0,0.25,1,"MED HIGH NA",NA
44,8,126.734591385686,45,2,2.50052197659173,"M",0,0.25,1,"MED HIGH NA",NA
44,9,165.085828840686,46,3,3.50050844330147,"M",0,0.25,1,"MED HIGH NA",NA
44,10,184.783401629364,50,7,7.50021831086485,"FISHED",0.274642088264227,0.25,1,"MED HIGH NA",NA
45,1,221.305593266659,51,7,7.50093518350624,"FISHED",0.291923250653781,0.25,1,"MED HIGH NA",NA
45,2,179.453787844309,51,7,7.50125531801364,"FISHED",0.291923250653781,0.25,1,"MED HIGH NA",NA
45,3,60.4763853883224,44,0,0.499824256500788,"M",0,0.25,1,"MED HIGH NA",NA
45,4,125.827965491189,46,2,2.50124141030715,"M",0,0.25,1,"MED HIGH NA",NA
45,5,185.244524502154,55,11,11.499808331077,"M",0.254629466007464,0.25,1,"MED HIGH NA",NA
45,6,123.197563974037,46,2,2.50022265267195,"M",0,0.25,1,"MED HIGH NA",NA
45,7,63.6388126131079,44,0,0.500019752621744,"M",0,0.25,1,"MED HIGH NA",NA
45,8,103.683005830399,45,1,1.49741255963154,"M",0,0.25,1,"MED HIGH NA",NA
45,9,145.582137619078,47,3,3.49928286398051,"M",0,0.25,1,"MED HIGH NA",NA
45,10,145.972127584955,47,3,3.50043647171975,"M",0,0.25,1,"MED HIGH NA",NA
45,11,118.284954978807,46,2,2.50083975930268,"M",0,0.25,1,"MED HIGH NA",NA
46,1,62.6397085335116,45,0,0.501130029527126,"M",0,0.25,1,"MED HIGH NA",NA
46,2,193.734313485989,53,8,8.49988167992843,"M",0.215247327229008,0.25,1,"MED HIGH NA",NA
46,3,197.474179388971,52,7,7.50034328229515,"M",0.244216785440221,0.25,1,"MED HIGH NA",NA
46,4,169.374487326078,50,5,5.49912175313631,"FISHED",0.274642088264227,0.25,1,"MED HIGH NA",NA
46,5,196.169309323863,51,6,6.49939173425808,"M",0.291923250653781,0.25,1,"MED HIGH NA",NA
46,6,140.813748230219,48,3,3.50121434529538,"M",0,0.25,1,"MED HIGH NA",NA
46,7,166.303151667588,50,5,5.49968923819862,"FISHED",0.274642088264227,0.25,1,"MED HIGH NA",NA
46,8,217.326986930474,59,14,14.499671378599,"M",0.263354433374479,0.25,1,"MED HIGH NA",NA
46,9,132.060971957137,48,3,3.50087222621432,"M",0,0.25,1,"MED HIGH NA",NA
46,10,95.9368021667731,46,1,1.5012430870102,"M",0,0.25,1,"MED HIGH NA",NA
47,1,98.0029806293484,47,1,1.49923310492478,"M",0,0.25,1,"MED HIGH NA",NA
47,2,188.126090191043,55,9,9.49948505530801,"M",0.254629466007464,0.25,1,"MED HIGH NA",NA
47,3,89.5673699143818,47,1,1.50186903435632,"M",0,0.25,1,"MED HIGH NA",NA
47,4,201.427581860886,57,11,11.4989299440026,"M",0.241186966304667,0.25,1,"MED HIGH NA",NA
47,5,147.770089725993,49,3,3.5001345219702,"M",0,0.25,1,"MED HIGH NA",NA
47,6,63.557010385486,46,0,0.499840115712722,"M",0,0.25,1,"MED HIGH NA",NA
47,7,157.013846606888,51,5,5.5008296508747,"M",0.291923250653781,0.25,1,"MED HIGH NA",NA
47,8,160.468301301054,51,5,5.50136119108749,"FISHED",0.291923250653781,0.25,1,"MED HIGH NA",NA
47,9,177.293930319289,53,7,7.49918343715621,"M",0.215247327229008,0.25,1,"MED HIGH NA",NA
47,10,62.9610009988647,46,0,0.500845031373966,"M",0,0.25,1,"MED HIGH NA",NA
47,11,134.224184746191,48,2,2.49929497759331,"M",0,0.25,1,"MED HIGH NA",NA
47,12,186.100972428871,52,6,6.5013153313029,"M",0.244216785440221,0.25,1,"MED HIGH NA",NA
48,1,64.4737355337704,47,0,0.499018599640737,"M",0,0.25,1,"MED HIGH NA",NA
48,2,61.4401280904654,47,0,0.500495568134707,"M",0,0.25,1,"MED HIGH NA",NA
48,3,165.18579550379,54,7,7.5003161178512,"M",0.259120049048215,0.25,1,"MED HIGH NA",NA
48,4,153.483604836107,51,4,4.49880968430322,"FISHED",0.291923250653781,0.25,1,"MED HIGH NA",NA
48,5,221.785158315084,53,6,6.49987576133404,"FISHED",0.215247327229008,0.25,1,"MED HIGH NA",NA
48,6,131.538417219251,49,2,2.50057152315333,"M",0,0.25,1,"MED HIGH NA",NA
48,7,115.775208262758,49,2,2.49757492383242,"M",0,0.25,1,"MED HIGH NA",NA
48,8,216.730849722476,54,7,7.49913795129731,"M",0.259120049048215,0.25,1,"MED HIGH NA",NA
48,9,123.482352655344,49,2,2.4992863959244,"M",0,0.25,1,"MED HIGH NA",NA
48,10,127.328910221931,49,2,2.4991579742893,"M",0,0.25,1,"MED HIGH NA",NA
48,11,105.892911315595,48,1,1.50031133454703,"M",0,0.25,1,"MED HIGH NA",NA
48,12,60.5544553659172,47,0,0.50145655857362,"M",0,0.25,1,"MED HIGH NA",NA
48,13,104.827201427655,48,1,1.50035224153939,"M",0,0.25,1,"MED HIGH NA",NA
49,1,168.709786504403,52,4,4.49920720383129,"FISHED",0.244216785440221,0.25,1,"MED HIGH NA",NA
49,2,157.770598440399,52,4,4.49987271762908,"FISHED",0.244216785440221,0.25,1,"MED HIGH NA",NA
49,3,136.912939228001,50,2,2.5002703821602,"M",0.274642088264227,0.25,1,"MED HIGH NA",NA
49,4,158.170626201968,51,3,3.50070378216442,"FISHED",0.291923250653781,0.25,1,"MED HIGH NA",NA
49,5,93.7539314299342,49,1,1.50084255124758,"M",0,0.25,1,"MED HIGH NA",NA
49,6,133.340589338529,51,3,3.49923181925506,"M",0.291923250653781,0.25,1,"MED HIGH NA",NA
49,7,125.236955754807,50,2,2.49887075442522,"M",0.274642088264227,0.25,1,"MED HIGH NA",NA
49,8,59.2576387960347,48,0,0.502066111021592,"M",0,0.25,1,"MED HIGH NA",NA
49,9,66.6014092615147,48,0,0.501711955564635,"M",0,0.25,1,"MED HIGH NA",NA
49,10,176.03165376282,52,4,4.49979011638194,"FISHED",0.244216785440221,0.25,1,"MED HIGH NA",NA
49,11,192.475305926188,54,6,6.5007901301748,"FISHED",0.259120049048215,0.25,1,"MED HIGH NA",NA
50,1,60.4676246662813,49,0,0.498805017923313,"M",0,0.25,1,"MED HIGH NA",NA
50,2,163.689797548213,53,4,4.50027841307348,"FISHED",0.215247327229008,0.25,1,"MED HIGH NA",NA
50,3,100.265068281523,50,1,1.50046801658631,"M",0.274642088264227,0.25,1,"MED HIGH NA",NA
50,4,60.489453319074,49,0,0.499496604195979,"M",0,0.25,1,"MED HIGH NA",NA
50,5,187.422315619206,54,5,5.49824665733364,"FISHED",0.259120049048215,0.25,1,"MED HIGH NA",NA
50,6,99.9555716682365,50,1,1.49931250720651,"M",0.274642088264227,0.25,1,"MED HIGH NA",NA
50,7,119.776718820817,51,2,2.50040613111343,"FISHED",0.291923250653781,0.25,1,"MED HIGH NA",NA
50,8,130.204609139631,51,2,2.50019797527648,"FISHED",0.291923250653781,0.25,1,"MED HIGH NA",NA
50,9,89.8686161189559,50,1,1.49981623755406,"FISHED",0.274642088264227,0.25,1,"MED HIGH NA",NA
50,10,170.132228356316,53,4,4.49877946701645,"FISHED",0.215247327229008,0.25,1,"MED HIGH NA",NA
50,11,195.470785121371,55,6,6.50069432736767,"FISHED",0.254629466007464,0.25,1,"MED HIGH NA",NA
50,12,128.924788229541,51,2,2.49870587306918,"M",0.291923250653781,0.25,1,"MED HIGH NA",NA
51,1,103.308278343943,51,1,1.49975343144148,"M",0.291923250653781,0.25,1,"MED HIGH NA",NA
51,2,61.9015237754933,50,0,0.499405125193602,"FISHED",0.274642088264227,0.25,1,"MED HIGH NA",NA
51,3,61.2570540970542,50,0,0.499757831844262,"FISHED",0.274642088264227,0.25,1,"MED HIGH NA",NA
51,4,95.4444663417831,51,1,1.49953496915712,"FISHED",0.291923250653781,0.25,1,"MED HIGH NA",NA
51,5,64.0247501325946,50,0,0.499816047877426,"M",0.274642088264227,0.25,1,"MED HIGH NA",NA
51,6,127.042643999654,52,2,2.49674348668841,"FISHED",0.244216785440221,0.25,1,"MED HIGH NA",NA
51,7,99.9757760936032,51,1,1.49959644868909,"M",0.291923250653781,0.25,1,"MED HIGH NA",NA
51,8,138.991079091358,53,3,3.50203674865606,"FISHED",0.215247327229008,0.25,1,"MED HIGH NA",NA
51,9,161.704045817249,57,7,7.4992840935903,"M",0.241186966304667,0.25,1,"MED HIGH NA",NA
51,10,158.021982498381,55,5,5.50017843200428,"M",0.254629466007464,0.25,1,"MED HIGH NA",NA
51,11,161.839053029136,53,3,3.49995644962727,"M",0.215247327229008,0.25,1,"MED HIGH NA",NA
51,12,65.4736822069649,50,0,0.50037789116144,"M",0.274642088264227,0.25,1,"MED HIGH NA",NA
52,1,97.2349041151615,52,1,1.50074476582237,"M",0.244216785440221,0.25,1,"MED HIGH NA",NA
52,2,95.603783544716,52,1,1.50173491656764,"M",0.244216785440221,0.25,1,"MED HIGH NA",NA
52,3,58.7184033667572,51,0,0.499346449091906,"M",0.291923250653781,0.25,1,"MED HIGH NA",NA
52,4,61.9008801191193,51,0,0.499039192440895,"FISHED",0.291923250653781,0.25,1,"MED HIGH NA",NA
52,5,144.257346345397,54,3,3.49900512574655,"M",0.259120049048215,0.25,1,"MED HIGH NA",NA
52,6,63.5995203363201,51,0,0.500698533407318,"FISHED",0.291923250653781,0.25,1,"MED HIGH NA",NA
52,7,158.581253515829,54,3,3.49868216147252,"FISHED",0.259120049048215,0.25,1,"MED HIGH NA",NA
52,8,142.844080078589,55,4,4.49833483849928,"FISHED",0.254629466007464,0.25,1,"MED HIGH NA",NA
52,9,132.33782194196,53,2,2.50065961534559,"M",0.215247327229008,0.25,1,"MED HIGH NA",NA
52,10,163.174940613771,55,4,4.49899212283662,"M",0.254629466007464,0.25,1,"MED HIGH NA",NA
52,11,96.9654930873657,52,1,1.49964579689416,"M",0.244216785440221,0.25,1,"MED HIGH NA",NA
52,12,96.8637783836692,52,1,1.50149725441545,"M",0.244216785440221,0.25,1,"MED HIGH NA",NA
53,1,62.8330820863408,52,0,0.499548998532541,"M",0.244216785440221,0.25,1,"MED HIGH NA",NA
53,2,97.7777467014086,53,1,1.49985271662146,"M",0.215247327229008,0.25,1,"MED HIGH NA",NA
53,3,157.172754315336,56,4,4.50106534331035,"M",0.218690479150973,0.25,1,"MED HIGH NA",NA
53,4,62.3841634962224,52,0,0.499462077556938,"FISHED",0.244216785440221,0.25,1,"MED HIGH NA",NA
53,5,175.962742013753,56,4,4.49937040787336,"M",0.218690479150973,0.25,1,"MED HIGH NA",NA
53,6,124.016833300173,54,2,2.49823301060548,"M",0.259120049048215,0.25,1,"MED HIGH NA",NA
53,7,123.84828305959,54,2,2.50038173365153,"FISHED",0.259120049048215,0.25,1,"MED HIGH NA",NA
53,8,100.062810463591,53,1,1.50172142422567,"FISHED",0.215247327229008,0.25,1,"MED HIGH NA",NA
53,9,150.406523527219,55,3,3.49903364179996,"M",0.254629466007464,0.25,1,"MED HIGH NA",NA
53,10,130.312596194312,54,2,2.50021681813182,"M",0.259120049048215,0.25,1,"MED HIGH NA",NA
54,1,128.981872862546,55,2,2.50102995710455,"FISHED",0.254629466007464,0.25,1,"MED HIGH NA",NA
54,2,94.677118626032,54,1,1.50103740042942,"M",0.259120049048215,0.25,1,"MED HIGH NA",NA
54,3,128.19413501658,55,2,2.49914680491772,"FISHED",0.254629466007464,0.25,1,"MED HIGH NA",NA
54,4,62.7646897657657,53,0,0.498379692258847,"FISHED",0.215247327229008,0.25,1,"MED HIGH NA",NA
54,5,115.977421530001,55,2,2.49991947322854,"M",0.254629466007464,0.25,1,"MED HIGH NA",NA
54,6,64.0906321292361,53,0,0.499429463201271,"M",0.215247327229008,0.25,1,"MED HIGH NA",NA
54,7,63.4153793458962,53,0,0.500333991530429,"M",0.215247327229008,0.25,1,"MED HIGH NA",NA
54,8,63.4233393073305,53,0,0.499070499474571,"FISHED",0.215247327229008,0.25,1,"MED HIGH NA",NA
54,9,61.4469704250749,53,0,0.499569447644498,"FISHED",0.215247327229008,0.25,1,"MED HIGH NA",NA
54,10,128.150182154635,55,2,2.50083199241096,"FISHED",0.254629466007464,0.25,1,"MED HIGH NA",NA
54,11,97.934465807624,54,1,1.49899077417474,"M",0.259120049048215,0.25,1,"MED HIGH NA",NA
55,1,123.016712486051,56,2,2.50031100294978,"FISHED",0.218690479150973,0.25,1,"MED HIGH NA",NA
55,2,96.6344068340662,55,1,1.49960000329916,"FISHED",0.254629466007464,0.25,1,"MED HIGH NA",NA
55,3,102.230903853086,55,1,1.5019352394061,"M",0.254629466007464,0.25,1,"MED HIGH NA",NA
55,4,66.1937576913285,54,0,0.500178386133019,"FISHED",0.259120049048215,0.25,1,"MED HIGH NA",NA
55,5,103.524283929949,55,1,1.49911331572874,"FISHED",0.254629466007464,0.25,1,"MED HIGH NA",NA
55,6,61.0144891295533,54,0,0.501385478008587,"FISHED",0.259120049048215,0.25,1,"MED HIGH NA",NA
55,7,64.1841258743636,54,0,0.499341814667891,"M",0.259120049048215,0.25,1,"MED HIGH NA",NA
55,8,62.9683268397105,54,0,0.500937342236681,"M",0.259120049048215,0.25,1,"MED HIGH NA",NA
55,9,151.494906398967,57,3,3.4998407454733,"M",0.241186966304667,0.25,1,"MED HIGH NA",NA
55,10,98.9231975626641,55,1,1.49950323408499,"M",0.254629466007464,0.25,1,"MED HIGH NA",NA
55,11,179.600409437658,60,6,6.49987792074835,"M",0.231170080183074,0.25,1,"MED HIGH NA",NA
56,1,131.706363461962,57,2,2.49900652576119,"M",0.241186966304667,0.25,1,"MED HIGH NA",NA
56,2,101.208253447789,56,1,1.50219058663326,"FISHED",0.218690479150973,0.25,1,"MED HIGH NA",NA
56,3,128.493793085304,57,2,2.50029659815993,"M",0.241186966304667,0.25,1,"MED HIGH NA",NA
56,4,193.11695935766,68,13,13.4994122484182,"M",0.229503075848334,0.25,1,"MED HIGH NA",NA
56,5,226.182302621923,63,8,8.50119801220271,"M",0.225004275888205,0.25,1,"MED HIGH NA",NA
56,6,63.243498953271,55,0,0.500297884559713,"FISHED",0.254629466007464,0.25,1,"MED HIGH NA",NA
56,7,64.2403683107987,55,0,0.499979573208535,"FISHED",0.254629466007464,0.25,1,"MED HIGH NA",NA
56,8,124.20171650681,57,2,2.50056646483092,"FISHED",0.241186966304667,0.25,1,"MED HIGH NA",NA
56,9,151.499598927844,58,3,3.49888461248655,"M",0.273749769874848,0.25,1,"MED HIGH NA",NA
56,10,103.047522609192,56,1,1.500680793787,"FISHED",0.218690479150973,0.25,1,"MED HIGH NA",NA
56,11,58.3879903721976,55,0,0.499598513703022,"FISHED",0.254629466007464,0.25,1,"MED HIGH NA",NA
56,12,121.55065027573,57,2,2.49907571608578,"M",0.241186966304667,0.25,1,"MED HIGH NA",NA
56,13,98.300409059979,56,1,1.49954644386382,"FISHED",0.218690479150973,0.25,1,"MED HIGH NA",NA
57,1,100.886384299101,57,1,1.49962377222922,"M",0.241186966304667,0.25,1,"MED HIGH NA",NA
57,2,137.995939655292,58,2,2.50164369359016,"M",0.273749769874848,0.25,1,"MED HIGH NA",NA
57,3,184.14034364197,62,6,6.49848102873423,"FISHED",0.230727267311886,0.25,1,"MED HIGH NA",NA
57,4,125.957561393184,58,2,2.49961666941122,"M",0.273749769874848,0.25,1,"MED HIGH NA",NA
57,5,126.349937786981,58,2,2.49908231954655,"M",0.273749769874848,0.25,1,"MED HIGH NA",NA
57,6,63.7654320602669,56,0,0.501368339361013,"FISHED",0.218690479150973,0.25,1,"MED HIGH NA",NA
57,7,61.8158497624457,56,0,0.499108198076085,"M",0.218690479150973,0.25,1,"MED HIGH NA",NA
57,8,94.0846611836147,57,1,1.50067227208601,"M",0.241186966304667,0.25,1,"MED HIGH NA",NA
57,9,135.566308024222,59,3,3.50068986348691,"FISHED",0.263354433374479,0.25,1,"MED HIGH NA",NA
57,10,61.0856234632946,56,0,0.499801816021283,"FISHED",0.218690479150973,0.25,1,"MED HIGH NA",NA
57,11,93.2847353238251,57,1,1.50076842909044,"FISHED",0.241186966304667,0.25,1,"MED HIGH NA",NA
57,12,60.9039574002266,56,0,0.500059709382288,"FISHED",0.218690479150973,0.25,1,"MED HIGH NA",NA
57,13,181.551437909144,61,5,5.49987981992518,"M",0.262553458381444,0.25,1,"MED HIGH NA",NA
58,1,146.697089835158,60,3,3.49942505958513,"M",0.231170080183074,0.25,1,"MED HIGH NA",NA
58,2,120.548368789132,59,2,2.49725833111578,"M",0.263354433374479,0.25,1,"MED HIGH NA",NA
58,3,99.1948497012987,58,1,1.49953125173271,"FISHED",0.273749769874848,0.25,1,"MED HIGH NA",NA
58,4,63.8050290547653,57,0,0.500641358360289,"M",0.241186966304667,0.25,1,"MED HIGH NA",NA
58,5,103.450570983532,58,1,1.5002150350021,"M",0.273749769874848,0.25,1,"MED HIGH NA",NA
58,6,96.2152451798279,58,1,1.49974314991147,"FISHED",0.273749769874848,0.25,1,"MED HIGH NA",NA
58,7,95.7916126544875,58,1,1.49877636377115,"M",0.273749769874848,0.25,1,"MED HIGH NA",NA
58,8,64.4585488385304,57,0,0.501239168388353,"M",0.241186966304667,0.25,1,"MED HIGH NA",NA
58,9,100.478541794926,58,1,1.49952820783632,"M",0.273749769874848,0.25,1,"MED HIGH NA",NA
58,10,102.015982735695,58,1,1.50063241320342,"M",0.273749769874848,0.25,1,"MED HIGH NA",NA
58,11,117.591207669545,59,2,2.50070088888312,"FISHED",0.263354433374479,0.25,1,"MED HIGH NA",NA
58,12,137.945749080274,59,2,2.50026045785207,"FISHED",0.263354433374479,0.25,1,"MED HIGH NA",NA
59,1,64.6894475183206,58,0,0.500416849053278,"M",0.273749769874848,0.25,1,"MED HIGH NA",NA
59,2,64.2887870322495,58,0,0.499806107955423,"M",0.273749769874848,0.25,1,"MED HIGH NA",NA
59,3,61.7538785273169,58,0,0.499443128886594,"FISHED",0.273749769874848,0.25,1,"MED HIGH NA",NA
59,4,64.8690444495632,58,0,0.501549499755162,"FISHED",0.273749769874848,0.25,1,"MED HIGH NA",NA
59,5,179.846696711735,64,6,6.50035871227304,"FISHED",0.249494803859852,0.25,1,"MED HIGH NA",NA
59,6,122.885174952267,60,2,2.49791377382609,"M",0.231170080183074,0.25,1,"MED HIGH NA",NA
59,7,98.9491674454249,59,1,1.49898697748232,"M",0.263354433374479,0.25,1,"MED HIGH NA",NA
59,8,61.5753389450883,58,0,0.50118340887607,"M",0.273749769874848,0.25,1,"MED HIGH NA",NA
59,9,128.06576912298,60,2,2.49941391117601,"FISHED",0.231170080183074,0.25,1,"MED HIGH NA",NA
59,10,95.8813464907165,59,1,1.50012386077071,"FISHED",0.263354433374479,0.25,1,"MED HIGH NA",NA
59,11,65.1320821947608,58,0,0.50066630725255,"M",0.273749769874848,0.25,1,"MED HIGH NA",NA
60,1,62.6192971499345,59,0,0.500390123163634,"FISHED",0.263354433374479,0.25,1,"MED HIGH NA",NA
60,2,116.606327915744,61,2,2.49947348455078,"FISHED",0.262553458381444,0.25,1,"MED HIGH NA",NA
60,3,62.0823382144506,59,0,0.498905259674384,"M",0.263354433374479,0.25,1,"MED HIGH NA",NA
60,4,130.821550199055,61,2,2.50018124685935,"FISHED",0.262553458381444,0.25,1,"MED HIGH NA",NA
60,5,67.4394974980325,59,0,0.501215002708191,"M",0.263354433374479,0.25,1,"MED HIGH NA",NA
60,6,146.919882578274,62,3,3.49909710990089,"M",0.230727267311886,0.25,1,"MED HIGH NA",NA
60,7,120.742848298869,61,2,2.49928694748314,"M",0.262553458381444,0.25,1,"MED HIGH NA",NA
60,8,156.590051757608,62,3,3.49935120740126,"M",0.230727267311886,0.25,1,"MED HIGH NA",NA
60,9,63.5979295697423,59,0,0.500219132645497,"M",0.263354433374479,0.25,1,"MED HIGH NA",NA
60,10,66.3720391398113,59,0,0.501148612574979,"FISHED",0.263354433374479,0.25,1,"MED HIGH NA",NA
60,11,125.243579850091,61,2,2.50049495174037,"M",0.262553458381444,0.25,1,"MED HIGH NA",NA
61,1,63.0507697850458,60,0,0.498944416687822,"M",0.231170080183074,0.25,1,"MED HIGH NA",NA
61,2,101.324251144488,61,1,1.49948790858212,"FISHED",0.262553458381444,0.25,1,"MED HIGH NA",NA
61,3,60.4106724259466,60,0,0.500246215215799,"FISHED",0.231170080183074,0.25,1,"MED HIGH NA",NA
61,4,60.6676045490395,60,0,0.500377941696681,"M",0.231170080183074,0.25,1,"MED HIGH NA",NA
61,5,174.855269646212,64,4,4.50103577609172,"FISHED",0.249494803859852,0.25,1,"MED HIGH NA",NA
61,6,95.4044375823967,61,1,1.50090666938213,"M",0.262553458381444,0.25,1,"MED HIGH NA",NA
61,7,118.617566578026,62,2,2.49993105722333,"FISHED",0.230727267311886,0.25,1,"MED HIGH NA",NA
61,8,147.092891171307,63,3,3.5001147123426,"FISHED",0.225004275888205,0.25,1,"MED HIGH NA",NA
61,9,172.07269504119,64,4,4.49997837558252,"M",0.249494803859852,0.25,1,"MED HIGH NA",NA
61,10,66.2384684192117,60,0,0.501339797567885,"FISHED",0.231170080183074,0.25,1,"MED HIGH NA",NA
62,1,157.806955685514,65,4,4.50154639855794,"M",0.265901388064958,0.25,1,"MED HIGH NA",NA
62,2,63.0717350980285,61,0,0.500602788852234,"FISHED",0.262553458381444,0.25,1,"MED HIGH NA",NA
62,3,61.5890888299408,61,0,0.500565754038242,"M",0.262553458381444,0.25,1,"MED HIGH NA",NA
62,4,101.183636426245,62,1,1.49978049417919,"M",0.230727267311886,0.25,1,"MED HIGH NA",NA
62,5,61.4335466395833,61,0,0.499621630842888,"M",0.262553458381444,0.25,1,"MED HIGH NA",NA
62,6,66.1857791458073,61,0,0.500572311305214,"M",0.262553458381444,0.25,1,"MED HIGH NA",NA
62,7,123.319142107861,63,2,2.49963917759962,"FISHED",0.225004275888205,0.25,1,"MED HIGH NA",NA
62,8,187.003843843571,66,5,5.49926714008382,"M",0.22720003745053,0.25,1,"MED HIGH NA",NA
62,9,121.389572972875,63,2,2.4990224039521,"FISHED",0.225004275888205,0.25,1,"MED HIGH NA",NA
62,10,129.768681556483,63,2,2.49821618641395,"FISHED",0.225004275888205,0.25,1,"MED HIGH NA",NA
62,11,61.1744888381169,61,0,0.499033226410597,"FISHED",0.262553458381444,0.25,1,"MED HIGH NA",NA
63,1,98.5727164400544,63,1,1.49962556022519,"FISHED",0.225004275888205,0.25,1,"MED HIGH NA",NA
63,2,98.6443212332477,63,1,1.50047976600336,"M",0.225004275888205,0.25,1,"MED HIGH NA",NA
63,3,94.3539529660305,63,1,1.50128973247555,"M",0.225004275888205,0.25,1,"MED HIGH NA",NA
63,4,61.1587242972369,62,0,0.499359584483026,"M",0.230727267311886,0.25,1,"MED HIGH NA",NA
63,5,97.6248969916468,63,1,1.49862596693684,"M",0.225004275888205,0.25,1,"MED HIGH NA",NA
63,6,97.6733436734354,63,1,1.50028640048087,"FISHED",0.225004275888205,0.25,1,"MED HIGH NA",NA
63,7,59.3634317993499,62,0,0.500179845206318,"FISHED",0.230727267311886,0.25,1,"MED HIGH NA",NA
63,8,63.434232426346,62,0,0.497369219676032,"FISHED",0.230727267311886,0.25,1,"MED HIGH NA",NA
63,9,152.831533656832,66,4,4.50159063262795,"M",0.22720003745053,0.25,1,"MED HIGH NA",NA
63,10,61.4658936357752,62,0,0.498844048835688,"M",0.230727267311886,0.25,1,"MED HIGH NA",NA
63,11,64.47832796313,62,0,0.50076257246766,"M",0.230727267311886,0.25,1,"MED HIGH NA",NA
64,1,93.2943700421381,64,1,1.49929792208454,"M",0.249494803859852,0.25,1,"MED HIGH NA",NA
64,2,60.9377770595196,63,0,0.500787982734822,"M",0.225004275888205,0.25,1,"MED HIGH NA",NA
64,3,211.157103008493,69,6,6.50033258802774,"FISHED",0.299821351864375,0.25,1,"MED HIGH NA",NA
64,4,137.8742225338,65,2,2.50102665124334,"FISHED",0.265901388064958,0.25,1,"MED HIGH NA",NA
64,5,169.310798777633,67,4,4.50190468138737,"M",0.267170855449513,0.25,1,"MED HIGH NA",NA
64,6,97.4992030792493,64,1,1.49925382762347,"FISHED",0.249494803859852,0.25,1,"MED HIGH NA",NA
64,7,129.92584950128,65,2,2.49945439358078,"FISHED",0.265901388064958,0.25,1,"MED HIGH NA",NA
64,8,148.903543254206,66,3,3.50095420636858,"M",0.22720003745053,0.25,1,"MED HIGH NA",NA
64,9,63.5219554006529,63,0,0.500723526502769,"M",0.225004275888205,0.25,1,"MED HIGH NA",NA
64,10,122.605878407928,65,2,2.50227643679409,"FISHED",0.265901388064958,0.25,1,"MED HIGH NA",NA
65,1,172.413294479496,68,4,4.5009894774685,"M",0.229503075848334,0.25,1,"MED HIGH NA",NA
65,2,60.9690737447168,64,0,0.500559054581646,"M",0.249494803859852,0.25,1,"MED HIGH NA",NA
65,3,120.364988422581,66,2,2.49967758942401,"FISHED",0.22720003745053,0.25,1,"MED HIGH NA",NA
65,4,95.8865814040331,65,1,1.50153882462528,"M",0.265901388064958,0.25,1,"MED HIGH NA",NA
65,5,62.8768641506936,64,0,0.499347338036212,"M",0.249494803859852,0.25,1,"MED HIGH NA",NA
65,6,93.2746946293358,65,1,1.49924713607853,"M",0.265901388064958,0.25,1,"MED HIGH NA",NA
65,7,227.726983125138,75,11,11.5008106735092,"M",0.316540127596818,0.25,1,"MED HIGH NA",NA
65,8,169.939187143177,67,3,3.50014377612134,"FISHED",0.267170855449513,0.25,1,"MED HIGH NA",NA
65,9,144.871868376576,67,3,3.50079216142279,"FISHED",0.267170855449513,0.25,1,"MED HIGH NA",NA
65,10,62.0098197006515,64,0,0.498315779116815,"FISHED",0.249494803859852,0.25,1,"MED HIGH NA",NA
65,11,65.4360870211093,64,0,0.500499223365999,"FISHED",0.249494803859852,0.25,1,"MED HIGH NA",NA
65,12,101.969241079856,65,1,1.4989856992468,"FISHED",0.265901388064958,0.25,1,"MED HIGH NA",NA
66,1,127.337063242539,67,2,2.50205743712538,"M",0.267170855449513,0.25,1,"MED HIGH NA",NA
66,2,121.42638988918,67,2,2.50126589441317,"FISHED",0.267170855449513,0.25,1,"MED HIGH NA",NA
66,3,123.662931440402,67,2,2.50043900011007,"M",0.267170855449513,0.25,1,"MED HIGH NA",NA
66,4,99.1299562197116,66,1,1.50006088742746,"FISHED",0.22720003745053,0.25,1,"MED HIGH NA",NA
66,5,98.8847079064124,66,1,1.50078627826578,"M",0.22720003745053,0.25,1,"MED HIGH NA",NA
66,6,148.680916816504,68,3,3.49955360066768,"FISHED",0.229503075848334,0.25,1,"MED HIGH NA",NA
66,7,66.1397091296385,65,0,0.499665951194187,"M",0.265901388064958,0.25,1,"MED HIGH NA",NA
66,8,62.1577174545511,65,0,0.502421800415543,"FISHED",0.265901388064958,0.25,1,"MED HIGH NA",NA
66,9,63.7949038609961,65,0,0.499539118742978,"M",0.265901388064958,0.25,1,"MED HIGH NA",NA
66,10,62.5765576204834,65,0,0.499329767663764,"FISHED",0.265901388064958,0.25,1,"MED HIGH NA",NA
66,11,141.157670774893,68,3,3.50074082585025,"M",0.229503075848334,0.25,1,"MED HIGH NA",NA
67,1,92.9988327996505,67,1,1.50059337943308,"FISHED",0.267170855449513,0.25,1,"MED HIGH NA",NA
67,2,171.237912778165,70,4,4.5018038535666,"M",0.228738204645924,0.25,1,"MED HIGH NA",NA
67,3,122.556748798189,68,2,2.50183101117672,"M",0.229503075848334,0.25,1,"MED HIGH NA",NA
67,4,63.7158436748687,66,0,0.498153623792571,"M",0.22720003745053,0.25,1,"MED HIGH NA",NA
67,5,146.809465332756,69,3,3.4996654268627,"M",0.299821351864375,0.25,1,"MED HIGH NA",NA
67,6,63.2991529528115,66,0,0.498709137390599,"FISHED",0.22720003745053,0.25,1,"MED HIGH NA",NA
67,7,141.493759200548,69,3,3.49777902145756,"FISHED",0.299821351864375,0.25,1,"MED HIGH NA",NA
67,8,119.555516208022,68,2,2.50084294135882,"M",0.229503075848334,0.25,1,"MED HIGH NA",NA
68,1,59.925110352915,67,0,0.498798154168644,"FISHED",0.267170855449513,0.25,1,"MED HIGH NA",NA
68,2,61.3360658049147,67,0,0.500574354165989,"FISHED",0.267170855449513,0.25,1,"MED HIGH NA",NA
68,3,134.036183735372,69,2,2.49872861474944,"M",0.299821351864375,0.25,1,"MED HIGH NA",NA
68,4,192.895894377721,77,10,10.5006967455061,"FISHED",0.384153384296224,0.25,1,"MED HIGH NA",NA
68,5,185.24558336817,72,5,5.49949776006053,"M",0.282049555866979,0.25,1,"MED HIGH NA",NA
68,6,60.7515108390808,67,0,0.499718240916626,"M",0.267170855449513,0.25,1,"MED HIGH NA",NA
68,7,146.141881732439,69,2,2.50078075198155,"FISHED",0.299821351864375,0.25,1,"MED HIGH NA",NA
68,8,123.106902918701,69,2,2.50094345950714,"FISHED",0.299821351864375,0.25,1,"MED HIGH NA",NA
68,9,127.523971845583,69,2,2.49995960416003,"M",0.299821351864375,0.25,1,"MED HIGH NA",NA
68,10,63.8121333601741,67,0,0.500566943631383,"M",0.267170855449513,0.25,1,"MED HIGH NA",NA
69,1,156.612450666541,73,5,5.50090977237228,"M",0.296516904211603,0.25,1,"MED HIGH NA",NA
69,2,59.5253940804389,68,0,0.500895857819253,"FISHED",0.229503075848334,0.25,1,"MED HIGH NA",NA
69,3,62.3467868174746,68,0,0.499922109903951,"M",0.229503075848334,0.25,1,"MED HIGH NA",NA
69,4,176.061442492958,72,4,4.49929199641025,"FISHED",0.282049555866979,0.25,1,"MED HIGH NA",NA
69,5,60.6226927753593,68,0,0.498215676540185,"M",0.229503075848334,0.25,1,"MED HIGH NA",NA
69,6,150.0685181794,72,4,4.49799753752799,"FISHED",0.282049555866979,0.25,1,"MED HIGH NA",NA
69,7,196.620132341711,73,5,5.4989571759862,"M",0.296516904211603,0.25,1,"MED HIGH NA",NA
69,8,150.734037195593,71,3,3.50006459908045,"FISHED",0.226042863936163,0.25,1,"MED HIGH NA",NA
69,9,120.543706426654,70,2,2.5002414091731,"M",0.228738204645924,0.25,1,"MED HIGH NA",NA
69,10,65.6254371590465,68,0,0.500869211612942,"FISHED",0.229503075848334,0.25,1,"MED HIGH NA",NA
69,11,97.7425554417806,69,1,1.50004201060625,"M",0.299821351864375,0.25,1,"MED HIGH NA",NA
70,1,60.0496233834562,69,0,0.499897591827045,"M",0.299821351864375,0.25,1,"MED HIGH NA",NA
70,2,147.113300514153,73,4,4.49905284818666,"M",0.296516904211603,0.25,1,"MED HIGH NA",NA
70,3,96.7821676538268,70,1,1.50038260499268,"M",0.228738204645924,0.25,1,"MED HIGH NA",NA
70,4,62.4389143341917,69,0,0.499046023099384,"M",0.299821351864375,0.25,1,"MED HIGH NA",NA
70,5,62.7239293750637,69,0,0.498973823347779,"FISHED",0.299821351864375,0.25,1,"MED HIGH NA",NA
70,6,128.459369205702,71,2,2.5012879708309,"M",0.226042863936163,0.25,1,"MED HIGH NA",NA
70,7,61.0909029683859,69,0,0.500414463690638,"M",0.299821351864375,0.25,1,"MED HIGH NA",NA
70,8,120.304873939392,71,2,2.50138740727644,"FISHED",0.226042863936163,0.25,1,"MED HIGH NA",NA
70,9,125.610011882807,71,2,2.50050934435421,"FISHED",0.226042863936163,0.25,1,"MED HIGH NA",NA
70,10,64.1792458329629,69,0,0.500362959544265,"FISHED",0.299821351864375,0.25,1,"MED HIGH NA",NA
70,11,62.946740773557,69,0,0.499946919012622,"M",0.299821351864375,0.25,1,"MED HIGH NA",NA
71,1,65.1131338454523,70,0,0.500829447319328,"FISHED",0.228738204645924,0.25,1,"MED HIGH NA",NA
71,2,160.114392874744,74,4,4.49933880106753,"FISHED",0.236095166415907,0.25,1,"MED HIGH NA",NA
71,3,143.536790117899,73,3,3.50048158505526,"FISHED",0.296516904211603,0.25,1,"MED HIGH NA",NA
71,4,64.0220856151557,70,0,0.498393873907184,"FISHED",0.228738204645924,0.25,1,"MED HIGH NA",NA
71,5,152.774297506637,73,3,3.50030416781942,"M",0.296516904211603,0.25,1,"MED HIGH NA",NA
71,6,95.0823499377349,71,1,1.49946911406907,"M",0.226042863936163,0.25,1,"MED HIGH NA",NA
71,7,95.3500738567618,71,1,1.49820567505662,"FISHED",0.226042863936163,0.25,1,"MED HIGH NA",NA
71,8,129.06269116196,72,2,2.50215843345756,"M",0.282049555866979,0.25,1,"MED HIGH NA",NA
71,9,132.599227934346,72,2,2.50002865312637,"M",0.282049555866979,0.25,1,"MED HIGH NA",NA
71,10,101.144702690597,71,1,1.500575902991,"FISHED",0.226042863936163,0.25,1,"MED HIGH NA",NA
72,1,62.0233139502743,71,0,0.50069043172066,"M",0.226042863936163,0.25,1,"MED HIGH NA",NA
72,2,126.179518871018,73,2,2.50042349929399,"M",0.296516904211603,0.25,1,"MED HIGH NA",NA
72,3,62.563833763673,71,0,0.501180459713988,"FISHED",0.226042863936163,0.25,1,"MED HIGH NA",NA
72,4,60.5624136681563,71,0,0.499088162215071,"M",0.226042863936163,0.25,1,"MED HIGH NA",NA
72,5,122.347240399147,73,2,2.50025835998587,"M",0.296516904211603,0.25,1,"MED HIGH NA",NA
72,6,104.425313016723,72,1,1.49845710137761,"FISHED",0.282049555866979,0.25,1,"MED HIGH NA",NA
72,7,98.8104256334836,72,1,1.5014220444614,"M",0.282049555866979,0.25,1,"MED HIGH NA",NA
72,8,62.9036904366262,71,0,0.500336404041716,"FISHED",0.226042863936163,0.25,1,"MED HIGH NA",NA
72,9,62.5936747036381,71,0,0.499570307298869,"FISHED",0.226042863936163,0.25,1,"MED HIGH NA",NA
72,10,60.0009779461773,71,0,0.499816932370216,"M",0.226042863936163,0.25,1,"MED HIGH NA",NA
73,1,98.018746388845,73,1,1.50014940527625,"M",0.296516904211603,0.25,1,"MED HIGH NA",NA
73,2,125.345220453873,74,2,2.49894012749958,"FISHED",0.236095166415907,0.25,1,"MED HIGH NA",NA
73,3,137.612684095044,74,2,2.50062711922271,"M",0.236095166415907,0.25,1,"MED HIGH NA",NA
73,4,178.593048636027,78,6,6.50050642723824,"M",0.369453227403574,0.25,1,"MED HIGH NA",NA
73,5,61.8343302337488,72,0,0.500064013610624,"M",0.282049555866979,0.25,1,"MED HIGH NA",NA
73,6,155.97968327426,75,3,3.50034459035623,"FISHED",0.316540127596818,0.25,1,"MED HIGH NA",NA
73,7,60.3105926228486,72,0,0.502607619750388,"FISHED",0.282049555866979,0.25,1,"MED HIGH NA",NA
73,8,106.9158644457,73,1,1.50059006870747,"FISHED",0.296516904211603,0.25,1,"MED HIGH NA",NA
73,9,166.928226038859,77,5,5.50073653670426,"FISHED",0.384153384296224,0.25,1,"MED HIGH NA",NA
73,10,60.3004181313929,72,0,0.500825904966898,"FISHED",0.282049555866979,0.25,1,"MED HIGH NA",NA
74,1,194.152191495737,78,5,5.49958254848468,"M",0.369453227403574,0.25,1,"MED HIGH NA",NA
74,2,64.5813517574444,73,0,0.498539063122205,"M",0.296516904211603,0.25,1,"MED HIGH NA",NA
74,3,94.6094739075012,74,1,1.49901564329279,"M",0.236095166415907,0.25,1,"MED HIGH NA",NA
74,4,157.971454150258,76,3,3.49925411456121,"FISHED",0.308884586859494,0.25,1,"MED HIGH NA",NA
74,5,94.6539475498628,74,1,1.49849667026989,"M",0.236095166415907,0.25,1,"MED HIGH NA",NA
74,6,60.7272784381472,73,0,0.499342155022568,"M",0.296516904211603,0.25,1,"MED HIGH NA",NA
74,7,62.9385989100279,73,0,0.499730096336713,"M",0.296516904211603,0.25,1,"MED HIGH NA",NA
74,8,63.6983741040684,73,0,0.500576490952381,"M",0.296516904211603,0.25,1,"MED HIGH NA",NA
74,9,98.520508340898,74,1,1.49983927622646,"M",0.236095166415907,0.25,1,"MED HIGH NA",NA
74,10,130.927519426777,75,2,2.50092715525189,"FISHED",0.316540127596818,0.25,1,"MED HIGH NA",NA
74,11,99.8672339708564,74,1,1.49922480259043,"M",0.236095166415907,0.25,1,"MED HIGH NA",NA
75,1,167.836926591836,79,5,5.50150206886484,"M",0.350167455640621,0.25,1,"MED HIGH NA",NA
75,2,63.160710831563,74,0,0.50032477455641,"M",0.236095166415907,0.25,1,"MED HIGH NA",NA
75,3,99.7100872156118,75,1,1.50137573782629,"FISHED",0.316540127596818,0.25,1,"MED HIGH NA",NA
75,4,135.813776746251,77,3,3.50168922105751,"M",0.384153384296224,0.25,1,"MED HIGH NA",NA
75,5,145.553477943867,77,3,3.50146587804413,"M",0.384153384296224,0.25,1,"MED HIGH NA",NA
75,6,99.3790719309009,75,1,1.50029989022401,"FISHED",0.316540127596818,0.25,1,"MED HIGH NA",NA
75,7,105.673065235122,75,1,1.50058696342496,"M",0.316540127596818,0.25,1,"MED HIGH NA",NA
75,8,146.425857159294,77,3,3.49862740427694,"FISHED",0.384153384296224,0.25,1,"MED HIGH NA",NA
75,9,67.1641683105202,74,0,0.498474877087088,"M",0.236095166415907,0.25,1,"MED HIGH NA",NA
75,10,165.789815732404,78,4,4.49974422503623,"M",0.369453227403574,0.25,1,"MED HIGH NA",NA
75,11,164.834149261906,77,3,3.50138716205426,"FISHED",0.384153384296224,0.25,1,"MED HIGH NA",NA
75,12,149.949662200051,77,3,3.49926093127202,"M",0.384153384296224,0.25,1,"MED HIGH NA",NA
75,13,166.990088269021,78,4,4.50160531162115,"M",0.369453227403574,0.25,1,"MED HIGH NA",NA
75,14,186.782783499803,79,5,5.49878886591607,"FISHED",0.350167455640621,0.25,1,"MED HIGH NA",NA
76,1,59.4334509065647,75,0,0.500604338696672,"M",0.316540127596818,0.25,1,"MED HIGH NA",NA
76,2,67.0019548857619,75,0,0.499020889181163,"FISHED",0.316540127596818,0.25,1,"MED HIGH NA",NA
76,3,63.9545908291942,75,0,0.500042138922166,"FISHED",0.316540127596818,0.25,1,"MED HIGH NA",NA
76,4,99.3251569335487,76,1,1.499917655197,"FISHED",0.308884586859494,0.25,1,"MED HIGH NA",NA
76,5,132.35344893618,77,2,2.50152833446061,"M",0.384153384296224,0.25,1,"MED HIGH NA",NA
76,6,63.6923812489349,75,0,0.499938273137133,"M",0.316540127596818,0.25,1,"MED HIGH NA",NA
76,7,131.278368595254,77,2,2.49927572114267,"M",0.384153384296224,0.25,1,"MED HIGH NA",NA
76,8,97.0811664770442,76,1,1.4998744069715,"M",0.308884586859494,0.25,1,"MED HIGH NA",NA
76,9,58.5536362708965,75,0,0.501431039126609,"M",0.316540127596818,0.25,1,"MED HIGH NA",NA
76,10,60.2682990602505,75,0,0.499558556187354,"FISHED",0.316540127596818,0.25,1,"MED HIGH NA",NA
77,1,61.891749344217,76,0,0.501144263898952,"FISHED",0.308884586859494,0.25,1,"MED HIGH NA",NA
77,2,62.8936195746417,76,0,0.499831755007133,"M",0.308884586859494,0.25,1,"MED HIGH NA",NA
77,3,62.6447639727311,76,0,0.498767580775978,"M",0.308884586859494,0.25,1,"MED HIGH NA",NA
77,4,63.0931641198165,76,0,0.501102818820617,"FISHED",0.308884586859494,0.25,1,"MED HIGH NA",NA
77,5,95.1627788780599,77,1,1.5004785666199,"FISHED",0.384153384296224,0.25,1,"MED HIGH NA",NA
77,6,63.4820576593522,76,0,0.500745749998752,"FISHED",0.308884586859494,0.25,1,"MED HIGH NA",NA
77,7,97.9459235912363,77,1,1.49953815506994,"FISHED",0.384153384296224,0.25,1,"MED HIGH NA",NA
77,8,142.239632683151,79,3,3.49725502851655,"FISHED",0.350167455640621,0.25,1,"MED HIGH NA",NA
77,9,64.742762672444,76,0,0.501993530647548,"FISHED",0.308884586859494,0.25,1,"MED HIGH NA",NA
77,10,103.286302011983,77,1,1.49825170061591,"M",0.384153384296224,0.25,1,"MED HIGH NA",NA
77,11,127.478564861127,78,2,2.50005563161779,"FISHED",0.369453227403574,0.25,1,"MED HIGH NA",NA
77,12,100.920352575663,77,1,1.49911861296997,"FISHED",0.384153384296224,0.25,1,"MED HIGH NA",NA
78,1,100.902414166473,78,1,1.50131767123109,"M",0.369453227403574,0.25,1,"MED HIGH NA",NA
78,2,119.986654039721,79,2,2.49917364317731,"M",0.350167455640621,0.25,1,"MED HIGH NA",NA
78,3,97.7725949509826,78,1,1.49799374708179,"FISHED",0.369453227403574,0.25,1,"MED HIGH NA",NA
78,4,97.9267218869275,78,1,1.50171366044867,"M",0.369453227403574,0.25,1,"MED HIGH NA",NA
78,5,62.5192673605295,77,0,0.500577050642372,"M",0.384153384296224,0.25,1,"MED HIGH NA",NA
78,6,62.472861730177,77,0,0.498938399245102,"M",0.384153384296224,0.25,1,"MED HIGH NA",NA
78,7,236.839677647665,87,10,10.4993981255035,"FISHED",0.3370307961246,0.25,1,"MED HIGH NA",NA
78,8,63.8231695995595,77,0,0.500836636160197,"FISHED",0.384153384296224,0.25,1,"MED HIGH NA",NA
78,9,99.3648792687075,78,1,1.49991481274698,"FISHED",0.369453227403574,0.25,1,"MED HIGH NA",NA
78,10,62.463926949309,77,0,0.499897642236712,"FISHED",0.384153384296224,0.25,1,"MED HIGH NA",NA
78,11,61.1938156638625,77,0,0.500369518653736,"M",0.384153384296224,0.25,1,"MED HIGH NA",NA
79,1,105.129790254174,79,1,1.49969194850334,"M",0.350167455640621,0.25,1,"MED HIGH NA",NA
79,2,97.1446245536398,79,1,1.49806619608194,"FISHED",0.350167455640621,0.25,1,"MED HIGH NA",NA
79,3,98.5399024967233,79,1,1.50020860560817,"FISHED",0.350167455640621,0.25,1,"MED HIGH NA",NA
79,4,121.540997037783,80,2,2.50020094745354,"M",0.341341903433204,0.25,1,"MED HIGH NA",NA
79,5,64.1673854808639,78,0,0.499454801547081,"FISHED",0.369453227403574,0.25,1,"MED HIGH NA",NA
79,6,64.6814781997948,78,0,0.498625975795321,"M",0.369453227403574,0.25,1,"MED HIGH NA",NA
79,7,63.3432656770054,78,0,0.49921727259077,"M",0.369453227403574,0.25,1,"MED HIGH NA",NA
79,8,63.243625308082,78,0,0.499685419145421,"FISHED",0.369453227403574,0.25,1,"MED HIGH NA",NA
79,9,123.711817903049,80,2,2.50040634547221,"FISHED",0.341341903433204,0.25,1,"MED HIGH NA",NA
79,10,106.142833131369,79,1,1.49985774354818,"FISHED",0.350167455640621,0.25,1,"MED HIGH NA",NA
79,11,63.94091471017,78,0,0.499150617921575,"M",0.369453227403574,0.25,1,"MED HIGH NA",NA
79,12,62.4758185172175,78,0,0.497603550300647,"FISHED",0.369453227403574,0.25,1,"MED HIGH NA",NA
80,1,182.039967547444,83,4,4.49958990580223,"FISHED",0.336981323524378,0.25,1,"MED HIGH NA",NA
80,2,92.2786177514269,80,1,1.50064507823088,"FISHED",0.341341903433204,0.25,1,"MED HIGH NA",NA
80,3,97.3194764755149,80,1,1.50032546853194,"M",0.341341903433204,0.25,1,"MED HIGH NA",NA
80,4,100.391309208545,80,1,1.50099316742109,"M",0.341341903433204,0.25,1,"MED HIGH NA",NA
80,5,96.8989848430159,80,1,1.49972535933773,"M",0.341341903433204,0.25,1,"MED HIGH NA",NA
80,6,93.7009989566772,80,1,1.50076223906011,"M",0.341341903433204,0.25,1,"MED HIGH NA",NA
80,7,62.3717315832252,79,0,0.499492363757977,"M",0.350167455640621,0.25,1,"MED HIGH NA",NA
80,8,137.807950339132,81,2,2.50043714547852,"M",0.340296636126004,0.25,1,"MED HIGH NA",NA
80,9,93.9288090347782,80,1,1.50028278607785,"FISHED",0.341341903433204,0.25,1,"MED HIGH NA",NA
80,10,64.9509456781027,79,0,0.499051838299406,"FISHED",0.350167455640621,0.25,1,"MED HIGH NA",NA
80,11,129.47136129488,81,2,2.50047618090524,"FISHED",0.340296636126004,0.25,1,"MED HIGH NA",NA
81,1,98.3153219758325,81,1,1.49867285656201,"FISHED",0.340296636126004,0.25,1,"MED HIGH NA",NA
81,2,61.2818026641469,80,0,0.499623972456054,"FISHED",0.341341903433204,0.25,1,"MED HIGH NA",NA
81,3,95.5906035610183,81,1,1.50151514534879,"FISHED",0.340296636126004,0.25,1,"MED HIGH NA",NA
81,4,124.653635942803,82,2,2.50048589997386,"M",0.338121704617515,0.25,1,"MED HIGH NA",NA
81,5,62.8353682247025,80,0,0.498959189028151,"FISHED",0.341341903433204,0.25,1,"MED HIGH NA",NA
81,6,95.6957254424575,81,1,1.50006551040925,"M",0.340296636126004,0.25,1,"MED HIGH NA",NA
81,7,63.8862933719123,80,0,0.49917220724395,"M",0.341341903433204,0.25,1,"MED HIGH NA",NA
81,8,60.5125765063053,80,0,0.500375178514678,"FISHED",0.341341903433204,0.25,1,"MED HIGH NA",NA
82,1,63.6509193212439,81,0,0.499714097869723,"M",0.340296636126004,0.25,1,"MED HIGH NA",NA
82,2,118.955278821858,83,2,2.50072852845771,"FISHED",0.336981323524378,0.25,1,"MED HIGH NA",NA
82,3,167.294991247989,85,4,4.50202292587306,"FISHED",0.319545049895532,0.25,1,"MED HIGH NA",NA
82,4,145.224692328355,84,3,3.49886272924039,"FISHED",0.342771330638789,0.25,1,"MED HIGH NA",NA
82,5,124.508455197666,83,2,2.50202933524419,"M",0.336981323524378,0.25,1,"MED HIGH NA",NA
83,1,173.798785276259,88,6,6.50064049457814,"M",0.34229491383303,0.25,1,"MED HIGH NA",NA
83,2,64.1281735170487,82,0,0.500598944365282,"M",0.338121704617515,0.25,1,"MED HIGH NA",NA
83,3,136.19534678434,84,2,2.50249336169064,"M",0.342771330638789,0.25,1,"MED HIGH NA",NA
83,4,186.677596578197,87,5,5.49930045894462,"FISHED",0.3370307961246,0.25,1,"MED HIGH NA",NA
83,5,100.127998554522,83,1,1.49868460928356,"M",0.336981323524378,0.25,1,"MED HIGH NA",NA
83,6,124.943301279816,84,2,2.50010054483254,"M",0.342771330638789,0.25,1,"MED HIGH NA",NA
83,7,100.146250982546,83,1,1.49919779790333,"M",0.336981323524378,0.25,1,"MED HIGH NA",NA
83,8,63.9156917986421,82,0,0.500207358439369,"FISHED",0.338121704617515,0.25,1,"MED HIGH NA",NA
84,1,132.621298461019,85,2,2.50035749425286,"FISHED",0.319545049895532,0.25,1,"MED HIGH NA",NA
84,2,154.12969999979,87,4,4.49971668747022,"M",0.3370307961246,0.25,1,"MED HIGH NA",NA
84,3,63.8461747471427,83,0,0.499909900820889,"M",0.336981323524378,0.25,1,"MED HIGH NA",NA
84,4,93.7695643735596,84,1,1.49992556675219,"FISHED",0.342771330638789,0.25,1,"MED HIGH NA",NA
84,5,62.2541278469675,83,0,0.499566509123035,"FISHED",0.336981323524378,0.25,1,"MED HIGH NA",NA
84,6,66.229170034594,83,0,0.5009265823365,"M",0.336981323524378,0.25,1,"MED HIGH NA",NA
84,7,62.5667463115089,83,0,0.501993151593738,"M",0.336981323524378,0.25,1,"MED HIGH NA",NA
84,8,61.3308923759761,83,0,0.500856253178179,"FISHED",0.336981323524378,0.25,1,"MED HIGH NA",NA
84,9,98.5745174950364,84,1,1.49926202438388,"FISHED",0.342771330638789,0.25,1,"MED HIGH NA",NA
84,10,65.0509956639888,83,0,0.500162732328943,"M",0.336981323524378,0.25,1,"MED HIGH NA",NA
85,1,124.758982286739,86,2,2.5004874544763,"FISHED",0.336144455103204,0.25,1,"MED HIGH NA",NA
85,2,63.6857070958188,84,0,0.499448305554861,"FISHED",0.342771330638789,0.25,1,"MED HIGH NA",NA
85,3,60.3964848240387,84,0,0.499495387667983,"M",0.342771330638789,0.25,1,"MED HIGH NA",NA
85,4,147.364710731053,88,4,4.50040486984783,"M",0.34229491383303,0.25,1,"MED HIGH NA",NA
85,5,131.440318559501,86,2,2.50052704716773,"M",0.336144455103204,0.25,1,"MED HIGH NA",NA
85,6,95.172573401135,85,1,1.49862540931309,"FISHED",0.319545049895532,0.25,1,"MED HIGH NA",NA
85,7,92.3091585623974,85,1,1.49859742391027,"FISHED",0.319545049895532,0.25,1,"MED HIGH NA",NA
85,8,61.9508745049431,84,0,0.500218582973849,"FISHED",0.342771330638789,0.25,1,"MED HIGH NA",NA
85,9,59.8126297835756,84,0,0.500657514913115,"FISHED",0.342771330638789,0.25,1,"MED HIGH NA",NA
86,1,127.907739124546,87,2,2.49813410585812,"FISHED",0.3370307961246,0.25,1,"MED HIGH NA",NA
86,2,102.437488577622,86,1,1.49997172233423,"FISHED",0.336144455103204,0.25,1,"MED HIGH NA",NA
86,3,117.082215317097,87,2,2.49960327138884,"FISHED",0.3370307961246,0.25,1,"MED HIGH NA",NA
86,4,105.028225779529,86,1,1.50020331168021,"FISHED",0.336144455103204,0.25,1,"MED HIGH NA",NA
86,5,113.385471364598,87,2,2.50082574786428,"FISHED",0.3370307961246,0.25,1,"MED HIGH NA",NA
86,6,126.461863730232,87,2,2.4997585132833,"FISHED",0.3370307961246,0.25,1,"MED HIGH NA",NA
86,7,61.0621956244665,85,0,0.499912487087325,"M",0.319545049895532,0.25,1,"MED HIGH NA",NA
86,8,60.8090392175042,85,0,0.497671992335576,"M",0.319545049895532,0.25,1,"MED HIGH NA",NA
86,9,99.4968199041718,86,1,1.50050022965559,"M",0.336144455103204,0.25,1,"MED HIGH NA",NA
86,10,215.744072539228,94,9,9.50029938599701,"FISHED",0.318083711038344,0.25,1,"MED HIGH NA",NA
86,11,115.72448857352,87,2,2.50022352173665,"M",0.3370307961246,0.25,1,"MED HIGH NA",NA
87,1,62.6108754105304,86,0,0.500960228888518,"FISHED",0.336144455103204,0.25,1,"MED HIGH NA",NA
87,2,193.758081899419,91,5,5.49909212386373,"M",0.399295971239917,0.25,1,"MED HIGH NA",NA
87,3,63.3279248416141,86,0,0.499802640150859,"M",0.336144455103204,0.25,1,"MED HIGH NA",NA
87,4,96.4439269828714,87,1,1.49941518640561,"FISHED",0.3370307961246,0.25,1,"MED HIGH NA",NA
87,5,62.4022138339992,86,0,0.498550349723631,"M",0.336144455103204,0.25,1,"MED HIGH NA",NA
87,6,61.1839243954327,86,0,0.499637027441728,"FISHED",0.336144455103204,0.25,1,"MED HIGH NA",NA
87,7,59.4317693627134,86,0,0.498458247880948,"M",0.336144455103204,0.25,1,"MED HIGH NA",NA
87,8,125.561854984362,88,2,2.50138249537459,"FISHED",0.34229491383303,0.25,1,"MED HIGH NA",NA
87,9,95.822608100155,87,1,1.49970408286326,"FISHED",0.3370307961246,0.25,1,"MED HIGH NA",NA
87,10,62.877812046314,86,0,0.499251470290726,"FISHED",0.336144455103204,0.25,1,"MED HIGH NA",NA
87,11,125.309470947664,88,2,2.50155394229741,"FISHED",0.34229491383303,0.25,1,"MED HIGH NA",NA
88,1,64.4814594817158,87,0,0.500282096733532,"FISHED",0.3370307961246,0.25,1,"MED HIGH NA",NA
88,2,170.088009242353,91,4,4.5006195827777,"M",0.399295971239917,0.25,1,"MED HIGH NA",NA
88,3,94.6809652224139,88,1,1.50039603104329,"FISHED",0.34229491383303,0.25,1,"MED HIGH NA",NA
88,4,127.492794371188,89,2,2.49776217872177,"FISHED",0.337110312096775,0.25,1,"MED HIGH NA",NA
88,5,67.2372098687659,87,0,0.501163475140989,"M",0.3370307961246,0.25,1,"MED HIGH NA",NA
88,6,97.303314366498,88,1,1.49994690615539,"M",0.34229491383303,0.25,1,"MED HIGH NA",NA
88,7,96.4491536680148,88,1,1.49943348085107,"FISHED",0.34229491383303,0.25,1,"MED HIGH NA",NA
88,8,126.781640216551,89,2,2.50039866531405,"M",0.337110312096775,0.25,1,"MED HIGH NA",NA
88,9,65.4453020215505,87,0,0.501114096414123,"FISHED",0.3370307961246,0.25,1,"MED HIGH NA",NA
88,10,129.550090796109,89,2,2.49925517971411,"FISHED",0.337110312096775,0.25,1,"MED HIGH NA",NA
88,11,63.5066123824414,87,0,0.501674162440975,"M",0.3370307961246,0.25,1,"MED HIGH NA",NA
89,1,121.740385116241,90,2,2.5005518178751,"M",0.339129901095293,0.25,1,"MED HIGH NA",NA
89,2,61.5861216279242,88,0,0.500357391897562,"FISHED",0.34229491383303,0.25,1,"MED HIGH NA",NA
89,3,134.839935570081,91,3,3.50067900336923,"M",0.399295971239917,0.25,1,"MED HIGH NA",NA
89,4,125.919808041242,90,2,2.50013668482207,"M",0.339129901095293,0.25,1,"MED HIGH NA",NA
89,5,125.256515723388,90,2,2.49844367334097,"FISHED",0.339129901095293,0.25,1,"MED HIGH NA",NA
89,6,62.7079868036934,88,0,0.499398169187146,"FISHED",0.34229491383303,0.25,1,"MED HIGH NA",NA
89,7,61.9201764007346,88,0,0.497497735647455,"M",0.34229491383303,0.25,1,"MED HIGH NA",NA
89,8,101.954397489878,89,1,1.49898937369047,"FISHED",0.337110312096775,0.25,1,"MED HIGH NA",NA
89,9,94.4255031702821,89,1,1.50151687100332,"M",0.337110312096775,0.25,1,"MED HIGH NA",NA
89,10,64.0537819671315,88,0,0.500870464141453,"FISHED",0.34229491383303,0.25,1,"MED HIGH NA",NA
90,1,62.0059633248394,89,0,0.500216610817323,"M",0.337110312096775,0.25,1,"MED HIGH NA",NA
90,2,121.654320220729,91,2,2.49858139101274,"FISHED",0.399295971239917,0.25,1,"MED HIGH NA",NA
90,3,94.2765280279581,90,1,1.4977492584291,"M",0.339129901095293,0.25,1,"MED HIGH NA",NA
90,4,153.169757002751,92,3,3.50127125181958,"M",0.344054878223687,0.25,1,"MED HIGH NA",NA
90,5,98.893299834624,90,1,1.50059940325396,"FISHED",0.339129901095293,0.25,1,"MED HIGH NA",NA
90,6,99.5850831783771,90,1,1.49895920330668,"M",0.339129901095293,0.25,1,"MED HIGH NA",NA
90,7,61.1534585499307,89,0,0.498843407274231,"M",0.337110312096775,0.25,1,"MED HIGH NA",NA
90,8,61.9980376542764,89,0,0.499507154745614,"M",0.337110312096775,0.25,1,"MED HIGH NA",NA
90,9,182.568675666793,94,5,5.49951192497787,"FISHED",0.318083711038344,0.25,1,"MED HIGH NA",NA
90,10,97.8124124153054,90,1,1.50239840221996,"M",0.339129901095293,0.25,1,"MED HIGH NA",NA
91,1,128.359674219021,92,2,2.49851340306474,"FISHED",0.344054878223687,0.25,1,"MED HIGH NA",NA
91,2,64.2767362377223,90,0,0.499959648371739,"M",0.339129901095293,0.25,1,"MED HIGH NA",NA
91,3,61.5666659407885,90,0,0.500870045676567,"M",0.339129901095293,0.25,1,"MED HIGH NA",NA
91,4,92.8536868527163,91,1,1.49865833301746,"FISHED",0.399295971239917,0.25,1,"MED HIGH NA",NA
91,5,63.0738314325811,90,0,0.501383287047475,"M",0.339129901095293,0.25,1,"MED HIGH NA",NA
91,6,174.0171126852,95,5,5.49919404495284,"M",0.397744022682309,0.25,1,"MED HIGH NA",NA
91,7,61.6154181763311,90,0,0.498845665941287,"M",0.339129901095293,0.25,1,"MED HIGH NA",NA
91,8,179.657219086863,95,5,5.49967155252696,"FISHED",0.397744022682309,0.25,1,"MED HIGH NA",NA
92,1,62.9923285683252,91,0,0.500291957518354,"M",0.399295971239917,0.25,1,"MED HIGH NA",NA
92,2,61.0147018916711,91,0,0.502033788396452,"FISHED",0.399295971239917,0.25,1,"MED HIGH NA",NA
92,3,100.757824428908,92,1,1.49931929056973,"M",0.344054878223687,0.25,1,"MED HIGH NA",NA
92,4,64.9308387637683,91,0,0.498961872831078,"FISHED",0.399295971239917,0.25,1,"MED HIGH NA",NA
92,5,174.880130582244,95,4,4.50111710575014,"FISHED",0.397744022682309,0.25,1,"MED HIGH NA",NA
92,6,61.9381283038332,91,0,0.499973351934062,"M",0.399295971239917,0.25,1,"MED HIGH NA",NA
92,7,64.3786020360563,91,0,0.499844947409748,"M",0.399295971239917,0.25,1,"MED HIGH NA",NA
92,8,96.0638419959427,92,1,1.50052609094722,"M",0.344054878223687,0.25,1,"MED HIGH NA",NA
92,9,61.7659235188574,91,0,0.501427191537489,"M",0.399295971239917,0.25,1,"MED HIGH NA",NA
92,10,156.019498178058,94,3,3.500374619991,"M",0.318083711038344,0.25,1,"MED HIGH NA",NA
93,1,93.0271257210972,93,1,1.50117540957492,"FISHED",0.319442162429914,0.25,1,"MED HIGH NA",NA
93,2,62.1370677651225,92,0,0.499840383485575,"FISHED",0.344054878223687,0.25,1,"MED HIGH NA",NA
93,3,63.7738823706157,92,0,0.499004381774446,"M",0.344054878223687,0.25,1,"MED HIGH NA",NA
93,4,64.3096934629895,92,0,0.499835975527123,"FISHED",0.344054878223687,0.25,1,"MED HIGH NA",NA
93,5,101.575506124994,93,1,1.50034341292441,"M",0.319442162429914,0.25,1,"MED HIGH NA",NA
93,6,61.6743354179604,92,0,0.499750326222564,"FISHED",0.344054878223687,0.25,1,"MED HIGH NA",NA
93,7,63.5266274167088,92,0,0.500250275572875,"FISHED",0.344054878223687,0.25,1,"MED HIGH NA",NA
93,8,93.5980610109777,93,1,1.49879200264741,"M",0.319442162429914,0.25,1,"MED HIGH NA",NA
93,9,65.1981864900495,92,0,0.500895736618066,"M",0.344054878223687,0.25,1,"MED HIGH NA",NA
93,10,63.3571048835712,92,0,0.49904283411302,"M",0.344054878223687,0.25,1,"MED HIGH NA",NA
93,11,64.1207699451309,92,0,0.500651571837694,"FISHED",0.344054878223687,0.25,1,"MED HIGH NA",NA
93,12,100.733882707001,93,1,1.49875401408705,"M",0.319442162429914,0.25,1,"MED HIGH NA",NA
94,1,62.6153634257001,93,0,0.498833410793742,"FISHED",0.319442162429914,0.25,1,"MED HIGH NA",NA
94,2,99.5926335274628,94,1,1.49929058673102,"M",0.318083711038344,0.25,1,"MED HIGH NA",NA
94,3,61.926217926262,93,0,0.501020874880302,"M",0.319442162429914,0.25,1,"MED HIGH NA",NA
94,4,100.710726536139,94,1,1.49882955008564,"M",0.318083711038344,0.25,1,"MED HIGH NA",NA
94,5,129.812763633068,95,2,2.50061149430693,"M",0.397744022682309,0.25,1,"MED HIGH NA",NA
94,6,103.29002537646,94,1,1.50067233987384,"M",0.318083711038344,0.25,1,"MED HIGH NA",NA
94,7,130.122161986881,95,2,2.4989624292062,"FISHED",0.397744022682309,0.25,1,"MED HIGH NA",NA
94,8,147.400084624308,97,4,4.50027996233078,"M",0.367300386866555,0.25,1,"MED HIGH NA",NA
94,9,61.3458493597621,93,0,0.500141117200932,"FISHED",0.319442162429914,0.25,1,"MED HIGH NA",NA
95,1,96.2997128402388,95,1,1.49967089957651,"FISHED",0.397744022682309,0.25,1,"MED HIGH NA",NA
95,2,156.946373152507,97,3,3.49936418559865,"FISHED",0.367300386866555,0.25,1,"MED HIGH NA",NA
95,3,147.151258919117,97,3,3.5025831414077,"M",0.367300386866555,0.25,1,"MED HIGH NA",NA
95,4,98.9519075986828,95,1,1.50037914402822,"FISHED",0.397744022682309,0.25,1,"MED HIGH NA",NA
95,5,65.4229534965413,94,0,0.499293116730635,"FISHED",0.318083711038344,0.25,1,"MED HIGH NA",NA
95,6,62.3890658365045,94,0,0.499257571744296,"FISHED",0.318083711038344,0.25,1,"MED HIGH NA",NA
95,7,137.702424110585,97,3,3.49856184294743,"FISHED",0.367300386866555,0.25,1,"MED HIGH NA",NA
95,8,63.6712979533213,94,0,0.500646225623819,"FISHED",0.318083711038344,0.25,1,"MED HIGH NA",NA
95,9,128.387680955144,96,2,2.49933094154131,"FISHED",0.330998828005977,0.25,1,"MED HIGH NA",NA
95,10,63.3966211753064,94,0,0.500005397568104,"FISHED",0.318083711038344,0.25,1,"MED HIGH NA",NA
95,11,98.9814767097672,95,1,1.49988925140522,"FISHED",0.397744022682309,0.25,1,"MED HIGH NA",NA
96,1,126.707716661739,97,2,2.50037365393516,"M",0.367300386866555,0.25,1,"MED HIGH NA",NA
96,2,62.4760503895954,95,0,0.500061156860095,"FISHED",0.397744022682309,0.25,1,"MED HIGH NA",NA
96,3,96.6827718286124,96,1,1.49909629720881,"M",0.330998828005977,0.25,1,"MED HIGH NA",NA
96,4,62.6549490434091,95,0,0.499227475652815,"FISHED",0.397744022682309,0.25,1,"MED HIGH NA",NA
96,5,113.023503760511,97,2,2.49830644630775,"M",0.367300386866555,0.25,1,"MED HIGH NA",NA
96,6,131.003524658544,97,2,2.49979966085103,"FISHED",0.367300386866555,0.25,1,"MED HIGH NA",NA
96,7,136.193143154028,97,2,2.49899237110976,"M",0.367300386866555,0.25,1,"MED HIGH NA",NA
96,8,178.908450992456,100,5,5.49967755183607,"M",0.363371721212752,0.25,1,"MED HIGH NA",NA
96,9,63.0406257896944,95,0,0.499130140921291,"M",0.397744022682309,0.25,1,"MED HIGH NA",NA
96,10,63.7976180168039,95,0,0.501055670368654,"FISHED",0.397744022682309,0.25,1,"MED HIGH NA",NA
96,11,96.0090997584509,96,1,1.50023284195443,"M",0.330998828005977,0.25,1,"MED HIGH NA",NA
97,1,103.224852482469,97,1,1.49898528224298,"FISHED",0.367300386866555,0.25,1,"MED HIGH NA",NA
97,2,61.9555027478257,96,0,0.498873624388255,"FISHED",0.330998828005977,0.25,1,"MED HIGH NA",NA
97,3,98.1580284376272,97,1,1.49945468740619,"FISHED",0.367300386866555,0.25,1,"MED HIGH NA",NA
97,4,64.1397390066898,96,0,0.500331936548167,"FISHED",0.330998828005977,0.25,1,"MED HIGH NA",NA
97,5,61.8628940680718,96,0,0.497587700480504,"M",0.330998828005977,0.25,1,"MED HIGH NA",NA
97,6,62.5831997387364,96,0,0.499876849088341,"FISHED",0.330998828005977,0.25,1,"MED HIGH NA",NA
97,7,62.1455007634435,96,0,0.498684839283045,"FISHED",0.330998828005977,0.25,1,"MED HIGH NA",NA
97,8,117.837459783121,98,2,2.50019092988425,"M",0.368785692891106,0.25,1,"MED HIGH NA",NA
98,1,62.4547143816572,97,0,0.499890440066692,"FISHED",0.367300386866555,0.25,1,"MED HIGH NA",NA
98,2,130.318774493183,99,2,2.50032927646419,"M",0.393420934746973,0.25,1,"MED HIGH NA",NA
98,3,96.8854867687086,98,1,1.49868406943555,"FISHED",0.368785692891106,0.25,1,"MED HIGH NA",NA
99,1,60.0139620430196,98,0,0.499343845484734,"M",0.368785692891106,0.25,1,"MED HIGH NA",NA
99,2,63.1401964306276,98,0,0.501733175138734,"FISHED",0.368785692891106,0.25,1,"MED HIGH NA",NA
99,3,65.2580599443442,98,0,0.500262951396134,"M",0.368785692891106,0.25,1,"MED HIGH NA",NA
99,4,98.1840267671047,99,1,1.49964052096487,"M",0.393420934746973,0.25,1,"MED HIGH NA",NA
99,5,64.4088557724953,98,0,0.501173557137237,"M",0.368785692891106,0.25,1,"MED HIGH NA",NA
99,6,63.8076416069321,98,0,0.501178256546812,"M",0.368785692891106,0.25,1,"MED HIGH NA",NA
99,7,63.8461836956625,98,0,0.500935475505613,"FISHED",0.368785692891106,0.25,1,"MED HIGH NA",NA
99,8,118.945756443008,100,2,2.50119051669873,"M",0.363371721212752,0.25,1,"MED HIGH NA",NA
100,1,61.4993218262715,99,0,0.50190928649334,"M",0.393420934746973,0.25,1,"MED HIGH NA",NA
100,2,61.6141146979112,99,0,0.501457081222201,"FISHED",0.393420934746973,0.25,1,"MED HIGH NA",NA
100,3,62.6599839072978,99,0,0.501411233384614,"FISHED",0.393420934746973,0.25,1,"MED HIGH NA",NA
