"cohort","ind","fish_size","Year","Age","AgeE","dtype","FMORT","M","Sel","FSIM","REG"
1,1,63.5192661966113,0,0,0.501191625953363,"M",0,0.25,1,"LOW MED NA",NA
1,2,224.636135436395,7,7,7.50084602445415,"M",0,0.25,1,"LOW MED NA",NA
1,3,60.60419807991,0,0,0.501347210117389,"M",0,0.25,1,"LOW MED NA",NA
1,4,122.137566641655,2,2,2.49946654752324,"M",0,0.25,1,"LOW MED NA",NA
1,5,185.561571695824,6,6,6.50083953164643,"M",0,0.25,1,"LOW MED NA",NA
1,6,63.6994107237135,0,0,0.49892360697392,"M",0,0.25,1,"LOW MED NA",NA
1,7,142.243809331657,3,3,3.5007450903117,"M",0,0.25,1,"LOW MED NA",NA
1,8,214.134859901203,13,13,13.4995586225954,"M",0,0.25,1,"LOW MED NA",NA
1,9,93.9477597434002,1,1,1.50034349946961,"M",0,0.25,1,"LOW MED NA",NA
1,10,184.916030884107,5,5,5.49901078367391,"M",0,0.25,1,"LOW MED NA",NA
1,11,154.846634511062,4,4,4.49912474360451,"M",0,0.25,1,"LOW MED NA",NA
1,12,142.991069088292,3,3,3.49919700149953,"M",0,0.25,1,"LOW MED NA",NA
1,13,126.487954453476,2,2,2.49722806083277,"M",0,0.25,1,"LOW MED NA",NA
2,1,59.1876239369512,1,0,0.499813580752505,"M",0,0.25,1,"LOW MED NA",NA
2,2,187.555158088779,8,7,7.50092828949406,"M",0,0.25,1,"LOW MED NA",NA
2,3,61.5499710202829,1,0,0.500466405434719,"M",0,0.25,1,"LOW MED NA",NA
2,4,189.199817012308,10,9,9.50036124408834,"M",0,0.25,1,"LOW MED NA",NA
2,5,101.926201666923,2,1,1.49967424926812,"M",0,0.25,1,"LOW MED NA",NA
2,6,62.831759015257,1,0,0.499925468962362,"M",0,0.25,1,"LOW MED NA",NA
2,7,201.418393967503,13,12,12.4984833936141,"M",0,0.25,1,"LOW MED NA",NA
2,8,62.2202051443027,1,0,0.500908553639798,"M",0,0.25,1,"LOW MED NA",NA
2,9,180.815172584732,11,10,10.5009590908139,"M",0,0.25,1,"LOW MED NA",NA
2,10,64.3690152837796,1,0,0.499738910680955,"M",0,0.25,1,"LOW MED NA",NA
2,11,185.074769999105,6,5,5.49980933990783,"M",0,0.25,1,"LOW MED NA",NA
3,1,128.998682245527,4,2,2.49940105126031,"M",0,0.25,1,"LOW MED NA",NA
3,2,164.52421524227,6,4,4.4998536526324,"M",0,0.25,1,"LOW MED NA",NA
3,3,63.4225611527086,2,0,0.502007636084728,"M",0,0.25,1,"LOW MED NA",NA
3,4,133.502927382584,4,2,2.50089732107328,"M",0,0.25,1,"LOW MED NA",NA
3,5,61.7463076490373,2,0,0.499345444190524,"M",0,0.25,1,"LOW MED NA",NA
3,6,116.307412358009,4,2,2.49936690554654,"M",0,0.25,1,"LOW MED NA",NA
3,7,123.4024154133,4,2,2.49876336303532,"M",0,0.25,1,"LOW MED NA",NA
3,8,125.765764011685,4,2,2.50071125975752,"M",0,0.25,1,"LOW MED NA",NA
3,9,146.961408018209,6,4,4.50162455589867,"M",0,0.25,1,"LOW MED NA",NA
3,10,129.091569199722,4,2,2.50006741940049,"M",0,0.25,1,"LOW MED NA",NA
3,11,195.89456117442,8,6,6.50091700055792,"M",0,0.25,1,"LOW MED NA",NA
4,1,197.309316588374,15,12,12.4991524234386,"M",0,0.25,1,"LOW MED NA",NA
4,2,192.896952810983,12,9,9.49993557281567,"M",0,0.25,1,"LOW MED NA",NA
4,3,127.027039583184,5,2,2.49874563465235,"M",0,0.25,1,"LOW MED NA",NA
4,4,145.465786722344,7,4,4.50068287354253,"M",0,0.25,1,"LOW MED NA",NA
4,5,129.37420052026,5,2,2.49931964727181,"M",0,0.25,1,"LOW MED NA",NA
4,6,96.7139289765593,4,1,1.5011340384724,"M",0,0.25,1,"LOW MED NA",NA
4,7,119.109907168739,5,2,2.49956026892386,"M",0,0.25,1,"LOW MED NA",NA
4,8,190.114322233503,8,5,5.49980624630718,"M",0,0.25,1,"LOW MED NA",NA
4,9,58.7202437071672,3,0,0.49953210674588,"M",0,0.25,1,"LOW MED NA",NA
4,10,64.5539739452204,3,0,0.498133138564778,"M",0,0.25,1,"LOW MED NA",NA
4,11,164.04449937214,6,3,3.49958378833311,"M",0,0.25,1,"LOW MED NA",NA
4,12,154.011899695867,6,3,3.50051070636076,"M",0,0.25,1,"LOW MED NA",NA
4,13,61.5448160969638,3,0,0.500032833616176,"M",0,0.25,1,"LOW MED NA",NA
5,1,133.7830946261,6,2,2.49922658578476,"M",0,0.25,1,"LOW MED NA",NA
5,2,99.8915352851547,5,1,1.50007734797919,"M",0,0.25,1,"LOW MED NA",NA
5,3,97.9811615078979,5,1,1.4998866892254,"M",0,0.25,1,"LOW MED NA",NA
5,4,167.361964651281,10,6,6.49984006679663,"M",0,0.25,1,"LOW MED NA",NA
5,5,188.432976411508,10,6,6.50047403042741,"M",0,0.25,1,"LOW MED NA",NA
5,6,146.163357660574,7,3,3.50049551823205,"M",0,0.25,1,"LOW MED NA",NA
5,7,139.547040538547,8,4,4.5001244011988,"M",0,0.25,1,"LOW MED NA",NA
5,8,64.1825444592721,4,0,0.498974824699461,"M",0,0.25,1,"LOW MED NA",NA
5,9,162.852497203625,8,4,4.49947148293418,"M",0,0.25,1,"LOW MED NA",NA
5,10,62.5506935608809,4,0,0.500459205079662,"M",0,0.25,1,"LOW MED NA",NA
5,11,203.201531219195,10,6,6.49926088307644,"M",0,0.25,1,"LOW MED NA",NA
5,12,61.4715517116179,4,0,0.498824922496755,"M",0,0.25,1,"LOW MED NA",NA
5,13,104.16124961714,5,1,1.5008466387091,"M",0,0.25,1,"LOW MED NA",NA
6,1,64.2352682089435,5,0,0.498481510084251,"M",0,0.25,1,"LOW MED NA",NA
6,2,97.3103132187572,6,1,1.50046149207886,"M",0,0.25,1,"LOW MED NA",NA
6,3,62.6359768990935,5,0,0.500829059665909,"M",0,0.25,1,"LOW MED NA",NA
6,4,91.9067210151348,6,1,1.49986137911875,"M",0,0.25,1,"LOW MED NA",NA
6,5,96.7321276343413,6,1,1.5003986315953,"M",0,0.25,1,"LOW MED NA",NA
6,6,62.4859103142963,5,0,0.501149724193656,"M",0,0.25,1,"LOW MED NA",NA
6,7,133.652088658461,8,3,3.50127576226487,"M",0,0.25,1,"LOW MED NA",NA
6,8,63.5548601300891,5,0,0.500017728792601,"M",0,0.25,1,"LOW MED NA",NA
6,9,220.48977658238,13,8,8.50159633103569,"M",0,0.25,1,"LOW MED NA",NA
6,10,140.823371708258,8,3,3.50016454741754,"M",0,0.25,1,"LOW MED NA",NA
6,11,130.261502274076,7,2,2.50039447307258,"M",0,0.25,1,"LOW MED NA",NA
7,1,99.2836585929269,7,1,1.49808696816101,"M",0,0.25,1,"LOW MED NA",NA
7,2,129.739753636857,8,2,2.50011068063134,"M",0,0.25,1,"LOW MED NA",NA
7,3,185.708009832044,15,9,9.50173190327145,"M",0,0.25,1,"LOW MED NA",NA
7,4,62.2165864392156,6,0,0.49883831922553,"M",0,0.25,1,"LOW MED NA",NA
7,5,127.396643188538,8,2,2.50025502613607,"M",0,0.25,1,"LOW MED NA",NA
7,6,62.8044739649375,6,0,0.500518524766126,"M",0,0.25,1,"LOW MED NA",NA
7,7,157.361404799428,9,3,3.49991757825291,"M",0,0.25,1,"LOW MED NA",NA
7,8,155.815314986711,10,4,4.4991532620923,"M",0,0.25,1,"LOW MED NA",NA
7,9,160.714237444509,15,9,9.50042236492299,"M",0,0.25,1,"LOW MED NA",NA
7,10,204.432311530436,17,11,11.4993759510605,"M",0,0.25,1,"LOW MED NA",NA
8,1,63.4729443292866,7,0,0.500052836434491,"M",0,0.25,1,"LOW MED NA",NA
8,2,203.676031485716,13,6,6.50007420140288,"M",0,0.25,1,"LOW MED NA",NA
8,3,96.3923134214261,8,1,1.49954305834462,"M",0,0.25,1,"LOW MED NA",NA
8,4,216.613811023675,16,9,9.49906612097687,"M",0,0.25,1,"LOW MED NA",NA
8,5,170.20510496326,11,4,4.49912434547428,"M",0,0.25,1,"LOW MED NA",NA
8,6,63.7790738036179,7,0,0.49988537820902,"M",0,0.25,1,"LOW MED NA",NA
8,7,206.448734693225,14,7,7.49865375894165,"M",0,0.25,1,"LOW MED NA",NA
8,8,188.224000727677,14,7,7.49905294167887,"M",0,0.25,1,"LOW MED NA",NA
8,9,182.568754009843,12,5,5.49928166691006,"M",0,0.25,1,"LOW MED NA",NA
8,10,61.9621005637592,7,0,0.500025146851128,"M",0,0.25,1,"LOW MED NA",NA
8,11,226.024995846817,18,11,11.5021025053979,"M",0,0.25,1,"LOW MED NA",NA
9,1,202.456341561412,16,8,8.50042653674138,"M",0,0.25,1,"LOW MED NA",NA
9,2,98.5103788342287,9,1,1.50215920929376,"M",0,0.25,1,"LOW MED NA",NA
9,3,98.1310734222986,9,1,1.49992280959868,"M",0,0.25,1,"LOW MED NA",NA
9,4,206.746490685338,21,13,13.4998325633332,"M",0,0.25,1,"LOW MED NA",NA
9,5,155.204040285091,12,4,4.49911946697653,"M",0,0.25,1,"LOW MED NA",NA
9,6,95.8213526454602,9,1,1.49970338725204,"M",0,0.25,1,"LOW MED NA",NA
9,7,132.667492267162,10,2,2.49782989420844,"M",0,0.25,1,"LOW MED NA",NA
9,8,103.269996517664,9,1,1.50039527254425,"M",0,0.25,1,"LOW MED NA",NA
9,9,176.751613264548,15,7,7.50108655331593,"M",0,0.25,1,"LOW MED NA",NA
9,10,139.837111529268,10,2,2.50033120695996,"M",0,0.25,1,"LOW MED NA",NA
9,11,61.7096553074812,8,0,0.50077810733379,"M",0,0.25,1,"LOW MED NA",NA
9,12,62.8405545196933,8,0,0.498646664810686,"M",0,0.25,1,"LOW MED NA",NA
9,13,62.0839424614074,8,0,0.501933071738691,"M",0,0.25,1,"LOW MED NA",NA
10,1,64.255416871377,9,0,0.500260359918364,"M",0,0.25,1,"LOW MED NA",NA
10,2,62.8649344561372,9,0,0.501649292659412,"M",0,0.25,1,"LOW MED NA",NA
10,3,194.307197894932,17,8,8.49937296322974,"M",0,0.25,1,"LOW MED NA",NA
10,4,101.330797622473,10,1,1.49997993650252,"M",0,0.25,1,"LOW MED NA",NA
10,5,63.3515102974929,9,0,0.498516336981326,"M",0,0.25,1,"LOW MED NA",NA
10,6,150.177322093099,13,4,4.49883713884244,"M",0,0.25,1,"LOW MED NA",NA
10,7,135.67059939779,11,2,2.49881740550705,"M",0,0.25,1,"LOW MED NA",NA
10,8,150.066600750173,13,4,4.49949944096414,"M",0,0.25,1,"LOW MED NA",NA
10,9,159.761519692578,13,4,4.49893877041377,"M",0,0.25,1,"LOW MED NA",NA
10,10,100.524897067978,10,1,1.49945917660177,"M",0,0.25,1,"LOW MED NA",NA
10,11,62.154425541813,9,0,0.499633112761765,"M",0,0.25,1,"LOW MED NA",NA
10,12,191.96882058791,17,8,8.50128548825784,"M",0,0.25,1,"LOW MED NA",NA
11,1,96.6764319715143,11,1,1.499392467117,"M",0,0.25,1,"LOW MED NA",NA
11,2,201.601948268729,19,9,9.4982416894441,"M",0,0.25,1,"LOW MED NA",NA
11,3,180.66987282144,14,4,4.49965309195703,"M",0,0.25,1,"LOW MED NA",NA
11,4,147.853830422533,13,3,3.4981714472279,"M",0,0.25,1,"LOW MED NA",NA
11,5,175.114253129084,16,6,6.50044890645408,"M",0,0.25,1,"LOW MED NA",NA
11,6,61.152430733432,10,0,0.500146370763448,"M",0,0.25,1,"LOW MED NA",NA
11,7,127.689654121365,12,2,2.49983744069009,"M",0,0.25,1,"LOW MED NA",NA
11,8,159.037167312774,15,5,5.50007547311829,"M",0,0.25,1,"LOW MED NA",NA
11,9,160.935704775495,15,5,5.49849334159693,"M",0,0.25,1,"LOW MED NA",NA
11,10,149.284856321177,13,3,3.49942324608029,"M",0,0.25,1,"LOW MED NA",NA
11,11,95.3199770570195,11,1,1.49958516934368,"M",0,0.25,1,"LOW MED NA",NA
11,12,158.942165196807,13,3,3.50129515432785,"M",0,0.25,1,"LOW MED NA",NA
11,13,60.6226457353046,10,0,0.500785337416935,"M",0,0.25,1,"LOW MED NA",NA
12,1,61.6027359402707,11,0,0.500262141992814,"M",0,0.25,1,"LOW MED NA",NA
12,2,145.860625400734,14,3,3.50093063095193,"M",0,0.25,1,"LOW MED NA",NA
12,3,62.6912118813973,11,0,0.500692728027669,"M",0,0.25,1,"LOW MED NA",NA
12,4,168.08975629291,15,4,4.49936344002094,"M",0,0.25,1,"LOW MED NA",NA
12,5,129.414421926867,13,2,2.50030413866706,"M",0,0.25,1,"LOW MED NA",NA
12,6,97.2622904595928,12,1,1.50010283056706,"M",0,0.25,1,"LOW MED NA",NA
12,7,148.197274289281,14,3,3.49846987717331,"M",0,0.25,1,"LOW MED NA",NA
12,8,126.993321286904,13,2,2.50022125783789,"M",0,0.25,1,"LOW MED NA",NA
12,9,123.983975701141,13,2,2.49858238946454,"M",0,0.25,1,"LOW MED NA",NA
12,10,63.7429924335464,11,0,0.500371238566282,"M",0,0.25,1,"LOW MED NA",NA
12,11,210.6082078484,17,6,6.50008154898724,"M",0,0.25,1,"LOW MED NA",NA
12,12,165.899313298657,15,4,4.49857050050801,"M",0,0.25,1,"LOW MED NA",NA
12,13,97.5836494839348,12,1,1.50115980852404,"M",0,0.25,1,"LOW MED NA",NA
12,14,63.4485310275858,11,0,0.500956116554928,"M",0,0.25,1,"LOW MED NA",NA
13,1,63.3526347909927,12,0,0.498972670766979,"M",0,0.25,1,"LOW MED NA",NA
13,2,166.659833958481,16,4,4.4996287007945,"M",0,0.25,1,"LOW MED NA",NA
13,3,64.3631278278869,12,0,0.50090482166393,"M",0,0.25,1,"LOW MED NA",NA
13,4,188.757919674863,17,5,5.50127366494051,"M",0,0.25,1,"LOW MED NA",NA
13,5,190.336209495029,18,6,6.49950876366486,"M",0,0.25,1,"LOW MED NA",NA
13,6,145.994628611765,15,3,3.50064275356875,"M",0,0.25,1,"LOW MED NA",NA
13,7,60.4207148859446,12,0,0.500459926690007,"M",0,0.25,1,"LOW MED NA",NA
13,8,95.0042429806271,13,1,1.49838239912176,"M",0,0.25,1,"LOW MED NA",NA
13,9,211.687818223082,19,7,7.49918012355772,"M",0,0.25,1,"LOW MED NA",NA
13,10,189.793410571418,19,7,7.50058080109306,"M",0,0.25,1,"LOW MED NA",NA
13,11,62.2148831564577,12,0,0.499393196863759,"M",0,0.25,1,"LOW MED NA",NA
13,12,183.22361593448,17,5,5.49959232626404,"M",0,0.25,1,"LOW MED NA",NA
14,1,99.0233208697065,14,1,1.49961107155743,"M",0,0.25,1,"LOW MED NA",NA
14,2,61.4681173890579,13,0,0.500399060679274,"M",0,0.25,1,"LOW MED NA",NA
14,3,192.736252910732,21,8,8.49918257561712,"M",0,0.25,1,"LOW MED NA",NA
14,4,63.1117842091268,13,0,0.500283051735653,"M",0,0.25,1,"LOW MED NA",NA
14,5,61.776287028449,13,0,0.50055604646584,"M",0,0.25,1,"LOW MED NA",NA
14,6,137.555737035281,16,3,3.50004470491226,"M",0,0.25,1,"LOW MED NA",NA
14,7,164.765938853418,17,4,4.49862546488861,"M",0,0.25,1,"LOW MED NA",NA
14,8,103.597816290747,14,1,1.50042167847767,"M",0,0.25,1,"LOW MED NA",NA
14,9,94.8645194218449,14,1,1.49898713937069,"M",0,0.25,1,"LOW MED NA",NA
14,10,153.145131375486,16,3,3.5000295508322,"M",0,0.25,1,"LOW MED NA",NA
14,11,191.122386521956,23,10,10.5017572636582,"M",0,0.25,1,"LOW MED NA",NA
15,1,62.9597183494236,14,0,0.501654274471504,"M",0,0.25,1,"LOW MED NA",NA
15,2,144.052372974823,19,5,5.50085499946449,"M",0,0.25,1,"LOW MED NA",NA
15,3,209.681783868025,21,7,7.50119313039459,"M",0,0.25,1,"LOW MED NA",NA
15,4,202.486241691534,22,8,8.49893507733461,"M",0,0.25,1,"LOW MED NA",NA
15,5,180.554058603165,18,4,4.50053325903228,"M",0,0.25,1,"LOW MED NA",NA
15,6,144.64240671098,17,3,3.49948849656067,"M",0,0.25,1,"LOW MED NA",NA
15,7,63.8383106387895,14,0,0.498944944881666,"M",0,0.25,1,"LOW MED NA",NA
15,8,64.3422117516186,14,0,0.49954030260346,"M",0,0.25,1,"LOW MED NA",NA
15,9,125.4632483563,16,2,2.49895949551744,"M",0,0.25,1,"LOW MED NA",NA
15,10,146.87947459077,18,4,4.49963325683767,"M",0,0.25,1,"LOW MED NA",NA
15,11,129.59655782033,16,2,2.49768974717628,"M",0,0.25,1,"LOW MED NA",NA
16,1,62.2104178723701,15,0,0.499402904101665,"M",0,0.25,1,"LOW MED NA",NA
16,2,105.15014187081,16,1,1.50107087147784,"M",0,0.25,1,"LOW MED NA",NA
16,3,169.720177997329,19,4,4.50068210417095,"M",0,0.25,1,"LOW MED NA",NA
16,4,123.756853423746,17,2,2.49953538199118,"M",0,0.25,1,"LOW MED NA",NA
16,5,173.565372882446,21,6,6.50082709817409,"M",0,0.25,1,"LOW MED NA",NA
16,6,94.1686120503375,16,1,1.50060615113469,"M",0,0.25,1,"LOW MED NA",NA
16,7,60.920244060205,15,0,0.50060348619037,"M",0,0.25,1,"LOW MED NA",NA
16,8,183.106445055433,23,8,8.50067703631224,"M",0,0.25,1,"LOW MED NA",NA
16,9,96.5965526109687,16,1,1.50057667341711,"M",0,0.25,1,"LOW MED NA",NA
16,10,126.770666379002,17,2,2.50046111058227,"M",0,0.25,1,"LOW MED NA",NA
16,11,67.2743934615491,15,0,0.496723745004628,"M",0,0.25,1,"LOW MED NA",NA
16,12,61.5646386170355,15,0,0.498052034468899,"M",0,0.25,1,"LOW MED NA",NA
17,1,99.0903472286171,17,1,1.50120288054571,"M",0,0.25,1,"LOW MED NA",NA
17,2,93.2947094830553,17,1,1.49864129432645,"M",0,0.25,1,"LOW MED NA",NA
17,3,205.449329336262,22,6,6.50057780569117,"M",0,0.25,1,"LOW MED NA",NA
17,4,136.37373961914,18,2,2.49972618508044,"M",0,0.25,1,"LOW MED NA",NA
17,5,62.0644036455731,16,0,0.502402931082018,"M",0,0.25,1,"LOW MED NA",NA
17,6,158.19671258367,19,3,3.49926290558019,"M",0,0.25,1,"LOW MED NA",NA
17,7,191.741180487479,27,11,11.4991023542469,"M",0,0.25,1,"LOW MED NA",NA
17,8,63.152381668397,16,0,0.501004274773566,"M",0,0.25,1,"LOW MED NA",NA
17,9,143.117560832985,19,3,3.49886541151275,"M",0,0.25,1,"LOW MED NA",NA
17,10,177.18949564823,20,4,4.50019118483328,"M",0,0.25,1,"LOW MED NA",NA
17,11,169.295934288909,21,5,5.50202613586233,"M",0,0.25,1,"LOW MED NA",NA
18,1,177.824992219152,23,6,6.49986826605391,"M",0,0.25,1,"LOW MED NA",NA
18,2,186.32465660793,22,5,5.50157978570465,"M",0,0.25,1,"LOW MED NA",NA
18,3,169.13891203958,25,8,8.49820822007364,"M",0,0.25,1,"LOW MED NA",NA
18,4,63.2937028232029,17,0,0.499862209493633,"M",0,0.25,1,"LOW MED NA",NA
18,5,61.8506662386291,17,0,0.50007536792242,"M",0,0.25,1,"LOW MED NA",NA
18,6,137.55146363138,19,2,2.49982084272483,"M",0,0.25,1,"LOW MED NA",NA
18,7,156.65559580767,22,5,5.49838053124526,"M",0,0.25,1,"LOW MED NA",NA
18,8,96.5553902716892,18,1,1.49980366100008,"M",0,0.25,1,"LOW MED NA",NA
18,9,95.7748843567357,18,1,1.49934685697863,"M",0,0.25,1,"LOW MED NA",NA
18,10,126.933753105108,19,2,2.49859500122872,"M",0,0.25,1,"LOW MED NA",NA
18,11,231.766260914905,23,6,6.49958103490774,"M",0,0.25,1,"LOW MED NA",NA
19,1,209.532079227718,25,7,7.4999691642651,"M",0,0.25,1,"LOW MED NA",NA
19,2,182.752839997774,23,5,5.49938336026496,"M",0,0.25,1,"LOW MED NA",NA
19,3,173.28505411446,25,7,7.49795992766616,"M",0,0.25,1,"LOW MED NA",NA
19,4,198.02454070767,26,8,8.50254037825814,"M",0,0.25,1,"LOW MED NA",NA
19,5,147.09639156898,21,3,3.49990175464228,"M",0,0.25,1,"LOW MED NA",NA
19,6,194.468487833487,24,6,6.50244810880196,"M",0,0.25,1,"LOW MED NA",NA
19,7,124.889026095192,20,2,2.49792716117583,"M",0,0.25,1,"LOW MED NA",NA
19,8,64.678744762754,18,0,0.500779938522138,"M",0,0.25,1,"LOW MED NA",NA
19,9,194.741849697548,27,9,9.50027651431733,"M",0,0.25,1,"LOW MED NA",NA
19,10,154.460152229586,21,3,3.49886011735725,"M",0,0.25,1,"LOW MED NA",NA
19,11,263.445967800864,30,12,12.5001263112834,"M",0,0.25,1,"LOW MED NA",NA
19,12,225.94780740891,29,11,11.4994024013806,"M",0,0.25,1,"LOW MED NA",NA
19,13,145.157729888975,21,3,3.50010798474436,"M",0,0.25,1,"LOW MED NA",NA
20,1,137.206512005961,21,2,2.50041704365977,"M",0,0.25,1,"LOW MED NA",NA
20,2,97.6091994517775,20,1,1.50103260703885,"M",0,0.25,1,"LOW MED NA",NA
20,3,204.793609414896,29,10,10.5005283759843,"M",0,0.25,1,"LOW MED NA",NA
20,4,194.820327215212,24,5,5.50021236854252,"M",0,0.25,1,"LOW MED NA",NA
20,5,119.298796658841,21,2,2.50233274799552,"M",0,0.25,1,"LOW MED NA",NA
20,6,142.352963553244,22,3,3.50158065472582,"M",0,0.25,1,"LOW MED NA",NA
20,7,93.31515495829,20,1,1.49865780445833,"M",0,0.25,1,"LOW MED NA",NA
20,8,163.639325175061,22,3,3.5003001640105,"M",0,0.25,1,"LOW MED NA",NA
20,9,61.5446082055393,19,0,0.499614835373849,"M",0,0.25,1,"LOW MED NA",NA
20,10,60.5002713869929,19,0,0.497698862320257,"M",0,0.25,1,"LOW MED NA",NA
20,11,120.150520272901,21,2,2.50147621953164,"M",0,0.25,1,"LOW MED NA",NA
20,12,166.518087166831,22,3,3.49873843628266,"M",0,0.25,1,"LOW MED NA",NA
21,1,130.392512157455,22,2,2.49951127698766,"M",0,0.25,1,"LOW MED NA",NA
21,2,177.574883824534,25,5,5.49905070265919,"M",0,0.25,1,"LOW MED NA",NA
21,3,62.339250767615,20,0,0.499409884597902,"M",0,0.25,1,"LOW MED NA",NA
21,4,120.614318126482,22,2,2.4997332182377,"M",0,0.25,1,"LOW MED NA",NA
21,5,126.683448173409,23,3,3.49840723642416,"M",0,0.25,1,"LOW MED NA",NA
21,6,225.688698824248,26,6,6.49930744577414,"M",0,0.25,1,"LOW MED NA",NA
21,7,98.4706542553894,21,1,1.50116619645059,"M",0,0.25,1,"LOW MED NA",NA
21,8,156.706792695338,25,5,5.50080710988808,"M",0,0.25,1,"LOW MED NA",NA
21,9,102.99480469499,21,1,1.50022094313518,"M",0,0.25,1,"LOW MED NA",NA
21,10,157.762405503131,24,4,4.49955535632033,"M",0,0.25,1,"LOW MED NA",NA
21,11,201.129875362829,26,6,6.50101492778544,"M",0,0.25,1,"LOW MED NA",NA
21,12,116.26628469117,22,2,2.49942996898975,"M",0,0.25,1,"LOW MED NA",NA
22,1,145.104173468885,24,3,3.49984518412709,"M",0,0.25,1,"LOW MED NA",NA
22,2,99.6192267277233,22,1,1.50016603271184,"M",0,0.25,1,"LOW MED NA",NA
22,3,141.819043324122,23,2,2.50021874843211,"M",0,0.25,1,"LOW MED NA",NA
22,4,195.747278109085,29,8,8.50013066372094,"M",0,0.25,1,"LOW MED NA",NA
22,5,221.811058774524,33,12,12.5010170062514,"M",0,0.25,1,"LOW MED NA",NA
22,6,111.338328027295,23,2,2.50047451110043,"M",0,0.25,1,"LOW MED NA",NA
22,7,208.665962473884,30,9,9.49965211933299,"M",0,0.25,1,"LOW MED NA",NA
22,8,139.473816697016,23,2,2.49901538219101,"M",0,0.25,1,"LOW MED NA",NA
22,9,155.603592686417,25,4,4.49898603686927,"M",0,0.25,1,"LOW MED NA",NA
22,10,223.365362349181,31,10,10.499301428806,"M",0,0.25,1,"LOW MED NA",NA
22,11,65.5907727546211,21,0,0.497571874835939,"M",0,0.25,1,"LOW MED NA",NA
23,1,164.387988185731,27,5,5.4999176797596,"M",0,0.25,1,"LOW MED NA",NA
23,2,61.2512426505706,22,0,0.5001208796176,"M",0,0.25,1,"LOW MED NA",NA
23,3,242.021545594081,31,9,9.50170502609654,"M",0,0.25,1,"LOW MED NA",NA
23,4,64.6205249940234,22,0,0.500595508461906,"M",0,0.25,1,"LOW MED NA",NA
23,5,64.3545215337866,22,0,0.499988068047021,"M",0,0.25,1,"LOW MED NA",NA
23,6,151.528183006259,25,3,3.50049472282026,"M",0,0.25,1,"LOW MED NA",NA
23,7,169.210953502862,27,5,5.50203135943805,"M",0,0.25,1,"LOW MED NA",NA
23,8,65.0039081096808,22,0,0.499075250212637,"M",0,0.25,1,"LOW MED NA",NA
23,9,64.790358041799,22,0,0.500870941885573,"M",0,0.25,1,"LOW MED NA",NA
23,10,60.5503608135048,22,0,0.498694058074545,"M",0,0.25,1,"LOW MED NA",NA
23,11,195.203114420287,27,5,5.49988097926924,"M",0,0.25,1,"LOW MED NA",NA
23,12,61.2110259584925,22,0,0.499920854310309,"M",0,0.25,1,"LOW MED NA",NA
23,13,102.097667320011,23,1,1.50102096926141,"M",0,0.25,1,"LOW MED NA",NA
24,1,178.072427659176,29,6,6.50032514210351,"M",0,0.25,1,"LOW MED NA",NA
24,2,100.105669869457,24,1,1.49832534132185,"M",0,0.25,1,"LOW MED NA",NA
24,3,104.07332975487,24,1,1.50212655049941,"M",0,0.25,1,"LOW MED NA",NA
24,4,62.8666674725979,23,0,0.501963475272816,"M",0,0.25,1,"LOW MED NA",NA
24,5,128.596726628066,25,2,2.50098496946774,"M",0,0.25,1,"LOW MED NA",NA
24,6,62.9230857011364,23,0,0.5013403862564,"M",0,0.25,1,"LOW MED NA",NA
24,7,61.106364985869,23,0,0.498490897089493,"M",0,0.25,1,"LOW MED NA",NA
24,8,100.771633092507,24,1,1.49961287071187,"M",0,0.25,1,"LOW MED NA",NA
24,9,139.997873971268,26,3,3.49960067756264,"M",0,0.25,1,"LOW MED NA",NA
24,10,166.04746970101,26,3,3.49992442899999,"M",0,0.25,1,"LOW MED NA",NA
24,11,98.6120517777013,24,1,1.5017432583065,"M",0,0.25,1,"LOW MED NA",NA
24,12,167.888836727374,28,5,5.49895193085716,"M",0,0.25,1,"LOW MED NA",NA
25,1,186.419470595587,31,7,7.50046551549683,"M",0,0.25,1,"LOW MED NA",NA
25,2,201.649373513033,31,7,7.4982512615332,"M",0,0.25,1,"LOW MED NA",NA
25,3,176.091948322126,29,5,5.50184437599762,"M",0,0.25,1,"LOW MED NA",NA
25,4,145.455194180048,27,3,3.50003886508501,"M",0,0.25,1,"LOW MED NA",NA
25,5,63.4480216361492,24,0,0.49952034797458,"M",0,0.25,1,"LOW MED NA",NA
25,6,175.40623852189,29,5,5.50038288023197,"M",0,0.25,1,"LOW MED NA",NA
25,7,104.777542945307,25,1,1.50161405906385,"M",0,0.25,1,"LOW MED NA",NA
25,8,126.031559525991,26,2,2.49957894095012,"M",0,0.25,1,"LOW MED NA",NA
25,9,128.459751157702,26,2,2.50052304172798,"M",0,0.25,1,"LOW MED NA",NA
25,10,166.828533398184,28,4,4.50044640687188,"M",0,0.25,1,"LOW MED NA",NA
25,11,95.6899903958811,25,1,1.49942858579688,"M",0,0.25,1,"LOW MED NA",NA
25,12,63.0858468005514,24,0,0.498063673683921,"M",0,0.25,1,"LOW MED NA",NA
25,13,98.0425363148121,25,1,1.50126358752413,"M",0,0.25,1,"LOW MED NA",NA
25,14,63.5253814572202,24,0,0.500306139237023,"M",0,0.25,1,"LOW MED NA",NA
26,1,62.5973683960246,25,0,0.499004140004011,"M",0,0.25,1,"LOW MED NA",NA
26,2,176.51093555973,32,7,7.50170543504664,"M",0,0.25,1,"LOW MED NA",NA
26,3,124.566607267164,27,2,2.50080410034439,"M",0,0.25,1,"LOW MED NA",NA
26,4,131.260533389371,27,2,2.50069862713925,"M",0,0.25,1,"LOW MED NA",NA
26,5,196.938450662434,35,10,10.4994891874576,"M",0,0.25,1,"LOW MED NA",NA
26,6,62.6280755093565,25,0,0.50095440321641,"M",0,0.25,1,"LOW MED NA",NA
26,7,207.359348452149,39,14,14.5019875626019,"M",0,0.25,1,"LOW MED NA",NA
26,8,208.310347365255,31,6,6.50000699448416,"M",0,0.25,1,"LOW MED NA",NA
26,9,101.781978204572,26,1,1.49920184613267,"M",0,0.25,1,"LOW MED NA",NA
26,10,63.6840601972175,25,0,0.498792981252894,"M",0,0.25,1,"LOW MED NA",NA
26,11,140.162139620036,28,3,3.50177026107247,"M",0,0.25,1,"LOW MED NA",NA
27,1,64.0947407330275,26,0,0.500658920614386,"M",0,0.25,1,"LOW MED NA",NA
27,2,154.486889343304,29,3,3.50171215691138,"M",0,0.25,1,"LOW MED NA",NA
27,3,164.059724108884,31,5,5.50064433426001,"M",0,0.25,1,"LOW MED NA",NA
27,4,98.1554851454091,27,1,1.50011374135253,"M",0,0.25,1,"LOW MED NA",NA
27,5,59.9476361990911,26,0,0.501409218283718,"M",0,0.25,1,"LOW MED NA",NA
27,6,232.541466229746,37,11,11.499162087689,"M",0,0.25,1,"LOW MED NA",NA
27,7,143.958736129235,29,3,3.5015490481934,"M",0,0.25,1,"LOW MED NA",NA
27,8,151.125865355355,29,3,3.49937533700981,"M",0,0.25,1,"LOW MED NA",NA
27,9,62.8652675569197,26,0,0.499072837154873,"M",0,0.25,1,"LOW MED NA",NA
27,10,170.896072681578,32,6,6.50059621427335,"M",0,0.25,1,"LOW MED NA",NA
27,11,62.357979872315,26,0,0.499708099558544,"M",0,0.25,1,"LOW MED NA",NA
27,12,98.6849897146711,27,1,1.4986001399282,"M",0,0.25,1,"LOW MED NA",NA
27,13,169.780394323455,30,4,4.49969765284155,"M",0,0.25,1,"LOW MED NA",NA
27,14,130.74391062426,28,2,2.50078171166454,"M",0,0.25,1,"LOW MED NA",NA
28,1,100.504552941444,28,1,1.50044651644941,"M",0,0.25,1,"LOW MED NA",NA
28,2,64.2485418008737,27,0,0.500443900834505,"M",0,0.25,1,"LOW MED NA",NA
28,3,178.587642052256,31,4,4.49964366426629,"M",0,0.25,1,"LOW MED NA",NA
28,4,101.555414202025,28,1,1.50110178735845,"M",0,0.25,1,"LOW MED NA",NA
28,5,160.246190917156,31,4,4.50057893767065,"M",0,0.25,1,"LOW MED NA",NA
28,6,170.819798060383,31,4,4.49776215531552,"M",0,0.25,1,"LOW MED NA",NA
28,7,59.7231193496683,27,0,0.498977534507857,"M",0,0.25,1,"LOW MED NA",NA
28,8,100.985851292305,28,1,1.49902113240509,"M",0,0.25,1,"LOW MED NA",NA
28,9,61.2436042867058,27,0,0.500949771129032,"M",0,0.25,1,"LOW MED NA",NA
28,10,127.251299017155,29,2,2.50029309828393,"M",0,0.25,1,"LOW MED NA",NA
28,11,62.3699782878076,27,0,0.500336105642573,"M",0,0.25,1,"LOW MED NA",NA
28,12,100.285475503608,28,1,1.5006622953151,"M",0,0.25,1,"LOW MED NA",NA
29,1,60.2868877874486,28,0,0.499112217434207,"M",0,0.25,1,"LOW MED NA",NA
29,2,60.7923101944647,28,0,0.499025005589661,"M",0,0.25,1,"LOW MED NA",NA
29,3,66.2073221503459,28,0,0.499468514416949,"M",0,0.25,1,"LOW MED NA",NA
29,4,201.2505672478,37,9,9.50079736230884,"M",0,0.25,1,"LOW MED NA",NA
29,5,199.236942370763,32,4,4.49966895964759,"M",0,0.25,1,"LOW MED NA",NA
29,6,183.798465736987,35,7,7.5012682982658,"M",0,0.25,1,"LOW MED NA",NA
29,7,220.070714054859,41,13,13.499581843112,"M",0,0.25,1,"LOW MED NA",NA
29,8,66.6723320114117,28,0,0.500724576019734,"M",0,0.25,1,"LOW MED NA",NA
29,9,63.6867204047387,28,0,0.499415240832764,"M",0,0.25,1,"LOW MED NA",NA
29,10,163.919376147208,32,4,4.50063226290285,"M",0,0.25,1,"LOW MED NA",NA
29,11,193.472815802361,33,5,5.49963185564343,"M",0,0.25,1,"LOW MED NA",NA
29,12,102.349914833896,29,1,1.50139219252326,"M",0,0.25,1,"LOW MED NA",NA
30,1,100.258708195723,30,1,1.50061153410517,"M",0,0.25,1,"LOW MED NA",NA
30,2,64.7940026016028,29,0,0.498536672958089,"M",0,0.25,1,"LOW MED NA",NA
30,3,139.539327019455,32,3,3.5000454116919,"M",0,0.25,1,"LOW MED NA",NA
30,4,179.301678957079,33,4,4.50049183017817,"M",0,0.25,1,"LOW MED NA",NA
30,5,96.2581533694781,30,1,1.50210827426321,"M",0,0.25,1,"LOW MED NA",NA
30,6,163.695603718516,33,4,4.49963711787875,"M",0,0.25,1,"LOW MED NA",NA
30,7,147.675356403579,32,3,3.4995591786833,"M",0,0.25,1,"LOW MED NA",NA
30,8,98.1712414914094,30,1,1.49683381799801,"M",0,0.25,1,"LOW MED NA",NA
30,9,101.087996652413,30,1,1.49938730190009,"M",0,0.25,1,"LOW MED NA",NA
30,10,158.139467715497,33,4,4.49875146327529,"M",0,0.25,1,"LOW MED NA",NA
30,11,64.7420063846335,29,0,0.500313761176078,"M",0,0.25,1,"LOW MED NA",NA
30,12,63.3000350998101,29,0,0.497893862334989,"M",0,0.25,1,"LOW MED NA",NA
30,13,152.895914323599,32,3,3.50039920873285,"M",0,0.25,1,"LOW MED NA",NA
31,1,148.705430708146,34,4,4.50178112053191,"M",0,0.25,1,"LOW MED NA",NA
31,2,138.612766095087,32,2,2.50000502380612,"M",0,0.25,1,"LOW MED NA",NA
31,3,100.537275056844,31,1,1.50025806824494,"M",0,0.25,1,"LOW MED NA",NA
31,4,234.724995012237,42,12,12.499966242442,"M",0,0.25,1,"LOW MED NA",NA
31,5,169.146881485675,34,4,4.49933583739012,"M",0,0.25,1,"LOW MED NA",NA
31,6,156.076958593891,33,3,3.49822343339035,"M",0,0.25,1,"LOW MED NA",NA
31,7,63.4164403419081,30,0,0.500042579638107,"M",0,0.25,1,"LOW MED NA",NA
31,8,105.660043189858,31,1,1.50020444413803,"M",0,0.25,1,"LOW MED NA",NA
31,9,161.884386056792,34,4,4.50131275347946,"M",0,0.25,1,"LOW MED NA",NA
31,10,101.091041290429,31,1,1.50096363485956,"M",0,0.25,1,"LOW MED NA",NA
31,11,62.1454622680329,30,0,0.498271953516156,"M",0,0.25,1,"LOW MED NA",NA
31,12,135.823919299208,33,3,3.50111293567447,"M",0,0.25,1,"LOW MED NA",NA
31,13,191.770716072111,43,13,13.4991744449848,"M",0,0.25,1,"LOW MED NA",NA
32,1,229.165066057322,39,8,8.49788473144423,"M",0,0.25,1,"LOW MED NA",NA
32,2,144.70705103422,34,3,3.49970248626923,"M",0,0.25,1,"LOW MED NA",NA
32,3,174.698212759298,35,4,4.49943014829293,"M",0,0.25,1,"LOW MED NA",NA
32,4,157.587907078114,34,3,3.50056383391071,"M",0,0.25,1,"LOW MED NA",NA
32,5,243.278987991802,41,10,10.5008602186854,"M",0,0.25,1,"LOW MED NA",NA
32,6,59.3745445077029,31,0,0.500127199391946,"M",0,0.25,1,"LOW MED NA",NA
32,7,101.185631391738,32,1,1.50122367083355,"M",0,0.25,1,"LOW MED NA",NA
32,8,64.5509250181002,31,0,0.499373120512391,"M",0,0.25,1,"LOW MED NA",NA
32,9,61.6395392167793,31,0,0.501064813388596,"M",0,0.25,1,"LOW MED NA",NA
32,10,62.3194494271537,31,0,0.499944167814425,"M",0,0.25,1,"LOW MED NA",NA
32,11,63.3089497995997,31,0,0.501235771892344,"M",0,0.25,1,"LOW MED NA",NA
32,12,222.959547821589,38,7,7.5001501091582,"M",0,0.25,1,"LOW MED NA",NA
33,1,151.363135393249,35,3,3.49984315236581,"M",0,0.25,1,"LOW MED NA",NA
33,2,108.846044866005,33,1,1.49854406463532,"M",0,0.25,1,"LOW MED NA",NA
33,3,155.854643773002,35,3,3.49972252504446,"M",0,0.25,1,"LOW MED NA",NA
33,4,123.663849501012,34,2,2.49975265714037,"M",0,0.25,1,"LOW MED NA",NA
33,5,165.958563413547,36,4,4.49936466051247,"M",0,0.25,1,"LOW MED NA",NA
33,6,64.0443509985868,32,0,0.497748726214486,"M",0,0.25,1,"LOW MED NA",NA
33,7,147.485032165906,35,3,3.50070191286097,"M",0,0.25,1,"LOW MED NA",NA
33,8,63.6868545071966,32,0,0.501029191956099,"M",0,0.25,1,"LOW MED NA",NA
33,9,130.459108727808,34,2,2.49966054145498,"M",0,0.25,1,"LOW MED NA",NA
33,10,94.5304998014601,33,1,1.49916304293876,"M",0,0.25,1,"LOW MED NA",NA
33,11,152.431983765549,35,3,3.5006387249504,"M",0,0.25,1,"LOW MED NA",NA
34,1,148.272282081275,36,3,3.49883213556015,"M",0,0.25,1,"LOW MED NA",NA
34,2,102.85695763141,34,1,1.50254617277655,"M",0,0.25,1,"LOW MED NA",NA
34,3,174.832502899881,39,6,6.49972622053445,"M",0,0.25,1,"LOW MED NA",NA
34,4,138.8835481758,36,3,3.50012997692389,"M",0,0.25,1,"LOW MED NA",NA
34,5,63.9362251471088,33,0,0.501703894225542,"M",0,0.25,1,"LOW MED NA",NA
34,6,62.7195264826133,33,0,0.501050362989227,"M",0,0.25,1,"LOW MED NA",NA
34,7,166.287701736515,40,7,7.49884026917167,"M",0,0.25,1,"LOW MED NA",NA
34,8,63.4264952645607,33,0,0.499771252514722,"M",0,0.25,1,"LOW MED NA",NA
34,9,96.434098900327,34,1,1.49842952164527,"M",0,0.25,1,"LOW MED NA",NA
34,10,63.2261812811695,33,0,0.498594022580996,"M",0,0.25,1,"LOW MED NA",NA
34,11,196.607165431917,43,10,10.4985855532612,"M",0,0.25,1,"LOW MED NA",NA
34,12,168.991805360327,37,4,4.50055475756375,"M",0,0.25,1,"LOW MED NA",NA
34,13,158.334562814896,37,4,4.5010446664073,"M",0,0.25,1,"LOW MED NA",NA
35,1,64.4389619716192,34,0,0.500490560394344,"M",0,0.25,1,"LOW MED NA",NA
35,2,61.2110942735297,34,0,0.499440165701434,"M",0,0.25,1,"LOW MED NA",NA
35,3,98.0383506509473,35,1,1.49990746495779,"M",0,0.25,1,"LOW MED NA",NA
35,4,62.345211376334,34,0,0.500478225299721,"M",0,0.25,1,"LOW MED NA",NA
35,5,125.119267526915,36,2,2.50121128026057,"M",0,0.25,1,"LOW MED NA",NA
35,6,128.971239112073,36,2,2.49791158839893,"M",0,0.25,1,"LOW MED NA",NA
35,7,63.5019863450835,34,0,0.498726487786123,"M",0,0.25,1,"LOW MED NA",NA
35,8,101.003430468418,35,1,1.49946956823559,"M",0,0.25,1,"LOW MED NA",NA
35,9,129.849852482446,36,2,2.50133664933463,"M",0,0.25,1,"LOW MED NA",NA
35,10,62.8897950206989,34,0,0.500808041801598,"M",0,0.25,1,"LOW MED NA",NA
35,11,61.4774688262983,34,0,0.49908201472117,"M",0,0.25,1,"LOW MED NA",NA
35,12,60.8423173573368,34,0,0.499598835897679,"M",0,0.25,1,"LOW MED NA",NA
36,1,163.63459726113,41,6,6.49804244985012,"M",0,0.25,1,"LOW MED NA",NA
36,2,116.240987814185,37,2,2.4993410566542,"M",0,0.25,1,"LOW MED NA",NA
36,3,62.8717860673995,35,0,0.500192371483634,"M",0,0.25,1,"LOW MED NA",NA
36,4,62.9050711369088,35,0,0.499512467840918,"M",0,0.25,1,"LOW MED NA",NA
36,5,123.741203428148,37,2,2.49995450827441,"M",0,0.25,1,"LOW MED NA",NA
36,6,62.6491134233652,35,0,0.500158282145538,"M",0,0.25,1,"LOW MED NA",NA
36,7,133.910488854221,38,3,3.49989165271051,"M",0,0.25,1,"LOW MED NA",NA
36,8,193.392717949787,41,6,6.50041584851569,"M",0,0.25,1,"LOW MED NA",NA
36,9,244.779001680353,48,13,13.4990851476009,"M",0,0.25,1,"LOW MED NA",NA
36,10,170.172108147073,41,6,6.49953869043006,"M",0,0.25,1,"LOW MED NA",NA
36,11,175.42884662784,39,4,4.50102166127221,"M",0,0.25,1,"LOW MED NA",NA
36,12,168.43171934211,39,4,4.49971347350668,"M",0,0.25,1,"LOW MED NA",NA
37,1,59.7975878063849,36,0,0.501455626326867,"M",0,0.25,1,"LOW MED NA",NA
37,2,60.978465679244,36,0,0.50066235203701,"M",0,0.25,1,"LOW MED NA",NA
37,3,61.5356532026579,36,0,0.500596157666731,"M",0,0.25,1,"LOW MED NA",NA
37,4,94.2648606842643,37,1,1.49880852429563,"M",0,0.25,1,"LOW MED NA",NA
37,5,135.340000874702,39,3,3.49922840478566,"M",0,0.25,1,"LOW MED NA",NA
37,6,96.0320592984702,37,1,1.49807253173329,"M",0,0.25,1,"LOW MED NA",NA
37,7,150.577188237658,39,3,3.49857751575023,"M",0,0.25,1,"LOW MED NA",NA
37,8,208.011370759741,43,7,7.50026571263908,"M",0,0.25,1,"LOW MED NA",NA
37,9,61.4154724779444,36,0,0.499845517236798,"M",0,0.25,1,"LOW MED NA",NA
37,10,62.8069834902186,36,0,0.499019220068778,"M",0,0.25,1,"LOW MED NA",NA
37,11,179.670908814744,42,6,6.50085696681464,"M",0,0.25,1,"LOW MED NA",NA
37,12,61.5038121037124,36,0,0.499144943382048,"M",0,0.25,1,"LOW MED NA",NA
37,13,126.02754360546,38,2,2.49988848274853,"M",0,0.25,1,"LOW MED NA",NA
37,14,62.0342486493952,36,0,0.500739664880787,"M",0,0.25,1,"LOW MED NA",NA
38,1,100.933143216004,38,1,1.49876993268284,"M",0,0.25,1,"LOW MED NA",NA
38,2,60.9452763647242,37,0,0.502843038930086,"M",0,0.25,1,"LOW MED NA",NA
38,3,138.444319204602,41,4,4.49776815905312,"M",0,0.25,1,"LOW MED NA",NA
38,4,64.5743898493113,37,0,0.500224436545274,"M",0,0.25,1,"LOW MED NA",NA
38,5,100.849667628002,38,1,1.50001962468172,"M",0,0.25,1,"LOW MED NA",NA
38,6,124.011860151748,39,2,2.49850463349678,"M",0,0.25,1,"LOW MED NA",NA
38,7,156.214364275671,40,3,3.4994507336236,"M",0,0.25,1,"LOW MED NA",NA
38,8,193.333347753646,46,9,9.50048933372531,"M",0,0.25,1,"LOW MED NA",NA
38,9,156.067287566879,40,3,3.49976078119454,"M",0,0.25,1,"LOW MED NA",NA
38,10,94.0257351255064,38,1,1.50075713229673,"M",0,0.25,1,"LOW MED NA",NA
38,11,175.894973348377,41,4,4.50013533943091,"M",0,0.25,1,"LOW MED NA",NA
38,12,128.700696966966,39,2,2.50057209700783,"M",0,0.25,1,"LOW MED NA",NA
38,13,192.344127529747,42,5,5.50085819549773,"M",0,0.25,1,"LOW MED NA",NA
39,1,127.48699593661,40,2,2.5005719684606,"M",0,0.25,1,"LOW MED NA",NA
39,2,163.207898787075,43,5,5.50079616947354,"M",0,0.25,1,"LOW MED NA",NA
39,3,94.9368917913117,39,1,1.49969591374255,"M",0,0.25,1,"LOW MED NA",NA
39,4,63.5847725942535,38,0,0.500157174327084,"M",0,0.25,1,"LOW MED NA",NA
39,5,95.9456065715274,39,1,1.50002777164007,"M",0,0.25,1,"LOW MED NA",NA
39,6,63.0836942513409,38,0,0.501269832111272,"M",0,0.25,1,"LOW MED NA",NA
39,7,169.361170488102,43,5,5.49896318925895,"M",0,0.25,1,"LOW MED NA",NA
39,8,175.482453945836,45,7,7.49969069050574,"M",0,0.25,1,"LOW MED NA",NA
39,9,63.3468673050538,38,0,0.499932318453961,"M",0,0.25,1,"LOW MED NA",NA
39,10,60.2532165815006,38,0,0.500572362010432,"M",0,0.25,1,"LOW MED NA",NA
39,11,91.0855189419212,39,1,1.49870868960305,"M",0,0.25,1,"LOW MED NA",NA
39,12,166.750155185257,42,4,4.50029185104903,"M",0,0.25,1,"LOW MED NA",NA
39,13,217.89816055635,48,10,10.4992532487845,"M",0,0.25,1,"LOW MED NA",NA
40,1,222.374349490968,47,8,8.50111960040478,"M",0,0.25,1,"LOW MED NA",NA
40,2,187.684519584108,48,9,9.50114023677945,"M",0,0.25,1,"LOW MED NA",NA
40,3,62.8238125974852,39,0,0.50034982359495,"M",0,0.25,1,"LOW MED NA",NA
40,4,189.793933825201,47,8,8.50043200316074,"M",0,0.25,1,"LOW MED NA",NA
40,5,138.697130555622,42,3,3.49986321676027,"M",0,0.25,1,"LOW MED NA",NA
40,6,62.6818030449854,39,0,0.499277343968475,"M",0,0.25,1,"LOW MED NA",NA
40,7,173.873576230785,44,5,5.49843870770259,"M",0,0.25,1,"LOW MED NA",NA
40,8,202.836146468021,46,7,7.50030874588874,"M",0,0.25,1,"LOW MED NA",NA
40,9,190.179315742095,44,5,5.50039876651908,"M",0,0.25,1,"LOW MED NA",NA
40,10,145.613965186943,42,3,3.49959174603575,"M",0,0.25,1,"LOW MED NA",NA
40,11,207.153722634372,46,7,7.50017051885287,"M",0,0.25,1,"LOW MED NA",NA
40,12,169.755714464182,45,6,6.50180994636231,"M",0,0.25,1,"LOW MED NA",NA
40,13,100.724896088065,40,1,1.50039087774174,"M",0,0.25,1,"LOW MED NA",NA
41,1,160.830841431177,45,5,5.50109059067646,"M",0,0.25,1,"LOW MED NA",NA
41,2,187.913187269472,51,11,11.4997785077546,"M",0.147593769361265,0.25,1,"LOW MED NA",NA
41,3,141.346592582675,42,2,2.50014259983063,"M",0,0.25,1,"LOW MED NA",NA
41,4,185.021176677853,48,8,8.5010105441828,"M",0,0.25,1,"LOW MED NA",NA
41,5,186.827887256284,50,10,10.5000772967964,"FISHED",0.19314359028358,0.25,1,"LOW MED NA",NA
41,6,61.5320090864283,40,0,0.499928870130421,"M",0,0.25,1,"LOW MED NA",NA
41,7,99.6970061750725,41,1,1.49888985848975,"M",0,0.25,1,"LOW MED NA",NA
41,8,133.056443818804,42,2,2.50156219687168,"M",0,0.25,1,"LOW MED NA",NA
41,9,165.392361249393,46,6,6.49948490475954,"M",0,0.25,1,"LOW MED NA",NA
41,10,97.8873252379588,41,1,1.4987793081979,"M",0,0.25,1,"LOW MED NA",NA
41,11,233.710184335134,48,8,8.50037400191274,"M",0,0.25,1,"LOW MED NA",NA
41,12,101.684128586212,41,1,1.50096456586472,"M",0,0.25,1,"LOW MED NA",NA
41,13,124.925468775324,42,2,2.50022300244434,"M",0,0.25,1,"LOW MED NA",NA
42,1,128.484916815864,43,2,2.50005494894057,"M",0,0.25,1,"LOW MED NA",NA
42,2,63.6616664724923,41,0,0.500069502839196,"M",0,0.25,1,"LOW MED NA",NA
42,3,188.458405379299,47,6,6.49934584670732,"M",0,0.25,1,"LOW MED NA",NA
42,4,187.458436080141,46,5,5.49996316297147,"M",0,0.25,1,"LOW MED NA",NA
42,5,166.602891941842,44,3,3.49848656849901,"M",0,0.25,1,"LOW MED NA",NA
42,6,146.291893833973,44,3,3.50076103192278,"M",0,0.25,1,"LOW MED NA",NA
42,7,65.3253455499976,41,0,0.499074179793777,"M",0,0.25,1,"LOW MED NA",NA
42,8,143.939908524806,44,3,3.50241634620861,"M",0,0.25,1,"LOW MED NA",NA
42,9,61.2531316098711,41,0,0.499624525468835,"M",0,0.25,1,"LOW MED NA",NA
42,10,189.691344620586,48,7,7.50025650022034,"M",0,0.25,1,"LOW MED NA",NA
42,11,135.380544752047,43,2,2.4996059415983,"M",0,0.25,1,"LOW MED NA",NA
42,12,168.707260236561,45,4,4.50077870175858,"M",0,0.25,1,"LOW MED NA",NA
42,13,99.2189601949932,42,1,1.49845746616575,"M",0,0.25,1,"LOW MED NA",NA
43,1,127.749979051849,44,2,2.49998092746308,"M",0,0.25,1,"LOW MED NA",NA
43,2,97.6283371539978,43,1,1.50114713406038,"M",0,0.25,1,"LOW MED NA",NA
43,3,188.636468218573,50,8,8.49983188116334,"FISHED",0.19314359028358,0.25,1,"LOW MED NA",NA
43,4,61.3728025005654,42,0,0.499189995416727,"M",0,0.25,1,"LOW MED NA",NA
43,5,95.9797375734857,43,1,1.49885767950862,"M",0,0.25,1,"LOW MED NA",NA
43,6,97.5452473290183,43,1,1.50007886384877,"M",0,0.25,1,"LOW MED NA",NA
43,7,100.212492811249,43,1,1.49940295074136,"M",0,0.25,1,"LOW MED NA",NA
43,8,199.690565626617,53,11,11.4998779315636,"M",0.10247544515878,0.25,1,"LOW MED NA",NA
43,9,93.8986527126144,43,1,1.50052033448542,"M",0,0.25,1,"LOW MED NA",NA
43,10,167.747502410673,46,4,4.50067959659702,"M",0,0.25,1,"LOW MED NA",NA
43,11,168.664168875071,50,8,8.49948757270418,"M",0.19314359028358,0.25,1,"LOW MED NA",NA
43,12,203.962683327123,51,9,9.4991522855564,"M",0.147593769361265,0.25,1,"LOW MED NA",NA
44,1,184.530230079477,53,10,10.4990730154287,"FISHED",0.10247544515878,0.25,1,"LOW MED NA",NA
44,2,177.493743058981,49,6,6.49900608380666,"M",0,0.25,1,"LOW MED NA",NA
44,3,92.8345543702949,44,1,1.50077741514458,"M",0,0.25,1,"LOW MED NA",NA
44,4,172.475523442687,54,11,11.4986590093709,"M",0.188040156592615,0.25,1,"LOW MED NA",NA
44,5,63.6002548817093,43,0,0.499580226279145,"M",0,0.25,1,"LOW MED NA",NA
44,6,159.66732415603,48,5,5.50038420368243,"M",0,0.25,1,"LOW MED NA",NA
44,7,62.961345363095,43,0,0.498533156577131,"M",0,0.25,1,"LOW MED NA",NA
44,8,169.738393584248,47,4,4.50112102892873,"M",0,0.25,1,"LOW MED NA",NA
44,9,100.171191853703,44,1,1.49852015331871,"M",0,0.25,1,"LOW MED NA",NA
44,10,156.77148579778,46,3,3.50041215954861,"M",0,0.25,1,"LOW MED NA",NA
44,11,184.573782519309,51,8,8.49966307971973,"M",0.147593769361265,0.25,1,"LOW MED NA",NA
45,1,133.496502004499,46,2,2.49853749593498,"M",0,0.25,1,"LOW MED NA",NA
45,2,62.0620233115877,44,0,0.500645127087436,"M",0,0.25,1,"LOW MED NA",NA
45,3,205.27819399169,54,10,10.500257112414,"M",0.188040156592615,0.25,1,"LOW MED NA",NA
45,4,131.466953050492,46,2,2.50155292000469,"M",0,0.25,1,"LOW MED NA",NA
45,5,60.6061606523588,44,0,0.498638537744426,"M",0,0.25,1,"LOW MED NA",NA
45,6,103.112980831261,45,1,1.49981008353545,"M",0,0.25,1,"LOW MED NA",NA
45,7,190.320197657393,49,5,5.49932203818218,"M",0,0.25,1,"LOW MED NA",NA
45,8,157.771089662824,48,4,4.50029842906173,"M",0,0.25,1,"LOW MED NA",NA
45,9,124.781383541896,46,2,2.50098167154854,"M",0,0.25,1,"LOW MED NA",NA
45,10,158.452249348292,48,4,4.49931724545067,"M",0,0.25,1,"LOW MED NA",NA
45,11,164.094076091558,49,5,5.50060651957839,"M",0,0.25,1,"LOW MED NA",NA
45,12,114.696754654199,46,2,2.50148668429716,"M",0,0.25,1,"LOW MED NA",NA
45,13,63.5403857642328,44,0,0.500342320220537,"M",0,0.25,1,"LOW MED NA",NA
46,1,98.6462042349112,46,1,1.49970614703694,"M",0,0.25,1,"LOW MED NA",NA
46,2,124.208566482549,47,2,2.5001084247252,"M",0,0.25,1,"LOW MED NA",NA
46,3,122.312771684092,47,2,2.50157805631414,"M",0,0.25,1,"LOW MED NA",NA
46,4,164.670179579819,50,5,5.49974673411987,"M",0.19314359028358,0.25,1,"LOW MED NA",NA
46,5,63.4762044922829,45,0,0.501555985719028,"M",0,0.25,1,"LOW MED NA",NA
46,6,61.5561292497621,45,0,0.50041637696832,"M",0,0.25,1,"LOW MED NA",NA
46,7,136.35935211102,47,2,2.50038848299491,"M",0,0.25,1,"LOW MED NA",NA
46,8,62.5347455873921,45,0,0.500087462401901,"M",0,0.25,1,"LOW MED NA",NA
46,9,61.9436776137866,45,0,0.501502594299106,"M",0,0.25,1,"LOW MED NA",NA
46,10,126.103226544302,47,2,2.49946788531496,"M",0,0.25,1,"LOW MED NA",NA
46,11,94.7268513262512,46,1,1.4990383378832,"M",0,0.25,1,"LOW MED NA",NA
46,12,182.154141245398,50,5,5.50097162136603,"FISHED",0.19314359028358,0.25,1,"LOW MED NA",NA
47,1,170.114417230996,52,6,6.49901593713395,"FISHED",0.163662169710733,0.25,1,"LOW MED NA",NA
47,2,153.953296701412,51,5,5.50017830935833,"FISHED",0.147593769361265,0.25,1,"LOW MED NA",NA
47,3,96.4235183197948,47,1,1.50114464088904,"M",0,0.25,1,"LOW MED NA",NA
47,4,61.9925741067434,46,0,0.500075699623287,"M",0,0.25,1,"LOW MED NA",NA
47,5,214.100872561563,53,7,7.50027849850698,"M",0.10247544515878,0.25,1,"LOW MED NA",NA
47,6,191.356275401733,53,7,7.50147244895979,"FISHED",0.10247544515878,0.25,1,"LOW MED NA",NA
47,7,105.384397812828,47,1,1.49965849578615,"M",0,0.25,1,"LOW MED NA",NA
47,8,159.82013477957,49,3,3.49989628502412,"M",0,0.25,1,"LOW MED NA",NA
47,9,132.040388097551,48,2,2.50091913532486,"M",0,0.25,1,"LOW MED NA",NA
47,10,239.718710444881,58,12,12.4994366940725,"M",0.189889894239604,0.25,1,"LOW MED NA",NA
47,11,165.011154132569,50,4,4.50059379248636,"M",0.19314359028358,0.25,1,"LOW MED NA",NA
47,12,155.200796831679,49,3,3.50061077965644,"M",0,0.25,1,"LOW MED NA",NA
48,1,162.909140808886,51,4,4.49945928448197,"M",0.147593769361265,0.25,1,"LOW MED NA",NA
48,2,62.3030527222158,47,0,0.500210056734813,"M",0,0.25,1,"LOW MED NA",NA
48,3,120.166629165729,49,2,2.49847336621222,"M",0,0.25,1,"LOW MED NA",NA
48,4,152.09660861664,50,3,3.50045208104829,"M",0.19314359028358,0.25,1,"LOW MED NA",NA
48,5,96.9245072306692,48,1,1.49933096495262,"M",0,0.25,1,"LOW MED NA",NA
48,6,183.076360126448,54,7,7.49965879995777,"M",0.188040156592615,0.25,1,"LOW MED NA",NA
48,7,98.0800154414197,48,1,1.50034596501918,"M",0,0.25,1,"LOW MED NA",NA
48,8,61.7043390225549,47,0,0.499331464596553,"M",0,0.25,1,"LOW MED NA",NA
48,9,224.241477997308,58,11,11.5022963381726,"FISHED",0.189889894239604,0.25,1,"LOW MED NA",NA
48,10,217.36175884729,54,7,7.4986328662857,"FISHED",0.188040156592615,0.25,1,"LOW MED NA",NA
48,11,150.142811587846,50,3,3.50017903246334,"FISHED",0.19314359028358,0.25,1,"LOW MED NA",NA
48,12,131.416990470091,49,2,2.50020778060858,"M",0,0.25,1,"LOW MED NA",NA
49,1,182.933886353505,54,6,6.50013750257074,"M",0.188040156592615,0.25,1,"LOW MED NA",NA
49,2,60.071822308316,48,0,0.50178908465039,"M",0,0.25,1,"LOW MED NA",NA
49,3,125.92872187435,50,2,2.4990214431056,"FISHED",0.19314359028358,0.25,1,"LOW MED NA",NA
49,4,61.3715636774239,48,0,0.500494211345951,"M",0,0.25,1,"LOW MED NA",NA
49,5,185.258312793051,53,5,5.50206882047181,"M",0.10247544515878,0.25,1,"LOW MED NA",NA
49,6,125.370169258475,50,2,2.50057563692464,"M",0.19314359028358,0.25,1,"LOW MED NA",NA
49,7,199.350319366227,61,13,13.5008779373175,"FISHED",0.112885894882493,0.25,1,"LOW MED NA",NA
49,8,98.1891847656409,49,1,1.49982404864827,"M",0,0.25,1,"LOW MED NA",NA
49,9,64.2957185265999,48,0,0.499856501398764,"M",0,0.25,1,"LOW MED NA",NA
49,10,177.175790189842,52,4,4.50030290566635,"FISHED",0.163662169710733,0.25,1,"LOW MED NA",NA
49,11,171.862536417849,52,4,4.50075033737111,"M",0.163662169710733,0.25,1,"LOW MED NA",NA
50,1,102.228853918556,50,1,1.50163352956192,"M",0.19314359028358,0.25,1,"LOW MED NA",NA
50,2,156.303852622113,53,4,4.49949150221245,"M",0.10247544515878,0.25,1,"LOW MED NA",NA
50,3,59.1156560106276,49,0,0.500341239631413,"M",0,0.25,1,"LOW MED NA",NA
50,4,98.1507419050782,50,1,1.50126422771935,"FISHED",0.19314359028358,0.25,1,"LOW MED NA",NA
50,5,185.666437585285,54,5,5.50032871578074,"FISHED",0.188040156592615,0.25,1,"LOW MED NA",NA
50,6,188.536208768732,55,6,6.50047753936067,"M",0.15196371760685,0.25,1,"LOW MED NA",NA
50,7,64.7578938696382,49,0,0.500756759811128,"M",0,0.25,1,"LOW MED NA",NA
50,8,95.7287957793302,50,1,1.50127325216889,"FISHED",0.19314359028358,0.25,1,"LOW MED NA",NA
50,9,63.3161974251319,49,0,0.500485709969177,"M",0,0.25,1,"LOW MED NA",NA
50,10,145.775160175443,52,3,3.50018758028263,"M",0.163662169710733,0.25,1,"LOW MED NA",NA
50,11,96.8263851641016,50,1,1.50126536256876,"FISHED",0.19314359028358,0.25,1,"LOW MED NA",NA
51,1,62.6370030197064,50,0,0.499282909145134,"M",0.19314359028358,0.25,1,"LOW MED NA",NA
51,2,61.4804994739287,50,0,0.499494698497557,"FISHED",0.19314359028358,0.25,1,"LOW MED NA",NA
51,3,96.8644684017132,51,1,1.50152500927077,"FISHED",0.147593769361265,0.25,1,"LOW MED NA",NA
51,4,106.232937305609,51,1,1.50012508362145,"M",0.147593769361265,0.25,1,"LOW MED NA",NA
51,5,183.522661030927,56,6,6.49876145556833,"M",0.16908595727291,0.25,1,"LOW MED NA",NA
51,6,62.2270990706389,50,0,0.501230609120661,"M",0.19314359028358,0.25,1,"LOW MED NA",NA
51,7,128.844253033548,52,2,2.5002993582752,"M",0.163662169710733,0.25,1,"LOW MED NA",NA
51,8,206.30501277219,63,13,13.4997664824243,"FISHED",0.101705184672028,0.25,1,"LOW MED NA",NA
51,9,125.541297312044,52,2,2.50096186618647,"M",0.163662169710733,0.25,1,"LOW MED NA",NA
51,10,146.939734870334,53,3,3.49841003318466,"FISHED",0.10247544515878,0.25,1,"LOW MED NA",NA
51,11,127.292838320126,52,2,2.5006503797677,"M",0.163662169710733,0.25,1,"LOW MED NA",NA
51,12,170.977714649174,56,6,6.49975545871149,"M",0.16908595727291,0.25,1,"LOW MED NA",NA
51,13,64.3922940194136,50,0,0.499033088312942,"M",0.19314359028358,0.25,1,"LOW MED NA",NA
52,1,98.0453925911282,52,1,1.50067384549113,"FISHED",0.163662169710733,0.25,1,"LOW MED NA",NA
52,2,179.794951795481,57,6,6.50103533055942,"M",0.180132329068147,0.25,1,"LOW MED NA",NA
52,3,63.6550353939806,51,0,0.499222314838705,"M",0.147593769361265,0.25,1,"LOW MED NA",NA
52,4,182.91355051003,55,4,4.50154344943011,"M",0.15196371760685,0.25,1,"LOW MED NA",NA
52,5,102.226645107319,52,1,1.50148210294725,"M",0.163662169710733,0.25,1,"LOW MED NA",NA
52,6,152.642636492322,55,4,4.49904479046097,"M",0.15196371760685,0.25,1,"LOW MED NA",NA
52,7,205.576364780561,63,12,12.4999102678206,"M",0.101705184672028,0.25,1,"LOW MED NA",NA
52,8,62.4824894187062,51,0,0.501020268281905,"M",0.147593769361265,0.25,1,"LOW MED NA",NA
52,9,160.632399165844,55,4,4.50152702343587,"M",0.15196371760685,0.25,1,"LOW MED NA",NA
52,10,61.367716375697,51,0,0.498161585815655,"M",0.147593769361265,0.25,1,"LOW MED NA",NA
52,11,62.0503852834946,51,0,0.500069405130014,"M",0.147593769361265,0.25,1,"LOW MED NA",NA
52,12,65.747580879289,51,0,0.499628029070894,"M",0.147593769361265,0.25,1,"LOW MED NA",NA
53,1,103.001549422686,53,1,1.50036594700807,"M",0.10247544515878,0.25,1,"LOW MED NA",NA
53,2,184.227699467341,57,5,5.500755532642,"FISHED",0.180132329068147,0.25,1,"LOW MED NA",NA
53,3,63.9072820939619,52,0,0.500218732048187,"M",0.163662169710733,0.25,1,"LOW MED NA",NA
53,4,62.8242041669851,52,0,0.497646242144316,"M",0.163662169710733,0.25,1,"LOW MED NA",NA
53,5,103.045528781259,53,1,1.50256506485191,"M",0.10247544515878,0.25,1,"LOW MED NA",NA
53,6,94.6843647269528,53,1,1.49894056192912,"M",0.10247544515878,0.25,1,"LOW MED NA",NA
53,7,174.156011041446,58,6,6.50099182972112,"FISHED",0.189889894239604,0.25,1,"LOW MED NA",NA
53,8,63.0710172798703,52,0,0.499572473095672,"M",0.163662169710733,0.25,1,"LOW MED NA",NA
53,9,156.272993366596,56,4,4.50061693181235,"M",0.16908595727291,0.25,1,"LOW MED NA",NA
53,10,174.268470619083,57,5,5.5016840747969,"M",0.180132329068147,0.25,1,"LOW MED NA",NA
53,11,201.581340530966,59,7,7.5009775910711,"M",0.171637454093434,0.25,1,"LOW MED NA",NA
53,12,100.387641457488,53,1,1.50014049160171,"M",0.10247544515878,0.25,1,"LOW MED NA",NA
54,1,118.082375444738,55,2,2.50142480928226,"M",0.15196371760685,0.25,1,"LOW MED NA",NA
54,2,62.5860990029814,53,0,0.500622698950311,"M",0.10247544515878,0.25,1,"LOW MED NA",NA
54,3,65.0597057120626,53,0,0.499814747464847,"M",0.10247544515878,0.25,1,"LOW MED NA",NA
54,4,123.443372361842,55,2,2.50024675160476,"FISHED",0.15196371760685,0.25,1,"LOW MED NA",NA
54,5,146.778477841803,56,3,3.50022661018696,"FISHED",0.16908595727291,0.25,1,"LOW MED NA",NA
54,6,97.3988024285629,54,1,1.49969330684729,"M",0.188040156592615,0.25,1,"LOW MED NA",NA
54,7,195.09441182451,64,11,11.5008663686259,"M",0.10168667442631,0.25,1,"LOW MED NA",NA
54,8,155.860378818997,56,3,3.49891226584059,"M",0.16908595727291,0.25,1,"LOW MED NA",NA
54,9,173.101541856563,58,5,5.49890953352579,"M",0.189889894239604,0.25,1,"LOW MED NA",NA
54,10,92.8143152514493,54,1,1.49888311153704,"M",0.188040156592615,0.25,1,"LOW MED NA",NA
55,1,127.303412118697,56,2,2.50158128420889,"M",0.16908595727291,0.25,1,"LOW MED NA",NA
55,2,116.421169181546,56,2,2.50084798481079,"M",0.16908595727291,0.25,1,"LOW MED NA",NA
55,3,62.4050154712371,54,0,0.499197295778303,"M",0.188040156592615,0.25,1,"LOW MED NA",NA
55,4,205.858076320273,64,10,10.4995844514026,"M",0.10168667442631,0.25,1,"LOW MED NA",NA
55,5,123.106353524841,56,2,2.49981241736903,"FISHED",0.16908595727291,0.25,1,"LOW MED NA",NA
55,6,201.450840038383,61,7,7.50004739900179,"FISHED",0.112885894882493,0.25,1,"LOW MED NA",NA
55,7,63.629652286221,54,0,0.501766439464189,"M",0.188040156592615,0.25,1,"LOW MED NA",NA
55,8,62.1823198461064,54,0,0.499186045094931,"FISHED",0.188040156592615,0.25,1,"LOW MED NA",NA
55,9,137.802045145224,57,3,3.4984484899646,"M",0.180132329068147,0.25,1,"LOW MED NA",NA
55,10,143.615310611673,57,3,3.5010435162399,"M",0.180132329068147,0.25,1,"LOW MED NA",NA
55,11,66.6516399596188,54,0,0.50006974744816,"M",0.188040156592615,0.25,1,"LOW MED NA",NA
55,12,63.4115483552828,54,0,0.49874522684051,"FISHED",0.188040156592615,0.25,1,"LOW MED NA",NA
56,1,61.343552557343,55,0,0.498168980811606,"FISHED",0.15196371760685,0.25,1,"LOW MED NA",NA
56,2,100.226174093938,56,1,1.50025540721481,"FISHED",0.16908595727291,0.25,1,"LOW MED NA",NA
56,3,188.739917341043,62,7,7.49907304029851,"M",0.150525439274497,0.25,1,"LOW MED NA",NA
56,4,62.0335209481805,55,0,0.499796516611375,"FISHED",0.15196371760685,0.25,1,"LOW MED NA",NA
56,5,96.8626781551578,56,1,1.49940647527319,"FISHED",0.16908595727291,0.25,1,"LOW MED NA",NA
56,6,130.917449255958,57,2,2.49868430833535,"FISHED",0.180132329068147,0.25,1,"LOW MED NA",NA
56,7,62.9590598588192,55,0,0.501282604322421,"M",0.15196371760685,0.25,1,"LOW MED NA",NA
56,8,93.2008766939028,56,1,1.50057542718204,"M",0.16908595727291,0.25,1,"LOW MED NA",NA
56,9,144.639713453183,58,3,3.50079096378001,"M",0.189889894239604,0.25,1,"LOW MED NA",NA
56,10,89.2857861945922,56,1,1.50186079694387,"M",0.16908595727291,0.25,1,"LOW MED NA",NA
56,11,121.600201114592,57,2,2.50071378395964,"FISHED",0.180132329068147,0.25,1,"LOW MED NA",NA
57,1,193.955746937796,63,7,7.50067919405419,"M",0.101705184672028,0.25,1,"LOW MED NA",NA
57,2,60.2483455105157,56,0,0.498244878831078,"M",0.16908595727291,0.25,1,"LOW MED NA",NA
57,3,59.2918309268927,56,0,0.497880942506921,"M",0.16908595727291,0.25,1,"LOW MED NA",NA
57,4,62.6344896068549,56,0,0.501502522658594,"M",0.16908595727291,0.25,1,"LOW MED NA",NA
57,5,219.51945579095,64,8,8.50012397120628,"FISHED",0.10168667442631,0.25,1,"LOW MED NA",NA
57,6,136.185813177352,59,3,3.50020590462766,"FISHED",0.171637454093434,0.25,1,"LOW MED NA",NA
57,7,62.8945880308238,56,0,0.499753200862659,"M",0.16908595727291,0.25,1,"LOW MED NA",NA
57,8,117.151191231422,58,2,2.49990157993241,"M",0.189889894239604,0.25,1,"LOW MED NA",NA
57,9,235.484829705203,66,10,10.4995610664969,"M",0.193673099344596,0.25,1,"LOW MED NA",NA
57,10,142.443848819107,59,3,3.49921493289186,"FISHED",0.171637454093434,0.25,1,"LOW MED NA",NA
57,11,94.2214148764968,57,1,1.49840544457722,"M",0.180132329068147,0.25,1,"LOW MED NA",NA
57,12,63.2139965102092,56,0,0.501327901660768,"M",0.16908595727291,0.25,1,"LOW MED NA",NA
57,13,174.75470469832,62,6,6.50016114961969,"M",0.150525439274497,0.25,1,"LOW MED NA",NA
57,14,196.219560683778,62,6,6.50170870274153,"FISHED",0.150525439274497,0.25,1,"LOW MED NA",NA
58,1,64.1269189712509,57,0,0.498958045244118,"M",0.180132329068147,0.25,1,"LOW MED NA",NA
58,2,61.6538767766181,57,0,0.498399677263103,"FISHED",0.180132329068147,0.25,1,"LOW MED NA",NA
58,3,101.659847737962,58,1,1.50140056794596,"M",0.189889894239604,0.25,1,"LOW MED NA",NA
58,4,116.376334702607,59,2,2.50038865971744,"M",0.171637454093434,0.25,1,"LOW MED NA",NA
58,5,152.104978296312,60,3,3.50051829253812,"M",0.109926629555412,0.25,1,"LOW MED NA",NA
58,6,62.6612680174273,57,0,0.499839384035959,"M",0.180132329068147,0.25,1,"LOW MED NA",NA
58,7,97.7434958371663,58,1,1.50101145199699,"M",0.189889894239604,0.25,1,"LOW MED NA",NA
58,8,181.462722763256,61,4,4.4994331553396,"FISHED",0.112885894882493,0.25,1,"LOW MED NA",NA
58,9,202.602848205498,63,6,6.49936820910513,"M",0.101705184672028,0.25,1,"LOW MED NA",NA
58,10,61.4818150466501,57,0,0.497601004416746,"M",0.180132329068147,0.25,1,"LOW MED NA",NA
58,11,95.4226594329695,58,1,1.50118837669473,"M",0.189889894239604,0.25,1,"LOW MED NA",NA
58,12,96.6542423318244,58,1,1.50054371237138,"FISHED",0.189889894239604,0.25,1,"LOW MED NA",NA
59,1,97.2613175352098,59,1,1.49920847092939,"M",0.171637454093434,0.25,1,"LOW MED NA",NA
59,2,99.0947525276154,59,1,1.50078786557354,"FISHED",0.171637454093434,0.25,1,"LOW MED NA",NA
59,3,101.054792749677,59,1,1.49930635605027,"FISHED",0.171637454093434,0.25,1,"LOW MED NA",NA
59,4,187.520815689128,64,6,6.50217805257249,"M",0.10168667442631,0.25,1,"LOW MED NA",NA
59,5,62.7307207167114,58,0,0.49913122543766,"FISHED",0.189889894239604,0.25,1,"LOW MED NA",NA
59,6,64.8670018966166,58,0,0.500217222395119,"M",0.189889894239604,0.25,1,"LOW MED NA",NA
59,7,65.507402965403,58,0,0.499028090196979,"M",0.189889894239604,0.25,1,"LOW MED NA",NA
59,8,155.58306861609,61,3,3.50155448854325,"M",0.112885894882493,0.25,1,"LOW MED NA",NA
59,9,98.8071855569938,59,1,1.49889993559102,"M",0.171637454093434,0.25,1,"LOW MED NA",NA
59,10,174.456816406038,62,4,4.49721414487612,"M",0.150525439274497,0.25,1,"LOW MED NA",NA
59,11,93.7211990050064,59,1,1.500403169843,"FISHED",0.171637454093434,0.25,1,"LOW MED NA",NA
59,12,93.5185900165242,59,1,1.50181271129557,"M",0.171637454093434,0.25,1,"LOW MED NA",NA
59,13,63.2061880689774,58,0,0.499137912495585,"M",0.189889894239604,0.25,1,"LOW MED NA",NA
60,1,147.009234384528,62,3,3.50233307621791,"FISHED",0.150525439274497,0.25,1,"LOW MED NA",NA
60,2,177.363205498637,68,9,9.49968889674606,"M",0.172091514640488,0.25,1,"LOW MED NA",NA
60,3,60.2991813269804,59,0,0.499805316780468,"FISHED",0.171637454093434,0.25,1,"LOW MED NA",NA
60,4,170.762580203455,63,4,4.50071115077232,"M",0.101705184672028,0.25,1,"LOW MED NA",NA
60,5,123.410258803687,61,2,2.4986355831974,"FISHED",0.112885894882493,0.25,1,"LOW MED NA",NA
60,6,58.8373013047334,59,0,0.501572774183295,"M",0.171637454093434,0.25,1,"LOW MED NA",NA
60,7,63.8687103981828,59,0,0.499323395789762,"FISHED",0.171637454093434,0.25,1,"LOW MED NA",NA
60,8,100.309946658818,60,1,1.49930952490358,"M",0.109926629555412,0.25,1,"LOW MED NA",NA
60,9,129.954053008293,62,3,3.50012832192783,"M",0.150525439274497,0.25,1,"LOW MED NA",NA
60,10,96.2133925758471,60,1,1.49962457875552,"FISHED",0.109926629555412,0.25,1,"LOW MED NA",NA
60,11,63.2357927020626,59,0,0.499585916813975,"FISHED",0.171637454093434,0.25,1,"LOW MED NA",NA
60,12,63.6153672317883,59,0,0.50180043062855,"M",0.171637454093434,0.25,1,"LOW MED NA",NA
61,1,64.4468996382889,60,0,0.499153633489147,"M",0.109926629555412,0.25,1,"LOW MED NA",NA
61,2,99.5917251557916,61,1,1.50112265273339,"FISHED",0.112885894882493,0.25,1,"LOW MED NA",NA
61,3,63.9673935338471,60,0,0.500384498838452,"M",0.109926629555412,0.25,1,"LOW MED NA",NA
61,4,102.795635494103,61,1,1.49802026594911,"M",0.112885894882493,0.25,1,"LOW MED NA",NA
61,5,102.637119147723,61,1,1.49913085905929,"FISHED",0.112885894882493,0.25,1,"LOW MED NA",NA
61,6,99.113541279363,61,1,1.4997223969852,"FISHED",0.112885894882493,0.25,1,"LOW MED NA",NA
61,7,161.026732033718,63,3,3.49895611979465,"M",0.101705184672028,0.25,1,"LOW MED NA",NA
61,8,177.744307775654,66,6,6.50127091760627,"M",0.193673099344596,0.25,1,"LOW MED NA",NA
61,9,97.5555006142292,61,1,1.5003726396695,"M",0.112885894882493,0.25,1,"LOW MED NA",NA
61,10,207.603586723564,66,6,6.49934698833998,"FISHED",0.193673099344596,0.25,1,"LOW MED NA",NA
61,11,118.000814724992,62,2,2.50084360208533,"M",0.150525439274497,0.25,1,"LOW MED NA",NA
62,1,63.2478249022727,61,0,0.500846055291035,"M",0.112885894882493,0.25,1,"LOW MED NA",NA
62,2,98.9032927504425,62,1,1.50057998598442,"M",0.150525439274497,0.25,1,"LOW MED NA",NA
62,3,62.6901140948568,61,0,0.499972828356072,"M",0.112885894882493,0.25,1,"LOW MED NA",NA
62,4,97.2400940997282,62,1,1.49813837993414,"M",0.150525439274497,0.25,1,"LOW MED NA",NA
62,5,162.257860798204,65,4,4.49938495752539,"M",0.149346380471252,0.25,1,"LOW MED NA",NA
62,6,152.178763342983,64,3,3.49863217165101,"M",0.10168667442631,0.25,1,"LOW MED NA",NA
62,7,170.874435776238,65,4,4.50051419316862,"FISHED",0.149346380471252,0.25,1,"LOW MED NA",NA
62,8,63.3824476593472,61,0,0.500445775438393,"M",0.112885894882493,0.25,1,"LOW MED NA",NA
62,9,215.057108556312,71,10,10.4997228921697,"M",0.151320082810707,0.25,1,"LOW MED NA",NA
62,10,63.969202811218,61,0,0.499657440736897,"M",0.112885894882493,0.25,1,"LOW MED NA",NA
62,11,100.743677708386,62,1,1.50059103707053,"FISHED",0.150525439274497,0.25,1,"LOW MED NA",NA
62,12,152.973823235469,64,3,3.50087652388287,"FISHED",0.10168667442631,0.25,1,"LOW MED NA",NA
63,1,63.1351370717796,62,0,0.500983115540246,"M",0.150525439274497,0.25,1,"LOW MED NA",NA
63,2,126.144428107196,64,2,2.49852829061953,"M",0.10168667442631,0.25,1,"LOW MED NA",NA
63,3,175.819272698116,67,5,5.49948353471416,"FISHED",0.139664052263834,0.25,1,"LOW MED NA",NA
63,4,66.5626877087628,62,0,0.500915250092034,"FISHED",0.150525439274497,0.25,1,"LOW MED NA",NA
63,5,62.5630667789405,62,0,0.501246506517193,"M",0.150525439274497,0.25,1,"LOW MED NA",NA
63,6,173.61667516208,65,3,3.49980343882225,"FISHED",0.149346380471252,0.25,1,"LOW MED NA",NA
63,7,130.400142451476,64,2,2.50126139356618,"FISHED",0.10168667442631,0.25,1,"LOW MED NA",NA
63,8,62.7503273212183,62,0,0.501794183847846,"FISHED",0.150525439274497,0.25,1,"LOW MED NA",NA
63,9,191.368640879017,67,5,5.49950336806113,"M",0.139664052263834,0.25,1,"LOW MED NA",NA
63,10,125.799474965903,64,2,2.49960018998318,"M",0.10168667442631,0.25,1,"LOW MED NA",NA
63,11,193.45749085286,68,6,6.50131795483987,"FISHED",0.172091514640488,0.25,1,"LOW MED NA",NA
63,12,161.505585205941,66,4,4.50164048151333,"M",0.193673099344596,0.25,1,"LOW MED NA",NA
64,1,123.635357614082,65,2,2.50018431305445,"M",0.149346380471252,0.25,1,"LOW MED NA",NA
64,2,62.4411724716546,63,0,0.499646653280154,"M",0.101705184672028,0.25,1,"LOW MED NA",NA
64,3,89.7763430567682,64,1,1.50168433649574,"M",0.10168667442631,0.25,1,"LOW MED NA",NA
64,4,139.830538374653,65,2,2.49982837721194,"M",0.149346380471252,0.25,1,"LOW MED NA",NA
64,5,152.846087294104,67,4,4.50001358046964,"FISHED",0.139664052263834,0.25,1,"LOW MED NA",NA
64,6,105.993199582678,64,1,1.50156514602838,"M",0.10168667442631,0.25,1,"LOW MED NA",NA
64,7,101.186487829491,64,1,1.50061994095807,"M",0.10168667442631,0.25,1,"LOW MED NA",NA
64,8,125.556109040132,65,2,2.49801995569938,"M",0.149346380471252,0.25,1,"LOW MED NA",NA
64,9,61.1679654783482,63,0,0.501892800785587,"M",0.101705184672028,0.25,1,"LOW MED NA",NA
64,10,123.774524635347,65,2,2.49950097489798,"M",0.149346380471252,0.25,1,"LOW MED NA",NA
64,11,224.850625467779,69,6,6.50036721489058,"M",0.101127712824382,0.25,1,"LOW MED NA",NA
64,12,172.982089596823,67,4,4.5000330623841,"M",0.139664052263834,0.25,1,"LOW MED NA",NA
64,13,99.0282594290022,64,1,1.50100932679057,"M",0.10168667442631,0.25,1,"LOW MED NA",NA
65,1,96.2027287750296,65,1,1.49959486233321,"FISHED",0.149346380471252,0.25,1,"LOW MED NA",NA
65,2,64.3190719759719,64,0,0.501934447193963,"M",0.10168667442631,0.25,1,"LOW MED NA",NA
65,3,61.1449133504657,64,0,0.500238282342304,"M",0.10168667442631,0.25,1,"LOW MED NA",NA
65,4,155.456235151926,67,3,3.49967775264853,"FISHED",0.139664052263834,0.25,1,"LOW MED NA",NA
65,5,134.994100785885,66,2,2.50056621925363,"M",0.193673099344596,0.25,1,"LOW MED NA",NA
65,6,95.7129018888855,65,1,1.49897840720769,"M",0.149346380471252,0.25,1,"LOW MED NA",NA
65,7,59.5316475496503,64,0,0.50009192497693,"FISHED",0.10168667442631,0.25,1,"LOW MED NA",NA
65,8,61.6131754146482,64,0,0.49956607140026,"M",0.10168667442631,0.25,1,"LOW MED NA",NA
65,9,158.242693137793,68,4,4.49879716909907,"M",0.172091514640488,0.25,1,"LOW MED NA",NA
65,10,63.1751007666342,64,0,0.500708555061467,"M",0.10168667442631,0.25,1,"LOW MED NA",NA
65,11,99.4094593005102,65,1,1.49951619212071,"M",0.149346380471252,0.25,1,"LOW MED NA",NA
65,12,156.775386725929,67,3,3.50057167751797,"M",0.139664052263834,0.25,1,"LOW MED NA",NA
65,13,192.102194356807,74,10,10.5000061044331,"M",0.189754577539861,0.25,1,"LOW MED NA",NA
66,1,63.0207314733238,65,0,0.499141850448508,"FISHED",0.149346380471252,0.25,1,"LOW MED NA",NA
66,2,120.393142110197,67,2,2.50051046820114,"M",0.139664052263834,0.25,1,"LOW MED NA",NA
66,3,101.844740325301,66,1,1.50008078171753,"FISHED",0.193673099344596,0.25,1,"LOW MED NA",NA
66,4,96.5298040643783,66,1,1.49926820100287,"M",0.193673099344596,0.25,1,"LOW MED NA",NA
66,5,145.714798542329,68,3,3.49969416228205,"FISHED",0.172091514640488,0.25,1,"LOW MED NA",NA
66,6,125.740497569277,67,2,2.50176078214642,"M",0.139664052263834,0.25,1,"LOW MED NA",NA
66,7,64.0141772015612,65,0,0.500898005486148,"FISHED",0.149346380471252,0.25,1,"LOW MED NA",NA
66,8,215.86831576314,73,8,8.4990818005243,"M",0.195479119778611,0.25,1,"LOW MED NA",NA
66,9,62.3747109499059,65,0,0.499464042055328,"M",0.149346380471252,0.25,1,"LOW MED NA",NA
66,10,169.27611046003,69,4,4.50091408489265,"M",0.101127712824382,0.25,1,"LOW MED NA",NA
66,11,165.768290192863,69,4,4.49987215942051,"M",0.101127712824382,0.25,1,"LOW MED NA",NA
66,12,117.283479660423,67,2,2.50006734977143,"M",0.139664052263834,0.25,1,"LOW MED NA",NA
67,1,96.8365715924086,67,1,1.49930321185535,"FISHED",0.139664052263834,0.25,1,"LOW MED NA",NA
67,2,62.7593687536999,66,0,0.500803128651713,"M",0.193673099344596,0.25,1,"LOW MED NA",NA
67,3,99.7128077857594,67,1,1.50110839207249,"M",0.139664052263834,0.25,1,"LOW MED NA",NA
67,4,121.363292892932,68,2,2.49895633659879,"M",0.172091514640488,0.25,1,"LOW MED NA",NA
67,5,180.204903213903,71,5,5.49888086721113,"M",0.151320082810707,0.25,1,"LOW MED NA",NA
67,6,62.3614740482887,66,0,0.500186930680412,"FISHED",0.193673099344596,0.25,1,"LOW MED NA",NA
67,7,98.8215207833147,67,1,1.49993511706849,"FISHED",0.139664052263834,0.25,1,"LOW MED NA",NA
67,8,96.5417189598081,67,1,1.49952738246939,"FISHED",0.139664052263834,0.25,1,"LOW MED NA",NA
67,9,125.223561375575,68,2,2.5005807247075,"FISHED",0.172091514640488,0.25,1,"LOW MED NA",NA
67,10,176.606594764621,71,5,5.5006557927782,"M",0.151320082810707,0.25,1,"LOW MED NA",NA
67,11,62.9714071258524,66,0,0.498786485112686,"M",0.193673099344596,0.25,1,"LOW MED NA",NA
68,1,66.1041432984079,67,0,0.499475509287375,"M",0.139664052263834,0.25,1,"LOW MED NA",NA
68,2,167.400373808702,72,5,5.5010779410555,"M",0.121051488420926,0.25,1,"LOW MED NA",NA
68,3,205.933676149175,72,5,5.4994728621662,"FISHED",0.121051488420926,0.25,1,"LOW MED NA",NA
68,4,62.0175761354649,67,0,0.501467929301987,"M",0.139664052263834,0.25,1,"LOW MED NA",NA
68,5,101.962680495307,68,1,1.49972004444001,"FISHED",0.172091514640488,0.25,1,"LOW MED NA",NA
68,6,187.607393288523,73,6,6.49929353122686,"M",0.195479119778611,0.25,1,"LOW MED NA",NA
68,7,106.044111100661,68,1,1.49907346919631,"M",0.172091514640488,0.25,1,"LOW MED NA",NA
68,8,60.5358886735296,67,0,0.500684865372515,"M",0.139664052263834,0.25,1,"LOW MED NA",NA
68,9,62.9407116300569,67,0,0.500174949093614,"M",0.139664052263834,0.25,1,"LOW MED NA",NA
68,10,180.710755566833,72,5,5.50162564051012,"M",0.121051488420926,0.25,1,"LOW MED NA",NA
69,1,64.0110172866953,68,0,0.500895191056045,"M",0.172091514640488,0.25,1,"LOW MED NA",NA
69,2,127.131358097543,70,2,2.49912653207029,"M",0.157594167045318,0.25,1,"LOW MED NA",NA
69,3,206.148559151673,78,10,10.4989042645111,"M",0.256378012755886,0.25,1,"LOW MED NA",NA
69,4,63.9880607285788,68,0,0.499632648330573,"M",0.172091514640488,0.25,1,"LOW MED NA",NA
69,5,100.310104381048,69,1,1.5007297876303,"M",0.101127712824382,0.25,1,"LOW MED NA",NA
69,6,147.198929363094,71,3,3.50070166626939,"M",0.151320082810707,0.25,1,"LOW MED NA",NA
69,7,156.350714793927,71,3,3.50048470571538,"FISHED",0.151320082810707,0.25,1,"LOW MED NA",NA
69,8,63.9803335511301,68,0,0.500721252954993,"M",0.172091514640488,0.25,1,"LOW MED NA",NA
69,9,198.509277256353,73,5,5.50075243362077,"FISHED",0.195479119778611,0.25,1,"LOW MED NA",NA
69,10,91.4359287715884,69,1,1.49736624662675,"M",0.101127712824382,0.25,1,"LOW MED NA",NA
70,1,183.323957304057,74,5,5.49945664324032,"M",0.189754577539861,0.25,1,"LOW MED NA",NA
70,2,175.404663379853,74,5,5.5004441947217,"M",0.189754577539861,0.25,1,"LOW MED NA",NA
70,3,145.265424025734,72,3,3.49987850940619,"M",0.121051488420926,0.25,1,"LOW MED NA",NA
70,4,97.1162248983143,70,1,1.49932162129609,"M",0.157594167045318,0.25,1,"LOW MED NA",NA
70,5,147.206561209901,72,3,3.49937057208589,"M",0.121051488420926,0.25,1,"LOW MED NA",NA
70,6,128.803627122868,71,2,2.50106207522937,"M",0.151320082810707,0.25,1,"LOW MED NA",NA
70,7,64.6147595312122,69,0,0.49828371385972,"FISHED",0.101127712824382,0.25,1,"LOW MED NA",NA
70,8,151.840437477819,72,3,3.50029102944096,"M",0.121051488420926,0.25,1,"LOW MED NA",NA
70,9,62.9470481246982,69,0,0.49941068376868,"M",0.101127712824382,0.25,1,"LOW MED NA",NA
70,10,155.87468225914,73,4,4.50007297925884,"FISHED",0.195479119778611,0.25,1,"LOW MED NA",NA
70,11,189.595823597282,80,11,11.5005985585312,"M",0.288135206443258,0.25,1,"LOW MED NA",NA
71,1,105.652960594133,71,1,1.50105053804721,"M",0.151320082810707,0.25,1,"LOW MED NA",NA
71,2,63.5032198241009,70,0,0.500058280743263,"FISHED",0.157594167045318,0.25,1,"LOW MED NA",NA
71,3,180.532299800473,75,5,5.4996502807375,"M",0.26746239871718,0.25,1,"LOW MED NA",NA
71,4,96.5579381077576,71,1,1.50067675414673,"M",0.151320082810707,0.25,1,"LOW MED NA",NA
71,5,142.687328769553,73,3,3.49998244340015,"FISHED",0.195479119778611,0.25,1,"LOW MED NA",NA
71,6,60.4141922108507,70,0,0.501994957431837,"M",0.157594167045318,0.25,1,"LOW MED NA",NA
71,7,62.5903789748297,70,0,0.502453430079945,"M",0.157594167045318,0.25,1,"LOW MED NA",NA
71,8,61.1356973496462,70,0,0.499095003498621,"M",0.157594167045318,0.25,1,"LOW MED NA",NA
71,9,123.7710333247,72,2,2.49894083284501,"FISHED",0.121051488420926,0.25,1,"LOW MED NA",NA
71,10,153.242308229208,74,4,4.49922902448103,"M",0.189754577539861,0.25,1,"LOW MED NA",NA
71,11,60.5621500723501,70,0,0.500350936493205,"M",0.157594167045318,0.25,1,"LOW MED NA",NA
72,1,98.1974120349361,72,1,1.49925720092197,"M",0.121051488420926,0.25,1,"LOW MED NA",NA
72,2,185.767955988657,77,6,6.50060625999695,"M",0.228358969418332,0.25,1,"LOW MED NA",NA
72,3,138.876973296744,74,3,3.49989838804838,"FISHED",0.189754577539861,0.25,1,"LOW MED NA",NA
72,4,63.9180130344669,71,0,0.500993361868803,"M",0.151320082810707,0.25,1,"LOW MED NA",NA
72,5,63.1673826403366,71,0,0.499243810887901,"FISHED",0.151320082810707,0.25,1,"LOW MED NA",NA
72,6,167.882420000589,75,4,4.4996605406158,"M",0.26746239871718,0.25,1,"LOW MED NA",NA
72,7,122.066911117736,73,2,2.50045028546656,"M",0.195479119778611,0.25,1,"LOW MED NA",NA
72,8,94.0503407700453,72,1,1.5001636069076,"M",0.121051488420926,0.25,1,"LOW MED NA",NA
72,9,61.6210130739707,71,0,0.498619033488638,"M",0.151320082810707,0.25,1,"LOW MED NA",NA
73,1,130.897873015169,74,2,2.49939171186531,"M",0.189754577539861,0.25,1,"LOW MED NA",NA
73,2,239.144151457208,80,8,8.49974635093309,"M",0.288135206443258,0.25,1,"LOW MED NA",NA
73,3,62.7789490231357,72,0,0.499828481876936,"FISHED",0.121051488420926,0.25,1,"LOW MED NA",NA
73,4,98.8590615051216,73,1,1.49957304944408,"M",0.195479119778611,0.25,1,"LOW MED NA",NA
73,5,120.480684593687,74,2,2.49937186683086,"M",0.189754577539861,0.25,1,"LOW MED NA",NA
73,6,62.3603942964986,72,0,0.501557656661694,"M",0.121051488420926,0.25,1,"LOW MED NA",NA
73,7,100.70220594833,73,1,1.50082184044029,"M",0.195479119778611,0.25,1,"LOW MED NA",NA
73,8,61.2599878648999,72,0,0.499593394545699,"M",0.121051488420926,0.25,1,"LOW MED NA",NA
73,9,183.40269906692,79,7,7.50000696560093,"M",0.292792095593177,0.25,1,"LOW MED NA",NA
73,10,148.82640338663,75,3,3.50054354485945,"M",0.26746239871718,0.25,1,"LOW MED NA",NA
73,11,61.4506937675502,72,0,0.50081730698795,"M",0.121051488420926,0.25,1,"LOW MED NA",NA
73,12,114.246741154676,74,2,2.49937618469619,"M",0.189754577539861,0.25,1,"LOW MED NA",NA
73,13,121.460752293558,74,2,2.50010948059405,"M",0.189754577539861,0.25,1,"LOW MED NA",NA
74,1,60.0913858852414,73,0,0.49968710726487,"M",0.195479119778611,0.25,1,"LOW MED NA",NA
74,2,100.71627998707,74,1,1.49883788266323,"M",0.189754577539861,0.25,1,"LOW MED NA",NA
74,3,127.630872056062,75,2,2.50070673461404,"M",0.26746239871718,0.25,1,"LOW MED NA",NA
74,4,100.470814660099,74,1,1.49993529737807,"FISHED",0.189754577539861,0.25,1,"LOW MED NA",NA
74,5,64.1955540503653,73,0,0.499965983918513,"M",0.195479119778611,0.25,1,"LOW MED NA",NA
74,6,97.6072216351068,74,1,1.50066523392336,"M",0.189754577539861,0.25,1,"LOW MED NA",NA
74,7,123.615269343344,75,2,2.50082075856062,"FISHED",0.26746239871718,0.25,1,"LOW MED NA",NA
74,8,102.539687796619,74,1,1.50079395011445,"FISHED",0.189754577539861,0.25,1,"LOW MED NA",NA
74,9,120.962698057036,75,2,2.49881069585702,"FISHED",0.26746239871718,0.25,1,"LOW MED NA",NA
74,10,137.509447457467,76,3,3.50154659883823,"FISHED",0.219457073905505,0.25,1,"LOW MED NA",NA
74,11,98.285425146556,74,1,1.49935380609939,"M",0.189754577539861,0.25,1,"LOW MED NA",NA
74,12,61.5074855666694,73,0,0.500835728202023,"FISHED",0.195479119778611,0.25,1,"LOW MED NA",NA
75,1,94.7078220492889,75,1,1.50075714396325,"FISHED",0.26746239871718,0.25,1,"LOW MED NA",NA
75,2,59.8165420307668,74,0,0.500276402129691,"M",0.189754577539861,0.25,1,"LOW MED NA",NA
75,3,63.3222252240662,74,0,0.500066616043384,"M",0.189754577539861,0.25,1,"LOW MED NA",NA
75,4,60.1502238025934,74,0,0.498515071557332,"M",0.189754577539861,0.25,1,"LOW MED NA",NA
75,5,186.215476522691,79,5,5.5003332459059,"M",0.292792095593177,0.25,1,"LOW MED NA",NA
75,6,95.7500896924219,75,1,1.50009235552631,"M",0.26746239871718,0.25,1,"LOW MED NA",NA
75,7,96.6258550184337,75,1,1.50003431303643,"M",0.26746239871718,0.25,1,"LOW MED NA",NA
75,8,59.9093372712724,74,0,0.500412804450631,"M",0.189754577539861,0.25,1,"LOW MED NA",NA
75,9,97.8840812465293,75,1,1.50097658274266,"M",0.26746239871718,0.25,1,"LOW MED NA",NA
75,10,138.866260780102,76,2,2.50112007783241,"FISHED",0.219457073905505,0.25,1,"LOW MED NA",NA
76,1,60.9859487349367,75,0,0.500232505094285,"FISHED",0.26746239871718,0.25,1,"LOW MED NA",NA
76,2,124.909457519094,77,2,2.49929721903042,"M",0.228358969418332,0.25,1,"LOW MED NA",NA
76,3,202.559056808952,83,8,8.5008877419966,"M",0.265269507607445,0.25,1,"LOW MED NA",NA
76,4,94.2507545225024,76,1,1.49768555113332,"M",0.219457073905505,0.25,1,"LOW MED NA",NA
76,5,63.8176744014169,75,0,0.499933453886076,"FISHED",0.26746239871718,0.25,1,"LOW MED NA",NA
76,6,103.65688526892,76,1,1.49995802520432,"M",0.219457073905505,0.25,1,"LOW MED NA",NA
76,7,95.7352622999431,76,1,1.50131860055024,"FISHED",0.219457073905505,0.25,1,"LOW MED NA",NA
76,8,98.6120009824608,76,1,1.50061125600121,"M",0.219457073905505,0.25,1,"LOW MED NA",NA
76,9,144.181135529555,79,4,4.5008361925849,"FISHED",0.292792095593177,0.25,1,"LOW MED NA",NA
76,10,61.8645818870012,75,0,0.498003436935467,"M",0.26746239871718,0.25,1,"LOW MED NA",NA
77,1,62.7387328057754,76,0,0.499279726631678,"M",0.219457073905505,0.25,1,"LOW MED NA",NA
77,2,141.855387135176,79,3,3.49963533217178,"M",0.292792095593177,0.25,1,"LOW MED NA",NA
77,3,63.4635005341601,76,0,0.500757811927248,"M",0.219457073905505,0.25,1,"LOW MED NA",NA
77,4,99.1636785250841,77,1,1.49867278531799,"FISHED",0.228358969418332,0.25,1,"LOW MED NA",NA
77,5,133.253203891696,78,2,2.49806137742743,"FISHED",0.256378012755886,0.25,1,"LOW MED NA",NA
77,6,149.847560143421,79,3,3.49984734942746,"FISHED",0.292792095593177,0.25,1,"LOW MED NA",NA
77,7,163.702140224298,80,4,4.49879142676782,"M",0.288135206443258,0.25,1,"LOW MED NA",NA
77,8,61.9416895419513,76,0,0.500080055793347,"FISHED",0.219457073905505,0.25,1,"LOW MED NA",NA
77,9,97.2085616343906,77,1,1.49982105908709,"M",0.228358969418332,0.25,1,"LOW MED NA",NA
77,10,60.5046189129789,76,0,0.499857695859805,"FISHED",0.219457073905505,0.25,1,"LOW MED NA",NA
78,1,60.0420407006326,77,0,0.49948665954602,"M",0.228358969418332,0.25,1,"LOW MED NA",NA
78,2,94.9781422270533,78,1,1.50062607656029,"M",0.256378012755886,0.25,1,"LOW MED NA",NA
78,3,64.1646748892543,77,0,0.499699476398683,"M",0.228358969418332,0.25,1,"LOW MED NA",NA
78,4,132.049701080072,79,2,2.49865217327185,"FISHED",0.292792095593177,0.25,1,"LOW MED NA",NA
78,5,101.646544111579,78,1,1.5020153037762,"M",0.256378012755886,0.25,1,"LOW MED NA",NA
78,6,59.8494798442396,77,0,0.499301392727603,"FISHED",0.228358969418332,0.25,1,"LOW MED NA",NA
78,7,92.7148365136935,78,1,1.4986090985504,"M",0.256378012755886,0.25,1,"LOW MED NA",NA
78,8,125.545995535967,79,2,2.5000846944964,"FISHED",0.292792095593177,0.25,1,"LOW MED NA",NA
78,9,63.2997323156186,77,0,0.500630814250597,"FISHED",0.228358969418332,0.25,1,"LOW MED NA",NA
78,10,98.7681025027082,78,1,1.49885046915521,"FISHED",0.256378012755886,0.25,1,"LOW MED NA",NA
78,11,99.1618107228151,78,1,1.50039513949266,"FISHED",0.256378012755886,0.25,1,"LOW MED NA",NA
79,1,61.6808047865981,78,0,0.498424552087025,"FISHED",0.256378012755886,0.25,1,"LOW MED NA",NA
79,2,150.327547051844,81,3,3.50139499980305,"M",0.243633423326537,0.25,1,"LOW MED NA",NA
79,3,201.436260512124,88,10,10.4997928475715,"FISHED",0.210091784805991,0.25,1,"LOW MED NA",NA
79,4,61.9127390759969,78,0,0.500204244115527,"M",0.256378012755886,0.25,1,"LOW MED NA",NA
79,5,131.101392640968,80,2,2.49922067225229,"FISHED",0.288135206443258,0.25,1,"LOW MED NA",NA
79,6,155.043065317043,81,3,3.49822240513462,"M",0.243633423326537,0.25,1,"LOW MED NA",NA
79,7,124.871072716963,80,2,2.50199813886001,"FISHED",0.288135206443258,0.25,1,"LOW MED NA",NA
79,8,94.7863904087086,79,1,1.50130343933253,"FISHED",0.292792095593177,0.25,1,"LOW MED NA",NA
79,9,188.761925649919,85,7,7.50053464789519,"FISHED",0.246013545617461,0.25,1,"LOW MED NA",NA
80,1,62.1959162654948,79,0,0.500519777904503,"M",0.292792095593177,0.25,1,"LOW MED NA",NA
80,2,59.5240811849985,79,0,0.501145554492831,"FISHED",0.292792095593177,0.25,1,"LOW MED NA",NA
80,3,98.124041894268,80,1,1.49979269414604,"FISHED",0.288135206443258,0.25,1,"LOW MED NA",NA
80,4,98.5685566859798,80,1,1.49923708976397,"FISHED",0.288135206443258,0.25,1,"LOW MED NA",NA
80,5,99.1704388998857,80,1,1.50113298105347,"FISHED",0.288135206443258,0.25,1,"LOW MED NA",NA
80,6,62.3644267804453,79,0,0.501885966511403,"FISHED",0.292792095593177,0.25,1,"LOW MED NA",NA
80,7,63.6082805501871,79,0,0.499931926743034,"FISHED",0.292792095593177,0.25,1,"LOW MED NA",NA
80,8,63.4496119032502,79,0,0.499945923777597,"FISHED",0.292792095593177,0.25,1,"LOW MED NA",NA
80,9,125.921316860077,81,2,2.49930439790048,"M",0.243633423326537,0.25,1,"LOW MED NA",NA
80,10,63.441649211429,79,0,0.501959644823838,"M",0.292792095593177,0.25,1,"LOW MED NA",NA
81,1,65.1090500739675,80,0,0.500089593480633,"M",0.288135206443258,0.25,1,"LOW MED NA",NA
81,2,62.9378730733099,80,0,0.500879671685202,"M",0.288135206443258,0.25,1,"LOW MED NA",NA
81,3,93.0701961722903,81,1,1.49932020778418,"FISHED",0.243633423326537,0.25,1,"LOW MED NA",NA
81,4,177.763119002778,86,6,6.50004501941019,"FISHED",0.2021336335456,0.25,1,"LOW MED NA",NA
81,5,62.6569595950519,80,0,0.49896459403068,"M",0.288135206443258,0.25,1,"LOW MED NA",NA
81,6,94.2871426571535,81,1,1.50126022143534,"FISHED",0.243633423326537,0.25,1,"LOW MED NA",NA
81,7,180.846540218287,86,6,6.49882155474059,"M",0.2021336335456,0.25,1,"LOW MED NA",NA
81,8,161.11981620082,84,4,4.49993172885054,"FISHED",0.263060811860487,0.25,1,"LOW MED NA",NA
81,9,154.81072548141,83,3,3.50086757379682,"FISHED",0.265269507607445,0.25,1,"LOW MED NA",NA
81,10,65.0176723626041,80,0,0.497911383834567,"M",0.288135206443258,0.25,1,"LOW MED NA",NA
81,11,95.8119485483426,81,1,1.49893767574207,"FISHED",0.243633423326537,0.25,1,"LOW MED NA",NA
82,1,97.8622249791478,82,1,1.49922191448513,"M",0.206900002830662,0.25,1,"LOW MED NA",NA
82,2,61.3792020701139,81,0,0.501313091537873,"M",0.243633423326537,0.25,1,"LOW MED NA",NA
82,3,61.0912636937334,81,0,0.500256082907576,"FISHED",0.243633423326537,0.25,1,"LOW MED NA",NA
82,4,63.5718756789341,81,0,0.501052221347943,"M",0.243633423326537,0.25,1,"LOW MED NA",NA
82,5,118.712546773984,83,2,2.49936541292548,"FISHED",0.265269507607445,0.25,1,"LOW MED NA",NA
82,6,102.465939599845,82,1,1.50158532497337,"M",0.206900002830662,0.25,1,"LOW MED NA",NA
82,7,66.8701537542187,81,0,0.498695393044231,"M",0.243633423326537,0.25,1,"LOW MED NA",NA
82,8,61.6616219069246,81,0,0.500516650329131,"M",0.243633423326537,0.25,1,"LOW MED NA",NA
82,9,129.364441191504,83,2,2.50047933338498,"M",0.265269507607445,0.25,1,"LOW MED NA",NA
82,10,160.609248860496,88,7,7.49915710162572,"M",0.210091784805991,0.25,1,"LOW MED NA",NA
83,1,138.8128354907,85,3,3.50018422543104,"FISHED",0.246013545617461,0.25,1,"LOW MED NA",NA
83,2,61.0850809897917,82,0,0.499616881079232,"M",0.206900002830662,0.25,1,"LOW MED NA",NA
83,3,121.976925498764,84,2,2.50063118416693,"FISHED",0.263060811860487,0.25,1,"LOW MED NA",NA
83,4,182.036587305769,88,6,6.50007996184252,"M",0.210091784805991,0.25,1,"LOW MED NA",NA
83,5,66.0224321977123,82,0,0.499621626711798,"FISHED",0.206900002830662,0.25,1,"LOW MED NA",NA
83,6,62.5480381066976,82,0,0.499604680111393,"M",0.206900002830662,0.25,1,"LOW MED NA",NA
83,7,63.5550660590193,82,0,0.499631556436304,"M",0.206900002830662,0.25,1,"LOW MED NA",NA
83,8,127.325399976895,84,2,2.50051904330108,"FISHED",0.263060811860487,0.25,1,"LOW MED NA",NA
83,9,62.3238446837439,82,0,0.499855585813239,"M",0.206900002830662,0.25,1,"LOW MED NA",NA
83,10,159.726161173452,86,4,4.49926129192437,"FISHED",0.2021336335456,0.25,1,"LOW MED NA",NA
84,1,97.8096000757414,84,1,1.50134506331783,"M",0.263060811860487,0.25,1,"LOW MED NA",NA
84,2,62.5039970715007,83,0,0.498680737965437,"M",0.265269507607445,0.25,1,"LOW MED NA",NA
84,3,186.964509574469,90,7,7.50144977988069,"FISHED",0.266266182600521,0.25,1,"LOW MED NA",NA
84,4,199.725957330654,90,7,7.50223932697073,"FISHED",0.266266182600521,0.25,1,"LOW MED NA",NA
84,5,98.9896147382844,84,1,1.5009373872212,"M",0.263060811860487,0.25,1,"LOW MED NA",NA
84,6,61.7077707588589,83,0,0.499791310172529,"M",0.265269507607445,0.25,1,"LOW MED NA",NA
84,7,62.3022630932358,83,0,0.499474410638792,"M",0.265269507607445,0.25,1,"LOW MED NA",NA
84,8,97.2927193789583,84,1,1.49965599014882,"M",0.263060811860487,0.25,1,"LOW MED NA",NA
85,1,101.754052798627,85,1,1.49876455264428,"M",0.246013545617461,0.25,1,"LOW MED NA",NA
85,2,118.394059343415,86,2,2.50181051633995,"FISHED",0.2021336335456,0.25,1,"LOW MED NA",NA
85,3,94.9682677825814,85,1,1.49984130437465,"FISHED",0.246013545617461,0.25,1,"LOW MED NA",NA
85,4,146.387743374761,87,3,3.5013029453943,"M",0.23842200525105,0.25,1,"LOW MED NA",NA
85,5,61.9422777219058,84,0,0.500050876265101,"FISHED",0.263060811860487,0.25,1,"LOW MED NA",NA
85,6,113.86058519451,86,2,2.50036241889363,"FISHED",0.2021336335456,0.25,1,"LOW MED NA",NA
85,7,167.714571096191,88,4,4.50159868300748,"FISHED",0.210091784805991,0.25,1,"LOW MED NA",NA
85,8,63.8102456642026,84,0,0.50102783587773,"M",0.263060811860487,0.25,1,"LOW MED NA",NA
85,9,94.7959833476429,85,1,1.50159479637213,"M",0.246013545617461,0.25,1,"LOW MED NA",NA
86,1,61.9864786720384,85,0,0.500806585542106,"FISHED",0.246013545617461,0.25,1,"LOW MED NA",NA
86,2,63.5494238296513,85,0,0.497593180923004,"M",0.246013545617461,0.25,1,"LOW MED NA",NA
86,3,61.5268774258376,85,0,0.499836181298335,"FISHED",0.246013545617461,0.25,1,"LOW MED NA",NA
86,4,102.814221113219,86,1,1.50063827244884,"M",0.2021336335456,0.25,1,"LOW MED NA",NA
86,5,188.152285320843,90,5,5.49961121963845,"M",0.266266182600521,0.25,1,"LOW MED NA",NA
86,6,62.2554439237078,85,0,0.500388088120566,"FISHED",0.246013545617461,0.25,1,"LOW MED NA",NA
86,7,62.4719075826389,85,0,0.500080725497465,"FISHED",0.246013545617461,0.25,1,"LOW MED NA",NA
86,8,63.7413283933672,85,0,0.501041649634296,"M",0.246013545617461,0.25,1,"LOW MED NA",NA
86,9,138.050467634724,88,3,3.49894467686542,"M",0.210091784805991,0.25,1,"LOW MED NA",NA
86,10,180.494739008714,89,4,4.49848513272524,"M",0.224058434646577,0.25,1,"LOW MED NA",NA
86,11,147.392816834932,88,3,3.49811124260876,"FISHED",0.210091784805991,0.25,1,"LOW MED NA",NA
87,1,62.1189392462823,86,0,0.49812937887767,"M",0.2021336335456,0.25,1,"LOW MED NA",NA
87,2,137.134810979697,88,2,2.50087523030979,"FISHED",0.210091784805991,0.25,1,"LOW MED NA",NA
87,3,149.388334923759,90,4,4.5011249359271,"FISHED",0.266266182600521,0.25,1,"LOW MED NA",NA
87,4,62.3366274962818,86,0,0.499169958114579,"M",0.2021336335456,0.25,1,"LOW MED NA",NA
87,5,102.032768558972,87,1,1.49955375733972,"FISHED",0.23842200525105,0.25,1,"LOW MED NA",NA
87,6,148.12634268184,89,3,3.50095821959796,"FISHED",0.224058434646577,0.25,1,"LOW MED NA",NA
87,7,142.995426751081,89,3,3.50007967899766,"M",0.224058434646577,0.25,1,"LOW MED NA",NA
87,8,191.553759887104,93,7,7.49953475996581,"M",0.235609589563683,0.25,1,"LOW MED NA",NA
88,1,193.665052677962,93,6,6.49906532678237,"FISHED",0.235609589563683,0.25,1,"LOW MED NA",NA
88,2,59.5751242506834,87,0,0.499847699871791,"M",0.23842200525105,0.25,1,"LOW MED NA",NA
88,3,99.7277919154201,88,1,1.49727277572364,"FISHED",0.210091784805991,0.25,1,"LOW MED NA",NA
88,4,64.895330024202,87,0,0.500349150276572,"M",0.23842200525105,0.25,1,"LOW MED NA",NA
88,5,154.169703393346,90,3,3.50011696579063,"M",0.266266182600521,0.25,1,"LOW MED NA",NA
88,6,131.95787776379,90,3,3.5013232448128,"M",0.266266182600521,0.25,1,"LOW MED NA",NA
88,7,152.764426812576,90,3,3.4994077708572,"FISHED",0.266266182600521,0.25,1,"LOW MED NA",NA
88,8,61.8502910166627,87,0,0.499756861951988,"M",0.23842200525105,0.25,1,"LOW MED NA",NA
88,9,124.470702458671,89,2,2.50143161234182,"M",0.224058434646577,0.25,1,"LOW MED NA",NA
89,1,98.7299103342286,89,1,1.50107737969482,"FISHED",0.224058434646577,0.25,1,"LOW MED NA",NA
89,2,61.4727050166484,88,0,0.500514610876806,"FISHED",0.210091784805991,0.25,1,"LOW MED NA",NA
89,3,61.0980314024467,88,0,0.500023848980351,"M",0.210091784805991,0.25,1,"LOW MED NA",NA
89,4,64.0719288288427,88,0,0.500127950360743,"M",0.210091784805991,0.25,1,"LOW MED NA",NA
89,5,61.9535337583455,88,0,0.49983045847076,"M",0.210091784805991,0.25,1,"LOW MED NA",NA
89,6,103.583902156946,89,1,1.49952778177429,"M",0.224058434646577,0.25,1,"LOW MED NA",NA
89,7,63.8537103986429,88,0,0.501654847660384,"M",0.210091784805991,0.25,1,"LOW MED NA",NA
89,8,66.2439619784056,88,0,0.501303277415885,"M",0.210091784805991,0.25,1,"LOW MED NA",NA
90,1,64.859253121408,89,0,0.499010911428976,"FISHED",0.224058434646577,0.25,1,"LOW MED NA",NA
90,2,141.368304388937,92,3,3.4982413058492,"FISHED",0.253899780381471,0.25,1,"LOW MED NA",NA
90,3,63.669693629919,89,0,0.500000129397135,"FISHED",0.224058434646577,0.25,1,"LOW MED NA",NA
90,4,159.68393096464,93,4,4.49972141150338,"FISHED",0.235609589563683,0.25,1,"LOW MED NA",NA
90,5,63.6309950558428,89,0,0.499736748961244,"M",0.224058434646577,0.25,1,"LOW MED NA",NA
90,6,101.48816544127,90,1,1.50035346879363,"M",0.266266182600521,0.25,1,"LOW MED NA",NA
90,7,94.8976546273739,90,1,1.50005553947429,"FISHED",0.266266182600521,0.25,1,"LOW MED NA",NA
90,8,155.320502016804,92,3,3.50042472001923,"FISHED",0.253899780381471,0.25,1,"LOW MED NA",NA
90,9,204.847980660913,94,5,5.49866767235846,"FISHED",0.261283670878038,0.25,1,"LOW MED NA",NA
90,10,62.5877788960447,89,0,0.500767277708752,"M",0.224058434646577,0.25,1,"LOW MED NA",NA
90,11,95.0860658009959,90,1,1.50101592947462,"FISHED",0.266266182600521,0.25,1,"LOW MED NA",NA
91,1,61.0352926602128,90,0,0.50002651975285,"M",0.266266182600521,0.25,1,"LOW MED NA",NA
91,2,238.906623842571,97,7,7.49956002164816,"M",0.224833041871898,0.25,1,"LOW MED NA",NA
91,3,164.154494447562,94,4,4.50045577505721,"FISHED",0.261283670878038,0.25,1,"LOW MED NA",NA
91,4,193.33625849501,96,6,6.50024414290719,"M",0.210751072620042,0.25,1,"LOW MED NA",NA
91,5,60.4706540169107,90,0,0.498722320326832,"M",0.266266182600521,0.25,1,"LOW MED NA",NA
91,6,94.6694502926598,91,1,1.50163769231298,"M",0.20583624956198,0.25,1,"LOW MED NA",NA
91,7,94.2741127390414,91,1,1.5001610782367,"FISHED",0.20583624956198,0.25,1,"LOW MED NA",NA
91,8,92.9494731146725,91,1,1.50150291825384,"M",0.20583624956198,0.25,1,"LOW MED NA",NA
91,9,122.732148423979,92,2,2.49822425618436,"FISHED",0.253899780381471,0.25,1,"LOW MED NA",NA
92,1,157.633701085578,94,3,3.50106245258464,"M",0.261283670878038,0.25,1,"LOW MED NA",NA
92,2,127.807660335997,93,2,2.49965168191864,"M",0.235609589563683,0.25,1,"LOW MED NA",NA
92,3,61.3509844636225,91,0,0.500512825947336,"FISHED",0.20583624956198,0.25,1,"LOW MED NA",NA
92,4,98.9396574601486,92,1,1.5019384269128,"M",0.253899780381471,0.25,1,"LOW MED NA",NA
92,5,120.656764186342,93,2,2.49930995536415,"FISHED",0.235609589563683,0.25,1,"LOW MED NA",NA
92,6,94.4723751296807,92,1,1.50088147541069,"M",0.253899780381471,0.25,1,"LOW MED NA",NA
92,7,62.7781042330428,91,0,0.500364887615357,"M",0.20583624956198,0.25,1,"LOW MED NA",NA
92,8,63.986755415879,91,0,0.499282957400761,"M",0.20583624956198,0.25,1,"LOW MED NA",NA
92,9,63.4525155503025,91,0,0.498477670591326,"FISHED",0.20583624956198,0.25,1,"LOW MED NA",NA
92,10,147.224187901161,94,3,3.49968936307922,"M",0.261283670878038,0.25,1,"LOW MED NA",NA
93,1,128.734445460638,94,2,2.49986410934479,"FISHED",0.261283670878038,0.25,1,"LOW MED NA",NA
93,2,63.6314311849441,92,0,0.501365451272056,"FISHED",0.253899780381471,0.25,1,"LOW MED NA",NA
93,3,63.0878034045979,92,0,0.501648534074493,"FISHED",0.253899780381471,0.25,1,"LOW MED NA",NA
93,4,61.8019142373983,92,0,0.501141035087057,"M",0.253899780381471,0.25,1,"LOW MED NA",NA
93,5,94.9077366039027,93,1,1.49916134592004,"M",0.235609589563683,0.25,1,"LOW MED NA",NA
93,6,64.8698703502985,92,0,0.497880196537523,"M",0.253899780381471,0.25,1,"LOW MED NA",NA
93,7,120.873933210635,94,2,2.498929423818,"FISHED",0.261283670878038,0.25,1,"LOW MED NA",NA
93,8,64.0029112312783,92,0,0.500202533300108,"M",0.253899780381471,0.25,1,"LOW MED NA",NA
94,1,98.963973810038,94,1,1.49903660359074,"M",0.261283670878038,0.25,1,"LOW MED NA",NA
94,2,62.6311689840086,93,0,0.498581916708549,"FISHED",0.235609589563683,0.25,1,"LOW MED NA",NA
94,3,64.3891510639844,93,0,0.499293200287382,"M",0.235609589563683,0.25,1,"LOW MED NA",NA
94,4,99.6677678441852,94,1,1.50132399992241,"M",0.261283670878038,0.25,1,"LOW MED NA",NA
94,5,93.3115335624987,94,1,1.49922944835436,"M",0.261283670878038,0.25,1,"LOW MED NA",NA
94,6,61.5908657831039,93,0,0.499661994806438,"M",0.235609589563683,0.25,1,"LOW MED NA",NA
94,7,61.4138600279619,93,0,0.50066556272282,"FISHED",0.235609589563683,0.25,1,"LOW MED NA",NA
94,8,63.2842431753295,93,0,0.500112867847552,"FISHED",0.235609589563683,0.25,1,"LOW MED NA",NA
95,1,124.951977858205,96,2,2.49926608185683,"M",0.210751072620042,0.25,1,"LOW MED NA",NA
95,2,159.262917209754,98,4,4.49950064314577,"M",0.290526665234938,0.25,1,"LOW MED NA",NA
95,3,62.4153806756729,94,0,0.500028616671155,"M",0.261283670878038,0.25,1,"LOW MED NA",NA
95,4,62.5562954002981,94,0,0.499322523225036,"M",0.261283670878038,0.25,1,"LOW MED NA",NA
95,5,62.9527083908063,94,0,0.500073509258522,"M",0.261283670878038,0.25,1,"LOW MED NA",NA
95,6,101.214316372677,95,1,1.50114672784976,"M",0.205227549280971,0.25,1,"LOW MED NA",NA
95,7,62.7617457590624,94,0,0.499944827096068,"FISHED",0.261283670878038,0.25,1,"LOW MED NA",NA
95,8,59.9562151253593,94,0,0.499572726031975,"FISHED",0.261283670878038,0.25,1,"LOW MED NA",NA
95,9,156.100949356405,99,5,5.49894276875289,"M",0.2752149828244,0.25,1,"LOW MED NA",NA
95,10,65.0492304016102,94,0,0.500095990266108,"FISHED",0.261283670878038,0.25,1,"LOW MED NA",NA
96,1,60.6357840311124,95,0,0.498181192895068,"M",0.205227549280971,0.25,1,"LOW MED NA",NA
96,2,96.1155213513993,96,1,1.49670886154483,"FISHED",0.210751072620042,0.25,1,"LOW MED NA",NA
96,3,63.9328763124182,95,0,0.499197572001582,"FISHED",0.205227549280971,0.25,1,"LOW MED NA",NA
96,4,100.186775176249,96,1,1.49980638920297,"M",0.210751072620042,0.25,1,"LOW MED NA",NA
96,5,152.806124187619,98,3,3.5014152575234,"M",0.290526665234938,0.25,1,"LOW MED NA",NA
96,6,65.7238040758082,95,0,0.500075499822194,"M",0.205227549280971,0.25,1,"LOW MED NA",NA
96,7,207.127015571439,100,5,5.49886216061333,"M",0.22669619563967,0.25,1,"LOW MED NA",NA
96,8,95.2323945731241,96,1,1.50028669256254,"FISHED",0.210751072620042,0.25,1,"LOW MED NA",NA
96,9,60.9668149779587,95,0,0.500204585850705,"M",0.205227549280971,0.25,1,"LOW MED NA",NA
96,10,169.353073257129,99,4,4.4990775822631,"FISHED",0.2752149828244,0.25,1,"LOW MED NA",NA
97,1,127.029265029434,98,2,2.49994704703454,"M",0.290526665234938,0.25,1,"LOW MED NA",NA
97,2,61.4734428895451,96,0,0.499563895581563,"M",0.210751072620042,0.25,1,"LOW MED NA",NA
97,3,105.591444287592,97,1,1.49967611474524,"FISHED",0.224833041871898,0.25,1,"LOW MED NA",NA
97,4,99.9474794579644,97,1,1.49952045699103,"M",0.224833041871898,0.25,1,"LOW MED NA",NA
97,5,157.954170000044,100,4,4.49869281777387,"M",0.22669619563967,0.25,1,"LOW MED NA",NA
97,6,60.7144118710815,96,0,0.500554382916005,"M",0.210751072620042,0.25,1,"LOW MED NA",NA
97,7,61.7136639689341,96,0,0.50014536619696,"FISHED",0.210751072620042,0.25,1,"LOW MED NA",NA
97,8,95.6308718599232,97,1,1.50101381372146,"FISHED",0.224833041871898,0.25,1,"LOW MED NA",NA
97,9,98.349756608416,97,1,1.4994415035314,"M",0.224833041871898,0.25,1,"LOW MED NA",NA
98,1,61.6957775961446,97,0,0.499868819255886,"M",0.224833041871898,0.25,1,"LOW MED NA",NA
98,2,122.086163340978,99,2,2.49985953897993,"M",0.2752149828244,0.25,1,"LOW MED NA",NA
98,3,63.2254495418986,97,0,0.499740644462851,"M",0.224833041871898,0.25,1,"LOW MED NA",NA
98,4,126.286909840294,99,2,2.50061553938673,"M",0.2752149828244,0.25,1,"LOW MED NA",NA
98,5,128.967824195284,99,2,2.50112373098977,"M",0.2752149828244,0.25,1,"LOW MED NA",NA
98,6,104.14962537222,98,1,1.49980383925576,"FISHED",0.290526665234938,0.25,1,"LOW MED NA",NA
98,7,132.659435240885,99,2,2.50072894381892,"FISHED",0.2752149828244,0.25,1,"LOW MED NA",NA
98,8,61.5087957534812,97,0,0.501581310263984,"M",0.224833041871898,0.25,1,"LOW MED NA",NA
98,9,62.6576934099372,97,0,0.498420590066977,"FISHED",0.224833041871898,0.25,1,"LOW MED NA",NA
99,1,124.342111169254,100,2,2.49918452927531,"M",0.22669619563967,0.25,1,"LOW MED NA",NA
99,2,63.8858064529195,98,0,0.500088107026554,"M",0.290526665234938,0.25,1,"LOW MED NA",NA
99,3,127.800932657069,100,2,2.5014043023242,"M",0.22669619563967,0.25,1,"LOW MED NA",NA
99,4,60.3394385136201,98,0,0.500163987808198,"M",0.290526665234938,0.25,1,"LOW MED NA",NA
99,5,93.5345258958013,99,1,1.50062366492877,"FISHED",0.2752149828244,0.25,1,"LOW MED NA",NA
99,6,62.4813561896075,98,0,0.49997131248386,"FISHED",0.290526665234938,0.25,1,"LOW MED NA",NA
99,7,131.323167694754,100,2,2.49964506340303,"M",0.22669619563967,0.25,1,"LOW MED NA",NA
100,1,107.605194549802,100,1,1.50126568416377,"M",0.22669619563967,0.25,1,"LOW MED NA",NA
100,2,60.5968292471834,99,0,0.498211569407248,"FISHED",0.2752149828244,0.25,1,"LOW MED NA",NA
100,3,64.8090493016999,99,0,0.499655661461607,"FISHED",0.2752149828244,0.25,1,"LOW MED NA",NA
100,4,63.1678617711885,99,0,0.49980454712301,"M",0.2752149828244,0.25,1,"LOW MED NA",NA
100,5,61.5052359494754,99,0,0.501869504237103,"FISHED",0.2752149828244,0.25,1,"LOW MED NA",NA
100,6,63.2994146789324,99,0,0.50150035801917,"FISHED",0.2752149828244,0.25,1,"LOW MED NA",NA
