"cohort","ind","fish_size","Year","Age","AgeE","dtype","FMORT","M","Sel","FSIM","REG"
1,1,62.24633711509,0,0,0.499094011474852,"M",0,0.25,1,"HIGH MED MED",NA
1,2,61.4092938785414,0,0,0.499994317309522,"M",0,0.25,1,"HIGH MED MED",NA
1,3,62.2993829953361,0,0,0.500455314328457,"M",0,0.25,1,"HIGH MED MED",NA
1,4,95.0153200490692,1,1,1.49985552753988,"M",0,0.25,1,"HIGH MED MED",NA
1,5,62.4905302490995,0,0,0.499615516293939,"M",0,0.25,1,"HIGH MED MED",NA
1,6,97.5175218518123,1,1,1.49857842276456,"M",0,0.25,1,"HIGH MED MED",NA
1,7,63.8870154149538,0,0,0.500125348981996,"M",0,0.25,1,"HIGH MED MED",NA
1,8,164.610147287323,4,4,4.50129080285524,"M",0,0.25,1,"HIGH MED MED",NA
1,9,63.9628248526311,0,0,0.500902564438425,"M",0,0.25,1,"HIGH MED MED",NA
1,10,205.629235982799,6,6,6.50112720221201,"M",0,0.25,1,"HIGH MED MED",NA
1,11,150.675313626088,3,3,3.50007542689748,"M",0,0.25,1,"HIGH MED MED",NA
1,12,156.60077752621,5,5,5.50006765809859,"M",0,0.25,1,"HIGH MED MED",NA
1,13,206.349409678971,10,10,10.5001142867814,"M",0,0.25,1,"HIGH MED MED",NA
2,1,95.1967463313614,2,1,1.50140193727043,"M",0,0.25,1,"HIGH MED MED",NA
2,2,160.554314123672,5,4,4.49987495692533,"M",0,0.25,1,"HIGH MED MED",NA
2,3,95.7664122313236,2,1,1.49771261058635,"M",0,0.25,1,"HIGH MED MED",NA
2,4,128.946798535489,3,2,2.49887405577988,"M",0,0.25,1,"HIGH MED MED",NA
2,5,185.162531041239,9,8,8.50019667384147,"M",0,0.25,1,"HIGH MED MED",NA
2,6,93.6018596311191,2,1,1.50062969368419,"M",0,0.25,1,"HIGH MED MED",NA
2,7,191.823302728807,13,12,12.499322619729,"M",0,0.25,1,"HIGH MED MED",NA
2,8,105.925407695816,2,1,1.49811969334254,"M",0,0.25,1,"HIGH MED MED",NA
2,9,149.63768134812,4,3,3.50012145449103,"M",0,0.25,1,"HIGH MED MED",NA
2,10,104.115370387699,2,1,1.50033107552789,"M",0,0.25,1,"HIGH MED MED",NA
2,11,95.4716828274044,2,1,1.49940144770376,"M",0,0.25,1,"HIGH MED MED",NA
2,12,100.235265364568,2,1,1.50062722437055,"M",0,0.25,1,"HIGH MED MED",NA
3,1,167.250542397534,6,4,4.49954546151867,"M",0,0.25,1,"HIGH MED MED",NA
3,2,115.66704258506,4,2,2.49990177707277,"M",0,0.25,1,"HIGH MED MED",NA
3,3,61.9488165467574,2,0,0.499827241348517,"M",0,0.25,1,"HIGH MED MED",NA
3,4,62.4118654298629,2,0,0.499423944991213,"M",0,0.25,1,"HIGH MED MED",NA
3,5,96.4656906047804,3,1,1.49887856028281,"M",0,0.25,1,"HIGH MED MED",NA
3,6,133.65196501088,5,3,3.49948871955219,"M",0,0.25,1,"HIGH MED MED",NA
3,7,153.075932080672,5,3,3.5008039938771,"M",0,0.25,1,"HIGH MED MED",NA
3,8,64.0200398762023,2,0,0.499032128955449,"M",0,0.25,1,"HIGH MED MED",NA
3,9,172.912336371274,10,8,8.49981424131685,"M",0,0.25,1,"HIGH MED MED",NA
3,10,98.1141021844359,3,1,1.49989171001573,"M",0,0.25,1,"HIGH MED MED",NA
3,11,131.500582776051,4,2,2.5009946088713,"M",0,0.25,1,"HIGH MED MED",NA
3,12,62.5923094678279,2,0,0.501662395201502,"M",0,0.25,1,"HIGH MED MED",NA
4,1,168.57961492287,8,5,5.50170479811192,"M",0,0.25,1,"HIGH MED MED",NA
4,2,99.2161839902386,4,1,1.4995278668025,"M",0,0.25,1,"HIGH MED MED",NA
4,3,208.573208371584,13,10,10.4997253998018,"M",0,0.25,1,"HIGH MED MED",NA
4,4,172.641538305963,9,6,6.49916347101486,"M",0,0.25,1,"HIGH MED MED",NA
4,5,64.1506836124412,3,0,0.499821824500096,"M",0,0.25,1,"HIGH MED MED",NA
4,6,61.8775781767483,3,0,0.500391060784051,"M",0,0.25,1,"HIGH MED MED",NA
4,7,186.902749991036,13,10,10.4999075341779,"M",0,0.25,1,"HIGH MED MED",NA
4,8,201.784153105505,9,6,6.50086037926426,"M",0,0.25,1,"HIGH MED MED",NA
4,9,106.533349745613,4,1,1.49990521989771,"M",0,0.25,1,"HIGH MED MED",NA
4,10,180.044511384912,13,10,10.4986999735754,"M",0,0.25,1,"HIGH MED MED",NA
4,11,165.781814724547,7,4,4.50017038328799,"M",0,0.25,1,"HIGH MED MED",NA
4,12,57.9717935381739,3,0,0.499364885001823,"M",0,0.25,1,"HIGH MED MED",NA
5,1,125.284881199392,6,2,2.50019420182374,"M",0,0.25,1,"HIGH MED MED",NA
5,2,63.6081507488739,4,0,0.500422749116039,"M",0,0.25,1,"HIGH MED MED",NA
5,3,98.6742930765101,5,1,1.49941937176396,"M",0,0.25,1,"HIGH MED MED",NA
5,4,61.9500616207944,4,0,0.500208372790023,"M",0,0.25,1,"HIGH MED MED",NA
5,5,93.1851519579234,5,1,1.50217831859799,"M",0,0.25,1,"HIGH MED MED",NA
5,6,62.1753138246647,4,0,0.498999744966463,"M",0,0.25,1,"HIGH MED MED",NA
5,7,182.085906016572,9,5,5.50037054747456,"M",0,0.25,1,"HIGH MED MED",NA
5,8,165.908493004692,8,4,4.50039160014439,"M",0,0.25,1,"HIGH MED MED",NA
5,9,182.11035854217,11,7,7.50087858009354,"M",0,0.25,1,"HIGH MED MED",NA
5,10,182.509688954444,8,4,4.49998785983724,"M",0,0.25,1,"HIGH MED MED",NA
5,11,61.7857256758657,4,0,0.499992044036154,"M",0,0.25,1,"HIGH MED MED",NA
6,1,103.955474919137,6,1,1.50146011238428,"M",0,0.25,1,"HIGH MED MED",NA
6,2,59.5497218285645,5,0,0.501178355992939,"M",0,0.25,1,"HIGH MED MED",NA
6,3,202.074555851033,19,14,14.4998345818086,"M",0,0.25,1,"HIGH MED MED",NA
6,4,229.629428988597,19,14,14.4993833276253,"M",0,0.25,1,"HIGH MED MED",NA
6,5,100.796940924712,6,1,1.49980853240886,"M",0,0.25,1,"HIGH MED MED",NA
6,6,102.827900445662,6,1,1.49970115433743,"M",0,0.25,1,"HIGH MED MED",NA
6,7,172.458124865829,13,8,8.49817157057102,"M",0,0.25,1,"HIGH MED MED",NA
6,8,63.808634505439,5,0,0.500055702697315,"M",0,0.25,1,"HIGH MED MED",NA
6,9,96.5959728463547,6,1,1.50087941851441,"M",0,0.25,1,"HIGH MED MED",NA
6,10,150.311360241022,8,3,3.49948523687666,"M",0,0.25,1,"HIGH MED MED",NA
6,11,97.5789758124918,6,1,1.49992122066668,"M",0,0.25,1,"HIGH MED MED",NA
6,12,189.361050899119,10,5,5.50172708335214,"M",0,0.25,1,"HIGH MED MED",NA
7,1,61.740799264692,6,0,0.501039139537713,"M",0,0.25,1,"HIGH MED MED",NA
7,2,64.0987738301049,6,0,0.499774994788577,"M",0,0.25,1,"HIGH MED MED",NA
7,3,155.122268530638,10,4,4.49756709457751,"M",0,0.25,1,"HIGH MED MED",NA
7,4,112.65250333337,8,2,2.49806853211682,"M",0,0.25,1,"HIGH MED MED",NA
7,5,163.119767090078,11,5,5.50102488217608,"M",0,0.25,1,"HIGH MED MED",NA
7,6,168.093701736363,12,6,6.50071370649191,"M",0,0.25,1,"HIGH MED MED",NA
7,7,59.9165980593695,6,0,0.498812610596434,"M",0,0.25,1,"HIGH MED MED",NA
7,8,133.539644252396,8,2,2.49978953902443,"M",0,0.25,1,"HIGH MED MED",NA
7,9,94.9483242453279,7,1,1.49930980336653,"M",0,0.25,1,"HIGH MED MED",NA
7,10,122.970289997647,8,2,2.50037843322607,"M",0,0.25,1,"HIGH MED MED",NA
7,11,144.464571805243,9,3,3.49985392409813,"M",0,0.25,1,"HIGH MED MED",NA
7,12,186.408734065734,11,5,5.50036965136631,"M",0,0.25,1,"HIGH MED MED",NA
8,1,60.8669075918498,7,0,0.500040410599845,"M",0,0.25,1,"HIGH MED MED",NA
8,2,122.785702769226,9,2,2.49885422262082,"M",0,0.25,1,"HIGH MED MED",NA
8,3,137.293478836257,9,2,2.4995703834094,"M",0,0.25,1,"HIGH MED MED",NA
8,4,152.561893044651,10,3,3.50077588647242,"M",0,0.25,1,"HIGH MED MED",NA
8,5,128.367292477947,9,2,2.5004279043484,"M",0,0.25,1,"HIGH MED MED",NA
8,6,119.19410187003,9,2,2.49901216443056,"M",0,0.25,1,"HIGH MED MED",NA
8,7,136.305572849808,10,3,3.49896532428326,"M",0,0.25,1,"HIGH MED MED",NA
8,8,128.926357539317,9,2,2.49989387434704,"M",0,0.25,1,"HIGH MED MED",NA
8,9,176.359038918894,12,5,5.50116804557451,"M",0,0.25,1,"HIGH MED MED",NA
8,10,63.2522985100168,7,0,0.499095819228345,"M",0,0.25,1,"HIGH MED MED",NA
8,11,154.695740169716,11,4,4.49946815232727,"M",0,0.25,1,"HIGH MED MED",NA
8,12,124.247921890619,9,2,2.49939992061069,"M",0,0.25,1,"HIGH MED MED",NA
9,1,62.9506282016166,8,0,0.498980591147593,"M",0,0.25,1,"HIGH MED MED",NA
9,2,133.071935484631,10,2,2.50122445173784,"M",0,0.25,1,"HIGH MED MED",NA
9,3,120.600540225476,10,2,2.49896661866753,"M",0,0.25,1,"HIGH MED MED",NA
9,4,64.8021487016174,8,0,0.4991080556703,"M",0,0.25,1,"HIGH MED MED",NA
9,5,92.938427886101,9,1,1.50033187497744,"M",0,0.25,1,"HIGH MED MED",NA
9,6,131.008335573131,11,3,3.50021081153518,"M",0,0.25,1,"HIGH MED MED",NA
9,7,93.8777645669,9,1,1.49966470043146,"M",0,0.25,1,"HIGH MED MED",NA
9,8,119.264886304706,10,2,2.50083883124862,"M",0,0.25,1,"HIGH MED MED",NA
9,9,143.965976619397,11,3,3.50024740127816,"M",0,0.25,1,"HIGH MED MED",NA
9,10,142.102189163297,11,3,3.50135035431112,"M",0,0.25,1,"HIGH MED MED",NA
9,11,186.162638440162,17,9,9.50184333495394,"M",0,0.25,1,"HIGH MED MED",NA
9,12,188.856384957758,13,5,5.49935727765328,"M",0,0.25,1,"HIGH MED MED",NA
9,13,122.334646071614,10,2,2.49986830658793,"M",0,0.25,1,"HIGH MED MED",NA
10,1,124.926646949948,11,2,2.49860043145818,"M",0,0.25,1,"HIGH MED MED",NA
10,2,61.3759990673501,9,0,0.500372695549342,"M",0,0.25,1,"HIGH MED MED",NA
10,3,61.9434905316834,9,0,0.499003213004889,"M",0,0.25,1,"HIGH MED MED",NA
10,4,216.022519408668,23,14,14.5014934566687,"M",0,0.25,1,"HIGH MED MED",NA
10,5,162.855165895989,14,5,5.50048576607097,"M",0,0.25,1,"HIGH MED MED",NA
10,6,96.3628393434558,10,1,1.50015427973448,"M",0,0.25,1,"HIGH MED MED",NA
10,7,63.6619154472293,9,0,0.499959045833816,"M",0,0.25,1,"HIGH MED MED",NA
10,8,95.7882867494028,10,1,1.50127284972363,"M",0,0.25,1,"HIGH MED MED",NA
10,9,64.2915462251065,9,0,0.501168758266674,"M",0,0.25,1,"HIGH MED MED",NA
10,10,181.755051548638,16,7,7.50101158708744,"M",0,0.25,1,"HIGH MED MED",NA
10,11,62.9797125294467,9,0,0.498467352633907,"M",0,0.25,1,"HIGH MED MED",NA
10,12,159.528161894086,14,5,5.50032815102556,"M",0,0.25,1,"HIGH MED MED",NA
11,1,203.113786678461,17,7,7.50037720838932,"M",0,0.25,1,"HIGH MED MED",NA
11,2,114.884460978621,12,2,2.50021747209993,"M",0,0.25,1,"HIGH MED MED",NA
11,3,159.846975521753,14,4,4.49996095368871,"M",0,0.25,1,"HIGH MED MED",NA
11,4,62.6257688403742,10,0,0.49997587362689,"M",0,0.25,1,"HIGH MED MED",NA
11,5,223.018062450397,23,13,13.4997272675368,"M",0,0.25,1,"HIGH MED MED",NA
11,6,63.4827992332508,10,0,0.498326132637529,"M",0,0.25,1,"HIGH MED MED",NA
11,7,92.5881656103141,11,1,1.49858087211188,"M",0,0.25,1,"HIGH MED MED",NA
11,8,144.030500773657,13,3,3.50022714449206,"M",0,0.25,1,"HIGH MED MED",NA
11,9,120.82596506615,12,2,2.50247675957657,"M",0,0.25,1,"HIGH MED MED",NA
11,10,128.49882913252,12,2,2.49885444735599,"M",0,0.25,1,"HIGH MED MED",NA
11,11,103.867140083308,11,1,1.49789488218378,"M",0,0.25,1,"HIGH MED MED",NA
11,12,63.6294229744275,10,0,0.501559470842506,"M",0,0.25,1,"HIGH MED MED",NA
12,1,208.040047175471,18,7,7.49962811442954,"M",0,0.25,1,"HIGH MED MED",NA
12,2,63.4939388959504,11,0,0.497376404533541,"M",0,0.25,1,"HIGH MED MED",NA
12,3,63.9625816969598,11,0,0.499990103476222,"M",0,0.25,1,"HIGH MED MED",NA
12,4,60.4639562134991,11,0,0.499778691935076,"M",0,0.25,1,"HIGH MED MED",NA
12,5,99.6793234303546,12,1,1.49894639962586,"M",0,0.25,1,"HIGH MED MED",NA
12,6,65.3333247968444,11,0,0.500154118739162,"M",0,0.25,1,"HIGH MED MED",NA
12,7,65.9641222656877,11,0,0.500185032867837,"M",0,0.25,1,"HIGH MED MED",NA
12,8,62.1542798411368,11,0,0.500598533262623,"M",0,0.25,1,"HIGH MED MED",NA
12,9,178.832575809705,18,7,7.50035280235999,"M",0,0.25,1,"HIGH MED MED",NA
12,10,221.223708987501,20,9,9.49935016887638,"M",0,0.25,1,"HIGH MED MED",NA
12,11,200.103835834953,22,11,11.4988780975211,"M",0,0.25,1,"HIGH MED MED",NA
12,12,62.2503693220265,11,0,0.499794487184062,"M",0,0.25,1,"HIGH MED MED",NA
12,13,200.291699870925,25,14,14.5000006296512,"M",0,0.25,1,"HIGH MED MED",NA
13,1,126.513461127468,14,2,2.50048295281911,"M",0,0.25,1,"HIGH MED MED",NA
13,2,98.3567440096644,13,1,1.50069553262523,"M",0,0.25,1,"HIGH MED MED",NA
13,3,140.603954190185,15,3,3.49975140074307,"M",0,0.25,1,"HIGH MED MED",NA
13,4,126.018449473704,14,2,2.49950533051717,"M",0,0.25,1,"HIGH MED MED",NA
13,5,129.929815429951,14,2,2.49912938430364,"M",0,0.25,1,"HIGH MED MED",NA
13,6,145.951903050963,15,3,3.49883623329096,"M",0,0.25,1,"HIGH MED MED",NA
13,7,100.410111406748,13,1,1.49860883752422,"M",0,0.25,1,"HIGH MED MED",NA
13,8,63.1672074024995,12,0,0.499035739659495,"M",0,0.25,1,"HIGH MED MED",NA
13,9,189.747185929464,20,8,8.49916599066114,"M",0,0.25,1,"HIGH MED MED",NA
13,10,101.880603949549,13,1,1.50009340365424,"M",0,0.25,1,"HIGH MED MED",NA
13,11,98.9243853528452,13,1,1.4993721590718,"M",0,0.25,1,"HIGH MED MED",NA
13,12,60.8536565113235,12,0,0.498632864491797,"M",0,0.25,1,"HIGH MED MED",NA
13,13,180.033609107449,19,7,7.5019041714783,"M",0,0.25,1,"HIGH MED MED",NA
14,1,166.906403578982,17,4,4.49940930155184,"M",0,0.25,1,"HIGH MED MED",NA
14,2,208.145920116408,22,9,9.50002266255006,"M",0,0.25,1,"HIGH MED MED",NA
14,3,132.863923390113,15,2,2.50174994081453,"M",0,0.25,1,"HIGH MED MED",NA
14,4,129.64497766199,15,2,2.49998017143637,"M",0,0.25,1,"HIGH MED MED",NA
14,5,165.13865526331,17,4,4.49880421983531,"M",0,0.25,1,"HIGH MED MED",NA
14,6,121.966993080027,15,2,2.49831641647339,"M",0,0.25,1,"HIGH MED MED",NA
14,7,119.614951559114,15,2,2.50026505689938,"M",0,0.25,1,"HIGH MED MED",NA
14,8,158.317468834955,16,3,3.50032330682507,"M",0,0.25,1,"HIGH MED MED",NA
14,9,175.629495231122,19,6,6.49993788118907,"M",0,0.25,1,"HIGH MED MED",NA
14,10,176.563507023331,17,4,4.50015140842712,"M",0,0.25,1,"HIGH MED MED",NA
14,11,172.820643964769,21,8,8.50103860000942,"M",0,0.25,1,"HIGH MED MED",NA
15,1,117.771950374047,16,2,2.49924914713334,"M",0,0.25,1,"HIGH MED MED",NA
15,2,141.058194000872,17,3,3.50146264814266,"M",0,0.25,1,"HIGH MED MED",NA
15,3,99.2530440337146,15,1,1.49894181603485,"M",0,0.25,1,"HIGH MED MED",NA
15,4,61.859984119173,14,0,0.499867856667677,"M",0,0.25,1,"HIGH MED MED",NA
15,5,60.9652194239248,14,0,0.499515839962769,"M",0,0.25,1,"HIGH MED MED",NA
15,6,171.285875744929,24,10,10.5008127424133,"M",0,0.25,1,"HIGH MED MED",NA
15,7,137.055584510162,16,2,2.49889186685737,"M",0,0.25,1,"HIGH MED MED",NA
15,8,195.094497441751,20,6,6.49928652866621,"M",0,0.25,1,"HIGH MED MED",NA
15,9,61.5567512131069,14,0,0.499870918251107,"M",0,0.25,1,"HIGH MED MED",NA
15,10,99.0491487318681,15,1,1.50187674532963,"M",0,0.25,1,"HIGH MED MED",NA
15,11,118.119970113385,16,2,2.5003331303822,"M",0,0.25,1,"HIGH MED MED",NA
15,12,64.0431814715269,14,0,0.499309283511715,"M",0,0.25,1,"HIGH MED MED",NA
16,1,98.8882307232246,16,1,1.50006976968477,"M",0,0.25,1,"HIGH MED MED",NA
16,2,157.806178621726,19,4,4.50098800788191,"M",0,0.25,1,"HIGH MED MED",NA
16,3,117.418062915359,17,2,2.50087762520173,"M",0,0.25,1,"HIGH MED MED",NA
16,4,206.536355840577,20,5,5.49996734305164,"M",0,0.25,1,"HIGH MED MED",NA
16,5,67.0559416866901,15,0,0.499840749844135,"M",0,0.25,1,"HIGH MED MED",NA
16,6,96.160361827525,16,1,1.49923260400745,"M",0,0.25,1,"HIGH MED MED",NA
16,7,202.919198939447,21,6,6.49976798200453,"M",0,0.25,1,"HIGH MED MED",NA
16,8,105.048133807112,16,1,1.4990768130024,"M",0,0.25,1,"HIGH MED MED",NA
16,9,126.595282760835,17,2,2.50006741367884,"M",0,0.25,1,"HIGH MED MED",NA
16,10,113.580558352258,17,2,2.49927649641993,"M",0,0.25,1,"HIGH MED MED",NA
16,11,61.1569486540689,15,0,0.500255699799928,"M",0,0.25,1,"HIGH MED MED",NA
16,12,186.746819306384,21,6,6.49903580368694,"M",0,0.25,1,"HIGH MED MED",NA
16,13,170.76474658172,20,5,5.49991134443344,"M",0,0.25,1,"HIGH MED MED",NA
17,1,125.005713216646,18,2,2.50156530812203,"M",0,0.25,1,"HIGH MED MED",NA
17,2,64.5792122330167,16,0,0.502327006541002,"M",0,0.25,1,"HIGH MED MED",NA
17,3,191.165219608432,23,7,7.50146208215653,"M",0,0.25,1,"HIGH MED MED",NA
17,4,132.403119713038,18,2,2.49978962550885,"M",0,0.25,1,"HIGH MED MED",NA
17,5,197.033140798048,28,12,12.4999802148645,"M",0,0.25,1,"HIGH MED MED",NA
17,6,97.843760287667,17,1,1.4989117343857,"M",0,0.25,1,"HIGH MED MED",NA
17,7,90.683042934454,17,1,1.50111266268046,"M",0,0.25,1,"HIGH MED MED",NA
17,8,62.8734526042976,16,0,0.500400417518678,"M",0,0.25,1,"HIGH MED MED",NA
17,9,172.27129196266,20,4,4.49914383481723,"M",0,0.25,1,"HIGH MED MED",NA
17,10,99.4344846352879,17,1,1.49833380243486,"M",0,0.25,1,"HIGH MED MED",NA
17,11,100.92315496363,17,1,1.49803518086606,"M",0,0.25,1,"HIGH MED MED",NA
17,12,97.2900526156945,17,1,1.50089398078985,"M",0,0.25,1,"HIGH MED MED",NA
18,1,158.344618679677,21,4,4.50065963321027,"M",0,0.25,1,"HIGH MED MED",NA
18,2,157.288922864544,21,4,4.49809347731123,"M",0,0.25,1,"HIGH MED MED",NA
18,3,223.39137335392,26,9,9.50165960793674,"M",0,0.25,1,"HIGH MED MED",NA
18,4,187.533406402054,23,6,6.5003101740194,"M",0,0.25,1,"HIGH MED MED",NA
18,5,175.025156086071,21,4,4.50018082026962,"M",0,0.25,1,"HIGH MED MED",NA
18,6,60.4675536601872,17,0,0.500467442646169,"M",0,0.25,1,"HIGH MED MED",NA
18,7,156.444286912744,20,3,3.50042727217296,"M",0,0.25,1,"HIGH MED MED",NA
18,8,64.9276580558507,17,0,0.499087064513325,"M",0,0.25,1,"HIGH MED MED",NA
18,9,175.910717875633,23,6,6.49919689748909,"M",0,0.25,1,"HIGH MED MED",NA
18,10,124.592336912111,19,2,2.49971823946706,"M",0,0.25,1,"HIGH MED MED",NA
18,11,159.184463775681,21,4,4.50006019581343,"M",0,0.25,1,"HIGH MED MED",NA
19,1,172.092439865164,27,9,9.50028842587578,"M",0,0.25,1,"HIGH MED MED",NA
19,2,185.786482457541,27,9,9.50027411081529,"M",0,0.25,1,"HIGH MED MED",NA
19,3,224.251018923647,25,7,7.49762998024192,"M",0,0.25,1,"HIGH MED MED",NA
19,4,196.257375958631,26,8,8.49958335391642,"M",0,0.25,1,"HIGH MED MED",NA
19,5,101.380043124996,19,1,1.49957328177273,"M",0,0.25,1,"HIGH MED MED",NA
19,6,104.570533948768,19,1,1.49840039334739,"M",0,0.25,1,"HIGH MED MED",NA
19,7,121.760856289401,20,2,2.49831825665218,"M",0,0.25,1,"HIGH MED MED",NA
19,8,102.666724842568,19,1,1.50077782222327,"M",0,0.25,1,"HIGH MED MED",NA
19,9,208.061827661455,27,9,9.49885408451755,"M",0,0.25,1,"HIGH MED MED",NA
19,10,110.88475391681,20,2,2.49919761815402,"M",0,0.25,1,"HIGH MED MED",NA
19,11,178.572366881375,23,5,5.49954991380162,"M",0,0.25,1,"HIGH MED MED",NA
19,12,199.06446623446,24,6,6.50165893482871,"M",0,0.25,1,"HIGH MED MED",NA
20,1,186.201932492182,24,5,5.50025749875804,"M",0,0.25,1,"HIGH MED MED",NA
20,2,64.206222280514,19,0,0.499774900929267,"M",0,0.25,1,"HIGH MED MED",NA
20,3,120.072652870254,21,2,2.50212413570656,"M",0,0.25,1,"HIGH MED MED",NA
20,4,129.906422369026,21,2,2.49949711528473,"M",0,0.25,1,"HIGH MED MED",NA
20,5,137.081396893711,22,3,3.49887598709014,"M",0,0.25,1,"HIGH MED MED",NA
20,6,118.328276052494,21,2,2.50140032325242,"M",0,0.25,1,"HIGH MED MED",NA
20,7,169.205401965001,23,4,4.4998086791734,"M",0,0.25,1,"HIGH MED MED",NA
20,8,62.1872144928135,19,0,0.501104324756863,"M",0,0.25,1,"HIGH MED MED",NA
20,9,98.4776476345396,20,1,1.4992564507593,"M",0,0.25,1,"HIGH MED MED",NA
20,10,65.632700583068,19,0,0.500502197250157,"M",0,0.25,1,"HIGH MED MED",NA
20,11,221.555258363363,28,9,9.50118538267356,"M",0,0.25,1,"HIGH MED MED",NA
20,12,63.4011393605881,19,0,0.498852561646784,"M",0,0.25,1,"HIGH MED MED",NA
21,1,62.4110161785554,20,0,0.497395772568922,"M",0,0.25,1,"HIGH MED MED",NA
21,2,214.019540617887,27,7,7.49875923296487,"M",0,0.25,1,"HIGH MED MED",NA
21,3,105.921066381382,21,1,1.49986679922197,"M",0,0.25,1,"HIGH MED MED",NA
21,4,62.5150818890201,20,0,0.499553769541405,"M",0,0.25,1,"HIGH MED MED",NA
21,5,134.260878247783,22,2,2.5002909804935,"M",0,0.25,1,"HIGH MED MED",NA
21,6,104.457517657325,21,1,1.49971802214092,"M",0,0.25,1,"HIGH MED MED",NA
21,7,173.61589559525,24,4,4.50015875022814,"M",0,0.25,1,"HIGH MED MED",NA
21,8,96.1308566557441,21,1,1.49941765545817,"M",0,0.25,1,"HIGH MED MED",NA
21,9,183.316588514931,27,7,7.50106724762073,"M",0,0.25,1,"HIGH MED MED",NA
21,10,96.1015785882265,21,1,1.49997460869457,"M",0,0.25,1,"HIGH MED MED",NA
21,11,135.457430930364,23,3,3.49825510877305,"M",0,0.25,1,"HIGH MED MED",NA
21,12,174.910496701256,26,6,6.50014724042922,"M",0,0.25,1,"HIGH MED MED",NA
21,13,62.1944756825934,20,0,0.500615839119718,"M",0,0.25,1,"HIGH MED MED",NA
22,1,90.8515376036605,22,1,1.50180325356243,"M",0,0.25,1,"HIGH MED MED",NA
22,2,97.9307408439505,22,1,1.49928592094176,"M",0,0.25,1,"HIGH MED MED",NA
22,3,101.177840762764,22,1,1.50208392549851,"M",0,0.25,1,"HIGH MED MED",NA
22,4,135.133603218195,23,2,2.49771129375232,"M",0,0.25,1,"HIGH MED MED",NA
22,5,104.101741635134,22,1,1.49980338972739,"M",0,0.25,1,"HIGH MED MED",NA
22,6,101.470637476904,22,1,1.49889526055749,"M",0,0.25,1,"HIGH MED MED",NA
22,7,153.817001677752,24,3,3.5008982054218,"M",0,0.25,1,"HIGH MED MED",NA
22,8,61.8388927147059,21,0,0.500865741451578,"M",0,0.25,1,"HIGH MED MED",NA
22,9,63.6736206576601,21,0,0.49843220274472,"M",0,0.25,1,"HIGH MED MED",NA
22,10,214.628751518698,28,7,7.50094433845706,"M",0,0.25,1,"HIGH MED MED",NA
22,11,99.9535230246245,22,1,1.4993834850816,"M",0,0.25,1,"HIGH MED MED",NA
22,12,228.50181455907,30,9,9.49907328545855,"M",0,0.25,1,"HIGH MED MED",NA
23,1,63.0183719503569,22,0,0.499341796290615,"M",0,0.25,1,"HIGH MED MED",NA
23,2,160.04648990282,26,4,4.50105585624817,"M",0,0.25,1,"HIGH MED MED",NA
23,3,159.610779875001,26,4,4.49844728774473,"M",0,0.25,1,"HIGH MED MED",NA
23,4,96.231186379431,23,1,1.50085630525277,"M",0,0.25,1,"HIGH MED MED",NA
23,5,199.5578237462,31,9,9.4993050633937,"M",0,0.25,1,"HIGH MED MED",NA
23,6,99.4986773919799,23,1,1.49956147219643,"M",0,0.25,1,"HIGH MED MED",NA
23,7,210.110009007765,31,9,9.49988722068509,"M",0,0.25,1,"HIGH MED MED",NA
23,8,181.699531220061,29,7,7.5001255611233,"M",0,0.25,1,"HIGH MED MED",NA
23,9,99.7415094939859,23,1,1.4989874244003,"M",0,0.25,1,"HIGH MED MED",NA
23,10,61.0717277777808,22,0,0.499049868691104,"M",0,0.25,1,"HIGH MED MED",NA
23,11,188.502821799897,30,8,8.50082045136179,"M",0,0.25,1,"HIGH MED MED",NA
24,1,64.1838289408741,23,0,0.500778296088043,"M",0,0.25,1,"HIGH MED MED",NA
24,2,123.433497935401,25,2,2.49965882354768,"M",0,0.25,1,"HIGH MED MED",NA
24,3,149.791712782422,26,3,3.5007179735052,"M",0,0.25,1,"HIGH MED MED",NA
24,4,211.036147278637,34,11,11.4997566863195,"M",0,0.25,1,"HIGH MED MED",NA
24,5,149.307589439753,26,3,3.50039132491526,"M",0,0.25,1,"HIGH MED MED",NA
24,6,61.405495111015,23,0,0.499751107144614,"M",0,0.25,1,"HIGH MED MED",NA
24,7,105.155222132945,24,1,1.50081803021446,"M",0,0.25,1,"HIGH MED MED",NA
24,8,187.249631872641,29,6,6.49942569878098,"M",0,0.25,1,"HIGH MED MED",NA
24,9,65.5060313519248,23,0,0.49980852872122,"M",0,0.25,1,"HIGH MED MED",NA
24,10,102.931957854336,24,1,1.49990964742512,"M",0,0.25,1,"HIGH MED MED",NA
24,11,63.1743215098912,23,0,0.499503557979195,"M",0,0.25,1,"HIGH MED MED",NA
24,12,172.400044196079,27,4,4.50025967446368,"M",0,0.25,1,"HIGH MED MED",NA
24,13,98.4470639557589,24,1,1.49851191551911,"M",0,0.25,1,"HIGH MED MED",NA
24,14,206.421085788768,34,11,11.500757561004,"M",0,0.25,1,"HIGH MED MED",NA
25,1,97.1395957149035,25,1,1.49908806412951,"M",0,0.25,1,"HIGH MED MED",NA
25,2,188.242475711908,29,5,5.50111224579386,"M",0,0.25,1,"HIGH MED MED",NA
25,3,216.879967152238,37,13,13.500789641348,"M",0,0.25,1,"HIGH MED MED",NA
25,4,175.575284127464,29,5,5.49821618054978,"M",0,0.25,1,"HIGH MED MED",NA
25,5,148.60804598729,27,3,3.49894648302625,"M",0,0.25,1,"HIGH MED MED",NA
25,6,66.9123981794402,24,0,0.499799493719992,"M",0,0.25,1,"HIGH MED MED",NA
25,7,165.080678873453,27,3,3.50154337713145,"M",0,0.25,1,"HIGH MED MED",NA
25,8,176.651186470499,30,6,6.49959281251535,"M",0,0.25,1,"HIGH MED MED",NA
25,9,105.926546430442,25,1,1.50155269954276,"M",0,0.25,1,"HIGH MED MED",NA
25,10,165.076644462992,28,4,4.49950322856346,"M",0,0.25,1,"HIGH MED MED",NA
25,11,164.369773034688,31,7,7.49868658792666,"M",0,0.25,1,"HIGH MED MED",NA
25,12,60.940990063325,24,0,0.501099129641782,"M",0,0.25,1,"HIGH MED MED",NA
25,13,211.041219114781,30,6,6.4993524879997,"M",0,0.25,1,"HIGH MED MED",NA
25,14,95.8087484819128,25,1,1.49874781436636,"M",0,0.25,1,"HIGH MED MED",NA
25,15,62.3579305207007,24,0,0.500596930247026,"M",0,0.25,1,"HIGH MED MED",NA
26,1,125.713449748813,27,2,2.5008865633244,"M",0,0.25,1,"HIGH MED MED",NA
26,2,245.891577824318,36,11,11.4987869265509,"M",0,0.25,1,"HIGH MED MED",NA
26,3,151.64665300433,28,3,3.50066920515273,"M",0,0.25,1,"HIGH MED MED",NA
26,4,62.6680644941927,25,0,0.499720542827468,"M",0,0.25,1,"HIGH MED MED",NA
26,5,195.140328440725,30,5,5.50070998154955,"M",0,0.25,1,"HIGH MED MED",NA
26,6,180.955228201878,32,7,7.50056213857064,"M",0,0.25,1,"HIGH MED MED",NA
26,7,117.758118927317,27,2,2.50036030909131,"M",0,0.25,1,"HIGH MED MED",NA
26,8,129.175284429885,27,2,2.50008028592693,"M",0,0.25,1,"HIGH MED MED",NA
26,9,95.7715245154589,26,1,1.50098264966382,"M",0,0.25,1,"HIGH MED MED",NA
26,10,207.389441344236,39,14,14.4982266729011,"M",0,0.25,1,"HIGH MED MED",NA
26,11,163.969408062854,29,4,4.50234034485414,"M",0,0.25,1,"HIGH MED MED",NA
26,12,175.299891892865,30,5,5.50005527484093,"M",0,0.25,1,"HIGH MED MED",NA
26,13,99.7309013100191,26,1,1.49862274034708,"M",0,0.25,1,"HIGH MED MED",NA
26,14,101.328095371522,26,1,1.49955918223547,"M",0,0.25,1,"HIGH MED MED",NA
27,1,150.376628882937,29,3,3.49791300787415,"M",0,0.25,1,"HIGH MED MED",NA
27,2,171.906580485493,32,6,6.50037095859371,"M",0,0.25,1,"HIGH MED MED",NA
27,3,160.898725822653,32,6,6.49843091458187,"M",0,0.25,1,"HIGH MED MED",NA
27,4,156.679361046816,30,4,4.49937376034788,"M",0,0.25,1,"HIGH MED MED",NA
27,5,63.2661260102876,26,0,0.499691742371809,"M",0,0.25,1,"HIGH MED MED",NA
27,6,214.918745928471,32,6,6.50126143936116,"M",0,0.25,1,"HIGH MED MED",NA
27,7,195.520381823352,37,11,11.4984765568781,"M",0,0.25,1,"HIGH MED MED",NA
27,8,89.9505827068543,27,1,1.49880082216998,"M",0,0.25,1,"HIGH MED MED",NA
27,9,63.4857655835396,26,0,0.499379209993314,"M",0,0.25,1,"HIGH MED MED",NA
27,10,155.315761112411,29,3,3.498096131361,"M",0,0.25,1,"HIGH MED MED",NA
27,11,96.2126566919454,27,1,1.50041873621172,"M",0,0.25,1,"HIGH MED MED",NA
27,12,160.534174984724,31,5,5.4999387379828,"M",0,0.25,1,"HIGH MED MED",NA
27,13,97.5599104708979,27,1,1.50006430977016,"M",0,0.25,1,"HIGH MED MED",NA
28,1,96.5586311903851,28,1,1.49947952612119,"M",0,0.25,1,"HIGH MED MED",NA
28,2,121.77151442223,29,2,2.49973612376522,"M",0,0.25,1,"HIGH MED MED",NA
28,3,193.508673674304,38,11,11.4998403817486,"M",0,0.25,1,"HIGH MED MED",NA
28,4,121.350296897353,29,2,2.49859375840638,"M",0,0.25,1,"HIGH MED MED",NA
28,5,155.882930221439,31,4,4.50025045041018,"M",0,0.25,1,"HIGH MED MED",NA
28,6,62.7996492884432,27,0,0.500055719312394,"M",0,0.25,1,"HIGH MED MED",NA
28,7,204.635765370815,34,7,7.50003031785625,"M",0,0.25,1,"HIGH MED MED",NA
28,8,202.447186005973,35,8,8.50065327829529,"M",0,0.25,1,"HIGH MED MED",NA
28,9,189.422446558068,32,5,5.50007512246049,"M",0,0.25,1,"HIGH MED MED",NA
28,10,64.3896906325275,27,0,0.500809781138621,"M",0,0.25,1,"HIGH MED MED",NA
28,11,233.178549616609,36,9,9.50036262182913,"M",0,0.25,1,"HIGH MED MED",NA
29,1,100.221672288267,29,1,1.49919002584855,"M",0,0.25,1,"HIGH MED MED",NA
29,2,144.209897098034,31,3,3.49822798983547,"M",0,0.25,1,"HIGH MED MED",NA
29,3,60.5215194574444,28,0,0.498845674741556,"M",0,0.25,1,"HIGH MED MED",NA
29,4,62.9983368465741,28,0,0.49922599439796,"M",0,0.25,1,"HIGH MED MED",NA
29,5,206.526304695958,36,8,8.50072319748128,"M",0,0.25,1,"HIGH MED MED",NA
29,6,148.798628700213,33,5,5.4987366029752,"M",0,0.25,1,"HIGH MED MED",NA
29,7,61.1150382472952,28,0,0.498259228909939,"M",0,0.25,1,"HIGH MED MED",NA
29,8,121.738408763882,30,2,2.49801065462126,"M",0,0.25,1,"HIGH MED MED",NA
29,9,161.559573235297,32,4,4.49985651752262,"M",0,0.25,1,"HIGH MED MED",NA
29,10,157.561967692121,31,3,3.49947392013898,"M",0,0.25,1,"HIGH MED MED",NA
30,1,169.264844614318,33,4,4.50019772939867,"M",0,0.25,1,"HIGH MED MED",NA
30,2,207.548462754554,37,8,8.49950861534312,"M",0,0.25,1,"HIGH MED MED",NA
30,3,162.993139941227,33,4,4.49986755157994,"M",0,0.25,1,"HIGH MED MED",NA
30,4,93.3430774910315,30,1,1.50106735944399,"M",0,0.25,1,"HIGH MED MED",NA
30,5,119.842989830387,31,2,2.49963063165322,"M",0,0.25,1,"HIGH MED MED",NA
30,6,168.013789238963,34,5,5.49994757070931,"M",0,0.25,1,"HIGH MED MED",NA
30,7,179.029501994201,35,6,6.50171595002307,"M",0,0.25,1,"HIGH MED MED",NA
30,8,170.42395990182,35,6,6.49868098078699,"M",0,0.25,1,"HIGH MED MED",NA
30,9,126.481040222528,31,2,2.50072523133798,"M",0,0.25,1,"HIGH MED MED",NA
30,10,62.6127655465883,29,0,0.499316437726052,"M",0,0.25,1,"HIGH MED MED",NA
30,11,93.3954342210921,30,1,1.50041984167596,"M",0,0.25,1,"HIGH MED MED",NA
31,1,98.5504586659121,31,1,1.50012125241445,"M",0,0.25,1,"HIGH MED MED",NA
31,2,124.76390811244,32,2,2.49964641401476,"M",0,0.25,1,"HIGH MED MED",NA
31,3,62.1590603865696,30,0,0.500341048106027,"M",0,0.25,1,"HIGH MED MED",NA
31,4,142.463895176548,33,3,3.49863610864399,"M",0,0.25,1,"HIGH MED MED",NA
31,5,207.126643317224,41,11,11.4985753024246,"M",0,0.25,1,"HIGH MED MED",NA
31,6,97.8920677208762,31,1,1.50058106541946,"M",0,0.25,1,"HIGH MED MED",NA
31,7,100.152013360789,31,1,1.50188130899309,"M",0,0.25,1,"HIGH MED MED",NA
31,8,96.1301595918863,31,1,1.49904855383202,"M",0,0.25,1,"HIGH MED MED",NA
31,9,62.9177585175342,30,0,0.501505842774169,"M",0,0.25,1,"HIGH MED MED",NA
31,10,63.4380154943185,30,0,0.498760166770727,"M",0,0.25,1,"HIGH MED MED",NA
31,11,94.5644637190728,31,1,1.49920281555118,"M",0,0.25,1,"HIGH MED MED",NA
31,12,139.602750200126,33,3,3.49978440858887,"M",0,0.25,1,"HIGH MED MED",NA
31,13,226.971829269844,40,10,10.4995305553899,"M",0,0.25,1,"HIGH MED MED",NA
32,1,177.735448686684,36,5,5.49963138553393,"M",0,0.25,1,"HIGH MED MED",NA
32,2,158.531994050989,35,4,4.49980800107924,"M",0,0.25,1,"HIGH MED MED",NA
32,3,168.963579914373,36,5,5.50169315707827,"M",0,0.25,1,"HIGH MED MED",NA
32,4,62.2149592836053,31,0,0.500317599010494,"M",0,0.25,1,"HIGH MED MED",NA
32,5,105.654874240249,32,1,1.50081217545042,"M",0,0.25,1,"HIGH MED MED",NA
32,6,204.198607638962,38,7,7.497770220963,"M",0,0.25,1,"HIGH MED MED",NA
32,7,60.8375012890495,31,0,0.500469430772706,"M",0,0.25,1,"HIGH MED MED",NA
32,8,62.754761955886,31,0,0.499321558985993,"M",0,0.25,1,"HIGH MED MED",NA
32,9,152.631853805007,34,3,3.49973060931146,"M",0,0.25,1,"HIGH MED MED",NA
32,10,122.697110824367,33,2,2.50120815775728,"M",0,0.25,1,"HIGH MED MED",NA
32,11,176.238835567409,37,6,6.49980136430049,"M",0,0.25,1,"HIGH MED MED",NA
32,12,138.283526275048,33,2,2.49788804360331,"M",0,0.25,1,"HIGH MED MED",NA
32,13,140.871833644317,34,3,3.50086713327001,"M",0,0.25,1,"HIGH MED MED",NA
33,1,147.426321195942,35,3,3.49794017509974,"M",0,0.25,1,"HIGH MED MED",NA
33,2,209.561523248046,41,9,9.50069811187266,"M",0,0.25,1,"HIGH MED MED",NA
33,3,63.2520887841598,32,0,0.501063538897114,"M",0,0.25,1,"HIGH MED MED",NA
33,4,99.861495506307,33,1,1.49980345000892,"M",0,0.25,1,"HIGH MED MED",NA
33,5,165.372365768626,38,6,6.49939027164536,"M",0,0.25,1,"HIGH MED MED",NA
33,6,99.1795909734916,33,1,1.50049858360233,"M",0,0.25,1,"HIGH MED MED",NA
33,7,191.187789291064,39,7,7.49884934347048,"M",0,0.25,1,"HIGH MED MED",NA
33,8,133.209830984489,35,3,3.49990295839298,"M",0,0.25,1,"HIGH MED MED",NA
33,9,95.1516788773109,33,1,1.49993215763725,"M",0,0.25,1,"HIGH MED MED",NA
33,10,150.65960162055,36,4,4.49958875451012,"M",0,0.25,1,"HIGH MED MED",NA
33,11,62.153254403977,32,0,0.501132483320161,"M",0,0.25,1,"HIGH MED MED",NA
33,12,97.0091252993299,33,1,1.50147286215531,"M",0,0.25,1,"HIGH MED MED",NA
34,1,151.61700921715,37,4,4.49954538673927,"M",0,0.25,1,"HIGH MED MED",NA
34,2,145.306788772166,36,3,3.50136314777731,"M",0,0.25,1,"HIGH MED MED",NA
34,3,216.948690009719,47,14,14.4988630393532,"M",0,0.25,1,"HIGH MED MED",NA
34,4,63.7395716109592,33,0,0.499565499373398,"M",0,0.25,1,"HIGH MED MED",NA
34,5,204.744408591373,45,12,12.5012875810172,"M",0,0.25,1,"HIGH MED MED",NA
34,6,205.399039334872,43,10,10.498892496843,"M",0,0.25,1,"HIGH MED MED",NA
34,7,151.693062205549,37,4,4.49876456651072,"M",0,0.25,1,"HIGH MED MED",NA
34,8,62.5577684073776,33,0,0.498712783824101,"M",0,0.25,1,"HIGH MED MED",NA
34,9,143.29076968284,36,3,3.50072851927365,"M",0,0.25,1,"HIGH MED MED",NA
34,10,175.827495445641,37,4,4.5002066138581,"M",0,0.25,1,"HIGH MED MED",NA
34,11,62.0573904673797,33,0,0.498866696490815,"M",0,0.25,1,"HIGH MED MED",NA
35,1,118.866020555706,36,2,2.49972102368462,"M",0,0.25,1,"HIGH MED MED",NA
35,2,61.5202488406537,34,0,0.499251247437342,"M",0,0.25,1,"HIGH MED MED",NA
35,3,171.75860777612,39,5,5.50077588741231,"M",0,0.25,1,"HIGH MED MED",NA
35,4,108.342529255736,35,1,1.50082677610821,"M",0,0.25,1,"HIGH MED MED",NA
35,5,120.715141563907,36,2,2.50018026192693,"M",0,0.25,1,"HIGH MED MED",NA
35,6,98.4278384126661,35,1,1.50038281475797,"M",0,0.25,1,"HIGH MED MED",NA
35,7,167.209039547627,38,4,4.49934162730203,"M",0,0.25,1,"HIGH MED MED",NA
35,8,99.9744722441921,35,1,1.50133375618952,"M",0,0.25,1,"HIGH MED MED",NA
35,9,158.194470089947,37,3,3.50144984783064,"M",0,0.25,1,"HIGH MED MED",NA
35,10,183.948307856416,45,11,11.5002040835731,"M",0,0.25,1,"HIGH MED MED",NA
35,11,62.0844440186325,34,0,0.499308007075083,"M",0,0.25,1,"HIGH MED MED",NA
36,1,95.2279072756113,36,1,1.49945604693712,"M",0,0.25,1,"HIGH MED MED",NA
36,2,125.055843367017,37,2,2.50196811826029,"M",0,0.25,1,"HIGH MED MED",NA
36,3,60.1605476800175,35,0,0.498982111705388,"M",0,0.25,1,"HIGH MED MED",NA
36,4,179.916541511641,39,4,4.49928870575112,"M",0,0.25,1,"HIGH MED MED",NA
36,5,215.54166970858,47,12,12.4991783241231,"M",0,0.25,1,"HIGH MED MED",NA
36,6,234.819644046978,46,11,11.5015667422805,"M",0,0.25,1,"HIGH MED MED",NA
36,7,63.1167320639333,35,0,0.50079625880961,"M",0,0.25,1,"HIGH MED MED",NA
36,8,61.3329204551568,35,0,0.5000358531312,"M",0,0.25,1,"HIGH MED MED",NA
36,9,184.63203660353,44,9,9.49888135585774,"M",0,0.25,1,"HIGH MED MED",NA
36,10,104.112654573649,36,1,1.49901813776739,"M",0,0.25,1,"HIGH MED MED",NA
36,11,145.221550692655,38,3,3.50080646871907,"M",0,0.25,1,"HIGH MED MED",NA
36,12,137.461851156621,37,2,2.50145634752543,"M",0,0.25,1,"HIGH MED MED",NA
37,1,211.190349284094,45,9,9.500499568779,"M",0,0.25,1,"HIGH MED MED",NA
37,2,180.365997062678,48,12,12.5000437218225,"M",0,0.25,1,"HIGH MED MED",NA
37,3,138.807880803292,39,3,3.49940271553708,"M",0,0.25,1,"HIGH MED MED",NA
37,4,166.052703719277,45,9,9.50035516837663,"M",0,0.25,1,"HIGH MED MED",NA
37,5,103.169803778278,37,1,1.49937952978163,"M",0,0.25,1,"HIGH MED MED",NA
37,6,62.1155412329084,36,0,0.500127815911315,"M",0,0.25,1,"HIGH MED MED",NA
37,7,165.928851755451,40,4,4.49960015001044,"M",0,0.25,1,"HIGH MED MED",NA
37,8,129.215980579555,38,2,2.49974840137516,"M",0,0.25,1,"HIGH MED MED",NA
38,1,201.990892118193,43,6,6.50070236517702,"M",0,0.25,1,"HIGH MED MED",NA
38,2,229.079122656552,45,8,8.49862135941171,"M",0,0.25,1,"HIGH MED MED",NA
38,3,99.9669208107559,38,1,1.5007985992889,"M",0,0.25,1,"HIGH MED MED",NA
38,4,61.1722950865718,37,0,0.499704625860038,"M",0,0.25,1,"HIGH MED MED",NA
38,5,101.619327823473,38,1,1.49908949246447,"M",0,0.25,1,"HIGH MED MED",NA
38,6,96.5324217372035,38,1,1.49968814189207,"M",0,0.25,1,"HIGH MED MED",NA
38,7,151.167303963192,40,3,3.50020615995995,"M",0,0.25,1,"HIGH MED MED",NA
38,8,157.384503751304,41,4,4.50006793175255,"M",0,0.25,1,"HIGH MED MED",NA
38,9,63.8278485908236,37,0,0.50091668164149,"M",0,0.25,1,"HIGH MED MED",NA
38,10,121.663614015783,39,2,2.49857463868958,"M",0,0.25,1,"HIGH MED MED",NA
38,11,164.02395276997,41,4,4.49875605269222,"M",0,0.25,1,"HIGH MED MED",NA
39,1,129.328087511841,41,3,3.50044667541308,"M",0,0.25,1,"HIGH MED MED",NA
39,2,96.3029143118413,39,1,1.50011599013879,"M",0,0.25,1,"HIGH MED MED",NA
39,3,191.915297856963,45,7,7.49904606236377,"M",0,0.25,1,"HIGH MED MED",NA
39,4,98.6740297636163,39,1,1.50078342374429,"M",0,0.25,1,"HIGH MED MED",NA
39,5,104.192081069125,39,1,1.50017483758242,"M",0,0.25,1,"HIGH MED MED",NA
39,6,93.9434421954203,39,1,1.50092812781647,"M",0,0.25,1,"HIGH MED MED",NA
39,7,100.21436585356,39,1,1.5020919301793,"M",0,0.25,1,"HIGH MED MED",NA
39,8,187.059902780356,44,6,6.50106373072618,"M",0,0.25,1,"HIGH MED MED",NA
39,9,98.1512890799079,39,1,1.50100429427847,"M",0,0.25,1,"HIGH MED MED",NA
39,10,62.9052799225481,38,0,0.498996610301296,"M",0,0.25,1,"HIGH MED MED",NA
39,11,97.5242151409815,39,1,1.49925873839999,"M",0,0.25,1,"HIGH MED MED",NA
39,12,113.998142485551,40,2,2.50116778155124,"M",0,0.25,1,"HIGH MED MED",NA
40,1,141.453209061609,42,3,3.50174646227687,"M",0,0.25,1,"HIGH MED MED",NA
40,2,167.539543138144,44,5,5.50044055487146,"M",0,0.25,1,"HIGH MED MED",NA
40,3,67.7337984188705,39,0,0.500333451046763,"M",0,0.25,1,"HIGH MED MED",NA
40,4,62.7081510209239,39,0,0.500299009189587,"M",0,0.25,1,"HIGH MED MED",NA
40,5,60.7466126968152,39,0,0.499763380002255,"M",0,0.25,1,"HIGH MED MED",NA
40,6,166.915562996973,44,5,5.50101240944544,"M",0,0.25,1,"HIGH MED MED",NA
40,7,99.0802219810597,40,1,1.49947978284467,"M",0,0.25,1,"HIGH MED MED",NA
40,8,94.5881666247434,40,1,1.49821177412506,"M",0,0.25,1,"HIGH MED MED",NA
40,9,198.453181727149,49,10,10.5006085424692,"M",0,0.25,1,"HIGH MED MED",NA
40,10,163.178382679781,42,3,3.49939510921465,"M",0,0.25,1,"HIGH MED MED",NA
40,11,60.2030032211049,39,0,0.501348678846124,"M",0,0.25,1,"HIGH MED MED",NA
40,12,62.8525581567464,39,0,0.499431896914554,"M",0,0.25,1,"HIGH MED MED",NA
40,13,170.459419072267,43,4,4.50032865234971,"M",0,0.25,1,"HIGH MED MED",NA
41,1,63.0259011515175,40,0,0.499232126437087,"M",0,0.25,1,"HIGH MED MED",NA
41,2,198.73075363757,45,5,5.50047098498513,"M",0,0.25,1,"HIGH MED MED",NA
41,3,64.6003246931317,40,0,0.500770446071853,"M",0,0.25,1,"HIGH MED MED",NA
41,4,197.933520425067,48,8,8.50215056451977,"M",0,0.25,1,"HIGH MED MED",NA
41,5,96.1151846095159,41,1,1.49971926465729,"M",0,0.25,1,"HIGH MED MED",NA
41,6,196.53872447095,48,8,8.49924402418328,"M",0,0.25,1,"HIGH MED MED",NA
41,7,96.5303482508231,41,1,1.50024067641634,"M",0,0.25,1,"HIGH MED MED",NA
41,8,115.731366067948,42,2,2.50049872427287,"M",0,0.25,1,"HIGH MED MED",NA
41,9,167.686367276609,44,4,4.49810952203497,"M",0,0.25,1,"HIGH MED MED",NA
41,10,99.8631502116382,41,1,1.50121383720292,"M",0,0.25,1,"HIGH MED MED",NA
41,11,103.455225396787,41,1,1.50005975526253,"M",0,0.25,1,"HIGH MED MED",NA
42,1,128.959368032435,43,2,2.49905103010295,"M",0,0.25,1,"HIGH MED MED",NA
42,2,61.9186351215594,41,0,0.499177288505232,"M",0,0.25,1,"HIGH MED MED",NA
42,3,63.6291902358351,41,0,0.499192964606515,"M",0,0.25,1,"HIGH MED MED",NA
42,4,205.075705567066,51,10,10.4997309873586,"FISHED",0.386836924683303,0.25,1,"HIGH MED MED",NA
42,5,143.276969752775,44,3,3.50185359966426,"M",0,0.25,1,"HIGH MED MED",NA
42,6,159.857968326146,47,6,6.50232753873153,"M",0,0.25,1,"HIGH MED MED",NA
42,7,187.479047528521,47,6,6.50084355514048,"M",0,0.25,1,"HIGH MED MED",NA
42,8,60.4989137279767,41,0,0.5003611948151,"M",0,0.25,1,"HIGH MED MED",NA
42,9,125.029716110437,43,2,2.49889760411286,"M",0,0.25,1,"HIGH MED MED",NA
42,10,125.206986109981,43,2,2.49888796026281,"M",0,0.25,1,"HIGH MED MED",NA
42,11,100.617160152414,42,1,1.49944378826576,"M",0,0.25,1,"HIGH MED MED",NA
42,12,197.017945823605,51,10,10.5004156310144,"M",0.386836924683303,0.25,1,"HIGH MED MED",NA
43,1,116.129855800646,44,2,2.50095234954005,"M",0,0.25,1,"HIGH MED MED",NA
43,2,139.487075463009,45,3,3.50087626574008,"M",0,0.25,1,"HIGH MED MED",NA
43,3,128.040837220454,44,2,2.50051306638231,"M",0,0.25,1,"HIGH MED MED",NA
43,4,61.8878817276925,42,0,0.49950667615152,"M",0,0.25,1,"HIGH MED MED",NA
43,5,61.5024867177796,42,0,0.500153293952853,"M",0,0.25,1,"HIGH MED MED",NA
43,6,202.295879990784,54,12,12.50086544516,"FISHED",0.32476176507771,0.25,1,"HIGH MED MED",NA
43,7,61.354107692798,42,0,0.499526114755017,"M",0,0.25,1,"HIGH MED MED",NA
43,8,157.653994296911,46,4,4.49978125918162,"M",0,0.25,1,"HIGH MED MED",NA
43,9,130.742639606663,44,2,2.50046165015745,"M",0,0.25,1,"HIGH MED MED",NA
43,10,103.272748562521,43,1,1.50047991841853,"M",0,0.25,1,"HIGH MED MED",NA
43,11,202.742953557646,48,6,6.50078946428382,"M",0,0.25,1,"HIGH MED MED",NA
44,1,246.465070163485,50,7,7.50013639080657,"FISHED",0.386677199532278,0.25,1,"HIGH MED MED",NA
44,2,131.060745737447,45,2,2.49976190838849,"M",0,0.25,1,"HIGH MED MED",NA
44,3,179.920158519528,48,5,5.49894760674716,"M",0,0.25,1,"HIGH MED MED",NA
44,4,62.9181752586078,43,0,0.498513218961366,"M",0,0.25,1,"HIGH MED MED",NA
44,5,173.132822093813,50,7,7.5005975339352,"M",0.386677199532278,0.25,1,"HIGH MED MED",NA
44,6,190.85950795704,48,5,5.50038435255441,"M",0,0.25,1,"HIGH MED MED",NA
44,7,168.511390966627,49,6,6.50109597972754,"M",0,0.25,1,"HIGH MED MED",NA
44,8,218.488275814718,52,9,9.49826587987268,"M",0.328544955374673,0.25,1,"HIGH MED MED",NA
44,9,126.720991086451,45,2,2.50018066713368,"M",0,0.25,1,"HIGH MED MED",NA
44,10,178.24095878478,48,5,5.49837592251019,"M",0,0.25,1,"HIGH MED MED",NA
45,1,63.2400860873167,44,0,0.499946221840371,"M",0,0.25,1,"HIGH MED MED",NA
45,2,161.52777286211,50,6,6.50063328845015,"FISHED",0.386677199532278,0.25,1,"HIGH MED MED",NA
45,3,187.307799374225,52,8,8.49970639581826,"FISHED",0.328544955374673,0.25,1,"HIGH MED MED",NA
45,4,111.201809526123,46,2,2.49890180971702,"M",0,0.25,1,"HIGH MED MED",NA
45,5,132.269996833577,46,2,2.49906309766596,"M",0,0.25,1,"HIGH MED MED",NA
45,6,183.33234173975,50,6,6.50128259106056,"FISHED",0.386677199532278,0.25,1,"HIGH MED MED",NA
45,7,122.573601065506,46,2,2.49947271394181,"M",0,0.25,1,"HIGH MED MED",NA
45,8,63.2019236018011,44,0,0.500518601966141,"M",0,0.25,1,"HIGH MED MED",NA
45,9,167.182710571114,49,5,5.49880240085831,"M",0,0.25,1,"HIGH MED MED",NA
45,10,61.56050413527,44,0,0.499892776567114,"M",0,0.25,1,"HIGH MED MED",NA
45,11,88.4445477787918,45,1,1.50022261542701,"M",0,0.25,1,"HIGH MED MED",NA
45,12,97.9221505211116,45,1,1.49899055109058,"M",0,0.25,1,"HIGH MED MED",NA
46,1,171.866407270569,49,4,4.50043865363992,"M",0,0.25,1,"HIGH MED MED",NA
46,2,128.287978878496,47,2,2.49872700899384,"M",0,0.25,1,"HIGH MED MED",NA
46,3,100.982577926692,46,1,1.49931494884236,"M",0,0.25,1,"HIGH MED MED",NA
46,4,176.008791500192,50,5,5.49845090048821,"M",0.386677199532278,0.25,1,"HIGH MED MED",NA
46,5,143.777598699026,48,3,3.50203847527416,"M",0,0.25,1,"HIGH MED MED",NA
46,6,127.719246167167,47,2,2.49883903780597,"M",0,0.25,1,"HIGH MED MED",NA
46,7,130.464951275058,47,2,2.49997147438917,"M",0,0.25,1,"HIGH MED MED",NA
46,8,63.2744389225213,45,0,0.499406186530157,"M",0,0.25,1,"HIGH MED MED",NA
46,9,182.688701438359,50,5,5.49974262034417,"FISHED",0.386677199532278,0.25,1,"HIGH MED MED",NA
46,10,169.273622086311,50,5,5.50014392967945,"M",0.386677199532278,0.25,1,"HIGH MED MED",NA
46,11,153.099269537607,50,5,5.50003706053975,"FISHED",0.386677199532278,0.25,1,"HIGH MED MED",NA
46,12,161.713185779375,49,4,4.49862059746735,"M",0,0.25,1,"HIGH MED MED",NA
46,13,130.631568284361,48,3,3.49930629437115,"M",0,0.25,1,"HIGH MED MED",NA
47,1,99.9821900446436,47,1,1.49914828831515,"M",0,0.25,1,"HIGH MED MED",NA
47,2,200.422335626862,54,8,8.49937899954006,"FISHED",0.32476176507771,0.25,1,"HIGH MED MED",NA
47,3,114.755948821092,48,2,2.49929630294699,"M",0,0.25,1,"HIGH MED MED",NA
47,4,60.5847037527716,46,0,0.498960287175158,"M",0,0.25,1,"HIGH MED MED",NA
47,5,170.748865779478,50,4,4.49988851439043,"FISHED",0.386677199532278,0.25,1,"HIGH MED MED",NA
47,6,149.910437028141,49,3,3.50146676423089,"M",0,0.25,1,"HIGH MED MED",NA
47,7,62.8545695389716,46,0,0.498340930948081,"M",0,0.25,1,"HIGH MED MED",NA
47,8,62.6335846814833,46,0,0.499323242841641,"M",0,0.25,1,"HIGH MED MED",NA
47,9,59.9100243942082,46,0,0.499618969502936,"M",0,0.25,1,"HIGH MED MED",NA
47,10,150.200641312826,49,3,3.49984075619876,"M",0,0.25,1,"HIGH MED MED",NA
47,11,178.255248665514,52,6,6.49944807991689,"M",0.328544955374673,0.25,1,"HIGH MED MED",NA
48,1,119.981071248619,49,2,2.50054283736005,"M",0,0.25,1,"HIGH MED MED",NA
48,2,181.475983860988,51,4,4.50035113782794,"M",0.386836924683303,0.25,1,"HIGH MED MED",NA
48,3,98.0532977788315,48,1,1.49969738179212,"M",0,0.25,1,"HIGH MED MED",NA
48,4,133.473550884454,49,2,2.4980576585276,"M",0,0.25,1,"HIGH MED MED",NA
48,5,150.367723565837,50,3,3.49887835273876,"FISHED",0.386677199532278,0.25,1,"HIGH MED MED",NA
48,6,119.854025942561,49,2,2.49916673429123,"M",0,0.25,1,"HIGH MED MED",NA
48,7,97.2282639227821,48,1,1.50161686623063,"M",0,0.25,1,"HIGH MED MED",NA
48,8,116.30880744555,49,2,2.49865214918238,"M",0,0.25,1,"HIGH MED MED",NA
48,9,156.720154649534,51,4,4.50137280680739,"M",0.386836924683303,0.25,1,"HIGH MED MED",NA
48,10,162.764609279823,50,3,3.50033304196501,"FISHED",0.386677199532278,0.25,1,"HIGH MED MED",NA
48,11,61.1859038592522,47,0,0.498898372398068,"M",0,0.25,1,"HIGH MED MED",NA
48,12,96.0213761959974,48,1,1.49986135312606,"M",0,0.25,1,"HIGH MED MED",NA
48,13,156.744975728655,50,3,3.50117837284345,"FISHED",0.386677199532278,0.25,1,"HIGH MED MED",NA
48,14,62.6377809616389,47,0,0.498167334619588,"M",0,0.25,1,"HIGH MED MED",NA
49,1,153.893849100072,51,3,3.5005517162117,"FISHED",0.386836924683303,0.25,1,"HIGH MED MED",NA
49,2,169.693853235466,52,4,4.50062922753305,"FISHED",0.328544955374673,0.25,1,"HIGH MED MED",NA
49,3,138.40251173131,50,2,2.50105650268806,"FISHED",0.386677199532278,0.25,1,"HIGH MED MED",NA
49,4,62.4599640969846,48,0,0.49918834876224,"M",0,0.25,1,"HIGH MED MED",NA
49,5,95.0114492026508,49,1,1.50092273765639,"M",0,0.25,1,"HIGH MED MED",NA
49,6,61.3199636621784,48,0,0.499343378930613,"M",0,0.25,1,"HIGH MED MED",NA
49,7,125.341703921351,50,2,2.50076728169025,"FISHED",0.386677199532278,0.25,1,"HIGH MED MED",NA
49,8,168.658261599406,52,4,4.50049768537697,"M",0.328544955374673,0.25,1,"HIGH MED MED",NA
49,9,64.4311905981797,48,0,0.500153239699637,"M",0,0.25,1,"HIGH MED MED",NA
49,10,128.764453260169,50,2,2.49834408113501,"FISHED",0.386677199532278,0.25,1,"HIGH MED MED",NA
49,11,102.382260268079,49,1,1.49880155193504,"M",0,0.25,1,"HIGH MED MED",NA
50,1,119.072561856293,51,2,2.50124752553393,"FISHED",0.386836924683303,0.25,1,"HIGH MED MED",NA
50,2,64.3161738189065,49,0,0.500103494919827,"M",0,0.25,1,"HIGH MED MED",NA
50,3,124.108443956036,51,2,2.49958672121308,"FISHED",0.386836924683303,0.25,1,"HIGH MED MED",NA
50,4,100.948665632506,50,1,1.50010845752247,"M",0.386677199532278,0.25,1,"HIGH MED MED",NA
50,5,98.6663155055492,50,1,1.50096163854641,"M",0.386677199532278,0.25,1,"HIGH MED MED",NA
50,6,130.154880812853,51,2,2.50052289511157,"M",0.386836924683303,0.25,1,"HIGH MED MED",NA
50,7,124.49057775411,51,2,2.50099093485006,"FISHED",0.386836924683303,0.25,1,"HIGH MED MED",NA
50,8,153.702849378124,53,4,4.49898210961939,"M",0.309226795518771,0.25,1,"HIGH MED MED",NA
50,9,62.237153117401,49,0,0.50073350187445,"M",0,0.25,1,"HIGH MED MED",NA
50,10,133.502645306681,51,2,2.50076868868126,"FISHED",0.386836924683303,0.25,1,"HIGH MED MED",NA
50,11,124.32122684345,51,2,2.49938228242493,"FISHED",0.386836924683303,0.25,1,"HIGH MED MED",NA
51,1,132.919863205893,52,2,2.50134465055301,"M",0.328544955374673,0.25,1,"HIGH MED MED",NA
51,2,62.4178367545817,50,0,0.499086189633233,"M",0.386677199532278,0.25,1,"HIGH MED MED",NA
51,3,62.4969463607552,50,0,0.500419873713484,"FISHED",0.386677199532278,0.25,1,"HIGH MED MED",NA
51,4,63.9385191762128,50,0,0.498550939882959,"FISHED",0.386677199532278,0.25,1,"HIGH MED MED",NA
51,5,162.141033060057,53,3,3.50147738519127,"M",0.309226795518771,0.25,1,"HIGH MED MED",NA
51,6,64.1632549330326,50,0,0.498300421529041,"FISHED",0.386677199532278,0.25,1,"HIGH MED MED",NA
51,7,65.2379616459174,50,0,0.501252926989495,"M",0.386677199532278,0.25,1,"HIGH MED MED",NA
51,8,59.5341798501534,50,0,0.501745052770469,"FISHED",0.386677199532278,0.25,1,"HIGH MED MED",NA
51,9,59.0726931401269,50,0,0.501524772010752,"M",0.386677199532278,0.25,1,"HIGH MED MED",NA
51,10,60.0652524519438,50,0,0.498299902497522,"FISHED",0.386677199532278,0.25,1,"HIGH MED MED",NA
51,11,65.3523691455737,50,0,0.499914907530325,"FISHED",0.386677199532278,0.25,1,"HIGH MED MED",NA
51,12,171.670161341159,55,5,5.50026497325155,"FISHED",0.356696026562713,0.25,1,"HIGH MED MED",NA
51,13,144.747623961681,53,3,3.49905517372859,"FISHED",0.309226795518771,0.25,1,"HIGH MED MED",NA
51,14,61.3764758451835,50,0,0.499104827243811,"M",0.386677199532278,0.25,1,"HIGH MED MED",NA
52,1,133.331725163758,54,3,3.49862735106076,"FISHED",0.32476176507771,0.25,1,"HIGH MED MED",NA
52,2,99.5166338563488,52,1,1.49898054258643,"FISHED",0.328544955374673,0.25,1,"HIGH MED MED",NA
52,3,124.182875927473,53,2,2.49909049911877,"M",0.309226795518771,0.25,1,"HIGH MED MED",NA
52,4,61.428211425514,51,0,0.501117025261082,"FISHED",0.386836924683303,0.25,1,"HIGH MED MED",NA
52,5,168.608429135849,57,6,6.49993708265161,"FISHED",0.381154812895693,0.25,1,"HIGH MED MED",NA
52,6,66.0659302028124,51,0,0.500870008626464,"M",0.386836924683303,0.25,1,"HIGH MED MED",NA
52,7,61.6968117848074,51,0,0.500528437563694,"FISHED",0.386836924683303,0.25,1,"HIGH MED MED",NA
52,8,64.3087776242157,51,0,0.500043032138486,"M",0.386836924683303,0.25,1,"HIGH MED MED",NA
52,9,61.2069054137891,51,0,0.498042779229181,"FISHED",0.386836924683303,0.25,1,"HIGH MED MED",NA
52,10,61.7423703928142,51,0,0.498717771796809,"M",0.386836924683303,0.25,1,"HIGH MED MED",NA
52,11,156.650432797959,54,3,3.49806947567997,"FISHED",0.32476176507771,0.25,1,"HIGH MED MED",NA
52,12,96.7903720382078,52,1,1.50020134485553,"M",0.328544955374673,0.25,1,"HIGH MED MED",NA
52,13,61.7695378723696,51,0,0.497935742124841,"M",0.386836924683303,0.25,1,"HIGH MED MED",NA
52,14,147.190169190602,54,3,3.49993543586964,"M",0.32476176507771,0.25,1,"HIGH MED MED",NA
53,1,97.0661421006322,53,1,1.499333453531,"FISHED",0.309226795518771,0.25,1,"HIGH MED MED",NA
53,2,63.9273909625969,52,0,0.498109102051836,"M",0.328544955374673,0.25,1,"HIGH MED MED",NA
53,3,95.3415000059946,53,1,1.5003265967194,"M",0.309226795518771,0.25,1,"HIGH MED MED",NA
53,4,97.7354333076391,53,1,1.50054776999864,"M",0.309226795518771,0.25,1,"HIGH MED MED",NA
53,5,211.783832322686,62,10,10.5007784111047,"M",0.398732813680545,0.25,1,"HIGH MED MED",NA
53,6,150.237675331977,55,3,3.50039860318018,"FISHED",0.356696026562713,0.25,1,"HIGH MED MED",NA
53,7,63.7650429511,52,0,0.499968036354586,"FISHED",0.328544955374673,0.25,1,"HIGH MED MED",NA
53,8,119.83689727706,54,2,2.50041435070362,"M",0.32476176507771,0.25,1,"HIGH MED MED",NA
53,9,61.1936889184304,52,0,0.499674358809534,"M",0.328544955374673,0.25,1,"HIGH MED MED",NA
53,10,101.83134883362,53,1,1.49989659114348,"M",0.309226795518771,0.25,1,"HIGH MED MED",NA
54,1,61.4144322676591,53,0,0.500049667241329,"FISHED",0.309226795518771,0.25,1,"HIGH MED MED",NA
54,2,151.477846526734,56,3,3.50035970779758,"M",0.324381288234144,0.25,1,"HIGH MED MED",NA
54,3,60.1057650186068,53,0,0.500606441726795,"FISHED",0.309226795518771,0.25,1,"HIGH MED MED",NA
54,4,173.56797087399,57,4,4.49900572746515,"M",0.381154812895693,0.25,1,"HIGH MED MED",NA
54,5,102.71567069096,54,1,1.5004370775603,"M",0.32476176507771,0.25,1,"HIGH MED MED",NA
54,6,64.6817030914431,53,0,0.500795901168059,"M",0.309226795518771,0.25,1,"HIGH MED MED",NA
54,7,192.810628596565,59,6,6.50162025039532,"FISHED",0.323989518079907,0.25,1,"HIGH MED MED",NA
54,8,145.558518210217,56,3,3.49897867791017,"M",0.324381288234144,0.25,1,"HIGH MED MED",NA
54,9,59.2141755126309,53,0,0.498721583240486,"FISHED",0.309226795518771,0.25,1,"HIGH MED MED",NA
54,10,230.080614851396,59,6,6.50119272457765,"M",0.323989518079907,0.25,1,"HIGH MED MED",NA
54,11,134.182561670203,55,2,2.50130328540378,"M",0.356696026562713,0.25,1,"HIGH MED MED",NA
55,1,63.4599271727332,54,0,0.500059981488482,"FISHED",0.32476176507771,0.25,1,"HIGH MED MED",NA
55,2,101.459288331448,55,1,1.50009400845836,"FISHED",0.356696026562713,0.25,1,"HIGH MED MED",NA
55,3,139.91034818065,57,3,3.49927112823407,"M",0.381154812895693,0.25,1,"HIGH MED MED",NA
55,4,153.626789044535,57,3,3.49805679313233,"FISHED",0.381154812895693,0.25,1,"HIGH MED MED",NA
55,5,61.0589238514738,54,0,0.500110536084934,"M",0.32476176507771,0.25,1,"HIGH MED MED",NA
55,6,155.930563721224,58,4,4.49994744184508,"FISHED",0.342459195037372,0.25,1,"HIGH MED MED",NA
55,7,63.9648074656067,54,0,0.500643091816796,"M",0.32476176507771,0.25,1,"HIGH MED MED",NA
55,8,137.936881885681,57,3,3.50041567730951,"FISHED",0.381154812895693,0.25,1,"HIGH MED MED",NA
55,9,131.991632054604,56,2,2.50090585998011,"M",0.324381288234144,0.25,1,"HIGH MED MED",NA
55,10,125.781538496427,56,2,2.49872932401993,"FISHED",0.324381288234144,0.25,1,"HIGH MED MED",NA
55,11,103.036095485083,55,1,1.50108451513443,"FISHED",0.356696026562713,0.25,1,"HIGH MED MED",NA
55,12,102.350361345979,55,1,1.49990299910754,"M",0.356696026562713,0.25,1,"HIGH MED MED",NA
56,1,62.9182465962644,55,0,0.499218377916037,"FISHED",0.356696026562713,0.25,1,"HIGH MED MED",NA
56,2,95.5211571295076,56,1,1.49960145119093,"FISHED",0.324381288234144,0.25,1,"HIGH MED MED",NA
56,3,151.784525657951,58,3,3.50021853122784,"FISHED",0.342459195037372,0.25,1,"HIGH MED MED",NA
56,4,147.654947301782,58,3,3.50073936716394,"M",0.342459195037372,0.25,1,"HIGH MED MED",NA
56,5,63.3013646633493,55,0,0.499827026276417,"M",0.356696026562713,0.25,1,"HIGH MED MED",NA
56,6,65.2798108738112,55,0,0.499301567832442,"FISHED",0.356696026562713,0.25,1,"HIGH MED MED",NA
56,7,60.7165941982699,55,0,0.498408136607026,"FISHED",0.356696026562713,0.25,1,"HIGH MED MED",NA
56,8,60.1793810389327,55,0,0.499629261223512,"M",0.356696026562713,0.25,1,"HIGH MED MED",NA
56,9,106.541424017489,56,1,1.49972948024547,"FISHED",0.324381288234144,0.25,1,"HIGH MED MED",NA
56,10,60.879505670101,55,0,0.500263412138239,"M",0.356696026562713,0.25,1,"HIGH MED MED",NA
56,11,196.122031691555,60,5,5.50025298244273,"M",0.321404321142472,0.25,1,"HIGH MED MED",NA
57,1,64.2823629451015,56,0,0.499088076520702,"M",0.324381288234144,0.25,1,"HIGH MED MED",NA
57,2,65.0754158194214,56,0,0.500303176096886,"M",0.324381288234144,0.25,1,"HIGH MED MED",NA
57,3,63.8009685658855,56,0,0.501795848078993,"FISHED",0.324381288234144,0.25,1,"HIGH MED MED",NA
57,4,97.0509978906364,57,1,1.49909397903807,"FISHED",0.381154812895693,0.25,1,"HIGH MED MED",NA
57,5,124.874368004373,58,2,2.49951103588119,"FISHED",0.342459195037372,0.25,1,"HIGH MED MED",NA
57,6,106.527126804253,57,1,1.49854080727851,"FISHED",0.381154812895693,0.25,1,"HIGH MED MED",NA
57,7,94.1644453442629,57,1,1.50186196801618,"M",0.381154812895693,0.25,1,"HIGH MED MED",NA
57,8,100.336168132839,57,1,1.49641385722703,"M",0.381154812895693,0.25,1,"HIGH MED MED",NA
57,9,128.510836676731,58,2,2.50029736875106,"FISHED",0.342459195037372,0.25,1,"HIGH MED MED",NA
57,10,124.716372940848,58,2,2.50013221524312,"FISHED",0.342459195037372,0.25,1,"HIGH MED MED",NA
58,1,60.9724602340878,57,0,0.499011568870364,"FISHED",0.381154812895693,0.25,1,"HIGH MED MED",NA
58,2,96.7473627317261,58,1,1.50116736842786,"M",0.342459195037372,0.25,1,"HIGH MED MED",NA
58,3,200.510099273746,65,8,8.49924353720219,"M",0.327971431310289,0.25,1,"HIGH MED MED",NA
58,4,60.3152888010987,57,0,0.500272192060552,"M",0.381154812895693,0.25,1,"HIGH MED MED",NA
58,5,92.9023786464424,58,1,1.49872998209759,"FISHED",0.342459195037372,0.25,1,"HIGH MED MED",NA
58,6,62.2895982893098,57,0,0.50029220020886,"FISHED",0.381154812895693,0.25,1,"HIGH MED MED",NA
58,7,63.0298788894932,57,0,0.499117136399113,"M",0.381154812895693,0.25,1,"HIGH MED MED",NA
58,8,101.811674579013,58,1,1.50023140707481,"FISHED",0.342459195037372,0.25,1,"HIGH MED MED",NA
58,9,210.237065882262,64,7,7.50093910325477,"FISHED",0.327173823583871,0.25,1,"HIGH MED MED",NA
58,10,62.0695606721871,57,0,0.498095250034532,"M",0.381154812895693,0.25,1,"HIGH MED MED",NA
58,11,97.1029104893797,58,1,1.50163961263171,"FISHED",0.342459195037372,0.25,1,"HIGH MED MED",NA
58,12,62.7726977276585,57,0,0.501084166609503,"FISHED",0.381154812895693,0.25,1,"HIGH MED MED",NA
59,1,60.71801296597,58,0,0.500635836624588,"M",0.342459195037372,0.25,1,"HIGH MED MED",NA
59,2,127.914474666043,60,2,2.50109112912008,"M",0.321404321142472,0.25,1,"HIGH MED MED",NA
59,3,169.556179137953,63,5,5.50069808169703,"M",0.342220969055779,0.25,1,"HIGH MED MED",NA
59,4,119.052476906287,60,2,2.50046131662139,"M",0.321404321142472,0.25,1,"HIGH MED MED",NA
59,5,61.4476341392227,58,0,0.499235353565377,"FISHED",0.342459195037372,0.25,1,"HIGH MED MED",NA
59,6,87.4967715156109,59,1,1.49991269409115,"M",0.323989518079907,0.25,1,"HIGH MED MED",NA
59,7,63.1547267867744,58,0,0.501242319836892,"FISHED",0.342459195037372,0.25,1,"HIGH MED MED",NA
59,8,60.604422145551,58,0,0.499355210965558,"M",0.342459195037372,0.25,1,"HIGH MED MED",NA
59,9,122.094197881155,60,2,2.49971365012873,"M",0.321404321142472,0.25,1,"HIGH MED MED",NA
59,10,169.950380207815,65,7,7.49941914589383,"M",0.327971431310289,0.25,1,"HIGH MED MED",NA
60,1,61.9509894032574,59,0,0.500277015709344,"FISHED",0.323989518079907,0.25,1,"HIGH MED MED",NA
60,2,120.811787095173,61,2,2.50126682833279,"M",0.373954025725834,0.25,1,"HIGH MED MED",NA
60,3,149.528023552379,62,3,3.50227730847364,"FISHED",0.398732813680545,0.25,1,"HIGH MED MED",NA
60,4,62.5366747482987,59,0,0.499427197490726,"FISHED",0.323989518079907,0.25,1,"HIGH MED MED",NA
60,5,122.422274030808,61,2,2.50075984506662,"M",0.373954025725834,0.25,1,"HIGH MED MED",NA
60,6,62.0171212196126,59,0,0.498878191431784,"FISHED",0.323989518079907,0.25,1,"HIGH MED MED",NA
60,7,63.5741911662759,59,0,0.501311352539536,"M",0.323989518079907,0.25,1,"HIGH MED MED",NA
60,8,62.2964511327324,59,0,0.501762434188686,"FISHED",0.323989518079907,0.25,1,"HIGH MED MED",NA
60,9,103.209074977177,60,1,1.49997304397032,"M",0.321404321142472,0.25,1,"HIGH MED MED",NA
60,10,60.6848289935383,59,0,0.500794370674108,"FISHED",0.323989518079907,0.25,1,"HIGH MED MED",NA
61,1,89.6174112681229,61,1,1.50119870111935,"M",0.373954025725834,0.25,1,"HIGH MED MED",NA
61,2,60.7220807520432,60,0,0.498761277712883,"FISHED",0.321404321142472,0.25,1,"HIGH MED MED",NA
61,3,178.77852190196,65,5,5.50079796992456,"M",0.327971431310289,0.25,1,"HIGH MED MED",NA
61,4,103.458062592882,61,1,1.50136500996963,"FISHED",0.373954025725834,0.25,1,"HIGH MED MED",NA
61,5,63.1915345291888,60,0,0.498762950029063,"M",0.321404321142472,0.25,1,"HIGH MED MED",NA
61,6,130.446151142319,62,2,2.49972891997134,"FISHED",0.398732813680545,0.25,1,"HIGH MED MED",NA
61,7,103.735148601609,61,1,1.49866066777061,"M",0.373954025725834,0.25,1,"HIGH MED MED",NA
61,8,61.7230457305635,60,0,0.499665103923456,"M",0.321404321142472,0.25,1,"HIGH MED MED",NA
61,9,60.604246410735,60,0,0.499700798391673,"M",0.321404321142472,0.25,1,"HIGH MED MED",NA
61,10,96.8402954206226,61,1,1.50063204955216,"M",0.373954025725834,0.25,1,"HIGH MED MED",NA
61,11,124.380878899746,62,2,2.50015238807796,"M",0.398732813680545,0.25,1,"HIGH MED MED",NA
61,12,127.806793162683,62,2,2.50097158777212,"FISHED",0.398732813680545,0.25,1,"HIGH MED MED",NA
61,13,141.682096634896,63,3,3.49986263509445,"FISHED",0.342220969055779,0.25,1,"HIGH MED MED",NA
62,1,64.2164946350856,61,0,0.499637185749467,"FISHED",0.373954025725834,0.25,1,"HIGH MED MED",NA
62,2,62.3815671520565,61,0,0.503212175001536,"FISHED",0.373954025725834,0.25,1,"HIGH MED MED",NA
62,3,97.2449257198729,62,1,1.50160248346185,"M",0.398732813680545,0.25,1,"HIGH MED MED",NA
62,4,120.973170400602,63,2,2.49940671934463,"FISHED",0.342220969055779,0.25,1,"HIGH MED MED",NA
62,5,127.21951016815,63,2,2.49967029244274,"FISHED",0.342220969055779,0.25,1,"HIGH MED MED",NA
62,6,66.7153291430559,61,0,0.499886498977639,"FISHED",0.373954025725834,0.25,1,"HIGH MED MED",NA
62,7,62.3613511003747,61,0,0.500111300372759,"M",0.373954025725834,0.25,1,"HIGH MED MED",NA
62,8,124.318033617929,63,2,2.50009453726068,"M",0.342220969055779,0.25,1,"HIGH MED MED",NA
62,9,60.4970974406884,61,0,0.500116610043641,"M",0.373954025725834,0.25,1,"HIGH MED MED",NA
62,10,98.8759453250963,62,1,1.50020932010908,"FISHED",0.398732813680545,0.25,1,"HIGH MED MED",NA
62,11,100.015507934788,62,1,1.4981702437003,"FISHED",0.398732813680545,0.25,1,"HIGH MED MED",NA
62,12,96.7178484580294,62,1,1.50134138644722,"M",0.398732813680545,0.25,1,"HIGH MED MED",NA
63,1,96.9112361604806,63,1,1.50050643833832,"M",0.342220969055779,0.25,1,"HIGH MED MED",NA
63,2,66.8277564921222,62,0,0.499497023257686,"FISHED",0.398732813680545,0.25,1,"HIGH MED MED",NA
63,3,65.7612718011745,62,0,0.500445001234037,"FISHED",0.398732813680545,0.25,1,"HIGH MED MED",NA
63,4,166.867051963766,66,4,4.50060001770671,"FISHED",0.37056143078953,0.25,1,"HIGH MED MED",NA
63,5,99.1583300467088,63,1,1.49875166019285,"M",0.342220969055779,0.25,1,"HIGH MED MED",NA
63,6,107.554674800891,63,1,1.50095793428817,"M",0.342220969055779,0.25,1,"HIGH MED MED",NA
63,7,156.921269696173,67,5,5.5008205395221,"M",0.265224451897666,0.25,1,"HIGH MED MED",NA
63,8,172.673671600678,66,4,4.50045357085224,"FISHED",0.37056143078953,0.25,1,"HIGH MED MED",NA
63,9,196.637989852922,67,5,5.49991413725203,"M",0.265224451897666,0.25,1,"HIGH MED MED",NA
63,10,120.790970996448,64,2,2.50036249065517,"FISHED",0.327173823583871,0.25,1,"HIGH MED MED",NA
64,1,147.755189397695,66,3,3.50010386473319,"M",0.37056143078953,0.25,1,"HIGH MED MED",NA
64,2,98.3612352672544,64,1,1.5000562475311,"M",0.327173823583871,0.25,1,"HIGH MED MED",NA
64,3,146.291557182161,66,3,3.49847684614539,"FISHED",0.37056143078953,0.25,1,"HIGH MED MED",NA
64,4,63.772390585302,63,0,0.499608204939067,"M",0.342220969055779,0.25,1,"HIGH MED MED",NA
64,5,100.709087038094,64,1,1.49890735975152,"FISHED",0.327173823583871,0.25,1,"HIGH MED MED",NA
64,6,64.2409005096766,63,0,0.502611092719309,"FISHED",0.342220969055779,0.25,1,"HIGH MED MED",NA
64,7,103.54814331157,64,1,1.49940052675318,"M",0.327173823583871,0.25,1,"HIGH MED MED",NA
64,8,60.2515612806704,63,0,0.498304658015255,"M",0.342220969055779,0.25,1,"HIGH MED MED",NA
64,9,59.4669091901972,63,0,0.499459254955342,"FISHED",0.342220969055779,0.25,1,"HIGH MED MED",NA
64,10,60.3419483542252,63,0,0.499712696954847,"M",0.342220969055779,0.25,1,"HIGH MED MED",NA
64,11,144.765610365623,66,3,3.50005120159568,"FISHED",0.37056143078953,0.25,1,"HIGH MED MED",NA
64,12,191.319729750006,69,6,6.5007775595302,"M",0.27318920774851,0.25,1,"HIGH MED MED",NA
64,13,179.457095542284,69,6,6.50046489434736,"M",0.27318920774851,0.25,1,"HIGH MED MED",NA
65,1,60.8638628038128,64,0,0.501511556605181,"M",0.327173823583871,0.25,1,"HIGH MED MED",NA
65,2,101.46797912715,65,1,1.50030007963347,"FISHED",0.327971431310289,0.25,1,"HIGH MED MED",NA
65,3,95.6515364699391,65,1,1.49853099382226,"M",0.327971431310289,0.25,1,"HIGH MED MED",NA
65,4,169.470131334285,69,5,5.50011462068569,"M",0.27318920774851,0.25,1,"HIGH MED MED",NA
65,5,65.0185495856116,64,0,0.500178071409278,"M",0.327173823583871,0.25,1,"HIGH MED MED",NA
65,6,104.752209571078,65,1,1.49964350569213,"FISHED",0.327971431310289,0.25,1,"HIGH MED MED",NA
65,7,96.6952359288169,65,1,1.49994083952604,"FISHED",0.327971431310289,0.25,1,"HIGH MED MED",NA
65,8,128.010686348523,66,2,2.50135115233308,"M",0.37056143078953,0.25,1,"HIGH MED MED",NA
65,9,126.668063190294,66,2,2.50031010021759,"FISHED",0.37056143078953,0.25,1,"HIGH MED MED",NA
65,10,62.1317291179054,64,0,0.498907464667927,"M",0.327173823583871,0.25,1,"HIGH MED MED",NA
65,11,134.726619443644,67,3,3.49956621683564,"FISHED",0.265224451897666,0.25,1,"HIGH MED MED",NA
65,12,97.1779151268028,65,1,1.49723885030674,"FISHED",0.327971431310289,0.25,1,"HIGH MED MED",NA
65,13,62.6634400530312,64,0,0.499693531448595,"M",0.327173823583871,0.25,1,"HIGH MED MED",NA
66,1,66.5681910738876,65,0,0.500051122067326,"FISHED",0.327971431310289,0.25,1,"HIGH MED MED",NA
66,2,62.5442742715006,65,0,0.498462235153521,"M",0.327971431310289,0.25,1,"HIGH MED MED",NA
66,3,65.3747800500081,65,0,0.499778578883006,"FISHED",0.327971431310289,0.25,1,"HIGH MED MED",NA
66,4,65.661592226273,65,0,0.49897220648079,"M",0.327971431310289,0.25,1,"HIGH MED MED",NA
66,5,95.042448967722,66,1,1.50033543145539,"M",0.37056143078953,0.25,1,"HIGH MED MED",NA
66,6,60.8626647905558,65,0,0.500663544686255,"M",0.327971431310289,0.25,1,"HIGH MED MED",NA
66,7,101.505725681558,66,1,1.49921488706829,"FISHED",0.37056143078953,0.25,1,"HIGH MED MED",NA
66,8,63.5801344449226,65,0,0.501758580257105,"FISHED",0.327971431310289,0.25,1,"HIGH MED MED",NA
66,9,120.494982938831,67,2,2.50172336338437,"M",0.265224451897666,0.25,1,"HIGH MED MED",NA
66,10,93.8981552811049,66,1,1.49972204607073,"FISHED",0.37056143078953,0.25,1,"HIGH MED MED",NA
66,11,63.7500208099472,65,0,0.500560347224044,"M",0.327971431310289,0.25,1,"HIGH MED MED",NA
66,12,62.6960546517075,65,0,0.500139785910033,"FISHED",0.327971431310289,0.25,1,"HIGH MED MED",NA
66,13,59.7933925313785,65,0,0.499630452751449,"FISHED",0.327971431310289,0.25,1,"HIGH MED MED",NA
67,1,137.016318493107,69,3,3.49994392757117,"FISHED",0.27318920774851,0.25,1,"HIGH MED MED",NA
67,2,144.54980282504,69,3,3.50029972448922,"M",0.27318920774851,0.25,1,"HIGH MED MED",NA
67,3,131.950582127824,68,2,2.50112636885342,"M",0.231046097376384,0.25,1,"HIGH MED MED",NA
67,4,181.153573648984,71,5,5.49915415498824,"FISHED",0.235816614166833,0.25,1,"HIGH MED MED",NA
67,5,56.6975496101047,66,0,0.500313504834003,"FISHED",0.37056143078953,0.25,1,"HIGH MED MED",NA
67,6,97.3569635305487,67,1,1.50012658748115,"FISHED",0.265224451897666,0.25,1,"HIGH MED MED",NA
67,7,100.835134481317,67,1,1.50179147028835,"FISHED",0.265224451897666,0.25,1,"HIGH MED MED",NA
67,8,121.467803344073,68,2,2.49862882194096,"M",0.231046097376384,0.25,1,"HIGH MED MED",NA
67,9,62.9389932085996,66,0,0.501770258375076,"M",0.37056143078953,0.25,1,"HIGH MED MED",NA
67,10,129.527681713897,68,2,2.49991931762239,"FISHED",0.231046097376384,0.25,1,"HIGH MED MED",NA
67,11,61.5762521908056,66,0,0.49776221797415,"M",0.37056143078953,0.25,1,"HIGH MED MED",NA
67,12,99.2051542142389,67,1,1.50118792317396,"M",0.265224451897666,0.25,1,"HIGH MED MED",NA
68,1,92.3539974567485,68,1,1.49859930703351,"FISHED",0.231046097376384,0.25,1,"HIGH MED MED",NA
68,2,166.46311623023,71,4,4.4998015837164,"FISHED",0.235816614166833,0.25,1,"HIGH MED MED",NA
68,3,187.542379252824,72,5,5.50010667873658,"M",0.234292857907712,0.25,1,"HIGH MED MED",NA
68,4,188.531015161701,72,5,5.50056652445421,"FISHED",0.234292857907712,0.25,1,"HIGH MED MED",NA
68,5,64.4282538229349,67,0,0.499700070648467,"FISHED",0.265224451897666,0.25,1,"HIGH MED MED",NA
68,6,63.8128857016367,67,0,0.499030442592339,"FISHED",0.265224451897666,0.25,1,"HIGH MED MED",NA
68,7,60.3905955771971,67,0,0.499932510240832,"FISHED",0.265224451897666,0.25,1,"HIGH MED MED",NA
68,8,98.309017835255,68,1,1.49915590056836,"FISHED",0.231046097376384,0.25,1,"HIGH MED MED",NA
68,9,139.160321394031,70,3,3.49903687164592,"FISHED",0.247428735671565,0.25,1,"HIGH MED MED",NA
68,10,65.0943440791793,67,0,0.499495698627938,"FISHED",0.265224451897666,0.25,1,"HIGH MED MED",NA
68,11,97.4290702899687,68,1,1.50025891552511,"M",0.231046097376384,0.25,1,"HIGH MED MED",NA
69,1,63.0857596923886,68,0,0.500713071759624,"M",0.231046097376384,0.25,1,"HIGH MED MED",NA
69,2,99.4100561414198,69,1,1.50065117889211,"FISHED",0.27318920774851,0.25,1,"HIGH MED MED",NA
69,3,121.003673183248,70,2,2.50005748634536,"M",0.247428735671565,0.25,1,"HIGH MED MED",NA
69,4,61.7466118497031,68,0,0.499597785643584,"M",0.231046097376384,0.25,1,"HIGH MED MED",NA
69,5,58.9730259764557,68,0,0.499189293430509,"M",0.231046097376384,0.25,1,"HIGH MED MED",NA
69,6,245.301693122672,77,9,9.49948475471639,"M",0.293844829872251,0.25,1,"HIGH MED MED",NA
69,7,131.37484643678,70,2,2.50002640746204,"M",0.247428735671565,0.25,1,"HIGH MED MED",NA
69,8,118.972323779926,70,2,2.50016443469387,"M",0.247428735671565,0.25,1,"HIGH MED MED",NA
69,9,59.7176916909834,68,0,0.50186704150873,"M",0.231046097376384,0.25,1,"HIGH MED MED",NA
69,10,95.9990922512624,69,1,1.50071821652492,"FISHED",0.27318920774851,0.25,1,"HIGH MED MED",NA
69,11,149.635064608344,71,3,3.50029820837116,"FISHED",0.235816614166833,0.25,1,"HIGH MED MED",NA
69,12,99.1919066691795,69,1,1.49874957944468,"FISHED",0.27318920774851,0.25,1,"HIGH MED MED",NA
69,13,64.0783495276973,68,0,0.499507072983165,"M",0.231046097376384,0.25,1,"HIGH MED MED",NA
70,1,64.869309939279,69,0,0.499333386511764,"M",0.27318920774851,0.25,1,"HIGH MED MED",NA
70,2,61.3389195588681,69,0,0.500495398525504,"FISHED",0.27318920774851,0.25,1,"HIGH MED MED",NA
70,3,98.1395791927175,70,1,1.5028009270929,"FISHED",0.247428735671565,0.25,1,"HIGH MED MED",NA
70,4,61.7568777357315,69,0,0.499656367387489,"FISHED",0.27318920774851,0.25,1,"HIGH MED MED",NA
70,5,203.627873376885,77,8,8.50067443021248,"M",0.293844829872251,0.25,1,"HIGH MED MED",NA
70,6,165.207977562248,73,4,4.50125210673752,"M",0.214930245629512,0.25,1,"HIGH MED MED",NA
70,7,164.402372631781,72,3,3.50021266570118,"M",0.234292857907712,0.25,1,"HIGH MED MED",NA
70,8,97.7165261067917,70,1,1.49959270789158,"FISHED",0.247428735671565,0.25,1,"HIGH MED MED",NA
71,1,61.2350489646429,70,0,0.50073671791824,"M",0.247428735671565,0.25,1,"HIGH MED MED",NA
71,2,61.6640925046596,70,0,0.499461436065081,"M",0.247428735671565,0.25,1,"HIGH MED MED",NA
71,3,62.9848223278989,70,0,0.499383277429382,"M",0.247428735671565,0.25,1,"HIGH MED MED",NA
71,4,119.504022780258,72,2,2.50015462818562,"FISHED",0.234292857907712,0.25,1,"HIGH MED MED",NA
71,5,163.207568571819,74,4,4.49976871896629,"M",0.298880016664043,0.25,1,"HIGH MED MED",NA
71,6,182.773036034326,76,6,6.50068921651016,"FISHED",0.203165763895959,0.25,1,"HIGH MED MED",NA
71,7,155.311273679254,74,4,4.50062934971153,"FISHED",0.298880016664043,0.25,1,"HIGH MED MED",NA
71,8,188.023636422726,77,7,7.4995457878674,"M",0.293844829872251,0.25,1,"HIGH MED MED",NA
71,9,121.999346817536,72,2,2.50076219951197,"FISHED",0.234292857907712,0.25,1,"HIGH MED MED",NA
71,10,143.900019418104,73,3,3.4990451799133,"FISHED",0.214930245629512,0.25,1,"HIGH MED MED",NA
71,11,61.0884262373272,70,0,0.498922071913304,"M",0.247428735671565,0.25,1,"HIGH MED MED",NA
71,12,135.614443090247,73,3,3.49883545784802,"M",0.214930245629512,0.25,1,"HIGH MED MED",NA
72,1,95.1958335554654,72,1,1.49905519363721,"M",0.234292857907712,0.25,1,"HIGH MED MED",NA
72,2,141.461837578369,74,3,3.50052564928095,"M",0.298880016664043,0.25,1,"HIGH MED MED",NA
72,3,61.8259341699313,71,0,0.501011466976812,"FISHED",0.235816614166833,0.25,1,"HIGH MED MED",NA
72,4,149.27789861469,74,3,3.50009024645743,"M",0.298880016664043,0.25,1,"HIGH MED MED",NA
72,5,150.743541487434,74,3,3.49970183398298,"FISHED",0.298880016664043,0.25,1,"HIGH MED MED",NA
72,6,191.612694040271,78,7,7.5010475717904,"M",0.235700136725791,0.25,1,"HIGH MED MED",NA
72,7,92.742201058446,72,1,1.50012732816362,"M",0.234292857907712,0.25,1,"HIGH MED MED",NA
72,8,180.580466807713,76,5,5.50063162820291,"M",0.203165763895959,0.25,1,"HIGH MED MED",NA
72,9,101.410754487029,72,1,1.49913207060051,"FISHED",0.234292857907712,0.25,1,"HIGH MED MED",NA
72,10,97.038472835843,72,1,1.49987158346434,"M",0.234292857907712,0.25,1,"HIGH MED MED",NA
72,11,63.2886261064711,71,0,0.50134853019275,"M",0.235816614166833,0.25,1,"HIGH MED MED",NA
73,1,223.04274799856,82,10,10.5008081979643,"FISHED",0.224100719415583,0.25,1,"HIGH MED MED",NA
73,2,155.618240285728,76,4,4.49970984322477,"FISHED",0.203165763895959,0.25,1,"HIGH MED MED",NA
73,3,127.95544351799,74,2,2.50004328585666,"M",0.298880016664043,0.25,1,"HIGH MED MED",NA
73,4,100.968449116499,73,1,1.49968106735675,"M",0.214930245629512,0.25,1,"HIGH MED MED",NA
73,5,144.148038646323,75,3,3.50027963342243,"M",0.276313491770998,0.25,1,"HIGH MED MED",NA
73,6,62.2755528856803,72,0,0.501084619276887,"M",0.234292857907712,0.25,1,"HIGH MED MED",NA
73,7,149.323563393232,75,3,3.50196186012428,"M",0.276313491770998,0.25,1,"HIGH MED MED",NA
73,8,157.063180432579,75,3,3.49827490185239,"FISHED",0.276313491770998,0.25,1,"HIGH MED MED",NA
73,9,63.7444070074961,72,0,0.499310391921812,"FISHED",0.234292857907712,0.25,1,"HIGH MED MED",NA
73,10,61.6986856965496,72,0,0.500018073012281,"M",0.234292857907712,0.25,1,"HIGH MED MED",NA
73,11,162.102536182137,76,4,4.49961200504498,"FISHED",0.203165763895959,0.25,1,"HIGH MED MED",NA
74,1,140.26417620149,76,3,3.49993228354889,"M",0.203165763895959,0.25,1,"HIGH MED MED",NA
74,2,189.342949920464,83,10,10.499803902,"M",0.244304483011365,0.25,1,"HIGH MED MED",NA
74,3,207.405901766862,78,5,5.49951723348525,"FISHED",0.235700136725791,0.25,1,"HIGH MED MED",NA
74,4,103.528864344371,74,1,1.49930419580003,"M",0.298880016664043,0.25,1,"HIGH MED MED",NA
74,5,61.3654989405478,73,0,0.500588003621645,"FISHED",0.214930245629512,0.25,1,"HIGH MED MED",NA
74,6,128.727625019375,75,2,2.49967070931632,"FISHED",0.276313491770998,0.25,1,"HIGH MED MED",NA
74,7,100.492341473426,74,1,1.50079585030562,"FISHED",0.298880016664043,0.25,1,"HIGH MED MED",NA
74,8,96.5190204265133,74,1,1.50004717918702,"FISHED",0.298880016664043,0.25,1,"HIGH MED MED",NA
74,9,101.044452204987,74,1,1.50101531815961,"M",0.298880016664043,0.25,1,"HIGH MED MED",NA
74,10,154.683242832684,76,3,3.49943815753266,"FISHED",0.203165763895959,0.25,1,"HIGH MED MED",NA
74,11,134.280779899069,75,2,2.4997163330285,"M",0.276313491770998,0.25,1,"HIGH MED MED",NA
74,12,60.8936772504864,73,0,0.499160245774584,"M",0.214930245629512,0.25,1,"HIGH MED MED",NA
75,1,62.7108751122883,74,0,0.499063268232879,"M",0.298880016664043,0.25,1,"HIGH MED MED",NA
75,2,120.779151648232,76,2,2.50075328380449,"FISHED",0.203165763895959,0.25,1,"HIGH MED MED",NA
75,3,167.817123356791,78,4,4.49931904030077,"FISHED",0.235700136725791,0.25,1,"HIGH MED MED",NA
75,4,61.1419233229334,74,0,0.499292370584548,"M",0.298880016664043,0.25,1,"HIGH MED MED",NA
75,5,96.2042977672264,75,1,1.49962949203847,"FISHED",0.276313491770998,0.25,1,"HIGH MED MED",NA
75,6,90.6733783075362,75,1,1.50338936780128,"FISHED",0.276313491770998,0.25,1,"HIGH MED MED",NA
75,7,62.1617662458607,74,0,0.499861079107029,"FISHED",0.298880016664043,0.25,1,"HIGH MED MED",NA
75,8,101.984610934248,75,1,1.50012755443872,"FISHED",0.276313491770998,0.25,1,"HIGH MED MED",NA
75,9,64.7176058514829,74,0,0.498448861954307,"FISHED",0.298880016664043,0.25,1,"HIGH MED MED",NA
75,10,180.499321596457,81,7,7.50108182278917,"M",0.243389454390854,0.25,1,"HIGH MED MED",NA
76,1,95.7808863420436,76,1,1.49995038047413,"M",0.203165763895959,0.25,1,"HIGH MED MED",NA
76,2,131.923968429652,77,2,2.49976678694978,"FISHED",0.293844829872251,0.25,1,"HIGH MED MED",NA
76,3,60.1009380435886,75,0,0.500194879247061,"FISHED",0.276313491770998,0.25,1,"HIGH MED MED",NA
76,4,126.289074605932,77,2,2.50123084617121,"FISHED",0.293844829872251,0.25,1,"HIGH MED MED",NA
76,5,65.3582818365154,75,0,0.499368399194176,"FISHED",0.276313491770998,0.25,1,"HIGH MED MED",NA
76,6,128.677582501057,77,2,2.4989555856519,"FISHED",0.293844829872251,0.25,1,"HIGH MED MED",NA
76,7,62.1623781976951,75,0,0.500225787450975,"M",0.276313491770998,0.25,1,"HIGH MED MED",NA
76,8,98.9606883242293,76,1,1.49937593010766,"M",0.203165763895959,0.25,1,"HIGH MED MED",NA
76,9,186.731702146051,81,6,6.49962517785217,"M",0.243389454390854,0.25,1,"HIGH MED MED",NA
76,10,61.5095122892417,75,0,0.500307530634475,"M",0.276313491770998,0.25,1,"HIGH MED MED",NA
76,11,116.493482568492,77,2,2.49982148873635,"M",0.293844829872251,0.25,1,"HIGH MED MED",NA
76,12,61.3445244338748,75,0,0.500001208132178,"M",0.276313491770998,0.25,1,"HIGH MED MED",NA
77,1,124.241337195944,78,2,2.50171608339837,"M",0.235700136725791,0.25,1,"HIGH MED MED",NA
77,2,63.4252938128114,76,0,0.500033401366998,"FISHED",0.203165763895959,0.25,1,"HIGH MED MED",NA
77,3,157.420868627796,83,7,7.50026560037857,"M",0.244304483011365,0.25,1,"HIGH MED MED",NA
77,4,100.214405932346,77,1,1.49898317095664,"FISHED",0.293844829872251,0.25,1,"HIGH MED MED",NA
77,5,63.2349565835717,76,0,0.49897081197602,"M",0.203165763895959,0.25,1,"HIGH MED MED",NA
77,6,99.9900940173334,77,1,1.49954823310833,"M",0.293844829872251,0.25,1,"HIGH MED MED",NA
77,7,60.3023595907397,76,0,0.499252842580073,"FISHED",0.203165763895959,0.25,1,"HIGH MED MED",NA
77,8,59.5520550478021,76,0,0.500855735546653,"FISHED",0.203165763895959,0.25,1,"HIGH MED MED",NA
77,9,140.964731697812,79,3,3.49947683138784,"FISHED",0.21292851108592,0.25,1,"HIGH MED MED",NA
77,10,62.530300172339,76,0,0.501031949654942,"M",0.203165763895959,0.25,1,"HIGH MED MED",NA
77,11,100.423896539126,77,1,1.49856297251822,"M",0.293844829872251,0.25,1,"HIGH MED MED",NA
77,12,64.0075757741244,76,0,0.49933938179725,"FISHED",0.203165763895959,0.25,1,"HIGH MED MED",NA
78,1,63.3935235320475,77,0,0.501148361277209,"M",0.293844829872251,0.25,1,"HIGH MED MED",NA
78,2,162.02189640276,81,4,4.49903056134904,"M",0.243389454390854,0.25,1,"HIGH MED MED",NA
78,3,137.079770601698,80,3,3.49906549867213,"FISHED",0.242902605026029,0.25,1,"HIGH MED MED",NA
78,4,162.350047552924,81,4,4.49938962525903,"M",0.243389454390854,0.25,1,"HIGH MED MED",NA
78,5,61.4175814040485,77,0,0.499830771632809,"M",0.293844829872251,0.25,1,"HIGH MED MED",NA
78,6,63.8470639438291,77,0,0.500186977947651,"M",0.293844829872251,0.25,1,"HIGH MED MED",NA
78,7,62.7158977880301,77,0,0.501569241402762,"M",0.293844829872251,0.25,1,"HIGH MED MED",NA
78,8,134.64643884667,79,2,2.49911439003824,"FISHED",0.21292851108592,0.25,1,"HIGH MED MED",NA
78,9,93.2432641471409,78,1,1.50095369477237,"M",0.235700136725791,0.25,1,"HIGH MED MED",NA
78,10,135.584076689718,79,2,2.501057213889,"FISHED",0.21292851108592,0.25,1,"HIGH MED MED",NA
78,11,174.790517560783,81,4,4.50003363358605,"FISHED",0.243389454390854,0.25,1,"HIGH MED MED",NA
78,12,166.275984028635,81,4,4.50021804387899,"M",0.243389454390854,0.25,1,"HIGH MED MED",NA
79,1,60.3060320649912,78,0,0.498017905583684,"FISHED",0.235700136725791,0.25,1,"HIGH MED MED",NA
79,2,152.735754143922,81,3,3.49959886276289,"M",0.243389454390854,0.25,1,"HIGH MED MED",NA
79,3,97.3246370677869,79,1,1.50038106419386,"M",0.21292851108592,0.25,1,"HIGH MED MED",NA
79,4,65.1187203290866,78,0,0.501026425573174,"M",0.235700136725791,0.25,1,"HIGH MED MED",NA
79,5,98.5538015498848,79,1,1.50013879057589,"M",0.21292851108592,0.25,1,"HIGH MED MED",NA
79,6,62.8180964684006,78,0,0.500145290759238,"FISHED",0.235700136725791,0.25,1,"HIGH MED MED",NA
79,7,60.3759814934939,78,0,0.500947180848454,"M",0.235700136725791,0.25,1,"HIGH MED MED",NA
79,8,61.1832482346821,78,0,0.500761065188364,"FISHED",0.235700136725791,0.25,1,"HIGH MED MED",NA
79,9,64.2924849430812,78,0,0.499415057750377,"M",0.235700136725791,0.25,1,"HIGH MED MED",NA
79,10,96.2889613671104,79,1,1.50055134179221,"FISHED",0.21292851108592,0.25,1,"HIGH MED MED",NA
79,11,62.2799790620017,78,0,0.498363129125712,"M",0.235700136725791,0.25,1,"HIGH MED MED",NA
79,12,61.9535306240724,78,0,0.500379982055655,"M",0.235700136725791,0.25,1,"HIGH MED MED",NA
79,13,99.4039211542595,79,1,1.4982173597123,"FISHED",0.21292851108592,0.25,1,"HIGH MED MED",NA
80,1,95.89794554458,80,1,1.50115884191053,"FISHED",0.242902605026029,0.25,1,"HIGH MED MED",NA
80,2,105.736138177704,80,1,1.50002137776591,"M",0.242902605026029,0.25,1,"HIGH MED MED",NA
80,3,175.614017412309,83,4,4.50018265829306,"M",0.244304483011365,0.25,1,"HIGH MED MED",NA
80,4,100.837136057749,80,1,1.49940671737672,"FISHED",0.242902605026029,0.25,1,"HIGH MED MED",NA
80,5,97.4959618184783,80,1,1.49974562476771,"M",0.242902605026029,0.25,1,"HIGH MED MED",NA
80,6,96.1945882116314,80,1,1.50022251875416,"FISHED",0.242902605026029,0.25,1,"HIGH MED MED",NA
80,7,121.59425512735,81,2,2.49724778764599,"M",0.243389454390854,0.25,1,"HIGH MED MED",NA
80,8,102.288440579943,80,1,1.49964257001168,"M",0.242902605026029,0.25,1,"HIGH MED MED",NA
80,9,174.344948561469,84,5,5.49926564742202,"FISHED",0.270324502955191,0.25,1,"HIGH MED MED",NA
80,10,100.140078061104,80,1,1.50151374667889,"FISHED",0.242902605026029,0.25,1,"HIGH MED MED",NA
80,11,131.905838480842,82,3,3.50215954803228,"M",0.224100719415583,0.25,1,"HIGH MED MED",NA
80,12,153.694199302547,82,3,3.49955268244998,"M",0.224100719415583,0.25,1,"HIGH MED MED",NA
80,13,62.6693027867994,79,0,0.499672163937094,"M",0.21292851108592,0.25,1,"HIGH MED MED",NA
81,1,126.015051972364,82,2,2.50004265215299,"FISHED",0.224100719415583,0.25,1,"HIGH MED MED",NA
81,2,163.931375714271,87,7,7.49932501200279,"M",0.232591123785824,0.25,1,"HIGH MED MED",NA
81,3,60.9107772797671,80,0,0.50044846702556,"FISHED",0.242902605026029,0.25,1,"HIGH MED MED",NA
81,4,91.609215667905,81,1,1.49874343182899,"M",0.243389454390854,0.25,1,"HIGH MED MED",NA
81,5,90.2057649722639,81,1,1.49913419698985,"M",0.243389454390854,0.25,1,"HIGH MED MED",NA
81,6,62.5183173742996,80,0,0.502166752929254,"M",0.242902605026029,0.25,1,"HIGH MED MED",NA
81,7,61.1217010650116,80,0,0.499882225358032,"FISHED",0.242902605026029,0.25,1,"HIGH MED MED",NA
81,8,130.019167033927,82,2,2.49944155124578,"FISHED",0.224100719415583,0.25,1,"HIGH MED MED",NA
81,9,120.21530250805,82,2,2.49922562117413,"FISHED",0.224100719415583,0.25,1,"HIGH MED MED",NA
81,10,65.318264893704,80,0,0.500386402084165,"M",0.242902605026029,0.25,1,"HIGH MED MED",NA
81,11,92.3436969938249,81,1,1.49815831274931,"FISHED",0.243389454390854,0.25,1,"HIGH MED MED",NA
81,12,125.810570236907,82,2,2.4995747504539,"FISHED",0.224100719415583,0.25,1,"HIGH MED MED",NA
82,1,236.866955295307,93,12,12.4993131824882,"FISHED",0.272041123011149,0.25,1,"HIGH MED MED",NA
82,2,151.222688992674,84,3,3.4975060247046,"FISHED",0.270324502955191,0.25,1,"HIGH MED MED",NA
82,3,99.4295702749022,82,1,1.5000568537336,"M",0.224100719415583,0.25,1,"HIGH MED MED",NA
82,4,134.949502018692,83,2,2.50003558088839,"FISHED",0.244304483011365,0.25,1,"HIGH MED MED",NA
82,5,97.182153157862,82,1,1.49863288344979,"M",0.224100719415583,0.25,1,"HIGH MED MED",NA
82,6,253.478847815614,89,8,8.50060983490924,"M",0.261987211275846,0.25,1,"HIGH MED MED",NA
82,7,61.0421637022222,81,0,0.501510527172368,"M",0.243389454390854,0.25,1,"HIGH MED MED",NA
82,8,62.6354880185115,81,0,0.499398928809201,"M",0.243389454390854,0.25,1,"HIGH MED MED",NA
82,9,64.9941219937935,81,0,0.499668399125639,"M",0.243389454390854,0.25,1,"HIGH MED MED",NA
82,10,104.332014868767,82,1,1.49928014562778,"M",0.224100719415583,0.25,1,"HIGH MED MED",NA
83,1,61.6285250267632,82,0,0.499077201896519,"M",0.224100719415583,0.25,1,"HIGH MED MED",NA
83,2,98.5734810015606,83,1,1.50176920920417,"M",0.244304483011365,0.25,1,"HIGH MED MED",NA
83,3,62.803873506443,82,0,0.500673174763977,"M",0.224100719415583,0.25,1,"HIGH MED MED",NA
83,4,62.2014600542107,82,0,0.498761640179004,"FISHED",0.224100719415583,0.25,1,"HIGH MED MED",NA
83,5,99.9876223946879,83,1,1.5006617543436,"FISHED",0.244304483011365,0.25,1,"HIGH MED MED",NA
83,6,63.5835601674136,82,0,0.499016979508012,"M",0.224100719415583,0.25,1,"HIGH MED MED",NA
83,7,136.036365450236,85,3,3.49980838874212,"M",0.286093268124387,0.25,1,"HIGH MED MED",NA
83,8,99.8840111707447,83,1,1.50057485687803,"FISHED",0.244304483011365,0.25,1,"HIGH MED MED",NA
83,9,64.2750748056918,82,0,0.500846850235164,"FISHED",0.224100719415583,0.25,1,"HIGH MED MED",NA
83,10,63.1705428834545,82,0,0.502369190297738,"M",0.224100719415583,0.25,1,"HIGH MED MED",NA
83,11,62.0497805963561,82,0,0.498934084587095,"FISHED",0.224100719415583,0.25,1,"HIGH MED MED",NA
83,12,99.983711294513,83,1,1.49934846043147,"M",0.244304483011365,0.25,1,"HIGH MED MED",NA
83,13,130.042447255926,84,2,2.5015988921813,"M",0.270324502955191,0.25,1,"HIGH MED MED",NA
84,1,94.6082355611229,84,1,1.49836615371614,"M",0.270324502955191,0.25,1,"HIGH MED MED",NA
84,2,60.5276467127418,83,0,0.499048054439707,"FISHED",0.244304483011365,0.25,1,"HIGH MED MED",NA
84,3,64.0469290855793,83,0,0.499962399063211,"M",0.244304483011365,0.25,1,"HIGH MED MED",NA
84,4,172.470174888973,88,5,5.49893515800007,"FISHED",0.283799797506072,0.25,1,"HIGH MED MED",NA
84,5,62.3754382196205,83,0,0.500510985128946,"M",0.244304483011365,0.25,1,"HIGH MED MED",NA
84,6,97.0879369150637,84,1,1.49901408424091,"M",0.270324502955191,0.25,1,"HIGH MED MED",NA
84,7,123.694608144732,85,2,2.49890186039874,"FISHED",0.286093268124387,0.25,1,"HIGH MED MED",NA
84,8,167.503181671388,87,4,4.50066427097903,"M",0.232591123785824,0.25,1,"HIGH MED MED",NA
84,9,93.1900256763551,84,1,1.50091436428796,"M",0.270324502955191,0.25,1,"HIGH MED MED",NA
84,10,105.137367588355,84,1,1.50106073041175,"M",0.270324502955191,0.25,1,"HIGH MED MED",NA
84,11,193.170908514412,91,8,8.49955679698961,"FISHED",0.288480751379393,0.25,1,"HIGH MED MED",NA
85,1,61.2474736234391,84,0,0.49884179940803,"FISHED",0.270324502955191,0.25,1,"HIGH MED MED",NA
85,2,174.805810098316,88,4,4.50048365829574,"FISHED",0.283799797506072,0.25,1,"HIGH MED MED",NA
85,3,154.082255021118,88,4,4.5005248761874,"M",0.283799797506072,0.25,1,"HIGH MED MED",NA
85,4,63.2374236051881,84,0,0.500594521864436,"M",0.270324502955191,0.25,1,"HIGH MED MED",NA
85,5,126.913040380894,86,2,2.50012330932139,"FISHED",0.229420082946308,0.25,1,"HIGH MED MED",NA
85,6,63.2695303360988,84,0,0.499700689866089,"M",0.270324502955191,0.25,1,"HIGH MED MED",NA
85,7,157.17374512964,88,4,4.49899826909655,"FISHED",0.283799797506072,0.25,1,"HIGH MED MED",NA
85,8,95.4767085229416,85,1,1.49940178698004,"M",0.286093268124387,0.25,1,"HIGH MED MED",NA
85,9,64.1471976378109,84,0,0.49830110900619,"M",0.270324502955191,0.25,1,"HIGH MED MED",NA
85,10,103.760145487565,85,1,1.5007369950527,"M",0.286093268124387,0.25,1,"HIGH MED MED",NA
85,11,64.7358481563514,84,0,0.501631913086098,"FISHED",0.270324502955191,0.25,1,"HIGH MED MED",NA
86,1,62.5843640857153,85,0,0.501132241343185,"FISHED",0.286093268124387,0.25,1,"HIGH MED MED",NA
86,2,118.160105371456,87,2,2.49970406707503,"M",0.232591123785824,0.25,1,"HIGH MED MED",NA
86,3,62.4936127428444,85,0,0.498950437915108,"FISHED",0.286093268124387,0.25,1,"HIGH MED MED",NA
86,4,62.3628875854613,85,0,0.498742254603406,"M",0.286093268124387,0.25,1,"HIGH MED MED",NA
86,5,99.7655662714724,86,1,1.50101619696512,"FISHED",0.229420082946308,0.25,1,"HIGH MED MED",NA
86,6,160.768508567216,89,4,4.49805757920995,"FISHED",0.261987211275846,0.25,1,"HIGH MED MED",NA
86,7,96.0245393933199,86,1,1.4996614305186,"M",0.229420082946308,0.25,1,"HIGH MED MED",NA
86,8,99.9301406979046,86,1,1.50009934081387,"FISHED",0.229420082946308,0.25,1,"HIGH MED MED",NA
86,9,121.979584518688,87,2,2.50174306733161,"FISHED",0.232591123785824,0.25,1,"HIGH MED MED",NA
87,1,103.0639680319,87,1,1.49861668362877,"M",0.232591123785824,0.25,1,"HIGH MED MED",NA
87,2,102.707370777109,87,1,1.5004037074409,"M",0.232591123785824,0.25,1,"HIGH MED MED",NA
87,3,97.3167862333516,87,1,1.50059999765454,"FISHED",0.232591123785824,0.25,1,"HIGH MED MED",NA
87,4,63.6762917332758,86,0,0.498289033425212,"M",0.229420082946308,0.25,1,"HIGH MED MED",NA
87,5,63.374129416049,86,0,0.499697901116037,"FISHED",0.229420082946308,0.25,1,"HIGH MED MED",NA
87,6,100.172175728021,87,1,1.50048699164163,"M",0.232591123785824,0.25,1,"HIGH MED MED",NA
87,7,92.1224065606658,87,1,1.498920523111,"FISHED",0.232591123785824,0.25,1,"HIGH MED MED",NA
87,8,99.7325287133583,87,1,1.50084219247793,"FISHED",0.232591123785824,0.25,1,"HIGH MED MED",NA
87,9,151.629154784148,89,3,3.49893915684144,"M",0.261987211275846,0.25,1,"HIGH MED MED",NA
87,10,61.5077689576471,86,0,0.500844731428397,"FISHED",0.229420082946308,0.25,1,"HIGH MED MED",NA
88,1,102.875653842186,88,1,1.49829726400478,"M",0.283799797506072,0.25,1,"HIGH MED MED",NA
88,2,128.954713583608,89,2,2.49871502249964,"FISHED",0.261987211275846,0.25,1,"HIGH MED MED",NA
88,3,62.3035577074232,87,0,0.500963481058551,"FISHED",0.232591123785824,0.25,1,"HIGH MED MED",NA
88,4,59.8633281275144,87,0,0.500975486444831,"M",0.232591123785824,0.25,1,"HIGH MED MED",NA
88,5,64.7183847835536,87,0,0.500709367588496,"FISHED",0.232591123785824,0.25,1,"HIGH MED MED",NA
88,6,66.5437195215812,87,0,0.499952437485119,"M",0.232591123785824,0.25,1,"HIGH MED MED",NA
88,7,124.76937683815,89,2,2.50005448851984,"M",0.261987211275846,0.25,1,"HIGH MED MED",NA
88,8,129.722333954667,89,2,2.49753795547814,"M",0.261987211275846,0.25,1,"HIGH MED MED",NA
88,9,63.9502307018001,87,0,0.499700683110533,"M",0.232591123785824,0.25,1,"HIGH MED MED",NA
88,10,97.6603545000093,88,1,1.49868053337137,"M",0.283799797506072,0.25,1,"HIGH MED MED",NA
88,11,63.976777574372,87,0,0.499135994375092,"FISHED",0.232591123785824,0.25,1,"HIGH MED MED",NA
88,12,63.5218413561236,87,0,0.501979054656583,"FISHED",0.232591123785824,0.25,1,"HIGH MED MED",NA
89,1,102.163376864777,89,1,1.50126905587244,"M",0.261987211275846,0.25,1,"HIGH MED MED",NA
89,2,163.167224575562,93,5,5.49968812414186,"FISHED",0.272041123011149,0.25,1,"HIGH MED MED",NA
89,3,96.0479044387708,89,1,1.49906674904672,"M",0.261987211275846,0.25,1,"HIGH MED MED",NA
89,4,60.7750965971362,88,0,0.499248647901414,"M",0.283799797506072,0.25,1,"HIGH MED MED",NA
89,5,106.62583185572,89,1,1.50026084746938,"FISHED",0.261987211275846,0.25,1,"HIGH MED MED",NA
89,6,62.2540452141997,88,0,0.49834260243348,"M",0.283799797506072,0.25,1,"HIGH MED MED",NA
89,7,61.6198181639681,88,0,0.500540010570282,"M",0.283799797506072,0.25,1,"HIGH MED MED",NA
89,8,102.882249386622,89,1,1.49897819235295,"FISHED",0.261987211275846,0.25,1,"HIGH MED MED",NA
89,9,62.3289245458495,88,0,0.499299918838483,"M",0.283799797506072,0.25,1,"HIGH MED MED",NA
90,1,62.1471589330686,89,0,0.49929441621635,"FISHED",0.261987211275846,0.25,1,"HIGH MED MED",NA
90,2,150.748684024327,92,3,3.50096856306404,"M",0.270152151794173,0.25,1,"HIGH MED MED",NA
90,3,129.690974860822,91,2,2.49935907593481,"M",0.288480751379393,0.25,1,"HIGH MED MED",NA
90,4,65.6770991570219,89,0,0.499690683838985,"M",0.261987211275846,0.25,1,"HIGH MED MED",NA
90,5,97.7316816278093,90,1,1.49979805983892,"M",0.279136699880473,0.25,1,"HIGH MED MED",NA
90,6,172.408969204977,93,4,4.50075585508072,"M",0.272041123011149,0.25,1,"HIGH MED MED",NA
90,7,132.507573940512,92,3,3.49950053778095,"FISHED",0.270152151794173,0.25,1,"HIGH MED MED",NA
90,8,63.1695645949393,89,0,0.49907575929237,"M",0.261987211275846,0.25,1,"HIGH MED MED",NA
90,9,59.1091757341041,89,0,0.500403682111064,"FISHED",0.261987211275846,0.25,1,"HIGH MED MED",NA
90,10,99.9136089293241,90,1,1.49973198534633,"FISHED",0.279136699880473,0.25,1,"HIGH MED MED",NA
90,11,63.1223888602815,89,0,0.500135522345239,"M",0.261987211275846,0.25,1,"HIGH MED MED",NA
91,1,130.06804460704,92,2,2.49934631348089,"FISHED",0.270152151794173,0.25,1,"HIGH MED MED",NA
91,2,62.2738464692929,90,0,0.498987447335916,"M",0.279136699880473,0.25,1,"HIGH MED MED",NA
91,3,150.029053213514,93,3,3.49999849166008,"FISHED",0.272041123011149,0.25,1,"HIGH MED MED",NA
91,4,129.828788613327,92,2,2.502604905009,"FISHED",0.270152151794173,0.25,1,"HIGH MED MED",NA
91,5,62.5663326893463,90,0,0.500796782441605,"M",0.279136699880473,0.25,1,"HIGH MED MED",NA
91,6,122.857951053712,92,2,2.49982366448108,"M",0.270152151794173,0.25,1,"HIGH MED MED",NA
91,7,163.12364704872,95,5,5.50016389886961,"M",0.233703267131932,0.25,1,"HIGH MED MED",NA
91,8,64.0419166704307,90,0,0.499949151902009,"FISHED",0.279136699880473,0.25,1,"HIGH MED MED",NA
91,9,104.516365383347,91,1,1.50197600750491,"M",0.288480751379393,0.25,1,"HIGH MED MED",NA
91,10,164.18383191608,94,4,4.49987973492383,"M",0.245900193299167,0.25,1,"HIGH MED MED",NA
91,11,101.465816709353,91,1,1.50032999067866,"FISHED",0.288480751379393,0.25,1,"HIGH MED MED",NA
92,1,150.290291407086,94,3,3.50075417550266,"M",0.245900193299167,0.25,1,"HIGH MED MED",NA
92,2,136.02528077199,94,3,3.50037343442496,"M",0.245900193299167,0.25,1,"HIGH MED MED",NA
92,3,144.726745005552,94,3,3.50121339254889,"M",0.245900193299167,0.25,1,"HIGH MED MED",NA
92,4,100.52827805093,92,1,1.49884131120637,"M",0.270152151794173,0.25,1,"HIGH MED MED",NA
92,5,63.897284543152,91,0,0.500002306213627,"M",0.288480751379393,0.25,1,"HIGH MED MED",NA
92,6,178.172753362053,99,8,8.4999777641188,"FISHED",0.291166042885743,0.25,1,"HIGH MED MED",NA
92,7,98.5249149765446,92,1,1.50080944061895,"M",0.270152151794173,0.25,1,"HIGH MED MED",NA
92,8,129.285090278433,93,2,2.4993169039313,"M",0.272041123011149,0.25,1,"HIGH MED MED",NA
92,9,60.9939961155285,91,0,0.499767865471442,"FISHED",0.288480751379393,0.25,1,"HIGH MED MED",NA
92,10,63.3177478937156,91,0,0.500054175158029,"M",0.288480751379393,0.25,1,"HIGH MED MED",NA
92,11,95.873649533361,92,1,1.50022343045841,"FISHED",0.270152151794173,0.25,1,"HIGH MED MED",NA
93,1,62.4830032069693,92,0,0.499419082115761,"M",0.270152151794173,0.25,1,"HIGH MED MED",NA
93,2,64.2412963683492,92,0,0.500381585714958,"FISHED",0.270152151794173,0.25,1,"HIGH MED MED",NA
93,3,63.4946432278836,92,0,0.499594570198016,"FISHED",0.270152151794173,0.25,1,"HIGH MED MED",NA
93,4,95.1140973386699,93,1,1.50056633672831,"M",0.272041123011149,0.25,1,"HIGH MED MED",NA
93,5,197.410599591656,99,7,7.498625612367,"FISHED",0.291166042885743,0.25,1,"HIGH MED MED",NA
93,6,62.9229963856594,92,0,0.500474720870248,"M",0.270152151794173,0.25,1,"HIGH MED MED",NA
93,7,119.139213722697,94,2,2.50033098958405,"M",0.245900193299167,0.25,1,"HIGH MED MED",NA
93,8,61.9072753726312,92,0,0.499631114828697,"M",0.270152151794173,0.25,1,"HIGH MED MED",NA
93,9,63.9370864083214,92,0,0.499618441742394,"FISHED",0.270152151794173,0.25,1,"HIGH MED MED",NA
93,10,96.9380208422639,93,1,1.50060117732128,"FISHED",0.272041123011149,0.25,1,"HIGH MED MED",NA
93,11,62.3703689004362,92,0,0.501205807776439,"FISHED",0.270152151794173,0.25,1,"HIGH MED MED",NA
94,1,103.926456270746,94,1,1.50044713267086,"M",0.245900193299167,0.25,1,"HIGH MED MED",NA
94,2,63.3782457337408,93,0,0.50026537876248,"M",0.272041123011149,0.25,1,"HIGH MED MED",NA
94,3,107.69880114996,94,1,1.49928594069571,"M",0.245900193299167,0.25,1,"HIGH MED MED",NA
94,4,97.8668847436653,94,1,1.50133241325492,"M",0.245900193299167,0.25,1,"HIGH MED MED",NA
94,5,63.316239748262,93,0,0.499975382723481,"FISHED",0.272041123011149,0.25,1,"HIGH MED MED",NA
94,6,61.2724557927868,93,0,0.49814531414566,"M",0.272041123011149,0.25,1,"HIGH MED MED",NA
94,7,201.607373844986,98,5,5.4986588608278,"M",0.254291663970798,0.25,1,"HIGH MED MED",NA
94,8,123.680084827013,95,2,2.50008900151414,"M",0.233703267131932,0.25,1,"HIGH MED MED",NA
94,9,126.523577798864,95,2,2.50068681205632,"FISHED",0.233703267131932,0.25,1,"HIGH MED MED",NA
94,10,126.634709526324,95,2,2.49981986391974,"M",0.233703267131932,0.25,1,"HIGH MED MED",NA
95,1,91.8800919817559,95,1,1.49965846968143,"FISHED",0.233703267131932,0.25,1,"HIGH MED MED",NA
95,2,60.6501836905989,94,0,0.499814191264577,"FISHED",0.245900193299167,0.25,1,"HIGH MED MED",NA
95,3,98.5056732046035,95,1,1.49930492893439,"M",0.233703267131932,0.25,1,"HIGH MED MED",NA
95,4,139.22771494489,96,2,2.50086201349782,"M",0.218544926936738,0.25,1,"HIGH MED MED",NA
95,5,112.714167068015,96,2,2.499060209649,"M",0.218544926936738,0.25,1,"HIGH MED MED",NA
95,6,97.1296838620542,95,1,1.50042476162223,"M",0.233703267131932,0.25,1,"HIGH MED MED",NA
95,7,61.1703059850023,94,0,0.500325001501549,"M",0.245900193299167,0.25,1,"HIGH MED MED",NA
95,8,94.1392436984625,95,1,1.50028083188074,"M",0.233703267131932,0.25,1,"HIGH MED MED",NA
95,9,62.8631039571203,94,0,0.500287071685297,"FISHED",0.245900193299167,0.25,1,"HIGH MED MED",NA
95,10,59.985605660399,94,0,0.499449205853703,"M",0.245900193299167,0.25,1,"HIGH MED MED",NA
95,11,137.083052958969,96,2,2.50155674968465,"FISHED",0.218544926936738,0.25,1,"HIGH MED MED",NA
96,1,63.8599259199749,95,0,0.500556283621714,"M",0.233703267131932,0.25,1,"HIGH MED MED",NA
96,2,63.8933966382731,95,0,0.501321231094446,"M",0.233703267131932,0.25,1,"HIGH MED MED",NA
96,3,65.444756028401,95,0,0.499012715440858,"M",0.233703267131932,0.25,1,"HIGH MED MED",NA
96,4,97.099650473196,96,1,1.50102094696759,"M",0.218544926936738,0.25,1,"HIGH MED MED",NA
96,5,117.449543474911,97,2,2.50045597876533,"FISHED",0.23446515747346,0.25,1,"HIGH MED MED",NA
96,6,96.2719324370619,96,1,1.49981552677504,"FISHED",0.218544926936738,0.25,1,"HIGH MED MED",NA
96,7,63.6003010827949,95,0,0.499625622396161,"FISHED",0.233703267131932,0.25,1,"HIGH MED MED",NA
96,8,60.0909949361981,95,0,0.501153988120962,"FISHED",0.233703267131932,0.25,1,"HIGH MED MED",NA
96,9,61.9196466979291,95,0,0.500888088448507,"FISHED",0.233703267131932,0.25,1,"HIGH MED MED",NA
96,10,64.5528270336217,95,0,0.499465834486196,"FISHED",0.233703267131932,0.25,1,"HIGH MED MED",NA
96,11,101.778694372432,96,1,1.50038495219955,"FISHED",0.218544926936738,0.25,1,"HIGH MED MED",NA
97,1,97.5789109444107,97,1,1.50028774622178,"M",0.23446515747346,0.25,1,"HIGH MED MED",NA
97,2,93.9896963757905,97,1,1.49878693426158,"FISHED",0.23446515747346,0.25,1,"HIGH MED MED",NA
97,3,100.854942600833,97,1,1.49737038365976,"M",0.23446515747346,0.25,1,"HIGH MED MED",NA
97,4,92.5178887996798,97,1,1.49973291196093,"M",0.23446515747346,0.25,1,"HIGH MED MED",NA
97,5,128.411389245585,98,2,2.49973484894757,"FISHED",0.254291663970798,0.25,1,"HIGH MED MED",NA
97,6,105.191879049478,97,1,1.49968183925921,"FISHED",0.23446515747346,0.25,1,"HIGH MED MED",NA
97,7,62.6729138310605,96,0,0.500255350453679,"FISHED",0.218544926936738,0.25,1,"HIGH MED MED",NA
97,8,128.279415757164,98,2,2.49847365937614,"M",0.254291663970798,0.25,1,"HIGH MED MED",NA
97,9,60.5462515510706,96,0,0.500603265163704,"M",0.218544926936738,0.25,1,"HIGH MED MED",NA
98,1,129.247322135171,99,2,2.50198723283479,"FISHED",0.291166042885743,0.25,1,"HIGH MED MED",NA
98,2,147.132942715607,100,3,3.50051563911166,"FISHED",0.286041762284003,0.25,1,"HIGH MED MED",NA
98,3,92.2254724223357,98,1,1.49953925520783,"FISHED",0.254291663970798,0.25,1,"HIGH MED MED",NA
98,4,101.221030726272,98,1,1.50127676267027,"M",0.254291663970798,0.25,1,"HIGH MED MED",NA
98,5,60.1570963512426,97,0,0.500163832802326,"FISHED",0.23446515747346,0.25,1,"HIGH MED MED",NA
98,6,137.766403532097,99,2,2.4996467796266,"FISHED",0.291166042885743,0.25,1,"HIGH MED MED",NA
98,7,134.96843335716,99,2,2.50057137693767,"M",0.291166042885743,0.25,1,"HIGH MED MED",NA
98,8,63.0854745995394,97,0,0.498504736453501,"M",0.23446515747346,0.25,1,"HIGH MED MED",NA
98,9,128.364067870939,99,2,2.49957950093941,"FISHED",0.291166042885743,0.25,1,"HIGH MED MED",NA
98,10,101.40034859093,98,1,1.50102379889419,"M",0.254291663970798,0.25,1,"HIGH MED MED",NA
98,11,148.908805095602,100,3,3.49994643937182,"M",0.286041762284003,0.25,1,"HIGH MED MED",NA
99,1,63.4964682646467,98,0,0.499463703943954,"M",0.254291663970798,0.25,1,"HIGH MED MED",NA
99,2,62.5286936905711,98,0,0.501263838478086,"M",0.254291663970798,0.25,1,"HIGH MED MED",NA
99,3,101.673826772131,99,1,1.49943883868318,"M",0.291166042885743,0.25,1,"HIGH MED MED",NA
99,4,132.25439251199,100,2,2.50040194573431,"M",0.286041762284003,0.25,1,"HIGH MED MED",NA
99,5,65.5709251397048,98,0,0.50060237272077,"FISHED",0.254291663970798,0.25,1,"HIGH MED MED",NA
99,6,60.355571499363,98,0,0.500278510388876,"M",0.254291663970798,0.25,1,"HIGH MED MED",NA
99,7,63.5542272162654,98,0,0.500495882806066,"M",0.254291663970798,0.25,1,"HIGH MED MED",NA
99,8,97.0387606825847,99,1,1.49936030006547,"M",0.291166042885743,0.25,1,"HIGH MED MED",NA
99,9,62.1598347389739,98,0,0.500425231896537,"M",0.254291663970798,0.25,1,"HIGH MED MED",NA
99,10,98.1505386996839,99,1,1.4994238272731,"FISHED",0.291166042885743,0.25,1,"HIGH MED MED",NA
100,1,61.4934365800362,99,0,0.500994044968193,"M",0.291166042885743,0.25,1,"HIGH MED MED",NA
100,2,98.7080783185181,100,1,1.5003967779608,"M",0.286041762284003,0.25,1,"HIGH MED MED",NA
100,3,65.5902956069212,99,0,0.500092824128645,"FISHED",0.291166042885743,0.25,1,"HIGH MED MED",NA
100,4,62.9654588080885,99,0,0.500792099405898,"FISHED",0.291166042885743,0.25,1,"HIGH MED MED",NA
100,5,61.6217415115103,99,0,0.499312981079462,"M",0.291166042885743,0.25,1,"HIGH MED MED",NA
100,6,65.0901384490489,99,0,0.501686017705848,"FISHED",0.291166042885743,0.25,1,"HIGH MED MED",NA
100,7,61.4995652160776,99,0,0.500473989031079,"M",0.291166042885743,0.25,1,"HIGH MED MED",NA
100,8,63.8749131877087,99,0,0.501140834983659,"M",0.291166042885743,0.25,1,"HIGH MED MED",NA
100,9,99.0997960904942,100,1,1.50062631105999,"FISHED",0.286041762284003,0.25,1,"HIGH MED MED",NA
100,10,61.9180453051306,99,0,0.502267382442859,"M",0.291166042885743,0.25,1,"HIGH MED MED",NA
100,11,60.8259387461512,99,0,0.500719826145301,"M",0.291166042885743,0.25,1,"HIGH MED MED",NA
