"cohort","ind","fish_size","Year","Age","AgeE","dtype","FMORT","M","Sel","FSIM","REG"
1,1,66.111897360755,0,0,0.498773847467645,"M",0,0.25,1,"LOW MED NA",NA
1,2,63.6477976767171,0,0,0.500357215589303,"M",0,0.25,1,"LOW MED NA",NA
1,3,62.5959103589255,0,0,0.498957868637826,"M",0,0.25,1,"LOW MED NA",NA
1,4,182.039222885625,5,5,5.49967198579123,"M",0,0.25,1,"LOW MED NA",NA
1,5,126.774196202397,2,2,2.50131739402962,"M",0,0.25,1,"LOW MED NA",NA
1,6,121.552711335274,2,2,2.50074773275695,"M",0,0.25,1,"LOW MED NA",NA
1,7,127.669872234566,2,2,2.50149241163319,"M",0,0.25,1,"LOW MED NA",NA
1,8,60.4559615097691,0,0,0.499081358049929,"M",0,0.25,1,"LOW MED NA",NA
1,9,143.598743856945,3,3,3.49941046490686,"M",0,0.25,1,"LOW MED NA",NA
1,10,142.956625330064,3,3,3.49908050801605,"M",0,0.25,1,"LOW MED NA",NA
1,11,61.6377984600854,0,0,0.499042106070612,"M",0,0.25,1,"LOW MED NA",NA
2,1,91.8423464112695,2,1,1.50070235073729,"M",0,0.25,1,"LOW MED NA",NA
2,2,150.349939520066,4,3,3.49884629752605,"M",0,0.25,1,"LOW MED NA",NA
2,3,209.529538912201,9,8,8.49998573631724,"M",0,0.25,1,"LOW MED NA",NA
2,4,129.589151162045,3,2,2.50312572222775,"M",0,0.25,1,"LOW MED NA",NA
2,5,137.157571460744,3,2,2.49946947667408,"M",0,0.25,1,"LOW MED NA",NA
2,6,163.365271660175,5,4,4.50033840715562,"M",0,0.25,1,"LOW MED NA",NA
2,7,63.2893756278762,1,0,0.499857167278743,"M",0,0.25,1,"LOW MED NA",NA
2,8,123.919091790624,3,2,2.50206640349035,"M",0,0.25,1,"LOW MED NA",NA
2,9,203.271638258167,11,10,10.5007799823947,"M",0,0.25,1,"LOW MED NA",NA
2,10,151.874873196906,4,3,3.49991824933706,"M",0,0.25,1,"LOW MED NA",NA
2,11,220.874455357465,10,9,9.50142965510137,"M",0,0.25,1,"LOW MED NA",NA
2,12,63.8823125969803,1,0,0.500185131797951,"M",0,0.25,1,"LOW MED NA",NA
2,13,217.908021536633,13,12,12.5007135375449,"M",0,0.25,1,"LOW MED NA",NA
3,1,98.9652758783146,3,1,1.4990699797452,"M",0,0.25,1,"LOW MED NA",NA
3,2,123.713805386092,4,2,2.49855252596243,"M",0,0.25,1,"LOW MED NA",NA
3,3,117.075950933466,4,2,2.49903513469299,"M",0,0.25,1,"LOW MED NA",NA
3,4,210.388799342329,12,10,10.4996615353272,"M",0,0.25,1,"LOW MED NA",NA
3,5,65.4137714897823,2,0,0.499670491243981,"M",0,0.25,1,"LOW MED NA",NA
3,6,172.080431198715,7,5,5.50265507311784,"M",0,0.25,1,"LOW MED NA",NA
3,7,98.9165998861888,3,1,1.50067977999074,"M",0,0.25,1,"LOW MED NA",NA
3,8,129.485554812537,4,2,2.50018441323838,"M",0,0.25,1,"LOW MED NA",NA
3,9,168.622204708595,5,3,3.49930805459507,"M",0,0.25,1,"LOW MED NA",NA
3,10,62.2544836653091,2,0,0.499951873593399,"M",0,0.25,1,"LOW MED NA",NA
3,11,122.514325330626,4,2,2.49945410373858,"M",0,0.25,1,"LOW MED NA",NA
3,12,130.40639438795,4,2,2.50014152130144,"M",0,0.25,1,"LOW MED NA",NA
3,13,60.9725967297623,2,0,0.501132953317099,"M",0,0.25,1,"LOW MED NA",NA
4,1,215.806036724839,15,12,12.4980328619465,"M",0,0.25,1,"LOW MED NA",NA
4,2,93.6760861125071,4,1,1.50003482549414,"M",0,0.25,1,"LOW MED NA",NA
4,3,60.8079542462741,3,0,0.499163349910785,"M",0,0.25,1,"LOW MED NA",NA
4,4,61.6029689173866,3,0,0.49950291413375,"M",0,0.25,1,"LOW MED NA",NA
4,5,181.93303695883,7,4,4.50078630354102,"M",0,0.25,1,"LOW MED NA",NA
4,6,61.5595700136608,3,0,0.501692077968304,"M",0,0.25,1,"LOW MED NA",NA
4,7,95.4065205742726,4,1,1.4994998050777,"M",0,0.25,1,"LOW MED NA",NA
4,8,150.985306771912,6,3,3.50149246856773,"M",0,0.25,1,"LOW MED NA",NA
4,9,187.397704406069,7,4,4.49944765203504,"M",0,0.25,1,"LOW MED NA",NA
4,10,161.601352601946,8,5,5.50031419477065,"M",0,0.25,1,"LOW MED NA",NA
5,1,94.750911215804,5,1,1.49782613171866,"M",0,0.25,1,"LOW MED NA",NA
5,2,61.0844144592587,4,0,0.499497084468218,"M",0,0.25,1,"LOW MED NA",NA
5,3,212.957933928647,16,12,12.4996440756184,"M",0,0.25,1,"LOW MED NA",NA
5,4,104.191764352736,5,1,1.4996665066011,"M",0,0.25,1,"LOW MED NA",NA
5,5,63.6539949845891,4,0,0.500545715303355,"M",0,0.25,1,"LOW MED NA",NA
5,6,63.1966874124651,4,0,0.499870726963072,"M",0,0.25,1,"LOW MED NA",NA
5,7,136.868853724055,6,2,2.49943273763388,"M",0,0.25,1,"LOW MED NA",NA
5,8,60.3611388288491,4,0,0.500117302214409,"M",0,0.25,1,"LOW MED NA",NA
5,9,171.290944962637,9,5,5.49981876112979,"M",0,0.25,1,"LOW MED NA",NA
5,10,134.865579138824,6,2,2.50108751035273,"M",0,0.25,1,"LOW MED NA",NA
5,11,180.967290059335,11,7,7.50104042486507,"M",0,0.25,1,"LOW MED NA",NA
5,12,204.924499646081,11,7,7.50201544462353,"M",0,0.25,1,"LOW MED NA",NA
6,1,89.3990804206087,6,1,1.50145321085293,"M",0,0.25,1,"LOW MED NA",NA
6,2,129.080776227968,7,2,2.50156529404991,"M",0,0.25,1,"LOW MED NA",NA
6,3,61.4944780405495,5,0,0.499443794180136,"M",0,0.25,1,"LOW MED NA",NA
6,4,170.913870380634,10,5,5.50208850803761,"M",0,0.25,1,"LOW MED NA",NA
6,5,173.997425595325,9,4,4.50173690981198,"M",0,0.25,1,"LOW MED NA",NA
6,6,178.294741181736,9,4,4.49884242080748,"M",0,0.25,1,"LOW MED NA",NA
6,7,175.012618915005,14,9,9.50209373433421,"M",0,0.25,1,"LOW MED NA",NA
6,8,62.0115512111293,5,0,0.501158162283455,"M",0,0.25,1,"LOW MED NA",NA
6,9,92.240737879421,6,1,1.49827635179663,"M",0,0.25,1,"LOW MED NA",NA
6,10,97.1761938112978,6,1,1.49981486378201,"M",0,0.25,1,"LOW MED NA",NA
7,1,96.7869254163822,7,1,1.49918890977243,"M",0,0.25,1,"LOW MED NA",NA
7,2,117.861828619173,8,2,2.50017853118995,"M",0,0.25,1,"LOW MED NA",NA
7,3,186.269158209964,14,8,8.50132174224835,"M",0,0.25,1,"LOW MED NA",NA
7,4,164.181467690058,9,3,3.49960925475716,"M",0,0.25,1,"LOW MED NA",NA
7,5,62.8458145557926,6,0,0.500464687831709,"M",0,0.25,1,"LOW MED NA",NA
7,6,95.9196493604646,7,1,1.49903557197987,"M",0,0.25,1,"LOW MED NA",NA
7,7,179.592954134332,13,7,7.5012564816325,"M",0,0.25,1,"LOW MED NA",NA
7,8,206.09975499089,19,13,13.5013311378011,"M",0,0.25,1,"LOW MED NA",NA
7,9,143.628379657371,9,3,3.49932155443333,"M",0,0.25,1,"LOW MED NA",NA
7,10,241.0502311847,18,12,12.4993913259429,"M",0,0.25,1,"LOW MED NA",NA
7,11,61.7028650170871,6,0,0.500081732369394,"M",0,0.25,1,"LOW MED NA",NA
8,1,179.92090170861,12,5,5.50027130777801,"M",0,0.25,1,"LOW MED NA",NA
8,2,273.872297964495,16,9,9.49882897908396,"M",0,0.25,1,"LOW MED NA",NA
8,3,95.0671625917026,8,1,1.49769395564786,"M",0,0.25,1,"LOW MED NA",NA
8,4,157.423041758598,11,4,4.49900328287867,"M",0,0.25,1,"LOW MED NA",NA
8,5,160.765605684007,11,4,4.50108274734919,"M",0,0.25,1,"LOW MED NA",NA
8,6,67.4422729862878,7,0,0.500028769375828,"M",0,0.25,1,"LOW MED NA",NA
8,7,95.9948794578111,8,1,1.49932108554007,"M",0,0.25,1,"LOW MED NA",NA
8,8,171.533860322097,11,4,4.49911290221852,"M",0,0.25,1,"LOW MED NA",NA
8,9,133.200313007585,10,3,3.5017863425073,"M",0,0.25,1,"LOW MED NA",NA
8,10,63.897915253763,7,0,0.499555732274655,"M",0,0.25,1,"LOW MED NA",NA
8,11,167.460601492965,12,5,5.4996708197795,"M",0,0.25,1,"LOW MED NA",NA
8,12,193.292728344805,15,8,8.50033751230686,"M",0,0.25,1,"LOW MED NA",NA
8,13,64.3026742594866,7,0,0.499859555098377,"M",0,0.25,1,"LOW MED NA",NA
9,1,61.3268360955473,8,0,0.500796439589507,"M",0,0.25,1,"LOW MED NA",NA
9,2,205.31914711985,18,10,10.4990443889292,"M",0,0.25,1,"LOW MED NA",NA
9,3,102.638071976658,9,1,1.5011372850246,"M",0,0.25,1,"LOW MED NA",NA
9,4,132.709732990433,10,2,2.49840559009367,"M",0,0.25,1,"LOW MED NA",NA
9,5,58.8178419829661,8,0,0.500391838106901,"M",0,0.25,1,"LOW MED NA",NA
9,6,131.505236882482,11,3,3.50089822957091,"M",0,0.25,1,"LOW MED NA",NA
9,7,61.3892328579618,8,0,0.501603880618303,"M",0,0.25,1,"LOW MED NA",NA
9,8,62.488464765842,8,0,0.500236267634584,"M",0,0.25,1,"LOW MED NA",NA
9,9,61.0031955649012,8,0,0.499883963803275,"M",0,0.25,1,"LOW MED NA",NA
9,10,210.429670158179,16,8,8.49972307825758,"M",0,0.25,1,"LOW MED NA",NA
9,11,199.122410850794,15,7,7.49962755465214,"M",0,0.25,1,"LOW MED NA",NA
10,1,198.116420296356,22,13,13.4999596282892,"M",0,0.25,1,"LOW MED NA",NA
10,2,181.631635274123,14,5,5.49965122336153,"M",0,0.25,1,"LOW MED NA",NA
10,3,194.610929838777,18,9,9.49959913352235,"M",0,0.25,1,"LOW MED NA",NA
10,4,63.4837193207796,9,0,0.498237057516779,"M",0,0.25,1,"LOW MED NA",NA
10,5,61.7916330259805,9,0,0.498385251948459,"M",0,0.25,1,"LOW MED NA",NA
10,6,160.14897951824,13,4,4.5006074578262,"M",0,0.25,1,"LOW MED NA",NA
10,7,96.8549902463269,10,1,1.49825603415317,"M",0,0.25,1,"LOW MED NA",NA
10,8,202.474955499791,17,8,8.497435418799,"M",0,0.25,1,"LOW MED NA",NA
10,9,205.278089923268,17,8,8.50052474986903,"M",0,0.25,1,"LOW MED NA",NA
10,10,100.478332285378,10,1,1.50124972181358,"M",0,0.25,1,"LOW MED NA",NA
10,11,192.377859628199,14,5,5.4999418800567,"M",0,0.25,1,"LOW MED NA",NA
10,12,61.4540112721802,9,0,0.500113695492611,"M",0,0.25,1,"LOW MED NA",NA
10,13,161.698952115079,13,4,4.50026525471613,"M",0,0.25,1,"LOW MED NA",NA
11,1,132.422781028925,12,2,2.50023399288352,"M",0,0.25,1,"LOW MED NA",NA
11,2,91.9197981449219,11,1,1.49898747283773,"M",0,0.25,1,"LOW MED NA",NA
11,3,153.745878352858,13,3,3.49891732379236,"M",0,0.25,1,"LOW MED NA",NA
11,4,118.713461593238,12,2,2.50036759395723,"M",0,0.25,1,"LOW MED NA",NA
11,5,239.640336811978,24,14,14.5004007395964,"M",0,0.25,1,"LOW MED NA",NA
11,6,207.16584842735,22,12,12.4987875180216,"M",0,0.25,1,"LOW MED NA",NA
11,7,63.3207907419317,10,0,0.498811187640544,"M",0,0.25,1,"LOW MED NA",NA
11,8,129.404123854369,12,2,2.49889422673585,"M",0,0.25,1,"LOW MED NA",NA
11,9,126.99952702617,12,2,2.49907793370914,"M",0,0.25,1,"LOW MED NA",NA
11,10,98.8425765684,11,1,1.4992015475969,"M",0,0.25,1,"LOW MED NA",NA
11,11,164.369164706763,14,4,4.50066697092998,"M",0,0.25,1,"LOW MED NA",NA
12,1,204.167015478349,23,12,12.4979998728638,"M",0,0.25,1,"LOW MED NA",NA
12,2,173.661699428271,17,6,6.49855764999926,"M",0,0.25,1,"LOW MED NA",NA
12,3,102.96684853471,12,1,1.49902350293082,"M",0,0.25,1,"LOW MED NA",NA
12,4,62.314268179044,11,0,0.499649925966394,"M",0,0.25,1,"LOW MED NA",NA
12,5,63.0281184499208,11,0,0.499811844582372,"M",0,0.25,1,"LOW MED NA",NA
12,6,153.409092622948,14,3,3.49923694181858,"M",0,0.25,1,"LOW MED NA",NA
12,7,141.365935482002,14,3,3.49924855199791,"M",0,0.25,1,"LOW MED NA",NA
12,8,65.3546706882983,11,0,0.501538921063301,"M",0,0.25,1,"LOW MED NA",NA
12,9,94.9657733450006,12,1,1.50009949938091,"M",0,0.25,1,"LOW MED NA",NA
12,10,98.048068536132,12,1,1.50161921209304,"M",0,0.25,1,"LOW MED NA",NA
12,11,97.9565773720373,12,1,1.50034875976272,"M",0,0.25,1,"LOW MED NA",NA
12,12,120.736445486607,13,2,2.49963819202326,"M",0,0.25,1,"LOW MED NA",NA
12,13,93.0474513433758,12,1,1.50136207609886,"M",0,0.25,1,"LOW MED NA",NA
12,14,174.915175889628,16,5,5.49840398751905,"M",0,0.25,1,"LOW MED NA",NA
13,1,60.8950436253335,12,0,0.500835747578219,"M",0,0.25,1,"LOW MED NA",NA
13,2,59.804119973831,12,0,0.501098893484001,"M",0,0.25,1,"LOW MED NA",NA
13,3,154.044554407831,15,3,3.50029520117976,"M",0,0.25,1,"LOW MED NA",NA
13,4,213.185806798967,19,7,7.50088500586619,"M",0,0.25,1,"LOW MED NA",NA
13,5,64.8925466648439,12,0,0.499959297015301,"M",0,0.25,1,"LOW MED NA",NA
13,6,146.091541924637,15,3,3.49849254970016,"M",0,0.25,1,"LOW MED NA",NA
13,7,117.202153314154,14,2,2.49896328368375,"M",0,0.25,1,"LOW MED NA",NA
13,8,62.3785565556105,12,0,0.4998515893129,"M",0,0.25,1,"LOW MED NA",NA
13,9,96.807080182807,13,1,1.49953911764113,"M",0,0.25,1,"LOW MED NA",NA
13,10,204.095339016539,20,8,8.49955009143515,"M",0,0.25,1,"LOW MED NA",NA
14,1,123.67172938001,15,2,2.50080648685558,"M",0,0.25,1,"LOW MED NA",NA
14,2,138.261271245688,16,3,3.49775862776213,"M",0,0.25,1,"LOW MED NA",NA
14,3,62.7184561268058,13,0,0.499513454635321,"M",0,0.25,1,"LOW MED NA",NA
14,4,65.3040750726249,13,0,0.500882854969681,"M",0,0.25,1,"LOW MED NA",NA
14,5,156.701631942203,17,4,4.50232824190046,"M",0,0.25,1,"LOW MED NA",NA
14,6,178.854171856171,17,4,4.49956888064707,"M",0,0.25,1,"LOW MED NA",NA
14,7,60.0835202428813,13,0,0.499013902318125,"M",0,0.25,1,"LOW MED NA",NA
14,8,123.747795571968,15,2,2.5004533075961,"M",0,0.25,1,"LOW MED NA",NA
14,9,99.1018616186444,14,1,1.49881910196951,"M",0,0.25,1,"LOW MED NA",NA
14,10,160.539103600429,18,5,5.50115958997804,"M",0,0.25,1,"LOW MED NA",NA
14,11,62.3343692242949,13,0,0.501301651678872,"M",0,0.25,1,"LOW MED NA",NA
14,12,95.3042015583036,14,1,1.49894635173336,"M",0,0.25,1,"LOW MED NA",NA
15,1,95.5591308463473,15,1,1.50011843582801,"M",0,0.25,1,"LOW MED NA",NA
15,2,207.51244713941,25,11,11.5006439740339,"M",0,0.25,1,"LOW MED NA",NA
15,3,64.7294464005212,14,0,0.499180014003954,"M",0,0.25,1,"LOW MED NA",NA
15,4,167.188433540306,18,4,4.49908106764618,"M",0,0.25,1,"LOW MED NA",NA
15,5,142.693154619435,18,4,4.49795755633447,"M",0,0.25,1,"LOW MED NA",NA
15,6,190.448257615016,19,5,5.49987900931522,"M",0,0.25,1,"LOW MED NA",NA
15,7,202.032323151754,19,5,5.49998228531756,"M",0,0.25,1,"LOW MED NA",NA
15,8,101.902439456784,15,1,1.4997392122907,"M",0,0.25,1,"LOW MED NA",NA
15,9,145.980812851262,17,3,3.49962610919031,"M",0,0.25,1,"LOW MED NA",NA
15,10,136.46433887442,17,3,3.49844247538188,"M",0,0.25,1,"LOW MED NA",NA
15,11,207.058843992309,24,10,10.4993417461877,"M",0,0.25,1,"LOW MED NA",NA
16,1,146.499702917131,19,4,4.50053335784155,"M",0,0.25,1,"LOW MED NA",NA
16,2,150.177518471234,18,3,3.50141245053271,"M",0,0.25,1,"LOW MED NA",NA
16,3,102.08855328132,16,1,1.50044232937584,"M",0,0.25,1,"LOW MED NA",NA
16,4,159.798458014079,19,4,4.49831825366501,"M",0,0.25,1,"LOW MED NA",NA
16,5,62.3766895190648,15,0,0.500847303202162,"M",0,0.25,1,"LOW MED NA",NA
16,6,196.159917925333,23,8,8.49872255187615,"M",0,0.25,1,"LOW MED NA",NA
16,7,117.666936388615,17,2,2.49875058439771,"M",0,0.25,1,"LOW MED NA",NA
16,8,63.3426017555717,15,0,0.500267090897946,"M",0,0.25,1,"LOW MED NA",NA
16,9,195.327761581454,20,5,5.4997609477744,"M",0,0.25,1,"LOW MED NA",NA
16,10,128.086040961455,17,2,2.49786884968958,"M",0,0.25,1,"LOW MED NA",NA
16,11,168.958482564574,20,5,5.500010532837,"M",0,0.25,1,"LOW MED NA",NA
16,12,97.3631219261258,16,1,1.50019794003555,"M",0,0.25,1,"LOW MED NA",NA
17,1,61.3106525313557,16,0,0.501248663570852,"M",0,0.25,1,"LOW MED NA",NA
17,2,188.357379179334,25,9,9.49910876146758,"M",0,0.25,1,"LOW MED NA",NA
17,3,227.859004949572,24,8,8.50098691992523,"M",0,0.25,1,"LOW MED NA",NA
17,4,143.299037865715,19,3,3.50039139382501,"M",0,0.25,1,"LOW MED NA",NA
17,5,164.233679675747,20,4,4.50073621727843,"M",0,0.25,1,"LOW MED NA",NA
17,6,185.902565644191,25,9,9.50052464671979,"M",0,0.25,1,"LOW MED NA",NA
17,7,130.155621823426,18,2,2.50000829220044,"M",0,0.25,1,"LOW MED NA",NA
17,8,235.79226741191,30,14,14.4994379378751,"M",0,0.25,1,"LOW MED NA",NA
17,9,146.487213829255,20,4,4.50071860776808,"M",0,0.25,1,"LOW MED NA",NA
17,10,127.158317544444,18,2,2.50003602579811,"M",0,0.25,1,"LOW MED NA",NA
17,11,151.675897859423,19,3,3.5008252867256,"M",0,0.25,1,"LOW MED NA",NA
17,12,125.14270256232,18,2,2.49970473600265,"M",0,0.25,1,"LOW MED NA",NA
17,13,127.974767079827,18,2,2.50214497716152,"M",0,0.25,1,"LOW MED NA",NA
18,1,170.296534678845,24,7,7.49875244266556,"M",0,0.25,1,"LOW MED NA",NA
18,2,147.466398223618,21,4,4.49976477301356,"M",0,0.25,1,"LOW MED NA",NA
18,3,97.0489424396972,18,1,1.50030015044497,"M",0,0.25,1,"LOW MED NA",NA
18,4,165.815360389835,21,4,4.49856952183672,"M",0,0.25,1,"LOW MED NA",NA
18,5,126.325831513052,19,2,2.49988365098813,"M",0,0.25,1,"LOW MED NA",NA
18,6,126.277984700215,19,2,2.50004177327357,"M",0,0.25,1,"LOW MED NA",NA
18,7,226.150183212144,28,11,11.5002359290541,"M",0,0.25,1,"LOW MED NA",NA
18,8,205.77850622957,22,5,5.49988792044651,"M",0,0.25,1,"LOW MED NA",NA
18,9,199.549242080565,22,5,5.50004825560535,"M",0,0.25,1,"LOW MED NA",NA
18,10,94.0148408392477,18,1,1.50008649376076,"M",0,0.25,1,"LOW MED NA",NA
18,11,62.8253687163432,17,0,0.498159739750188,"M",0,0.25,1,"LOW MED NA",NA
18,12,99.4464611725759,18,1,1.49911871259047,"M",0,0.25,1,"LOW MED NA",NA
18,13,97.144269098479,18,1,1.50039364839586,"M",0,0.25,1,"LOW MED NA",NA
18,14,63.4952703949669,17,0,0.500376515230715,"M",0,0.25,1,"LOW MED NA",NA
19,1,155.846625514899,21,3,3.49995540157157,"M",0,0.25,1,"LOW MED NA",NA
19,2,103.258513909857,19,1,1.49899024060674,"M",0,0.25,1,"LOW MED NA",NA
19,3,148.05562861451,21,3,3.49800474021811,"M",0,0.25,1,"LOW MED NA",NA
19,4,146.523890867262,21,3,3.49976830975802,"M",0,0.25,1,"LOW MED NA",NA
19,5,203.802018642124,24,6,6.50003293942668,"M",0,0.25,1,"LOW MED NA",NA
19,6,113.733734212826,20,2,2.50143314720944,"M",0,0.25,1,"LOW MED NA",NA
19,7,98.9907805172804,19,1,1.49934019509362,"M",0,0.25,1,"LOW MED NA",NA
19,8,152.445262746471,22,4,4.4977765582303,"M",0,0.25,1,"LOW MED NA",NA
19,9,64.3185513957764,18,0,0.501522728474546,"M",0,0.25,1,"LOW MED NA",NA
19,10,170.640425300784,24,6,6.50089883120351,"M",0,0.25,1,"LOW MED NA",NA
19,11,177.980575650768,23,5,5.49951136185029,"M",0,0.25,1,"LOW MED NA",NA
19,12,122.669795882801,20,2,2.50147569186486,"M",0,0.25,1,"LOW MED NA",NA
20,1,62.8281202639446,19,0,0.499547128000548,"M",0,0.25,1,"LOW MED NA",NA
20,2,193.869422933376,25,6,6.50105746757342,"M",0,0.25,1,"LOW MED NA",NA
20,3,175.098005510951,23,4,4.49738077109078,"M",0,0.25,1,"LOW MED NA",NA
20,4,118.61570826051,21,2,2.49852360137551,"M",0,0.25,1,"LOW MED NA",NA
20,5,216.076631122159,31,12,12.5028570195863,"M",0,0.25,1,"LOW MED NA",NA
20,6,152.723174497924,22,3,3.50011405342025,"M",0,0.25,1,"LOW MED NA",NA
20,7,122.37553581325,21,2,2.50038914572285,"M",0,0.25,1,"LOW MED NA",NA
20,8,151.071808022456,22,3,3.49858997072622,"M",0,0.25,1,"LOW MED NA",NA
20,9,247.931845368704,30,11,11.5000657910007,"M",0,0.25,1,"LOW MED NA",NA
20,10,99.0923995999251,20,1,1.50121230271156,"M",0,0.25,1,"LOW MED NA",NA
20,11,61.0506562558887,19,0,0.500894258821101,"M",0,0.25,1,"LOW MED NA",NA
20,12,127.549792327971,21,2,2.49998456161506,"M",0,0.25,1,"LOW MED NA",NA
21,1,93.8416432980457,21,1,1.50118703872535,"M",0,0.25,1,"LOW MED NA",NA
21,2,89.6904775540328,21,1,1.50104141036871,"M",0,0.25,1,"LOW MED NA",NA
21,3,144.511375570075,23,3,3.4975824912302,"M",0,0.25,1,"LOW MED NA",NA
21,4,224.097956603875,33,13,13.4998205153925,"M",0,0.25,1,"LOW MED NA",NA
21,5,96.2214936912899,21,1,1.5010600856885,"M",0,0.25,1,"LOW MED NA",NA
21,6,62.7169196307391,20,0,0.499450684575823,"M",0,0.25,1,"LOW MED NA",NA
21,7,134.282438703497,22,2,2.49950384932906,"M",0,0.25,1,"LOW MED NA",NA
21,8,142.528132129048,24,4,4.50110010098752,"M",0,0.25,1,"LOW MED NA",NA
21,9,264.823362235048,30,10,10.5003472683479,"M",0,0.25,1,"LOW MED NA",NA
21,10,171.661890735447,25,5,5.49934984160553,"M",0,0.25,1,"LOW MED NA",NA
21,11,92.2894447274473,21,1,1.50067046265665,"M",0,0.25,1,"LOW MED NA",NA
21,12,194.944087112135,32,12,12.5003827788151,"M",0,0.25,1,"LOW MED NA",NA
22,1,63.7044419451619,21,0,0.500474102223793,"M",0,0.25,1,"LOW MED NA",NA
22,2,165.115114326152,25,4,4.50001550499064,"M",0,0.25,1,"LOW MED NA",NA
22,3,102.924805094042,22,1,1.50061987196869,"M",0,0.25,1,"LOW MED NA",NA
22,4,94.8225491725192,22,1,1.49834839802988,"M",0,0.25,1,"LOW MED NA",NA
22,5,123.419548687223,23,2,2.49971434795336,"M",0,0.25,1,"LOW MED NA",NA
22,6,122.496439708355,23,2,2.4997201541282,"M",0,0.25,1,"LOW MED NA",NA
22,7,134.736886527554,23,2,2.50009040040262,"M",0,0.25,1,"LOW MED NA",NA
22,8,61.8844278591595,21,0,0.499018520283389,"M",0,0.25,1,"LOW MED NA",NA
22,9,59.4811979937872,21,0,0.501467735302391,"M",0,0.25,1,"LOW MED NA",NA
22,10,131.879258132645,23,2,2.500428335456,"M",0,0.25,1,"LOW MED NA",NA
22,11,63.6918876610683,21,0,0.499522317797945,"M",0,0.25,1,"LOW MED NA",NA
22,12,215.049968429605,28,7,7.50023120717061,"M",0,0.25,1,"LOW MED NA",NA
22,13,64.991754765726,21,0,0.500783190985516,"M",0,0.25,1,"LOW MED NA",NA
23,1,62.5580888006903,22,0,0.499845096160598,"M",0,0.25,1,"LOW MED NA",NA
23,2,195.467957075826,29,7,7.50043787266626,"M",0,0.25,1,"LOW MED NA",NA
23,3,122.813420251302,24,2,2.50007918589076,"M",0,0.25,1,"LOW MED NA",NA
23,4,178.947363772273,28,6,6.49936656474177,"M",0,0.25,1,"LOW MED NA",NA
23,5,114.775007577801,24,2,2.49938180469065,"M",0,0.25,1,"LOW MED NA",NA
23,6,147.470200619451,26,4,4.50031058067103,"M",0,0.25,1,"LOW MED NA",NA
23,7,128.905633587234,24,2,2.50014459517089,"M",0,0.25,1,"LOW MED NA",NA
23,8,101.041849351451,23,1,1.49912823180686,"M",0,0.25,1,"LOW MED NA",NA
23,9,114.081319376577,24,2,2.49927989861605,"M",0,0.25,1,"LOW MED NA",NA
23,10,61.8469128158004,22,0,0.499608686116878,"M",0,0.25,1,"LOW MED NA",NA
23,11,99.1014794824197,23,1,1.50146036900424,"M",0,0.25,1,"LOW MED NA",NA
23,12,103.404634329843,23,1,1.49950349164361,"M",0,0.25,1,"LOW MED NA",NA
24,1,200.10916541009,29,6,6.50141656011219,"M",0,0.25,1,"LOW MED NA",NA
24,2,158.253901635495,26,3,3.50051411260595,"M",0,0.25,1,"LOW MED NA",NA
24,3,61.1494866156782,23,0,0.499502071458332,"M",0,0.25,1,"LOW MED NA",NA
24,4,122.897043934851,25,2,2.49865077927554,"M",0,0.25,1,"LOW MED NA",NA
24,5,64.826070312885,23,0,0.499592886290463,"M",0,0.25,1,"LOW MED NA",NA
24,6,151.112659687204,26,3,3.50038932124269,"M",0,0.25,1,"LOW MED NA",NA
24,7,63.0182266558206,23,0,0.499709334801829,"M",0,0.25,1,"LOW MED NA",NA
24,8,107.266918476297,24,1,1.49864922100775,"M",0,0.25,1,"LOW MED NA",NA
24,9,97.4256337488299,24,1,1.50020564658645,"M",0,0.25,1,"LOW MED NA",NA
24,10,151.794285316515,26,3,3.50073577091643,"M",0,0.25,1,"LOW MED NA",NA
25,1,66.0569060154586,24,0,0.498373557512274,"M",0,0.25,1,"LOW MED NA",NA
25,2,63.9152753061561,24,0,0.500078297866941,"M",0,0.25,1,"LOW MED NA",NA
25,3,153.147887193039,28,4,4.50143973710022,"M",0,0.25,1,"LOW MED NA",NA
25,4,209.046001875418,34,10,10.5011680549787,"M",0,0.25,1,"LOW MED NA",NA
25,5,62.1395462026168,24,0,0.500441095641105,"M",0,0.25,1,"LOW MED NA",NA
25,6,97.4644623561482,25,1,1.5005684492173,"M",0,0.25,1,"LOW MED NA",NA
25,7,180.228589888783,30,6,6.50061897541388,"M",0,0.25,1,"LOW MED NA",NA
25,8,163.097327758549,29,5,5.49940523628399,"M",0,0.25,1,"LOW MED NA",NA
25,9,61.2627101996932,24,0,0.501441420169706,"M",0,0.25,1,"LOW MED NA",NA
25,10,96.7476863061583,25,1,1.50065735379347,"M",0,0.25,1,"LOW MED NA",NA
25,11,133.969307835989,26,2,2.50159755251345,"M",0,0.25,1,"LOW MED NA",NA
25,12,61.0124046003096,24,0,0.499729550181362,"M",0,0.25,1,"LOW MED NA",NA
25,13,62.3005036589364,24,0,0.501609363588063,"M",0,0.25,1,"LOW MED NA",NA
25,14,188.049568427686,32,8,8.49973742260239,"M",0,0.25,1,"LOW MED NA",NA
26,1,101.71374719381,26,1,1.49993520321205,"M",0,0.25,1,"LOW MED NA",NA
26,2,200.156313187234,32,7,7.50057610566099,"M",0,0.25,1,"LOW MED NA",NA
26,3,127.175774712732,27,2,2.49937108543578,"M",0,0.25,1,"LOW MED NA",NA
26,4,149.694172094834,28,3,3.49999103205644,"M",0,0.25,1,"LOW MED NA",NA
26,5,61.3712115431285,25,0,0.499205824234629,"M",0,0.25,1,"LOW MED NA",NA
26,6,184.539369249679,31,6,6.50001950185891,"M",0,0.25,1,"LOW MED NA",NA
26,7,101.234991593784,26,1,1.49957573300276,"M",0,0.25,1,"LOW MED NA",NA
26,8,102.693743674917,26,1,1.50065461510668,"M",0,0.25,1,"LOW MED NA",NA
26,9,98.7423229368633,26,1,1.49868249791929,"M",0,0.25,1,"LOW MED NA",NA
26,10,66.6216183493398,25,0,0.501091867513006,"M",0,0.25,1,"LOW MED NA",NA
27,1,61.9399104806869,26,0,0.499448365547244,"M",0,0.25,1,"LOW MED NA",NA
27,2,61.4977145706412,26,0,0.500308717442631,"M",0,0.25,1,"LOW MED NA",NA
27,3,187.697676731197,40,14,14.4997781023242,"M",0,0.25,1,"LOW MED NA",NA
27,4,210.053590916162,37,11,11.4997288046782,"M",0,0.25,1,"LOW MED NA",NA
27,5,98.1097055602163,27,1,1.50177139073733,"M",0,0.25,1,"LOW MED NA",NA
27,6,60.5917359121614,26,0,0.499918826561275,"M",0,0.25,1,"LOW MED NA",NA
27,7,61.6709443832081,26,0,0.499571800141686,"M",0,0.25,1,"LOW MED NA",NA
27,8,222.306909536345,35,9,9.49997754590188,"M",0,0.25,1,"LOW MED NA",NA
27,9,97.1388106375801,27,1,1.50146807418323,"M",0,0.25,1,"LOW MED NA",NA
27,10,150.404209420027,29,3,3.49959079975199,"M",0,0.25,1,"LOW MED NA",NA
27,11,124.715606149107,28,2,2.49960505619711,"M",0,0.25,1,"LOW MED NA",NA
28,1,148.554680151178,31,4,4.50156664221065,"M",0,0.25,1,"LOW MED NA",NA
28,2,124.341881219134,29,2,2.49995361487306,"M",0,0.25,1,"LOW MED NA",NA
28,3,61.2189635142202,27,0,0.49842365068236,"M",0,0.25,1,"LOW MED NA",NA
28,4,63.73189853189,27,0,0.500196759899401,"M",0,0.25,1,"LOW MED NA",NA
28,5,171.3319566664,33,6,6.50048576377719,"M",0,0.25,1,"LOW MED NA",NA
28,6,94.5642542514421,28,1,1.49981032112606,"M",0,0.25,1,"LOW MED NA",NA
28,7,141.316586444089,30,3,3.5004183394887,"M",0,0.25,1,"LOW MED NA",NA
28,8,201.004001356401,36,9,9.49795717993186,"M",0,0.25,1,"LOW MED NA",NA
28,9,60.6523356280132,27,0,0.498889372108334,"M",0,0.25,1,"LOW MED NA",NA
28,10,217.283964952496,34,7,7.50140422196575,"M",0,0.25,1,"LOW MED NA",NA
28,11,118.262386763565,29,2,2.50093069671486,"M",0,0.25,1,"LOW MED NA",NA
29,1,168.584667558836,31,3,3.50079308625936,"M",0,0.25,1,"LOW MED NA",NA
29,2,90.221398333597,29,1,1.50040991923437,"M",0,0.25,1,"LOW MED NA",NA
29,3,63.280402998279,28,0,0.498586765503963,"M",0,0.25,1,"LOW MED NA",NA
29,4,164.418585927787,32,4,4.50093097946606,"M",0,0.25,1,"LOW MED NA",NA
29,5,63.8312204113294,28,0,0.49930050823415,"M",0,0.25,1,"LOW MED NA",NA
29,6,207.380485445145,34,6,6.50139609813098,"M",0,0.25,1,"LOW MED NA",NA
29,7,175.346724907886,36,8,8.49892526201053,"M",0,0.25,1,"LOW MED NA",NA
29,8,165.602711910558,31,3,3.50131163776805,"M",0,0.25,1,"LOW MED NA",NA
29,9,209.717621862237,34,6,6.5001758500668,"M",0,0.25,1,"LOW MED NA",NA
29,10,60.7482535653881,28,0,0.4997997354671,"M",0,0.25,1,"LOW MED NA",NA
29,11,192.163421804809,35,7,7.50063603530435,"M",0,0.25,1,"LOW MED NA",NA
29,12,117.326238115813,30,2,2.50051685122345,"M",0,0.25,1,"LOW MED NA",NA
29,13,169.042817732672,36,8,8.50071525948013,"M",0,0.25,1,"LOW MED NA",NA
30,1,96.4254539023133,30,1,1.5018262439458,"M",0,0.25,1,"LOW MED NA",NA
30,2,98.5209457585564,30,1,1.4992884178399,"M",0,0.25,1,"LOW MED NA",NA
30,3,208.600677221558,38,9,9.49939849438971,"M",0,0.25,1,"LOW MED NA",NA
30,4,60.4789015732693,29,0,0.501483156617443,"M",0,0.25,1,"LOW MED NA",NA
30,5,183.924700213783,35,6,6.50026080637284,"M",0,0.25,1,"LOW MED NA",NA
30,6,194.561850735397,39,10,10.4996193582804,"M",0,0.25,1,"LOW MED NA",NA
30,7,157.041020130658,35,6,6.5004350039721,"M",0,0.25,1,"LOW MED NA",NA
30,8,64.5924259121017,29,0,0.499823384667868,"M",0,0.25,1,"LOW MED NA",NA
30,9,96.6041831293085,30,1,1.49888762573596,"M",0,0.25,1,"LOW MED NA",NA
30,10,110.545251112945,31,2,2.49902565184896,"M",0,0.25,1,"LOW MED NA",NA
30,11,120.22984850485,31,2,2.50056302726956,"M",0,0.25,1,"LOW MED NA",NA
30,12,98.7211692152405,30,1,1.49995473473502,"M",0,0.25,1,"LOW MED NA",NA
30,13,132.511793507258,31,2,2.50041327784019,"M",0,0.25,1,"LOW MED NA",NA
31,1,101.562537169292,31,1,1.50103477882219,"M",0,0.25,1,"LOW MED NA",NA
31,2,191.874573685289,34,4,4.49932425493471,"M",0,0.25,1,"LOW MED NA",NA
31,3,129.488141426689,32,2,2.49890047428202,"M",0,0.25,1,"LOW MED NA",NA
31,4,174.322778821189,35,5,5.49936683130793,"M",0,0.25,1,"LOW MED NA",NA
31,5,148.336247078865,33,3,3.4987115390765,"M",0,0.25,1,"LOW MED NA",NA
31,6,100.854056310885,31,1,1.49864763089718,"M",0,0.25,1,"LOW MED NA",NA
31,7,101.349519182804,31,1,1.50214059748863,"M",0,0.25,1,"LOW MED NA",NA
31,8,140.909271282745,33,3,3.49974137211668,"M",0,0.25,1,"LOW MED NA",NA
31,9,137.310509990064,33,3,3.50074534322569,"M",0,0.25,1,"LOW MED NA",NA
31,10,125.178253696847,32,2,2.49762412634566,"M",0,0.25,1,"LOW MED NA",NA
31,11,88.4370425507835,31,1,1.50115261911797,"M",0,0.25,1,"LOW MED NA",NA
32,1,63.2532459175171,31,0,0.499838429211191,"M",0,0.25,1,"LOW MED NA",NA
32,2,188.558111179507,37,6,6.50057528482587,"M",0,0.25,1,"LOW MED NA",NA
32,3,198.270813974382,37,6,6.49904840267719,"M",0,0.25,1,"LOW MED NA",NA
32,4,207.896929756173,37,6,6.50105205071658,"M",0,0.25,1,"LOW MED NA",NA
32,5,119.471237898352,33,2,2.49977181016917,"M",0,0.25,1,"LOW MED NA",NA
32,6,157.088701594135,35,4,4.50166388900296,"M",0,0.25,1,"LOW MED NA",NA
32,7,177.008932653203,36,5,5.5005102117394,"M",0,0.25,1,"LOW MED NA",NA
32,8,175.48355989603,35,4,4.4993292915188,"M",0,0.25,1,"LOW MED NA",NA
32,9,170.610932903569,39,8,8.49996553733819,"M",0,0.25,1,"LOW MED NA",NA
32,10,126.022667332803,33,2,2.4987279606051,"M",0,0.25,1,"LOW MED NA",NA
32,11,100.793944203362,32,1,1.49907827425145,"M",0,0.25,1,"LOW MED NA",NA
33,1,125.040711844284,34,2,2.49996927433019,"M",0,0.25,1,"LOW MED NA",NA
33,2,141.950678458171,35,3,3.49955788423839,"M",0,0.25,1,"LOW MED NA",NA
33,3,150.55297393559,36,4,4.50023420979623,"M",0,0.25,1,"LOW MED NA",NA
33,4,168.517336679204,38,6,6.50030467738922,"M",0,0.25,1,"LOW MED NA",NA
33,5,208.718499150466,44,12,12.5003137080402,"M",0,0.25,1,"LOW MED NA",NA
33,6,169.431836249759,42,10,10.4996493816418,"M",0,0.25,1,"LOW MED NA",NA
33,7,179.222533741985,37,5,5.50070600084216,"M",0,0.25,1,"LOW MED NA",NA
33,8,62.5335376693177,32,0,0.500662551382588,"M",0,0.25,1,"LOW MED NA",NA
33,9,62.2234283223499,32,0,0.499519924382443,"M",0,0.25,1,"LOW MED NA",NA
33,10,121.667987781073,34,2,2.49879069796828,"M",0,0.25,1,"LOW MED NA",NA
33,11,206.266163560038,42,10,10.4999330166773,"M",0,0.25,1,"LOW MED NA",NA
33,12,142.099680441877,35,3,3.49967794916969,"M",0,0.25,1,"LOW MED NA",NA
34,1,144.662159134934,36,3,3.49961760246431,"M",0,0.25,1,"LOW MED NA",NA
34,2,60.2164491364405,33,0,0.499776310240914,"M",0,0.25,1,"LOW MED NA",NA
34,3,96.4544786171987,34,1,1.50063641294979,"M",0,0.25,1,"LOW MED NA",NA
34,4,62.9966478753986,33,0,0.49903656665239,"M",0,0.25,1,"LOW MED NA",NA
34,5,196.766928369708,39,6,6.50086878253903,"M",0,0.25,1,"LOW MED NA",NA
34,6,63.4454733556639,33,0,0.500537575087218,"M",0,0.25,1,"LOW MED NA",NA
34,7,100.72967330779,34,1,1.50081984663845,"M",0,0.25,1,"LOW MED NA",NA
34,8,127.513336464276,35,2,2.50031302249214,"M",0,0.25,1,"LOW MED NA",NA
34,9,100.033558007402,34,1,1.49855855471545,"M",0,0.25,1,"LOW MED NA",NA
34,10,99.5647084115752,34,1,1.49900461227119,"M",0,0.25,1,"LOW MED NA",NA
34,11,113.078748333948,35,2,2.49928258731889,"M",0,0.25,1,"LOW MED NA",NA
34,12,61.9128415792346,33,0,0.501207028712284,"M",0,0.25,1,"LOW MED NA",NA
34,13,129.942788968181,35,2,2.49855225385087,"M",0,0.25,1,"LOW MED NA",NA
35,1,61.6770327371789,34,0,0.501249490017828,"M",0,0.25,1,"LOW MED NA",NA
35,2,100.624416282943,35,1,1.50243163974708,"M",0,0.25,1,"LOW MED NA",NA
35,3,166.487620656548,39,5,5.50055060770254,"M",0,0.25,1,"LOW MED NA",NA
35,4,191.819651242112,42,8,8.50081560953764,"M",0,0.25,1,"LOW MED NA",NA
35,5,63.6220512205339,34,0,0.498577758210851,"M",0,0.25,1,"LOW MED NA",NA
35,6,65.9078992412168,34,0,0.499950999627089,"M",0,0.25,1,"LOW MED NA",NA
35,7,94.7544713429718,35,1,1.50089714100075,"M",0,0.25,1,"LOW MED NA",NA
35,8,62.0211617138967,34,0,0.499392908767297,"M",0,0.25,1,"LOW MED NA",NA
35,9,64.2823107648742,34,0,0.500838298538688,"M",0,0.25,1,"LOW MED NA",NA
35,10,61.5109007267799,34,0,0.500968477531388,"M",0,0.25,1,"LOW MED NA",NA
35,11,60.0588183934036,34,0,0.501067341375703,"M",0,0.25,1,"LOW MED NA",NA
35,12,62.8792980660154,34,0,0.50078836754484,"M",0,0.25,1,"LOW MED NA",NA
36,1,180.003968675587,39,4,4.49914474416985,"M",0,0.25,1,"LOW MED NA",NA
36,2,61.4472122604251,35,0,0.498935320490075,"M",0,0.25,1,"LOW MED NA",NA
36,3,130.482311232378,37,2,2.49963729455185,"M",0,0.25,1,"LOW MED NA",NA
36,4,102.009459817959,36,1,1.49994266115935,"M",0,0.25,1,"LOW MED NA",NA
36,5,101.377160144884,36,1,1.49864422789762,"M",0,0.25,1,"LOW MED NA",NA
36,6,101.026666937259,36,1,1.5012120608961,"M",0,0.25,1,"LOW MED NA",NA
36,7,104.09560983671,36,1,1.50031400839978,"M",0,0.25,1,"LOW MED NA",NA
36,8,63.3954734985692,35,0,0.501384136266262,"M",0,0.25,1,"LOW MED NA",NA
36,9,121.342369290669,37,2,2.49955981941672,"M",0,0.25,1,"LOW MED NA",NA
36,10,150.734573588199,38,3,3.49952824759749,"M",0,0.25,1,"LOW MED NA",NA
36,11,176.269533334324,41,6,6.50012576767194,"M",0,0.25,1,"LOW MED NA",NA
36,12,177.174389512313,40,5,5.50133844704325,"M",0,0.25,1,"LOW MED NA",NA
36,13,167.568365038398,40,5,5.50084979688059,"M",0,0.25,1,"LOW MED NA",NA
37,1,201.513959963476,43,7,7.50130339001516,"M",0,0.25,1,"LOW MED NA",NA
37,2,62.1088618027549,36,0,0.499981759225117,"M",0,0.25,1,"LOW MED NA",NA
37,3,168.534220588677,41,5,5.50091568509243,"M",0,0.25,1,"LOW MED NA",NA
37,4,236.090226409689,46,10,10.4992532879694,"M",0,0.25,1,"LOW MED NA",NA
37,5,121.088516167202,38,2,2.50020667715139,"M",0,0.25,1,"LOW MED NA",NA
37,6,212.251710421449,44,8,8.49933011839546,"M",0,0.25,1,"LOW MED NA",NA
37,7,223.228682063006,45,9,9.49961753243067,"M",0,0.25,1,"LOW MED NA",NA
37,8,181.214367248512,42,6,6.49963000400322,"M",0,0.25,1,"LOW MED NA",NA
37,9,61.6125618127452,36,0,0.498541340091138,"M",0,0.25,1,"LOW MED NA",NA
37,10,103.697252700143,37,1,1.49980381734193,"M",0,0.25,1,"LOW MED NA",NA
37,11,184.599250054388,46,10,10.5009254150666,"M",0,0.25,1,"LOW MED NA",NA
37,12,224.618228805943,50,14,14.4999088221245,"M",0.120427774311975,0.25,1,"LOW MED NA",NA
37,13,100.892546330745,37,1,1.50114682440812,"M",0,0.25,1,"LOW MED NA",NA
38,1,89.419562795055,38,1,1.50014706448212,"M",0,0.25,1,"LOW MED NA",NA
38,2,152.049119853661,41,4,4.49992310039191,"M",0,0.25,1,"LOW MED NA",NA
38,3,62.32368582438,37,0,0.498561106499044,"M",0,0.25,1,"LOW MED NA",NA
38,4,130.969001127636,39,2,2.50056314742003,"M",0,0.25,1,"LOW MED NA",NA
38,5,225.194704389896,43,6,6.50014433054643,"M",0,0.25,1,"LOW MED NA",NA
38,6,154.879262597986,41,4,4.50103241051192,"M",0,0.25,1,"LOW MED NA",NA
38,7,102.845208139793,38,1,1.49842617900842,"M",0,0.25,1,"LOW MED NA",NA
38,8,172.177577037389,42,5,5.49881798183269,"M",0,0.25,1,"LOW MED NA",NA
38,9,224.724615394169,51,14,14.4987450028914,"M",0.136141398060136,0.25,1,"LOW MED NA",NA
38,10,64.9183244625044,37,0,0.497473557616333,"M",0,0.25,1,"LOW MED NA",NA
38,11,134.346982445729,39,2,2.49867426275166,"M",0,0.25,1,"LOW MED NA",NA
38,12,190.970139526682,48,11,11.4980378744803,"M",0,0.25,1,"LOW MED NA",NA
38,13,174.033076942677,42,5,5.50075415708779,"M",0,0.25,1,"LOW MED NA",NA
39,1,213.595314326226,50,12,12.4995172565745,"M",0.120427774311975,0.25,1,"LOW MED NA",NA
39,2,62.2239738988553,38,0,0.500418503615225,"M",0,0.25,1,"LOW MED NA",NA
39,3,143.728372043341,41,3,3.49960330817662,"M",0,0.25,1,"LOW MED NA",NA
39,4,62.3667988829062,38,0,0.50056246230263,"M",0,0.25,1,"LOW MED NA",NA
39,5,124.142739927875,40,2,2.50018358837609,"M",0,0.25,1,"LOW MED NA",NA
39,6,104.285494712804,39,1,1.49963371332089,"M",0,0.25,1,"LOW MED NA",NA
39,7,168.022454187639,44,6,6.50138347809775,"M",0,0.25,1,"LOW MED NA",NA
39,8,99.4528129678923,39,1,1.4984112365838,"M",0,0.25,1,"LOW MED NA",NA
39,9,65.9017718267641,38,0,0.499137393309059,"M",0,0.25,1,"LOW MED NA",NA
39,10,187.247582514255,43,5,5.50146037782751,"M",0,0.25,1,"LOW MED NA",NA
39,11,61.9000339927977,38,0,0.500577335703484,"M",0,0.25,1,"LOW MED NA",NA
39,12,62.1656087284586,38,0,0.498552360054173,"M",0,0.25,1,"LOW MED NA",NA
40,1,116.157045317079,41,2,2.49956975630449,"M",0,0.25,1,"LOW MED NA",NA
40,2,60.6435518589619,39,0,0.499822823930868,"M",0,0.25,1,"LOW MED NA",NA
40,3,156.830878063002,43,4,4.49818016463492,"M",0,0.25,1,"LOW MED NA",NA
40,4,63.1903865661487,39,0,0.499170054316728,"M",0,0.25,1,"LOW MED NA",NA
40,5,130.839923054353,42,3,3.49735186711721,"M",0,0.25,1,"LOW MED NA",NA
40,6,243.488121404879,48,9,9.49802803466466,"M",0,0.25,1,"LOW MED NA",NA
40,7,199.621947650481,48,9,9.49929083651616,"M",0,0.25,1,"LOW MED NA",NA
40,8,60.8510382967671,39,0,0.500395993148475,"M",0,0.25,1,"LOW MED NA",NA
40,9,187.407312773812,45,6,6.50096761683408,"M",0,0.25,1,"LOW MED NA",NA
40,10,171.788018605563,44,5,5.50004423104216,"M",0,0.25,1,"LOW MED NA",NA
40,11,187.657474233723,46,7,7.49963897240273,"M",0,0.25,1,"LOW MED NA",NA
40,12,100.790831881912,40,1,1.50194015356634,"M",0,0.25,1,"LOW MED NA",NA
40,13,60.8853145932567,39,0,0.499598258347281,"M",0,0.25,1,"LOW MED NA",NA
41,1,64.5412162840767,40,0,0.501266393267906,"M",0,0.25,1,"LOW MED NA",NA
41,2,63.7902896738363,40,0,0.499124486918828,"M",0,0.25,1,"LOW MED NA",NA
41,3,123.489351195412,42,2,2.49931526432958,"M",0,0.25,1,"LOW MED NA",NA
41,4,207.690917536401,46,6,6.49970050605239,"M",0,0.25,1,"LOW MED NA",NA
41,5,219.469326076494,51,11,11.4993815642152,"M",0.136141398060136,0.25,1,"LOW MED NA",NA
41,6,172.928945643829,44,4,4.50014819658351,"M",0,0.25,1,"LOW MED NA",NA
41,7,156.852042506657,45,5,5.49935779513865,"M",0,0.25,1,"LOW MED NA",NA
41,8,193.202329082765,44,4,4.49840279145323,"M",0,0.25,1,"LOW MED NA",NA
41,9,199.90211790133,48,8,8.49874881767906,"M",0,0.25,1,"LOW MED NA",NA
41,10,136.068458136025,42,2,2.49829296822454,"M",0,0.25,1,"LOW MED NA",NA
41,11,169.337947432655,45,5,5.50017246119835,"M",0,0.25,1,"LOW MED NA",NA
42,1,63.0792404943261,41,0,0.499194334654579,"M",0,0.25,1,"LOW MED NA",NA
42,2,96.9685755152335,42,1,1.50056673407952,"M",0,0.25,1,"LOW MED NA",NA
42,3,98.4796979713238,42,1,1.50020631050953,"M",0,0.25,1,"LOW MED NA",NA
42,4,65.8741215941257,41,0,0.499894576359637,"M",0,0.25,1,"LOW MED NA",NA
42,5,64.4463921291925,41,0,0.499174697871001,"M",0,0.25,1,"LOW MED NA",NA
42,6,161.648272847118,44,3,3.5005642596556,"M",0,0.25,1,"LOW MED NA",NA
42,7,188.963567455365,46,5,5.49858932594522,"M",0,0.25,1,"LOW MED NA",NA
42,8,92.7255143609267,42,1,1.50013990632775,"M",0,0.25,1,"LOW MED NA",NA
42,9,134.398625056735,43,2,2.50172693766068,"M",0,0.25,1,"LOW MED NA",NA
42,10,99.9674277569461,42,1,1.49943780130046,"M",0,0.25,1,"LOW MED NA",NA
42,11,142.334764493975,44,3,3.50083885012011,"M",0,0.25,1,"LOW MED NA",NA
42,12,64.4876808171788,41,0,0.497878811298629,"M",0,0.25,1,"LOW MED NA",NA
42,13,125.920919180798,43,2,2.50145222409261,"M",0,0.25,1,"LOW MED NA",NA
42,14,227.790767433928,51,10,10.4994218124037,"M",0.136141398060136,0.25,1,"LOW MED NA",NA
42,15,106.035014360889,42,1,1.50019881062549,"M",0,0.25,1,"LOW MED NA",NA
43,1,127.2750180796,44,2,2.49879001339579,"M",0,0.25,1,"LOW MED NA",NA
43,2,96.7414473340803,43,1,1.50119395378283,"M",0,0.25,1,"LOW MED NA",NA
43,3,66.278061243001,42,0,0.500238543213456,"M",0,0.25,1,"LOW MED NA",NA
43,4,152.647298498472,45,3,3.49818454020221,"M",0,0.25,1,"LOW MED NA",NA
43,5,134.310491211486,44,2,2.50094326761696,"M",0,0.25,1,"LOW MED NA",NA
43,6,96.4638994683909,43,1,1.50005269637333,"M",0,0.25,1,"LOW MED NA",NA
43,7,126.702905963627,44,2,2.50320643547479,"M",0,0.25,1,"LOW MED NA",NA
43,8,65.1524114036723,42,0,0.500124438544011,"M",0,0.25,1,"LOW MED NA",NA
43,9,60.8867547204266,42,0,0.499964672825003,"M",0,0.25,1,"LOW MED NA",NA
43,10,164.824658136181,47,5,5.50176140703966,"M",0,0.25,1,"LOW MED NA",NA
43,11,163.280326676136,46,4,4.50111352289854,"M",0,0.25,1,"LOW MED NA",NA
43,12,191.742530034466,49,7,7.49953124402519,"M",0,0.25,1,"LOW MED NA",NA
44,1,98.6638709612336,44,1,1.50033658671549,"M",0,0.25,1,"LOW MED NA",NA
44,2,134.969691840973,45,2,2.49892474843508,"M",0,0.25,1,"LOW MED NA",NA
44,3,166.562861293807,48,5,5.50117798496248,"M",0,0.25,1,"LOW MED NA",NA
44,4,64.8381087549981,43,0,0.499716674670734,"M",0,0.25,1,"LOW MED NA",NA
44,5,62.5010780440186,43,0,0.499695300305584,"M",0,0.25,1,"LOW MED NA",NA
44,6,99.3916269183889,44,1,1.50190278345516,"M",0,0.25,1,"LOW MED NA",NA
44,7,173.326477177649,55,12,12.5021246346444,"FISHED",0.162323539308272,0.25,1,"LOW MED NA",NA
44,8,60.1411271706683,43,0,0.49893234734369,"M",0,0.25,1,"LOW MED NA",NA
44,9,61.5371816214266,43,0,0.49922942765471,"M",0,0.25,1,"LOW MED NA",NA
44,10,236.929675011297,52,9,9.49973570343967,"FISHED",0.186758303712122,0.25,1,"LOW MED NA",NA
45,1,64.1055451120982,44,0,0.497548030569781,"M",0,0.25,1,"LOW MED NA",NA
45,2,62.9437928521253,44,0,0.500976634208929,"M",0,0.25,1,"LOW MED NA",NA
45,3,63.2050702574069,44,0,0.500581627541802,"M",0,0.25,1,"LOW MED NA",NA
45,4,149.543104442996,47,3,3.5003829642809,"M",0,0.25,1,"LOW MED NA",NA
45,5,97.9794845170284,45,1,1.50109170451072,"M",0,0.25,1,"LOW MED NA",NA
45,6,97.8545427187248,45,1,1.49905354485089,"M",0,0.25,1,"LOW MED NA",NA
45,7,204.979689701078,50,6,6.49960817834043,"M",0.120427774311975,0.25,1,"LOW MED NA",NA
45,8,96.4133398406083,45,1,1.4993066000686,"M",0,0.25,1,"LOW MED NA",NA
45,9,168.580354898295,50,6,6.49853494137152,"FISHED",0.120427774311975,0.25,1,"LOW MED NA",NA
45,10,155.27758053567,48,4,4.50038891862685,"M",0,0.25,1,"LOW MED NA",NA
45,11,61.5622433387164,44,0,0.500693542593447,"M",0,0.25,1,"LOW MED NA",NA
45,12,65.7514994858686,44,0,0.499426739805191,"M",0,0.25,1,"LOW MED NA",NA
46,1,200.70000061219,55,10,10.4980164210678,"M",0.162323539308272,0.25,1,"LOW MED NA",NA
46,2,199.120575504103,58,13,13.498328047822,"M",0.134709217445925,0.25,1,"LOW MED NA",NA
46,3,174.44457215093,49,4,4.49998732126731,"M",0,0.25,1,"LOW MED NA",NA
46,4,63.3364641687844,45,0,0.49826052381982,"M",0,0.25,1,"LOW MED NA",NA
46,5,122.219409020056,47,2,2.50159852667245,"M",0,0.25,1,"LOW MED NA",NA
46,6,186.328126198852,52,7,7.50053866424277,"FISHED",0.186758303712122,0.25,1,"LOW MED NA",NA
46,7,151.6531768174,49,4,4.49922357420977,"M",0,0.25,1,"LOW MED NA",NA
46,8,163.061434544543,49,4,4.50069373215202,"M",0,0.25,1,"LOW MED NA",NA
46,9,91.5075999090967,46,1,1.49998305307967,"M",0,0.25,1,"LOW MED NA",NA
46,10,64.3059828362973,45,0,0.498967350004506,"M",0,0.25,1,"LOW MED NA",NA
47,1,61.152844487386,46,0,0.500253892330534,"M",0,0.25,1,"LOW MED NA",NA
47,2,205.918253346196,52,6,6.49810890309213,"M",0.186758303712122,0.25,1,"LOW MED NA",NA
47,3,150.229678902801,49,3,3.50021254395597,"M",0,0.25,1,"LOW MED NA",NA
47,4,149.62243403182,49,3,3.49980766419769,"M",0,0.25,1,"LOW MED NA",NA
47,5,134.169468694839,48,2,2.50025743566159,"M",0,0.25,1,"LOW MED NA",NA
47,6,172.349783830913,50,4,4.50010146254601,"M",0.120427774311975,0.25,1,"LOW MED NA",NA
47,7,60.926272550369,46,0,0.500488350932282,"M",0,0.25,1,"LOW MED NA",NA
47,8,156.566650261643,49,3,3.50081807733396,"M",0,0.25,1,"LOW MED NA",NA
47,9,64.1344465846521,46,0,0.499758531579869,"M",0,0.25,1,"LOW MED NA",NA
47,10,63.5371693070539,46,0,0.500121474886875,"M",0,0.25,1,"LOW MED NA",NA
47,11,176.350175002691,52,6,6.50009814398544,"M",0.186758303712122,0.25,1,"LOW MED NA",NA
48,1,154.621078163698,51,4,4.49973488166532,"M",0.136141398060136,0.25,1,"LOW MED NA",NA
48,2,63.7018842064585,47,0,0.498581392108887,"M",0,0.25,1,"LOW MED NA",NA
48,3,64.2011320196857,47,0,0.498770457640067,"M",0,0.25,1,"LOW MED NA",NA
48,4,60.8066906369766,47,0,0.50084112874785,"M",0,0.25,1,"LOW MED NA",NA
48,5,129.889319597019,49,2,2.49954956868684,"M",0,0.25,1,"LOW MED NA",NA
48,6,130.120902602177,49,2,2.50000906566828,"M",0,0.25,1,"LOW MED NA",NA
48,7,123.545211759658,49,2,2.49875021874463,"M",0,0.25,1,"LOW MED NA",NA
48,8,61.0610428097766,47,0,0.500262817246314,"M",0,0.25,1,"LOW MED NA",NA
48,9,153.227868378257,50,3,3.50053041101562,"M",0.120427774311975,0.25,1,"LOW MED NA",NA
48,10,62.269634744546,47,0,0.501469335794437,"M",0,0.25,1,"LOW MED NA",NA
48,11,143.714084829285,50,3,3.50139339016917,"M",0.120427774311975,0.25,1,"LOW MED NA",NA
48,12,101.773311881265,48,1,1.50188669414946,"M",0,0.25,1,"LOW MED NA",NA
49,1,162.249760617457,52,4,4.49868477926121,"FISHED",0.186758303712122,0.25,1,"LOW MED NA",NA
49,2,130.714256830814,51,3,3.50000699883612,"FISHED",0.136141398060136,0.25,1,"LOW MED NA",NA
49,3,145.716734797627,51,3,3.50037268064753,"FISHED",0.136141398060136,0.25,1,"LOW MED NA",NA
49,4,61.2921529774021,48,0,0.500300490835951,"M",0,0.25,1,"LOW MED NA",NA
49,5,135.890215064252,50,2,2.4987214716076,"M",0.120427774311975,0.25,1,"LOW MED NA",NA
49,6,148.646524141994,51,3,3.50102124796141,"M",0.136141398060136,0.25,1,"LOW MED NA",NA
49,7,131.908807816169,50,2,2.50231015397411,"M",0.120427774311975,0.25,1,"LOW MED NA",NA
49,8,132.652864594021,50,2,2.49837205484816,"M",0.120427774311975,0.25,1,"LOW MED NA",NA
49,9,203.432472390162,55,7,7.5010846097539,"M",0.162323539308272,0.25,1,"LOW MED NA",NA
49,10,150.590111388547,51,3,3.49968923123329,"M",0.136141398060136,0.25,1,"LOW MED NA",NA
49,11,103.598085392631,49,1,1.50005260193139,"M",0,0.25,1,"LOW MED NA",NA
49,12,102.953282275245,49,1,1.49938167241314,"M",0,0.25,1,"LOW MED NA",NA
50,1,156.834329892675,54,5,5.49910454224902,"FISHED",0.165169588360004,0.25,1,"LOW MED NA",NA
50,2,156.12989715116,52,3,3.49942242171361,"M",0.186758303712122,0.25,1,"LOW MED NA",NA
50,3,92.7593529745365,50,1,1.50142413892408,"M",0.120427774311975,0.25,1,"LOW MED NA",NA
50,4,61.9847900720733,49,0,0.500253931849059,"M",0,0.25,1,"LOW MED NA",NA
50,5,102.562659418139,50,1,1.49825677564058,"FISHED",0.120427774311975,0.25,1,"LOW MED NA",NA
50,6,102.956838117227,50,1,1.50007257443281,"M",0.120427774311975,0.25,1,"LOW MED NA",NA
50,7,64.2788758443655,49,0,0.499518925577504,"M",0,0.25,1,"LOW MED NA",NA
50,8,62.4035607220676,49,0,0.501352866018422,"M",0,0.25,1,"LOW MED NA",NA
50,9,147.234598788055,52,3,3.50041970417862,"M",0.186758303712122,0.25,1,"LOW MED NA",NA
50,10,160.235053631878,53,4,4.50115363073558,"M",0.153567083901726,0.25,1,"LOW MED NA",NA
50,11,152.841058364679,52,3,3.49983277098059,"M",0.186758303712122,0.25,1,"LOW MED NA",NA
50,12,153.285232186841,52,3,3.50145325094937,"FISHED",0.186758303712122,0.25,1,"LOW MED NA",NA
50,13,61.6664631988561,49,0,0.49996422350634,"M",0,0.25,1,"LOW MED NA",NA
51,1,101.013267403546,51,1,1.49987907273409,"M",0.136141398060136,0.25,1,"LOW MED NA",NA
51,2,174.838285577087,55,5,5.50130215412924,"M",0.162323539308272,0.25,1,"LOW MED NA",NA
51,3,63.4348600420902,50,0,0.50011876017772,"M",0.120427774311975,0.25,1,"LOW MED NA",NA
51,4,64.4117315017878,50,0,0.499870764583564,"M",0.120427774311975,0.25,1,"LOW MED NA",NA
51,5,203.948525005674,58,8,8.50066959213373,"M",0.134709217445925,0.25,1,"LOW MED NA",NA
51,6,117.059218676651,52,2,2.49951847452315,"FISHED",0.186758303712122,0.25,1,"LOW MED NA",NA
51,7,98.6365060928028,51,1,1.50138730819189,"FISHED",0.136141398060136,0.25,1,"LOW MED NA",NA
51,8,62.5376153022633,50,0,0.49811533230389,"M",0.120427774311975,0.25,1,"LOW MED NA",NA
51,9,148.40901435075,53,3,3.50119707744077,"M",0.153567083901726,0.25,1,"LOW MED NA",NA
51,10,100.448684040012,51,1,1.49957825360489,"FISHED",0.136141398060136,0.25,1,"LOW MED NA",NA
52,1,149.38986846776,55,4,4.50093924563845,"M",0.162323539308272,0.25,1,"LOW MED NA",NA
52,2,128.842794660934,53,2,2.49946287243362,"M",0.153567083901726,0.25,1,"LOW MED NA",NA
52,3,96.2122402536918,52,1,1.49978961622182,"FISHED",0.186758303712122,0.25,1,"LOW MED NA",NA
52,4,94.9588835187112,52,1,1.49800817445183,"FISHED",0.186758303712122,0.25,1,"LOW MED NA",NA
52,5,93.4634730030208,52,1,1.50025856733697,"M",0.186758303712122,0.25,1,"LOW MED NA",NA
52,6,173.764891181509,57,6,6.49933289411012,"M",0.199204937228933,0.25,1,"LOW MED NA",NA
52,7,154.891699699362,55,4,4.499820331689,"M",0.162323539308272,0.25,1,"LOW MED NA",NA
52,8,94.6229439349624,52,1,1.49893584830591,"FISHED",0.186758303712122,0.25,1,"LOW MED NA",NA
52,9,104.168656806951,52,1,1.49910662810287,"M",0.186758303712122,0.25,1,"LOW MED NA",NA
52,10,62.7660889751577,51,0,0.498599976760287,"M",0.136141398060136,0.25,1,"LOW MED NA",NA
53,1,97.5972642632671,53,1,1.4996527360379,"M",0.153567083901726,0.25,1,"LOW MED NA",NA
53,2,199.065845564433,57,5,5.4990402284507,"M",0.199204937228933,0.25,1,"LOW MED NA",NA
53,3,63.5637935407821,52,0,0.499446756237547,"M",0.186758303712122,0.25,1,"LOW MED NA",NA
53,4,64.512446288524,52,0,0.501752830259938,"M",0.186758303712122,0.25,1,"LOW MED NA",NA
53,5,62.2195578408224,52,0,0.501123585977515,"FISHED",0.186758303712122,0.25,1,"LOW MED NA",NA
53,6,63.2907171128838,52,0,0.500820409968421,"FISHED",0.186758303712122,0.25,1,"LOW MED NA",NA
53,7,63.3319146443193,52,0,0.498140191753586,"M",0.186758303712122,0.25,1,"LOW MED NA",NA
53,8,61.605925330357,52,0,0.501620924594781,"FISHED",0.186758303712122,0.25,1,"LOW MED NA",NA
53,9,147.624848063312,55,3,3.49829609267899,"FISHED",0.162323539308272,0.25,1,"LOW MED NA",NA
53,10,59.3803720845678,52,0,0.49858523295665,"M",0.186758303712122,0.25,1,"LOW MED NA",NA
53,11,184.073832088719,58,6,6.49842667941948,"M",0.134709217445925,0.25,1,"LOW MED NA",NA
53,12,101.039979475351,53,1,1.50003320300444,"M",0.153567083901726,0.25,1,"LOW MED NA",NA
54,1,205.5971764414,61,8,8.50063274105169,"FISHED",0.115344652161002,0.25,1,"LOW MED NA",NA
54,2,63.0864047514372,53,0,0.499744049736339,"FISHED",0.153567083901726,0.25,1,"LOW MED NA",NA
54,3,193.955355098201,59,6,6.49950527950553,"M",0.16896744009573,0.25,1,"LOW MED NA",NA
54,4,214.738695259315,62,9,9.50026112779714,"M",0.129386766417883,0.25,1,"LOW MED NA",NA
54,5,60.9809294268047,53,0,0.501510458172948,"FISHED",0.153567083901726,0.25,1,"LOW MED NA",NA
54,6,62.054278330087,53,0,0.498779254193137,"M",0.153567083901726,0.25,1,"LOW MED NA",NA
54,7,101.94503061503,54,1,1.50024977342232,"M",0.165169588360004,0.25,1,"LOW MED NA",NA
54,8,65.5297487805063,53,0,0.500054633788857,"M",0.153567083901726,0.25,1,"LOW MED NA",NA
54,9,99.8950651650389,54,1,1.50022821609316,"FISHED",0.165169588360004,0.25,1,"LOW MED NA",NA
54,10,201.821618037516,66,13,13.5006033712442,"FISHED",0.16306002382189,0.25,1,"LOW MED NA",NA
55,1,64.8752116343983,54,0,0.501480717722259,"M",0.165169588360004,0.25,1,"LOW MED NA",NA
55,2,97.4118616036288,55,1,1.49992474705047,"M",0.162323539308272,0.25,1,"LOW MED NA",NA
55,3,123.554082228025,56,2,2.50036524492058,"FISHED",0.134189162356779,0.25,1,"LOW MED NA",NA
55,4,151.196915443117,57,3,3.50266044335342,"FISHED",0.199204937228933,0.25,1,"LOW MED NA",NA
55,5,63.6777615261965,54,0,0.500344885635365,"M",0.165169588360004,0.25,1,"LOW MED NA",NA
55,6,141.256453377327,57,3,3.49951095998371,"M",0.199204937228933,0.25,1,"LOW MED NA",NA
55,7,99.8634822885476,55,1,1.49888277827772,"M",0.162323539308272,0.25,1,"LOW MED NA",NA
55,8,96.5916891661105,55,1,1.50132224509913,"M",0.162323539308272,0.25,1,"LOW MED NA",NA
55,9,143.282977069733,57,3,3.49895449415017,"M",0.199204937228933,0.25,1,"LOW MED NA",NA
55,10,121.273300424231,56,2,2.50054300406744,"M",0.134189162356779,0.25,1,"LOW MED NA",NA
56,1,62.534366876954,55,0,0.499693624564925,"FISHED",0.162323539308272,0.25,1,"LOW MED NA",NA
56,2,128.440362587229,57,2,2.49898677095872,"M",0.199204937228933,0.25,1,"LOW MED NA",NA
56,3,136.113898377543,57,2,2.50070188128753,"M",0.199204937228933,0.25,1,"LOW MED NA",NA
56,4,59.1414925551125,55,0,0.499817423621399,"M",0.162323539308272,0.25,1,"LOW MED NA",NA
56,5,60.7909687699702,55,0,0.502311593702946,"M",0.162323539308272,0.25,1,"LOW MED NA",NA
56,6,63.5882043259079,55,0,0.500374201877038,"FISHED",0.162323539308272,0.25,1,"LOW MED NA",NA
56,7,200.607121867686,62,7,7.49993046634159,"FISHED",0.129386766417883,0.25,1,"LOW MED NA",NA
56,8,96.4493390485964,56,1,1.50053395638877,"FISHED",0.134189162356779,0.25,1,"LOW MED NA",NA
56,9,61.8917930271554,55,0,0.499696151757967,"M",0.162323539308272,0.25,1,"LOW MED NA",NA
56,10,63.5563887752265,55,0,0.500146812751064,"M",0.162323539308272,0.25,1,"LOW MED NA",NA
56,11,62.9370974379165,55,0,0.500478096460474,"FISHED",0.162323539308272,0.25,1,"LOW MED NA",NA
57,1,98.9041670647842,57,1,1.49971471051502,"M",0.199204937228933,0.25,1,"LOW MED NA",NA
57,2,98.4155554040796,57,1,1.50024313990605,"M",0.199204937228933,0.25,1,"LOW MED NA",NA
57,3,96.236571942206,57,1,1.50178681305585,"FISHED",0.199204937228933,0.25,1,"LOW MED NA",NA
57,4,149.292725911602,59,3,3.50052757464245,"M",0.16896744009573,0.25,1,"LOW MED NA",NA
57,5,153.365907260579,59,3,3.49946526211615,"M",0.16896744009573,0.25,1,"LOW MED NA",NA
57,6,92.5231325016771,57,1,1.4988675417537,"FISHED",0.199204937228933,0.25,1,"LOW MED NA",NA
57,7,106.628197919403,57,1,1.5001347840098,"M",0.199204937228933,0.25,1,"LOW MED NA",NA
57,8,61.763645247735,56,0,0.500069139690152,"M",0.134189162356779,0.25,1,"LOW MED NA",NA
57,9,64.6333206937794,56,0,0.499108613579737,"FISHED",0.134189162356779,0.25,1,"LOW MED NA",NA
58,1,64.6829093213459,57,0,0.499408407759396,"FISHED",0.199204937228933,0.25,1,"LOW MED NA",NA
58,2,138.295187565525,60,3,3.50078371840394,"M",0.138257902278565,0.25,1,"LOW MED NA",NA
58,3,141.868517949888,60,3,3.50035936891362,"M",0.138257902278565,0.25,1,"LOW MED NA",NA
58,4,64.1403888481838,57,0,0.500084342119904,"FISHED",0.199204937228933,0.25,1,"LOW MED NA",NA
58,5,92.2722967201692,58,1,1.49983579313771,"M",0.134709217445925,0.25,1,"LOW MED NA",NA
58,6,63.7666314777842,57,0,0.50107938009764,"M",0.199204937228933,0.25,1,"LOW MED NA",NA
58,7,101.483233026214,58,1,1.50122912389159,"M",0.134709217445925,0.25,1,"LOW MED NA",NA
58,8,120.035166476063,59,2,2.50000325803449,"M",0.16896744009573,0.25,1,"LOW MED NA",NA
58,9,129.198442587211,60,3,3.50116496102979,"M",0.138257902278565,0.25,1,"LOW MED NA",NA
58,10,120.537089655565,59,2,2.4989760392458,"M",0.16896744009573,0.25,1,"LOW MED NA",NA
59,1,143.651554738873,63,5,5.4991077547784,"M",0.124382845964283,0.25,1,"LOW MED NA",NA
59,2,103.981814006048,59,1,1.49980783659532,"M",0.16896744009573,0.25,1,"LOW MED NA",NA
59,3,62.9907634076928,58,0,0.501199729074431,"M",0.134709217445925,0.25,1,"LOW MED NA",NA
59,4,141.192621976407,61,3,3.50031790120913,"FISHED",0.115344652161002,0.25,1,"LOW MED NA",NA
59,5,149.606390449048,61,3,3.49999619788291,"FISHED",0.115344652161002,0.25,1,"LOW MED NA",NA
59,6,170.760821370022,63,5,5.49872080130297,"M",0.124382845964283,0.25,1,"LOW MED NA",NA
59,7,60.5529636242442,58,0,0.498848633132356,"FISHED",0.134709217445925,0.25,1,"LOW MED NA",NA
59,8,123.900201722816,60,2,2.49964539775872,"M",0.138257902278565,0.25,1,"LOW MED NA",NA
59,9,98.0127201077842,59,1,1.49883515590029,"FISHED",0.16896744009573,0.25,1,"LOW MED NA",NA
59,10,158.050866236503,62,4,4.5005058731039,"M",0.129386766417883,0.25,1,"LOW MED NA",NA
59,11,97.0426006204607,59,1,1.50006775038767,"FISHED",0.16896744009573,0.25,1,"LOW MED NA",NA
59,12,63.3946365686174,58,0,0.498834097443025,"M",0.134709217445925,0.25,1,"LOW MED NA",NA
60,1,150.769788533507,63,4,4.49991680609135,"M",0.124382845964283,0.25,1,"LOW MED NA",NA
60,2,148.224180293401,62,3,3.50035673645781,"M",0.129386766417883,0.25,1,"LOW MED NA",NA
60,3,223.425623439547,71,12,12.5001399308821,"M",0.149615540658124,0.25,1,"LOW MED NA",NA
60,4,192.180742756295,65,6,6.50022838661964,"M",0.110257681761868,0.25,1,"LOW MED NA",NA
60,5,158.996390386111,63,4,4.50083914735441,"FISHED",0.124382845964283,0.25,1,"LOW MED NA",NA
60,6,63.9618330764613,59,0,0.499198993389542,"M",0.16896744009573,0.25,1,"LOW MED NA",NA
60,7,63.84874745646,59,0,0.500647415738159,"M",0.16896744009573,0.25,1,"LOW MED NA",NA
60,8,149.57605150248,63,4,4.49840248787193,"FISHED",0.124382845964283,0.25,1,"LOW MED NA",NA
60,9,197.233203939401,68,9,9.49913213227467,"FISHED",0.197891269158572,0.25,1,"LOW MED NA",NA
60,10,192.463457718329,65,6,6.49848374139362,"FISHED",0.110257681761868,0.25,1,"LOW MED NA",NA
61,1,167.559400370338,64,4,4.50038136050672,"FISHED",0.13963772256393,0.25,1,"LOW MED NA",NA
61,2,91.5615456436396,61,1,1.50161687483478,"M",0.115344652161002,0.25,1,"LOW MED NA",NA
61,3,164.499518075166,66,6,6.49946578513189,"FISHED",0.16306002382189,0.25,1,"LOW MED NA",NA
61,4,59.048174472874,60,0,0.498082147443535,"M",0.138257902278565,0.25,1,"LOW MED NA",NA
61,5,173.476363685734,64,4,4.49999586267337,"M",0.13963772256393,0.25,1,"LOW MED NA",NA
61,6,63.6068100602864,60,0,0.500441536377159,"M",0.138257902278565,0.25,1,"LOW MED NA",NA
61,7,101.414741865882,61,1,1.5000837870406,"FISHED",0.115344652161002,0.25,1,"LOW MED NA",NA
61,8,62.0290539147305,60,0,0.499752262232571,"M",0.138257902278565,0.25,1,"LOW MED NA",NA
61,9,190.798327856218,71,11,11.5003800541155,"M",0.149615540658124,0.25,1,"LOW MED NA",NA
61,10,64.746487906568,60,0,0.499120467158118,"M",0.138257902278565,0.25,1,"LOW MED NA",NA
61,11,199.600997535232,65,5,5.49897191060073,"M",0.110257681761868,0.25,1,"LOW MED NA",NA
61,12,60.7579293415122,60,0,0.500351498400671,"FISHED",0.138257902278565,0.25,1,"LOW MED NA",NA
62,1,62.8981924127818,61,0,0.499661817913432,"M",0.115344652161002,0.25,1,"LOW MED NA",NA
62,2,93.9061374662871,62,1,1.49997950046364,"M",0.129386766417883,0.25,1,"LOW MED NA",NA
62,3,211.200355110736,69,8,8.50036153230937,"M",0.188955398625694,0.25,1,"LOW MED NA",NA
62,4,66.1223601294834,61,0,0.499598428023429,"M",0.115344652161002,0.25,1,"LOW MED NA",NA
62,5,62.5796656033406,61,0,0.500020525213132,"FISHED",0.115344652161002,0.25,1,"LOW MED NA",NA
62,6,122.976925415088,63,2,2.49872970401795,"M",0.124382845964283,0.25,1,"LOW MED NA",NA
62,7,128.163567873694,64,3,3.50216357826352,"FISHED",0.13963772256393,0.25,1,"LOW MED NA",NA
62,8,62.8328756153874,61,0,0.499032710157823,"M",0.115344652161002,0.25,1,"LOW MED NA",NA
62,9,64.0330529526634,61,0,0.498503460511393,"M",0.115344652161002,0.25,1,"LOW MED NA",NA
63,1,62.610309420245,62,0,0.500627580859508,"M",0.129386766417883,0.25,1,"LOW MED NA",NA
63,2,150.598248643895,65,3,3.4997878857043,"FISHED",0.110257681761868,0.25,1,"LOW MED NA",NA
63,3,187.75901019478,67,5,5.50168524161346,"FISHED",0.185810482013039,0.25,1,"LOW MED NA",NA
63,4,181.727393214774,70,8,8.50081103874684,"M",0.153894470725209,0.25,1,"LOW MED NA",NA
63,5,61.7763515031348,62,0,0.498315607093061,"FISHED",0.129386766417883,0.25,1,"LOW MED NA",NA
63,6,60.3940739915596,62,0,0.500694833030281,"M",0.129386766417883,0.25,1,"LOW MED NA",NA
63,7,203.524166099888,69,7,7.49929272525676,"M",0.188955398625694,0.25,1,"LOW MED NA",NA
63,8,101.156726863392,63,1,1.49885336687716,"FISHED",0.124382845964283,0.25,1,"LOW MED NA",NA
63,9,60.4805754477548,62,0,0.500596211962739,"FISHED",0.129386766417883,0.25,1,"LOW MED NA",NA
63,10,64.1999358621746,62,0,0.501441808887635,"M",0.129386766417883,0.25,1,"LOW MED NA",NA
63,11,60.9290157059041,62,0,0.501159920689474,"M",0.129386766417883,0.25,1,"LOW MED NA",NA
64,1,166.903043127253,68,5,5.49971768844867,"M",0.197891269158572,0.25,1,"LOW MED NA",NA
64,2,167.07322097672,67,4,4.4994388140395,"M",0.185810482013039,0.25,1,"LOW MED NA",NA
64,3,100.043176016139,64,1,1.49990576794607,"M",0.13963772256393,0.25,1,"LOW MED NA",NA
64,4,161.720336820413,67,4,4.49991529955143,"M",0.185810482013039,0.25,1,"LOW MED NA",NA
64,5,93.5306689127599,64,1,1.50133315993063,"FISHED",0.13963772256393,0.25,1,"LOW MED NA",NA
64,6,94.702617154635,64,1,1.49993633503641,"M",0.13963772256393,0.25,1,"LOW MED NA",NA
64,7,140.388050663032,66,3,3.49876481944468,"M",0.16306002382189,0.25,1,"LOW MED NA",NA
64,8,99.6579748606395,64,1,1.49874610376808,"FISHED",0.13963772256393,0.25,1,"LOW MED NA",NA
64,9,63.444728492133,63,0,0.500063016746219,"M",0.124382845964283,0.25,1,"LOW MED NA",NA
64,10,101.133719207972,64,1,1.49842084478658,"FISHED",0.13963772256393,0.25,1,"LOW MED NA",NA
64,11,103.420834845797,64,1,1.49951014253945,"FISHED",0.13963772256393,0.25,1,"LOW MED NA",NA
64,12,61.7474752182327,63,0,0.501318571533025,"M",0.124382845964283,0.25,1,"LOW MED NA",NA
64,13,165.13482382402,67,4,4.49938767499795,"M",0.185810482013039,0.25,1,"LOW MED NA",NA
65,1,97.5226388800115,65,1,1.50065692565417,"M",0.110257681761868,0.25,1,"LOW MED NA",NA
65,2,100.532389260438,65,1,1.50083105652207,"FISHED",0.110257681761868,0.25,1,"LOW MED NA",NA
65,3,165.583917202368,68,4,4.49973971079162,"M",0.197891269158572,0.25,1,"LOW MED NA",NA
65,4,144.23265058929,67,3,3.50125069011961,"FISHED",0.185810482013039,0.25,1,"LOW MED NA",NA
65,5,92.3453062822352,65,1,1.50067332535268,"M",0.110257681761868,0.25,1,"LOW MED NA",NA
65,6,63.9955831603241,64,0,0.500044871603981,"M",0.13963772256393,0.25,1,"LOW MED NA",NA
65,7,94.3736699764219,65,1,1.50259615378247,"FISHED",0.110257681761868,0.25,1,"LOW MED NA",NA
65,8,63.5901619489455,64,0,0.500226131173259,"M",0.13963772256393,0.25,1,"LOW MED NA",NA
65,9,122.796751911924,66,2,2.49974277311639,"M",0.16306002382189,0.25,1,"LOW MED NA",NA
65,10,64.0918825914685,64,0,0.502376107748145,"M",0.13963772256393,0.25,1,"LOW MED NA",NA
65,11,59.9646979452236,64,0,0.498310170460351,"FISHED",0.13963772256393,0.25,1,"LOW MED NA",NA
65,12,151.242626260244,68,4,4.50006480190236,"FISHED",0.197891269158572,0.25,1,"LOW MED NA",NA
65,13,124.504193899039,66,2,2.50011697125502,"M",0.16306002382189,0.25,1,"LOW MED NA",NA
66,1,62.2777930584091,65,0,0.498966130112113,"M",0.110257681761868,0.25,1,"LOW MED NA",NA
66,2,120.871082558531,67,2,2.50183302052288,"FISHED",0.185810482013039,0.25,1,"LOW MED NA",NA
66,3,115.051956322124,67,2,2.49990535839749,"FISHED",0.185810482013039,0.25,1,"LOW MED NA",NA
66,4,125.710854636638,67,2,2.49924651690316,"M",0.185810482013039,0.25,1,"LOW MED NA",NA
66,5,101.364702764459,66,1,1.5000221391694,"M",0.16306002382189,0.25,1,"LOW MED NA",NA
66,6,96.8385466792005,66,1,1.50006133357992,"FISHED",0.16306002382189,0.25,1,"LOW MED NA",NA
66,7,119.043194259967,67,2,2.49979168087883,"FISHED",0.185810482013039,0.25,1,"LOW MED NA",NA
66,8,172.929710008894,69,4,4.49890315385596,"FISHED",0.188955398625694,0.25,1,"LOW MED NA",NA
66,9,208.266265948396,74,9,9.49988432408552,"M",0.131259018555284,0.25,1,"LOW MED NA",NA
66,10,63.0662544002513,65,0,0.499563374902146,"M",0.110257681761868,0.25,1,"LOW MED NA",NA
66,11,62.1968749481078,65,0,0.501081090967351,"FISHED",0.110257681761868,0.25,1,"LOW MED NA",NA
66,12,95.4057214828137,66,1,1.5012504357839,"FISHED",0.16306002382189,0.25,1,"LOW MED NA",NA
67,1,123.30371298435,68,2,2.50082199183438,"FISHED",0.197891269158572,0.25,1,"LOW MED NA",NA
67,2,60.7442458320595,66,0,0.498834780237152,"FISHED",0.16306002382189,0.25,1,"LOW MED NA",NA
67,3,98.3774955699053,67,1,1.49725629485088,"M",0.185810482013039,0.25,1,"LOW MED NA",NA
67,4,126.599056453044,68,2,2.50084148146114,"FISHED",0.197891269158572,0.25,1,"LOW MED NA",NA
67,5,62.4176627669756,66,0,0.500596917767399,"M",0.16306002382189,0.25,1,"LOW MED NA",NA
67,6,99.6954800935044,67,1,1.49894577105661,"FISHED",0.185810482013039,0.25,1,"LOW MED NA",NA
67,7,208.048244063412,73,7,7.50027034928701,"FISHED",0.14339067840483,0.25,1,"LOW MED NA",NA
67,8,63.2295771754378,66,0,0.501209874334977,"M",0.16306002382189,0.25,1,"LOW MED NA",NA
67,9,134.077648594684,69,3,3.49880782275308,"FISHED",0.188955398625694,0.25,1,"LOW MED NA",NA
67,10,64.0364260370059,66,0,0.500506350042553,"FISHED",0.16306002382189,0.25,1,"LOW MED NA",NA
67,11,93.4475707361788,67,1,1.49872006256412,"M",0.185810482013039,0.25,1,"LOW MED NA",NA
68,1,115.380803916676,69,2,2.50184854672618,"FISHED",0.188955398625694,0.25,1,"LOW MED NA",NA
68,2,125.230360472983,69,2,2.49938488598803,"FISHED",0.188955398625694,0.25,1,"LOW MED NA",NA
68,3,62.7462100180677,67,0,0.499513585012738,"M",0.185810482013039,0.25,1,"LOW MED NA",NA
68,4,158.167003752911,71,4,4.50120290516846,"FISHED",0.149615540658124,0.25,1,"LOW MED NA",NA
68,5,58.907445651699,67,0,0.499495121172903,"FISHED",0.185810482013039,0.25,1,"LOW MED NA",NA
68,6,163.685323731403,71,4,4.50113621395801,"M",0.149615540658124,0.25,1,"LOW MED NA",NA
68,7,130.027144754576,69,2,2.50209019424175,"FISHED",0.188955398625694,0.25,1,"LOW MED NA",NA
68,8,126.058222241007,69,2,2.49954906268562,"M",0.188955398625694,0.25,1,"LOW MED NA",NA
68,9,99.7372178218687,68,1,1.50012261599479,"M",0.197891269158572,0.25,1,"LOW MED NA",NA
68,10,60.5431194365654,67,0,0.501432596987649,"M",0.185810482013039,0.25,1,"LOW MED NA",NA
68,11,94.2765447609114,68,1,1.49931947027836,"M",0.197891269158572,0.25,1,"LOW MED NA",NA
69,1,195.492418745633,76,8,8.49966935906739,"FISHED",0.215048349532299,0.25,1,"LOW MED NA",NA
69,2,101.372965435814,69,1,1.49994498476721,"M",0.188955398625694,0.25,1,"LOW MED NA",NA
69,3,64.3297734149096,68,0,0.498240912522661,"M",0.197891269158572,0.25,1,"LOW MED NA",NA
69,4,145.371859270728,71,3,3.49955007149371,"M",0.149615540658124,0.25,1,"LOW MED NA",NA
69,5,151.194424764077,71,3,3.49980941467127,"FISHED",0.149615540658124,0.25,1,"LOW MED NA",NA
69,6,63.4520806128475,68,0,0.499902725347035,"FISHED",0.197891269158572,0.25,1,"LOW MED NA",NA
69,7,63.6373444736774,68,0,0.499488926379903,"M",0.197891269158572,0.25,1,"LOW MED NA",NA
69,8,122.296968159409,70,2,2.50081936633688,"M",0.153894470725209,0.25,1,"LOW MED NA",NA
69,9,159.239847837519,72,4,4.49957060748384,"M",0.173247262113728,0.25,1,"LOW MED NA",NA
69,10,96.645502932009,69,1,1.50037252654695,"M",0.188955398625694,0.25,1,"LOW MED NA",NA
69,11,96.2822798992519,69,1,1.50005534525585,"M",0.188955398625694,0.25,1,"LOW MED NA",NA
69,12,204.331177739548,74,6,6.50039304216783,"M",0.131259018555284,0.25,1,"LOW MED NA",NA
69,13,62.1079137918223,68,0,0.500078572165261,"M",0.197891269158572,0.25,1,"LOW MED NA",NA
70,1,96.5044791682951,70,1,1.49912910200945,"M",0.153894470725209,0.25,1,"LOW MED NA",NA
70,2,155.924694709048,72,3,3.50095368694405,"M",0.173247262113728,0.25,1,"LOW MED NA",NA
70,3,64.1688746035284,69,0,0.501003136966097,"FISHED",0.188955398625694,0.25,1,"LOW MED NA",NA
70,4,173.40552375258,75,6,6.49948287091295,"FISHED",0.241887154662982,0.25,1,"LOW MED NA",NA
70,5,96.1021527234337,70,1,1.49920037550878,"FISHED",0.153894470725209,0.25,1,"LOW MED NA",NA
70,6,94.4123142405045,70,1,1.49981599856719,"FISHED",0.153894470725209,0.25,1,"LOW MED NA",NA
70,7,158.417756204491,72,3,3.50152044802378,"FISHED",0.173247262113728,0.25,1,"LOW MED NA",NA
70,8,59.5664371652989,69,0,0.500884068120049,"FISHED",0.188955398625694,0.25,1,"LOW MED NA",NA
70,9,115.950292832765,71,2,2.50022996469868,"M",0.149615540658124,0.25,1,"LOW MED NA",NA
70,10,63.9266622508498,69,0,0.500026657351481,"M",0.188955398625694,0.25,1,"LOW MED NA",NA
70,11,99.5570132499116,70,1,1.50005838013909,"M",0.153894470725209,0.25,1,"LOW MED NA",NA
71,1,147.692269878932,73,3,3.5018395797453,"FISHED",0.14339067840483,0.25,1,"LOW MED NA",NA
71,2,98.6712902507508,71,1,1.49977659383421,"M",0.149615540658124,0.25,1,"LOW MED NA",NA
71,3,100.818465048355,71,1,1.49855222455685,"M",0.149615540658124,0.25,1,"LOW MED NA",NA
71,4,125.554477486775,72,2,2.50010339138566,"M",0.173247262113728,0.25,1,"LOW MED NA",NA
71,5,64.2724656903045,70,0,0.499833773475011,"FISHED",0.153894470725209,0.25,1,"LOW MED NA",NA
71,6,63.7030864424553,70,0,0.499295558330424,"M",0.153894470725209,0.25,1,"LOW MED NA",NA
71,7,62.0585356952166,70,0,0.500895953138617,"M",0.153894470725209,0.25,1,"LOW MED NA",NA
71,8,62.4223511077565,70,0,0.498825520059297,"FISHED",0.153894470725209,0.25,1,"LOW MED NA",NA
71,9,103.99331338593,71,1,1.49963194422117,"M",0.149615540658124,0.25,1,"LOW MED NA",NA
71,10,64.356333343245,70,0,0.498110686088149,"FISHED",0.153894470725209,0.25,1,"LOW MED NA",NA
71,11,66.5196932306731,70,0,0.49939525842998,"FISHED",0.153894470725209,0.25,1,"LOW MED NA",NA
72,1,122.120758161062,73,2,2.50068934020553,"M",0.14339067840483,0.25,1,"LOW MED NA",NA
72,2,63.3464623765196,71,0,0.500238748263429,"FISHED",0.149615540658124,0.25,1,"LOW MED NA",NA
72,3,102.786701236949,72,1,1.50193265626603,"M",0.173247262113728,0.25,1,"LOW MED NA",NA
72,4,61.2723603436637,71,0,0.500058461916358,"M",0.149615540658124,0.25,1,"LOW MED NA",NA
72,5,63.0004160678048,71,0,0.499581887906089,"FISHED",0.149615540658124,0.25,1,"LOW MED NA",NA
72,6,62.5332614571935,71,0,0.49973370039865,"FISHED",0.149615540658124,0.25,1,"LOW MED NA",NA
72,7,59.9889178437632,71,0,0.501142911742881,"M",0.149615540658124,0.25,1,"LOW MED NA",NA
72,8,172.872458381713,76,5,5.49842970469434,"M",0.215048349532299,0.25,1,"LOW MED NA",NA
72,9,133.120441852479,73,2,2.49961711624363,"M",0.14339067840483,0.25,1,"LOW MED NA",NA
72,10,135.604446275078,73,2,2.50050169988755,"FISHED",0.14339067840483,0.25,1,"LOW MED NA",NA
72,11,197.280794865728,78,7,7.49922216044504,"M",0.21741470976267,0.25,1,"LOW MED NA",NA
73,1,97.7185638450669,73,1,1.50062879514415,"FISHED",0.14339067840483,0.25,1,"LOW MED NA",NA
73,2,62.1707532436498,72,0,0.501562197438032,"FISHED",0.173247262113728,0.25,1,"LOW MED NA",NA
73,3,98.9262428618571,73,1,1.50098582206187,"FISHED",0.14339067840483,0.25,1,"LOW MED NA",NA
73,4,104.304250478129,73,1,1.49944526304545,"M",0.14339067840483,0.25,1,"LOW MED NA",NA
73,5,62.8110698555184,72,0,0.502353280812109,"M",0.173247262113728,0.25,1,"LOW MED NA",NA
73,6,63.7733789007442,72,0,0.4977363871517,"M",0.173247262113728,0.25,1,"LOW MED NA",NA
73,7,144.695219594947,75,3,3.4991115436223,"FISHED",0.241887154662982,0.25,1,"LOW MED NA",NA
73,8,169.881593801178,77,5,5.49764901247729,"M",0.270901686279103,0.25,1,"LOW MED NA",NA
73,9,62.242918954086,72,0,0.498887060996625,"M",0.173247262113728,0.25,1,"LOW MED NA",NA
73,10,96.705211055931,73,1,1.50035339039005,"FISHED",0.14339067840483,0.25,1,"LOW MED NA",NA
74,1,172.202278391751,79,6,6.50042483857973,"FISHED",0.202762112044729,0.25,1,"LOW MED NA",NA
74,2,60.9990064372035,73,0,0.498786478886378,"FISHED",0.14339067840483,0.25,1,"LOW MED NA",NA
74,3,64.2398200727162,73,0,0.499481945407796,"M",0.14339067840483,0.25,1,"LOW MED NA",NA
74,4,103.804988387812,74,1,1.49812074779203,"FISHED",0.131259018555284,0.25,1,"LOW MED NA",NA
74,5,134.021073921149,75,2,2.49956004254867,"M",0.241887154662982,0.25,1,"LOW MED NA",NA
74,6,153.233666397094,77,4,4.50024997985717,"M",0.270901686279103,0.25,1,"LOW MED NA",NA
74,7,163.833802316887,76,3,3.50037067379414,"FISHED",0.215048349532299,0.25,1,"LOW MED NA",NA
74,8,62.7233477525517,73,0,0.500698157161693,"M",0.14339067840483,0.25,1,"LOW MED NA",NA
74,9,63.4558833305657,73,0,0.501470638127104,"M",0.14339067840483,0.25,1,"LOW MED NA",NA
74,10,199.454358233913,80,7,7.49935873653158,"M",0.244204840692691,0.25,1,"LOW MED NA",NA
74,11,191.429436988495,79,6,6.49957278053046,"M",0.202762112044729,0.25,1,"LOW MED NA",NA
75,1,99.2186872362201,75,1,1.50045110945857,"M",0.241887154662982,0.25,1,"LOW MED NA",NA
75,2,185.450658720388,79,5,5.50041550738667,"M",0.202762112044729,0.25,1,"LOW MED NA",NA
75,3,103.116748331857,75,1,1.499228337261,"M",0.241887154662982,0.25,1,"LOW MED NA",NA
75,4,67.2908154829562,74,0,0.499249617071315,"FISHED",0.131259018555284,0.25,1,"LOW MED NA",NA
75,5,64.1851509715672,74,0,0.500709427231857,"M",0.131259018555284,0.25,1,"LOW MED NA",NA
75,6,61.336319188669,74,0,0.498321816117081,"FISHED",0.131259018555284,0.25,1,"LOW MED NA",NA
75,7,60.0515758862246,74,0,0.500300665194669,"M",0.131259018555284,0.25,1,"LOW MED NA",NA
75,8,126.542694311669,76,2,2.50011368462865,"FISHED",0.215048349532299,0.25,1,"LOW MED NA",NA
75,9,123.255238844373,76,2,2.50110744548772,"M",0.215048349532299,0.25,1,"LOW MED NA",NA
76,1,98.7583651368723,76,1,1.50137052659731,"M",0.215048349532299,0.25,1,"LOW MED NA",NA
76,2,65.1035606718634,75,0,0.500018536532976,"M",0.241887154662982,0.25,1,"LOW MED NA",NA
76,3,142.205260056046,78,3,3.5008200191968,"M",0.21741470976267,0.25,1,"LOW MED NA",NA
76,4,92.7301131998718,76,1,1.49875136969863,"FISHED",0.215048349532299,0.25,1,"LOW MED NA",NA
76,5,63.5665901247634,75,0,0.499596125908299,"M",0.241887154662982,0.25,1,"LOW MED NA",NA
76,6,64.9545040930509,75,0,0.500103769465193,"M",0.241887154662982,0.25,1,"LOW MED NA",NA
76,7,164.889838330669,79,4,4.49975615509642,"M",0.202762112044729,0.25,1,"LOW MED NA",NA
76,8,128.796760966583,77,2,2.49945730123828,"FISHED",0.270901686279103,0.25,1,"LOW MED NA",NA
76,9,127.308043809792,77,2,2.50140163937547,"M",0.270901686279103,0.25,1,"LOW MED NA",NA
76,10,61.3016355051332,75,0,0.499569549809665,"M",0.241887154662982,0.25,1,"LOW MED NA",NA
76,11,64.6440339691629,75,0,0.498853112776192,"M",0.241887154662982,0.25,1,"LOW MED NA",NA
77,1,98.8520483458454,77,1,1.50031932555314,"FISHED",0.270901686279103,0.25,1,"LOW MED NA",NA
77,2,162.397182982187,81,5,5.49777147764927,"M",0.212762682954781,0.25,1,"LOW MED NA",NA
77,3,62.4815822822403,76,0,0.499533795425063,"M",0.215048349532299,0.25,1,"LOW MED NA",NA
77,4,160.290734166997,80,4,4.49870332477388,"FISHED",0.244204840692691,0.25,1,"LOW MED NA",NA
77,5,63.5216063661706,76,0,0.500026255679522,"M",0.215048349532299,0.25,1,"LOW MED NA",NA
77,6,125.430000799859,78,2,2.50003408173261,"M",0.21741470976267,0.25,1,"LOW MED NA",NA
77,7,63.8969740328275,76,0,0.500821536615751,"FISHED",0.215048349532299,0.25,1,"LOW MED NA",NA
77,8,65.6482336291214,76,0,0.499038226302886,"FISHED",0.215048349532299,0.25,1,"LOW MED NA",NA
78,1,145.239248682653,81,4,4.49829230557019,"M",0.212762682954781,0.25,1,"LOW MED NA",NA
78,2,93.358587767378,78,1,1.50003405392787,"M",0.21741470976267,0.25,1,"LOW MED NA",NA
78,3,95.9610854356136,78,1,1.50031206663372,"M",0.21741470976267,0.25,1,"LOW MED NA",NA
78,4,64.8805104231074,77,0,0.498450305511426,"FISHED",0.270901686279103,0.25,1,"LOW MED NA",NA
78,5,146.922292256629,80,3,3.50050695318604,"M",0.244204840692691,0.25,1,"LOW MED NA",NA
78,6,195.08058537293,82,5,5.5003501806545,"FISHED",0.241675154631957,0.25,1,"LOW MED NA",NA
78,7,147.593388557201,80,3,3.4985806076443,"M",0.244204840692691,0.25,1,"LOW MED NA",NA
78,8,162.73491572565,80,3,3.4991435883451,"M",0.244204840692691,0.25,1,"LOW MED NA",NA
78,9,64.4056683955385,77,0,0.50157539110721,"M",0.270901686279103,0.25,1,"LOW MED NA",NA
78,10,61.00150191592,77,0,0.500365847206138,"FISHED",0.270901686279103,0.25,1,"LOW MED NA",NA
79,1,100.54769740706,79,1,1.4995020165541,"M",0.202762112044729,0.25,1,"LOW MED NA",NA
79,2,103.488968801317,79,1,1.4994585356219,"M",0.202762112044729,0.25,1,"LOW MED NA",NA
79,3,61.1991921471465,78,0,0.498363665500282,"FISHED",0.21741470976267,0.25,1,"LOW MED NA",NA
79,4,99.1979716899941,79,1,1.50112681674267,"M",0.202762112044729,0.25,1,"LOW MED NA",NA
79,5,91.9734332840518,79,1,1.49870242974159,"FISHED",0.202762112044729,0.25,1,"LOW MED NA",NA
79,6,126.600263368668,80,2,2.49886756241162,"FISHED",0.244204840692691,0.25,1,"LOW MED NA",NA
79,7,102.704938175002,79,1,1.50129530349937,"FISHED",0.202762112044729,0.25,1,"LOW MED NA",NA
79,8,62.650484534315,78,0,0.499987319060013,"M",0.21741470976267,0.25,1,"LOW MED NA",NA
79,9,63.7133676240199,78,0,0.501144204601641,"M",0.21741470976267,0.25,1,"LOW MED NA",NA
79,10,188.426624352386,84,6,6.50086380557612,"FISHED",0.289283458073623,0.25,1,"LOW MED NA",NA
80,1,64.0676882303333,79,0,0.500227025208968,"FISHED",0.202762112044729,0.25,1,"LOW MED NA",NA
80,2,100.416169101431,80,1,1.49817715806599,"M",0.244204840692691,0.25,1,"LOW MED NA",NA
80,3,100.408478848926,80,1,1.50062662984251,"FISHED",0.244204840692691,0.25,1,"LOW MED NA",NA
80,4,63.4202954197834,79,0,0.499018875127332,"M",0.202762112044729,0.25,1,"LOW MED NA",NA
80,5,93.9495828471654,80,1,1.49961189827629,"FISHED",0.244204840692691,0.25,1,"LOW MED NA",NA
80,6,62.3368101002849,79,0,0.499132538764483,"M",0.202762112044729,0.25,1,"LOW MED NA",NA
80,7,205.813712879195,86,7,7.50111145204878,"M",0.266781600029208,0.25,1,"LOW MED NA",NA
80,8,95.4431925919844,80,1,1.49920776196751,"M",0.244204840692691,0.25,1,"LOW MED NA",NA
80,9,128.786703932485,81,2,2.49873793967265,"M",0.212762682954781,0.25,1,"LOW MED NA",NA
80,10,135.759448439787,81,2,2.49911395810779,"M",0.212762682954781,0.25,1,"LOW MED NA",NA
80,11,59.8960169364805,79,0,0.500353233643179,"M",0.202762112044729,0.25,1,"LOW MED NA",NA
81,1,62.4720866385528,80,0,0.499838365500752,"M",0.244204840692691,0.25,1,"LOW MED NA",NA
81,2,64.0244527379671,80,0,0.500782678652372,"FISHED",0.244204840692691,0.25,1,"LOW MED NA",NA
81,3,66.2445751582821,80,0,0.499358606221894,"M",0.244204840692691,0.25,1,"LOW MED NA",NA
81,4,62.0293488135812,80,0,0.50197708615656,"M",0.244204840692691,0.25,1,"LOW MED NA",NA
81,5,97.8569871778035,81,1,1.50056971255425,"FISHED",0.212762682954781,0.25,1,"LOW MED NA",NA
81,6,62.0423318449137,80,0,0.499675477361817,"M",0.244204840692691,0.25,1,"LOW MED NA",NA
81,7,103.619458695811,81,1,1.49970328822522,"FISHED",0.212762682954781,0.25,1,"LOW MED NA",NA
81,8,96.9319845176347,81,1,1.49856467406325,"FISHED",0.212762682954781,0.25,1,"LOW MED NA",NA
81,9,101.821327041636,81,1,1.50072178734788,"FISHED",0.212762682954781,0.25,1,"LOW MED NA",NA
81,10,142.968938871931,82,2,2.50315259712653,"M",0.241675154631957,0.25,1,"LOW MED NA",NA
81,11,97.2035186954844,81,1,1.50161260975222,"FISHED",0.212762682954781,0.25,1,"LOW MED NA",NA
82,1,96.3740596045984,82,1,1.49963314091915,"M",0.241675154631957,0.25,1,"LOW MED NA",NA
82,2,151.910220360181,84,3,3.4986699452696,"FISHED",0.289283458073623,0.25,1,"LOW MED NA",NA
82,3,95.2426358637212,82,1,1.49969214982595,"FISHED",0.241675154631957,0.25,1,"LOW MED NA",NA
82,4,160.570205435564,85,4,4.4987024197585,"FISHED",0.278205002821051,0.25,1,"LOW MED NA",NA
82,5,123.181685993381,83,2,2.50256607022647,"FISHED",0.204979179357179,0.25,1,"LOW MED NA",NA
82,6,140.953761481027,84,3,3.50184748259966,"M",0.289283458073623,0.25,1,"LOW MED NA",NA
82,7,154.291310192264,85,4,4.50116212971843,"FISHED",0.278205002821051,0.25,1,"LOW MED NA",NA
82,8,63.2367142571849,81,0,0.501114692562999,"M",0.212762682954781,0.25,1,"LOW MED NA",NA
82,9,124.695024061855,83,2,2.49927348259528,"M",0.204979179357179,0.25,1,"LOW MED NA",NA
82,10,62.2343651050836,81,0,0.500489474864776,"M",0.212762682954781,0.25,1,"LOW MED NA",NA
82,11,101.259076338751,82,1,1.50009168010387,"FISHED",0.241675154631957,0.25,1,"LOW MED NA",NA
83,1,168.648204419786,86,4,4.50029013990303,"M",0.266781600029208,0.25,1,"LOW MED NA",NA
83,2,99.9134833158153,83,1,1.49776959188987,"FISHED",0.204979179357179,0.25,1,"LOW MED NA",NA
83,3,59.3010913426868,82,0,0.499100178545278,"M",0.241675154631957,0.25,1,"LOW MED NA",NA
83,4,64.820451489384,82,0,0.501354590136892,"FISHED",0.241675154631957,0.25,1,"LOW MED NA",NA
83,5,61.5139638934761,82,0,0.499038668965063,"M",0.241675154631957,0.25,1,"LOW MED NA",NA
83,6,96.6084083963686,83,1,1.49936475154532,"FISHED",0.204979179357179,0.25,1,"LOW MED NA",NA
83,7,59.7421414822585,82,0,0.499098376042213,"FISHED",0.241675154631957,0.25,1,"LOW MED NA",NA
83,8,120.855165652428,84,2,2.50030198793114,"FISHED",0.289283458073623,0.25,1,"LOW MED NA",NA
83,9,128.253340888813,84,2,2.49964859039869,"M",0.289283458073623,0.25,1,"LOW MED NA",NA
84,1,96.7690932577859,84,1,1.50056493535661,"M",0.289283458073623,0.25,1,"LOW MED NA",NA
84,2,62.204652337638,83,0,0.501535506543615,"M",0.204979179357179,0.25,1,"LOW MED NA",NA
84,3,103.85328524047,84,1,1.50086441281787,"FISHED",0.289283458073623,0.25,1,"LOW MED NA",NA
84,4,167.5110047262,87,4,4.49820341415405,"FISHED",0.292476804554462,0.25,1,"LOW MED NA",NA
84,5,143.327395873874,86,3,3.50008954922686,"FISHED",0.266781600029208,0.25,1,"LOW MED NA",NA
84,6,143.813672502492,86,3,3.49960177471897,"M",0.266781600029208,0.25,1,"LOW MED NA",NA
84,7,62.101590274741,83,0,0.499565693513666,"M",0.204979179357179,0.25,1,"LOW MED NA",NA
84,8,59.2767795328836,83,0,0.501148641548646,"FISHED",0.204979179357179,0.25,1,"LOW MED NA",NA
85,1,95.9695903052011,85,1,1.49923038399261,"M",0.278205002821051,0.25,1,"LOW MED NA",NA
85,2,122.863537269664,86,2,2.49960867558592,"FISHED",0.266781600029208,0.25,1,"LOW MED NA",NA
85,3,148.210164090701,87,3,3.50044778622915,"M",0.292476804554462,0.25,1,"LOW MED NA",NA
85,4,98.0032787391933,85,1,1.49882561064758,"FISHED",0.278205002821051,0.25,1,"LOW MED NA",NA
85,5,99.989762664196,85,1,1.49979915384674,"FISHED",0.278205002821051,0.25,1,"LOW MED NA",NA
85,6,61.438299957341,84,0,0.501578615200977,"M",0.289283458073623,0.25,1,"LOW MED NA",NA
85,7,138.9924471915,87,3,3.49848828369795,"M",0.292476804554462,0.25,1,"LOW MED NA",NA
85,8,61.4078360670507,84,0,0.499640277797776,"FISHED",0.289283458073623,0.25,1,"LOW MED NA",NA
86,1,96.9108216011977,86,1,1.50119362500001,"M",0.266781600029208,0.25,1,"LOW MED NA",NA
86,2,181.730451203181,90,5,5.49846860507904,"FISHED",0.268723505083472,0.25,1,"LOW MED NA",NA
86,3,61.330219570167,85,0,0.498269731723198,"FISHED",0.278205002821051,0.25,1,"LOW MED NA",NA
86,4,171.003044001472,89,4,4.49948068314231,"M",0.251700301025994,0.25,1,"LOW MED NA",NA
86,5,98.7517634491516,86,1,1.49956343042321,"M",0.266781600029208,0.25,1,"LOW MED NA",NA
86,6,64.4219302550246,85,0,0.500780818249207,"M",0.278205002821051,0.25,1,"LOW MED NA",NA
86,7,113.516019320952,87,2,2.50167375618623,"FISHED",0.292476804554462,0.25,1,"LOW MED NA",NA
86,8,180.157851549629,91,6,6.49841666125664,"FISHED",0.212965399678797,0.25,1,"LOW MED NA",NA
86,9,100.716388212553,86,1,1.50353112615979,"FISHED",0.266781600029208,0.25,1,"LOW MED NA",NA
86,10,115.573390603072,87,2,2.50004256035178,"M",0.292476804554462,0.25,1,"LOW MED NA",NA
87,1,176.205157067535,91,5,5.50076530436499,"FISHED",0.212965399678797,0.25,1,"LOW MED NA",NA
87,2,141.969040642324,89,3,3.50117633722218,"M",0.251700301025994,0.25,1,"LOW MED NA",NA
87,3,101.199256201761,87,1,1.4989778325044,"M",0.292476804554462,0.25,1,"LOW MED NA",NA
87,4,62.9498052350264,86,0,0.499394255788074,"FISHED",0.266781600029208,0.25,1,"LOW MED NA",NA
87,5,139.351797722974,89,3,3.49930226284844,"FISHED",0.251700301025994,0.25,1,"LOW MED NA",NA
87,6,63.7561685407881,86,0,0.498090401389502,"M",0.266781600029208,0.25,1,"LOW MED NA",NA
87,7,150.070754097225,89,3,3.50004509584144,"M",0.251700301025994,0.25,1,"LOW MED NA",NA
87,8,63.7015815334376,86,0,0.499776566527253,"M",0.266781600029208,0.25,1,"LOW MED NA",NA
88,1,61.4379381814265,87,0,0.499888055585747,"M",0.292476804554462,0.25,1,"LOW MED NA",NA
88,2,103.380063670553,88,1,1.50125053657406,"M",0.235750608635135,0.25,1,"LOW MED NA",NA
88,3,105.042818057413,88,1,1.498836997447,"M",0.235750608635135,0.25,1,"LOW MED NA",NA
88,4,62.2602436878898,87,0,0.500481743258681,"FISHED",0.292476804554462,0.25,1,"LOW MED NA",NA
88,5,59.5735933170414,87,0,0.50135592320341,"FISHED",0.292476804554462,0.25,1,"LOW MED NA",NA
88,6,149.360867512294,90,3,3.49842639699547,"M",0.268723505083472,0.25,1,"LOW MED NA",NA
88,7,61.4059659737788,87,0,0.50007514207621,"FISHED",0.292476804554462,0.25,1,"LOW MED NA",NA
88,8,125.083998355684,89,2,2.49946451638793,"M",0.251700301025994,0.25,1,"LOW MED NA",NA
88,9,64.0249274600259,87,0,0.500621399447672,"M",0.292476804554462,0.25,1,"LOW MED NA",NA
88,10,123.746156860732,89,2,2.50035983544937,"M",0.251700301025994,0.25,1,"LOW MED NA",NA
89,1,62.0218975004713,88,0,0.500941084137752,"M",0.235750608635135,0.25,1,"LOW MED NA",NA
89,2,90.1215321972796,89,1,1.49927751110324,"M",0.251700301025994,0.25,1,"LOW MED NA",NA
89,3,97.3920530733833,89,1,1.50065965894173,"M",0.251700301025994,0.25,1,"LOW MED NA",NA
89,4,61.3247091282872,88,0,0.501031892449476,"FISHED",0.235750608635135,0.25,1,"LOW MED NA",NA
89,5,65.1413694155429,88,0,0.501168031086362,"FISHED",0.235750608635135,0.25,1,"LOW MED NA",NA
89,6,60.9399152829494,88,0,0.501380814926948,"M",0.235750608635135,0.25,1,"LOW MED NA",NA
90,1,100.426397761383,90,1,1.50049892016183,"FISHED",0.268723505083472,0.25,1,"LOW MED NA",NA
90,2,61.8940094299368,89,0,0.500967372398979,"FISHED",0.251700301025994,0.25,1,"LOW MED NA",NA
90,3,62.9486751870188,89,0,0.498839952871379,"FISHED",0.251700301025994,0.25,1,"LOW MED NA",NA
90,4,100.740303761164,90,1,1.50025983417114,"FISHED",0.268723505083472,0.25,1,"LOW MED NA",NA
90,5,97.1456950740938,90,1,1.50001352273922,"FISHED",0.268723505083472,0.25,1,"LOW MED NA",NA
90,6,63.1634359255585,89,0,0.500171152186826,"FISHED",0.251700301025994,0.25,1,"LOW MED NA",NA
90,7,152.904639554406,92,3,3.50038747608121,"FISHED",0.273017057380639,0.25,1,"LOW MED NA",NA
90,8,60.9958405733065,89,0,0.498684595205107,"FISHED",0.251700301025994,0.25,1,"LOW MED NA",NA
90,9,65.3244557691893,89,0,0.498831874488599,"M",0.251700301025994,0.25,1,"LOW MED NA",NA
91,1,131.64282555817,92,2,2.49890888091418,"M",0.273017057380639,0.25,1,"LOW MED NA",NA
91,2,63.1810683423231,90,0,0.501723118531076,"FISHED",0.268723505083472,0.25,1,"LOW MED NA",NA
91,3,139.059822881221,93,3,3.50109753171488,"FISHED",0.283776487526484,0.25,1,"LOW MED NA",NA
91,4,62.3998717757444,90,0,0.498060919943865,"FISHED",0.268723505083472,0.25,1,"LOW MED NA",NA
91,5,176.777247051166,95,5,5.50017846237992,"M",0.258410466695204,0.25,1,"LOW MED NA",NA
91,6,61.803785644224,90,0,0.501054061435007,"FISHED",0.268723505083472,0.25,1,"LOW MED NA",NA
91,7,62.2873275719666,90,0,0.497372806059484,"M",0.268723505083472,0.25,1,"LOW MED NA",NA
91,8,61.9001847097114,90,0,0.499562690041471,"M",0.268723505083472,0.25,1,"LOW MED NA",NA
91,9,62.4541418588243,90,0,0.498929523016979,"M",0.268723505083472,0.25,1,"LOW MED NA",NA
91,10,145.024632655791,93,3,3.49916725992312,"M",0.283776487526484,0.25,1,"LOW MED NA",NA
91,11,61.6233059105805,90,0,0.500175857376601,"M",0.268723505083472,0.25,1,"LOW MED NA",NA
92,1,63.839866949487,91,0,0.498891023593923,"M",0.212965399678797,0.25,1,"LOW MED NA",NA
92,2,185.182592841992,98,7,7.49966394181293,"M",0.284828256908804,0.25,1,"LOW MED NA",NA
92,3,95.0287046203333,92,1,1.50122918468533,"FISHED",0.273017057380639,0.25,1,"LOW MED NA",NA
92,4,61.9048358959174,91,0,0.499931370299936,"M",0.212965399678797,0.25,1,"LOW MED NA",NA
92,5,168.951240858947,96,5,5.49967052273699,"M",0.284273213916458,0.25,1,"LOW MED NA",NA
92,6,64.1777726541068,91,0,0.49972917235862,"M",0.212965399678797,0.25,1,"LOW MED NA",NA
92,7,103.117478105946,92,1,1.5008982230421,"M",0.273017057380639,0.25,1,"LOW MED NA",NA
92,8,62.1460590146834,91,0,0.499370578751147,"M",0.212965399678797,0.25,1,"LOW MED NA",NA
93,1,60.3177237748736,92,0,0.500530733993033,"FISHED",0.273017057380639,0.25,1,"LOW MED NA",NA
93,2,143.278865289028,95,3,3.49975715887791,"FISHED",0.258410466695204,0.25,1,"LOW MED NA",NA
93,3,125.997756346634,94,2,2.49921715493773,"FISHED",0.247925923834555,0.25,1,"LOW MED NA",NA
93,4,127.667626707485,94,2,2.50159545901889,"FISHED",0.247925923834555,0.25,1,"LOW MED NA",NA
93,5,102.118720880702,93,1,1.50051138800268,"M",0.283776487526484,0.25,1,"LOW MED NA",NA
93,6,119.763406515248,94,2,2.498718671755,"M",0.247925923834555,0.25,1,"LOW MED NA",NA
93,7,61.9752722383038,92,0,0.500702988125982,"M",0.273017057380639,0.25,1,"LOW MED NA",NA
93,8,62.9279599736671,92,0,0.500254982476246,"M",0.273017057380639,0.25,1,"LOW MED NA",NA
94,1,65.5370440034223,93,0,0.498102155911351,"FISHED",0.283776487526484,0.25,1,"LOW MED NA",NA
94,2,132.296534359546,95,2,2.50045772956862,"M",0.258410466695204,0.25,1,"LOW MED NA",NA
94,3,61.6669343914524,93,0,0.500408143862342,"FISHED",0.283776487526484,0.25,1,"LOW MED NA",NA
94,4,61.5076265330027,93,0,0.500924658517131,"M",0.283776487526484,0.25,1,"LOW MED NA",NA
94,5,62.5451328290635,93,0,0.500007238032078,"M",0.283776487526484,0.25,1,"LOW MED NA",NA
95,1,63.9823852502312,94,0,0.499855864949133,"M",0.247925923834555,0.25,1,"LOW MED NA",NA
95,2,172.423672204414,99,5,5.50067013522234,"M",0.276001863344572,0.25,1,"LOW MED NA",NA
95,3,102.471934082326,95,1,1.49966528605134,"FISHED",0.258410466695204,0.25,1,"LOW MED NA",NA
95,4,124.517726215474,96,2,2.49880940901743,"M",0.284273213916458,0.25,1,"LOW MED NA",NA
95,5,64.2983616596575,94,0,0.501324526497766,"M",0.247925923834555,0.25,1,"LOW MED NA",NA
96,1,176.963167171183,100,5,5.50068174140041,"FISHED",0.210771914874204,0.25,1,"LOW MED NA",NA
96,2,62.3239829789285,95,0,0.500622666477395,"M",0.258410466695204,0.25,1,"LOW MED NA",NA
96,3,61.4033308139023,95,0,0.499175574575687,"M",0.258410466695204,0.25,1,"LOW MED NA",NA
96,4,60.4200940920024,95,0,0.498686567864134,"M",0.258410466695204,0.25,1,"LOW MED NA",NA
96,5,124.735315096086,97,2,2.4997987848956,"M",0.217355219484307,0.25,1,"LOW MED NA",NA
96,6,120.807534826982,97,2,2.49944725327886,"FISHED",0.217355219484307,0.25,1,"LOW MED NA",NA
97,1,147.420689543914,99,3,3.5004112998634,"M",0.276001863344572,0.25,1,"LOW MED NA",NA
97,2,59.70871928808,96,0,0.500292740022364,"M",0.284273213916458,0.25,1,"LOW MED NA",NA
97,3,100.323863420141,97,1,1.49965343223082,"M",0.217355219484307,0.25,1,"LOW MED NA",NA
97,4,122.265961656769,98,2,2.50114963976407,"M",0.284828256908804,0.25,1,"LOW MED NA",NA
97,5,100.948412403902,97,1,1.49993255438204,"FISHED",0.217355219484307,0.25,1,"LOW MED NA",NA
97,6,65.1594796408206,96,0,0.500043739628545,"FISHED",0.284273213916458,0.25,1,"LOW MED NA",NA
97,7,60.7646873093197,96,0,0.499611892542735,"FISHED",0.284273213916458,0.25,1,"LOW MED NA",NA
97,8,64.4527038762899,96,0,0.501156233802161,"FISHED",0.284273213916458,0.25,1,"LOW MED NA",NA
97,9,61.6001559066182,96,0,0.501561976522404,"M",0.284273213916458,0.25,1,"LOW MED NA",NA
97,10,98.0663629677081,97,1,1.50028225936697,"FISHED",0.217355219484307,0.25,1,"LOW MED NA",NA
98,1,62.5508902145248,97,0,0.499388322901382,"FISHED",0.217355219484307,0.25,1,"LOW MED NA",NA
98,2,95.201960852522,98,1,1.50095980729075,"M",0.284828256908804,0.25,1,"LOW MED NA",NA
98,3,104.969092274464,98,1,1.499563990516,"M",0.284828256908804,0.25,1,"LOW MED NA",NA
98,4,64.5946492517556,97,0,0.499563413347191,"FISHED",0.217355219484307,0.25,1,"LOW MED NA",NA
98,5,101.352407600392,98,1,1.50076596072504,"FISHED",0.284828256908804,0.25,1,"LOW MED NA",NA
98,6,61.8465943481519,97,0,0.498505179497785,"M",0.217355219484307,0.25,1,"LOW MED NA",NA
98,7,61.0691185027808,97,0,0.498885534321536,"M",0.217355219484307,0.25,1,"LOW MED NA",NA
99,1,99.7029799015824,99,1,1.50105313756982,"M",0.276001863344572,0.25,1,"LOW MED NA",NA
99,2,100.292953723778,99,1,1.49946656974969,"FISHED",0.276001863344572,0.25,1,"LOW MED NA",NA
99,3,95.4124555893914,99,1,1.49877569810709,"M",0.276001863344572,0.25,1,"LOW MED NA",NA
99,4,60.6210301829832,98,0,0.500645202045667,"FISHED",0.284828256908804,0.25,1,"LOW MED NA",NA
99,5,62.4572099172957,98,0,0.50065566604312,"FISHED",0.284828256908804,0.25,1,"LOW MED NA",NA
99,6,100.658011607394,99,1,1.49964308908756,"FISHED",0.276001863344572,0.25,1,"LOW MED NA",NA
99,7,58.9884863559445,98,0,0.501869225758086,"M",0.284828256908804,0.25,1,"LOW MED NA",NA
100,1,101.587798641089,100,1,1.5006806832504,"M",0.210771914874204,0.25,1,"LOW MED NA",NA
100,2,60.6410769784445,99,0,0.502088887252754,"FISHED",0.276001863344572,0.25,1,"LOW MED NA",NA
100,3,61.7881503856068,99,0,0.500743833913159,"FISHED",0.276001863344572,0.25,1,"LOW MED NA",NA
100,4,62.5904922378693,99,0,0.500306726223773,"M",0.276001863344572,0.25,1,"LOW MED NA",NA
100,5,60.9394109571352,99,0,0.498480440258006,"M",0.276001863344572,0.25,1,"LOW MED NA",NA
100,6,63.3259630656619,99,0,0.500036488808051,"FISHED",0.276001863344572,0.25,1,"LOW MED NA",NA
100,7,61.723903773386,99,0,0.498800032147341,"FISHED",0.276001863344572,0.25,1,"LOW MED NA",NA
100,8,99.3631552022681,100,1,1.49885089273102,"FISHED",0.210771914874204,0.25,1,"LOW MED NA",NA
100,9,62.1381146308227,99,0,0.501670706396373,"M",0.276001863344572,0.25,1,"LOW MED NA",NA
