"cohort","ind","fish_size","Year","Age","AgeE","dtype","FMORT","M","Sel","FSIM","REG"
1,1,61.8842480730378,0,0,0.497612804789028,"M",0,0.25,1,"LOW HIGH LOW",NA
1,2,213.12622882721,12,12,12.5009911924751,"M",0,0.25,1,"LOW HIGH LOW",NA
1,3,130.627152423945,2,2,2.50167709224449,"M",0,0.25,1,"LOW HIGH LOW",NA
1,4,189.640078845094,8,8,8.50023135992752,"M",0,0.25,1,"LOW HIGH LOW",NA
1,5,62.1007066934891,0,0,0.501392464383739,"M",0,0.25,1,"LOW HIGH LOW",NA
1,6,173.305474229889,5,5,5.4995733132873,"M",0,0.25,1,"LOW HIGH LOW",NA
1,7,166.097764712233,5,5,5.50013239272383,"M",0,0.25,1,"LOW HIGH LOW",NA
1,8,63.7131195444709,0,0,0.498569344647313,"M",0,0.25,1,"LOW HIGH LOW",NA
1,9,199.981778115399,8,8,8.50048655988468,"M",0,0.25,1,"LOW HIGH LOW",NA
1,10,181.565597223467,6,6,6.50042623058007,"M",0,0.25,1,"LOW HIGH LOW",NA
1,11,63.509940398096,0,0,0.498799499096151,"M",0,0.25,1,"LOW HIGH LOW",NA
1,12,119.285989524119,2,2,2.50099646106373,"M",0,0.25,1,"LOW HIGH LOW",NA
2,1,192.036960010771,13,12,12.5006171358619,"M",0,0.25,1,"LOW HIGH LOW",NA
2,2,190.097853561456,8,7,7.49981533747143,"M",0,0.25,1,"LOW HIGH LOW",NA
2,3,188.116730922036,9,8,8.50064349112469,"M",0,0.25,1,"LOW HIGH LOW",NA
2,4,98.526189775368,2,1,1.50047165000937,"M",0,0.25,1,"LOW HIGH LOW",NA
2,5,148.600133221176,5,4,4.50036536050304,"M",0,0.25,1,"LOW HIGH LOW",NA
2,6,209.795513184879,10,9,9.50154022099492,"M",0,0.25,1,"LOW HIGH LOW",NA
2,7,95.1417304550572,2,1,1.49989025367445,"M",0,0.25,1,"LOW HIGH LOW",NA
2,8,164.103162777915,5,4,4.50015113180669,"M",0,0.25,1,"LOW HIGH LOW",NA
2,9,191.430380615732,11,10,10.4996142476418,"M",0,0.25,1,"LOW HIGH LOW",NA
2,10,211.829755294346,13,12,12.4983334625742,"M",0,0.25,1,"LOW HIGH LOW",NA
2,11,126.725007597381,3,2,2.50122743506065,"M",0,0.25,1,"LOW HIGH LOW",NA
3,1,133.151000989458,4,2,2.50016007201835,"M",0,0.25,1,"LOW HIGH LOW",NA
3,2,91.7144301156149,3,1,1.50044466654318,"M",0,0.25,1,"LOW HIGH LOW",NA
3,3,180.061628505804,8,6,6.50021507202834,"M",0,0.25,1,"LOW HIGH LOW",NA
3,4,115.219290770107,4,2,2.49986392168269,"M",0,0.25,1,"LOW HIGH LOW",NA
3,5,116.376930663839,4,2,2.50046031803706,"M",0,0.25,1,"LOW HIGH LOW",NA
3,6,148.693870629103,5,3,3.49968479072768,"M",0,0.25,1,"LOW HIGH LOW",NA
3,7,93.9808670274589,3,1,1.50197532343657,"M",0,0.25,1,"LOW HIGH LOW",NA
3,8,225.551676578824,14,12,12.4983552143381,"M",0,0.25,1,"LOW HIGH LOW",NA
3,9,142.52420671338,5,3,3.50062720125251,"M",0,0.25,1,"LOW HIGH LOW",NA
3,10,62.5591228941563,2,0,0.500967255210548,"M",0,0.25,1,"LOW HIGH LOW",NA
3,11,147.395768106735,5,3,3.50096353227976,"M",0,0.25,1,"LOW HIGH LOW",NA
3,12,135.50039228125,5,3,3.5010768772653,"M",0,0.25,1,"LOW HIGH LOW",NA
3,13,91.7322815405964,3,1,1.50185033073088,"M",0,0.25,1,"LOW HIGH LOW",NA
3,14,182.061017490875,6,4,4.49925089101752,"M",0,0.25,1,"LOW HIGH LOW",NA
4,1,98.5878544494355,4,1,1.49842011107008,"M",0,0.25,1,"LOW HIGH LOW",NA
4,2,128.775818423205,5,2,2.49842236460667,"M",0,0.25,1,"LOW HIGH LOW",NA
4,3,208.434155237831,10,7,7.49901712654551,"M",0,0.25,1,"LOW HIGH LOW",NA
4,4,125.51333900365,5,2,2.5004048798944,"M",0,0.25,1,"LOW HIGH LOW",NA
4,5,96.1784022400326,4,1,1.50055602577735,"M",0,0.25,1,"LOW HIGH LOW",NA
4,6,96.5935984614237,4,1,1.50023413647159,"M",0,0.25,1,"LOW HIGH LOW",NA
4,7,62.7968839830468,3,0,0.499327640144478,"M",0,0.25,1,"LOW HIGH LOW",NA
4,8,204.279619524387,13,10,10.498761527136,"M",0,0.25,1,"LOW HIGH LOW",NA
4,9,152.542849568631,6,3,3.49826240580319,"M",0,0.25,1,"LOW HIGH LOW",NA
4,10,101.871223749977,4,1,1.49970301963976,"M",0,0.25,1,"LOW HIGH LOW",NA
4,11,92.9668295865913,4,1,1.50029122048297,"M",0,0.25,1,"LOW HIGH LOW",NA
4,12,133.552316692275,6,3,3.50117241380285,"M",0,0.25,1,"LOW HIGH LOW",NA
5,1,215.326854855506,13,9,9.50051517812954,"M",0,0.25,1,"LOW HIGH LOW",NA
5,2,61.6179377489397,4,0,0.499693396833329,"M",0,0.25,1,"LOW HIGH LOW",NA
5,3,190.01022185075,9,5,5.50072979285469,"M",0,0.25,1,"LOW HIGH LOW",NA
5,4,171.755306986094,8,4,4.50114905581006,"M",0,0.25,1,"LOW HIGH LOW",NA
5,5,126.871381479077,6,2,2.50046860319695,"M",0,0.25,1,"LOW HIGH LOW",NA
5,6,129.480416914833,6,2,2.4998164019721,"M",0,0.25,1,"LOW HIGH LOW",NA
5,7,185.202880028407,10,6,6.49969011549839,"M",0,0.25,1,"LOW HIGH LOW",NA
5,8,184.646408158883,10,6,6.49997162037842,"M",0,0.25,1,"LOW HIGH LOW",NA
5,9,138.976033451467,7,3,3.50092287459342,"M",0,0.25,1,"LOW HIGH LOW",NA
5,10,162.539133006644,12,8,8.4998382846144,"M",0,0.25,1,"LOW HIGH LOW",NA
5,11,61.8320010214691,4,0,0.502041339654757,"M",0,0.25,1,"LOW HIGH LOW",NA
5,12,64.4100611219705,4,0,0.501595645932526,"M",0,0.25,1,"LOW HIGH LOW",NA
5,13,173.817508338976,9,5,5.49980000783916,"M",0,0.25,1,"LOW HIGH LOW",NA
6,1,67.7433903347542,5,0,0.500646311139153,"M",0,0.25,1,"LOW HIGH LOW",NA
6,2,147.997282347372,8,3,3.49994449173237,"M",0,0.25,1,"LOW HIGH LOW",NA
6,3,93.6297036480721,6,1,1.49940980113166,"M",0,0.25,1,"LOW HIGH LOW",NA
6,4,62.1855093657001,5,0,0.501202024605019,"M",0,0.25,1,"LOW HIGH LOW",NA
6,5,138.427010183954,8,3,3.50030679428304,"M",0,0.25,1,"LOW HIGH LOW",NA
6,6,100.5390877658,6,1,1.50243423916188,"M",0,0.25,1,"LOW HIGH LOW",NA
6,7,154.071157245801,8,3,3.49992696388225,"M",0,0.25,1,"LOW HIGH LOW",NA
6,8,62.7368722206034,5,0,0.499978498446481,"M",0,0.25,1,"LOW HIGH LOW",NA
6,9,62.1191973300382,5,0,0.49926943308803,"M",0,0.25,1,"LOW HIGH LOW",NA
6,10,127.630576963625,7,2,2.49962636864487,"M",0,0.25,1,"LOW HIGH LOW",NA
6,11,62.7608364749473,5,0,0.499625757983923,"M",0,0.25,1,"LOW HIGH LOW",NA
7,1,174.665062706991,10,4,4.49944700444592,"M",0,0.25,1,"LOW HIGH LOW",NA
7,2,164.936493479727,11,5,5.4998647399621,"M",0,0.25,1,"LOW HIGH LOW",NA
7,3,63.032246634836,6,0,0.500309589385585,"M",0,0.25,1,"LOW HIGH LOW",NA
7,4,63.1204202620044,6,0,0.499669477693191,"M",0,0.25,1,"LOW HIGH LOW",NA
7,5,108.466930715679,7,1,1.49774256868682,"M",0,0.25,1,"LOW HIGH LOW",NA
7,6,99.9682695714996,7,1,1.49990632670353,"M",0,0.25,1,"LOW HIGH LOW",NA
7,7,60.7232996167747,6,0,0.499137161003844,"M",0,0.25,1,"LOW HIGH LOW",NA
7,8,106.478165423958,7,1,1.49987976080077,"M",0,0.25,1,"LOW HIGH LOW",NA
7,9,140.165020897245,9,3,3.49994893979797,"M",0,0.25,1,"LOW HIGH LOW",NA
7,10,144.920377061406,9,3,3.50094334165393,"M",0,0.25,1,"LOW HIGH LOW",NA
7,11,132.773338404864,8,2,2.49929512813112,"M",0,0.25,1,"LOW HIGH LOW",NA
7,12,162.959798099907,11,5,5.49909173904417,"M",0,0.25,1,"LOW HIGH LOW",NA
7,13,126.037583066662,8,2,2.50135755825894,"M",0,0.25,1,"LOW HIGH LOW",NA
7,14,150.529402397715,9,3,3.49909702375302,"M",0,0.25,1,"LOW HIGH LOW",NA
7,15,176.721385439971,20,14,14.5018371159381,"M",0,0.25,1,"LOW HIGH LOW",NA
7,16,189.363655841883,13,7,7.49963287046872,"M",0,0.25,1,"LOW HIGH LOW",NA
8,1,63.6119124729358,7,0,0.499889746388024,"M",0,0.25,1,"LOW HIGH LOW",NA
8,2,95.6311955217849,8,1,1.50071052411358,"M",0,0.25,1,"LOW HIGH LOW",NA
8,3,181.277632429273,13,6,6.50157222857828,"M",0,0.25,1,"LOW HIGH LOW",NA
8,4,61.0160418364778,7,0,0.499881755846407,"M",0,0.25,1,"LOW HIGH LOW",NA
8,5,60.4497859819585,7,0,0.500671930659545,"M",0,0.25,1,"LOW HIGH LOW",NA
8,6,97.0214736192181,8,1,1.50087218537063,"M",0,0.25,1,"LOW HIGH LOW",NA
8,7,62.4867521260859,7,0,0.501062778897206,"M",0,0.25,1,"LOW HIGH LOW",NA
8,8,62.3728464971079,7,0,0.500659053683885,"M",0,0.25,1,"LOW HIGH LOW",NA
8,9,209.463936879956,18,11,11.500525190397,"M",0,0.25,1,"LOW HIGH LOW",NA
8,10,99.8599033543452,8,1,1.50044810030814,"M",0,0.25,1,"LOW HIGH LOW",NA
8,11,165.122345347431,11,4,4.49743097092384,"M",0,0.25,1,"LOW HIGH LOW",NA
8,12,100.699550123148,8,1,1.50050278240959,"M",0,0.25,1,"LOW HIGH LOW",NA
8,13,61.7673072629579,7,0,0.501152691463108,"M",0,0.25,1,"LOW HIGH LOW",NA
9,1,220.616309634957,19,11,11.4982184532316,"M",0,0.25,1,"LOW HIGH LOW",NA
9,2,101.794817185485,9,1,1.50047686344115,"M",0,0.25,1,"LOW HIGH LOW",NA
9,3,174.697664508952,13,5,5.49911350569114,"M",0,0.25,1,"LOW HIGH LOW",NA
9,4,63.2400692410684,8,0,0.501055419431973,"M",0,0.25,1,"LOW HIGH LOW",NA
9,5,135.143158821716,10,2,2.49881590495676,"M",0,0.25,1,"LOW HIGH LOW",NA
9,6,166.775825150207,12,4,4.49888373423307,"M",0,0.25,1,"LOW HIGH LOW",NA
9,7,192.722309905749,15,7,7.50202491310468,"M",0,0.25,1,"LOW HIGH LOW",NA
9,8,62.1980462476091,8,0,0.498812696157196,"M",0,0.25,1,"LOW HIGH LOW",NA
9,9,251.359035226647,21,13,13.5005023976735,"M",0,0.25,1,"LOW HIGH LOW",NA
9,10,138.053780045891,11,3,3.50056231840552,"M",0,0.25,1,"LOW HIGH LOW",NA
9,11,125.697041848826,10,2,2.49992405122355,"M",0,0.25,1,"LOW HIGH LOW",NA
9,12,104.570816184089,9,1,1.50011274680734,"M",0,0.25,1,"LOW HIGH LOW",NA
10,1,65.2368603000921,9,0,0.499386406614897,"M",0,0.25,1,"LOW HIGH LOW",NA
10,2,210.773982817588,21,12,12.5007639960184,"M",0,0.25,1,"LOW HIGH LOW",NA
10,3,156.301405811335,13,4,4.49955604710588,"M",0,0.25,1,"LOW HIGH LOW",NA
10,4,229.18640557734,19,10,10.5003980102091,"M",0,0.25,1,"LOW HIGH LOW",NA
10,5,100.026784846502,10,1,1.50074137599513,"M",0,0.25,1,"LOW HIGH LOW",NA
10,6,176.636705425741,17,8,8.50101530706876,"M",0,0.25,1,"LOW HIGH LOW",NA
10,7,95.8769487047281,10,1,1.50086759487381,"M",0,0.25,1,"LOW HIGH LOW",NA
10,8,102.624174721361,10,1,1.49958498148277,"M",0,0.25,1,"LOW HIGH LOW",NA
10,9,101.824590664443,10,1,1.50094645430263,"M",0,0.25,1,"LOW HIGH LOW",NA
10,10,126.310676824558,11,2,2.50243604262745,"M",0,0.25,1,"LOW HIGH LOW",NA
10,11,97.4439708407672,10,1,1.49937011994864,"M",0,0.25,1,"LOW HIGH LOW",NA
11,1,61.8565513271112,10,0,0.498700262677385,"M",0,0.25,1,"LOW HIGH LOW",NA
11,2,64.7514900238135,10,0,0.501407847259611,"M",0,0.25,1,"LOW HIGH LOW",NA
11,3,144.200201671705,13,3,3.50067867291464,"M",0,0.25,1,"LOW HIGH LOW",NA
11,4,136.797241386123,13,3,3.49972464656915,"M",0,0.25,1,"LOW HIGH LOW",NA
11,5,123.507350585393,12,2,2.5007552048598,"M",0,0.25,1,"LOW HIGH LOW",NA
11,6,62.5307225358395,10,0,0.500977941562722,"M",0,0.25,1,"LOW HIGH LOW",NA
11,7,62.2357797925375,10,0,0.500925938417849,"M",0,0.25,1,"LOW HIGH LOW",NA
11,8,99.1965019997712,11,1,1.49788146101345,"M",0,0.25,1,"LOW HIGH LOW",NA
11,9,123.174083063886,12,2,2.50030726048966,"M",0,0.25,1,"LOW HIGH LOW",NA
11,10,59.5888240158595,10,0,0.498280034986994,"M",0,0.25,1,"LOW HIGH LOW",NA
11,11,60.843307770627,10,0,0.498792184155168,"M",0,0.25,1,"LOW HIGH LOW",NA
12,1,130.589466971844,13,2,2.4997412484628,"M",0,0.25,1,"LOW HIGH LOW",NA
12,2,212.948629273991,21,10,10.5015184889035,"M",0,0.25,1,"LOW HIGH LOW",NA
12,3,125.076613883973,13,2,2.50066010412107,"M",0,0.25,1,"LOW HIGH LOW",NA
12,4,63.2358726964291,11,0,0.502882460615302,"M",0,0.25,1,"LOW HIGH LOW",NA
12,5,103.249636719334,12,1,1.49926628667551,"M",0,0.25,1,"LOW HIGH LOW",NA
12,6,62.6835552721691,11,0,0.499209479952779,"M",0,0.25,1,"LOW HIGH LOW",NA
12,7,91.2686249276373,12,1,1.50136792164178,"M",0,0.25,1,"LOW HIGH LOW",NA
12,8,62.5661390911066,11,0,0.499327773602714,"M",0,0.25,1,"LOW HIGH LOW",NA
12,9,203.648687984042,18,7,7.49907837130093,"M",0,0.25,1,"LOW HIGH LOW",NA
13,1,125.988572796732,14,2,2.50028348745674,"M",0,0.25,1,"LOW HIGH LOW",NA
13,2,199.878427174436,25,13,13.4989886050336,"M",0,0.25,1,"LOW HIGH LOW",NA
13,3,101.707309012461,13,1,1.50062097628789,"M",0,0.25,1,"LOW HIGH LOW",NA
13,4,186.306035928516,18,6,6.50033268318431,"M",0,0.25,1,"LOW HIGH LOW",NA
13,5,122.199733829686,14,2,2.50005099402172,"M",0,0.25,1,"LOW HIGH LOW",NA
13,6,123.391549321089,14,2,2.50019467633308,"M",0,0.25,1,"LOW HIGH LOW",NA
13,7,100.915187383229,13,1,1.49895896855742,"M",0,0.25,1,"LOW HIGH LOW",NA
13,8,226.13949084219,25,13,13.5001348229456,"M",0,0.25,1,"LOW HIGH LOW",NA
13,9,64.9165909860844,12,0,0.500757010544232,"M",0,0.25,1,"LOW HIGH LOW",NA
13,10,98.2795356960927,13,1,1.50014840028504,"M",0,0.25,1,"LOW HIGH LOW",NA
13,11,222.851389401021,22,10,10.4995200871957,"M",0,0.25,1,"LOW HIGH LOW",NA
14,1,63.6950796238171,13,0,0.499274767842504,"M",0,0.25,1,"LOW HIGH LOW",NA
14,2,132.280989223871,15,2,2.49975450315404,"M",0,0.25,1,"LOW HIGH LOW",NA
14,3,64.9224871051919,13,0,0.499707139056284,"M",0,0.25,1,"LOW HIGH LOW",NA
14,4,222.130063892482,20,7,7.5014357275891,"M",0,0.25,1,"LOW HIGH LOW",NA
14,5,165.597460505609,17,4,4.5013670100079,"M",0,0.25,1,"LOW HIGH LOW",NA
14,6,130.957143929221,15,2,2.5008183433176,"M",0,0.25,1,"LOW HIGH LOW",NA
14,7,171.404885613008,17,4,4.49909282106575,"M",0,0.25,1,"LOW HIGH LOW",NA
14,8,206.671718372342,21,8,8.5011248919606,"M",0,0.25,1,"LOW HIGH LOW",NA
14,9,62.0157882987941,13,0,0.499287598792596,"M",0,0.25,1,"LOW HIGH LOW",NA
14,10,62.6682442743041,13,0,0.500838956081838,"M",0,0.25,1,"LOW HIGH LOW",NA
14,11,62.9703059391439,13,0,0.500143414547309,"M",0,0.25,1,"LOW HIGH LOW",NA
14,12,60.9394146291048,13,0,0.500173226067253,"M",0,0.25,1,"LOW HIGH LOW",NA
14,13,119.949850688666,15,2,2.50139589440328,"M",0,0.25,1,"LOW HIGH LOW",NA
14,14,62.0531979172823,13,0,0.499766614564682,"M",0,0.25,1,"LOW HIGH LOW",NA
15,1,209.39090086992,21,7,7.49963411616391,"M",0,0.25,1,"LOW HIGH LOW",NA
15,2,119.168775028278,16,2,2.49901035334523,"M",0,0.25,1,"LOW HIGH LOW",NA
15,3,103.519728736427,15,1,1.49880147237008,"M",0,0.25,1,"LOW HIGH LOW",NA
15,4,148.543397502589,17,3,3.49767909042091,"M",0,0.25,1,"LOW HIGH LOW",NA
15,5,125.987889125076,16,2,2.50072279283383,"M",0,0.25,1,"LOW HIGH LOW",NA
15,6,200.420717509017,22,8,8.49915912046779,"M",0,0.25,1,"LOW HIGH LOW",NA
15,7,238.002200394395,28,14,14.5017524359323,"M",0,0.25,1,"LOW HIGH LOW",NA
15,8,142.919745754987,17,3,3.50090621106047,"M",0,0.25,1,"LOW HIGH LOW",NA
15,9,62.7946683550489,14,0,0.5002550079915,"M",0,0.25,1,"LOW HIGH LOW",NA
15,10,104.060895532377,15,1,1.4998079243093,"M",0,0.25,1,"LOW HIGH LOW",NA
15,11,238.08642674859,21,7,7.50036382971245,"M",0,0.25,1,"LOW HIGH LOW",NA
15,12,95.6982254558234,15,1,1.49888440700401,"M",0,0.25,1,"LOW HIGH LOW",NA
15,13,62.8655071604861,14,0,0.498750891867078,"M",0,0.25,1,"LOW HIGH LOW",NA
16,1,205.971568968756,20,5,5.50008689463979,"M",0,0.25,1,"LOW HIGH LOW",NA
16,2,246.868452240534,27,12,12.4978851264677,"M",0,0.25,1,"LOW HIGH LOW",NA
16,3,64.0979068692257,15,0,0.501891955513769,"M",0,0.25,1,"LOW HIGH LOW",NA
16,4,62.6920132712715,15,0,0.500278974718229,"M",0,0.25,1,"LOW HIGH LOW",NA
16,5,186.947458496161,24,9,9.49884044732259,"M",0,0.25,1,"LOW HIGH LOW",NA
16,6,151.586209794242,20,5,5.50144938038527,"M",0,0.25,1,"LOW HIGH LOW",NA
16,7,225.669919717458,29,14,14.5007275029395,"M",0,0.25,1,"LOW HIGH LOW",NA
16,8,182.926066495678,19,4,4.50004701653037,"M",0,0.25,1,"LOW HIGH LOW",NA
16,9,165.772850973256,18,3,3.49802147345461,"M",0,0.25,1,"LOW HIGH LOW",NA
16,10,64.0459336123269,15,0,0.498886022975919,"M",0,0.25,1,"LOW HIGH LOW",NA
16,11,129.493007725147,18,3,3.49877202370843,"M",0,0.25,1,"LOW HIGH LOW",NA
16,12,133.123176198815,17,2,2.49869188720083,"M",0,0.25,1,"LOW HIGH LOW",NA
16,13,211.095287225624,24,9,9.49991070435236,"M",0,0.25,1,"LOW HIGH LOW",NA
17,1,62.1498031363937,16,0,0.499862807893322,"M",0,0.25,1,"LOW HIGH LOW",NA
17,2,222.751729846807,23,7,7.49959972338152,"M",0,0.25,1,"LOW HIGH LOW",NA
17,3,95.8495225678378,17,1,1.50141772605522,"M",0,0.25,1,"LOW HIGH LOW",NA
17,4,62.3171181825753,16,0,0.50175876347696,"M",0,0.25,1,"LOW HIGH LOW",NA
17,5,61.3633175568635,16,0,0.498576679522794,"M",0,0.25,1,"LOW HIGH LOW",NA
17,6,169.814802475202,21,5,5.50061417976668,"M",0,0.25,1,"LOW HIGH LOW",NA
17,7,172.256477228655,21,5,5.49962472485295,"M",0,0.25,1,"LOW HIGH LOW",NA
17,8,144.711076093626,19,3,3.50038040378704,"M",0,0.25,1,"LOW HIGH LOW",NA
17,9,159.656833151769,20,4,4.49894235406825,"M",0,0.25,1,"LOW HIGH LOW",NA
17,10,166.0911507194,21,5,5.49908388036983,"M",0,0.25,1,"LOW HIGH LOW",NA
17,11,231.215762335909,29,13,13.5000650675502,"M",0,0.25,1,"LOW HIGH LOW",NA
17,12,122.935080998855,18,2,2.49910587303881,"M",0,0.25,1,"LOW HIGH LOW",NA
17,13,103.618904974275,17,1,1.49926916068687,"M",0,0.25,1,"LOW HIGH LOW",NA
18,1,63.5692470335801,17,0,0.500748799404088,"M",0,0.25,1,"LOW HIGH LOW",NA
18,2,175.118138791175,22,5,5.50149647723237,"M",0,0.25,1,"LOW HIGH LOW",NA
18,3,147.195079750963,20,3,3.49993278481747,"M",0,0.25,1,"LOW HIGH LOW",NA
18,4,130.044468301189,19,2,2.4998587048723,"M",0,0.25,1,"LOW HIGH LOW",NA
18,5,215.513758949489,25,8,8.49996680534505,"M",0,0.25,1,"LOW HIGH LOW",NA
18,6,163.72944745447,21,4,4.50116352237517,"M",0,0.25,1,"LOW HIGH LOW",NA
18,7,62.9799900433516,17,0,0.500617283105175,"M",0,0.25,1,"LOW HIGH LOW",NA
18,8,63.1923142701787,17,0,0.49977122574302,"M",0,0.25,1,"LOW HIGH LOW",NA
18,9,99.5815651879956,18,1,1.50089861221697,"M",0,0.25,1,"LOW HIGH LOW",NA
18,10,167.733479741055,21,4,4.50052742934423,"M",0,0.25,1,"LOW HIGH LOW",NA
18,11,63.1139576950241,17,0,0.499768241915708,"M",0,0.25,1,"LOW HIGH LOW",NA
18,12,197.97268140984,24,7,7.49637990790676,"M",0,0.25,1,"LOW HIGH LOW",NA
18,13,171.29035442975,22,5,5.4998803402057,"M",0,0.25,1,"LOW HIGH LOW",NA
19,1,126.291413907452,20,2,2.50006329497951,"M",0,0.25,1,"LOW HIGH LOW",NA
19,2,127.844683748441,20,2,2.49845195723053,"M",0,0.25,1,"LOW HIGH LOW",NA
19,3,187.412940187091,23,5,5.50106267339784,"M",0,0.25,1,"LOW HIGH LOW",NA
19,4,139.78997684783,21,3,3.50047228001923,"M",0,0.25,1,"LOW HIGH LOW",NA
19,5,198.557405485937,23,5,5.5003906930354,"M",0,0.25,1,"LOW HIGH LOW",NA
19,6,180.443248453226,26,8,8.50036327248364,"M",0,0.25,1,"LOW HIGH LOW",NA
19,7,198.480856469079,28,10,10.5002090020714,"M",0,0.25,1,"LOW HIGH LOW",NA
19,8,144.480687961749,21,3,3.50002164924811,"M",0,0.25,1,"LOW HIGH LOW",NA
19,9,203.665319021533,27,9,9.49916380144862,"M",0,0.25,1,"LOW HIGH LOW",NA
19,10,238.823741511567,31,13,13.499212229668,"M",0,0.25,1,"LOW HIGH LOW",NA
19,11,191.278575406042,24,6,6.49983218706989,"M",0,0.25,1,"LOW HIGH LOW",NA
19,12,214.935178599029,30,12,12.498538002803,"M",0,0.25,1,"LOW HIGH LOW",NA
19,13,159.244434786684,22,4,4.49903492453063,"M",0,0.25,1,"LOW HIGH LOW",NA
19,14,180.960548873097,23,5,5.49893909250928,"M",0,0.25,1,"LOW HIGH LOW",NA
20,1,204.956445341067,27,8,8.50145837963403,"M",0,0.25,1,"LOW HIGH LOW",NA
20,2,101.265649034876,20,1,1.49965485557021,"M",0,0.25,1,"LOW HIGH LOW",NA
20,3,114.745767976656,21,2,2.50027904940729,"M",0,0.25,1,"LOW HIGH LOW",NA
20,4,171.180084973366,24,5,5.49918899198962,"M",0,0.25,1,"LOW HIGH LOW",NA
20,5,184.663155946578,23,4,4.49988236619667,"M",0,0.25,1,"LOW HIGH LOW",NA
20,6,116.316000680492,21,2,2.49989783203616,"M",0,0.25,1,"LOW HIGH LOW",NA
20,7,194.78753953785,26,7,7.49926866558199,"M",0,0.25,1,"LOW HIGH LOW",NA
20,8,62.8821051253728,19,0,0.499954800024467,"M",0,0.25,1,"LOW HIGH LOW",NA
20,9,182.861629880049,28,9,9.49907465736059,"M",0,0.25,1,"LOW HIGH LOW",NA
20,10,97.7543006669803,20,1,1.49933163054638,"M",0,0.25,1,"LOW HIGH LOW",NA
20,11,174.772116425389,23,4,4.4998993600485,"M",0,0.25,1,"LOW HIGH LOW",NA
21,1,93.5021684353052,21,1,1.49912604525597,"M",0,0.25,1,"LOW HIGH LOW",NA
21,2,64.5743359246853,20,0,0.500157298164863,"M",0,0.25,1,"LOW HIGH LOW",NA
21,3,61.9250400329403,20,0,0.499143590027328,"M",0,0.25,1,"LOW HIGH LOW",NA
21,4,180.816933818256,27,7,7.50272707264735,"M",0,0.25,1,"LOW HIGH LOW",NA
21,5,101.517648872969,21,1,1.50020869406475,"M",0,0.25,1,"LOW HIGH LOW",NA
21,6,61.6027461712185,20,0,0.500480862447546,"M",0,0.25,1,"LOW HIGH LOW",NA
21,7,209.342239291709,27,7,7.49985245980777,"M",0,0.25,1,"LOW HIGH LOW",NA
21,8,144.309153637072,23,3,3.49965475748863,"M",0,0.25,1,"LOW HIGH LOW",NA
21,9,130.753007366602,22,2,2.49808336944146,"M",0,0.25,1,"LOW HIGH LOW",NA
21,10,61.2008559467931,20,0,0.499902234972804,"M",0,0.25,1,"LOW HIGH LOW",NA
21,11,119.023029795802,22,2,2.50294190706497,"M",0,0.25,1,"LOW HIGH LOW",NA
21,12,130.101222008653,22,2,2.50009347467414,"M",0,0.25,1,"LOW HIGH LOW",NA
22,1,234.918704947451,29,8,8.50100978516884,"M",0,0.25,1,"LOW HIGH LOW",NA
22,2,63.2813467492513,21,0,0.499202983074299,"M",0,0.25,1,"LOW HIGH LOW",NA
22,3,203.22128414944,28,7,7.49989469056222,"M",0,0.25,1,"LOW HIGH LOW",NA
22,4,189.034170679886,27,6,6.50062403145931,"M",0,0.25,1,"LOW HIGH LOW",NA
22,5,61.2438645353259,21,0,0.501305456814577,"M",0,0.25,1,"LOW HIGH LOW",NA
22,6,184.765992613504,26,5,5.49985631735335,"M",0,0.25,1,"LOW HIGH LOW",NA
22,7,169.34859493168,26,5,5.50038216788404,"M",0,0.25,1,"LOW HIGH LOW",NA
22,8,62.1914843283495,21,0,0.500468892677773,"M",0,0.25,1,"LOW HIGH LOW",NA
22,9,129.33337757804,23,2,2.50016694860644,"M",0,0.25,1,"LOW HIGH LOW",NA
22,10,63.9965131375434,21,0,0.500705362642584,"M",0,0.25,1,"LOW HIGH LOW",NA
22,11,122.729435146652,23,2,2.50001396522299,"M",0,0.25,1,"LOW HIGH LOW",NA
22,12,63.7923176446145,21,0,0.501393263872192,"M",0,0.25,1,"LOW HIGH LOW",NA
23,1,62.854738950729,22,0,0.499468264546142,"M",0,0.25,1,"LOW HIGH LOW",NA
23,2,151.33057039963,26,4,4.49944266932358,"M",0,0.25,1,"LOW HIGH LOW",NA
23,3,189.020381154006,28,6,6.49972303466721,"M",0,0.25,1,"LOW HIGH LOW",NA
23,4,189.209232774351,27,5,5.50122282361223,"M",0,0.25,1,"LOW HIGH LOW",NA
23,5,168.245959703175,27,5,5.50047041720065,"M",0,0.25,1,"LOW HIGH LOW",NA
23,6,174.654680774028,27,5,5.50044607396862,"M",0,0.25,1,"LOW HIGH LOW",NA
23,7,166.639598562724,27,5,5.49801722725779,"M",0,0.25,1,"LOW HIGH LOW",NA
23,8,121.168707326661,24,2,2.4995392266212,"M",0,0.25,1,"LOW HIGH LOW",NA
23,9,155.432113134739,26,4,4.5002456010766,"M",0,0.25,1,"LOW HIGH LOW",NA
23,10,63.8326966953552,22,0,0.499671826482041,"M",0,0.25,1,"LOW HIGH LOW",NA
23,11,149.287716515441,26,4,4.49997772306629,"M",0,0.25,1,"LOW HIGH LOW",NA
24,1,124.370510844841,25,2,2.49944283083655,"M",0,0.25,1,"LOW HIGH LOW",NA
24,2,97.2994265392431,24,1,1.50041080075824,"M",0,0.25,1,"LOW HIGH LOW",NA
24,3,123.141817706613,25,2,2.50016983903672,"M",0,0.25,1,"LOW HIGH LOW",NA
24,4,127.074950100006,25,2,2.50016144583326,"M",0,0.25,1,"LOW HIGH LOW",NA
24,5,97.5972879844978,24,1,1.5006094410554,"M",0,0.25,1,"LOW HIGH LOW",NA
24,6,65.4766549800793,23,0,0.499757984907358,"M",0,0.25,1,"LOW HIGH LOW",NA
24,7,136.545451247568,26,3,3.5005594033362,"M",0,0.25,1,"LOW HIGH LOW",NA
24,8,185.71487254364,28,5,5.49728818664135,"M",0,0.25,1,"LOW HIGH LOW",NA
24,9,123.097611994569,25,2,2.50145310857016,"M",0,0.25,1,"LOW HIGH LOW",NA
24,10,97.2441109471308,24,1,1.4996449436025,"M",0,0.25,1,"LOW HIGH LOW",NA
24,11,151.538775053226,26,3,3.50064383234673,"M",0,0.25,1,"LOW HIGH LOW",NA
24,12,135.838885276747,25,2,2.49951299635874,"M",0,0.25,1,"LOW HIGH LOW",NA
25,1,152.211247977898,27,3,3.50081183297314,"M",0,0.25,1,"LOW HIGH LOW",NA
25,2,189.585637579501,30,6,6.50044804803109,"M",0,0.25,1,"LOW HIGH LOW",NA
25,3,116.644599485671,26,2,2.50156904521709,"M",0,0.25,1,"LOW HIGH LOW",NA
25,4,142.398830699493,27,3,3.50121181136353,"M",0,0.25,1,"LOW HIGH LOW",NA
25,5,101.198421663639,25,1,1.50032003125605,"M",0,0.25,1,"LOW HIGH LOW",NA
25,6,154.636675101559,27,3,3.49920768900781,"M",0,0.25,1,"LOW HIGH LOW",NA
25,7,62.0598767631704,24,0,0.499531043544608,"M",0,0.25,1,"LOW HIGH LOW",NA
25,8,63.3026171946592,24,0,0.499907510710921,"M",0,0.25,1,"LOW HIGH LOW",NA
25,9,96.8357021845132,25,1,1.49845008014621,"M",0,0.25,1,"LOW HIGH LOW",NA
25,10,221.715413560382,31,7,7.49991104376563,"M",0,0.25,1,"LOW HIGH LOW",NA
25,11,166.630696770424,28,4,4.50007859983018,"M",0,0.25,1,"LOW HIGH LOW",NA
25,12,63.2923129222956,24,0,0.501016262889266,"M",0,0.25,1,"LOW HIGH LOW",NA
25,13,146.466008585156,27,3,3.49944074765862,"M",0,0.25,1,"LOW HIGH LOW",NA
26,1,95.6785561183214,26,1,1.50020943316909,"M",0,0.25,1,"LOW HIGH LOW",NA
26,2,176.565283690996,30,5,5.49969579262919,"M",0,0.25,1,"LOW HIGH LOW",NA
26,3,59.5988445027869,25,0,0.500561184627655,"M",0,0.25,1,"LOW HIGH LOW",NA
26,4,190.179900852625,33,8,8.50003979414708,"M",0,0.25,1,"LOW HIGH LOW",NA
26,5,187.141057178969,30,5,5.50024116043369,"M",0,0.25,1,"LOW HIGH LOW",NA
26,6,206.556083971504,34,9,9.50013198694701,"M",0,0.25,1,"LOW HIGH LOW",NA
26,7,196.877127468771,30,5,5.49981519986309,"M",0,0.25,1,"LOW HIGH LOW",NA
26,8,179.727357218389,29,4,4.50112485821949,"M",0,0.25,1,"LOW HIGH LOW",NA
26,9,133.608616095173,27,2,2.49968665104902,"M",0,0.25,1,"LOW HIGH LOW",NA
26,10,101.805746785452,26,1,1.49854853714358,"M",0,0.25,1,"LOW HIGH LOW",NA
26,11,128.845256497588,27,2,2.49913089701518,"M",0,0.25,1,"LOW HIGH LOW",NA
26,12,63.7868577816353,25,0,0.498976411802237,"M",0,0.25,1,"LOW HIGH LOW",NA
27,1,62.998431616579,26,0,0.500312003164895,"M",0,0.25,1,"LOW HIGH LOW",NA
27,2,147.211158450183,29,3,3.50132723465034,"M",0,0.25,1,"LOW HIGH LOW",NA
27,3,219.842654801322,39,13,13.5009929065642,"M",0,0.25,1,"LOW HIGH LOW",NA
27,4,205.177650707173,32,6,6.49842555981013,"M",0,0.25,1,"LOW HIGH LOW",NA
27,5,192.405345495056,31,5,5.49974979260405,"M",0,0.25,1,"LOW HIGH LOW",NA
27,6,62.3712092323292,26,0,0.498956893541295,"M",0,0.25,1,"LOW HIGH LOW",NA
27,7,61.9095304763477,26,0,0.500899395649876,"M",0,0.25,1,"LOW HIGH LOW",NA
27,8,97.5592543790383,27,1,1.50096633277768,"M",0,0.25,1,"LOW HIGH LOW",NA
27,9,63.8385261513961,26,0,0.499445450238538,"M",0,0.25,1,"LOW HIGH LOW",NA
27,10,125.598886118094,28,2,2.50091785682772,"M",0,0.25,1,"LOW HIGH LOW",NA
27,11,60.6267349191106,26,0,0.500864946749219,"M",0,0.25,1,"LOW HIGH LOW",NA
27,12,97.0481525901904,27,1,1.50065062169798,"M",0,0.25,1,"LOW HIGH LOW",NA
27,13,122.551172374541,28,2,2.50018375051109,"M",0,0.25,1,"LOW HIGH LOW",NA
27,14,155.427688370506,30,4,4.50131740209607,"M",0,0.25,1,"LOW HIGH LOW",NA
28,1,183.553743175966,32,5,5.50116791446454,"M",0,0.25,1,"LOW HIGH LOW",NA
28,2,225.694872083122,34,7,7.49852457221157,"M",0,0.25,1,"LOW HIGH LOW",NA
28,3,125.691219124633,29,2,2.50058652515187,"M",0,0.25,1,"LOW HIGH LOW",NA
28,4,132.693433149387,29,2,2.49920256366536,"M",0,0.25,1,"LOW HIGH LOW",NA
28,5,189.427059795808,31,4,4.49913313523825,"M",0,0.25,1,"LOW HIGH LOW",NA
28,6,96.9338144246472,28,1,1.49967027482576,"M",0,0.25,1,"LOW HIGH LOW",NA
28,7,181.632983634141,32,5,5.4991135604676,"M",0,0.25,1,"LOW HIGH LOW",NA
28,8,61.8006023611059,27,0,0.499658986716887,"M",0,0.25,1,"LOW HIGH LOW",NA
28,9,99.6456159600645,28,1,1.50090790973069,"M",0,0.25,1,"LOW HIGH LOW",NA
28,10,92.7348341211883,28,1,1.50010513011603,"M",0,0.25,1,"LOW HIGH LOW",NA
28,11,137.831527062245,29,2,2.50188963371855,"M",0,0.25,1,"LOW HIGH LOW",NA
28,12,126.437661326023,29,2,2.49865957637988,"M",0,0.25,1,"LOW HIGH LOW",NA
29,1,97.3918988563221,29,1,1.49937196256331,"M",0,0.25,1,"LOW HIGH LOW",NA
29,2,61.6696539856024,28,0,0.499968465671281,"M",0,0.25,1,"LOW HIGH LOW",NA
29,3,64.9119348185047,28,0,0.501975934915839,"M",0,0.25,1,"LOW HIGH LOW",NA
29,4,188.401994371986,38,10,10.4988937083379,"M",0,0.25,1,"LOW HIGH LOW",NA
29,5,62.0784056658687,28,0,0.498033287312406,"M",0,0.25,1,"LOW HIGH LOW",NA
29,6,109.833629541569,29,1,1.5005576602413,"M",0,0.25,1,"LOW HIGH LOW",NA
29,7,98.7536876953803,29,1,1.50011130665389,"M",0,0.25,1,"LOW HIGH LOW",NA
29,8,164.981462575397,33,5,5.50018635053677,"M",0,0.25,1,"LOW HIGH LOW",NA
29,9,194.100786670999,34,6,6.50083323078357,"M",0,0.25,1,"LOW HIGH LOW",NA
29,10,98.6535865849572,29,1,1.49898339300203,"M",0,0.25,1,"LOW HIGH LOW",NA
29,11,217.21901562804,39,11,11.4991566785474,"M",0,0.25,1,"LOW HIGH LOW",NA
30,1,157.214132514083,32,3,3.50090054395863,"M",0,0.25,1,"LOW HIGH LOW",NA
30,2,165.172531478704,33,4,4.49881622937778,"M",0,0.25,1,"LOW HIGH LOW",NA
30,3,64.398405173221,29,0,0.499533065483069,"M",0,0.25,1,"LOW HIGH LOW",NA
30,4,102.572111431004,30,1,1.49976536896607,"M",0,0.25,1,"LOW HIGH LOW",NA
30,5,90.1150901152324,30,1,1.50181290526328,"M",0,0.25,1,"LOW HIGH LOW",NA
30,6,181.378595245081,33,4,4.50061112110508,"M",0,0.25,1,"LOW HIGH LOW",NA
30,7,208.99238185343,35,6,6.50327667164032,"M",0,0.25,1,"LOW HIGH LOW",NA
30,8,134.995546215515,31,2,2.49921295608216,"M",0,0.25,1,"LOW HIGH LOW",NA
30,9,223.79465144426,35,6,6.49991189599651,"M",0,0.25,1,"LOW HIGH LOW",NA
30,10,190.940027377296,36,7,7.50048244028977,"M",0,0.25,1,"LOW HIGH LOW",NA
31,1,162.630501937656,34,4,4.49937668936154,"M",0,0.25,1,"LOW HIGH LOW",NA
31,2,102.351514366914,31,1,1.50054770706869,"M",0,0.25,1,"LOW HIGH LOW",NA
31,3,60.6874637194429,30,0,0.499424849839275,"M",0,0.25,1,"LOW HIGH LOW",NA
31,4,152.501455362753,34,4,4.49929147033936,"M",0,0.25,1,"LOW HIGH LOW",NA
31,5,129.869222585309,32,2,2.50188176838789,"M",0,0.25,1,"LOW HIGH LOW",NA
31,6,123.936265519968,32,2,2.49890245783513,"M",0,0.25,1,"LOW HIGH LOW",NA
31,7,96.8436828324377,31,1,1.49794070200106,"M",0,0.25,1,"LOW HIGH LOW",NA
31,8,61.1807329290569,30,0,0.497246069939257,"M",0,0.25,1,"LOW HIGH LOW",NA
31,9,191.184577080013,38,8,8.4998308585533,"M",0,0.25,1,"LOW HIGH LOW",NA
31,10,146.677462715986,33,3,3.49982711343047,"M",0,0.25,1,"LOW HIGH LOW",NA
31,11,125.275368737677,32,2,2.50132607496914,"M",0,0.25,1,"LOW HIGH LOW",NA
32,1,96.1641187880574,32,1,1.4998149650982,"M",0,0.25,1,"LOW HIGH LOW",NA
32,2,63.5834271882284,31,0,0.502041124381513,"M",0,0.25,1,"LOW HIGH LOW",NA
32,3,63.1286740816577,31,0,0.499005273462643,"M",0,0.25,1,"LOW HIGH LOW",NA
32,4,149.373336181433,34,3,3.50019932641112,"M",0,0.25,1,"LOW HIGH LOW",NA
32,5,188.27739959336,37,6,6.49870021069094,"M",0,0.25,1,"LOW HIGH LOW",NA
32,6,195.093795603038,37,6,6.50025169841912,"M",0,0.25,1,"LOW HIGH LOW",NA
32,7,125.979334504277,33,2,2.49928609662759,"M",0,0.25,1,"LOW HIGH LOW",NA
32,8,152.768486716839,34,3,3.50175197104384,"M",0,0.25,1,"LOW HIGH LOW",NA
32,9,211.246005545245,42,11,11.5003050585099,"M",0,0.25,1,"LOW HIGH LOW",NA
32,10,165.02880490954,35,4,4.50075934234372,"M",0,0.25,1,"LOW HIGH LOW",NA
32,11,219.390629011932,37,6,6.49974958821832,"M",0,0.25,1,"LOW HIGH LOW",NA
32,12,103.14126504817,32,1,1.49951364072818,"M",0,0.25,1,"LOW HIGH LOW",NA
33,1,60.2985094923206,32,0,0.500141013996663,"M",0,0.25,1,"LOW HIGH LOW",NA
33,2,215.866892154335,39,7,7.50162290641974,"M",0,0.25,1,"LOW HIGH LOW",NA
33,3,63.2466691124683,32,0,0.500387188616921,"M",0,0.25,1,"LOW HIGH LOW",NA
33,4,63.5667600155722,32,0,0.500342434087354,"M",0,0.25,1,"LOW HIGH LOW",NA
33,5,237.172363665928,44,12,12.4999965757063,"M",0,0.25,1,"LOW HIGH LOW",NA
33,6,101.530642016063,33,1,1.49734822640153,"M",0,0.25,1,"LOW HIGH LOW",NA
33,7,172.570740231847,37,5,5.50045916909622,"M",0,0.25,1,"LOW HIGH LOW",NA
33,8,130.376597668259,34,2,2.4987354254556,"M",0,0.25,1,"LOW HIGH LOW",NA
33,9,104.982440782872,33,1,1.50209920036369,"M",0,0.25,1,"LOW HIGH LOW",NA
33,10,126.318625562219,34,2,2.50038043721423,"M",0,0.25,1,"LOW HIGH LOW",NA
33,11,132.177341979198,34,2,2.50144840518609,"M",0,0.25,1,"LOW HIGH LOW",NA
33,12,175.285670176687,41,9,9.4996656848396,"M",0,0.25,1,"LOW HIGH LOW",NA
33,13,62.3489797005119,32,0,0.501513159013057,"M",0,0.25,1,"LOW HIGH LOW",NA
34,1,60.9030156849382,33,0,0.499906504823777,"M",0,0.25,1,"LOW HIGH LOW",NA
34,2,200.034926478174,40,7,7.50005421293183,"M",0,0.25,1,"LOW HIGH LOW",NA
34,3,151.230080894227,36,3,3.49875314191296,"M",0,0.25,1,"LOW HIGH LOW",NA
34,4,95.9153092271985,34,1,1.49956887061055,"M",0,0.25,1,"LOW HIGH LOW",NA
34,5,206.657374748206,44,11,11.4980145912623,"M",0,0.25,1,"LOW HIGH LOW",NA
34,6,96.5191510654074,34,1,1.50249905477786,"M",0,0.25,1,"LOW HIGH LOW",NA
34,7,63.6866648378568,33,0,0.499363951834864,"M",0,0.25,1,"LOW HIGH LOW",NA
34,8,195.457678959298,40,7,7.49979296187124,"M",0,0.25,1,"LOW HIGH LOW",NA
34,9,60.5235624082388,33,0,0.501697811493479,"M",0,0.25,1,"LOW HIGH LOW",NA
34,10,105.814994027375,34,1,1.50058702633021,"M",0,0.25,1,"LOW HIGH LOW",NA
34,11,98.8005022792002,34,1,1.49879888723217,"M",0,0.25,1,"LOW HIGH LOW",NA
34,12,61.0638375541221,33,0,0.498988173408139,"M",0,0.25,1,"LOW HIGH LOW",NA
35,1,140.751858163754,37,3,3.49901555283603,"M",0,0.25,1,"LOW HIGH LOW",NA
35,2,158.479279564121,38,4,4.49979615927283,"M",0,0.25,1,"LOW HIGH LOW",NA
35,3,156.550926791031,38,4,4.49956686529596,"M",0,0.25,1,"LOW HIGH LOW",NA
35,4,191.964520563659,42,8,8.49995881882783,"M",0,0.25,1,"LOW HIGH LOW",NA
35,5,62.8609511262307,34,0,0.499706094900324,"M",0,0.25,1,"LOW HIGH LOW",NA
35,6,91.8767974091247,35,1,1.49923157577667,"M",0,0.25,1,"LOW HIGH LOW",NA
35,7,226.100681671738,47,13,13.5005177760768,"M",0,0.25,1,"LOW HIGH LOW",NA
35,8,214.483181229402,48,14,14.5015033350895,"M",0,0.25,1,"LOW HIGH LOW",NA
35,9,198.225006866151,40,6,6.49942232760291,"M",0,0.25,1,"LOW HIGH LOW",NA
35,10,63.085720675364,34,0,0.499684090062434,"M",0,0.25,1,"LOW HIGH LOW",NA
35,11,99.6679815433703,35,1,1.50077744093197,"M",0,0.25,1,"LOW HIGH LOW",NA
36,1,103.403241832819,36,1,1.49912268974322,"M",0,0.25,1,"LOW HIGH LOW",NA
36,2,131.043692734608,37,2,2.50014913350722,"M",0,0.25,1,"LOW HIGH LOW",NA
36,3,61.4425337685248,35,0,0.49995771672896,"M",0,0.25,1,"LOW HIGH LOW",NA
36,4,174.035403539065,39,4,4.50082489528896,"M",0,0.25,1,"LOW HIGH LOW",NA
36,5,165.743888481243,39,4,4.49972009464304,"M",0,0.25,1,"LOW HIGH LOW",NA
36,6,94.9186684251043,36,1,1.50082424637276,"M",0,0.25,1,"LOW HIGH LOW",NA
36,7,62.1174759514063,35,0,0.499797122233026,"M",0,0.25,1,"LOW HIGH LOW",NA
36,8,100.462120841431,36,1,1.50006357578949,"M",0,0.25,1,"LOW HIGH LOW",NA
36,9,143.610478681753,38,3,3.4992035217186,"M",0,0.25,1,"LOW HIGH LOW",NA
36,10,132.153732752852,37,2,2.50254473729493,"M",0,0.25,1,"LOW HIGH LOW",NA
36,11,189.350112251167,41,6,6.50068843666629,"M",0,0.25,1,"LOW HIGH LOW",NA
36,12,143.00465050057,38,3,3.49949783207153,"M",0,0.25,1,"LOW HIGH LOW",NA
36,13,224.259803680236,43,8,8.50004861653532,"M",0,0.25,1,"LOW HIGH LOW",NA
37,1,63.6901141289026,36,0,0.498663154944164,"M",0,0.25,1,"LOW HIGH LOW",NA
37,2,62.8629358533313,36,0,0.498712489200025,"M",0,0.25,1,"LOW HIGH LOW",NA
37,3,129.468404748517,38,2,2.50000619612111,"M",0,0.25,1,"LOW HIGH LOW",NA
37,4,198.786773371103,43,7,7.4989509757561,"M",0,0.25,1,"LOW HIGH LOW",NA
37,5,194.399310744278,42,6,6.5016193609027,"M",0,0.25,1,"LOW HIGH LOW",NA
37,6,62.3542894038375,36,0,0.499940204558072,"M",0,0.25,1,"LOW HIGH LOW",NA
37,7,61.0332500345882,36,0,0.499414820937221,"M",0,0.25,1,"LOW HIGH LOW",NA
37,8,157.443246773046,39,3,3.50012209732874,"M",0,0.25,1,"LOW HIGH LOW",NA
37,9,61.8104474511408,36,0,0.499303862730129,"M",0,0.25,1,"LOW HIGH LOW",NA
37,10,97.191999644898,37,1,1.50068798736943,"M",0,0.25,1,"LOW HIGH LOW",NA
37,11,62.3349881547854,36,0,0.501496242051075,"M",0,0.25,1,"LOW HIGH LOW",NA
37,12,178.306674672751,41,5,5.50065447617916,"M",0,0.25,1,"LOW HIGH LOW",NA
38,1,133.604637036941,39,2,2.49943013292762,"M",0,0.25,1,"LOW HIGH LOW",NA
38,2,65.5846934015338,37,0,0.502052363107087,"M",0,0.25,1,"LOW HIGH LOW",NA
38,3,191.022052754479,45,8,8.49897749163566,"M",0,0.25,1,"LOW HIGH LOW",NA
38,4,61.1792978603076,37,0,0.499136202376174,"M",0,0.25,1,"LOW HIGH LOW",NA
38,5,203.278980652838,45,8,8.49876713963634,"M",0,0.25,1,"LOW HIGH LOW",NA
38,6,63.2613789334348,37,0,0.49847608219568,"M",0,0.25,1,"LOW HIGH LOW",NA
38,7,63.206076600177,37,0,0.499924870305557,"M",0,0.25,1,"LOW HIGH LOW",NA
38,8,95.5486807091652,38,1,1.50054596741119,"M",0,0.25,1,"LOW HIGH LOW",NA
38,9,61.9483843070712,37,0,0.499618125009993,"M",0,0.25,1,"LOW HIGH LOW",NA
38,10,64.57382509215,37,0,0.500113595322253,"M",0,0.25,1,"LOW HIGH LOW",NA
38,11,231.766138301752,50,13,13.4992732875767,"FISHED",0.19330686184112,0.25,1,"LOW HIGH LOW",NA
39,1,97.6081062987483,39,1,1.50047460511599,"M",0,0.25,1,"LOW HIGH LOW",NA
39,2,62.5129310867417,38,0,0.499496495292627,"M",0,0.25,1,"LOW HIGH LOW",NA
39,3,59.4336392807918,38,0,0.499371324518907,"M",0,0.25,1,"LOW HIGH LOW",NA
39,4,174.28609391856,43,5,5.50080243029952,"M",0,0.25,1,"LOW HIGH LOW",NA
39,5,158.464316385485,41,3,3.49857895541855,"M",0,0.25,1,"LOW HIGH LOW",NA
39,6,194.976421729269,45,7,7.50195926200877,"M",0,0.25,1,"LOW HIGH LOW",NA
39,7,99.801730117754,39,1,1.49926104526913,"M",0,0.25,1,"LOW HIGH LOW",NA
39,8,153.730452217868,41,3,3.49940427877407,"M",0,0.25,1,"LOW HIGH LOW",NA
39,9,136.534325801979,40,2,2.50025818952979,"M",0,0.25,1,"LOW HIGH LOW",NA
39,10,63.9632328346387,38,0,0.500161474771505,"M",0,0.25,1,"LOW HIGH LOW",NA
39,11,63.6465158116608,38,0,0.498681299639237,"M",0,0.25,1,"LOW HIGH LOW",NA
40,1,209.113641389696,45,6,6.49985120127926,"M",0,0.25,1,"LOW HIGH LOW",NA
40,2,63.8969028567846,39,0,0.498035834825082,"M",0,0.25,1,"LOW HIGH LOW",NA
40,3,223.712639065162,47,8,8.50005010290025,"M",0,0.25,1,"LOW HIGH LOW",NA
40,4,157.765906392597,43,4,4.50080341207448,"M",0,0.25,1,"LOW HIGH LOW",NA
40,5,97.8861187138068,40,1,1.50044860105648,"M",0,0.25,1,"LOW HIGH LOW",NA
40,6,65.4203409235385,39,0,0.498098291179158,"M",0,0.25,1,"LOW HIGH LOW",NA
40,7,101.108434394369,40,1,1.49883020310371,"M",0,0.25,1,"LOW HIGH LOW",NA
40,8,62.9032615099493,39,0,0.501070496257649,"M",0,0.25,1,"LOW HIGH LOW",NA
40,9,168.631543409809,44,5,5.49945359201451,"M",0,0.25,1,"LOW HIGH LOW",NA
40,10,171.45403672994,44,5,5.49895914825967,"M",0,0.25,1,"LOW HIGH LOW",NA
40,11,99.15675952589,40,1,1.49985670834705,"M",0,0.25,1,"LOW HIGH LOW",NA
40,12,133.769175168101,41,2,2.5006335215922,"M",0,0.25,1,"LOW HIGH LOW",NA
41,1,106.054421401968,41,1,1.49945445822811,"M",0,0.25,1,"LOW HIGH LOW",NA
41,2,195.536436703315,46,6,6.50049039592373,"M",0,0.25,1,"LOW HIGH LOW",NA
41,3,191.149534268793,49,9,9.49995383998471,"M",0,0.25,1,"LOW HIGH LOW",NA
41,4,190.64447984301,52,12,12.4991721983978,"M",0.19082823661156,0.25,1,"LOW HIGH LOW",NA
41,5,187.250988176959,47,7,7.50096033486381,"M",0,0.25,1,"LOW HIGH LOW",NA
41,6,63.5861531486121,40,0,0.500859356546159,"M",0,0.25,1,"LOW HIGH LOW",NA
41,7,160.766419810782,45,5,5.50008040567709,"M",0,0.25,1,"LOW HIGH LOW",NA
41,8,126.277888640989,42,2,2.49937829294006,"M",0,0.25,1,"LOW HIGH LOW",NA
41,9,59.3495279668935,40,0,0.499250441873117,"M",0,0.25,1,"LOW HIGH LOW",NA
41,10,200.848784060896,52,12,12.5014373791978,"M",0.19082823661156,0.25,1,"LOW HIGH LOW",NA
41,11,97.3046222714957,41,1,1.50044124539487,"M",0,0.25,1,"LOW HIGH LOW",NA
42,1,168.535814509574,45,4,4.50000774804428,"M",0,0.25,1,"LOW HIGH LOW",NA
42,2,177.348361618649,51,10,10.498855550086,"M",0.158409855188802,0.25,1,"LOW HIGH LOW",NA
42,3,154.053775471492,45,4,4.50120581369324,"M",0,0.25,1,"LOW HIGH LOW",NA
42,4,146.577729552053,44,3,3.49906917278729,"M",0,0.25,1,"LOW HIGH LOW",NA
42,5,63.2686327054342,41,0,0.501017266245958,"M",0,0.25,1,"LOW HIGH LOW",NA
42,6,119.212109262405,43,2,2.50143968267338,"M",0,0.25,1,"LOW HIGH LOW",NA
42,7,184.315822806262,46,5,5.49991521640483,"M",0,0.25,1,"LOW HIGH LOW",NA
42,8,237.792494151709,52,11,11.501056168825,"M",0.19082823661156,0.25,1,"LOW HIGH LOW",NA
42,9,60.0064451437328,41,0,0.501066265353583,"M",0,0.25,1,"LOW HIGH LOW",NA
42,10,103.936079811874,42,1,1.49963667267714,"M",0,0.25,1,"LOW HIGH LOW",NA
42,11,63.5325680119267,41,0,0.500466382476318,"M",0,0.25,1,"LOW HIGH LOW",NA
43,1,194.696661420605,48,6,6.49944042486205,"M",0,0.25,1,"LOW HIGH LOW",NA
43,2,240.699409430827,49,7,7.50098669084241,"M",0,0.25,1,"LOW HIGH LOW",NA
43,3,218.154289273567,52,10,10.4986213138796,"M",0.19082823661156,0.25,1,"LOW HIGH LOW",NA
43,4,175.056979146419,47,5,5.50154819906492,"M",0,0.25,1,"LOW HIGH LOW",NA
43,5,151.341352547963,45,3,3.50026929008835,"M",0,0.25,1,"LOW HIGH LOW",NA
43,6,98.0888941868951,43,1,1.4980590101509,"M",0,0.25,1,"LOW HIGH LOW",NA
43,7,199.55168093369,53,11,11.4997443072343,"FISHED",0.166949243517593,0.25,1,"LOW HIGH LOW",NA
43,8,92.8200026958157,43,1,1.50015268270549,"M",0,0.25,1,"LOW HIGH LOW",NA
43,9,159.727306646841,46,4,4.49936271390333,"M",0,0.25,1,"LOW HIGH LOW",NA
43,10,169.615402793224,46,4,4.49975763846276,"M",0,0.25,1,"LOW HIGH LOW",NA
43,11,221.652617377714,54,12,12.4991402766922,"FISHED",0.108517402480356,0.25,1,"LOW HIGH LOW",NA
43,12,232.565217084028,51,9,9.49989045600372,"FISHED",0.158409855188802,0.25,1,"LOW HIGH LOW",NA
44,1,128.76790942201,45,2,2.50008924216613,"M",0,0.25,1,"LOW HIGH LOW",NA
44,2,64.0723626619323,43,0,0.500475339927758,"M",0,0.25,1,"LOW HIGH LOW",NA
44,3,160.123398733322,48,5,5.49955112911899,"M",0,0.25,1,"LOW HIGH LOW",NA
44,4,219.187906262553,52,9,9.49979407251083,"M",0.19082823661156,0.25,1,"LOW HIGH LOW",NA
44,5,97.6241223649977,44,1,1.50014105239514,"M",0,0.25,1,"LOW HIGH LOW",NA
44,6,220.289110563457,50,7,7.50105964615248,"FISHED",0.19330686184112,0.25,1,"LOW HIGH LOW",NA
44,7,171.52284591341,50,7,7.49963341801937,"M",0.19330686184112,0.25,1,"LOW HIGH LOW",NA
44,8,105.184275060695,44,1,1.50016827525179,"M",0,0.25,1,"LOW HIGH LOW",NA
44,9,117.943874382965,45,2,2.49846160230539,"M",0,0.25,1,"LOW HIGH LOW",NA
44,10,125.260116811825,45,2,2.49898734481411,"M",0,0.25,1,"LOW HIGH LOW",NA
44,11,128.736682693159,45,2,2.49961898171713,"M",0,0.25,1,"LOW HIGH LOW",NA
44,12,188.707748820236,50,7,7.50127022542212,"M",0.19330686184112,0.25,1,"LOW HIGH LOW",NA
45,1,96.1861686100506,45,1,1.50066870328222,"M",0,0.25,1,"LOW HIGH LOW",NA
45,2,173.724855393713,49,5,5.50072674300158,"M",0,0.25,1,"LOW HIGH LOW",NA
45,3,163.346521915883,50,6,6.50115089648853,"M",0.19330686184112,0.25,1,"LOW HIGH LOW",NA
45,4,151.341305087318,48,4,4.50006279091928,"M",0,0.25,1,"LOW HIGH LOW",NA
45,5,139.451413650035,47,3,3.50010133797495,"M",0,0.25,1,"LOW HIGH LOW",NA
45,6,61.8163707127179,44,0,0.500140667030436,"M",0,0.25,1,"LOW HIGH LOW",NA
45,7,64.547190010507,44,0,0.499657219992018,"M",0,0.25,1,"LOW HIGH LOW",NA
45,8,155.853358093442,47,3,3.50157389299532,"M",0,0.25,1,"LOW HIGH LOW",NA
45,9,159.099924331505,49,5,5.50008624741397,"M",0,0.25,1,"LOW HIGH LOW",NA
45,10,123.229865628504,46,2,2.4992955819609,"M",0,0.25,1,"LOW HIGH LOW",NA
45,11,126.986479593264,46,2,2.50126900441772,"M",0,0.25,1,"LOW HIGH LOW",NA
46,1,61.1189547654868,45,0,0.501832244757009,"M",0,0.25,1,"LOW HIGH LOW",NA
46,2,151.200020820123,48,3,3.50130437370909,"M",0,0.25,1,"LOW HIGH LOW",NA
46,3,179.040426716397,51,6,6.50034397893489,"FISHED",0.158409855188802,0.25,1,"LOW HIGH LOW",NA
46,4,181.074343757287,53,8,8.50075082504742,"M",0.166949243517593,0.25,1,"LOW HIGH LOW",NA
46,5,169.331904233569,51,6,6.49967891576573,"M",0.158409855188802,0.25,1,"LOW HIGH LOW",NA
46,6,62.96481609774,45,0,0.500226510238185,"M",0,0.25,1,"LOW HIGH LOW",NA
46,7,106.217351606669,46,1,1.50019805958241,"M",0,0.25,1,"LOW HIGH LOW",NA
46,8,167.505311867091,50,5,5.50187039193046,"M",0.19330686184112,0.25,1,"LOW HIGH LOW",NA
46,9,125.814750063354,47,2,2.50136638595008,"M",0,0.25,1,"LOW HIGH LOW",NA
46,10,209.924832597818,52,7,7.50053444067249,"FISHED",0.19082823661156,0.25,1,"LOW HIGH LOW",NA
46,11,98.0166599282365,46,1,1.4997742313707,"M",0,0.25,1,"LOW HIGH LOW",NA
47,1,60.4232193747232,46,0,0.498896140104767,"M",0,0.25,1,"LOW HIGH LOW",NA
47,2,206.763781384764,53,7,7.50021379647474,"FISHED",0.166949243517593,0.25,1,"LOW HIGH LOW",NA
47,3,148.038404004215,49,3,3.49890887726244,"M",0,0.25,1,"LOW HIGH LOW",NA
47,4,62.9223898869791,46,0,0.500527798621325,"M",0,0.25,1,"LOW HIGH LOW",NA
47,5,156.803924544271,50,4,4.50117968261722,"FISHED",0.19330686184112,0.25,1,"LOW HIGH LOW",NA
47,6,95.1108231534238,47,1,1.50085282877384,"M",0,0.25,1,"LOW HIGH LOW",NA
47,7,224.167773889261,52,6,6.50131218872495,"M",0.19082823661156,0.25,1,"LOW HIGH LOW",NA
47,8,197.223796400826,56,10,10.4975226866933,"M",0.188473100983538,0.25,1,"LOW HIGH LOW",NA
47,9,183.264913829356,53,7,7.50073022183034,"M",0.166949243517593,0.25,1,"LOW HIGH LOW",NA
47,10,170.527803097221,50,4,4.49958285647899,"FISHED",0.19330686184112,0.25,1,"LOW HIGH LOW",NA
47,11,61.8091667504139,46,0,0.49982534117633,"M",0,0.25,1,"LOW HIGH LOW",NA
47,12,101.297598499077,47,1,1.5005347503701,"M",0,0.25,1,"LOW HIGH LOW",NA
48,1,61.1455930599855,47,0,0.50133909209765,"M",0,0.25,1,"LOW HIGH LOW",NA
48,2,146.714111937902,50,3,3.49866173270243,"M",0.19330686184112,0.25,1,"LOW HIGH LOW",NA
48,3,101.672180148852,48,1,1.50174876370041,"M",0,0.25,1,"LOW HIGH LOW",NA
48,4,121.938344879643,49,2,2.49943672078382,"M",0,0.25,1,"LOW HIGH LOW",NA
48,5,143.458153838759,50,3,3.49974256460741,"M",0.19330686184112,0.25,1,"LOW HIGH LOW",NA
48,6,180.279645330645,52,5,5.49991075206234,"M",0.19082823661156,0.25,1,"LOW HIGH LOW",NA
48,7,121.990030692809,49,2,2.50061510883366,"M",0,0.25,1,"LOW HIGH LOW",NA
48,8,148.39313340669,50,3,3.5004648573496,"FISHED",0.19330686184112,0.25,1,"LOW HIGH LOW",NA
48,9,120.475224071758,49,2,2.50149527664117,"M",0,0.25,1,"LOW HIGH LOW",NA
48,10,96.8058171555125,48,1,1.50049041234224,"M",0,0.25,1,"LOW HIGH LOW",NA
48,11,158.556098470125,51,4,4.49914714773582,"M",0.158409855188802,0.25,1,"LOW HIGH LOW",NA
48,12,190.439043882441,53,6,6.49865547524814,"M",0.166949243517593,0.25,1,"LOW HIGH LOW",NA
49,1,215.722412657376,55,7,7.49906575870549,"M",0.117183881346136,0.25,1,"LOW HIGH LOW",NA
49,2,96.8517277375716,49,1,1.50003519528518,"M",0,0.25,1,"LOW HIGH LOW",NA
49,3,127.619082102428,50,2,2.49979920791084,"FISHED",0.19330686184112,0.25,1,"LOW HIGH LOW",NA
49,4,160.059408009248,54,6,6.50068674375757,"M",0.108517402480356,0.25,1,"LOW HIGH LOW",NA
49,5,133.478928558789,50,2,2.49895580983032,"FISHED",0.19330686184112,0.25,1,"LOW HIGH LOW",NA
49,6,61.9631506663134,48,0,0.497290231970337,"M",0,0.25,1,"LOW HIGH LOW",NA
49,7,61.7006088726968,48,0,0.501431014291095,"M",0,0.25,1,"LOW HIGH LOW",NA
49,8,164.44576439497,52,4,4.49772800969046,"FISHED",0.19082823661156,0.25,1,"LOW HIGH LOW",NA
49,9,98.7170545263442,49,1,1.49978882370465,"M",0,0.25,1,"LOW HIGH LOW",NA
49,10,180.892278637397,52,4,4.50004553981261,"FISHED",0.19082823661156,0.25,1,"LOW HIGH LOW",NA
49,11,61.7109619758463,48,0,0.501137762065233,"M",0,0.25,1,"LOW HIGH LOW",NA
50,1,157.6306056872,52,3,3.50132536021791,"FISHED",0.19082823661156,0.25,1,"LOW HIGH LOW",NA
50,2,171.115904931281,55,6,6.50057007298375,"M",0.117183881346136,0.25,1,"LOW HIGH LOW",NA
50,3,64.3750356311849,49,0,0.49951179909534,"M",0,0.25,1,"LOW HIGH LOW",NA
50,4,95.5328952039037,50,1,1.50031795357363,"M",0.19330686184112,0.25,1,"LOW HIGH LOW",NA
50,5,178.165556511334,55,6,6.50014463135784,"FISHED",0.117183881346136,0.25,1,"LOW HIGH LOW",NA
50,6,103.763642510678,50,1,1.50239090123412,"M",0.19330686184112,0.25,1,"LOW HIGH LOW",NA
50,7,63.3078136433259,49,0,0.500605106086381,"M",0,0.25,1,"LOW HIGH LOW",NA
50,8,145.247190933625,52,3,3.50064479869544,"M",0.19082823661156,0.25,1,"LOW HIGH LOW",NA
50,9,183.032023618337,54,5,5.50010279026392,"M",0.108517402480356,0.25,1,"LOW HIGH LOW",NA
50,10,156.184148976939,54,5,5.50056658705173,"FISHED",0.108517402480356,0.25,1,"LOW HIGH LOW",NA
50,11,94.7754278606237,50,1,1.49800539854344,"M",0.19330686184112,0.25,1,"LOW HIGH LOW",NA
50,12,63.8370472364745,49,0,0.500111093088978,"M",0,0.25,1,"LOW HIGH LOW",NA
50,13,155.692095690322,52,3,3.50016310520821,"M",0.19082823661156,0.25,1,"LOW HIGH LOW",NA
50,14,98.5100797755286,50,1,1.50094245547804,"FISHED",0.19330686184112,0.25,1,"LOW HIGH LOW",NA
51,1,64.1191512975691,50,0,0.4995357580356,"M",0.19330686184112,0.25,1,"LOW HIGH LOW",NA
51,2,63.3887630761667,50,0,0.50196737927051,"FISHED",0.19330686184112,0.25,1,"LOW HIGH LOW",NA
51,3,102.770943812006,51,1,1.49951677593533,"M",0.158409855188802,0.25,1,"LOW HIGH LOW",NA
51,4,105.424541908796,51,1,1.49873060979313,"M",0.158409855188802,0.25,1,"LOW HIGH LOW",NA
51,5,64.1228011280664,50,0,0.499282777302973,"M",0.19330686184112,0.25,1,"LOW HIGH LOW",NA
51,6,106.148587505064,51,1,1.50072697893007,"M",0.158409855188802,0.25,1,"LOW HIGH LOW",NA
51,7,119.130478087007,52,2,2.49982816043823,"M",0.19082823661156,0.25,1,"LOW HIGH LOW",NA
51,8,159.029490139384,54,4,4.49895741206755,"M",0.108517402480356,0.25,1,"LOW HIGH LOW",NA
51,9,62.6026969446192,50,0,0.500896402052887,"FISHED",0.19330686184112,0.25,1,"LOW HIGH LOW",NA
51,10,62.3079465592363,50,0,0.499998454218298,"M",0.19330686184112,0.25,1,"LOW HIGH LOW",NA
51,11,59.4422744713604,50,0,0.500584050724429,"M",0.19330686184112,0.25,1,"LOW HIGH LOW",NA
52,1,159.68462063992,55,4,4.50065945297402,"M",0.117183881346136,0.25,1,"LOW HIGH LOW",NA
52,2,98.0792977874766,52,1,1.50041092711906,"M",0.19082823661156,0.25,1,"LOW HIGH LOW",NA
52,3,98.7497347571002,52,1,1.49841393682544,"FISHED",0.19082823661156,0.25,1,"LOW HIGH LOW",NA
52,4,61.2932320673454,51,0,0.501048647799155,"M",0.158409855188802,0.25,1,"LOW HIGH LOW",NA
52,5,63.4511204786776,51,0,0.49978417289245,"M",0.158409855188802,0.25,1,"LOW HIGH LOW",NA
52,6,147.470637797989,54,3,3.50044963305682,"FISHED",0.108517402480356,0.25,1,"LOW HIGH LOW",NA
52,7,63.3424236560717,51,0,0.499321619775812,"FISHED",0.158409855188802,0.25,1,"LOW HIGH LOW",NA
52,8,174.178620128129,55,4,4.50087162497334,"FISHED",0.117183881346136,0.25,1,"LOW HIGH LOW",NA
52,9,180.828888348509,57,6,6.50073716181063,"M",0.162489862181246,0.25,1,"LOW HIGH LOW",NA
52,10,130.480081111614,53,2,2.50128739403109,"FISHED",0.166949243517593,0.25,1,"LOW HIGH LOW",NA
52,11,61.4375170944749,51,0,0.499322369673687,"M",0.158409855188802,0.25,1,"LOW HIGH LOW",NA
53,1,121.69338513545,54,2,2.49975416610394,"M",0.108517402480356,0.25,1,"LOW HIGH LOW",NA
53,2,156.198875431982,56,4,4.50052727993744,"M",0.188473100983538,0.25,1,"LOW HIGH LOW",NA
53,3,62.5509092658329,52,0,0.49939941748363,"M",0.19082823661156,0.25,1,"LOW HIGH LOW",NA
53,4,123.460914969381,54,2,2.50117788185849,"M",0.108517402480356,0.25,1,"LOW HIGH LOW",NA
53,5,101.627932023973,53,1,1.50022441384582,"M",0.166949243517593,0.25,1,"LOW HIGH LOW",NA
53,6,92.670236445688,53,1,1.49924296960644,"M",0.166949243517593,0.25,1,"LOW HIGH LOW",NA
53,7,63.0330400876245,52,0,0.500443255235045,"M",0.19082823661156,0.25,1,"LOW HIGH LOW",NA
53,8,63.7756191676511,52,0,0.498682340270096,"M",0.19082823661156,0.25,1,"LOW HIGH LOW",NA
53,9,167.299475538526,57,5,5.50003188254063,"M",0.162489862181246,0.25,1,"LOW HIGH LOW",NA
53,10,103.862096070151,53,1,1.50036123148255,"M",0.166949243517593,0.25,1,"LOW HIGH LOW",NA
54,1,65.5751631673245,53,0,0.499825442313573,"M",0.166949243517593,0.25,1,"LOW HIGH LOW",NA
54,2,63.6850334921394,53,0,0.500210556762399,"FISHED",0.166949243517593,0.25,1,"LOW HIGH LOW",NA
54,3,60.5036427690887,53,0,0.499905712790374,"M",0.166949243517593,0.25,1,"LOW HIGH LOW",NA
54,4,65.9040415400076,53,0,0.500052206408498,"M",0.166949243517593,0.25,1,"LOW HIGH LOW",NA
54,5,61.1361309048323,53,0,0.501855276003232,"M",0.166949243517593,0.25,1,"LOW HIGH LOW",NA
54,6,167.841562134747,57,4,4.49825314019153,"M",0.162489862181246,0.25,1,"LOW HIGH LOW",NA
54,7,146.74080157072,56,3,3.5000969522411,"M",0.188473100983538,0.25,1,"LOW HIGH LOW",NA
54,8,60.2908157671383,53,0,0.500386903425263,"FISHED",0.166949243517593,0.25,1,"LOW HIGH LOW",NA
54,9,148.714759473048,56,3,3.4996143701791,"M",0.188473100983538,0.25,1,"LOW HIGH LOW",NA
54,10,60.1693528687432,53,0,0.499311400797456,"M",0.166949243517593,0.25,1,"LOW HIGH LOW",NA
54,11,62.9410694379888,53,0,0.50068697464087,"M",0.166949243517593,0.25,1,"LOW HIGH LOW",NA
55,1,103.348249534498,55,1,1.49945413304154,"M",0.117183881346136,0.25,1,"LOW HIGH LOW",NA
55,2,148.930137086299,57,3,3.49927583521885,"M",0.162489862181246,0.25,1,"LOW HIGH LOW",NA
55,3,120.946817000706,56,2,2.50111051756753,"M",0.188473100983538,0.25,1,"LOW HIGH LOW",NA
55,4,62.5810329198373,54,0,0.499803871253048,"M",0.108517402480356,0.25,1,"LOW HIGH LOW",NA
55,5,94.9781231089988,55,1,1.49897618390817,"M",0.117183881346136,0.25,1,"LOW HIGH LOW",NA
55,6,132.521637055343,56,2,2.49958243905486,"M",0.188473100983538,0.25,1,"LOW HIGH LOW",NA
55,7,155.749120518257,57,3,3.50009285385826,"M",0.162489862181246,0.25,1,"LOW HIGH LOW",NA
55,8,62.909464803728,54,0,0.500409319910309,"M",0.108517402480356,0.25,1,"LOW HIGH LOW",NA
55,9,98.8858057108573,55,1,1.50041470574185,"FISHED",0.117183881346136,0.25,1,"LOW HIGH LOW",NA
55,10,101.932776462896,55,1,1.49925850664656,"FISHED",0.117183881346136,0.25,1,"LOW HIGH LOW",NA
56,1,103.552684691678,56,1,1.50102363971176,"M",0.188473100983538,0.25,1,"LOW HIGH LOW",NA
56,2,105.754210873181,56,1,1.49969593251141,"M",0.188473100983538,0.25,1,"LOW HIGH LOW",NA
56,3,57.1586417740432,55,0,0.499264679686249,"M",0.117183881346136,0.25,1,"LOW HIGH LOW",NA
56,4,105.980271903623,56,1,1.50033434754037,"FISHED",0.188473100983538,0.25,1,"LOW HIGH LOW",NA
56,5,99.8419194312729,56,1,1.50130770591767,"M",0.188473100983538,0.25,1,"LOW HIGH LOW",NA
56,6,120.6012550342,57,2,2.50028048642758,"M",0.162489862181246,0.25,1,"LOW HIGH LOW",NA
56,7,105.980276471286,56,1,1.49972968443305,"M",0.188473100983538,0.25,1,"LOW HIGH LOW",NA
56,8,181.35452208927,61,6,6.5012978084849,"M",0.153276658034883,0.25,1,"LOW HIGH LOW",NA
56,9,95.6412324121458,56,1,1.4997293060006,"FISHED",0.188473100983538,0.25,1,"LOW HIGH LOW",NA
56,10,96.6416124563247,56,1,1.49900685670607,"FISHED",0.188473100983538,0.25,1,"LOW HIGH LOW",NA
57,1,63.3612849291739,56,0,0.49993572407713,"M",0.188473100983538,0.25,1,"LOW HIGH LOW",NA
57,2,61.354839970679,56,0,0.500486625424993,"M",0.188473100983538,0.25,1,"LOW HIGH LOW",NA
57,3,61.5422425092833,56,0,0.501164592882569,"M",0.188473100983538,0.25,1,"LOW HIGH LOW",NA
57,4,95.5657242911326,57,1,1.5010890690737,"M",0.162489862181246,0.25,1,"LOW HIGH LOW",NA
57,5,100.562953106768,57,1,1.49932598754645,"M",0.162489862181246,0.25,1,"LOW HIGH LOW",NA
57,6,141.81319222453,59,3,3.49993569587717,"FISHED",0.155799448117614,0.25,1,"LOW HIGH LOW",NA
57,7,185.683206279833,61,5,5.50083356403162,"M",0.153276658034883,0.25,1,"LOW HIGH LOW",NA
57,8,129.974423188911,59,3,3.49970573915353,"M",0.155799448117614,0.25,1,"LOW HIGH LOW",NA
57,9,121.879006326741,58,2,2.50006116657384,"M",0.177921148948371,0.25,1,"LOW HIGH LOW",NA
58,1,97.2081154300527,58,1,1.49984699169334,"M",0.177921148948371,0.25,1,"LOW HIGH LOW",NA
58,2,97.8225054312767,58,1,1.50028187317786,"M",0.177921148948371,0.25,1,"LOW HIGH LOW",NA
58,3,177.663195304023,61,4,4.49889551600058,"FISHED",0.153276658034883,0.25,1,"LOW HIGH LOW",NA
58,4,124.033866000188,59,2,2.49971064497244,"M",0.155799448117614,0.25,1,"LOW HIGH LOW",NA
58,5,61.8086306601101,57,0,0.499141118115706,"M",0.162489862181246,0.25,1,"LOW HIGH LOW",NA
58,6,100.863490959272,58,1,1.50016931635246,"M",0.177921148948371,0.25,1,"LOW HIGH LOW",NA
58,7,103.433165891955,58,1,1.49820799644989,"FISHED",0.177921148948371,0.25,1,"LOW HIGH LOW",NA
58,8,122.960185529271,59,2,2.50067483085535,"M",0.155799448117614,0.25,1,"LOW HIGH LOW",NA
59,1,153.683126914586,62,4,4.49977234995689,"FISHED",0.168088542320766,0.25,1,"LOW HIGH LOW",NA
59,2,127.004633949156,60,2,2.50064520542952,"FISHED",0.164191127987579,0.25,1,"LOW HIGH LOW",NA
59,3,206.899079822841,64,6,6.49985731080769,"M",0.10035056557972,0.25,1,"LOW HIGH LOW",NA
59,4,63.6106092548671,58,0,0.501111962311265,"M",0.177921148948371,0.25,1,"LOW HIGH LOW",NA
59,5,142.453275590424,61,3,3.49995446093735,"FISHED",0.153276658034883,0.25,1,"LOW HIGH LOW",NA
59,6,62.9899164731159,58,0,0.502249446005043,"M",0.177921148948371,0.25,1,"LOW HIGH LOW",NA
59,7,99.6526111071208,59,1,1.49981213706665,"M",0.155799448117614,0.25,1,"LOW HIGH LOW",NA
59,8,195.166247496791,64,6,6.50010789380541,"M",0.10035056557972,0.25,1,"LOW HIGH LOW",NA
60,1,92.0256090639224,60,1,1.50003029474811,"M",0.164191127987579,0.25,1,"LOW HIGH LOW",NA
60,2,96.3616387310805,60,1,1.49919280327973,"M",0.164191127987579,0.25,1,"LOW HIGH LOW",NA
60,3,121.007840554629,61,2,2.50096009025299,"M",0.153276658034883,0.25,1,"LOW HIGH LOW",NA
61,1,124.861123855171,62,2,2.49821065972323,"M",0.168088542320766,0.25,1,"LOW HIGH LOW",NA
61,2,96.1409744274642,61,1,1.50113466197555,"FISHED",0.153276658034883,0.25,1,"LOW HIGH LOW",NA
61,3,61.7564110512141,60,0,0.501868638158317,"M",0.164191127987579,0.25,1,"LOW HIGH LOW",NA
61,4,143.624625047441,63,3,3.50025643901805,"FISHED",0.106118732434697,0.25,1,"LOW HIGH LOW",NA
61,5,65.8746860240201,60,0,0.499128308563715,"M",0.164191127987579,0.25,1,"LOW HIGH LOW",NA
61,6,62.6297081137827,60,0,0.50205976513673,"M",0.164191127987579,0.25,1,"LOW HIGH LOW",NA
62,1,59.1429524382741,61,0,0.500489229253967,"FISHED",0.153276658034883,0.25,1,"LOW HIGH LOW",NA
62,2,60.8624717941777,61,0,0.501327098509025,"M",0.153276658034883,0.25,1,"LOW HIGH LOW",NA
62,3,102.490749575513,62,1,1.50032712183913,"M",0.168088542320766,0.25,1,"LOW HIGH LOW",NA
62,4,108.229453866196,62,1,1.50041269649503,"M",0.168088542320766,0.25,1,"LOW HIGH LOW",NA
62,5,123.300035078311,63,2,2.50084450554648,"M",0.106118732434697,0.25,1,"LOW HIGH LOW",NA
62,6,64.4946401754607,61,0,0.501499634129297,"FISHED",0.153276658034883,0.25,1,"LOW HIGH LOW",NA
62,7,105.385938191593,62,1,1.50090373352313,"M",0.168088542320766,0.25,1,"LOW HIGH LOW",NA
63,1,132.727559754144,64,2,2.50097429916296,"FISHED",0.10035056557972,0.25,1,"LOW HIGH LOW",NA
63,2,168.793538011611,66,4,4.50112078837174,"M",0.146505066030659,0.25,1,"LOW HIGH LOW",NA
63,3,207.236532175201,74,12,12.5021900728653,"M",0.388107317476533,0.25,1,"LOW HIGH LOW",NA
63,4,181.781269373018,67,5,5.50185529296365,"FISHED",0.318585394578986,0.25,1,"LOW HIGH LOW",NA
63,5,179.448091134874,67,5,5.49958054149622,"FISHED",0.318585394578986,0.25,1,"LOW HIGH LOW",NA
63,6,99.6668629795933,63,1,1.49973050500673,"M",0.106118732434697,0.25,1,"LOW HIGH LOW",NA
63,7,99.6612977276586,63,1,1.49951572026584,"M",0.106118732434697,0.25,1,"LOW HIGH LOW",NA
63,8,65.0252075387901,62,0,0.502179951368382,"FISHED",0.168088542320766,0.25,1,"LOW HIGH LOW",NA
63,9,152.151565470758,65,3,3.50124358501915,"M",0.108587958756834,0.25,1,"LOW HIGH LOW",NA
63,10,62.9629108898708,62,0,0.501737059905574,"M",0.168088542320766,0.25,1,"LOW HIGH LOW",NA
63,11,109.962694575773,64,2,2.50015920122687,"M",0.10035056557972,0.25,1,"LOW HIGH LOW",NA
64,1,62.1722201227548,63,0,0.499273182975897,"FISHED",0.106118732434697,0.25,1,"LOW HIGH LOW",NA
64,2,164.284338086726,68,5,5.50000875051826,"FISHED",0.392250355845317,0.25,1,"LOW HIGH LOW",NA
64,3,106.519356163582,64,1,1.50163653540429,"M",0.10035056557972,0.25,1,"LOW HIGH LOW",NA
64,4,118.978672928698,65,2,2.4999645921634,"M",0.108587958756834,0.25,1,"LOW HIGH LOW",NA
64,5,63.6596499050176,63,0,0.498255050671619,"M",0.106118732434697,0.25,1,"LOW HIGH LOW",NA
64,6,158.130687546884,67,4,4.50087775274547,"FISHED",0.318585394578986,0.25,1,"LOW HIGH LOW",NA
64,7,125.331051642205,65,2,2.49917775713812,"M",0.108587958756834,0.25,1,"LOW HIGH LOW",NA
64,8,100.4523001685,64,1,1.49891467630998,"FISHED",0.10035056557972,0.25,1,"LOW HIGH LOW",NA
64,9,64.3901493002314,63,0,0.49756509583373,"FISHED",0.106118732434697,0.25,1,"LOW HIGH LOW",NA
65,1,122.843122813518,66,2,2.50078417167475,"M",0.146505066030659,0.25,1,"LOW HIGH LOW",NA
65,2,161.712680281966,68,4,4.50036105765891,"M",0.392250355845317,0.25,1,"LOW HIGH LOW",NA
65,3,61.9180110362222,64,0,0.499830361235305,"M",0.10035056557972,0.25,1,"LOW HIGH LOW",NA
65,4,200.460309973616,72,8,8.4985055554254,"FISHED",0.329334718012251,0.25,1,"LOW HIGH LOW",NA
65,5,124.903880734455,66,2,2.50045510688388,"FISHED",0.146505066030659,0.25,1,"LOW HIGH LOW",NA
65,6,96.5891046082757,65,1,1.49979761844775,"M",0.108587958756834,0.25,1,"LOW HIGH LOW",NA
65,7,96.9109385198119,65,1,1.49953378184231,"FISHED",0.108587958756834,0.25,1,"LOW HIGH LOW",NA
65,8,98.1550976056302,65,1,1.50078646947091,"FISHED",0.108587958756834,0.25,1,"LOW HIGH LOW",NA
65,9,63.0238874980738,64,0,0.499698855510972,"M",0.10035056557972,0.25,1,"LOW HIGH LOW",NA
66,1,163.4706919412,68,3,3.49877853418874,"M",0.392250355845317,0.25,1,"LOW HIGH LOW",NA
66,2,177.425539740595,71,6,6.49774749640642,"M",0.350826502614655,0.25,1,"LOW HIGH LOW",NA
66,3,127.028342716233,67,2,2.49888394323545,"FISHED",0.318585394578986,0.25,1,"LOW HIGH LOW",NA
66,4,62.5628258000341,65,0,0.501100184359928,"FISHED",0.108587958756834,0.25,1,"LOW HIGH LOW",NA
66,5,96.0546985513262,66,1,1.50160756750143,"FISHED",0.146505066030659,0.25,1,"LOW HIGH LOW",NA
66,6,63.024592849047,65,0,0.500584208402539,"M",0.108587958756834,0.25,1,"LOW HIGH LOW",NA
66,7,129.864372852891,67,2,2.49951514233056,"M",0.318585394578986,0.25,1,"LOW HIGH LOW",NA
66,8,177.010152351734,71,6,6.50027100328489,"FISHED",0.350826502614655,0.25,1,"LOW HIGH LOW",NA
67,1,169.255659730202,70,4,4.50067699948353,"FISHED",0.348671231325716,0.25,1,"LOW HIGH LOW",NA
67,2,123.85032291649,68,2,2.50004525978485,"M",0.392250355845317,0.25,1,"LOW HIGH LOW",NA
67,3,100.761660679094,67,1,1.49966075595673,"M",0.318585394578986,0.25,1,"LOW HIGH LOW",NA
67,4,63.7969575343806,66,0,0.498691336121581,"FISHED",0.146505066030659,0.25,1,"LOW HIGH LOW",NA
67,5,62.4796680325752,66,0,0.499342181985668,"M",0.146505066030659,0.25,1,"LOW HIGH LOW",NA
67,6,165.688770315032,70,4,4.50061286205091,"FISHED",0.348671231325716,0.25,1,"LOW HIGH LOW",NA
67,7,64.0677628009424,66,0,0.49852348591725,"M",0.146505066030659,0.25,1,"LOW HIGH LOW",NA
67,8,99.0179479115703,67,1,1.50099111673766,"FISHED",0.318585394578986,0.25,1,"LOW HIGH LOW",NA
68,1,149.839636319821,71,4,4.501586247469,"M",0.350826502614655,0.25,1,"LOW HIGH LOW",NA
68,2,96.3373020278818,68,1,1.50022852751451,"M",0.392250355845317,0.25,1,"LOW HIGH LOW",NA
68,3,93.5854077389869,68,1,1.5012869779192,"FISHED",0.392250355845317,0.25,1,"LOW HIGH LOW",NA
68,4,103.499913669437,68,1,1.49983021686516,"FISHED",0.392250355845317,0.25,1,"LOW HIGH LOW",NA
68,5,101.432651919436,68,1,1.50098055125398,"M",0.392250355845317,0.25,1,"LOW HIGH LOW",NA
68,6,63.707614850872,67,0,0.501140056092265,"FISHED",0.318585394578986,0.25,1,"LOW HIGH LOW",NA
68,7,95.4086867172831,68,1,1.49824097717643,"FISHED",0.392250355845317,0.25,1,"LOW HIGH LOW",NA
68,8,102.363145104711,68,1,1.50012606422474,"FISHED",0.392250355845317,0.25,1,"LOW HIGH LOW",NA
69,1,135.577310729336,70,2,2.50059538073896,"M",0.348671231325716,0.25,1,"LOW HIGH LOW",NA
69,2,97.1164238128035,69,1,1.49771654931876,"M",0.338936523464508,0.25,1,"LOW HIGH LOW",NA
69,3,101.042402396423,69,1,1.50009587321736,"M",0.338936523464508,0.25,1,"LOW HIGH LOW",NA
69,4,97.4136887634257,69,1,1.50028876271186,"M",0.338936523464508,0.25,1,"LOW HIGH LOW",NA
69,5,62.7080809587298,68,0,0.499094476773206,"M",0.392250355845317,0.25,1,"LOW HIGH LOW",NA
69,6,63.8414800585689,68,0,0.499835519229826,"M",0.392250355845317,0.25,1,"LOW HIGH LOW",NA
69,7,62.1019492768312,68,0,0.499958207534902,"FISHED",0.392250355845317,0.25,1,"LOW HIGH LOW",NA
69,8,63.867010512625,68,0,0.497894586665463,"FISHED",0.392250355845317,0.25,1,"LOW HIGH LOW",NA
69,9,97.2700687611991,69,1,1.50066993093286,"M",0.338936523464508,0.25,1,"LOW HIGH LOW",NA
69,10,100.036519171401,69,1,1.49978195863003,"M",0.338936523464508,0.25,1,"LOW HIGH LOW",NA
70,1,62.3591392014342,69,0,0.500430898968039,"FISHED",0.338936523464508,0.25,1,"LOW HIGH LOW",NA
70,2,125.629166543715,71,2,2.49915758270783,"M",0.350826502614655,0.25,1,"LOW HIGH LOW",NA
70,3,199.07107825878,75,6,6.50146532968829,"FISHED",0.315283413114958,0.25,1,"LOW HIGH LOW",NA
70,4,64.1911508083567,69,0,0.500410330500544,"FISHED",0.338936523464508,0.25,1,"LOW HIGH LOW",NA
70,5,96.9835005628271,70,1,1.50008990321381,"FISHED",0.348671231325716,0.25,1,"LOW HIGH LOW",NA
70,6,104.555964243649,70,1,1.49962718289011,"FISHED",0.348671231325716,0.25,1,"LOW HIGH LOW",NA
70,7,125.416296619824,71,2,2.50011774341542,"M",0.350826502614655,0.25,1,"LOW HIGH LOW",NA
70,8,133.92971309494,72,3,3.49980809171389,"FISHED",0.329334718012251,0.25,1,"LOW HIGH LOW",NA
70,9,64.0218027917034,69,0,0.500366521484884,"FISHED",0.338936523464508,0.25,1,"LOW HIGH LOW",NA
71,1,62.3381232682987,70,0,0.500081545979143,"FISHED",0.348671231325716,0.25,1,"LOW HIGH LOW",NA
71,2,64.1989599108435,70,0,0.50012029746452,"M",0.348671231325716,0.25,1,"LOW HIGH LOW",NA
71,3,61.8661248791373,70,0,0.501530371268987,"M",0.348671231325716,0.25,1,"LOW HIGH LOW",NA
71,4,63.258062489486,70,0,0.499038171062219,"FISHED",0.348671231325716,0.25,1,"LOW HIGH LOW",NA
71,5,145.042542670268,73,3,3.50010922109138,"M",0.378172879456542,0.25,1,"LOW HIGH LOW",NA
71,6,64.5977891864786,70,0,0.500244410211999,"M",0.348671231325716,0.25,1,"LOW HIGH LOW",NA
71,7,95.9733004699285,71,1,1.50098353015304,"M",0.350826502614655,0.25,1,"LOW HIGH LOW",NA
71,8,62.1417488078513,70,0,0.49999867103728,"FISHED",0.348671231325716,0.25,1,"LOW HIGH LOW",NA
71,9,147.710167442849,73,3,3.50087077167145,"FISHED",0.378172879456542,0.25,1,"LOW HIGH LOW",NA
72,1,63.7659143510284,71,0,0.501944282732981,"M",0.350826502614655,0.25,1,"LOW HIGH LOW",NA
72,2,61.6340490563142,71,0,0.498340527259773,"FISHED",0.350826502614655,0.25,1,"LOW HIGH LOW",NA
72,3,142.868408888968,74,3,3.50008254034451,"M",0.388107317476533,0.25,1,"LOW HIGH LOW",NA
72,4,95.9176043863257,72,1,1.50136853473424,"M",0.329334718012251,0.25,1,"LOW HIGH LOW",NA
72,5,64.860855407221,71,0,0.498566026866733,"M",0.350826502614655,0.25,1,"LOW HIGH LOW",NA
72,6,59.3159174173226,71,0,0.500641184451641,"M",0.350826502614655,0.25,1,"LOW HIGH LOW",NA
72,7,60.5542966826054,71,0,0.500459140026618,"FISHED",0.350826502614655,0.25,1,"LOW HIGH LOW",NA
72,8,150.4354811932,74,3,3.49811009778908,"FISHED",0.388107317476533,0.25,1,"LOW HIGH LOW",NA
72,9,60.3277475091243,71,0,0.500222065435718,"M",0.350826502614655,0.25,1,"LOW HIGH LOW",NA
73,1,64.3257693976057,72,0,0.499959447489056,"M",0.329334718012251,0.25,1,"LOW HIGH LOW",NA
73,2,62.4481595866262,72,0,0.499304686299967,"M",0.329334718012251,0.25,1,"LOW HIGH LOW",NA
73,3,93.8311773524174,73,1,1.50143701045659,"M",0.378172879456542,0.25,1,"LOW HIGH LOW",NA
73,4,62.1764264640637,72,0,0.502576581534414,"M",0.329334718012251,0.25,1,"LOW HIGH LOW",NA
73,5,63.0141981118318,72,0,0.500372036121046,"M",0.329334718012251,0.25,1,"LOW HIGH LOW",NA
73,6,92.5670913802272,73,1,1.50001106879294,"M",0.378172879456542,0.25,1,"LOW HIGH LOW",NA
73,7,61.5083556661146,72,0,0.500528847867746,"FISHED",0.329334718012251,0.25,1,"LOW HIGH LOW",NA
73,8,61.9103281305358,72,0,0.500556131589793,"FISHED",0.329334718012251,0.25,1,"LOW HIGH LOW",NA
73,9,60.3604764520376,72,0,0.499150546824483,"FISHED",0.329334718012251,0.25,1,"LOW HIGH LOW",NA
73,10,192.239238273823,77,5,5.4998248805288,"FISHED",0.329729623673484,0.25,1,"LOW HIGH LOW",NA
73,11,134.748542543062,74,2,2.50110478924018,"M",0.388107317476533,0.25,1,"LOW HIGH LOW",NA
74,1,102.331259274452,74,1,1.49896313842378,"FISHED",0.388107317476533,0.25,1,"LOW HIGH LOW",NA
74,2,63.7254028470386,73,0,0.499501837984823,"M",0.378172879456542,0.25,1,"LOW HIGH LOW",NA
74,3,64.6923967822209,73,0,0.499108386961622,"M",0.378172879456542,0.25,1,"LOW HIGH LOW",NA
74,4,181.052924250769,78,5,5.49933481483457,"FISHED",0.384941392205656,0.25,1,"LOW HIGH LOW",NA
74,5,62.141439733266,73,0,0.500963307922274,"FISHED",0.378172879456542,0.25,1,"LOW HIGH LOW",NA
74,6,95.84343747655,74,1,1.49996286665996,"FISHED",0.388107317476533,0.25,1,"LOW HIGH LOW",NA
74,7,162.322700945474,77,4,4.50063921242312,"FISHED",0.329729623673484,0.25,1,"LOW HIGH LOW",NA
74,8,167.02446536516,80,7,7.49977198865996,"M",0.372798683820292,0.25,1,"LOW HIGH LOW",NA
75,1,100.301436270109,75,1,1.49903819009552,"M",0.315283413114958,0.25,1,"LOW HIGH LOW",NA
75,2,95.3165131527971,75,1,1.50045964855841,"FISHED",0.315283413114958,0.25,1,"LOW HIGH LOW",NA
75,3,61.6731595517111,74,0,0.500786822818182,"FISHED",0.388107317476533,0.25,1,"LOW HIGH LOW",NA
75,4,150.451714144786,77,3,3.49875820138257,"FISHED",0.329729623673484,0.25,1,"LOW HIGH LOW",NA
75,5,61.4467208584065,74,0,0.501397500469708,"FISHED",0.388107317476533,0.25,1,"LOW HIGH LOW",NA
75,6,63.7428469919117,74,0,0.500100301373498,"FISHED",0.388107317476533,0.25,1,"LOW HIGH LOW",NA
75,7,138.983942886787,77,3,3.49900925219079,"M",0.329729623673484,0.25,1,"LOW HIGH LOW",NA
75,8,98.3081848842061,75,1,1.499873390054,"M",0.315283413114958,0.25,1,"LOW HIGH LOW",NA
76,1,64.4112356889001,75,0,0.499562278183866,"FISHED",0.315283413114958,0.25,1,"LOW HIGH LOW",NA
76,2,63.0240503462526,75,0,0.499088594665904,"M",0.315283413114958,0.25,1,"LOW HIGH LOW",NA
76,3,62.8549483515511,75,0,0.501953798703164,"FISHED",0.315283413114958,0.25,1,"LOW HIGH LOW",NA
76,4,99.4660638657457,76,1,1.50031910871745,"FISHED",0.3183708216995,0.25,1,"LOW HIGH LOW",NA
76,5,62.3854822760191,75,0,0.499676473836596,"FISHED",0.315283413114958,0.25,1,"LOW HIGH LOW",NA
76,6,61.6669580178999,75,0,0.499910412712496,"FISHED",0.315283413114958,0.25,1,"LOW HIGH LOW",NA
76,7,125.754928375128,77,2,2.50086833492049,"M",0.329729623673484,0.25,1,"LOW HIGH LOW",NA
76,8,61.9408855284321,75,0,0.499344234117016,"FISHED",0.315283413114958,0.25,1,"LOW HIGH LOW",NA
76,9,128.727668655835,77,2,2.49902424352343,"FISHED",0.329729623673484,0.25,1,"LOW HIGH LOW",NA
77,1,62.7398371356481,76,0,0.498531300629254,"FISHED",0.3183708216995,0.25,1,"LOW HIGH LOW",NA
77,2,64.8730707463114,76,0,0.500101774765787,"FISHED",0.3183708216995,0.25,1,"LOW HIGH LOW",NA
77,3,93.6223256159573,77,1,1.50030809345318,"FISHED",0.329729623673484,0.25,1,"LOW HIGH LOW",NA
77,4,62.9194076366994,76,0,0.498726125733275,"FISHED",0.3183708216995,0.25,1,"LOW HIGH LOW",NA
77,5,61.9460366518349,76,0,0.501533963325918,"FISHED",0.3183708216995,0.25,1,"LOW HIGH LOW",NA
77,6,128.828585917512,78,2,2.49984990501133,"M",0.384941392205656,0.25,1,"LOW HIGH LOW",NA
77,7,63.4609633286796,76,0,0.499925482057055,"M",0.3183708216995,0.25,1,"LOW HIGH LOW",NA
78,1,120.78879331867,79,2,2.49993974637964,"FISHED",0.339385089022107,0.25,1,"LOW HIGH LOW",NA
78,2,63.0699691904645,77,0,0.499621124120428,"M",0.329729623673484,0.25,1,"LOW HIGH LOW",NA
78,3,132.190273253516,79,2,2.50005429501759,"FISHED",0.339385089022107,0.25,1,"LOW HIGH LOW",NA
78,4,60.3784075287881,77,0,0.501532141264629,"FISHED",0.329729623673484,0.25,1,"LOW HIGH LOW",NA
78,5,62.8083909185346,77,0,0.50101160185991,"FISHED",0.329729623673484,0.25,1,"LOW HIGH LOW",NA
78,6,63.3156325946809,77,0,0.498747236373564,"FISHED",0.329729623673484,0.25,1,"LOW HIGH LOW",NA
78,7,120.798514263559,79,2,2.50098183868391,"M",0.339385089022107,0.25,1,"LOW HIGH LOW",NA
79,1,65.1444532945529,78,0,0.501249736051236,"M",0.384941392205656,0.25,1,"LOW HIGH LOW",NA
79,2,95.4331086992949,79,1,1.49906372461042,"FISHED",0.339385089022107,0.25,1,"LOW HIGH LOW",NA
79,3,61.8016320286161,78,0,0.500723694415909,"FISHED",0.384941392205656,0.25,1,"LOW HIGH LOW",NA
79,4,62.7900658948353,78,0,0.497810809222157,"M",0.384941392205656,0.25,1,"LOW HIGH LOW",NA
79,5,96.0028021944884,79,1,1.50008770937363,"FISHED",0.339385089022107,0.25,1,"LOW HIGH LOW",NA
79,6,105.796349308703,79,1,1.50147679174101,"M",0.339385089022107,0.25,1,"LOW HIGH LOW",NA
79,7,178.251595075007,83,5,5.49869303992724,"FISHED",0.303933690814301,0.25,1,"LOW HIGH LOW",NA
79,8,165.764539881512,82,4,4.49976142365745,"FISHED",0.31747850603424,0.25,1,"LOW HIGH LOW",NA
79,9,62.5641939950527,78,0,0.499570722881184,"FISHED",0.384941392205656,0.25,1,"LOW HIGH LOW",NA
79,10,100.215063972561,79,1,1.49746463709215,"M",0.339385089022107,0.25,1,"LOW HIGH LOW",NA
80,1,97.4211910393892,80,1,1.49989989677719,"M",0.372798683820292,0.25,1,"LOW HIGH LOW",NA
80,2,97.1616431613922,80,1,1.49916660330611,"M",0.372798683820292,0.25,1,"LOW HIGH LOW",NA
80,3,65.7126371904942,79,0,0.499426679347931,"M",0.339385089022107,0.25,1,"LOW HIGH LOW",NA
80,4,99.7011574388782,80,1,1.4997830843753,"M",0.372798683820292,0.25,1,"LOW HIGH LOW",NA
80,5,63.1459863711684,79,0,0.499440693333533,"M",0.339385089022107,0.25,1,"LOW HIGH LOW",NA
80,6,61.2734943059693,79,0,0.500982314010851,"M",0.339385089022107,0.25,1,"LOW HIGH LOW",NA
80,7,61.4707646755939,79,0,0.498676516902589,"FISHED",0.339385089022107,0.25,1,"LOW HIGH LOW",NA
81,1,63.6897178517258,80,0,0.500351788366923,"FISHED",0.372798683820292,0.25,1,"LOW HIGH LOW",NA
81,2,61.9400108723446,80,0,0.499184003642303,"M",0.372798683820292,0.25,1,"LOW HIGH LOW",NA
81,3,97.2673968976087,81,1,1.49896598047688,"M",0.345880545955151,0.25,1,"LOW HIGH LOW",NA
81,4,63.9184556225913,80,0,0.501060834515096,"FISHED",0.372798683820292,0.25,1,"LOW HIGH LOW",NA
82,1,118.379430659245,83,2,2.49992461925158,"FISHED",0.303933690814301,0.25,1,"LOW HIGH LOW",NA
82,2,115.848005094574,83,2,2.50029906495665,"M",0.303933690814301,0.25,1,"LOW HIGH LOW",NA
82,3,62.5982781205187,81,0,0.499534653385743,"FISHED",0.345880545955151,0.25,1,"LOW HIGH LOW",NA
82,4,178.724633254336,87,6,6.4995478043043,"FISHED",0.139396200189367,0.25,1,"LOW HIGH LOW",NA
82,5,95.7364873669422,82,1,1.50265560111026,"FISHED",0.31747850603424,0.25,1,"LOW HIGH LOW",NA
83,1,93.5139599214356,83,1,1.50114870645422,"M",0.303933690814301,0.25,1,"LOW HIGH LOW",NA
83,2,129.902540113387,84,2,2.49823135470998,"FISHED",0.136707379762083,0.25,1,"LOW HIGH LOW",NA
83,3,183.194426000925,87,5,5.49958356694349,"M",0.139396200189367,0.25,1,"LOW HIGH LOW",NA
83,4,155.587033460086,86,4,4.49953645615559,"FISHED",0.192005491396412,0.25,1,"LOW HIGH LOW",NA
84,1,95.4101306385168,84,1,1.49986941221597,"FISHED",0.136707379762083,0.25,1,"LOW HIGH LOW",NA
84,2,164.764625304159,86,3,3.49824857093099,"M",0.192005491396412,0.25,1,"LOW HIGH LOW",NA
84,3,224.308020935687,91,8,8.50014632961271,"M",0.188529091421515,0.25,1,"LOW HIGH LOW",NA
84,4,169.329109424708,89,6,6.50107022544833,"FISHED",0.11371125401929,0.25,1,"LOW HIGH LOW",NA
84,5,60.7268914347434,83,0,0.500717791832968,"M",0.303933690814301,0.25,1,"LOW HIGH LOW",NA
84,6,96.7792616584536,84,1,1.4998245457718,"M",0.136707379762083,0.25,1,"LOW HIGH LOW",NA
85,1,95.7058089386838,85,1,1.50020867659339,"M",0.107706195139326,0.25,1,"LOW HIGH LOW",NA
85,2,67.259682116529,84,0,0.498686254396729,"M",0.136707379762083,0.25,1,"LOW HIGH LOW",NA
85,3,100.116187097387,85,1,1.49918648398737,"M",0.107706195139326,0.25,1,"LOW HIGH LOW",NA
85,4,63.7345496813649,84,0,0.498940608279534,"M",0.136707379762083,0.25,1,"LOW HIGH LOW",NA
85,5,122.24266834732,86,2,2.49817167076123,"M",0.192005491396412,0.25,1,"LOW HIGH LOW",NA
86,1,134.622768546776,88,3,3.49887365238856,"M",0.172147986013442,0.25,1,"LOW HIGH LOW",NA
86,2,96.2607701502797,86,1,1.49922192364782,"FISHED",0.192005491396412,0.25,1,"LOW HIGH LOW",NA
86,3,147.878316255452,88,3,3.50023096792779,"M",0.172147986013442,0.25,1,"LOW HIGH LOW",NA
87,1,64.1394792256849,86,0,0.499438488512009,"FISHED",0.192005491396412,0.25,1,"LOW HIGH LOW",NA
87,2,164.140360732553,90,4,4.50129865974509,"M",0.109923094022088,0.25,1,"LOW HIGH LOW",NA
87,3,98.1838815460045,87,1,1.49962513043188,"M",0.139396200189367,0.25,1,"LOW HIGH LOW",NA
87,4,95.0810186372906,87,1,1.500191596004,"FISHED",0.139396200189367,0.25,1,"LOW HIGH LOW",NA
87,5,186.389157460805,93,7,7.499962018922,"FISHED",0.111540272203274,0.25,1,"LOW HIGH LOW",NA
88,1,240.615766692687,95,8,8.49996693227961,"M",0.134323516325094,0.25,1,"LOW HIGH LOW",NA
88,2,122.083951064995,89,2,2.50087536920879,"M",0.11371125401929,0.25,1,"LOW HIGH LOW",NA
88,3,103.09897733099,88,1,1.49858161923544,"M",0.172147986013442,0.25,1,"LOW HIGH LOW",NA
88,4,180.728814090096,92,5,5.49844557097398,"M",0.107745515997522,0.25,1,"LOW HIGH LOW",NA
88,5,63.6518615177637,87,0,0.499101227102264,"FISHED",0.139396200189367,0.25,1,"LOW HIGH LOW",NA
88,6,60.6966787386087,87,0,0.499668939624915,"FISHED",0.139396200189367,0.25,1,"LOW HIGH LOW",NA
88,7,161.057844174546,91,4,4.50078548381012,"M",0.188529091421515,0.25,1,"LOW HIGH LOW",NA
88,8,60.5748429569767,87,0,0.500219661227125,"M",0.139396200189367,0.25,1,"LOW HIGH LOW",NA
88,9,135.431574287944,89,2,2.4994376058091,"M",0.11371125401929,0.25,1,"LOW HIGH LOW",NA
89,1,59.9171251753394,88,0,0.499796457713706,"M",0.172147986013442,0.25,1,"LOW HIGH LOW",NA
89,2,158.385897495202,91,3,3.49894985277486,"M",0.188529091421515,0.25,1,"LOW HIGH LOW",NA
89,3,61.2667283838708,88,0,0.499884795239011,"M",0.172147986013442,0.25,1,"LOW HIGH LOW",NA
89,4,148.133300978847,91,3,3.50040583108881,"FISHED",0.188529091421515,0.25,1,"LOW HIGH LOW",NA
89,5,123.096896202318,90,2,2.49950403298164,"M",0.109923094022088,0.25,1,"LOW HIGH LOW",NA
89,6,99.2466535698133,89,1,1.49918777989416,"M",0.11371125401929,0.25,1,"LOW HIGH LOW",NA
89,7,165.314946459715,94,6,6.49912852124587,"FISHED",0.122564795496874,0.25,1,"LOW HIGH LOW",NA
89,8,96.8188772762819,89,1,1.50042385141546,"M",0.11371125401929,0.25,1,"LOW HIGH LOW",NA
89,9,60.345031566193,88,0,0.498964029866733,"FISHED",0.172147986013442,0.25,1,"LOW HIGH LOW",NA
90,1,156.837341138805,94,5,5.50035042106295,"FISHED",0.122564795496874,0.25,1,"LOW HIGH LOW",NA
90,2,63.203169432104,89,0,0.500438507253434,"M",0.11371125401929,0.25,1,"LOW HIGH LOW",NA
90,3,196.27126771305,95,6,6.50010241500169,"M",0.134323516325094,0.25,1,"LOW HIGH LOW",NA
90,4,61.1003380705749,89,0,0.501100151529342,"M",0.11371125401929,0.25,1,"LOW HIGH LOW",NA
90,5,205.271420956956,94,5,5.50045888022881,"M",0.122564795496874,0.25,1,"LOW HIGH LOW",NA
90,6,96.9775608104976,90,1,1.49962139002483,"M",0.109923094022088,0.25,1,"LOW HIGH LOW",NA
90,7,65.0973346755531,89,0,0.498181661525679,"M",0.11371125401929,0.25,1,"LOW HIGH LOW",NA
90,8,163.154634440097,92,3,3.49930828000154,"M",0.107745515997522,0.25,1,"LOW HIGH LOW",NA
91,1,64.3780963236153,90,0,0.50028890806723,"FISHED",0.109923094022088,0.25,1,"LOW HIGH LOW",NA
91,2,64.4409711038847,90,0,0.498766059096818,"FISHED",0.109923094022088,0.25,1,"LOW HIGH LOW",NA
91,3,139.813558968531,93,3,3.4993920260839,"M",0.111540272203274,0.25,1,"LOW HIGH LOW",NA
91,4,121.610530397924,92,2,2.49958803121856,"M",0.107745515997522,0.25,1,"LOW HIGH LOW",NA
91,5,99.5078670497386,91,1,1.50199652685425,"FISHED",0.188529091421515,0.25,1,"LOW HIGH LOW",NA
91,6,119.807222466947,92,2,2.50019665110266,"M",0.107745515997522,0.25,1,"LOW HIGH LOW",NA
91,7,62.7480454023985,90,0,0.499847300792112,"M",0.109923094022088,0.25,1,"LOW HIGH LOW",NA
91,8,176.184571925277,98,8,8.50059496439466,"M",0.125370938912965,0.25,1,"LOW HIGH LOW",NA
91,9,96.0696667004246,91,1,1.50280544945044,"FISHED",0.188529091421515,0.25,1,"LOW HIGH LOW",NA
92,1,183.573676356902,97,6,6.50022905054854,"FISHED",0.162396888085641,0.25,1,"LOW HIGH LOW",NA
92,2,149.296213333518,95,4,4.50149535667975,"M",0.134323516325094,0.25,1,"LOW HIGH LOW",NA
92,3,62.9569752015627,91,0,0.500713689086251,"M",0.188529091421515,0.25,1,"LOW HIGH LOW",NA
92,4,91.2076488595072,92,1,1.50057393766449,"M",0.107745515997522,0.25,1,"LOW HIGH LOW",NA
92,5,164.655464619717,95,4,4.49996676262815,"M",0.134323516325094,0.25,1,"LOW HIGH LOW",NA
92,6,60.4132117836757,91,0,0.499713598912058,"M",0.188529091421515,0.25,1,"LOW HIGH LOW",NA
92,7,62.9027263510362,91,0,0.499329258833074,"FISHED",0.188529091421515,0.25,1,"LOW HIGH LOW",NA
92,8,63.9060619541438,91,0,0.499764168368153,"FISHED",0.188529091421515,0.25,1,"LOW HIGH LOW",NA
93,1,117.238596566606,94,2,2.50008171771069,"M",0.122564795496874,0.25,1,"LOW HIGH LOW",NA
93,2,66.313457936423,92,0,0.499082441215494,"M",0.107745515997522,0.25,1,"LOW HIGH LOW",NA
93,3,197.696458274772,99,7,7.50220013721497,"M",0.12997870023828,0.25,1,"LOW HIGH LOW",NA
93,4,124.614360223207,94,2,2.50101995663467,"M",0.122564795496874,0.25,1,"LOW HIGH LOW",NA
93,5,98.5391017177806,93,1,1.49987813962636,"FISHED",0.111540272203274,0.25,1,"LOW HIGH LOW",NA
93,6,104.999513792743,93,1,1.50006106052633,"M",0.111540272203274,0.25,1,"LOW HIGH LOW",NA
93,7,61.796744080812,92,0,0.499120225967669,"M",0.107745515997522,0.25,1,"LOW HIGH LOW",NA
93,8,59.6660242324597,92,0,0.501132903154875,"M",0.107745515997522,0.25,1,"LOW HIGH LOW",NA
93,9,94.3344373535024,93,1,1.49882521006947,"M",0.111540272203274,0.25,1,"LOW HIGH LOW",NA
94,1,97.6981214306748,94,1,1.49912754002356,"FISHED",0.122564795496874,0.25,1,"LOW HIGH LOW",NA
94,2,158.074366115506,97,4,4.50168810270086,"M",0.162396888085641,0.25,1,"LOW HIGH LOW",NA
94,3,100.27522115041,94,1,1.50057887386457,"M",0.122564795496874,0.25,1,"LOW HIGH LOW",NA
94,4,183.884744420812,99,6,6.49961419852098,"M",0.12997870023828,0.25,1,"LOW HIGH LOW",NA
94,5,63.8765799790652,93,0,0.498915660324743,"M",0.111540272203274,0.25,1,"LOW HIGH LOW",NA
94,6,63.1320469082153,93,0,0.499737162577562,"FISHED",0.111540272203274,0.25,1,"LOW HIGH LOW",NA
94,7,142.522907691249,97,4,4.49998715122965,"FISHED",0.162396888085641,0.25,1,"LOW HIGH LOW",NA
94,8,94.2575373379573,94,1,1.49972807608908,"FISHED",0.122564795496874,0.25,1,"LOW HIGH LOW",NA
94,9,97.5278251472931,94,1,1.4997946223843,"M",0.122564795496874,0.25,1,"LOW HIGH LOW",NA
95,1,120.745643633406,96,2,2.50193461371046,"FISHED",0.136576899443753,0.25,1,"LOW HIGH LOW",NA
95,2,193.732252205117,98,4,4.50126434909449,"M",0.125370938912965,0.25,1,"LOW HIGH LOW",NA
95,3,63.8313318018506,94,0,0.500409684240508,"M",0.122564795496874,0.25,1,"LOW HIGH LOW",NA
95,4,139.823576651477,96,2,2.50036723275361,"FISHED",0.136576899443753,0.25,1,"LOW HIGH LOW",NA
95,5,61.48756187284,94,0,0.499904381505912,"M",0.122564795496874,0.25,1,"LOW HIGH LOW",NA
95,6,64.7349286371844,94,0,0.499764757303988,"FISHED",0.122564795496874,0.25,1,"LOW HIGH LOW",NA
95,7,59.8049426339738,94,0,0.500495931131962,"M",0.122564795496874,0.25,1,"LOW HIGH LOW",NA
95,8,96.6593493585493,95,1,1.50029097789589,"M",0.134323516325094,0.25,1,"LOW HIGH LOW",NA
95,9,61.3429825284166,94,0,0.499397702030488,"M",0.122564795496874,0.25,1,"LOW HIGH LOW",NA
96,1,175.002737751752,100,5,5.49968203314952,"M",0.157899055047892,0.25,1,"LOW HIGH LOW",NA
96,2,62.4039755509269,95,0,0.500900449582479,"M",0.134323516325094,0.25,1,"LOW HIGH LOW",NA
96,3,63.1057786268551,95,0,0.500292477409038,"M",0.134323516325094,0.25,1,"LOW HIGH LOW",NA
96,4,61.0867784033456,95,0,0.500640070063535,"M",0.134323516325094,0.25,1,"LOW HIGH LOW",NA
96,5,67.3629635803213,95,0,0.501130692862937,"M",0.134323516325094,0.25,1,"LOW HIGH LOW",NA
96,6,101.974429593542,96,1,1.50147599285033,"FISHED",0.136576899443753,0.25,1,"LOW HIGH LOW",NA
96,7,192.972872904795,100,5,5.50037096303944,"M",0.157899055047892,0.25,1,"LOW HIGH LOW",NA
96,8,96.5181655400666,96,1,1.50097044053739,"FISHED",0.136576899443753,0.25,1,"LOW HIGH LOW",NA
96,9,63.3336438084723,95,0,0.500669824602244,"FISHED",0.134323516325094,0.25,1,"LOW HIGH LOW",NA
97,1,61.5450794093,96,0,0.499999631206259,"M",0.136576899443753,0.25,1,"LOW HIGH LOW",NA
97,2,102.568168678011,97,1,1.50094370992578,"M",0.162396888085641,0.25,1,"LOW HIGH LOW",NA
97,3,116.891809715599,98,2,2.50189410342706,"M",0.125370938912965,0.25,1,"LOW HIGH LOW",NA
97,4,63.1219614845871,96,0,0.499998904711779,"M",0.136576899443753,0.25,1,"LOW HIGH LOW",NA
97,5,98.9044631850494,97,1,1.4999280786627,"M",0.162396888085641,0.25,1,"LOW HIGH LOW",NA
97,6,92.6955329319742,97,1,1.49963145203399,"FISHED",0.162396888085641,0.25,1,"LOW HIGH LOW",NA
97,7,64.4990613672642,96,0,0.500180817220708,"M",0.136576899443753,0.25,1,"LOW HIGH LOW",NA
97,8,95.8373101538275,97,1,1.50173510879136,"M",0.162396888085641,0.25,1,"LOW HIGH LOW",NA
97,9,144.433752236639,99,3,3.49967286882378,"FISHED",0.12997870023828,0.25,1,"LOW HIGH LOW",NA
97,10,97.2451673785545,97,1,1.49898984204709,"M",0.162396888085641,0.25,1,"LOW HIGH LOW",NA
97,11,60.5093449871128,96,0,0.499952601751374,"FISHED",0.136576899443753,0.25,1,"LOW HIGH LOW",NA
98,1,60.8622058059263,97,0,0.500683551448224,"FISHED",0.162396888085641,0.25,1,"LOW HIGH LOW",NA
98,2,62.7083894882967,97,0,0.501071224667497,"M",0.162396888085641,0.25,1,"LOW HIGH LOW",NA
98,3,123.612273319223,99,2,2.49938838207772,"M",0.12997870023828,0.25,1,"LOW HIGH LOW",NA
98,4,64.8582327681864,97,0,0.500790540609554,"M",0.162396888085641,0.25,1,"LOW HIGH LOW",NA
98,5,63.9860315005484,97,0,0.498320444278051,"M",0.162396888085641,0.25,1,"LOW HIGH LOW",NA
98,6,64.3592647774238,97,0,0.500269339388596,"FISHED",0.162396888085641,0.25,1,"LOW HIGH LOW",NA
98,7,61.3818733818897,97,0,0.500522545618964,"M",0.162396888085641,0.25,1,"LOW HIGH LOW",NA
98,8,145.798005059039,100,3,3.50046466787186,"M",0.157899055047892,0.25,1,"LOW HIGH LOW",NA
99,1,62.3687617410833,98,0,0.500605930433163,"M",0.125370938912965,0.25,1,"LOW HIGH LOW",NA
99,2,96.064324920667,99,1,1.49781581586168,"FISHED",0.12997870023828,0.25,1,"LOW HIGH LOW",NA
99,3,63.1357689826501,98,0,0.500933196345949,"M",0.125370938912965,0.25,1,"LOW HIGH LOW",NA
99,4,133.218836623207,100,2,2.50010862698927,"M",0.157899055047892,0.25,1,"LOW HIGH LOW",NA
99,5,63.4845094903161,98,0,0.500162833104832,"M",0.125370938912965,0.25,1,"LOW HIGH LOW",NA
99,6,62.2447228154945,98,0,0.50191252288471,"FISHED",0.125370938912965,0.25,1,"LOW HIGH LOW",NA
99,7,63.8583354361373,98,0,0.500374343947298,"FISHED",0.125370938912965,0.25,1,"LOW HIGH LOW",NA
100,1,63.103043630719,99,0,0.500596444007999,"M",0.12997870023828,0.25,1,"LOW HIGH LOW",NA
100,2,64.2905355724142,99,0,0.500475548026796,"M",0.12997870023828,0.25,1,"LOW HIGH LOW",NA
100,3,65.5109527575799,99,0,0.498948532011964,"M",0.12997870023828,0.25,1,"LOW HIGH LOW",NA
100,4,62.7067632939311,99,0,0.500712968683208,"M",0.12997870023828,0.25,1,"LOW HIGH LOW",NA
100,5,94.3111979480106,100,1,1.50072308304604,"M",0.157899055047892,0.25,1,"LOW HIGH LOW",NA
100,6,61.3815205515462,99,0,0.502209064743147,"M",0.12997870023828,0.25,1,"LOW HIGH LOW",NA
100,7,64.470397957989,99,0,0.500833376076144,"M",0.12997870023828,0.25,1,"LOW HIGH LOW",NA
100,8,65.8429942588821,99,0,0.499776125536424,"M",0.12997870023828,0.25,1,"LOW HIGH LOW",NA
